<TICKER>,<PER>,<DATE>,<TIME>,<OPEN>,<HIGH>,<LOW>,<CLOSE>,<VOL>,<OPENINT>
10YTHY.B,D,20230912,000000,2.94,2.98,2.94,2.98,0,0
10YTHY.B,D,20230913,000000,2.98,3.06,2.98,3.02,0,0
10YTHY.B,D,20230914,000000,3.02,3.02,2.97,2.98,0,0
10YTHY.B,D,20230918,000000,2.98,3.02,2.98,3.02,0,0
10YTHY.B,D,20230919,000000,3.02,3.16,3.02,3.14,0,0
10YTHY.B,D,20230920,000000,3.14,3.26,3.14,3.17,0,0
10YTHY.B,D,20230921,000000,3.17,3.21,3.16,3.16,0,0
10YTHY.B,D,20230922,000000,3.16,3.23,3.16,3.2,0,0
10YTHY.B,D,20230925,000000,3.2,3.26,3.2,3.26,0,0
10YTHY.B,D,20230926,000000,3.29,3.29,3.24,3.24,0,0
10YTHY.B,D,20230927,000000,3.22,3.28,3.2,3.24,0,0
10YTHY.B,D,20230928,000000,3.27,3.38,3.25,3.29,0,0
10YTHY.B,D,20230929,000000,3.29,3.29,3.17,3.17,0,0
10YTHY.B,D,20231003,000000,3.17,3.25,3.17,3.23,0,0
10YTHY.B,D,20231004,000000,3.31,3.37,3.31,3.37,0,0
10YTHY.B,D,20231005,000000,3.37,3.37,3.3,3.36,0,0
10YTHY.B,D,20231006,000000,3.36,3.36,3.35,3.36,0,0
10YTHY.B,D,20231009,000000,3.36,3.37,3.36,3.37,0,0
10YTHY.B,D,20231010,000000,3.33,3.35,3.33,3.35,0,0
10YTHY.B,D,20231011,000000,3.35,3.35,3.28,3.28,0,0
10YTHY.B,D,20231012,000000,3.28,3.31,3.25,3.27,0,0
10YTHY.B,D,20231016,000000,3.27,3.32,3.27,3.32,0,0
10YTHY.B,D,20231017,000000,3.32,3.35,3.32,3.33,0,0
10YTHY.B,D,20231018,000000,3.38,3.38,3.35,3.35,0,0
10YTHY.B,D,20231019,000000,3.35,3.4,3.35,3.38,0,0
10YTHY.B,D,20231024,000000,3.382,3.382,3.302,3.302,0,0
10YTHY.B,D,20231025,000000,3.296,3.327,3.296,3.327,0,0
10YTHY.B,D,20231026,000000,3.368,3.368,3.235,3.235,0,0
10YTHY.B,D,20231027,000000,3.235,3.304,3.235,3.304,0,0
10YTHY.B,D,20231030,000000,3.276,3.276,3.24,3.24,0,0
10YTHY.B,D,20231031,000000,3.24,3.24,3.215,3.236,0,0
10YTHY.B,D,20231101,000000,3.266,3.281,3.266,3.276,0,0
10YTHY.B,D,20231102,000000,3.225,3.236,3.215,3.23,0,0
10YTHY.B,D,20231103,000000,3.195,3.2,3.194,3.2,0,0
10YTHY.B,D,20231106,000000,3.179,3.184,3.164,3.164,0,0
10YTHY.B,D,20231107,000000,3.17,3.17,3.134,3.154,0,0
10YTHY.B,D,20231108,000000,3.119,3.133,3.099,3.114,0,0
10YTHY.B,D,20231109,000000,3.062,3.067,3.042,3.067,0,0
10YTHY.B,D,20231110,000000,3.083,3.139,3.073,3.139,0,0
10YTHY.B,D,20231114,000000,3.144,3.154,3.123,3.154,0,0
10YTHY.B,D,20231115,000000,3.048,3.048,2.986,3.032,0,0
10YTHY.B,D,20231116,000000,3.032,3.047,3.006,3.047,0,0
10YTHY.B,D,20231117,000000,2.997,3.022,2.981,2.981,0,0
10YTHY.B,D,20231120,000000,3.012,3.022,2.997,2.997,0,0
10YTHY.B,D,20231121,000000,2.997,2.997,2.992,2.992,0,0
10YTHY.B,D,20231122,000000,2.997,3.017,2.997,3.017,0,0
10YTHY.B,D,20231123,000000,3.017,3.027,3.006,3.027,0,0
10YTHY.B,D,20231124,000000,3.042,3.042,3.042,3.042,0,0
10YTHY.B,D,20231127,000000,3.128,3.133,3.123,3.123,0,0
10YTHY.B,D,20231128,000000,3.083,3.083,3.032,3.042,0,0
10YTHY.B,D,20231129,000000,2.991,2.991,2.966,2.966,0,0
10YTHY.B,D,20231130,000000,3.027,3.027,2.966,2.976,0,0
10YTHY.B,D,20231206,000000,2.951,2.951,2.854,2.854,0,0
10YTHY.B,D,20231207,000000,2.819,2.88,2.819,2.865,0,0
10YTHY.B,D,20231208,000000,2.865,2.865,2.854,2.854,0,0
10YTHY.B,D,20231212,000000,2.88,2.88,2.837,2.837,0,0
10YTHY.B,D,20231213,000000,2.819,2.832,2.814,2.832,0,0
10YTHY.B,D,20231214,000000,2.764,2.774,2.739,2.753,0,0
10YTHY.B,D,20231215,000000,2.77,2.77,2.77,2.77,0,0
10YTHY.B,D,20231219,000000,2.794,2.794,2.794,2.794,0,0
10YTHY.B,D,20231222,000000,2.748,2.748,2.729,2.729,0,0
10YTHY.B,D,20231225,000000,2.739,2.739,2.713,2.713,0,0
10YTHY.B,D,20231226,000000,2.692,2.718,2.692,2.718,0,0
10YTHY.B,D,20231227,000000,2.703,2.718,2.698,2.718,0,0
10YTHY.B,D,20231228,000000,2.718,2.718,2.688,2.688,0,0
10YTHY.B,D,20240102,000000,2.698,2.739,2.698,2.739,0,0
10YTHY.B,D,20240103,000000,2.723,2.748,2.723,2.748,0,0
10YTHY.B,D,20240104,000000,2.729,2.748,2.729,2.744,0,0
10YTHY.B,D,20240105,000000,2.758,2.789,2.758,2.789,0,0
10YTHY.B,D,20240108,000000,2.789,2.814,2.779,2.789,0,0
10YTHY.B,D,20240109,000000,2.779,2.779,2.736,2.753,0,0
10YTHY.B,D,20240110,000000,2.753,2.753,2.708,2.708,0,0
10YTHY.B,D,20240111,000000,2.708,2.729,2.708,2.726,0,0
10YTHY.B,D,20240112,000000,2.726,2.729,2.708,2.728,0,0
10YTHY.B,D,20240115,000000,2.729,2.729,2.703,2.718,0,0
10YTHY.B,D,20240116,000000,2.734,2.739,2.726,2.726,0,0
10YTHY.B,D,20240117,000000,2.726,2.753,2.726,2.748,0,0
10YTHY.B,D,20240118,000000,2.748,2.779,2.748,2.774,0,0
10YTHY.B,D,20240119,000000,2.774,2.8,2.769,2.769,0,0
10YTHY.B,D,20240122,000000,2.769,2.769,2.748,2.753,0,0
10YTHY.B,D,20240123,000000,2.753,2.753,2.733,2.734,0,0
10YTHY.B,D,20240124,000000,2.739,2.739,2.708,2.718,0,0
10YTHY.B,D,20240125,000000,2.718,2.744,2.718,2.723,0,0
10YTHY.B,D,20240126,000000,2.723,2.723,2.683,2.688,0,0
10YTHY.B,D,20240129,000000,2.688,2.693,2.667,2.667,0,0
10YTHY.B,D,20240130,000000,2.637,2.658,2.637,2.657,0,0
10YTHY.B,D,20240201,000000,2.667,2.667,2.638,2.657,0,0
10YTHY.B,D,20240202,000000,2.657,2.668,2.657,2.668,0,0
10YTHY.B,D,20240205,000000,2.667,2.718,2.667,2.698,0,0
10YTHY.B,D,20240206,000000,2.698,2.698,2.673,2.678,0,0
10YTHY.B,D,20240207,000000,2.678,2.688,2.627,2.627,0,0
10YTHY.B,D,20240208,000000,2.601,2.601,2.546,2.566,0,0
10YTHY.B,D,20240212,000000,2.566,2.591,2.566,2.587,0,0
10YTHY.B,D,20240213,000000,2.587,2.587,2.551,2.561,0,0
10YTHY.B,D,20240214,000000,2.561,2.601,2.561,2.587,0,0
10YTHY.B,D,20240215,000000,2.587,2.587,2.561,2.587,0,0
10YTHY.B,D,20240216,000000,2.587,2.592,2.587,2.592,0,0
10YTHY.B,D,20240219,000000,2.591,2.591,2.576,2.577,0,0
10YTHY.B,D,20240220,000000,2.577,2.582,2.566,2.566,0,0
10YTHY.B,D,20240221,000000,2.566,2.566,2.53,2.546,0,0
10YTHY.B,D,20240222,000000,2.577,2.577,2.566,2.566,0,0
10YTHY.B,D,20240223,000000,2.566,2.566,2.556,2.561,0,0
10YTHY.B,D,20240227,000000,2.561,2.566,2.556,2.561,0,0
10YTHY.B,D,20240228,000000,2.561,2.572,2.561,2.572,0,0
10YTHY.B,D,20240229,000000,2.572,2.582,2.566,2.577,0,0
10YTHY.B,D,20240301,000000,2.577,2.587,2.577,2.586,0,0
10YTHY.B,D,20240305,000000,2.561,2.563,2.556,2.556,0,0
10YTHY.B,D,20240306,000000,2.556,2.556,2.551,2.556,0,0
10YTHY.B,D,20240307,000000,2.556,2.556,2.551,2.551,0,0
10YTHY.B,D,20240308,000000,2.551,2.551,2.526,2.531,0,0
10YTHY.B,D,20240311,000000,2.531,2.531,2.49,2.492,0,0
10YTHY.B,D,20240312,000000,2.492,2.51,2.492,2.495,0,0
10YTHY.B,D,20240313,000000,2.495,2.51,2.495,2.506,0,0
10YTHY.B,D,20240314,000000,2.506,2.516,2.506,2.513,0,0
10YTHY.B,D,20240315,000000,2.513,2.551,2.513,2.536,0,0
10YTHY.B,D,20240318,000000,2.541,2.546,2.541,2.546,0,0
10YTHY.B,D,20240321,000000,2.561,2.561,2.536,2.551,0,0
10YTHY.B,D,20240322,000000,2.551,2.566,2.551,2.566,0,0
10YTHY.B,D,20240325,000000,2.566,2.566,2.551,2.561,0,0
10YTHY.B,D,20240326,000000,2.561,2.571,2.558,2.558,0,0
10YTHY.B,D,20240327,000000,2.558,2.558,2.546,2.548,0,0
10YTHY.B,D,20240328,000000,2.548,2.548,2.52,2.521,0,0
10YTHY.B,D,20240401,000000,2.516,2.516,2.505,2.516,0,0
10YTHY.B,D,20240402,000000,2.53,2.541,2.53,2.536,0,0
10YTHY.B,D,20240403,000000,2.551,2.566,2.551,2.566,0,0
10YTHY.B,D,20240404,000000,2.561,2.584,2.561,2.584,0,0
10YTHY.B,D,20240409,000000,2.596,2.637,2.596,2.637,0,0
10YTHY.B,D,20240410,000000,2.637,2.688,2.617,2.683,0,0
10YTHY.B,D,20240411,000000,2.683,2.769,2.683,2.764,0,0
10YTHY.B,D,20240417,000000,2.794,2.794,2.774,2.789,0,0
10YTHY.B,D,20240418,000000,2.789,2.789,2.703,2.718,0,0
10YTHY.B,D,20240422,000000,2.753,2.764,2.748,2.748,0,0
10YTHY.B,D,20240423,000000,2.748,2.748,2.723,2.729,0,0
10YTHY.B,D,20240424,000000,2.729,2.753,2.729,2.753,0,0
10YTHY.B,D,20240425,000000,2.753,2.784,2.748,2.769,0,0
10YTHY.B,D,20240429,000000,2.769,2.784,2.769,2.779,0,0
10YTHY.B,D,20240430,000000,2.779,2.815,2.768,2.814,0,0
10YTHY.B,D,20240502,000000,2.814,2.82,2.774,2.776,0,0
10YTHY.B,D,20240503,000000,2.776,2.776,2.748,2.764,0,0
10YTHY.B,D,20240507,000000,2.748,2.769,2.744,2.769,0,0
10YTHY.B,D,20240508,000000,2.769,2.82,2.769,2.8,0,0
10YTHY.B,D,20240509,000000,2.8,2.819,2.8,2.809,0,0
10YTHY.B,D,20240510,000000,2.809,2.809,2.794,2.794,0,0
10YTHY.B,D,20240513,000000,2.794,2.804,2.794,2.799,0,0
10YTHY.B,D,20240514,000000,2.799,2.799,2.784,2.784,0,0
10YTHY.B,D,20240515,000000,2.784,2.784,2.774,2.774,0,0
10YTHY.B,D,20240516,000000,2.774,2.774,2.736,2.736,0,0
10YTHY.B,D,20240517,000000,2.736,2.749,2.736,2.749,0,0
10YTHY.B,D,20240520,000000,2.748,2.779,2.748,2.779,0,0
10YTHY.B,D,20240521,000000,2.779,2.855,2.779,2.83,0,0
10YTHY.B,D,20240523,000000,2.835,2.835,2.829,2.83,0,0
10YTHY.B,D,20240524,000000,2.83,2.83,2.829,2.829,0,0
10YTHY.B,D,20240531,000000,2.809,2.812,2.809,2.812,0,0
10YTHY.B,D,20240604,000000,2.812,2.812,2.812,2.812,0,0
10YTHY.B,D,20240611,000000,2.769,2.769,2.769,2.769,0,0
10YTHY.B,D,20240612,000000,2.779,2.794,2.774,2.794,0,0
10YTHY.B,D,20240613,000000,2.794,2.794,2.776,2.779,0,0
10YTHY.B,D,20240618,000000,2.779,2.782,2.769,2.769,0,0
10YTHY.B,D,20240619,000000,2.769,2.769,2.749,2.749,0,0
10YTHY.B,D,20240620,000000,2.749,2.749,2.742,2.744,0,0
10YTHY.B,D,20240621,000000,2.718,2.718,2.713,2.714,0,0
10YTHY.B,D,20240624,000000,2.713,2.713,2.691,2.699,0,0
10YTHY.B,D,20240625,000000,2.699,2.699,2.678,2.693,0,0
10YTHY.B,D,20240626,000000,2.693,2.724,2.693,2.708,0,0
10YTHY.B,D,20240627,000000,2.708,2.734,2.708,2.718,0,0
10YTHY.B,D,20240628,000000,2.718,2.718,2.685,2.685,0,0
10YTHY.B,D,20240701,000000,2.686,2.699,2.678,2.678,0,0
10YTHY.B,D,20240702,000000,2.678,2.708,2.678,2.708,0,0
10YTHY.B,D,20240703,000000,2.708,2.718,2.708,2.708,0,0
10YTHY.B,D,20240705,000000,2.708,2.708,2.693,2.693,0,0
10YTHY.B,D,20240708,000000,2.693,2.693,2.683,2.683,0,0
10YTHY.B,D,20240711,000000,2.612,2.617,2.602,2.607,0,0
10YTHY.B,D,20240712,000000,2.607,2.607,2.597,2.602,0,0
10YTHY.B,D,20240715,000000,2.602,2.633,2.602,2.633,0,0
10YTHY.B,D,20240716,000000,2.633,2.633,2.597,2.597,0,0
10YTHY.B,D,20240717,000000,2.597,2.623,2.592,2.62,0,0
10YTHY.B,D,20240718,000000,2.62,2.638,2.62,2.63,0,0
10YTHY.B,D,20240719,000000,2.63,2.643,2.63,2.642,0,0
10YTHY.B,D,20240723,000000,2.63,2.652,2.63,2.643,0,0
10YTHY.B,D,20240724,000000,2.643,2.647,2.638,2.643,0,0
10YTHY.B,D,20240725,000000,2.643,2.643,2.622,2.623,0,0
10YTHY.B,D,20240726,000000,2.623,2.628,2.597,2.628,0,0
10YTHY.B,D,20240730,000000,2.628,2.628,2.577,2.597,0,0
10YTHY.B,D,20240731,000000,2.597,2.597,2.577,2.587,0,0
10YTHY.B,D,20240801,000000,2.587,2.592,2.562,2.592,0,0
10YTHY.B,D,20240802,000000,2.562,2.567,2.556,2.566,0,0
10YTHY.B,D,20240805,000000,2.567,2.567,2.481,2.511,0,0
10YTHY.B,D,20240806,000000,2.511,2.571,2.511,2.567,0,0
10YTHY.B,D,20240807,000000,2.567,2.623,2.567,2.623,0,0
10YTHY.B,D,20240808,000000,2.623,2.633,2.602,2.602,0,0
10YTHY.B,D,20240809,000000,2.602,2.612,2.602,2.605,0,0
10YTHY.B,D,20240813,000000,2.604,2.604,2.587,2.587,0,0
10YTHY.B,D,20240814,000000,2.577,2.582,2.536,2.537,0,0
10YTHY.B,D,20240815,000000,2.537,2.577,2.537,2.567,0,0
10YTHY.B,D,20240816,000000,2.582,2.592,2.566,2.566,0,0
10YTHY.B,D,20240819,000000,2.567,2.567,2.542,2.549,0,0
10YTHY.B,D,20240820,000000,2.549,2.577,2.546,2.577,0,0
10YTHY.B,D,20240821,000000,2.577,2.577,2.562,2.577,0,0
10YTHY.B,D,20240822,000000,2.577,2.577,2.566,2.567,0,0
10YTHY.B,D,20240823,000000,2.567,2.58,2.567,2.58,0,0
10YTHY.B,D,20240827,000000,2.577,2.577,2.531,2.546,0,0
10YTHY.B,D,20240828,000000,2.546,2.556,2.546,2.556,0,0
10YTHY.B,D,20240829,000000,2.556,2.556,2.556,2.556,0,0
10YTHY.B,D,20240830,000000,2.556,2.587,2.556,2.587,0,0
10YTHY.B,D,20240902,000000,2.567,2.587,2.567,2.587,0,0
10YTHY.B,D,20240903,000000,2.587,2.597,2.582,2.582,0,0
10YTHY.B,D,20240904,000000,2.582,2.582,2.552,2.559,0,0
10YTHY.B,D,20240905,000000,2.547,2.561,2.547,2.561,0,0
10YTHY.B,D,20240906,000000,2.561,2.561,2.547,2.557,0,0
10YTHY.B,D,20240909,000000,2.557,2.567,2.557,2.564,0,0
10YTHY.B,D,20240910,000000,2.564,2.567,2.557,2.567,0,0
10YTHY.B,D,20240911,000000,2.567,2.567,2.552,2.557,0,0
10YTHY.B,D,20240912,000000,2.557,2.567,2.557,2.561,0,0
10YTHY.B,D,20240913,000000,2.561,2.567,2.549,2.552,0,0
10YTHY.B,D,20240916,000000,2.552,2.557,2.536,2.536,0,0
10YTHY.B,D,20240917,000000,2.536,2.536,2.501,2.501,0,0
10YTHY.B,D,20240918,000000,2.504,2.531,2.5,2.521,0,0
10YTHY.B,D,20240919,000000,2.521,2.542,2.508,2.508,0,0
10YTHY.B,D,20240920,000000,2.508,2.508,2.463,2.476,0,0
10YTHY.B,D,20240923,000000,2.476,2.496,2.476,2.496,0,0
10YTHY.B,D,20240924,000000,2.496,2.501,2.486,2.501,0,0
10YTHY.B,D,20240925,000000,2.501,2.501,2.463,2.476,0,0
10YTHY.B,D,20240926,000000,2.476,2.486,2.476,2.481,0,0
10YTHY.B,D,20240927,000000,2.481,2.501,2.478,2.5,0,0
10YTHY.B,D,20240930,000000,2.501,2.501,2.483,2.483,0,0
10YTHY.B,D,20241001,000000,2.483,2.498,2.483,2.498,0,0
10YTHY.B,D,20241002,000000,2.503,2.506,2.491,2.498,0,0
10YTHY.B,D,20241003,000000,2.498,2.532,2.498,2.519,0,0
10YTHY.B,D,20241004,000000,2.519,2.535,2.519,2.535,0,0
10YTHY.B,D,20241007,000000,2.534,2.577,2.534,2.577,0,0
10YTHY.B,D,20241008,000000,2.577,2.587,2.567,2.582,0,0
10YTHY.B,D,20241009,000000,2.572,2.572,2.557,2.557,0,0
10YTHY.B,D,20241010,000000,2.557,2.562,2.534,2.547,0,0
10YTHY.B,D,20241011,000000,2.542,2.542,2.521,2.521,0,0
10YTHY.B,D,20241015,000000,2.521,2.524,2.508,2.519,0,0
10YTHY.B,D,20241016,000000,2.501,2.521,2.404,2.404,0,0
10YTHY.B,D,20241017,000000,2.404,2.42,2.385,2.42,0,0
10YTHY.B,D,20241018,000000,2.42,2.43,2.404,2.404,0,0
10YTHY.B,D,20241021,000000,2.404,2.404,2.38,2.38,0,0
10YTHY.B,D,20241022,000000,2.38,2.415,2.38,2.415,0,0
10YTHY.B,D,20241024,000000,2.38,2.466,2.38,2.428,0,0
10YTHY.B,D,20241025,000000,2.428,2.428,2.39,2.402,0,0
10YTHY.B,D,20241028,000000,2.42,2.42,2.415,2.415,0,0
10YTHY.B,D,20241029,000000,2.415,2.435,2.415,2.435,0,0
10YTHY.B,D,20241111,000000,2.41,2.43,2.41,2.43,0,0
10YTHY.B,D,20241112,000000,2.435,2.435,2.42,2.42,0,0
10YTHY.B,D,20241113,000000,2.425,2.446,2.425,2.435,0,0
10YTHY.B,D,20241114,000000,2.435,2.445,2.428,2.43,0,0
10YTHY.B,D,20241115,000000,2.43,2.43,2.425,2.43,0,0
10YTHY.B,D,20241118,000000,2.43,2.44,2.43,2.44,0,0
10YTHY.B,D,20241119,000000,2.44,2.44,2.43,2.43,0,0
10YTHY.B,D,20241120,000000,2.433,2.438,2.433,2.435,0,0
10YTHY.B,D,20241125,000000,2.438,2.438,2.42,2.42,0,0
10YTHY.B,D,20241127,000000,2.42,2.42,2.372,2.38,0,0
10YTHY.B,D,20241128,000000,2.38,2.38,2.324,2.33,0,0
10YTHY.B,D,20241129,000000,2.324,2.324,2.314,2.314,0,0
10YTHY.B,D,20241202,000000,2.314,2.314,2.283,2.29,0,0
10YTHY.B,D,20241203,000000,2.283,2.283,2.223,2.275,0,0
10YTHY.B,D,20241204,000000,2.263,2.314,2.263,2.31,0,0
10YTHY.B,D,20241209,000000,2.303,2.303,2.253,2.29,0,0
10YTHY.B,D,20241211,000000,2.283,2.3,2.283,2.3,0,0
10YTHY.B,D,20241217,000000,2.293,2.298,2.271,2.271,0,0
10YTHY.B,D,20241218,000000,2.271,2.271,2.248,2.253,0,0
10YTHY.B,D,20241219,000000,2.253,2.283,2.228,2.242,0,0
10YTHY.B,D,20241220,000000,2.242,2.242,2.222,2.233,0,0
10YTHY.B,D,20241223,000000,2.233,2.233,2.222,2.227,0,0
10YTHY.B,D,20241224,000000,2.227,2.238,2.227,2.238,0,0
10YTHY.B,D,20241225,000000,2.238,2.245,2.233,2.233,0,0
10YTHY.B,D,20241226,000000,2.233,2.238,2.233,2.238,0,0
10YTHY.B,D,20241227,000000,2.238,2.248,2.238,2.248,0,0
10YTHY.B,D,20241230,000000,2.248,2.286,2.248,2.263,0,0
10YTHY.B,D,20250102,000000,2.263,2.283,2.253,2.283,0,0
10YTHY.B,D,20250103,000000,2.283,2.286,2.278,2.286,0,0
10YTHY.B,D,20250106,000000,2.286,2.354,2.286,2.354,0,0
10YTHY.B,D,20250107,000000,2.323,2.339,2.323,2.339,0,0
10YTHY.B,D,20250108,000000,2.339,2.364,2.328,2.341,0,0
10YTHY.B,D,20250109,000000,2.341,2.341,2.321,2.334,0,0
10YTHY.B,D,20250110,000000,2.334,2.354,2.334,2.354,0,0
10YTHY.B,D,20250113,000000,2.354,2.394,2.354,2.394,0,0
10YTHY.B,D,20250114,000000,2.394,2.415,2.391,2.402,0,0
10YTHY.B,D,20250115,000000,2.402,2.44,2.399,2.44,0,0
10YTHY.B,D,20250116,000000,2.44,2.44,2.407,2.415,0,0
10YTHY.B,D,20250117,000000,2.415,2.415,2.389,2.404,0,0
10YTHY.B,D,20250120,000000,2.404,2.415,2.404,2.409,0,0
10YTHY.B,D,20250121,000000,2.409,2.409,2.391,2.409,0,0
10YTHY.B,D,20250122,000000,2.409,2.415,2.339,2.354,0,0
10YTHY.B,D,20250123,000000,2.354,2.354,2.316,2.316,0,0
10YTHY.B,D,20250124,000000,2.316,2.323,2.308,2.308,0,0
10YTHY.B,D,20250127,000000,2.308,2.308,2.278,2.283,0,0
10YTHY.B,D,20250128,000000,2.283,2.283,2.263,2.283,0,0
10YTHY.B,D,20250129,000000,2.283,2.283,2.271,2.273,0,0
10YTHY.B,D,20250130,000000,2.273,2.283,2.268,2.283,0,0
10YTHY.B,D,20250131,000000,2.283,2.323,2.283,2.308,0,0
10YTHY.B,D,20250203,000000,2.308,2.339,2.308,2.336,0,0
10YTHY.B,D,20250204,000000,2.336,2.336,2.321,2.324,0,0
10YTHY.B,D,20250205,000000,2.324,2.324,2.29,2.29,0,0
10YTHY.B,D,20250206,000000,2.29,2.293,2.253,2.293,0,0
10YTHY.B,D,20250207,000000,2.293,2.293,2.273,2.276,0,0
10YTHY.B,D,20250210,000000,2.276,2.283,2.273,2.283,0,0
10YTHY.B,D,20250211,000000,2.283,2.286,2.174,2.286,0,0
10YTHY.B,D,20250213,000000,2.286,2.324,2.286,2.323,0,0
10YTHY.B,D,20250214,000000,2.323,2.324,2.303,2.324,0,0
