<TICKER>,<PER>,<DATE>,<TIME>,<OPEN>,<HIGH>,<LOW>,<CLOSE>,<VOL>,<OPENINT>
1YBEY.B,D,20240415,000000,3.59,3.662,3.59,3.662,0,0
1YBEY.B,D,20240416,000000,3.626,3.626,3.626,3.626,0,0
1YBEY.B,D,20240417,000000,3.62,3.635,3.62,3.635,0,0
1YBEY.B,D,20240418,000000,3.645,3.666,3.645,3.666,0,0
1YBEY.B,D,20240419,000000,3.651,3.71,3.651,3.71,0,0
1YBEY.B,D,20240422,000000,3.71,3.71,3.636,3.636,0,0
1YBEY.B,D,20240423,000000,3.664,3.67,3.664,3.67,0,0
1YBEY.B,D,20240424,000000,3.639,3.663,3.639,3.663,0,0
1YBEY.B,D,20240425,000000,3.617,3.704,3.617,3.704,0,0
1YBEY.B,D,20240426,000000,3.645,3.654,3.645,3.654,0,0
1YBEY.B,D,20240429,000000,3.654,3.676,3.575,3.676,0,0
1YBEY.B,D,20240430,000000,3.661,3.661,3.633,3.633,0,0
1YBEY.B,D,20240502,000000,3.632,3.632,3.598,3.63,0,0
1YBEY.B,D,20240503,000000,3.611,3.611,3.604,3.604,0,0
1YBEY.B,D,20240506,000000,3.604,3.62,3.604,3.62,0,0
1YBEY.B,D,20240507,000000,3.608,3.608,3.588,3.588,0,0
1YBEY.B,D,20240508,000000,3.606,3.63,3.606,3.63,0,0
1YBEY.B,D,20240509,000000,3.613,3.613,3.592,3.592,0,0
1YBEY.B,D,20240510,000000,3.591,3.611,3.591,3.611,0,0
1YBEY.B,D,20240513,000000,3.611,3.619,3.588,3.588,0,0
1YBEY.B,D,20240514,000000,3.57,3.608,3.57,3.608,0,0
1YBEY.B,D,20240515,000000,3.381,3.381,3.373,3.373,0,0
1YBEY.B,D,20240516,000000,3.373,3.373,3.342,3.373,0,0
1YBEY.B,D,20240517,000000,3.41,3.426,3.41,3.426,0,0
1YBEY.B,D,20240520,000000,3.426,3.426,3.406,3.417,0,0
1YBEY.B,D,20240521,000000,3.417,3.417,3.394,3.394,0,0
1YBEY.B,D,20240522,000000,3.408,3.411,3.408,3.411,0,0
1YBEY.B,D,20240523,000000,3.461,3.494,3.461,3.494,0,0
1YBEY.B,D,20240524,000000,3.455,3.477,3.455,3.477,0,0
1YBEY.B,D,20240527,000000,3.477,3.477,3.429,3.429,0,0
1YBEY.B,D,20240528,000000,3.419,3.441,3.419,3.441,0,0
1YBEY.B,D,20240529,000000,3.439,3.491,3.439,3.491,0,0
1YBEY.B,D,20240530,000000,3.459,3.477,3.459,3.477,0,0
1YBEY.B,D,20240531,000000,3.484,3.484,3.445,3.445,0,0
1YBEY.B,D,20240603,000000,3.445,3.476,3.423,3.423,0,0
1YBEY.B,D,20240604,000000,3.411,3.424,3.411,3.424,0,0
1YBEY.B,D,20240605,000000,3.427,3.427,3.425,3.425,0,0
1YBEY.B,D,20240606,000000,3.407,3.432,3.407,3.432,0,0
1YBEY.B,D,20240607,000000,3.444,3.492,3.444,3.492,0,0
1YBEY.B,D,20240610,000000,3.492,3.494,3.467,3.494,0,0
1YBEY.B,D,20240611,000000,3.471,3.471,3.431,3.431,0,0
1YBEY.B,D,20240612,000000,3.457,3.457,3.381,3.381,0,0
1YBEY.B,D,20240613,000000,3.439,3.439,3.387,3.387,0,0
1YBEY.B,D,20240614,000000,3.357,3.378,3.357,3.378,0,0
1YBEY.B,D,20240617,000000,3.378,3.386,3.378,3.386,0,0
1YBEY.B,D,20240618,000000,3.415,3.415,3.368,3.368,0,0
1YBEY.B,D,20240619,000000,3.372,3.379,3.372,3.379,0,0
1YBEY.B,D,20240620,000000,3.385,3.386,3.385,3.386,0,0
1YBEY.B,D,20240621,000000,3.329,3.374,3.329,3.374,0,0
1YBEY.B,D,20240624,000000,3.374,3.374,3.328,3.328,0,0
1YBEY.B,D,20240625,000000,3.348,3.36,3.348,3.36,0,0
1YBEY.B,D,20240626,000000,3.351,3.351,3.351,3.351,0,0
1YBEY.B,D,20240627,000000,3.34,3.34,3.307,3.307,0,0
1YBEY.B,D,20240628,000000,3.364,3.43,3.364,3.43,0,0
1YBEY.B,D,20240701,000000,3.43,3.443,3.43,3.434,0,0
1YBEY.B,D,20240702,000000,3.409,3.409,3.394,3.394,0,0
1YBEY.B,D,20240703,000000,3.416,3.416,3.382,3.382,0,0
1YBEY.B,D,20240704,000000,3.4,3.417,3.4,3.417,0,0
1YBEY.B,D,20240705,000000,3.419,3.419,3.388,3.388,0,0
1YBEY.B,D,20240708,000000,3.388,3.388,3.357,3.367,0,0
1YBEY.B,D,20240709,000000,3.367,3.39,3.367,3.39,0,0
1YBEY.B,D,20240710,000000,3.371,3.377,3.371,3.377,0,0
1YBEY.B,D,20240711,000000,3.371,3.371,3.282,3.282,0,0
1YBEY.B,D,20240712,000000,3.33,3.33,3.311,3.311,0,0
1YBEY.B,D,20240715,000000,3.311,3.316,3.309,3.316,0,0
1YBEY.B,D,20240716,000000,3.293,3.293,3.291,3.291,0,0
1YBEY.B,D,20240717,000000,3.27,3.279,3.27,3.279,0,0
1YBEY.B,D,20240718,000000,3.293,3.293,3.293,3.293,0,0
1YBEY.B,D,20240719,000000,3.257,3.307,3.257,3.307,0,0
1YBEY.B,D,20240722,000000,3.307,3.325,3.307,3.325,0,0
1YBEY.B,D,20240723,000000,3.298,3.301,3.298,3.301,0,0
1YBEY.B,D,20240724,000000,3.249,3.269,3.249,3.269,0,0
1YBEY.B,D,20240725,000000,3.198,3.201,3.198,3.201,0,0
1YBEY.B,D,20240726,000000,3.207,3.207,3.203,3.203,0,0
1YBEY.B,D,20240729,000000,3.203,3.213,3.192,3.213,0,0
1YBEY.B,D,20240730,000000,3.189,3.189,3.184,3.184,0,0
1YBEY.B,D,20240731,000000,3.136,3.169,3.136,3.169,0,0
1YBEY.B,D,20240801,000000,3.129,3.129,3.129,3.129,0,0
1YBEY.B,D,20240802,000000,3.091,3.091,3.013,3.013,0,0
1YBEY.B,D,20240805,000000,3.013,3.013,2.911,2.958,0,0
1YBEY.B,D,20240806,000000,3.001,3.025,3.001,3.025,0,0
1YBEY.B,D,20240807,000000,3.09,3.097,3.09,3.097,0,0
1YBEY.B,D,20240808,000000,2.985,3.04,2.985,3.04,0,0
1YBEY.B,D,20240809,000000,3.024,3.024,2.993,2.993,0,0
1YBEY.B,D,20240812,000000,2.993,3.024,2.993,3.0,0,0
1YBEY.B,D,20240813,000000,3.011,3.023,3.011,3.023,0,0
1YBEY.B,D,20240814,000000,3.028,3.028,2.993,2.993,0,0
1YBEY.B,D,20240815,000000,2.994,3.054,2.994,3.054,0,0
1YBEY.B,D,20240816,000000,3.065,3.065,3.065,3.065,0,0
1YBEY.B,D,20240819,000000,3.065,3.065,3.022,3.044,0,0
1YBEY.B,D,20240820,000000,3.025,3.035,3.025,3.035,0,0
1YBEY.B,D,20240821,000000,3.027,3.027,3.024,3.024,0,0
1YBEY.B,D,20240822,000000,2.968,3.031,2.968,3.031,0,0
1YBEY.B,D,20240823,000000,3.019,3.019,2.981,2.981,0,0
1YBEY.B,D,20240826,000000,2.981,3.027,2.981,3.017,0,0
1YBEY.B,D,20240827,000000,3.018,3.022,3.018,3.022,0,0
1YBEY.B,D,20240828,000000,3.035,3.035,3.008,3.008,0,0
1YBEY.B,D,20240829,000000,2.981,2.984,2.981,2.984,0,0
1YBEY.B,D,20240830,000000,2.963,3.011,2.963,3.011,0,0
1YBEY.B,D,20240902,000000,3.011,3.046,3.011,3.046,0,0
1YBEY.B,D,20240903,000000,3.024,3.024,3.024,3.024,0,0
1YBEY.B,D,20240904,000000,3.0,3.002,3,3.002,0,0
1YBEY.B,D,20240905,000000,3.006,3.006,2.981,2.981,0,0
1YBEY.B,D,20240906,000000,2.939,2.991,2.939,2.991,0,0
1YBEY.B,D,20240909,000000,2.991,2.991,2.921,2.921,0,0
1YBEY.B,D,20240910,000000,2.931,2.931,2.931,2.931,0,0
1YBEY.B,D,20240911,000000,2.905,2.922,2.905,2.922,0,0
1YBEY.B,D,20240912,000000,2.912,2.952,2.912,2.952,0,0
1YBEY.B,D,20240913,000000,2.942,2.948,2.942,2.948,0,0
1YBEY.B,D,20240916,000000,2.948,2.952,2.943,2.943,0,0
1YBEY.B,D,20240917,000000,2.941,2.972,2.941,2.972,0,0
1YBEY.B,D,20240918,000000,2.958,3,2.958,3.0,0,0
1YBEY.B,D,20240919,000000,2.931,2.94,2.931,2.94,0,0
1YBEY.B,D,20240920,000000,2.928,2.971,2.928,2.971,0,0
1YBEY.B,D,20240923,000000,2.971,2.971,2.89,2.89,0,0
1YBEY.B,D,20240924,000000,2.866,2.866,2.866,2.866,0,0
1YBEY.B,D,20240925,000000,2.844,2.904,2.844,2.904,0,0
1YBEY.B,D,20240926,000000,2.846,2.846,2.846,2.846,0,0
1YBEY.B,D,20240927,000000,2.802,2.841,2.802,2.841,0,0
1YBEY.B,D,20240930,000000,2.841,2.859,2.829,2.829,0,0
1YBEY.B,D,20241001,000000,2.791,2.791,2.759,2.759,0,0
1YBEY.B,D,20241002,000000,2.795,2.816,2.795,2.816,0,0
1YBEY.B,D,20241003,000000,2.787,2.787,2.787,2.787,0,0
1YBEY.B,D,20241004,000000,2.807,2.807,2.807,2.807,0,0
1YBEY.B,D,20241007,000000,2.807,2.903,2.807,2.903,0,0
1YBEY.B,D,20241008,000000,2.887,2.887,2.885,2.885,0,0
1YBEY.B,D,20241009,000000,2.895,2.898,2.895,2.898,0,0
1YBEY.B,D,20241010,000000,2.885,2.895,2.885,2.895,0,0
1YBEY.B,D,20241011,000000,2.894,2.894,2.894,2.894,0,0
1YBEY.B,D,20241014,000000,2.894,2.894,2.872,2.872,0,0
1YBEY.B,D,20241015,000000,2.875,2.875,2.875,2.875,0,0
1YBEY.B,D,20241016,000000,2.851,2.851,2.844,2.844,0,0
1YBEY.B,D,20241017,000000,2.837,2.837,2.837,2.837,0,0
1YBEY.B,D,20241018,000000,2.771,2.771,2.771,2.771,0,0
1YBEY.B,D,20241021,000000,2.771,2.771,2.751,2.751,0,0
1YBEY.B,D,20241022,000000,2.784,2.784,2.784,2.784,0,0
1YBEY.B,D,20241023,000000,2.706,2.706,2.706,2.706,0,0
1YBEY.B,D,20241024,000000,2.65,2.652,2.65,2.652,0,0
1YBEY.B,D,20241025,000000,2.663,2.663,2.663,2.663,0,0
1YBEY.B,D,20241028,000000,2.663,2.663,2.65,2.65,0,0
1YBEY.B,D,20241029,000000,2.674,2.674,2.674,2.674,0,0
1YBEY.B,D,20241030,000000,2.68,2.776,2.68,2.776,0,0
1YBEY.B,D,20241031,000000,2.776,2.776,2.751,2.751,0,0
1YBEY.B,D,20241101,000000,2.783,2.783,2.766,2.766,0,0
1YBEY.B,D,20241104,000000,2.766,2.775,2.766,2.775,0,0
1YBEY.B,D,20241105,000000,2.764,2.764,2.764,2.764,0,0
1YBEY.B,D,20241106,000000,2.764,2.764,2.754,2.754,0,0
1YBEY.B,D,20241107,000000,2.726,2.726,2.726,2.726,0,0
1YBEY.B,D,20241108,000000,2.697,2.697,2.694,2.694,0,0
1YBEY.B,D,20241111,000000,2.694,2.697,2.693,2.697,0,0
1YBEY.B,D,20241112,000000,2.697,2.697,2.685,2.685,0,0
1YBEY.B,D,20241113,000000,2.65,2.65,2.65,2.65,0,0
1YBEY.B,D,20241114,000000,2.703,2.703,2.657,2.666,0,0
1YBEY.B,D,20241115,000000,2.642,2.679,2.642,2.679,0,0
1YBEY.B,D,20241118,000000,2.679,2.703,2.679,2.703,0,0
1YBEY.B,D,20241119,000000,2.668,2.692,2.668,2.692,0,0
1YBEY.B,D,20241120,000000,2.687,2.687,2.664,2.664,0,0
1YBEY.B,D,20241121,000000,2.654,2.654,2.619,2.619,0,0
1YBEY.B,D,20241122,000000,2.586,2.586,2.586,2.586,0,0
1YBEY.B,D,20241125,000000,2.586,2.586,2.53,2.53,0,0
1YBEY.B,D,20241126,000000,2.537,2.537,2.537,2.537,0,0
1YBEY.B,D,20241127,000000,2.537,2.568,2.537,2.568,0,0
1YBEY.B,D,20241128,000000,2.56,2.56,2.535,2.535,0,0
1YBEY.B,D,20241129,000000,2.535,2.56,2.535,2.56,0,0
1YBEY.B,D,20241202,000000,2.56,2.56,2.49,2.511,0,0
1YBEY.B,D,20241203,000000,2.509,2.509,2.509,2.509,0,0
1YBEY.B,D,20241204,000000,2.536,2.536,2.536,2.536,0,0
1YBEY.B,D,20241205,000000,2.597,2.597,2.597,2.597,0,0
1YBEY.B,D,20241206,000000,2.609,2.609,2.609,2.609,0,0
1YBEY.B,D,20241209,000000,2.609,2.612,2.603,2.612,0,0
1YBEY.B,D,20241210,000000,2.564,2.564,2.564,2.564,0,0
1YBEY.B,D,20241211,000000,2.59,2.59,2.59,2.59,0,0
1YBEY.B,D,20241212,000000,2.57,2.57,2.57,2.57,0,0
1YBEY.B,D,20241213,000000,2.587,2.622,2.587,2.622,0,0
1YBEY.B,D,20241216,000000,2.622,2.622,2.597,2.597,0,0
1YBEY.B,D,20241217,000000,2.578,2.578,2.577,2.577,0,0
1YBEY.B,D,20241218,000000,2.558,2.558,2.558,2.558,0,0
1YBEY.B,D,20241219,000000,2.553,2.57,2.553,2.57,0,0
1YBEY.B,D,20241220,000000,2.56,2.575,2.56,2.575,0,0
1YBEY.B,D,20241223,000000,2.575,2.575,2.562,2.562,0,0
1YBEY.B,D,20241225,000000,2.562,2.562,2.562,2.562,0,0
1YBEY.B,D,20241226,000000,2.562,2.597,2.562,2.597,0,0
1YBEY.B,D,20241227,000000,2.558,2.558,2.558,2.558,0,0
1YBEY.B,D,20241230,000000,2.558,2.558,2.529,2.529,0,0
1YBEY.B,D,20250101,000000,2.529,2.529,2.529,2.529,0,0
1YBEY.B,D,20250102,000000,2.529,2.533,2.529,2.533,0,0
1YBEY.B,D,20250103,000000,2.555,2.555,2.555,2.555,0,0
1YBEY.B,D,20250106,000000,2.555,2.588,2.555,2.588,0,0
1YBEY.B,D,20250107,000000,2.597,2.597,2.597,2.597,0,0
1YBEY.B,D,20250108,000000,2.604,2.604,2.604,2.604,0,0
1YBEY.B,D,20250109,000000,2.583,2.583,2.579,2.579,0,0
1YBEY.B,D,20250110,000000,2.646,2.646,2.617,2.617,0,0
1YBEY.B,D,20250113,000000,2.617,2.67,2.617,2.644,0,0
1YBEY.B,D,20250114,000000,2.622,2.622,2.622,2.622,0,0
1YBEY.B,D,20250115,000000,2.642,2.642,2.642,2.642,0,0
1YBEY.B,D,20250116,000000,2.626,2.626,2.626,2.626,0,0
1YBEY.B,D,20250117,000000,2.555,2.555,2.555,2.555,0,0
1YBEY.B,D,20250120,000000,2.555,2.607,2.555,2.607,0,0
1YBEY.B,D,20250121,000000,2.607,2.607,2.607,2.607,0,0
1YBEY.B,D,20250122,000000,2.599,2.599,2.599,2.599,0,0
1YBEY.B,D,20250123,000000,2.583,2.634,2.583,2.634,0,0
1YBEY.B,D,20250124,000000,2.33,2.33,2.33,2.33,0,0
1YBEY.B,D,20250127,000000,2.33,2.33,2.323,2.323,0,0
1YBEY.B,D,20250128,000000,2.323,2.341,2.323,2.341,0,0
1YBEY.B,D,20250129,000000,2.322,2.343,2.322,2.343,0,0
1YBEY.B,D,20250130,000000,2.319,2.319,2.319,2.319,0,0
1YBEY.B,D,20250131,000000,2.245,2.245,2.231,2.231,0,0
1YBEY.B,D,20250203,000000,2.231,2.231,2.171,2.171,0,0
1YBEY.B,D,20250204,000000,2.174,2.174,2.174,2.174,0,0
1YBEY.B,D,20250205,000000,2.154,2.154,2.154,2.154,0,0
1YBEY.B,D,20250206,000000,2.202,2.202,2.202,2.202,0,0
1YBEY.B,D,20250207,000000,2.174,2.174,2.174,2.174,0,0
1YBEY.B,D,20250210,000000,2.174,2.174,2.167,2.167,0,0
1YBEY.B,D,20250211,000000,2.169,2.169,2.169,2.169,0,0
1YBEY.B,D,20250212,000000,2.195,2.195,2.195,2.195,0,0
1YBEY.B,D,20250213,000000,2.218,2.218,2.218,2.218,0,0
1YBEY.B,D,20250214,000000,2.211,2.211,2.211,2.211,0,0
