<TICKER>,<PER>,<DATE>,<TIME>,<OPEN>,<HIGH>,<LOW>,<CLOSE>,<VOL>,<OPENINT>
2YCHP.B,D,20240321,000000,100.55,100.77,100.55,100.77,0,0
2YCHP.B,D,20240322,000000,100.68,100.78,100.68,100.78,0,0
2YCHP.B,D,20240325,000000,100.78,100.78,100.76,100.76,0,0
2YCHP.B,D,20240326,000000,100.68,100.68,100.68,100.68,0,0
2YCHP.B,D,20240327,000000,100.68,100.68,100.68,100.68,0,0
2YCHP.B,D,20240328,000000,100.7,100.77,100.7,100.77,0,0
2YCHP.B,D,20240402,000000,100.77,100.77,100.73,100.73,0,0
2YCHP.B,D,20240403,000000,100.7,100.7,100.64,100.64,0,0
2YCHP.B,D,20240404,000000,100.7,100.7,100.7,100.7,0,0
2YCHP.B,D,20240405,000000,100.7,100.77,100.7,100.77,0,0
2YCHP.B,D,20240408,000000,100.77,100.77,100.77,100.77,0,0
2YCHP.B,D,20240409,000000,100.77,100.77,100.77,100.77,0,0
2YCHP.B,D,20240410,000000,100.77,100.8,100.77,100.8,0,0
2YCHP.B,D,20240411,000000,100.8,100.8,100.64,100.64,0,0
2YCHP.B,D,20240412,000000,100.64,100.64,100.64,100.64,0,0
2YCHP.B,D,20240415,000000,100.64,100.75,100.64,100.75,0,0
2YCHP.B,D,20240416,000000,100.75,100.75,100.59,100.59,0,0
2YCHP.B,D,20240417,000000,100.59,100.59,100.59,100.59,0,0
2YCHP.B,D,20240418,000000,100.73,100.73,100.73,100.73,0,0
2YCHP.B,D,20240419,000000,100.73,100.73,100.73,100.73,0,0
2YCHP.B,D,20240422,000000,100.73,100.73,100.71,100.73,0,0
2YCHP.B,D,20240423,000000,100.73,100.73,100.63,100.63,0,0
2YCHP.B,D,20240424,000000,100.63,100.71,100.63,100.71,0,0
2YCHP.B,D,20240425,000000,100.71,100.71,100.71,100.71,0,0
2YCHP.B,D,20240426,000000,100.68,100.68,100.68,100.68,0,0
2YCHP.B,D,20240429,000000,100.68,100.71,100.68,100.71,0,0
2YCHP.B,D,20240430,000000,100.71,100.71,100.7,100.7,0,0
2YCHP.B,D,20240502,000000,100.7,100.7,100.64,100.64,0,0
2YCHP.B,D,20240503,000000,100.64,100.66,100.64,100.66,0,0
2YCHP.B,D,20240506,000000,100.66,100.68,100.66,100.68,0,0
2YCHP.B,D,20240507,000000,100.68,100.68,100.67,100.67,0,0
2YCHP.B,D,20240508,000000,100.67,100.67,100.65,100.65,0,0
2YCHP.B,D,20240510,000000,100.65,100.65,100.63,100.63,0,0
2YCHP.B,D,20240513,000000,100.63,100.63,100.62,100.62,0,0
2YCHP.B,D,20240514,000000,100.55,100.62,100.55,100.62,0,0
2YCHP.B,D,20240515,000000,100.62,100.63,100.62,100.63,0,0
2YCHP.B,D,20240516,000000,100.63,100.67,100.63,100.63,0,0
2YCHP.B,D,20240517,000000,100.67,100.67,100.61,100.61,0,0
2YCHP.B,D,20240521,000000,100.61,100.61,100.59,100.59,0,0
2YCHP.B,D,20240522,000000,100.59,100.59,100.57,100.57,0,0
2YCHP.B,D,20240523,000000,100.57,100.57,100.54,100.54,0,0
2YCHP.B,D,20240524,000000,100.47,100.53,100.47,100.53,0,0
2YCHP.B,D,20240527,000000,100.53,100.53,100.47,100.47,0,0
2YCHP.B,D,20240528,000000,100.47,100.53,100.47,100.53,0,0
2YCHP.B,D,20240529,000000,100.53,100.53,100.53,100.53,0,0
2YCHP.B,D,20240530,000000,100.45,100.45,100.4,100.4,0,0
2YCHP.B,D,20240531,000000,100.4,100.45,100.4,100.45,0,0
2YCHP.B,D,20240603,000000,100.45,100.45,100.45,100.45,0,0
2YCHP.B,D,20240604,000000,100.45,100.45,100.45,100.45,0,0
2YCHP.B,D,20240605,000000,100.45,100.45,100.45,100.45,0,0
2YCHP.B,D,20240606,000000,100.48,100.48,100.48,100.48,0,0
2YCHP.B,D,20240607,000000,100.47,100.57,100.47,100.57,0,0
2YCHP.B,D,20240610,000000,100.57,100.57,100.53,100.53,0,0
2YCHP.B,D,20240611,000000,100.53,100.56,100.53,100.56,0,0
2YCHP.B,D,20240612,000000,100.56,100.59,100.56,100.59,0,0
2YCHP.B,D,20240613,000000,100.59,100.6,100.59,100.6,0,0
2YCHP.B,D,20240614,000000,100.56,100.64,100.56,100.64,0,0
2YCHP.B,D,20240617,000000,100.64,100.66,100.62,100.62,0,0
2YCHP.B,D,20240618,000000,100.62,100.62,100.57,100.57,0,0
2YCHP.B,D,20240619,000000,100.57,100.57,100.49,100.49,0,0
2YCHP.B,D,20240620,000000,100.47,100.57,100.47,100.57,0,0
2YCHP.B,D,20240621,000000,100.57,100.68,100.57,100.68,0,0
2YCHP.B,D,20240624,000000,100.68,100.68,100.67,100.67,0,0
2YCHP.B,D,20240625,000000,100.6,100.69,100.6,100.69,0,0
2YCHP.B,D,20240626,000000,100.69,100.69,100.6,100.6,0,0
2YCHP.B,D,20240627,000000,100.68,100.68,100.59,100.59,0,0
2YCHP.B,D,20240628,000000,100.61,100.61,100.61,100.61,0,0
2YCHP.B,D,20240701,000000,100.61,100.61,100.57,100.59,0,0
2YCHP.B,D,20240702,000000,100.59,100.65,100.59,100.65,0,0
2YCHP.B,D,20240703,000000,100.65,100.65,100.63,100.63,0,0
2YCHP.B,D,20240704,000000,100.63,100.63,100.63,100.63,0,0
2YCHP.B,D,20240705,000000,100.6,100.64,100.6,100.64,0,0
2YCHP.B,D,20240708,000000,100.64,100.68,100.59,100.68,0,0
2YCHP.B,D,20240709,000000,100.68,100.68,100.64,100.64,0,0
2YCHP.B,D,20240710,000000,100.64,100.68,100.64,100.68,0,0
2YCHP.B,D,20240711,000000,100.68,100.68,100.68,100.68,0,0
2YCHP.B,D,20240712,000000,100.68,100.7,100.68,100.7,0,0
2YCHP.B,D,20240715,000000,100.7,100.7,100.69,100.69,0,0
2YCHP.B,D,20240716,000000,100.7,100.7,100.7,100.7,0,0
2YCHP.B,D,20240717,000000,100.7,100.7,100.63,100.63,0,0
2YCHP.B,D,20240718,000000,100.6,100.63,100.6,100.63,0,0
2YCHP.B,D,20240719,000000,100.6,100.6,100.59,100.59,0,0
2YCHP.B,D,20240722,000000,100.59,100.59,100.59,100.59,0,0
2YCHP.B,D,20240723,000000,100.59,100.62,100.59,100.62,0,0
2YCHP.B,D,20240724,000000,100.62,100.7,100.62,100.7,0,0
2YCHP.B,D,20240725,000000,100.63,100.73,100.63,100.73,0,0
2YCHP.B,D,20240726,000000,100.73,100.73,100.73,100.73,0,0
2YCHP.B,D,20240729,000000,100.73,100.73,100.71,100.71,0,0
2YCHP.B,D,20240730,000000,100.63,100.63,100.63,100.63,0,0
2YCHP.B,D,20240731,000000,100.63,100.7,100.63,100.7,0,0
2YCHP.B,D,20240802,000000,100.7,100.7,100.65,100.7,0,0
2YCHP.B,D,20240805,000000,100.7,100.7,100.7,100.7,0,0
2YCHP.B,D,20240806,000000,100.78,100.78,100.75,100.75,0,0
2YCHP.B,D,20240807,000000,100.75,100.75,100.69,100.69,0,0
2YCHP.B,D,20240808,000000,100.69,100.69,100.69,100.69,0,0
2YCHP.B,D,20240809,000000,100.75,100.76,100.75,100.76,0,0
2YCHP.B,D,20240812,000000,100.76,100.76,100.68,100.76,0,0
2YCHP.B,D,20240813,000000,100.77,100.77,100.71,100.71,0,0
2YCHP.B,D,20240814,000000,100.71,100.71,100.7,100.7,0,0
2YCHP.B,D,20240815,000000,100.69,100.69,100.66,100.66,0,0
2YCHP.B,D,20240816,000000,100.66,100.75,100.66,100.75,0,0
2YCHP.B,D,20240819,000000,100.75,100.76,100.75,100.76,0,0
2YCHP.B,D,20240820,000000,100.74,100.74,100.69,100.69,0,0
2YCHP.B,D,20240821,000000,100.68,100.75,100.68,100.75,0,0
2YCHP.B,D,20240822,000000,100.75,100.75,100.68,100.68,0,0
2YCHP.B,D,20240823,000000,100.68,100.68,100.67,100.67,0,0
2YCHP.B,D,20240826,000000,100.67,100.73,100.67,100.73,0,0
2YCHP.B,D,20240827,000000,100.73,100.73,100.62,100.62,0,0
2YCHP.B,D,20240828,000000,100.62,100.73,100.62,100.73,0,0
2YCHP.B,D,20240829,000000,100.73,100.73,100.73,100.73,0,0
2YCHP.B,D,20240830,000000,100.73,100.73,100.73,100.73,0,0
2YCHP.B,D,20240902,000000,100.73,100.73,100.67,100.67,0,0
2YCHP.B,D,20240903,000000,100.69,100.72,100.69,100.72,0,0
2YCHP.B,D,20240904,000000,100.72,100.72,100.72,100.72,0,0
2YCHP.B,D,20240905,000000,100.72,100.72,100.72,100.72,0,0
2YCHP.B,D,20240906,000000,100.73,100.73,100.68,100.68,0,0
2YCHP.B,D,20240909,000000,100.68,100.7,100.64,100.64,0,0
2YCHP.B,D,20240910,000000,100.67,100.73,100.67,100.73,0,0
2YCHP.B,D,20240911,000000,100.73,100.75,100.73,100.75,0,0
2YCHP.B,D,20240912,000000,100.75,100.75,100.68,100.68,0,0
2YCHP.B,D,20240913,000000,100.68,100.69,100.68,100.69,0,0
2YCHP.B,D,20240916,000000,100.69,100.69,100.65,100.67,0,0
2YCHP.B,D,20240917,000000,100.67,100.67,100.67,100.67,0,0
2YCHP.B,D,20240918,000000,100.69,100.73,100.69,100.73,0,0
2YCHP.B,D,20240919,000000,100.73,100.73,100.73,100.73,0,0
2YCHP.B,D,20240920,000000,100.66,100.71,100.66,100.71,0,0
2YCHP.B,D,20240923,000000,100.71,100.72,100.71,100.72,0,0
2YCHP.B,D,20240924,000000,100.73,100.73,100.73,100.73,0,0
2YCHP.B,D,20240925,000000,100.67,100.76,100.67,100.76,0,0
2YCHP.B,D,20240926,000000,100.76,100.76,100.74,100.74,0,0
2YCHP.B,D,20240927,000000,100.74,100.74,100.67,100.67,0,0
2YCHP.B,D,20240930,000000,100.67,100.75,100.67,100.7,0,0
2YCHP.B,D,20241001,000000,100.7,100.76,100.7,100.76,0,0
2YCHP.B,D,20241002,000000,100.76,100.76,100.76,100.76,0,0
2YCHP.B,D,20241003,000000,100.76,100.77,100.76,100.77,0,0
2YCHP.B,D,20241004,000000,100.77,100.77,100.68,100.68,0,0
2YCHP.B,D,20241007,000000,100.68,100.73,100.66,100.66,0,0
2YCHP.B,D,20241008,000000,100.68,100.68,100.67,100.67,0,0
2YCHP.B,D,20241009,000000,100.73,100.73,100.66,100.66,0,0
2YCHP.B,D,20241010,000000,100.66,100.71,100.66,100.71,0,0
2YCHP.B,D,20241011,000000,100.71,100.75,100.71,100.75,0,0
2YCHP.B,D,20241014,000000,100.75,100.75,100.74,100.74,0,0
2YCHP.B,D,20241015,000000,100.74,100.75,100.74,100.75,0,0
2YCHP.B,D,20241016,000000,100.78,100.78,100.75,100.75,0,0
2YCHP.B,D,20241017,000000,100.67,100.68,100.67,100.68,0,0
2YCHP.B,D,20241018,000000,100.68,100.68,100.68,100.68,0,0
2YCHP.B,D,20241021,000000,100.68,100.76,100.68,100.76,0,0
2YCHP.B,D,20241022,000000,100.7,100.7,100.7,100.7,0,0
2YCHP.B,D,20241023,000000,100.7,100.7,100.7,100.7,0,0
2YCHP.B,D,20241024,000000,100.78,100.78,100.78,100.78,0,0
2YCHP.B,D,20241025,000000,100.71,100.72,100.71,100.72,0,0
2YCHP.B,D,20241028,000000,100.72,100.8,100.72,100.8,0,0
2YCHP.B,D,20241029,000000,100.8,100.8,100.79,100.79,0,0
2YCHP.B,D,20241030,000000,100.79,100.8,100.79,100.8,0,0
2YCHP.B,D,20241031,000000,100.8,100.8,100.8,100.8,0,0
2YCHP.B,D,20241101,000000,100.8,100.8,100.73,100.73,0,0
2YCHP.B,D,20241104,000000,100.73,100.8,100.73,100.8,0,0
2YCHP.B,D,20241105,000000,100.73,100.75,100.73,100.75,0,0
2YCHP.B,D,20241106,000000,100.75,100.75,100.73,100.73,0,0
2YCHP.B,D,20241107,000000,100.74,100.79,100.74,100.79,0,0
2YCHP.B,D,20241108,000000,100.79,100.79,100.72,100.76,0,0
2YCHP.B,D,20241111,000000,100.76,100.78,100.7,100.78,0,0
2YCHP.B,D,20241112,000000,100.78,100.78,100.78,100.78,0,0
2YCHP.B,D,20241113,000000,100.7,100.77,100.7,100.77,0,0
2YCHP.B,D,20241114,000000,100.77,100.77,100.69,100.7,0,0
2YCHP.B,D,20241115,000000,100.7,100.72,100.7,100.72,0,0
2YCHP.B,D,20241118,000000,100.72,100.75,100.72,100.75,0,0
2YCHP.B,D,20241119,000000,100.75,100.75,100.7,100.7,0,0
2YCHP.B,D,20241120,000000,100.7,100.7,100.68,100.68,0,0
2YCHP.B,D,20241121,000000,100.68,100.75,100.68,100.75,0,0
2YCHP.B,D,20241122,000000,100.75,100.75,100.7,100.7,0,0
2YCHP.B,D,20241125,000000,100.7,100.7,100.7,100.7,0,0
2YCHP.B,D,20241126,000000,100.71,100.71,100.7,100.7,0,0
2YCHP.B,D,20241127,000000,100.7,100.7,100.69,100.69,0,0
2YCHP.B,D,20241128,000000,100.69,100.7,100.69,100.7,0,0
2YCHP.B,D,20241129,000000,100.7,100.7,100.7,100.7,0,0
2YCHP.B,D,20241202,000000,100.7,100.7,100.7,100.7,0,0
2YCHP.B,D,20241203,000000,100.7,100.71,100.7,100.71,0,0
2YCHP.B,D,20241204,000000,100.72,100.72,100.7,100.7,0,0
2YCHP.B,D,20241205,000000,100.7,100.74,100.7,100.74,0,0
2YCHP.B,D,20241206,000000,100.74,100.74,100.68,100.68,0,0
2YCHP.B,D,20241209,000000,100.68,100.68,100.67,100.68,0,0
2YCHP.B,D,20241210,000000,100.68,100.68,100.68,100.68,0,0
2YCHP.B,D,20241211,000000,100.68,100.72,100.68,100.72,0,0
2YCHP.B,D,20241212,000000,100.69,100.72,100.69,100.72,0,0
2YCHP.B,D,20241213,000000,100.74,100.79,100.74,100.79,0,0
2YCHP.B,D,20241216,000000,100.79,100.79,100.75,100.76,0,0
2YCHP.B,D,20241217,000000,100.72,100.75,100.72,100.75,0,0
2YCHP.B,D,20241218,000000,100.73,100.74,100.73,100.74,0,0
2YCHP.B,D,20241219,000000,100.74,100.74,100.72,100.72,0,0
2YCHP.B,D,20241220,000000,100.76,100.76,100.76,100.76,0,0
2YCHP.B,D,20241223,000000,100.76,100.76,100.72,100.72,0,0
2YCHP.B,D,20241225,000000,100.72,100.72,100.72,100.72,0,0
2YCHP.B,D,20241226,000000,100.72,100.72,100.72,100.72,0,0
2YCHP.B,D,20241227,000000,100.72,100.78,100.71,100.78,0,0
2YCHP.B,D,20241230,000000,100.78,100.78,100.71,100.71,0,0
2YCHP.B,D,20250101,000000,100.71,100.71,100.71,100.71,0,0
2YCHP.B,D,20250102,000000,100.71,100.71,100.71,100.71,0,0
2YCHP.B,D,20250103,000000,100.71,100.77,100.7,100.7,0,0
2YCHP.B,D,20250106,000000,100.7,100.7,100.7,100.7,0,0
2YCHP.B,D,20250107,000000,100.72,100.72,100.66,100.66,0,0
2YCHP.B,D,20250108,000000,100.73,100.74,100.73,100.74,0,0
2YCHP.B,D,20250109,000000,100.74,100.74,100.67,100.67,0,0
2YCHP.B,D,20250110,000000,100.67,100.67,100.65,100.65,0,0
2YCHP.B,D,20250113,000000,100.65,100.65,100.65,100.65,0,0
2YCHP.B,D,20250114,000000,100.68,100.68,100.68,100.68,0,0
2YCHP.B,D,20250115,000000,100.65,100.65,100.65,100.65,0,0
2YCHP.B,D,20250116,000000,100.62,100.62,100.62,100.62,0,0
2YCHP.B,D,20250117,000000,100.62,100.62,100.62,100.62,0,0
2YCHP.B,D,20250120,000000,100.62,100.62,100.62,100.62,0,0
2YCHP.B,D,20250121,000000,100.61,100.61,100.61,100.61,0,0
2YCHP.B,D,20250122,000000,100.65,100.65,100.65,100.65,0,0
2YCHP.B,D,20250123,000000,100.65,100.65,100.64,100.64,0,0
2YCHP.B,D,20250124,000000,100.6,100.6,100.57,100.57,0,0
2YCHP.B,D,20250127,000000,100.57,100.57,100.57,100.57,0,0
2YCHP.B,D,20250128,000000,100.57,100.57,100.55,100.57,0,0
2YCHP.B,D,20250129,000000,100.57,100.57,100.57,100.57,0,0
2YCHP.B,D,20250130,000000,100.58,100.58,100.57,100.57,0,0
2YCHP.B,D,20250131,000000,100.57,100.62,100.57,100.62,0,0
2YCHP.B,D,20250203,000000,100.62,107.62,100.62,107.57,0,0
2YCHP.B,D,20250204,000000,107.57,107.57,107.44,107.44,0,0
2YCHP.B,D,20250205,000000,107.44,107.49,107.44,107.49,0,0
2YCHP.B,D,20250206,000000,107.4,107.4,107.4,107.4,0,0
2YCHP.B,D,20250207,000000,107.4,107.4,107.4,107.4,0,0
2YCHP.B,D,20250210,000000,107.4,107.47,107.4,107.47,0,0
2YCHP.B,D,20250211,000000,107.47,107.47,107.42,107.42,0,0
2YCHP.B,D,20250212,000000,107.43,107.43,107.43,107.43,0,0
2YCHP.B,D,20250213,000000,107.43,107.43,107.26,107.26,0,0
2YCHP.B,D,20250214,000000,107.33,107.33,107.27,107.27,0,0
