<TICKER>,<PER>,<DATE>,<TIME>,<OPEN>,<HIGH>,<LOW>,<CLOSE>,<VOL>,<OPENINT>
2YJPP.B,D,20240321,000000,100.0225,100.0225,100.0205,100.0205,0,0
2YJPP.B,D,20240322,000000,99.9985,99.9985,99.9985,99.9985,0,0
2YJPP.B,D,20240325,000000,99.9985,100.0055,99.9985,100.0055,0,0
2YJPP.B,D,20240326,000000,100.0165,100.0165,100.0165,100.0165,0,0
2YJPP.B,D,20240327,000000,100.0125,100.0125,100.0125,100.0125,0,0
2YJPP.B,D,20240328,000000,100.0215,100.0215,100.0215,100.0215,0,0
2YJPP.B,D,20240329,000000,100.0475,100.0475,100.0475,100.0475,0,0
2YJPP.B,D,20240401,000000,100.0475,100.0475,100.021,100.021,0,0
2YJPP.B,D,20240402,000000,100.021,100.021,100.008,100.008,0,0
2YJPP.B,D,20240403,000000,100.012,100.036,100.012,100.036,0,0
2YJPP.B,D,20240404,000000,100.014,100.023,100.014,100.023,0,0
2YJPP.B,D,20240405,000000,99.995,99.995,99.9815,99.9815,0,0
2YJPP.B,D,20240408,000000,99.9815,99.9815,99.947,99.947,0,0
2YJPP.B,D,20240409,000000,99.9605,99.964,99.9605,99.964,0,0
2YJPP.B,D,20240410,000000,99.94,99.945,99.94,99.945,0,0
2YJPP.B,D,20240411,000000,99.8775,99.8775,99.872,99.872,0,0
2YJPP.B,D,20240412,000000,99.875,99.875,99.875,99.875,0,0
2YJPP.B,D,20240415,000000,99.875,99.875,99.8575,99.8575,0,0
2YJPP.B,D,20240416,000000,99.857,99.857,99.8495,99.8495,0,0
2YJPP.B,D,20240417,000000,99.8515,99.853,99.8515,99.853,0,0
2YJPP.B,D,20240418,000000,99.8645,99.8665,99.8645,99.8665,0,0
2YJPP.B,D,20240419,000000,99.8865,99.8885,99.8865,99.8885,0,0
2YJPP.B,D,20240422,000000,99.8885,99.8885,99.8445,99.8445,0,0
2YJPP.B,D,20240423,000000,99.8415,99.8415,99.8325,99.8325,0,0
2YJPP.B,D,20240424,000000,99.993,99.996,99.993,99.996,0,0
2YJPP.B,D,20240425,000000,99.986,99.989,99.986,99.989,0,0
2YJPP.B,D,20240426,000000,100.049,100.049,100.0025,100.0025,0,0
2YJPP.B,D,20240430,000000,100.053,100.061,100.053,100.061,0,0
2YJPP.B,D,20240501,000000,100.048,100.048,100.048,100.048,0,0
2YJPP.B,D,20240502,000000,100.048,100.048,100.024,100.03,0,0
2YJPP.B,D,20240507,000000,100.053,100.0565,100.053,100.0565,0,0
2YJPP.B,D,20240508,000000,100.0375,100.0375,100.0285,100.0285,0,0
2YJPP.B,D,20240509,000000,99.9815,99.9815,99.974,99.974,0,0
2YJPP.B,D,20240510,000000,99.9735,99.975,99.9735,99.975,0,0
2YJPP.B,D,20240513,000000,99.975,99.975,99.9365,99.9365,0,0
2YJPP.B,D,20240514,000000,99.931,99.931,99.918,99.918,0,0
2YJPP.B,D,20240515,000000,99.9385,99.9385,99.938,99.938,0,0
2YJPP.B,D,20240516,000000,99.938,99.957,99.938,99.957,0,0
2YJPP.B,D,20240517,000000,99.941,99.941,99.9375,99.9375,0,0
2YJPP.B,D,20240520,000000,99.9375,99.9375,99.9205,99.9205,0,0
2YJPP.B,D,20240521,000000,99.9205,99.929,99.9205,99.929,0,0
2YJPP.B,D,20240522,000000,99.9065,99.9135,99.9065,99.9135,0,0
2YJPP.B,D,20240523,000000,99.92,99.9335,99.92,99.9335,0,0
2YJPP.B,D,20240524,000000,99.931,99.9345,99.931,99.9345,0,0
2YJPP.B,D,20240527,000000,99.9345,99.9345,99.9125,99.9135,0,0
2YJPP.B,D,20240528,000000,99.9215,99.9215,99.9175,99.9175,0,0
2YJPP.B,D,20240529,000000,99.8595,99.8595,99.8585,99.8585,0,0
2YJPP.B,D,20240530,000000,99.8445,99.8535,99.8445,99.8535,0,0
2YJPP.B,D,20240531,000000,100.018,100.018,99.997,99.997,0,0
2YJPP.B,D,20240603,000000,99.997,100.004,99.992,99.992,0,0
2YJPP.B,D,20240604,000000,100.055,100.055,100.034,100.034,0,0
2YJPP.B,D,20240605,000000,100.0715,100.0965,100.0715,100.0965,0,0
2YJPP.B,D,20240606,000000,100.112,100.1215,100.112,100.1215,0,0
2YJPP.B,D,20240607,000000,100.1075,100.1105,100.1075,100.1105,0,0
2YJPP.B,D,20240610,000000,100.1105,100.1105,100.039,100.039,0,0
2YJPP.B,D,20240611,000000,100.074,100.0865,100.074,100.0865,0,0
2YJPP.B,D,20240612,000000,100.123,100.1285,100.123,100.1285,0,0
2YJPP.B,D,20240613,000000,100.154,100.154,100.146,100.146,0,0
2YJPP.B,D,20240614,000000,100.204,100.2055,100.204,100.2055,0,0
2YJPP.B,D,20240617,000000,100.2055,100.223,100.2055,100.2195,0,0
2YJPP.B,D,20240618,000000,100.239,100.239,100.226,100.226,0,0
2YJPP.B,D,20240619,000000,100.227,100.236,100.227,100.236,0,0
2YJPP.B,D,20240620,000000,100.219,100.221,100.219,100.221,0,0
2YJPP.B,D,20240621,000000,100.2145,100.2145,100.191,100.191,0,0
2YJPP.B,D,20240624,000000,100.191,100.1985,100.191,100.1985,0,0
2YJPP.B,D,20240625,000000,100.19,100.1925,100.19,100.1925,0,0
2YJPP.B,D,20240626,000000,100.1595,100.1595,100.1595,100.1595,0,0
2YJPP.B,D,20240627,000000,100.1155,100.1155,100.1055,100.1055,0,0
2YJPP.B,D,20240628,000000,100.0685,100.094,100.0685,100.094,0,0
2YJPP.B,D,20240701,000000,100.094,100.094,100.081,100.089,0,0
2YJPP.B,D,20240702,000000,100.082,100.082,100.0745,100.0745,0,0
2YJPP.B,D,20240703,000000,100.1105,100.1105,100.096,100.096,0,0
2YJPP.B,D,20240704,000000,100.1235,100.129,100.1235,100.129,0,0
2YJPP.B,D,20240705,000000,100.114,100.1215,100.114,100.1215,0,0
2YJPP.B,D,20240708,000000,100.1215,100.1215,100.0825,100.0865,0,0
2YJPP.B,D,20240709,000000,100.0865,100.1045,100.0865,100.1045,0,0
2YJPP.B,D,20240710,000000,100.136,100.136,100.1285,100.1285,0,0
2YJPP.B,D,20240711,000000,100.129,100.129,100.129,100.129,0,0
2YJPP.B,D,20240712,000000,100.128,100.149,100.128,100.149,0,0
2YJPP.B,D,20240716,000000,100.177,100.177,100.177,100.177,0,0
2YJPP.B,D,20240717,000000,100.1575,100.162,100.1575,100.162,0,0
2YJPP.B,D,20240718,000000,100.1225,100.1225,100.1225,100.1225,0,0
2YJPP.B,D,20240719,000000,100.1055,100.1055,100.1055,100.1055,0,0
2YJPP.B,D,20240722,000000,100.1055,100.122,100.0935,100.0935,0,0
2YJPP.B,D,20240723,000000,100.1055,100.1055,100.1,100.1,0,0
2YJPP.B,D,20240724,000000,100.0565,100.0585,100.0565,100.0585,0,0
2YJPP.B,D,20240725,000000,100.0385,100.0385,100.0045,100.0045,0,0
2YJPP.B,D,20240726,000000,100.0165,100.0175,100.0165,100.0175,0,0
2YJPP.B,D,20240729,000000,100.0175,100.0205,100.0115,100.0205,0,0
2YJPP.B,D,20240730,000000,100.058,100.066,100.058,100.066,0,0
2YJPP.B,D,20240731,000000,99.9015,99.9015,99.8945,99.8945,0,0
2YJPP.B,D,20240801,000000,99.872,99.872,99.872,99.872,0,0
2YJPP.B,D,20240802,000000,99.999,99.999,99.975,99.975,0,0
2YJPP.B,D,20240805,000000,99.975,100.293,99.975,100.293,0,0
2YJPP.B,D,20240806,000000,100.2225,100.2335,100.2225,100.2335,0,0
2YJPP.B,D,20240807,000000,100.233,100.256,100.233,100.256,0,0
2YJPP.B,D,20240808,000000,100.244,100.269,100.244,100.269,0,0
2YJPP.B,D,20240809,000000,100.2295,100.2295,100.2095,100.2095,0,0
2YJPP.B,D,20240813,000000,100.203,100.203,100.2015,100.2015,0,0
2YJPP.B,D,20240814,000000,100.21,100.21,100.207,100.207,0,0
2YJPP.B,D,20240815,000000,100.158,100.164,100.158,100.164,0,0
2YJPP.B,D,20240816,000000,100.092,100.092,100.092,100.092,0,0
2YJPP.B,D,20240819,000000,100.092,100.092,100.0645,100.0735,0,0
2YJPP.B,D,20240820,000000,100.081,100.081,100.081,100.081,0,0
2YJPP.B,D,20240821,000000,100.0925,100.1095,100.0925,100.1095,0,0
2YJPP.B,D,20240822,000000,100.096,100.096,100.0745,100.0745,0,0
2YJPP.B,D,20240823,000000,100.0595,100.0685,100.0595,100.0685,0,0
2YJPP.B,D,20240826,000000,100.0685,100.0875,100.0685,100.0875,0,0
2YJPP.B,D,20240827,000000,100.0785,100.0785,100.0775,100.0775,0,0
2YJPP.B,D,20240828,000000,100.0505,100.0575,100.0505,100.0575,0,0
2YJPP.B,D,20240829,000000,100.0925,100.0925,100.0925,100.0925,0,0
2YJPP.B,D,20240830,000000,100.079,100.079,100.079,100.079,0,0
2YJPP.B,D,20240902,000000,100.079,100.079,100.06,100.06,0,0
2YJPP.B,D,20240903,000000,100.0345,100.0345,100.0345,100.0345,0,0
2YJPP.B,D,20240904,000000,100.056,100.056,100.055,100.055,0,0
2YJPP.B,D,20240905,000000,100.052,100.058,100.052,100.058,0,0
2YJPP.B,D,20240906,000000,100.0545,100.0545,100.048,100.048,0,0
2YJPP.B,D,20240909,000000,100.048,100.048,100.015,100.016,0,0
2YJPP.B,D,20240910,000000,100.0145,100.0145,100.0145,100.0145,0,0
2YJPP.B,D,20240911,000000,100.048,100.059,100.048,100.059,0,0
2YJPP.B,D,20240912,000000,100.0245,100.0305,100.0245,100.0305,0,0
2YJPP.B,D,20240913,000000,100.028,100.03,100.028,100.03,0,0
2YJPP.B,D,20240917,000000,100.0375,100.0435,100.0375,100.0435,0,0
2YJPP.B,D,20240918,000000,100.0465,100.0465,100.043,100.043,0,0
2YJPP.B,D,20240919,000000,100.0405,100.0405,100.0405,100.0405,0,0
2YJPP.B,D,20240920,000000,100.0555,100.0555,100.0205,100.0205,0,0
2YJPP.B,D,20240924,000000,100.1045,100.1045,100.1045,100.1045,0,0
2YJPP.B,D,20240925,000000,100.113,100.113,100.1125,100.1125,0,0
2YJPP.B,D,20240926,000000,100.1245,100.1245,100.1245,100.1245,0,0
2YJPP.B,D,20240927,000000,100.0745,100.1625,100.0745,100.1625,0,0
2YJPP.B,D,20240930,000000,100.1625,100.1625,100.0275,100.0335,0,0
2YJPP.B,D,20241001,000000,100.034,100.039,100.034,100.039,0,0
2YJPP.B,D,20241002,000000,100.062,100.0765,100.062,100.0765,0,0
2YJPP.B,D,20241003,000000,100.074,100.074,100.074,100.074,0,0
2YJPP.B,D,20241004,000000,100.062,100.062,100.062,100.062,0,0
2YJPP.B,D,20241007,000000,100.062,100.062,99.981,99.9885,0,0
2YJPP.B,D,20241008,000000,99.9935,99.9935,99.988,99.988,0,0
2YJPP.B,D,20241009,000000,99.997,100.001,99.997,100.001,0,0
2YJPP.B,D,20241010,000000,99.9815,99.984,99.9815,99.984,0,0
2YJPP.B,D,20241011,000000,99.984,99.984,99.984,99.984,0,0
2YJPP.B,D,20241015,000000,99.9665,99.9665,99.9665,99.9665,0,0
2YJPP.B,D,20241016,000000,99.967,99.967,99.9615,99.9615,0,0
2YJPP.B,D,20241017,000000,99.9435,99.9435,99.9435,99.9435,0,0
2YJPP.B,D,20241018,000000,99.9365,99.9365,99.9365,99.9365,0,0
2YJPP.B,D,20241021,000000,99.9365,99.942,99.9365,99.942,0,0
2YJPP.B,D,20241022,000000,99.9155,99.9155,99.9155,99.9155,0,0
2YJPP.B,D,20241023,000000,99.9175,99.9175,99.9175,99.9175,0,0
2YJPP.B,D,20241024,000000,99.9115,99.9185,99.9115,99.9185,0,0
2YJPP.B,D,20241025,000000,99.9105,99.9105,99.9105,99.9105,0,0
2YJPP.B,D,20241028,000000,99.9105,99.9105,99.8975,99.8975,0,0
2YJPP.B,D,20241029,000000,99.9045,99.9045,99.9045,99.9045,0,0
2YJPP.B,D,20241030,000000,100.129,100.129,100.129,100.129,0,0
2YJPP.B,D,20241031,000000,100.129,100.13,100.129,100.13,0,0
2YJPP.B,D,20241101,000000,100.13,100.13,100.082,100.082,0,0
2YJPP.B,D,20241105,000000,100.114,100.114,100.114,100.114,0,0
2YJPP.B,D,20241106,000000,100.114,100.114,100.055,100.055,0,0
2YJPP.B,D,20241107,000000,100.0115,100.0115,100.0115,100.0115,0,0
2YJPP.B,D,20241108,000000,100.0115,100.0115,99.999,99.999,0,0
2YJPP.B,D,20241111,000000,99.999,100.013,99.999,100.013,0,0
2YJPP.B,D,20241112,000000,100.013,100.013,100.004,100.004,0,0
2YJPP.B,D,20241113,000000,99.967,99.967,99.967,99.967,0,0
2YJPP.B,D,20241114,000000,99.967,99.967,99.9385,99.9385,0,0
2YJPP.B,D,20241115,000000,99.9075,99.9075,99.9075,99.9075,0,0
2YJPP.B,D,20241118,000000,99.9075,99.9075,99.9025,99.9025,0,0
2YJPP.B,D,20241119,000000,99.9185,99.9185,99.9185,99.9185,0,0
2YJPP.B,D,20241120,000000,99.9185,99.9185,99.9075,99.9075,0,0
2YJPP.B,D,20241121,000000,99.8615,99.8615,99.8615,99.8615,0,0
2YJPP.B,D,20241122,000000,99.8565,99.8565,99.8565,99.8565,0,0
2YJPP.B,D,20241125,000000,99.8565,99.8565,99.8405,99.8405,0,0
2YJPP.B,D,20241126,000000,99.8265,99.8265,99.8265,99.8265,0,0
2YJPP.B,D,20241127,000000,99.8265,99.8265,99.8255,99.8255,0,0
2YJPP.B,D,20241128,000000,99.8545,99.8545,99.8545,99.8545,0,0
2YJPP.B,D,20241129,000000,99.8545,99.8545,99.8385,99.8385,0,0
2YJPP.B,D,20241202,000000,99.8385,99.964,99.8385,99.964,0,0
2YJPP.B,D,20241203,000000,99.964,99.979,99.964,99.979,0,0
2YJPP.B,D,20241204,000000,100.0345,100.0345,100.0345,100.0345,0,0
2YJPP.B,D,20241205,000000,100.002,100.002,100.002,100.002,0,0
2YJPP.B,D,20241206,000000,100.044,100.044,100.044,100.044,0,0
2YJPP.B,D,20241209,000000,100.044,100.0535,100.044,100.0535,0,0
2YJPP.B,D,20241210,000000,100.038,100.038,100.038,100.038,0,0
2YJPP.B,D,20241211,000000,100.021,100.021,100.021,100.021,0,0
2YJPP.B,D,20241212,000000,100.0465,100.0465,100.0465,100.0465,0,0
2YJPP.B,D,20241213,000000,100.0785,100.0785,100.0785,100.0785,0,0
2YJPP.B,D,20241216,000000,100.0785,100.0785,100.0385,100.0385,0,0
2YJPP.B,D,20241217,000000,100.0285,100.0285,100.0285,100.0285,0,0
2YJPP.B,D,20241218,000000,100.027,100.027,100.027,100.027,0,0
2YJPP.B,D,20241219,000000,99.9945,99.9945,99.9945,99.9945,0,0
2YJPP.B,D,20241220,000000,100.0535,100.0535,100.0535,100.0535,0,0
2YJPP.B,D,20241223,000000,100.0535,100.0535,100.0355,100.0355,0,0
2YJPP.B,D,20241225,000000,100.0355,100.0355,100.0355,100.0355,0,0
2YJPP.B,D,20241226,000000,100.0355,100.0355,100.0125,100.0125,0,0
2YJPP.B,D,20241227,000000,99.9925,99.9925,99.9925,99.9925,0,0
2YJPP.B,D,20241230,000000,99.9925,100.004,99.9925,100.004,0,0
2YJPP.B,D,20250101,000000,100.004,100.004,100.004,100.004,0,0
2YJPP.B,D,20250102,000000,100.004,100.004,100.004,100.004,0,0
2YJPP.B,D,20250103,000000,100.004,100.004,100.004,100.004,0,0
2YJPP.B,D,20250106,000000,100.004,100.004,99.9475,99.9475,0,0
2YJPP.B,D,20250107,000000,99.941,99.941,99.941,99.941,0,0
2YJPP.B,D,20250108,000000,99.91,99.91,99.91,99.91,0,0
2YJPP.B,D,20250109,000000,99.912,99.912,99.912,99.912,0,0
2YJPP.B,D,20250110,000000,99.8765,99.8765,99.8765,99.8765,0,0
2YJPP.B,D,20250113,000000,99.8765,99.8765,99.8765,99.8765,0,0
2YJPP.B,D,20250114,000000,99.8485,99.8485,99.8485,99.8485,0,0
2YJPP.B,D,20250115,000000,99.8015,99.8015,99.8015,99.8015,0,0
2YJPP.B,D,20250116,000000,99.8135,99.8135,99.8135,99.8135,0,0
2YJPP.B,D,20250117,000000,99.829,99.829,99.829,99.829,0,0
2YJPP.B,D,20250120,000000,99.829,99.8525,99.829,99.8525,0,0
2YJPP.B,D,20250121,000000,99.868,99.868,99.868,99.868,0,0
2YJPP.B,D,20250122,000000,99.8335,99.8335,99.8335,99.8335,0,0
2YJPP.B,D,20250123,000000,99.8195,99.8195,99.8195,99.8195,0,0
2YJPP.B,D,20250124,000000,99.7815,99.7815,99.7815,99.7815,0,0
2YJPP.B,D,20250127,000000,99.7815,99.8255,99.7815,99.8255,0,0
2YJPP.B,D,20250128,000000,99.8255,99.8405,99.8255,99.8405,0,0
2YJPP.B,D,20250129,000000,99.8225,99.8225,99.8225,99.8225,0,0
2YJPP.B,D,20250130,000000,99.7935,99.7935,99.7935,99.7935,0,0
2YJPP.B,D,20250131,000000,99.7795,99.7795,99.7795,99.7795,0,0
2YJPP.B,D,20250203,000000,99.7795,99.9625,99.7795,99.9625,0,0
2YJPP.B,D,20250204,000000,99.9295,99.9295,99.9295,99.9295,0,0
2YJPP.B,D,20250205,000000,99.903,99.903,99.903,99.903,0,0
2YJPP.B,D,20250206,000000,99.8775,99.8775,99.8775,99.8775,0,0
2YJPP.B,D,20250207,000000,99.8275,99.8275,99.8275,99.8275,0,0
2YJPP.B,D,20250210,000000,99.8275,99.8275,99.813,99.813,0,0
2YJPP.B,D,20250211,000000,99.813,99.813,99.813,99.813,0,0
2YJPP.B,D,20250212,000000,99.81,99.81,99.81,99.81,0,0
2YJPP.B,D,20250213,000000,99.847,99.847,99.847,99.847,0,0
2YJPP.B,D,20250214,000000,99.819,99.819,99.819,99.819,0,0
