<TICKER>,<PER>,<DATE>,<TIME>,<OPEN>,<HIGH>,<LOW>,<CLOSE>,<VOL>,<OPENINT>
2YUKP.B,D,20240321,000000,92.864,92.869,92.864,92.869,0,0
2YUKP.B,D,20240322,000000,92.948,92.948,92.935,92.935,0,0
2YUKP.B,D,20240325,000000,92.935,92.99,92.843,92.843,0,0
2YUKP.B,D,20240326,000000,92.924,92.924,92.899,92.899,0,0
2YUKP.B,D,20240327,000000,92.895,92.932,92.895,92.932,0,0
2YUKP.B,D,20240328,000000,92.922,92.922,92.922,92.922,0,0
2YUKP.B,D,20240402,000000,92.958,92.958,92.827,92.827,0,0
2YUKP.B,D,20240403,000000,92.854,92.892,92.854,92.892,0,0
2YUKP.B,D,20240404,000000,92.935,93.022,92.935,93.022,0,0
2YUKP.B,D,20240405,000000,93.02,93.02,92.959,92.959,0,0
2YUKP.B,D,20240408,000000,92.959,92.959,92.899,92.933,0,0
2YUKP.B,D,20240409,000000,93.008,93.014,93.008,93.014,0,0
2YUKP.B,D,20240410,000000,92.992,92.992,92.778,92.778,0,0
2YUKP.B,D,20240411,000000,92.643,92.674,92.643,92.674,0,0
2YUKP.B,D,20240412,000000,92.823,92.823,92.823,92.823,0,0
2YUKP.B,D,20240415,000000,92.823,92.823,92.742,92.742,0,0
2YUKP.B,D,20240416,000000,92.705,92.705,92.601,92.601,0,0
2YUKP.B,D,20240417,000000,92.599,92.648,92.599,92.648,0,0
2YUKP.B,D,20240418,000000,92.717,92.717,92.667,92.667,0,0
2YUKP.B,D,20240419,000000,92.704,92.704,92.648,92.648,0,0
2YUKP.B,D,20240422,000000,92.648,92.892,92.648,92.892,0,0
2YUKP.B,D,20240423,000000,92.945,92.945,92.872,92.872,0,0
2YUKP.B,D,20240424,000000,92.87,92.87,92.723,92.723,0,0
2YUKP.B,D,20240425,000000,92.816,92.816,92.687,92.687,0,0
2YUKP.B,D,20240426,000000,92.781,92.793,92.781,92.793,0,0
2YUKP.B,D,20240429,000000,92.793,92.815,92.769,92.815,0,0
2YUKP.B,D,20240430,000000,92.808,92.808,92.751,92.751,0,0
2YUKP.B,D,20240501,000000,92.723,92.723,92.723,92.723,0,0
2YUKP.B,D,20240502,000000,92.723,92.876,92.723,92.876,0,0
2YUKP.B,D,20240503,000000,92.928,93.016,92.928,93.016,0,0
2YUKP.B,D,20240507,000000,93.124,93.124,93.109,93.109,0,0
2YUKP.B,D,20240508,000000,93.122,93.134,93.122,93.134,0,0
2YUKP.B,D,20240509,000000,93.097,93.18,93.097,93.18,0,0
2YUKP.B,D,20240510,000000,93.268,93.268,93.21,93.21,0,0
2YUKP.B,D,20240513,000000,93.21,93.21,93.184,93.184,0,0
2YUKP.B,D,20240514,000000,93.178,93.202,93.178,93.202,0,0
2YUKP.B,D,20240515,000000,93.266,93.268,93.266,93.268,0,0
2YUKP.B,D,20240516,000000,93.268,93.346,93.268,93.304,0,0
2YUKP.B,D,20240517,000000,93.266,93.266,93.253,93.253,0,0
2YUKP.B,D,20240520,000000,93.253,93.253,93.198,93.198,0,0
2YUKP.B,D,20240521,000000,93.198,93.256,93.198,93.256,0,0
2YUKP.B,D,20240522,000000,93.082,93.108,93.082,93.108,0,0
2YUKP.B,D,20240523,000000,93.018,93.018,92.99,92.99,0,0
2YUKP.B,D,20240524,000000,93.056,93.056,93.044,93.044,0,0
2YUKP.B,D,20240528,000000,93.13,93.13,93.037,93.037,0,0
2YUKP.B,D,20240529,000000,93.008,93.008,92.976,92.976,0,0
2YUKP.B,D,20240530,000000,93.028,93.072,93.028,93.072,0,0
2YUKP.B,D,20240531,000000,93.116,93.254,93.116,93.254,0,0
2YUKP.B,D,20240603,000000,93.254,93.353,93.254,93.353,0,0
2YUKP.B,D,20240604,000000,93.381,93.381,93.337,93.337,0,0
2YUKP.B,D,20240605,000000,93.322,93.322,93.28,93.28,0,0
2YUKP.B,D,20240606,000000,93.33,93.426,93.33,93.426,0,0
2YUKP.B,D,20240607,000000,93.442,93.442,93.373,93.373,0,0
2YUKP.B,D,20240610,000000,93.373,93.373,93.289,93.289,0,0
2YUKP.B,D,20240611,000000,93.412,93.449,93.412,93.449,0,0
2YUKP.B,D,20240612,000000,93.492,93.612,93.492,93.612,0,0
2YUKP.B,D,20240613,000000,93.597,93.634,93.597,93.634,0,0
2YUKP.B,D,20240614,000000,93.768,93.793,93.768,93.793,0,0
2YUKP.B,D,20240617,000000,93.793,93.793,93.7,93.7,0,0
2YUKP.B,D,20240618,000000,93.734,93.83,93.734,93.83,0,0
2YUKP.B,D,20240619,000000,93.739,93.753,93.739,93.753,0,0
2YUKP.B,D,20240620,000000,93.738,93.817,93.738,93.817,0,0
2YUKP.B,D,20240621,000000,93.93,93.93,93.812,93.812,0,0
2YUKP.B,D,20240624,000000,93.812,93.873,93.812,93.873,0,0
2YUKP.B,D,20240625,000000,93.841,93.841,93.772,93.772,0,0
2YUKP.B,D,20240626,000000,93.777,93.777,93.777,93.777,0,0
2YUKP.B,D,20240627,000000,93.715,93.776,93.715,93.776,0,0
2YUKP.B,D,20240628,000000,93.785,93.785,93.753,93.753,0,0
2YUKP.B,D,20240701,000000,93.753,93.866,93.753,93.866,0,0
2YUKP.B,D,20240702,000000,93.887,93.925,93.887,93.925,0,0
2YUKP.B,D,20240703,000000,93.898,93.963,93.898,93.963,0,0
2YUKP.B,D,20240704,000000,93.939,93.939,93.913,93.913,0,0
2YUKP.B,D,20240705,000000,93.976,94.006,93.976,94.006,0,0
2YUKP.B,D,20240708,000000,94.006,94.075,94.006,94.033,0,0
2YUKP.B,D,20240709,000000,94.033,94.05,94.033,94.05,0,0
2YUKP.B,D,20240710,000000,94.094,94.094,94.064,94.064,0,0
2YUKP.B,D,20240711,000000,94.043,94.162,94.043,94.162,0,0
2YUKP.B,D,20240712,000000,94.136,94.16,94.136,94.16,0,0
2YUKP.B,D,20240715,000000,94.16,94.206,94.16,94.197,0,0
2YUKP.B,D,20240716,000000,94.256,94.302,94.256,94.302,0,0
2YUKP.B,D,20240717,000000,94.296,94.302,94.296,94.302,0,0
2YUKP.B,D,20240718,000000,94.307,94.307,94.307,94.307,0,0
2YUKP.B,D,20240719,000000,94.343,94.349,94.343,94.349,0,0
2YUKP.B,D,20240722,000000,94.349,94.349,94.305,94.305,0,0
2YUKP.B,D,20240723,000000,94.32,94.32,94.3,94.3,0,0
2YUKP.B,D,20240724,000000,94.351,94.379,94.351,94.379,0,0
2YUKP.B,D,20240725,000000,94.492,94.492,94.479,94.479,0,0
2YUKP.B,D,20240726,000000,94.484,94.536,94.484,94.536,0,0
2YUKP.B,D,20240729,000000,94.536,94.597,94.536,94.575,0,0
2YUKP.B,D,20240730,000000,94.592,94.641,94.592,94.641,0,0
2YUKP.B,D,20240731,000000,94.683,94.69,94.683,94.69,0,0
2YUKP.B,D,20240801,000000,94.736,94.736,94.736,94.736,0,0
2YUKP.B,D,20240802,000000,94.929,95.054,94.929,95.054,0,0
2YUKP.B,D,20240805,000000,95.054,95.113,95.024,95.024,0,0
2YUKP.B,D,20240806,000000,94.996,94.996,94.986,94.986,0,0
2YUKP.B,D,20240807,000000,94.923,94.979,94.923,94.979,0,0
2YUKP.B,D,20240808,000000,95.036,95.036,95.002,95.002,0,0
2YUKP.B,D,20240809,000000,95.037,95.065,95.037,95.065,0,0
2YUKP.B,D,20240812,000000,95.065,95.065,95.065,95.065,0,0
2YUKP.B,D,20240813,000000,95.056,95.129,95.056,95.129,0,0
2YUKP.B,D,20240814,000000,95.182,95.209,95.182,95.209,0,0
2YUKP.B,D,20240815,000000,95.161,95.161,95.055,95.055,0,0
2YUKP.B,D,20240816,000000,95.096,95.096,95.096,95.096,0,0
2YUKP.B,D,20240819,000000,95.096,95.097,95.038,95.038,0,0
2YUKP.B,D,20240820,000000,95.04,95.04,95.03,95.03,0,0
2YUKP.B,D,20240821,000000,95.046,95.046,95.032,95.032,0,0
2YUKP.B,D,20240822,000000,95.121,95.121,95.048,95.048,0,0
2YUKP.B,D,20240823,000000,95.066,95.114,95.066,95.114,0,0
2YUKP.B,D,20240827,000000,95.097,95.097,95.078,95.078,0,0
2YUKP.B,D,20240828,000000,95.107,95.107,95.091,95.091,0,0
2YUKP.B,D,20240829,000000,95.108,95.108,95.088,95.088,0,0
2YUKP.B,D,20240830,000000,95.148,95.148,95.143,95.143,0,0
2YUKP.B,D,20240902,000000,95.143,95.143,95.074,95.102,0,0
2YUKP.B,D,20240903,000000,95.115,95.115,95.115,95.115,0,0
2YUKP.B,D,20240904,000000,100.193,100.193,100.19,100.19,0,0
2YUKP.B,D,20240905,000000,100.244,100.277,100.244,100.277,0,0
2YUKP.B,D,20240906,000000,100.35,100.35,100.239,100.239,0,0
2YUKP.B,D,20240909,000000,100.239,100.43,100.239,100.43,0,0
2YUKP.B,D,20240910,000000,100.474,100.508,100.474,100.508,0,0
2YUKP.B,D,20240911,000000,100.733,100.746,100.733,100.746,0,0
2YUKP.B,D,20240912,000000,100.724,100.73,100.724,100.73,0,0
2YUKP.B,D,20240913,000000,100.724,100.724,100.683,100.683,0,0
2YUKP.B,D,20240916,000000,100.683,100.733,100.683,100.733,0,0
2YUKP.B,D,20240917,000000,100.798,100.798,100.622,100.622,0,0
2YUKP.B,D,20240918,000000,100.596,100.596,100.494,100.494,0,0
2YUKP.B,D,20240919,000000,100.551,100.551,100.452,100.452,0,0
2YUKP.B,D,20240920,000000,100.451,100.451,100.426,100.426,0,0
2YUKP.B,D,20240923,000000,100.426,100.567,100.426,100.567,0,0
2YUKP.B,D,20240924,000000,100.402,100.402,100.402,100.402,0,0
2YUKP.B,D,20240925,000000,100.499,100.499,100.319,100.319,0,0
2YUKP.B,D,20240926,000000,100.368,100.368,100.368,100.368,0,0
2YUKP.B,D,20240927,000000,100.405,100.405,100.384,100.384,0,0
2YUKP.B,D,20240930,000000,100.384,100.384,100.361,100.361,0,0
2YUKP.B,D,20241001,000000,100.306,100.451,100.306,100.451,0,0
2YUKP.B,D,20241002,000000,100.24,100.24,100.181,100.181,0,0
2YUKP.B,D,20241003,000000,100.375,100.375,100.375,100.375,0,0
2YUKP.B,D,20241004,000000,100.27,100.27,100.27,100.27,0,0
2YUKP.B,D,20241007,000000,100.27,100.27,99.812,99.812,0,0
2YUKP.B,D,20241008,000000,99.798,99.886,99.798,99.886,0,0
2YUKP.B,D,20241009,000000,99.854,99.866,99.854,99.866,0,0
2YUKP.B,D,20241010,000000,99.791,99.875,99.791,99.875,0,0
2YUKP.B,D,20241011,000000,99.874,99.874,99.874,99.874,0,0
2YUKP.B,D,20241014,000000,99.874,99.907,99.874,99.907,0,0
2YUKP.B,D,20241015,000000,99.934,99.934,99.934,99.934,0,0
2YUKP.B,D,20241016,000000,100.222,100.247,100.222,100.247,0,0
2YUKP.B,D,20241017,000000,100.155,100.155,100.155,100.155,0,0
2YUKP.B,D,20241018,000000,100.163,100.163,100.163,100.163,0,0
2YUKP.B,D,20241021,000000,100.163,100.287,100.163,100.287,0,0
2YUKP.B,D,20241022,000000,100.102,100.102,100.102,100.102,0,0
2YUKP.B,D,20241023,000000,100.089,100.089,100.089,100.089,0,0
2YUKP.B,D,20241024,000000,99.985,99.985,99.964,99.964,0,0
2YUKP.B,D,20241025,000000,100.027,100.027,100.027,100.027,0,0
2YUKP.B,D,20241028,000000,100.027,100.027,99.926,99.926,0,0
2YUKP.B,D,20241029,000000,99.793,99.793,99.793,99.793,0,0
2YUKP.B,D,20241030,000000,99.812,99.812,99.512,99.512,0,0
2YUKP.B,D,20241031,000000,99.512,99.512,99.429,99.429,0,0
2YUKP.B,D,20241101,000000,99.429,99.429,99.289,99.368,0,0
2YUKP.B,D,20241104,000000,99.368,99.368,99.356,99.356,0,0
2YUKP.B,D,20241105,000000,99.332,99.332,99.332,99.332,0,0
2YUKP.B,D,20241106,000000,99.332,99.332,99.328,99.328,0,0
2YUKP.B,D,20241107,000000,99.232,99.232,99.232,99.232,0,0
2YUKP.B,D,20241108,000000,99.232,99.489,99.232,99.411,0,0
2YUKP.B,D,20241111,000000,99.411,99.411,99.336,99.336,0,0
2YUKP.B,D,20241112,000000,99.336,99.348,99.336,99.348,0,0
2YUKP.B,D,20241113,000000,99.216,99.216,99.216,99.216,0,0
2YUKP.B,D,20241114,000000,99.237,99.317,99.234,99.317,0,0
2YUKP.B,D,20241115,000000,99.398,99.423,99.398,99.423,0,0
2YUKP.B,D,20241118,000000,99.423,99.423,99.421,99.421,0,0
2YUKP.B,D,20241119,000000,99.477,99.477,99.406,99.406,0,0
2YUKP.B,D,20241120,000000,99.406,99.448,99.282,99.448,0,0
2YUKP.B,D,20241121,000000,99.514,99.523,99.514,99.523,0,0
2YUKP.B,D,20241122,000000,99.573,99.573,99.573,99.573,0,0
2YUKP.B,D,20241125,000000,99.573,99.665,99.573,99.665,0,0
2YUKP.B,D,20241126,000000,99.566,99.566,99.566,99.566,0,0
2YUKP.B,D,20241127,000000,99.566,99.592,99.566,99.592,0,0
2YUKP.B,D,20241128,000000,99.614,99.656,99.614,99.656,0,0
2YUKP.B,D,20241129,000000,99.656,99.732,99.656,99.732,0,0
2YUKP.B,D,20241202,000000,99.732,99.816,99.732,99.78,0,0
2YUKP.B,D,20241203,000000,99.78,99.841,99.78,99.841,0,0
2YUKP.B,D,20241204,000000,99.837,99.837,99.837,99.837,0,0
2YUKP.B,D,20241205,000000,99.772,99.772,99.772,99.772,0,0
2YUKP.B,D,20241206,000000,99.695,99.695,99.695,99.695,0,0
2YUKP.B,D,20241209,000000,99.695,99.73,99.695,99.725,0,0
2YUKP.B,D,20241210,000000,99.754,99.754,99.754,99.754,0,0
2YUKP.B,D,20241211,000000,99.73,99.73,99.73,99.73,0,0
2YUKP.B,D,20241212,000000,99.698,99.698,99.698,99.698,0,0
2YUKP.B,D,20241213,000000,99.736,99.736,99.655,99.655,0,0
2YUKP.B,D,20241216,000000,99.655,99.683,99.58,99.58,0,0
2YUKP.B,D,20241217,000000,99.457,99.457,99.386,99.386,0,0
2YUKP.B,D,20241218,000000,99.399,99.399,99.399,99.399,0,0
2YUKP.B,D,20241219,000000,99.196,99.354,99.196,99.354,0,0
2YUKP.B,D,20241220,000000,99.428,99.581,99.428,99.581,0,0
2YUKP.B,D,20241223,000000,99.581,99.581,99.425,99.425,0,0
2YUKP.B,D,20241225,000000,99.425,99.425,99.425,99.425,0,0
2YUKP.B,D,20241226,000000,99.425,99.502,99.425,99.502,0,0
2YUKP.B,D,20241227,000000,99.329,99.329,99.329,99.329,0,0
2YUKP.B,D,20241230,000000,99.329,99.395,99.329,99.395,0,0
2YUKP.B,D,20250101,000000,99.395,99.395,99.395,99.395,0,0
2YUKP.B,D,20250102,000000,99.395,99.478,99.395,99.478,0,0
2YUKP.B,D,20250103,000000,99.524,99.524,99.524,99.524,0,0
2YUKP.B,D,20250106,000000,99.524,99.524,99.381,99.381,0,0
2YUKP.B,D,20250107,000000,99.34,99.34,99.34,99.34,0,0
2YUKP.B,D,20250108,000000,99.377,99.377,99.377,99.377,0,0
2YUKP.B,D,20250109,000000,99.181,99.247,99.181,99.247,0,0
2YUKP.B,D,20250110,000000,99.185,99.246,99.185,99.246,0,0
2YUKP.B,D,20250113,000000,99.246,99.246,99.092,99.127,0,0
2YUKP.B,D,20250114,000000,99.097,99.097,99.097,99.097,0,0
2YUKP.B,D,20250115,000000,99.237,99.237,99.237,99.237,0,0
2YUKP.B,D,20250116,000000,99.39,99.39,99.39,99.39,0,0
2YUKP.B,D,20250117,000000,99.585,99.585,99.585,99.585,0,0
2YUKP.B,D,20250120,000000,99.585,99.585,99.548,99.548,0,0
2YUKP.B,D,20250121,000000,99.505,99.505,99.505,99.505,0,0
2YUKP.B,D,20250122,000000,99.645,99.645,99.645,99.645,0,0
2YUKP.B,D,20250123,000000,99.576,99.576,99.557,99.557,0,0
2YUKP.B,D,20250124,000000,99.698,99.698,99.698,99.698,0,0
2YUKP.B,D,20250127,000000,99.698,99.734,99.698,99.734,0,0
2YUKP.B,D,20250128,000000,99.734,99.734,99.679,99.679,0,0
2YUKP.B,D,20250129,000000,99.733,99.733,99.687,99.687,0,0
2YUKP.B,D,20250130,000000,99.699,99.699,99.699,99.699,0,0
2YUKP.B,D,20250131,000000,99.857,99.857,99.848,99.848,0,0
2YUKP.B,D,20250203,000000,99.848,99.919,99.848,99.919,0,0
2YUKP.B,D,20250204,000000,99.898,99.898,99.898,99.898,0,0
2YUKP.B,D,20250205,000000,99.98,99.98,99.98,99.98,0,0
2YUKP.B,D,20250206,000000,99.938,99.938,99.938,99.938,0,0
2YUKP.B,D,20250207,000000,99.935,99.935,99.935,99.935,0,0
2YUKP.B,D,20250210,000000,99.935,99.979,99.935,99.979,0,0
2YUKP.B,D,20250211,000000,99.983,99.983,99.983,99.983,0,0
2YUKP.B,D,20250212,000000,99.908,99.908,99.908,99.908,0,0
2YUKP.B,D,20250213,000000,99.874,99.874,99.874,99.874,0,0
2YUKP.B,D,20250214,000000,99.862,99.862,99.862,99.862,0,0
