<TICKER>,<PER>,<DATE>,<TIME>,<OPEN>,<HIGH>,<LOW>,<CLOSE>,<VOL>,<OPENINT>
30YFRP.B,D,20240321,000000,94.217,94.217,93.758,93.758,0,0
30YFRP.B,D,20240322,000000,94.236,94.743,94.236,94.743,0,0
30YFRP.B,D,20240325,000000,94.743,94.743,94.177,94.177,0,0
30YFRP.B,D,20240326,000000,94.346,94.346,94.293,94.293,0,0
30YFRP.B,D,20240327,000000,94.501,94.953,94.501,94.953,0,0
30YFRP.B,D,20240328,000000,94.763,94.763,94.763,94.763,0,0
30YFRP.B,D,20240402,000000,94.744,94.744,92.17,92.17,0,0
30YFRP.B,D,20240403,000000,91.976,92.477,91.976,92.477,0,0
30YFRP.B,D,20240404,000000,92.816,93.502,92.816,93.502,0,0
30YFRP.B,D,20240405,000000,93.423,93.423,92.851,92.851,0,0
30YFRP.B,D,20240408,000000,92.851,92.851,92.304,92.607,0,0
30YFRP.B,D,20240409,000000,93.257,94.193,93.257,94.193,0,0
30YFRP.B,D,20240410,000000,94.035,94.035,93.084,93.084,0,0
30YFRP.B,D,20240411,000000,92.713,92.713,92.32,92.32,0,0
30YFRP.B,D,20240412,000000,93.972,93.972,93.972,93.972,0,0
30YFRP.B,D,20240415,000000,93.972,93.972,92.56,92.56,0,0
30YFRP.B,D,20240416,000000,92.056,92.056,91.347,91.347,0,0
30YFRP.B,D,20240417,000000,91.898,92.114,91.898,92.114,0,0
30YFRP.B,D,20240418,000000,96.681,96.681,95.924,95.924,0,0
30YFRP.B,D,20240419,000000,96.126,96.126,95.736,95.736,0,0
30YFRP.B,D,20240422,000000,95.736,95.858,95.623,95.858,0,0
30YFRP.B,D,20240423,000000,96.201,96.201,95.806,95.806,0,0
30YFRP.B,D,20240424,000000,95.256,95.256,94.015,94.015,0,0
30YFRP.B,D,20240425,000000,94.322,94.322,93.494,93.494,0,0
30YFRP.B,D,20240426,000000,94.2,94.864,94.2,94.864,0,0
30YFRP.B,D,20240429,000000,94.864,95.82,94.864,95.82,0,0
30YFRP.B,D,20240430,000000,95.391,95.391,95.103,95.103,0,0
30YFRP.B,D,20240502,000000,95.23,95.876,95.23,95.779,0,0
30YFRP.B,D,20240503,000000,95.905,96.149,95.905,96.149,0,0
30YFRP.B,D,20240506,000000,96.149,97.037,96.149,97.037,0,0
30YFRP.B,D,20240507,000000,97.404,97.636,97.404,97.636,0,0
30YFRP.B,D,20240508,000000,97.516,97.516,97.005,97.005,0,0
30YFRP.B,D,20240509,000000,96.42,96.42,95.954,95.954,0,0
30YFRP.B,D,20240510,000000,96.572,96.572,95.866,95.866,0,0
30YFRP.B,D,20240513,000000,95.866,95.941,95.796,95.941,0,0
30YFRP.B,D,20240514,000000,95.966,95.966,95.263,95.263,0,0
30YFRP.B,D,20240515,000000,95.956,96.868,95.956,96.868,0,0
30YFRP.B,D,20240516,000000,96.868,97.416,96.868,96.997,0,0
30YFRP.B,D,20240517,000000,96.095,96.095,95.949,95.949,0,0
30YFRP.B,D,20240520,000000,95.949,95.949,95.624,95.624,0,0
30YFRP.B,D,20240521,000000,95.624,96.086,95.624,96.086,0,0
30YFRP.B,D,20240522,000000,95.657,95.682,95.657,95.682,0,0
30YFRP.B,D,20240523,000000,95.374,95.374,94.895,94.895,0,0
30YFRP.B,D,20240524,000000,95.183,95.467,95.183,95.467,0,0
30YFRP.B,D,20240527,000000,95.467,95.818,95.025,95.818,0,0
30YFRP.B,D,20240528,000000,95.712,95.712,95.218,95.218,0,0
30YFRP.B,D,20240529,000000,94.51,94.51,93.521,93.521,0,0
30YFRP.B,D,20240530,000000,93.268,93.268,93.108,93.108,0,0
30YFRP.B,D,20240531,000000,93.242,93.842,93.242,93.842,0,0
30YFRP.B,D,20240603,000000,93.842,95.037,93.842,95.037,0,0
30YFRP.B,D,20240604,000000,95.595,95.595,95.509,95.509,0,0
30YFRP.B,D,20240605,000000,95.479,95.807,95.479,95.807,0,0
30YFRP.B,D,20240606,000000,95.982,95.982,95.622,95.622,0,0
30YFRP.B,D,20240607,000000,95.473,95.473,94.669,94.669,0,0
30YFRP.B,D,20240610,000000,94.669,94.669,92.643,92.643,0,0
30YFRP.B,D,20240611,000000,92.137,92.137,91.664,91.664,0,0
30YFRP.B,D,20240612,000000,92.672,93.489,92.672,93.489,0,0
30YFRP.B,D,20240613,000000,92.895,93.444,92.895,93.444,0,0
30YFRP.B,D,20240614,000000,93.269,94.099,93.269,94.099,0,0
30YFRP.B,D,20240617,000000,94.099,94.099,93.547,93.547,0,0
30YFRP.B,D,20240618,000000,93.625,94.161,93.625,94.161,0,0
30YFRP.B,D,20240619,000000,93.592,93.592,93.568,93.568,0,0
30YFRP.B,D,20240620,000000,93.287,93.357,93.287,93.357,0,0
30YFRP.B,D,20240621,000000,94.036,94.036,92.657,92.657,0,0
30YFRP.B,D,20240624,000000,92.657,93.103,92.657,93.103,0,0
30YFRP.B,D,20240625,000000,93.354,93.354,93.069,93.069,0,0
30YFRP.B,D,20240626,000000,93.1,93.1,93.1,93.1,0,0
30YFRP.B,D,20240627,000000,91.754,92.093,91.754,92.093,0,0
30YFRP.B,D,20240628,000000,91.793,91.793,90.272,90.272,0,0
30YFRP.B,D,20240701,000000,90.272,90.763,90.153,90.153,0,0
30YFRP.B,D,20240702,000000,90.18,90.682,90.18,90.682,0,0
30YFRP.B,D,20240703,000000,90.844,91.641,90.844,91.641,0,0
30YFRP.B,D,20240704,000000,91.36,91.56,91.36,91.56,0,0
30YFRP.B,D,20240705,000000,91.882,92.42,91.882,92.42,0,0
30YFRP.B,D,20240708,000000,92.42,93.349,91.934,93.349,0,0
30YFRP.B,D,20240709,000000,93.349,93.349,92.312,92.312,0,0
30YFRP.B,D,20240710,000000,92.742,93.107,92.742,93.107,0,0
30YFRP.B,D,20240711,000000,92.924,93.555,92.924,93.555,0,0
30YFRP.B,D,20240712,000000,92.929,93.13,92.929,93.13,0,0
30YFRP.B,D,20240715,000000,93.13,93.77,93.13,93.77,0,0
30YFRP.B,D,20240716,000000,94.037,94.117,94.037,94.117,0,0
30YFRP.B,D,20240717,000000,94.362,94.362,94.348,94.348,0,0
30YFRP.B,D,20240718,000000,94.331,94.331,94.331,94.331,0,0
30YFRP.B,D,20240719,000000,94.246,94.246,93.296,93.296,0,0
30YFRP.B,D,20240722,000000,93.296,93.374,93.242,93.374,0,0
30YFRP.B,D,20240723,000000,93.053,93.207,93.053,93.207,0,0
30YFRP.B,D,20240724,000000,93.19,93.19,92.6,92.6,0,0
30YFRP.B,D,20240725,000000,92.467,92.655,92.467,92.655,0,0
30YFRP.B,D,20240726,000000,92.207,92.864,92.207,92.864,0,0
30YFRP.B,D,20240729,000000,92.864,93.721,92.864,93.721,0,0
30YFRP.B,D,20240730,000000,93.915,93.982,93.915,93.982,0,0
30YFRP.B,D,20240731,000000,94.32,94.728,94.32,94.728,0,0
30YFRP.B,D,20240801,000000,94.851,94.851,94.851,94.851,0,0
30YFRP.B,D,20240802,000000,94.963,95.792,94.963,95.792,0,0
30YFRP.B,D,20240805,000000,95.792,95.792,95.286,95.286,0,0
30YFRP.B,D,20240806,000000,95.821,95.821,95.632,95.632,0,0
30YFRP.B,D,20240807,000000,95.317,95.317,94.933,94.933,0,0
30YFRP.B,D,20240808,000000,95.177,95.177,94.341,94.341,0,0
30YFRP.B,D,20240809,000000,94.85,95.407,94.85,95.407,0,0
30YFRP.B,D,20240812,000000,95.407,95.407,95.407,95.407,0,0
30YFRP.B,D,20240813,000000,95.368,95.994,95.368,95.994,0,0
30YFRP.B,D,20240814,000000,95.73,96.198,95.73,96.198,0,0
30YFRP.B,D,20240815,000000,96.141,96.141,95.185,95.185,0,0
30YFRP.B,D,20240816,000000,95.389,95.389,95.389,95.389,0,0
30YFRP.B,D,20240819,000000,95.389,95.836,95.389,95.427,0,0
30YFRP.B,D,20240820,000000,95.691,95.783,95.691,95.783,0,0
30YFRP.B,D,20240821,000000,95.786,95.814,95.786,95.814,0,0
30YFRP.B,D,20240822,000000,96.068,96.068,95.655,95.655,0,0
30YFRP.B,D,20240823,000000,95.089,95.977,95.089,95.977,0,0
30YFRP.B,D,20240826,000000,95.977,95.977,95.12,95.12,0,0
30YFRP.B,D,20240827,000000,95.014,95.014,93.752,93.752,0,0
30YFRP.B,D,20240828,000000,94.492,94.693,94.492,94.693,0,0
30YFRP.B,D,20240829,000000,94.836,94.836,94.457,94.457,0,0
30YFRP.B,D,20240830,000000,94.547,94.547,94.494,94.494,0,0
30YFRP.B,D,20240902,000000,94.494,94.494,93.287,93.775,0,0
30YFRP.B,D,20240903,000000,93.795,93.795,93.795,93.795,0,0
30YFRP.B,D,20240904,000000,95.114,95.757,95.114,95.757,0,0
30YFRP.B,D,20240905,000000,95.404,95.897,95.404,95.897,0,0
30YFRP.B,D,20240906,000000,96.668,96.668,96.141,96.141,0,0
30YFRP.B,D,20240909,000000,96.141,96.141,95.454,96.038,0,0
30YFRP.B,D,20240910,000000,95.899,95.899,95.899,95.899,0,0
30YFRP.B,D,20240911,000000,97.132,97.235,97.132,97.235,0,0
30YFRP.B,D,20240912,000000,96.795,96.868,96.795,96.868,0,0
30YFRP.B,D,20240913,000000,96.816,96.816,96.412,96.412,0,0
30YFRP.B,D,20240916,000000,96.412,96.614,96.412,96.614,0,0
30YFRP.B,D,20240917,000000,96.982,96.982,96.652,96.652,0,0
30YFRP.B,D,20240918,000000,96.167,96.167,95.451,95.451,0,0
30YFRP.B,D,20240919,000000,95.085,95.085,94.476,94.476,0,0
30YFRP.B,D,20240920,000000,95.094,95.094,94.317,94.317,0,0
30YFRP.B,D,20240923,000000,94.317,94.317,94.029,94.029,0,0
30YFRP.B,D,20240924,000000,93.823,93.823,93.823,93.823,0,0
30YFRP.B,D,20240925,000000,94.779,94.779,93.427,93.427,0,0
30YFRP.B,D,20240926,000000,93.947,93.947,93.947,93.947,0,0
30YFRP.B,D,20240927,000000,94.878,94.878,94.185,94.185,0,0
30YFRP.B,D,20240930,000000,94.185,94.533,93.594,94.533,0,0
30YFRP.B,D,20241001,000000,95.265,96.764,95.265,96.764,0,0
30YFRP.B,D,20241002,000000,95.426,95.426,94.819,94.819,0,0
30YFRP.B,D,20241003,000000,94.652,94.652,94.652,94.652,0,0
30YFRP.B,D,20241004,000000,94.083,94.083,94.083,94.083,0,0
30YFRP.B,D,20241007,000000,94.083,94.083,93.606,93.606,0,0
30YFRP.B,D,20241008,000000,93.394,93.557,93.394,93.557,0,0
30YFRP.B,D,20241009,000000,93.664,93.664,93.484,93.484,0,0
30YFRP.B,D,20241010,000000,93.233,93.486,93.233,93.486,0,0
30YFRP.B,D,20241011,000000,93.406,93.406,93.406,93.406,0,0
30YFRP.B,D,20241014,000000,93.406,93.406,93.307,93.307,0,0
30YFRP.B,D,20241015,000000,94.156,94.156,94.156,94.156,0,0
30YFRP.B,D,20241016,000000,94.76,95.243,94.76,95.243,0,0
30YFRP.B,D,20241017,000000,94.64,94.64,94.64,94.64,0,0
30YFRP.B,D,20241018,000000,94.086,94.086,94.086,94.086,0,0
30YFRP.B,D,20241021,000000,94.086,94.485,94.086,94.485,0,0
30YFRP.B,D,20241022,000000,92.347,92.347,92.347,92.347,0,0
30YFRP.B,D,20241023,000000,92.547,92.547,92.547,92.547,0,0
30YFRP.B,D,20241024,000000,92.948,93.628,92.948,93.628,0,0
30YFRP.B,D,20241025,000000,93.608,93.608,93.608,93.608,0,0
30YFRP.B,D,20241028,000000,93.608,93.608,92.843,92.843,0,0
30YFRP.B,D,20241029,000000,92.549,92.549,92.549,92.549,0,0
30YFRP.B,D,20241030,000000,92.645,92.645,92.168,92.168,0,0
30YFRP.B,D,20241031,000000,92.168,92.387,92.168,92.387,0,0
30YFRP.B,D,20241101,000000,92.387,92.699,92.387,92.618,0,0
30YFRP.B,D,20241104,000000,92.618,92.618,92.441,92.441,0,0
30YFRP.B,D,20241105,000000,92.729,92.729,92.729,92.729,0,0
30YFRP.B,D,20241106,000000,92.729,92.879,92.729,92.879,0,0
30YFRP.B,D,20241107,000000,90.879,90.879,90.879,90.879,0,0
30YFRP.B,D,20241108,000000,90.879,92.965,90.879,92.965,0,0
30YFRP.B,D,20241111,000000,92.965,93.754,92.965,93.535,0,0
30YFRP.B,D,20241112,000000,93.535,93.83,93.535,93.83,0,0
30YFRP.B,D,20241113,000000,93.197,93.197,93.197,93.197,0,0
30YFRP.B,D,20241114,000000,93.175,93.641,93.109,93.641,0,0
30YFRP.B,D,20241115,000000,94.005,94.133,94.005,94.133,0,0
30YFRP.B,D,20241118,000000,94.133,94.133,93.67,93.67,0,0
30YFRP.B,D,20241119,000000,94.942,94.942,94.489,94.489,0,0
30YFRP.B,D,20241120,000000,94.489,94.489,93.906,94.117,0,0
30YFRP.B,D,20241121,000000,93.603,93.918,93.603,93.918,0,0
30YFRP.B,D,20241122,000000,94.062,94.062,94.062,94.062,0,0
30YFRP.B,D,20241125,000000,94.062,94.769,94.062,94.769,0,0
30YFRP.B,D,20241126,000000,94.57,94.57,94.57,94.57,0,0
30YFRP.B,D,20241127,000000,94.57,94.57,94.443,94.443,0,0
30YFRP.B,D,20241128,000000,95.327,95.775,95.327,95.775,0,0
30YFRP.B,D,20241129,000000,95.775,95.784,95.775,95.784,0,0
30YFRP.B,D,20241202,000000,95.784,96.903,95.784,96.119,0,0
30YFRP.B,D,20241203,000000,96.119,96.246,96.119,96.246,0,0
30YFRP.B,D,20241204,000000,96.462,96.462,96.462,96.462,0,0
30YFRP.B,D,20241205,000000,97.163,97.163,97.163,97.163,0,0
30YFRP.B,D,20241206,000000,98.216,98.216,98.216,98.216,0,0
30YFRP.B,D,20241209,000000,98.216,98.216,97.182,97.182,0,0
30YFRP.B,D,20241210,000000,97.232,97.232,97.232,97.232,0,0
30YFRP.B,D,20241211,000000,96.885,96.885,96.885,96.885,0,0
30YFRP.B,D,20241212,000000,95.906,95.906,95.906,95.906,0,0
30YFRP.B,D,20241213,000000,94.6,94.6,94.31,94.31,0,0
30YFRP.B,D,20241216,000000,94.31,94.31,93.85,94.077,0,0
30YFRP.B,D,20241217,000000,94.167,94.167,94.063,94.063,0,0
30YFRP.B,D,20241218,000000,93.846,93.846,93.846,93.846,0,0
30YFRP.B,D,20241219,000000,93.356,93.356,92.845,92.845,0,0
30YFRP.B,D,20241220,000000,92.37,93.159,92.37,93.159,0,0
30YFRP.B,D,20241223,000000,93.159,93.159,92.53,92.53,0,0
30YFRP.B,D,20241225,000000,92.53,92.53,92.53,92.53,0,0
30YFRP.B,D,20241226,000000,92.53,92.53,92.27,92.27,0,0
30YFRP.B,D,20241227,000000,91.327,91.327,91.327,91.327,0,0
30YFRP.B,D,20241230,000000,91.327,91.327,91.293,91.293,0,0
30YFRP.B,D,20250101,000000,91.293,91.293,91.293,91.293,0,0
30YFRP.B,D,20250102,000000,91.293,91.293,90.97,90.97,0,0
30YFRP.B,D,20250103,000000,90.698,90.698,90.698,90.698,0,0
30YFRP.B,D,20250106,000000,90.698,90.698,90.273,90.273,0,0
30YFRP.B,D,20250107,000000,89.953,89.953,89.953,89.953,0,0
30YFRP.B,D,20250108,000000,89.576,89.576,89.576,89.576,0,0
30YFRP.B,D,20250109,000000,87.988,88.124,87.988,88.124,0,0
30YFRP.B,D,20250110,000000,87.86,88.155,87.86,88.155,0,0
30YFRP.B,D,20250113,000000,88.155,88.155,87.334,87.69,0,0
30YFRP.B,D,20250114,000000,87.674,87.674,87.674,87.674,0,0
30YFRP.B,D,20250115,000000,87.49,87.49,87.49,87.49,0,0
30YFRP.B,D,20250116,000000,88.616,88.616,88.616,88.616,0,0
30YFRP.B,D,20250117,000000,89.216,89.216,89.216,89.216,0,0
30YFRP.B,D,20250120,000000,89.216,89.287,89.216,89.287,0,0
30YFRP.B,D,20250121,000000,89.585,89.585,89.585,89.585,0,0
30YFRP.B,D,20250122,000000,90.431,90.431,90.431,90.431,0,0
30YFRP.B,D,20250123,000000,89.83,89.83,89.347,89.347,0,0
30YFRP.B,D,20250124,000000,89.325,89.325,89.325,89.325,0,0
30YFRP.B,D,20250127,000000,89.325,90.298,89.325,90.298,0,0
30YFRP.B,D,20250128,000000,90.298,90.298,89.766,89.766,0,0
30YFRP.B,D,20250129,000000,90.167,90.167,89.364,89.364,0,0
30YFRP.B,D,20250130,000000,89.678,89.678,89.678,89.678,0,0
30YFRP.B,D,20250131,000000,90.326,90.595,90.326,90.595,0,0
30YFRP.B,D,20250203,000000,90.595,91.031,90.595,91.031,0,0
30YFRP.B,D,20250204,000000,91.766,91.766,91.766,91.766,0,0
30YFRP.B,D,20250205,000000,92.581,92.581,92.581,92.581,0,0
30YFRP.B,D,20250206,000000,92.464,92.464,92.464,92.464,0,0
30YFRP.B,D,20250207,000000,92.926,92.926,92.926,92.926,0,0
30YFRP.B,D,20250210,000000,92.926,92.926,92.418,92.418,0,0
30YFRP.B,D,20250211,000000,91.874,91.874,91.874,91.874,0,0
30YFRP.B,D,20250212,000000,91.086,91.086,91.086,91.086,0,0
30YFRP.B,D,20250213,000000,91.28,91.28,91.28,91.28,0,0
30YFRP.B,D,20250214,000000,92.042,92.042,92.042,92.042,0,0
