<TICKER>,<PER>,<DATE>,<TIME>,<OPEN>,<HIGH>,<LOW>,<CLOSE>,<VOL>,<OPENINT>
5YUSP.B,D,20240321,000000,100.191406,100.191406,99.9335935,99.9335935,0,0
5YUSP.B,D,20240322,000000,100.121093,100.238281,100.121093,100.238281,0,0
5YUSP.B,D,20240325,000000,100.238281,100.238281,100.046875,100.046875,0,0
5YUSP.B,D,20240326,000000,100.097656,100.097656,99.9882815,99.9882815,0,0
5YUSP.B,D,20240327,000000,99.484375,99.6953125,99.484375,99.6953125,0,0
5YUSP.B,D,20240328,000000,99.4609375,99.4609375,99.4609375,99.4609375,0,0
5YUSP.B,D,20240401,000000,99.5703125,99.7070315,98.9960935,98.9960935,0,0
5YUSP.B,D,20240402,000000,98.9960935,99.140625,98.9921875,98.9921875,0,0
5YUSP.B,D,20240403,000000,98.8984375,98.9257815,98.8984375,98.9257815,0,0
5YUSP.B,D,20240404,000000,99.0,99.1503905,99,99.1503905,0,0
5YUSP.B,D,20240405,000000,99.2226565,99.2226565,99.046875,99.046875,0,0
5YUSP.B,D,20240408,000000,99.046875,99.046875,98.640625,98.640625,0,0
5YUSP.B,D,20240409,000000,98.7460935,98.90625,98.7460935,98.90625,0,0
5YUSP.B,D,20240410,000000,98.890625,98.890625,98.0996095,98.0996095,0,0
5YUSP.B,D,20240411,000000,97.8554685,97.8554685,97.8535155,97.8535155,0,0
5YUSP.B,D,20240412,000000,98.0078125,98.0078125,98.0078125,98.0078125,0,0
5YUSP.B,D,20240415,000000,98.0078125,98.0078125,97.6484375,97.6484375,0,0
5YUSP.B,D,20240416,000000,97.703125,97.703125,97.5488285,97.5488285,0,0
5YUSP.B,D,20240417,000000,97.595703,97.6679685,97.595703,97.6679685,0,0
5YUSP.B,D,20240418,000000,97.9101565,97.9101565,97.6328125,97.6328125,0,0
5YUSP.B,D,20240419,000000,97.7382815,97.7382815,97.6132815,97.6132815,0,0
5YUSP.B,D,20240422,000000,97.6132815,97.6171875,97.560547,97.6171875,0,0
5YUSP.B,D,20240423,000000,97.65625,97.8359375,97.65625,97.8359375,0,0
5YUSP.B,D,20240424,000000,97.6835935,97.6835935,97.6113285,97.6113285,0,0
5YUSP.B,D,20240425,000000,99.9179685,99.9179685,99.5566405,99.5566405,0,0
5YUSP.B,D,20240426,000000,99.6972655,99.7578125,99.6972655,99.7578125,0,0
5YUSP.B,D,20240429,000000,99.7578125,99.9023435,99.7578125,99.9023435,0,0
5YUSP.B,D,20240430,000000,99.845703,99.845703,99.6953125,99.6953125,0,0
5YUSP.B,D,20240501,000000,99.6328125,99.6328125,99.6328125,99.6328125,0,0
5YUSP.B,D,20240502,000000,99.6328125,100.111328,99.6328125,100.111328,0,0
5YUSP.B,D,20240503,000000,100.207031,100.636718,100.207031,100.636718,0,0
5YUSP.B,D,20240506,000000,100.636718,100.636718,100.537109,100.537109,0,0
5YUSP.B,D,20240507,000000,100.746093,100.794921,100.746093,100.794921,0,0
5YUSP.B,D,20240508,000000,100.61914,100.61914,100.597656,100.597656,0,0
5YUSP.B,D,20240509,000000,100.453125,100.603515,100.453125,100.603515,0,0
5YUSP.B,D,20240510,000000,100.703125,100.703125,100.541015,100.541015,0,0
5YUSP.B,D,20240513,000000,100.541015,100.615234,100.539062,100.615234,0,0
5YUSP.B,D,20240514,000000,100.589843,100.68164,100.589843,100.68164,0,0
5YUSP.B,D,20240515,000000,100.820312,101.019531,100.820312,101.019531,0,0
5YUSP.B,D,20240516,000000,101.019531,101.257812,101.019531,101.0625,0,0
5YUSP.B,D,20240517,000000,101.001953,101.001953,100.917968,100.917968,0,0
5YUSP.B,D,20240520,000000,100.917968,100.917968,100.734375,100.734375,0,0
5YUSP.B,D,20240521,000000,100.734375,100.859375,100.734375,100.859375,0,0
5YUSP.B,D,20240522,000000,100.6875,100.710937,100.6875,100.710937,0,0
5YUSP.B,D,20240523,000000,100.640625,100.640625,100.332031,100.332031,0,0
5YUSP.B,D,20240524,000000,100.458984,100.458984,100.417968,100.417968,0,0
5YUSP.B,D,20240528,000000,100.519531,100.519531,100.46875,100.46875,0,0
5YUSP.B,D,20240529,000000,99.6386715,99.6386715,99.5625,99.5625,0,0
5YUSP.B,D,20240530,000000,99.5039065,99.625,99.5039065,99.625,0,0
5YUSP.B,D,20240531,000000,99.6484375,99.9570315,99.6484375,99.9570315,0,0
5YUSP.B,D,20240603,000000,99.9570315,100.355468,99.9570315,100.355468,0,0
5YUSP.B,D,20240604,000000,100.458984,100.644531,100.458984,100.644531,0,0
5YUSP.B,D,20240605,000000,100.552734,100.591797,100.552734,100.591797,0,0
5YUSP.B,D,20240606,000000,100.785156,100.851562,100.785156,100.851562,0,0
5YUSP.B,D,20240607,000000,100.820312,100.820312,100.253906,100.253906,0,0
5YUSP.B,D,20240610,000000,100.253906,100.253906,100.085937,100.105468,0,0
5YUSP.B,D,20240611,000000,100.171875,100.216797,100.171875,100.216797,0,0
5YUSP.B,D,20240612,000000,100.367187,101.089843,100.367187,101.089843,0,0
5YUSP.B,D,20240613,000000,100.77539,101.011718,100.77539,101.011718,0,0
5YUSP.B,D,20240614,000000,101.167968,101.236328,101.167968,101.236328,0,0
5YUSP.B,D,20240617,000000,101.236328,101.236328,100.927734,100.927734,0,0
5YUSP.B,D,20240618,000000,100.820312,101.136718,100.820312,101.136718,0,0
5YUSP.B,D,20240620,000000,101.007812,101.007812,100.96289,100.96289,0,0
5YUSP.B,D,20240621,000000,101.128906,101.128906,100.947265,100.947265,0,0
5YUSP.B,D,20240624,000000,100.947265,101.042968,100.947265,101.042968,0,0
5YUSP.B,D,20240625,000000,101.029297,101.029297,100.957031,100.957031,0,0
5YUSP.B,D,20240626,000000,100.863281,100.863281,100.863281,100.863281,0,0
5YUSP.B,D,20240627,000000,99.5195315,99.78125,99.5195315,99.78125,0,0
5YUSP.B,D,20240628,000000,99.7460935,99.7460935,99.6660155,99.6660155,0,0
5YUSP.B,D,20240701,000000,99.6660155,99.6660155,99.1640625,99.1640625,0,0
5YUSP.B,D,20240702,000000,99.2714845,99.4179685,99.2714845,99.4179685,0,0
5YUSP.B,D,20240703,000000,99.3398435,99.7773435,99.3398435,99.7773435,0,0
5YUSP.B,D,20240705,000000,99.7441405,100.015625,99.7441405,100.015625,0,0
5YUSP.B,D,20240708,000000,100.015625,100.078125,100.003906,100.046875,0,0
5YUSP.B,D,20240709,000000,100.046875,100.046875,100.003906,100.037109,0,0
5YUSP.B,D,20240710,000000,100.039062,100.070312,100.039062,100.070312,0,0
5YUSP.B,D,20240711,000000,100.009765,100.58789,100.009765,100.58789,0,0
5YUSP.B,D,20240712,000000,100.441406,100.560547,100.441406,100.560547,0,0
5YUSP.B,D,20240715,000000,100.560547,100.617187,100.5,100.5,0,0
5YUSP.B,D,20240716,000000,100.714843,100.714843,100.589843,100.589843,0,0
5YUSP.B,D,20240717,000000,100.679687,100.679687,100.628906,100.628906,0,0
5YUSP.B,D,20240718,000000,100.660156,100.660156,100.660156,100.660156,0,0
5YUSP.B,D,20240719,000000,100.52539,100.52539,100.453125,100.453125,0,0
5YUSP.B,D,20240722,000000,100.453125,100.453125,100.429687,100.429687,0,0
5YUSP.B,D,20240723,000000,100.386718,100.433593,100.386718,100.433593,0,0
5YUSP.B,D,20240724,000000,100.503906,100.529297,100.503906,100.529297,0,0
5YUSP.B,D,20240725,000000,99.5996095,99.5996095,99.53125,99.53125,0,0
5YUSP.B,D,20240726,000000,99.3847655,99.7265625,99.3847655,99.7265625,0,0
5YUSP.B,D,20240729,000000,99.7265625,99.7695315,99.6679685,99.6679685,0,0
5YUSP.B,D,20240730,000000,99.6679685,99.71875,99.6679685,99.71875,0,0
5YUSP.B,D,20240731,000000,99.8789065,99.9101565,99.8789065,99.9101565,0,0
5YUSP.B,D,20240801,000000,100.234375,100.234375,100.234375,100.234375,0,0
5YUSP.B,D,20240802,000000,100.804687,101.597656,100.804687,101.597656,0,0
5YUSP.B,D,20240805,000000,101.597656,101.923828,101.597656,101.71875,0,0
5YUSP.B,D,20240806,000000,101.257812,101.28125,101.257812,101.28125,0,0
5YUSP.B,D,20240807,000000,101.048828,101.048828,100.974609,100.974609,0,0
5YUSP.B,D,20240808,000000,101.25,101.25,100.6875,100.6875,0,0
5YUSP.B,D,20240809,000000,100.867187,100.996093,100.867187,100.996093,0,0
5YUSP.B,D,20240812,000000,100.996093,100.996093,100.5,100.5,0,0
5YUSP.B,D,20240813,000000,101.132812,101.326171,101.132812,101.326171,0,0
5YUSP.B,D,20240814,000000,101.423828,101.542968,101.423828,101.542968,0,0
5YUSP.B,D,20240815,000000,101.429687,101.429687,100.898437,100.898437,0,0
5YUSP.B,D,20240816,000000,100.945312,100.945312,100.945312,100.945312,0,0
5YUSP.B,D,20240819,000000,100.945312,101.138671,100.945312,101.082031,0,0
5YUSP.B,D,20240820,000000,101.125,101.238281,101.125,101.238281,0,0
5YUSP.B,D,20240821,000000,101.339843,101.34375,101.339843,101.34375,0,0
5YUSP.B,D,20240822,000000,101.546875,101.546875,101.242187,101.242187,0,0
5YUSP.B,D,20240823,000000,101.242187,101.580078,101.242187,101.580078,0,0
5YUSP.B,D,20240826,000000,101.580078,101.695312,101.533203,101.533203,0,0
5YUSP.B,D,20240827,000000,101.478515,101.478515,101.349609,101.349609,0,0
5YUSP.B,D,20240828,000000,101.564453,101.564453,101.539062,101.539062,0,0
5YUSP.B,D,20240829,000000,99.9863285,99.9863285,99.7832035,99.7832035,0,0
5YUSP.B,D,20240830,000000,99.8164065,99.8164065,99.7539065,99.7539065,0,0
5YUSP.B,D,20240903,000000,99.595703,99.595703,99.595703,99.595703,0,0
5YUSP.B,D,20240904,000000,100.060547,100.060547,100.007812,100.007812,0,0
5YUSP.B,D,20240905,000000,100.273437,100.384765,100.273437,100.384765,0,0
5YUSP.B,D,20240906,000000,100.527343,100.527343,100.324218,100.324218,0,0
5YUSP.B,D,20240909,000000,100.324218,100.488281,100.324218,100.488281,0,0
5YUSP.B,D,20240910,000000,100.511718,100.511718,100.511718,100.511718,0,0
5YUSP.B,D,20240911,000000,101.080078,101.080078,100.880859,100.880859,0,0
5YUSP.B,D,20240912,000000,100.703125,100.748047,100.703125,100.748047,0,0
5YUSP.B,D,20240913,000000,100.921875,100.921875,100.828125,100.828125,0,0
5YUSP.B,D,20240916,000000,100.828125,100.941406,100.828125,100.898437,0,0
5YUSP.B,D,20240917,000000,101.013671,101.013671,100.787109,100.787109,0,0
5YUSP.B,D,20240918,000000,100.783203,100.783203,100.667968,100.667968,0,0
5YUSP.B,D,20240919,000000,100.726562,100.726562,100.53125,100.53125,0,0
5YUSP.B,D,20240920,000000,100.644531,100.644531,100.49414,100.49414,0,0
5YUSP.B,D,20240923,000000,100.49414,100.607421,100.49414,100.607421,0,0
5YUSP.B,D,20240924,000000,100.472656,100.472656,100.472656,100.472656,0,0
5YUSP.B,D,20240925,000000,100.642578,100.642578,100.458984,100.458984,0,0
5YUSP.B,D,20240926,000000,99.8789065,99.8789065,99.8789065,99.8789065,0,0
5YUSP.B,D,20240927,000000,99.8339845,99.8710935,99.8339845,99.8710935,0,0
5YUSP.B,D,20240930,000000,99.8710935,99.8867185,99.8710935,99.8789065,0,0
5YUSP.B,D,20241001,000000,99.8242185,100.080078,99.8242185,100.080078,0,0
5YUSP.B,D,20241002,000000,99.876953,99.876953,99.6640625,99.6640625,0,0
5YUSP.B,D,20241003,000000,99.6796875,99.6796875,99.6796875,99.6796875,0,0
5YUSP.B,D,20241004,000000,99.4570315,99.4570315,99.4570315,99.4570315,0,0
5YUSP.B,D,20241007,000000,99.4570315,99.4570315,98.3945315,98.3945315,0,0
5YUSP.B,D,20241008,000000,98.4609375,98.4609375,98.3867185,98.3867185,0,0
5YUSP.B,D,20241009,000000,98.4140625,98.4140625,98.2890625,98.2890625,0,0
5YUSP.B,D,20241010,000000,98.1210935,98.2421875,98.1210935,98.2421875,0,0
5YUSP.B,D,20241011,000000,98.1992185,98.1992185,98.1992185,98.1992185,0,0
5YUSP.B,D,20241014,000000,98.1992185,98.1992185,98.1972655,98.1972655,0,0
5YUSP.B,D,20241015,000000,98.2304685,98.2304685,98.2304685,98.2304685,0,0
5YUSP.B,D,20241016,000000,98.4726565,98.5234375,98.4726565,98.5234375,0,0
5YUSP.B,D,20241017,000000,98.3671875,98.3671875,98.3671875,98.3671875,0,0
5YUSP.B,D,20241018,000000,98.15625,98.15625,98.15625,98.15625,0,0
5YUSP.B,D,20241021,000000,98.15625,98.2460935,98.15625,98.2460935,0,0
5YUSP.B,D,20241022,000000,97.7636715,97.7636715,97.7636715,97.7636715,0,0
5YUSP.B,D,20241023,000000,97.6738285,97.6738285,97.6738285,97.6738285,0,0
5YUSP.B,D,20241024,000000,97.7246095,97.7460935,97.7246095,97.7460935,0,0
5YUSP.B,D,20241025,000000,97.75,97.75,97.75,97.75,0,0
5YUSP.B,D,20241028,000000,97.75,97.75,97.3632815,97.3632815,0,0
5YUSP.B,D,20241029,000000,99.9414065,99.9414065,99.9414065,99.9414065,0,0
5YUSP.B,D,20241030,000000,100.255859,100.255859,99.9941405,99.9941405,0,0
5YUSP.B,D,20241031,000000,99.9941405,99.9941405,99.8984375,99.8984375,0,0
5YUSP.B,D,20241101,000000,99.8984375,99.8984375,99.7578125,99.7578125,0,0
5YUSP.B,D,20241104,000000,99.7578125,99.8574215,99.7578125,99.8574215,0,0
5YUSP.B,D,20241105,000000,99.8300785,99.8300785,99.8300785,99.8300785,0,0
5YUSP.B,D,20241106,000000,99.8300785,99.8300785,99.4492185,99.4492185,0,0
5YUSP.B,D,20241107,000000,99.498047,99.498047,99.498047,99.498047,0,0
5YUSP.B,D,20241108,000000,99.498047,99.9277345,99.498047,99.8984375,0,0
5YUSP.B,D,20241112,000000,99.7050785,99.7050785,99.4160155,99.4160155,0,0
5YUSP.B,D,20241113,000000,99.1992185,99.1992185,99.1992185,99.1992185,0,0
5YUSP.B,D,20241114,000000,99.3203125,99.3203125,99.1386715,99.2324215,0,0
5YUSP.B,D,20241115,000000,99.1445315,99.1445315,99.0742185,99.0742185,0,0
5YUSP.B,D,20241118,000000,99.0742185,99.234375,99.0742185,99.234375,0,0
5YUSP.B,D,20241119,000000,99.4960935,99.4960935,99.4960935,99.4960935,0,0
5YUSP.B,D,20241120,000000,99.4960935,99.4960935,99.2988285,99.3925785,0,0
5YUSP.B,D,20241121,000000,99.4023435,99.4296875,99.4023435,99.4296875,0,0
5YUSP.B,D,20241122,000000,99.3183595,99.3183595,99.3183595,99.3183595,0,0
5YUSP.B,D,20241125,000000,99.3183595,99.6796875,99.3183595,99.6796875,0,0
5YUSP.B,D,20241126,000000,99.671875,99.671875,99.671875,99.671875,0,0
5YUSP.B,D,20241127,000000,99.671875,99.8652345,99.671875,99.8652345,0,0
5YUSP.B,D,20241129,000000,99.921875,100.109375,99.921875,100.109375,0,0
5YUSP.B,D,20241202,000000,100.109375,100.1875,99.998047,99.998047,0,0
5YUSP.B,D,20241203,000000,99.998047,100.11914,99.998047,100.11914,0,0
5YUSP.B,D,20241204,000000,100.001953,100.001953,100.001953,100.001953,0,0
5YUSP.B,D,20241205,000000,100.128906,100.128906,100.128906,100.128906,0,0
5YUSP.B,D,20241206,000000,100.160156,100.160156,100.160156,100.160156,0,0
5YUSP.B,D,20241209,000000,100.160156,100.355468,100.160156,100.253906,0,0
5YUSP.B,D,20241210,000000,100.203125,100.203125,100.203125,100.203125,0,0
5YUSP.B,D,20241211,000000,100.082031,100.082031,100.082031,100.082031,0,0
5YUSP.B,D,20241212,000000,99.8847655,99.8847655,99.8847655,99.8847655,0,0
5YUSP.B,D,20241213,000000,99.7460935,99.7460935,99.5488285,99.5488285,0,0
5YUSP.B,D,20241216,000000,99.5488285,99.5488285,99.484375,99.5234375,0,0
5YUSP.B,D,20241217,000000,99.3476565,99.4726565,99.3476565,99.4726565,0,0
5YUSP.B,D,20241218,000000,99.4121095,99.4121095,99.4121095,99.4121095,0,0
5YUSP.B,D,20241219,000000,98.8320315,98.8320315,98.748047,98.748047,0,0
5YUSP.B,D,20241220,000000,98.7988285,98.9921875,98.7988285,98.9921875,0,0
5YUSP.B,D,20241223,000000,98.9921875,98.9921875,98.8085935,98.8085935,0,0
5YUSP.B,D,20241225,000000,98.8085935,98.8085935,98.8085935,98.8085935,0,0
5YUSP.B,D,20241226,000000,98.8085935,99.6054685,98.8085935,99.6054685,0,0
5YUSP.B,D,20241227,000000,99.6757815,99.6757815,99.6757815,99.6757815,0,0
5YUSP.B,D,20241230,000000,99.6757815,99.7851565,99.6757815,99.7851565,0,0
5YUSP.B,D,20250101,000000,99.7851565,99.7851565,99.7851565,99.7851565,0,0
5YUSP.B,D,20250102,000000,99.7851565,100.072265,99.7851565,100.072265,0,0
5YUSP.B,D,20250103,000000,100.050781,100.050781,100.050781,100.050781,0,0
5YUSP.B,D,20250106,000000,100.050781,100.050781,99.779297,99.779297,0,0
5YUSP.B,D,20250107,000000,99.7753905,99.7753905,99.7753905,99.7753905,0,0
5YUSP.B,D,20250108,000000,99.6328125,99.6328125,99.6328125,99.6328125,0,0
5YUSP.B,D,20250109,000000,99.6484375,99.7304685,99.6484375,99.7304685,0,0
5YUSP.B,D,20250110,000000,99.6015625,99.6015625,99.3515625,99.3515625,0,0
5YUSP.B,D,20250113,000000,99.3515625,99.3515625,98.9335935,99.0234375,0,0
5YUSP.B,D,20250114,000000,99.0546875,99.0546875,99.0546875,99.0546875,0,0
5YUSP.B,D,20250115,000000,99.0859375,99.0859375,99.0859375,99.0859375,0,0
5YUSP.B,D,20250116,000000,99.5839845,99.5839845,99.5839845,99.5839845,0,0
5YUSP.B,D,20250117,000000,99.9257815,99.9257815,99.9257815,99.9257815,0,0
5YUSP.B,D,20250120,000000,99.9257815,99.9257815,99.748047,99.748047,0,0
5YUSP.B,D,20250121,000000,99.9492185,99.9492185,99.9492185,99.9492185,0,0
5YUSP.B,D,20250122,000000,99.9257815,99.9257815,99.9257815,99.9257815,0,0
5YUSP.B,D,20250123,000000,99.75,99.75,99.6015625,99.6015625,0,0
5YUSP.B,D,20250124,000000,99.7773435,99.7773435,99.7773435,99.7773435,0,0
5YUSP.B,D,20250127,000000,99.7773435,100.164062,99.7773435,100.164062,0,0
5YUSP.B,D,20250128,000000,100.164062,100.164062,99.484375,99.484375,0,0
5YUSP.B,D,20250129,000000,99.71875,99.71875,99.6660155,99.6660155,0,0
5YUSP.B,D,20250130,000000,99.7070315,99.7070315,99.7070315,99.7070315,0,0
5YUSP.B,D,20250131,000000,99.6660155,99.7128905,99.6660155,99.7128905,0,0
5YUSP.B,D,20250203,000000,99.7128905,99.7128905,99.4921875,99.4921875,0,0
5YUSP.B,D,20250204,000000,99.4511715,99.4511715,99.4511715,99.4511715,0,0
5YUSP.B,D,20250205,000000,99.8125,99.8125,99.8125,99.8125,0,0
5YUSP.B,D,20250206,000000,99.8984375,99.8984375,99.8984375,99.8984375,0,0
5YUSP.B,D,20250207,000000,99.8652345,99.8652345,99.8652345,99.8652345,0,0
5YUSP.B,D,20250210,000000,99.8652345,99.8652345,99.6210935,99.6210935,0,0
5YUSP.B,D,20250211,000000,99.5585935,99.5585935,99.5585935,99.5585935,0,0
5YUSP.B,D,20250212,000000,99.4335935,99.4335935,99.4335935,99.4335935,0,0
5YUSP.B,D,20250213,000000,99.1367185,99.1367185,99.1367185,99.1367185,0,0
5YUSP.B,D,20250214,000000,99.3496095,99.3496095,99.3496095,99.3496095,0,0
