<TICKER>,<PER>,<DATE>,<TIME>,<OPEN>,<HIGH>,<LOW>,<CLOSE>,<VOL>,<OPENINT>
6MGRY.B,D,20200415,000000,0.429,0.429,0.429,0.429,0,0
6MGRY.B,D,20200416,000000,0.437,0.437,0.437,0.437,0,0
6MGRY.B,D,20200421,000000,0.445,0.557,0.445,0.557,0,0
6MGRY.B,D,20200422,000000,0.56,0.56,0.56,0.56,0,0
6MGRY.B,D,20200423,000000,0.571,0.571,0.571,0.571,0,0
6MGRY.B,D,20200424,000000,0.575,0.575,0.575,0.575,0,0
6MGRY.B,D,20200427,000000,0.578,0.578,0.463,0.463,0,0
6MGRY.B,D,20200428,000000,0.746,0.746,0.465,0.465,0,0
6MGRY.B,D,20200429,000000,0.598,0.598,0.478,0.502,0,0
6MGRY.B,D,20200430,000000,0.601,0.722,0.505,0.722,0,0
6MGRY.B,D,20200504,000000,0.727,0.727,0.581,0.581,0,0
6MGRY.B,D,20200505,000000,0.585,0.585,0.585,0.585,0,0
6MGRY.B,D,20200506,000000,0.589,0.589,0.589,0.589,0,0
6MGRY.B,D,20200507,000000,0.652,0.652,0.601,0.601,0,0
6MGRY.B,D,20200508,000000,0.606,1.011,0.606,0.606,0,0
6MGRY.B,D,20200511,000000,0.723,0.723,0.51,0.51,0,0
6MGRY.B,D,20200512,000000,0.512,0.512,0.512,0.512,0,0
6MGRY.B,D,20200513,000000,0.731,0.731,0.516,0.516,0,0
6MGRY.B,D,20200514,000000,0.525,0.525,0.525,0.525,0,0
6MGRY.B,D,20200515,000000,0.528,0.528,0.528,0.528,0,0
6MGRY.B,D,20200518,000000,0.531,0.531,0.531,0.531,0,0
6MGRY.B,D,20200519,000000,0.535,0.535,0.535,0.535,0,0
6MGRY.B,D,20200520,000000,0.538,0.538,0.538,0.538,0,0
6MGRY.B,D,20200521,000000,0.548,0.548,0.548,0.548,0,0
6MGRY.B,D,20200522,000000,0.69,0.69,0.46,0.46,0,0
6MGRY.B,D,20200525,000000,0.555,0.555,0.463,0.463,0,0
6MGRY.B,D,20200526,000000,0.465,0.465,0.465,0.465,0,0
6MGRY.B,D,20200527,000000,0.562,0.562,0.468,0.492,0,0
6MGRY.B,D,20200528,000000,0.502,0.502,0.502,0.502,0,0
6MGRY.B,D,20200529,000000,0.505,0.505,0.505,0.505,0,0
6MGRY.B,D,20200601,000000,0.508,0.508,0.508,0.508,0,0
6MGRY.B,D,20200602,000000,0.512,0.512,0.512,0.512,0,0
6MGRY.B,D,20200603,000000,0.712,0.712,0.515,0.515,0,0
6MGRY.B,D,20200604,000000,0.526,0.526,0.526,0.526,0,0
6MGRY.B,D,20200605,000000,0.606,0.606,0.53,0.53,0,0
6MGRY.B,D,20200609,000000,0.614,0.614,0.537,0.537,0,0
6MGRY.B,D,20200610,000000,0.536,0.536,0.536,0.536,0,0
6MGRY.B,D,20200611,000000,0.63,0.63,0.461,0.461,0,0
6MGRY.B,D,20200612,000000,0.464,0.464,0.464,0.464,0,0
6MGRY.B,D,20200615,000000,0.467,0.467,0.403,0.403,0,0
6MGRY.B,D,20200616,000000,0.405,0.405,0.405,0.405,0,0
6MGRY.B,D,20200617,000000,0.559,0.559,0.408,0.408,0,0
6MGRY.B,D,20200618,000000,0.503,0.503,0.415,0.415,0,0
6MGRY.B,D,20200619,000000,0.418,0.418,0.418,0.418,0,0
6MGRY.B,D,20200622,000000,0.42,0.42,0.354,0.354,0,0
6MGRY.B,D,20200623,000000,0.356,0.356,0.356,0.356,0,0
6MGRY.B,D,20200624,000000,0.358,0.358,0.313,0.313,0,0
6MGRY.B,D,20200625,000000,0.319,0.319,0.319,0.319,0,0
6MGRY.B,D,20200626,000000,0.391,0.391,0.322,0.322,0,0
6MGRY.B,D,20200629,000000,0.393,0.393,0.324,0.324,0,0
6MGRY.B,D,20200630,000000,0.326,0.326,0.326,0.326,0,0
6MGRY.B,D,20200701,000000,0.328,0.328,0.328,0.328,0,0
6MGRY.B,D,20200702,000000,0.334,0.334,0.334,0.334,0,0
6MGRY.B,D,20200703,000000,0.336,0.336,0.336,0.336,0,0
6MGRY.B,D,20200706,000000,0.381,0.381,0.26,0.26,0,0
6MGRY.B,D,20200707,000000,0.383,0.383,0.262,0.262,0,0
6MGRY.B,D,20200708,000000,0.385,0.385,0.263,0.263,0,0
6MGRY.B,D,20200709,000000,0.288,0.288,0.268,0.268,0,0
6MGRY.B,D,20200710,000000,0.394,0.394,0.269,0.269,0,0
6MGRY.B,D,20200713,000000,0.333,0.333,0.271,0.271,0,0
6MGRY.B,D,20200714,000000,0.314,0.314,0.272,0.272,0,0
6MGRY.B,D,20200715,000000,0.274,0.274,0.274,0.274,0,0
6MGRY.B,D,20200716,000000,0.279,0.279,0.279,0.279,0,0
6MGRY.B,D,20200717,000000,0.41,0.41,0.281,0.281,0,0
6MGRY.B,D,20200720,000000,0.282,0.282,0.282,0.282,0,0
6MGRY.B,D,20200721,000000,0.284,0.284,0.284,0.284,0,0
6MGRY.B,D,20200722,000000,0.286,0.286,0.286,0.286,0,0
6MGRY.B,D,20200723,000000,0.291,0.291,0.291,0.291,0,0
6MGRY.B,D,20200724,000000,0.541,0.541,0.293,0.293,0,0
6MGRY.B,D,20200727,000000,0.295,0.295,0.295,0.295,0,0
6MGRY.B,D,20200728,000000,0.548,0.548,0.274,0.274,0,0
6MGRY.B,D,20200729,000000,0.275,0.275,0.252,0.252,0,0
6MGRY.B,D,20200730,000000,0.281,0.281,0.07,0.07,0,0
6MGRY.B,D,20200731,000000,0.283,0.283,0.165,0.165,0,0
6MGRY.B,D,20200803,000000,0.285,0.285,0.166,0.166,0,0
6MGRY.B,D,20200804,000000,0.167,0.167,0.167,0.167,0,0
6MGRY.B,D,20200805,000000,0.168,0.168,0.168,0.168,0,0
6MGRY.B,D,20200806,000000,0.171,0.171,0.123,0.123,0,0
6MGRY.B,D,20200807,000000,0.247,0.247,0.123,0.123,0,0
6MGRY.B,D,20200810,000000,0.522,0.522,0.124,0.124,0,0
6MGRY.B,D,20200811,000000,-0.098,0.107,-0.098,-0.079,0,0
6MGRY.B,D,20200812,000000,-0.071,0.107,-0.09,-0.09,0,0
6MGRY.B,D,20200813,000000,0.175,0.175,0.109,0.109,0,0
6MGRY.B,D,20200814,000000,0.11,0.11,0.11,0.11,0,0
6MGRY.B,D,20200817,000000,-0.009,0.111,-0.046,-0.046,0,0
6MGRY.B,D,20200818,000000,0.133,0.133,0.111,0.111,0,0
6MGRY.B,D,20200819,000000,0.112,0.112,0.112,0.112,0,0
6MGRY.B,D,20200820,000000,0.182,0.182,0.114,0.114,0,0
6MGRY.B,D,20200821,000000,0.138,0.138,0.115,0.115,0,0
6MGRY.B,D,20200824,000000,-0.067,0.602,-0.072,-0.037,0,0
6MGRY.B,D,20200825,000000,-0.037,0.116,-0.04,0.014,0,0
6MGRY.B,D,20200826,000000,0.117,0.117,0.005,0.117,0,0
6MGRY.B,D,20200827,000000,0.143,0.143,0.119,0.119,0,0
6MGRY.B,D,20200828,000000,-0.007,0.12,-0.014,-0.002,0,0
6MGRY.B,D,20200831,000000,-0.014,0.121,-0.017,0.002,0,0
6MGRY.B,D,20200901,000000,0.02,0.122,-0.017,-0.017,0,0
6MGRY.B,D,20200902,000000,0.123,0.123,-0.044,0.123,0,0
6MGRY.B,D,20200903,000000,0.125,0.125,0.125,0.125,0,0
6MGRY.B,D,20200904,000000,-0.043,0.126,-0.055,-0.015,0,0
6MGRY.B,D,20200907,000000,0.127,0.127,-0.01,0.127,0,0
6MGRY.B,D,20200908,000000,0.098,0.098,0.098,0.098,0,0
6MGRY.B,D,20200909,000000,0.099,0.099,0.099,0.099,0,0
6MGRY.B,D,20200910,000000,0.101,0.101,0.101,0.101,0,0
6MGRY.B,D,20200911,000000,0.101,0.101,0.101,0.101,0,0
6MGRY.B,D,20200914,000000,0.102,0.102,0.102,0.102,0,0
6MGRY.B,D,20200915,000000,0.164,0.164,0.102,0.102,0,0
6MGRY.B,D,20200916,000000,0.103,0.103,0.103,0.103,0,0
6MGRY.B,D,20200917,000000,0.105,0.105,0.105,0.105,0,0
6MGRY.B,D,20200918,000000,0.464,0.464,0.105,0.105,0,0
6MGRY.B,D,20200921,000000,0.106,0.106,0.021,0.021,0,0
6MGRY.B,D,20200922,000000,0.001,0.001,-0.043,-0.043,0,0
6MGRY.B,D,20200924,000000,-0.087,-0.054,-0.087,-0.054,0,0
6MGRY.B,D,20200925,000000,0.066,0.066,-0.022,-0.022,0,0
6MGRY.B,D,20200928,000000,-0.055,-0.055,-0.099,-0.099,0,0
6MGRY.B,D,20200929,000000,-0.055,-0.055,-0.122,-0.122,0,0
6MGRY.B,D,20200930,000000,-0.089,-0.089,-0.123,-0.123,0,0
6MGRY.B,D,20201001,000000,-0.046,-0.046,-0.046,-0.046,0,0
6MGRY.B,D,20201002,000000,-0.149,-0.046,-0.149,-0.046,0,0
6MGRY.B,D,20201005,000000,-0.023,-0.023,-0.046,-0.046,0,0
6MGRY.B,D,20201006,000000,-0.04,-0.04,-0.04,-0.04,0,0
6MGRY.B,D,20201007,000000,-0.04,-0.04,-0.06,-0.06,0,0
6MGRY.B,D,20201008,000000,-0.041,-0.041,-0.082,-0.082,0,0
6MGRY.B,D,20201009,000000,-0.082,-0.082,-0.082,-0.082,0,0
6MGRY.B,D,20201012,000000,-0.083,-0.083,-0.083,-0.083,0,0
6MGRY.B,D,20201013,000000,-0.083,-0.083,-0.083,-0.083,0,0
6MGRY.B,D,20201014,000000,-0.021,-0.021,-0.084,-0.084,0,0
6MGRY.B,D,20201015,000000,-0.043,-0.043,-0.085,-0.085,0,0
6MGRY.B,D,20201016,000000,-0.064,-0.064,-0.086,-0.086,0,0
6MGRY.B,D,20201019,000000,-0.022,-0.022,-0.086,-0.086,0,0
6MGRY.B,D,20201020,000000,-0.065,-0.065,-0.087,-0.087,0,0
6MGRY.B,D,20201021,000000,-0.065,-0.065,-0.087,-0.087,0,0
6MGRY.B,D,20201022,000000,-0.067,-0.067,-0.089,-0.089,0,0
6MGRY.B,D,20201023,000000,-0.067,-0.067,-0.089,-0.089,0,0
6MGRY.B,D,20201026,000000,0.158,0.158,-0.09,-0.09,0,0
6MGRY.B,D,20201027,000000,-0.068,0.113,-0.09,-0.023,0,0
6MGRY.B,D,20201029,000000,0.023,0.023,-0.023,-0.023,0,0
6MGRY.B,D,20201030,000000,0.023,0.023,-0.023,-0.023,0,0
6MGRY.B,D,20201102,000000,-0.023,-0.023,-0.023,-0.023,0,0
6MGRY.B,D,20201103,000000,-0.04,-0.04,-0.04,-0.04,0,0
6MGRY.B,D,20201104,000000,-0.04,-0.04,-0.04,-0.04,0,0
6MGRY.B,D,20201105,000000,-0.041,-0.041,-0.041,-0.041,0,0
6MGRY.B,D,20201106,000000,-0.041,-0.041,-0.123,-0.103,0,0
6MGRY.B,D,20201109,000000,-0.062,-0.062,-0.103,-0.103,0,0
6MGRY.B,D,20201110,000000,-0.062,-0.062,-0.104,-0.104,0,0
6MGRY.B,D,20201111,000000,-0.063,-0.063,-0.105,-0.105,0,0
6MGRY.B,D,20201112,000000,-0.064,-0.064,-0.106,-0.106,0,0
6MGRY.B,D,20201113,000000,-0.064,-0.064,-0.128,-0.107,0,0
6MGRY.B,D,20201116,000000,-0.065,-0.065,-0.108,-0.108,0,0
6MGRY.B,D,20201117,000000,-0.065,-0.065,-0.108,-0.108,0,0
6MGRY.B,D,20201118,000000,-0.206,-0.109,-0.218,-0.109,0,0
6MGRY.B,D,20201119,000000,-0.111,-0.111,-0.111,-0.111,0,0
6MGRY.B,D,20201120,000000,-0.112,-0.112,-0.112,-0.112,0,0
6MGRY.B,D,20201123,000000,-0.112,-0.112,-0.112,-0.112,0,0
6MGRY.B,D,20201124,000000,-0.113,-0.113,-0.113,-0.113,0,0
6MGRY.B,D,20201125,000000,-0.114,-0.114,-0.114,-0.114,0,0
6MGRY.B,D,20201126,000000,0.023,0.023,-0.116,-0.116,0,0
6MGRY.B,D,20201127,000000,-0.117,-0.117,-0.117,-0.117,0,0
6MGRY.B,D,20201130,000000,-0.118,-0.118,-0.118,-0.118,0,0
6MGRY.B,D,20201201,000000,-0.118,-0.118,-0.118,-0.118,0,0
6MGRY.B,D,20201202,000000,-0.119,-0.119,-0.119,-0.119,0,0
6MGRY.B,D,20201203,000000,-0.073,-0.073,-0.146,-0.122,0,0
6MGRY.B,D,20201204,000000,-0.122,-0.122,-0.122,-0.122,0,0
6MGRY.B,D,20201207,000000,-0.123,-0.123,-0.123,-0.123,0,0
6MGRY.B,D,20201208,000000,-0.124,-0.124,-0.124,-0.124,0,0
6MGRY.B,D,20201209,000000,-0.075,-0.075,-0.125,-0.125,0,0
6MGRY.B,D,20201210,000000,-0.077,-0.077,-0.128,-0.128,0,0
6MGRY.B,D,20201211,000000,-0.051,-0.051,-0.128,-0.128,0,0
6MGRY.B,D,20201214,000000,-0.104,-0.104,-0.129,-0.129,0,0
6MGRY.B,D,20201215,000000,-0.149,-0.149,-0.149,-0.149,0,0
6MGRY.B,D,20201216,000000,-0.15,-0.15,-0.15,-0.15,0,0
6MGRY.B,D,20201217,000000,-0.153,-0.153,-0.153,-0.153,0,0
6MGRY.B,D,20201218,000000,-0.154,-0.154,-0.154,-0.154,0,0
6MGRY.B,D,20201221,000000,-0.11,-0.11,-0.11,-0.11,0,0
6MGRY.B,D,20201222,000000,-0.111,-0.111,-0.111,-0.111,0,0
6MGRY.B,D,20201223,000000,-0.114,-0.114,-0.114,-0.114,0,0
6MGRY.B,D,20201224,000000,-0.115,-0.115,-0.115,-0.115,0,0
6MGRY.B,D,20201228,000000,-0.115,-0.115,-0.115,-0.115,0,0
6MGRY.B,D,20201229,000000,-0.116,-0.116,-0.116,-0.116,0,0
6MGRY.B,D,20201230,000000,-0.072,-0.072,-0.119,-0.095,0,0
6MGRY.B,D,20201231,000000,-0.072,-0.072,-0.096,-0.072,0,0
6MGRY.B,D,20210104,000000,-0.072,-0.072,-0.121,-0.097,0,0
6MGRY.B,D,20210105,000000,-0.073,-0.073,-0.122,-0.097,0,0
6MGRY.B,D,20210107,000000,-0.125,-0.125,-0.125,-0.125,0,0
6MGRY.B,D,20210108,000000,-0.126,-0.126,-0.126,-0.126,0,0
6MGRY.B,D,20210111,000000,-0.025,-0.025,-0.152,-0.127,0,0
6MGRY.B,D,20210112,000000,-0.128,-0.128,-0.128,-0.128,0,0
6MGRY.B,D,20210113,000000,-0.107,-0.107,-0.128,-0.128,0,0
6MGRY.B,D,20210114,000000,-0.109,-0.109,-0.131,-0.131,0,0
6MGRY.B,D,20210115,000000,-0.132,-0.132,-0.132,-0.132,0,0
6MGRY.B,D,20210118,000000,-0.242,-0.132,-0.253,-0.132,0,0
6MGRY.B,D,20210119,000000,-0.133,-0.133,-0.133,-0.133,0,0
6MGRY.B,D,20210120,000000,-0.089,-0.089,-0.134,-0.134,0,0
6MGRY.B,D,20210121,000000,-0.046,-0.046,-0.137,-0.137,0,0
6MGRY.B,D,20210122,000000,-0.138,-0.138,-0.138,-0.138,0,0
6MGRY.B,D,20210125,000000,-0.138,-0.138,-0.138,-0.138,0,0
6MGRY.B,D,20210126,000000,-0.046,-0.046,-0.139,-0.139,0,0
6MGRY.B,D,20210127,000000,-0.14,-0.14,-0.14,-0.14,0,0
6MGRY.B,D,20210128,000000,-0.048,-0.048,-0.167,-0.143,0,0
6MGRY.B,D,20210129,000000,-0.072,-0.072,-0.144,-0.144,0,0
6MGRY.B,D,20210201,000000,-0.145,-0.145,-0.145,-0.145,0,0
6MGRY.B,D,20210202,000000,-0.146,-0.146,-0.146,-0.146,0,0
6MGRY.B,D,20210203,000000,-0.147,-0.147,-0.147,-0.147,0,0
6MGRY.B,D,20210204,000000,-0.1,-0.1,-0.15,-0.15,0,0
6MGRY.B,D,20210205,000000,-0.151,-0.126,-0.151,-0.126,0,0
6MGRY.B,D,20210208,000000,-0.101,-0.101,-0.127,-0.127,0,0
6MGRY.B,D,20210209,000000,-0.102,-0.102,-0.128,-0.128,0,0
6MGRY.B,D,20210210,000000,-0.103,-0.103,-0.128,-0.128,0,0
6MGRY.B,D,20210211,000000,-0.105,-0.105,-0.184,-0.184,0,0
6MGRY.B,D,20210212,000000,-0.106,-0.106,-0.185,-0.185,0,0
6MGRY.B,D,20210215,000000,-0.107,-0.107,-0.213,-0.186,0,0
6MGRY.B,D,20210216,000000,-0.222,-0.222,-0.244,-0.244,0,0
6MGRY.B,D,20210217,000000,-0.223,-0.223,-0.246,-0.246,0,0
6MGRY.B,D,20210218,000000,-0.228,-0.228,-0.25,-0.25,0,0
6MGRY.B,D,20210219,000000,-0.229,-0.16,-0.252,-0.183,0,0
6MGRY.B,D,20210222,000000,-0.184,-0.184,-0.184,-0.184,0,0
6MGRY.B,D,20210223,000000,-0.139,-0.139,-0.186,-0.186,0,0
6MGRY.B,D,20210224,000000,-0.163,-0.163,-0.187,-0.163,0,0
6MGRY.B,D,20210225,000000,0.119,0.119,-0.167,-0.167,0,0
6MGRY.B,D,20210226,000000,-0.072,-0.072,-0.168,-0.168,0,0
6MGRY.B,D,20210301,000000,-0.121,-0.121,-0.169,-0.169,0,0
6MGRY.B,D,20210302,000000,-0.114,-0.114,-0.189,-0.189,0,0
6MGRY.B,D,20210303,000000,-0.114,-0.114,-0.19,-0.19,0,0
6MGRY.B,D,20210304,000000,-0.077,-0.077,-0.193,-0.193,0,0
6MGRY.B,D,20210305,000000,-0.117,-0.117,-0.194,-0.194,0,0
6MGRY.B,D,20210308,000000,-0.098,-0.098,-0.196,-0.196,0,0
6MGRY.B,D,20210309,000000,-0.138,-0.138,-0.197,-0.138,0,0
6MGRY.B,D,20210310,000000,-0.079,-0.079,-0.138,-0.138,0,0
6MGRY.B,D,20210311,000000,-0.141,-0.141,-0.141,-0.141,0,0
6MGRY.B,D,20210312,000000,-0.141,-0.141,-0.141,-0.141,0,0
6MGRY.B,D,20210316,000000,-0.143,-0.143,-0.143,-0.143,0,0
6MGRY.B,D,20210317,000000,-0.144,-0.144,-0.144,-0.144,0,0
6MGRY.B,D,20210318,000000,-0.146,-0.146,-0.146,-0.146,0,0
6MGRY.B,D,20210319,000000,-0.147,-0.147,-0.147,-0.147,0,0
6MGRY.B,D,20210322,000000,-0.148,-0.148,-0.148,-0.148,0,0
6MGRY.B,D,20210323,000000,-0.085,-0.085,-0.149,-0.149,0,0
6MGRY.B,D,20210324,000000,-0.086,-0.021,-0.15,-0.043,0,0
6MGRY.B,D,20210326,000000,-0.132,-0.088,-0.164,-0.088,0,0
6MGRY.B,D,20210329,000000,-0.132,-0.066,-0.154,-0.066,0,0
6MGRY.B,D,20210330,000000,0.022,0.022,-0.067,-0.067,0,0
6MGRY.B,D,20210331,000000,-0.138,-0.115,-0.184,-0.115,0,0
6MGRY.B,D,20210401,000000,-0.023,-0.023,-0.115,-0.115,0,0
6MGRY.B,D,20210402,000000,-0.161,-0.161,-0.184,-0.172,0,0
6MGRY.B,D,20210405,000000,-0.196,-0.161,-0.196,-0.161,0,0
6MGRY.B,D,20210406,000000,-0.07,-0.07,-0.139,-0.139,0,0
6MGRY.B,D,20210407,000000,-0.117,-0.07,-0.163,-0.163,0,0
6MGRY.B,D,20210408,000000,-0.024,-0.024,-0.167,-0.167,0,0
6MGRY.B,D,20210409,000000,-0.192,-0.192,-0.192,-0.192,0,0
6MGRY.B,D,20210412,000000,-0.097,-0.097,-0.193,-0.193,0,0
6MGRY.B,D,20210413,000000,-0.097,-0.097,-0.194,-0.194,0,0
6MGRY.B,D,20210414,000000,-0.098,-0.098,-0.196,-0.171,0,0
6MGRY.B,D,20210415,000000,-0.1,-0.1,-0.175,-0.175,0,0
6MGRY.B,D,20210416,000000,-0.101,-0.101,-0.176,-0.176,0,0
6MGRY.B,D,20210419,000000,-0.127,-0.127,-0.228,-0.203,0,0
6MGRY.B,D,20210420,000000,-0.153,-0.153,-0.204,-0.204,0,0
6MGRY.B,D,20210421,000000,-0.206,-0.206,-0.206,-0.206,0,0
6MGRY.B,D,20210422,000000,-0.068,-0.068,-0.25,-0.25,0,0
6MGRY.B,D,20210423,000000,-0.16,-0.16,-0.252,-0.252,0,0
6MGRY.B,D,20210426,000000,-0.161,-0.161,-0.254,-0.23,0,0
6MGRY.B,D,20210427,000000,-0.162,-0.162,-0.232,-0.232,0,0
6MGRY.B,D,20210428,000000,-0.163,-0.163,-0.21,-0.163,0,0
6MGRY.B,D,20210429,000000,-0.143,-0.143,-0.167,-0.167,0,0
6MGRY.B,D,20210505,000000,-0.147,-0.147,-0.171,-0.171,0,0
6MGRY.B,D,20210506,000000,-0.175,-0.175,-0.175,-0.175,0,0
6MGRY.B,D,20210507,000000,-0.151,-0.151,-0.176,-0.176,0,0
6MGRY.B,D,20210510,000000,-0.152,-0.152,-0.177,-0.152,0,0
6MGRY.B,D,20210511,000000,-0.153,-0.153,-0.153,-0.153,0,0
6MGRY.B,D,20210512,000000,-0.154,-0.154,-0.231,-0.231,0,0
6MGRY.B,D,20210513,000000,-0.158,-0.158,-0.262,-0.262,0,0
6MGRY.B,D,20210514,000000,-0.159,-0.159,-0.159,-0.159,0,0
6MGRY.B,D,20210517,000000,-0.133,-0.133,-0.266,-0.266,0,0
6MGRY.B,D,20210518,000000,-0.134,-0.134,-0.242,-0.242,0,0
6MGRY.B,D,20210519,000000,-0.135,-0.135,-0.216,-0.216,0,0
6MGRY.B,D,20210520,000000,-0.182,-0.182,-0.182,-0.182,0,0
6MGRY.B,D,20210521,000000,-0.16,-0.16,-0.183,-0.183,0,0
6MGRY.B,D,20210524,000000,-0.138,-0.138,-0.184,-0.138,0,0
6MGRY.B,D,20210525,000000,-0.093,-0.093,-0.162,-0.162,0,0
6MGRY.B,D,20210526,000000,-0.14,-0.14,-0.163,-0.163,0,0
6MGRY.B,D,20210527,000000,-0.143,-0.143,-0.214,-0.214,0,0
6MGRY.B,D,20210528,000000,-0.144,-0.144,-0.168,-0.168,0,0
6MGRY.B,D,20210531,000000,0.024,0.024,-0.169,-0.169,0,0
6MGRY.B,D,20210601,000000,-0.17,-0.17,-0.189,-0.189,0,0
6MGRY.B,D,20210602,000000,-0.171,-0.171,-0.19,-0.19,0,0
6MGRY.B,D,20210603,000000,-0.193,-0.193,-0.193,-0.193,0,0
6MGRY.B,D,20210604,000000,-0.175,-0.175,-0.194,-0.194,0,0
6MGRY.B,D,20210607,000000,-0.196,-0.196,-0.196,-0.196,0,0
6MGRY.B,D,20210608,000000,-0.197,-0.197,-0.197,-0.197,0,0
6MGRY.B,D,20210609,000000,-0.198,-0.198,-0.198,-0.198,0,0
6MGRY.B,D,20210610,000000,-0.201,-0.201,-0.221,-0.201,0,0
6MGRY.B,D,20210611,000000,-0.202,-0.202,-0.202,-0.202,0,0
6MGRY.B,D,20210614,000000,-0.203,-0.203,-0.203,-0.203,0,0
6MGRY.B,D,20210615,000000,-0.204,-0.204,-0.204,-0.204,0,0
6MGRY.B,D,20210616,000000,-0.206,-0.206,-0.206,-0.206,0,0
6MGRY.B,D,20210617,000000,-0.209,-0.209,-0.209,-0.209,0,0
6MGRY.B,D,20210618,000000,-0.21,-0.189,-0.21,-0.189,0,0
6MGRY.B,D,20210622,000000,-0.106,-0.106,-0.191,-0.191,0,0
6MGRY.B,D,20210623,000000,-0.193,-0.193,-0.193,-0.193,0,0
6MGRY.B,D,20210624,000000,-0.109,-0.109,-0.196,-0.196,0,0
6MGRY.B,D,20210625,000000,-0.11,-0.11,-0.197,-0.197,0,0
6MGRY.B,D,20210628,000000,-0.199,-0.199,-0.199,-0.199,0,0
6MGRY.B,D,20210629,000000,-0.321,-0.2,-0.333,-0.2,0,0
6MGRY.B,D,20210630,000000,-0.179,-0.179,-0.201,-0.201,0,0
6MGRY.B,D,20210701,000000,-0.137,-0.137,-0.205,-0.205,0,0
6MGRY.B,D,20210702,000000,-0.115,-0.115,-0.206,-0.206,0,0
6MGRY.B,D,20210705,000000,-0.115,-0.115,-0.207,-0.207,0,0
6MGRY.B,D,20210706,000000,-0.116,-0.116,-0.209,-0.209,0,0
6MGRY.B,D,20210707,000000,-0.07,-0.07,-0.21,-0.21,0,0
6MGRY.B,D,20210708,000000,-0.167,-0.167,-0.214,-0.214,0,0
6MGRY.B,D,20210709,000000,-0.168,-0.168,-0.216,-0.216,0,0
6MGRY.B,D,20210712,000000,-0.169,-0.169,-0.217,-0.217,0,0
6MGRY.B,D,20210713,000000,-0.149,-0.149,-0.277,-0.277,0,0
6MGRY.B,D,20210714,000000,-0.257,-0.257,-0.278,-0.278,0,0
6MGRY.B,D,20210715,000000,-0.262,-0.262,-0.283,-0.262,0,0
6MGRY.B,D,20210716,000000,-0.263,-0.263,-0.263,-0.263,0,0
6MGRY.B,D,20210719,000000,-0.265,-0.221,-0.265,-0.221,0,0
6MGRY.B,D,20210720,000000,-0.222,-0.222,-0.222,-0.222,0,0
6MGRY.B,D,20210721,000000,-0.223,-0.223,-0.223,-0.223,0,0
6MGRY.B,D,20210722,000000,0.023,0.023,-0.296,-0.228,0,0
6MGRY.B,D,20210723,000000,-0.229,-0.206,-0.229,-0.206,0,0
6MGRY.B,D,20210726,000000,-0.184,-0.184,-0.207,-0.207,0,0
6MGRY.B,D,20210727,000000,-0.186,-0.186,-0.209,-0.209,0,0
6MGRY.B,D,20210728,000000,-0.117,-0.117,-0.21,-0.21,0,0
6MGRY.B,D,20210729,000000,-0.201,-0.201,-0.201,-0.201,0,0
6MGRY.B,D,20210730,000000,-0.202,-0.202,-0.202,-0.202,0,0
6MGRY.B,D,20210802,000000,-0.203,-0.102,-0.203,-0.102,0,0
6MGRY.B,D,20210803,000000,-0.204,-0.102,-0.204,-0.204,0,0
6MGRY.B,D,20210804,000000,-0.185,-0.185,-0.206,-0.206,0,0
6MGRY.B,D,20210805,000000,-0.146,-0.146,-0.209,-0.209,0,0
6MGRY.B,D,20210806,000000,-0.063,-0.063,-0.21,-0.21,0,0
6MGRY.B,D,20210809,000000,-0.19,-0.19,-0.233,-0.233,0,0
6MGRY.B,D,20210810,000000,-0.191,-0.191,-0.234,-0.234,0,0
6MGRY.B,D,20210811,000000,-0.171,-0.171,-0.235,-0.235,0,0
6MGRY.B,D,20210812,000000,-0.109,-0.109,-0.24,-0.24,0,0
6MGRY.B,D,20210813,000000,-0.176,-0.176,-0.241,-0.219,0,0
6MGRY.B,D,20210816,000000,-0.11,-0.11,-0.221,-0.221,0,0
6MGRY.B,D,20210817,000000,-0.2,-0.2,-0.222,-0.222,0,0
6MGRY.B,D,20210818,000000,-0.179,-0.179,-0.223,-0.223,0,0
6MGRY.B,D,20210819,000000,-0.182,-0.182,-0.228,-0.228,0,0
6MGRY.B,D,20210820,000000,-0.206,-0.206,-0.229,-0.229,0,0
6MGRY.B,D,20210823,000000,-0.207,-0.207,-0.23,-0.23,0,0
6MGRY.B,D,20210824,000000,-0.209,-0.209,-0.232,-0.232,0,0
6MGRY.B,D,20210825,000000,-0.234,-0.234,-0.234,-0.234,0,0
6MGRY.B,D,20210826,000000,-0.238,-0.238,-0.238,-0.238,0,0
6MGRY.B,D,20210827,000000,-0.048,-0.048,-0.24,-0.24,0,0
6MGRY.B,D,20210830,000000,-0.241,-0.217,-0.241,-0.241,0,0
6MGRY.B,D,20210831,000000,-0.265,-0.265,-0.504,-0.265,0,0
6MGRY.B,D,20210901,000000,-0.498,-0.19,-0.498,-0.486,0,0
6MGRY.B,D,20210902,000000,-0.492,-0.271,-0.502,-0.502,0,0
6MGRY.B,D,20210903,000000,-0.156,-0.156,-0.272,-0.272,0,0
6MGRY.B,D,20210906,000000,-0.273,-0.273,-0.273,-0.273,0,0
6MGRY.B,D,20210907,000000,-0.275,-0.275,-0.491,-0.487,0,0
6MGRY.B,D,20210908,000000,-0.479,-0.158,-0.479,-0.276,0,0
6MGRY.B,D,20210909,000000,-0.481,-0.161,-0.481,-0.281,0,0
6MGRY.B,D,20210910,000000,-0.283,-0.162,-0.494,-0.488,0,0
6MGRY.B,D,20210913,000000,-0.163,-0.163,-0.284,-0.284,0,0
6MGRY.B,D,20210914,000000,-0.492,-0.184,-0.492,-0.492,0,0
6MGRY.B,D,20210915,000000,-0.369,-0.369,-0.493,-0.491,0,0
6MGRY.B,D,20210916,000000,-0.493,-0.293,-0.505,-0.505,0,0
6MGRY.B,D,20210917,000000,-0.502,-0.378,-0.509,-0.508,0,0
6MGRY.B,D,20210920,000000,-0.507,-0.296,-0.513,-0.513,0,0
6MGRY.B,D,20210921,000000,-0.516,-0.298,-0.531,-0.298,0,0
6MGRY.B,D,20210922,000000,-0.532,-0.342,-0.539,-0.534,0,0
6MGRY.B,D,20210923,000000,-0.535,-0.305,-0.535,-0.533,0,0
6MGRY.B,D,20210924,000000,-0.523,-0.307,-0.523,-0.307,0,0
6MGRY.B,D,20210927,000000,-0.11,-0.11,-0.309,-0.309,0,0
6MGRY.B,D,20210928,000000,-0.178,-0.178,-0.506,-0.311,0,0
6MGRY.B,D,20210929,000000,-0.313,-0.313,-0.313,-0.313,0,0
6MGRY.B,D,20210930,000000,-0.114,-0.114,-0.319,-0.228,0,0
6MGRY.B,D,20211001,000000,-0.115,-0.115,-0.229,-0.206,0,0
6MGRY.B,D,20211004,000000,-0.115,-0.115,-0.207,-0.207,0,0
6MGRY.B,D,20211005,000000,-0.209,-0.186,-0.209,-0.186,0,0
6MGRY.B,D,20211006,000000,-0.49,-0.187,-0.49,-0.187,0,0
6MGRY.B,D,20211007,000000,-0.191,-0.191,-0.191,-0.191,0,0
6MGRY.B,D,20211008,000000,-0.192,-0.192,-0.192,-0.192,0,0
6MGRY.B,D,20211011,000000,-0.048,-0.048,-0.193,-0.193,0,0
6MGRY.B,D,20211012,000000,-0.234,-0.234,-0.255,-0.255,0,0
6MGRY.B,D,20211013,000000,-0.235,-0.193,-0.257,-0.193,0,0
6MGRY.B,D,20211014,000000,-0.196,-0.196,-0.262,-0.262,0,0
6MGRY.B,D,20211015,000000,-0.197,-0.197,-0.241,-0.241,0,0
6MGRY.B,D,20211018,000000,-0.199,-0.199,-0.243,-0.243,0,0
6MGRY.B,D,20211019,000000,-0.2,-0.2,-0.244,-0.244,0,0
6MGRY.B,D,20211020,000000,-0.223,-0.223,-0.246,-0.246,0,0
6MGRY.B,D,20211021,000000,-0.228,-0.228,-0.341,-0.341,0,0
6MGRY.B,D,20211022,000000,-0.229,-0.229,-0.343,-0.343,0,0
6MGRY.B,D,20211025,000000,-0.346,-0.346,-0.346,-0.346,0,0
6MGRY.B,D,20211026,000000,-0.192,-0.192,-0.256,-0.256,0,0
6MGRY.B,D,20211027,000000,-0.257,-0.257,-0.257,-0.257,0,0
6MGRY.B,D,20211029,000000,-0.229,-0.229,-0.229,-0.229,0,0
6MGRY.B,D,20211101,000000,-0.23,-0.23,-0.23,-0.23,0,0
6MGRY.B,D,20211102,000000,-0.148,-0.148,-0.231,-0.231,0,0
6MGRY.B,D,20211103,000000,-0.232,-0.232,-0.232,-0.232,0,0
6MGRY.B,D,20211104,000000,-0.151,-0.151,-0.235,-0.235,0,0
6MGRY.B,D,20211105,000000,-0.152,-0.152,-0.236,-0.236,0,0
6MGRY.B,D,20211108,000000,-0.153,-0.153,-0.237,-0.237,0,0
6MGRY.B,D,20211109,000000,-0.238,-0.238,-0.238,-0.238,0,0
6MGRY.B,D,20211110,000000,-0.154,-0.154,-0.24,-0.24,0,0
6MGRY.B,D,20211111,000000,-0.156,-0.156,-0.243,-0.243,0,0
6MGRY.B,D,20211112,000000,-0.157,-0.157,-0.244,-0.244,0,0
6MGRY.B,D,20211115,000000,-0.245,-0.245,-0.245,-0.245,0,0
6MGRY.B,D,20211116,000000,-0.159,-0.159,-0.247,-0.247,0,0
6MGRY.B,D,20211117,000000,-0.16,-0.16,-0.248,-0.248,0,0
6MGRY.B,D,20211118,000000,-0.162,-0.162,-0.252,-0.252,0,0
6MGRY.B,D,20211119,000000,-0.253,-0.253,-0.253,-0.253,0,0
6MGRY.B,D,20211122,000000,-0.163,-0.163,-0.254,-0.254,0,0
6MGRY.B,D,20211123,000000,-0.164,-0.164,-0.255,-0.255,0,0
6MGRY.B,D,20211124,000000,-0.257,-0.257,-0.257,-0.257,0,0
6MGRY.B,D,20211125,000000,-0.261,-0.261,-0.261,-0.261,0,0
6MGRY.B,D,20211126,000000,-0.169,-0.169,-0.262,-0.262,0,0
6MGRY.B,D,20211129,000000,-0.245,-0.245,-0.301,-0.301,0,0
6MGRY.B,D,20211130,000000,-0.17,-0.17,-0.284,-0.284,0,0
6MGRY.B,D,20211201,000000,-0.266,-0.266,-0.285,-0.285,0,0
6MGRY.B,D,20211202,000000,-0.271,-0.271,-0.29,-0.29,0,0
6MGRY.B,D,20211203,000000,-0.311,-0.272,-0.33,-0.272,0,0
6MGRY.B,D,20211206,000000,-0.273,-0.273,-0.332,-0.273,0,0
6MGRY.B,D,20211207,000000,-0.275,-0.275,-0.334,-0.334,0,0
6MGRY.B,D,20211208,000000,-0.276,-0.276,-0.355,-0.355,0,0
6MGRY.B,D,20211209,000000,-0.361,-0.361,-0.361,-0.361,0,0
6MGRY.B,D,20211210,000000,-0.363,-0.303,-0.363,-0.363,0,0
6MGRY.B,D,20211213,000000,-0.365,-0.365,-0.365,-0.365,0,0
6MGRY.B,D,20211214,000000,-0.306,-0.306,-0.368,-0.368,0,0
6MGRY.B,D,20211215,000000,-0.329,-0.329,-0.37,-0.329,0,0
6MGRY.B,D,20211216,000000,-0.334,-0.334,-0.355,-0.355,0,0
6MGRY.B,D,20211217,000000,-0.336,-0.336,-0.357,-0.357,0,0
6MGRY.B,D,20211220,000000,-0.338,-0.338,-0.359,-0.359,0,0
6MGRY.B,D,20211221,000000,-0.34,-0.34,-0.361,-0.361,0,0
6MGRY.B,D,20211222,000000,-0.342,-0.342,-0.342,-0.342,0,0
6MGRY.B,D,20211223,000000,-0.349,-0.349,-0.349,-0.349,0,0
6MGRY.B,D,20211224,000000,-0.351,-0.351,-0.351,-0.351,0,0
6MGRY.B,D,20211227,000000,-0.353,-0.353,-0.353,-0.353,0,0
6MGRY.B,D,20211228,000000,-0.355,-0.355,-0.355,-0.355,0,0
6MGRY.B,D,20211229,000000,-0.357,-0.357,-0.357,-0.357,0,0
6MGRY.B,D,20211230,000000,-0.364,-0.364,-0.364,-0.364,0,0
6MGRY.B,D,20211231,000000,-0.366,-0.366,-0.366,-0.366,0,0
6MGRY.B,D,20220103,000000,-0.369,-0.277,-0.369,-0.277,0,0
6MGRY.B,D,20220104,000000,-0.278,-0.278,-0.371,-0.371,0,0
6MGRY.B,D,20220105,000000,-0.35,-0.35,-0.373,-0.35,0,0
6MGRY.B,D,20220107,000000,-0.216,-0.216,-0.383,-0.383,0,0
6MGRY.B,D,20220110,000000,-0.362,-0.362,-0.386,-0.386,0,0
6MGRY.B,D,20220111,000000,-0.219,-0.219,-0.364,-0.364,0,0
6MGRY.B,D,20220112,000000,-0.367,-0.367,-0.367,-0.367,0,0
6MGRY.B,D,20220113,000000,-0.374,-0.374,-0.374,-0.374,0,0
6MGRY.B,D,20220114,000000,-0.377,-0.377,-0.377,-0.377,0,0
6MGRY.B,D,20220117,000000,-0.38,-0.38,-0.38,-0.38,0,0
6MGRY.B,D,20220118,000000,-0.382,-0.382,-0.382,-0.382,0,0
6MGRY.B,D,20220119,000000,-0.385,-0.385,-0.385,-0.385,0,0
6MGRY.B,D,20220120,000000,-0.394,-0.394,-0.394,-0.394,0,0
6MGRY.B,D,20220121,000000,-0.159,-0.159,-0.396,-0.396,0,0
6MGRY.B,D,20220124,000000,-0.24,-0.24,-0.399,-0.399,0,0
6MGRY.B,D,20220125,000000,-0.287,-0.287,-0.303,-0.287,0,0
6MGRY.B,D,20220126,000000,-0.225,-0.225,-0.321,-0.257,0,0
6MGRY.B,D,20220127,000000,-0.26,-0.26,-0.293,-0.293,0,0
6MGRY.B,D,20220128,000000,-0.278,-0.278,-0.294,-0.294,0,0
6MGRY.B,D,20220131,000000,-0.246,-0.246,-0.295,-0.295,0,0
6MGRY.B,D,20220201,000000,-0.28,-0.28,-0.297,-0.297,0,0
6MGRY.B,D,20220202,000000,-0.282,-0.282,-0.298,-0.298,0,0
6MGRY.B,D,20220203,000000,-0.235,-0.235,-0.319,-0.285,0,0
6MGRY.B,D,20220204,000000,-0.253,-0.236,-0.253,-0.236,0,0
6MGRY.B,D,20220207,000000,-0.237,-0.237,-0.305,-0.254,0,0
6MGRY.B,D,20220208,000000,-0.366,-0.068,-0.366,-0.068,0,0
6MGRY.B,D,20220209,000000,-0.24,-0.24,-0.274,-0.24,0,0
6MGRY.B,D,20220210,000000,-0.243,-0.243,-0.243,-0.243,0,0
6MGRY.B,D,20220211,000000,-0.244,-0.244,-0.244,-0.244,0,0
6MGRY.B,D,20220214,000000,-0.245,-0.245,-0.245,-0.245,0,0
6MGRY.B,D,20220215,000000,-0.247,-0.247,-0.247,-0.247,0,0
6MGRY.B,D,20220216,000000,-0.248,-0.213,-0.248,-0.213,0,0
6MGRY.B,D,20220217,000000,-0.216,-0.216,-0.216,-0.216,0,0
6MGRY.B,D,20220218,000000,-0.217,-0.217,-0.217,-0.217,0,0
6MGRY.B,D,20220221,000000,-0.218,-0.218,-0.218,-0.218,0,0
6MGRY.B,D,20220222,000000,-0.219,-0.219,-0.219,-0.219,0,0
6MGRY.B,D,20220223,000000,-0.22,-0.22,-0.22,-0.22,0,0
6MGRY.B,D,20220224,000000,-0.056,-0.056,-0.224,-0.224,0,0
6MGRY.B,D,20220225,000000,-0.225,-0.225,-0.225,-0.225,0,0
6MGRY.B,D,20220228,000000,-0.226,-0.226,-0.226,-0.226,0,0
6MGRY.B,D,20220301,000000,-0.226,-0.226,-0.227,-0.227,0,0
6MGRY.B,D,20220302,000000,-0.228,-0.228,-0.228,-0.228,0,0
6MGRY.B,D,20220303,000000,-0.232,-0.232,-0.232,-0.232,0,0
6MGRY.B,D,20220304,000000,-0.233,-0.233,-0.233,-0.233,0,0
6MGRY.B,D,20220308,000000,-0.236,-0.118,-0.236,-0.118,0,0
6MGRY.B,D,20220309,000000,-0.119,-0.119,-0.119,-0.119,0,0
6MGRY.B,D,20220310,000000,-0.121,-0.04,-0.121,-0.04,0,0
6MGRY.B,D,20220311,000000,-0.04,-0.04,-0.04,-0.04,0,0
6MGRY.B,D,20220314,000000,-0.041,-0.041,-0.041,-0.041,0,0
6MGRY.B,D,20220315,000000,0.021,0.021,-0.041,-0.041,0,0
6MGRY.B,D,20220316,000000,-0.041,-0.041,-0.041,-0.041,0,0
6MGRY.B,D,20220317,000000,0.021,0.021,-0.042,-0.042,0,0
6MGRY.B,D,20220318,000000,0.021,0.021,-0.042,-0.042,0,0
6MGRY.B,D,20220321,000000,-0.042,-0.042,-0.042,-0.042,0,0
6MGRY.B,D,20220322,000000,-0.043,-0.043,-0.043,-0.043,0,0
6MGRY.B,D,20220323,000000,-0.043,-0.043,-0.043,-0.043,0,0
6MGRY.B,D,20220324,000000,-0.044,-0.044,-0.044,-0.044,0,0
6MGRY.B,D,20220328,000000,-0.044,-0.044,-0.066,-0.066,0,0
6MGRY.B,D,20220329,000000,-0.067,-0.067,-0.067,-0.067,0,0
6MGRY.B,D,20220330,000000,0.179,0.179,-0.067,-0.045,0,0
6MGRY.B,D,20220331,000000,-0.046,-0.046,-0.046,-0.046,0,0
6MGRY.B,D,20220401,000000,-0.046,-0.046,-0.046,-0.046,0,0
6MGRY.B,D,20220404,000000,-0.046,-0.046,-0.046,-0.046,0,0
6MGRY.B,D,20220405,000000,0.116,0.116,-0.046,-0.046,0,0
6MGRY.B,D,20220406,000000,-0.047,-0.047,-0.07,-0.07,0,0
6MGRY.B,D,20220407,000000,-0.072,-0.024,-0.072,-0.024,0,0
6MGRY.B,D,20220408,000000,-0.072,-0.072,-0.072,-0.072,0,0
6MGRY.B,D,20220411,000000,-0.048,-0.048,-0.048,-0.048,0,0
6MGRY.B,D,20220412,000000,-0.049,-0.049,-0.049,-0.049,0,0
6MGRY.B,D,20220413,000000,-0.066,-0.066,-0.066,-0.066,0,0
6MGRY.B,D,20220414,000000,-0.066,-0.066,-0.066,-0.066,0,0
6MGRY.B,D,20220415,000000,-0.066,-0.066,-0.066,-0.066,0,0
6MGRY.B,D,20220418,000000,-0.066,-0.066,-0.066,-0.066,0,0
6MGRY.B,D,20220419,000000,-0.067,-0.067,-0.067,-0.067,0,0
6MGRY.B,D,20220420,000000,-0.067,-0.067,-0.067,-0.067,0,0
6MGRY.B,D,20220421,000000,-0.068,-0.068,-0.068,-0.068,0,0
6MGRY.B,D,20220426,000000,-0.07,-0.07,-0.07,-0.07,0,0
6MGRY.B,D,20220427,000000,0.094,0.094,0.094,0.094,0,0
6MGRY.B,D,20220428,000000,0.048,0.048,0.048,0.048,0,0
6MGRY.B,D,20220429,000000,0.048,0.048,0.048,0.048,0,0
6MGRY.B,D,20220503,000000,0.049,0.049,0.049,0.049,0,0
6MGRY.B,D,20220504,000000,0.098,0.098,0.098,0.098,0,0
6MGRY.B,D,20220505,000000,0.1,0.1,0.1,0.1,0,0
6MGRY.B,D,20220506,000000,0.101,0.101,0.101,0.101,0,0
6MGRY.B,D,20220509,000000,0.101,0.101,0.101,0.101,0,0
6MGRY.B,D,20220510,000000,0.102,0.102,0.102,0.102,0,0
6MGRY.B,D,20220511,000000,0.077,0.077,0.077,0.077,0,0
6MGRY.B,D,20220512,000000,0.079,0.079,0.079,0.079,0,0
6MGRY.B,D,20220513,000000,0.079,0.079,0.079,0.079,0,0
6MGRY.B,D,20220516,000000,0.133,0.133,0.133,0.133,0,0
6MGRY.B,D,20220517,000000,0.134,0.134,0.134,0.134,0,0
6MGRY.B,D,20220518,000000,0.089,0.089,0.089,0.089,0,0
6MGRY.B,D,20220519,000000,0.09,0.09,0.09,0.09,0,0
6MGRY.B,D,20220520,000000,0.09,0.09,0.09,0.09,0,0
6MGRY.B,D,20220523,000000,0.091,0.091,0.091,0.091,0,0
6MGRY.B,D,20220524,000000,0.22,0.256,0.091,0.091,0,0
6MGRY.B,D,20220525,000000,0.092,0.092,0.092,0.092,0,0
6MGRY.B,D,20220526,000000,0.093,0.093,0.093,0.093,0,0
6MGRY.B,D,20220527,000000,0.263,0.263,0.094,0.094,0,0
6MGRY.B,D,20220530,000000,0.094,0.094,0.094,0.094,0,0
6MGRY.B,D,20220531,000000,0.266,0.266,0.095,0.152,0,0
6MGRY.B,D,20220601,000000,0.153,0.153,0.153,0.153,0,0
6MGRY.B,D,20220602,000000,0.155,0.174,0.155,0.174,0,0
6MGRY.B,D,20220603,000000,0.175,0.175,0.175,0.175,0,0
6MGRY.B,D,20220606,000000,0.353,0.353,0.176,0.196,0,0
6MGRY.B,D,20220607,000000,0.276,0.276,0.197,0.197,0,0
6MGRY.B,D,20220608,000000,0.198,0.218,0.198,0.218,0,0
6MGRY.B,D,20220609,000000,0.403,0.504,0.322,0.343,0,0
6MGRY.B,D,20220610,000000,0.344,0.71,0.324,0.71,0,0
6MGRY.B,D,20220614,000000,0.574,0.76,0.472,0.595,0,0
6MGRY.B,D,20220615,000000,0.826,0.826,0.598,0.598,0,0
6MGRY.B,D,20220616,000000,0.925,1.263,0.609,0.609,0,0
6MGRY.B,D,20220617,000000,0.941,0.941,0.941,0.941,0,0
6MGRY.B,D,20220620,000000,0.944,0.944,0.944,0.944,0,0
6MGRY.B,D,20220621,000000,0.948,0.948,0.948,0.948,0,0
6MGRY.B,D,20220622,000000,0.952,0.952,0.952,0.952,0,0
6MGRY.B,D,20220623,000000,0.963,0.963,0.963,0.963,0,0
6MGRY.B,D,20220624,000000,0.967,0.967,0.967,0.967,0,0
6MGRY.B,D,20220627,000000,0.97,0.97,0.97,0.97,0,0
6MGRY.B,D,20220628,000000,1.003,1.003,1.003,1.003,0,0
6MGRY.B,D,20220629,000000,1.007,1.007,1.007,1.007,0,0
6MGRY.B,D,20220630,000000,0.931,0.931,0.931,0.931,0,0
6MGRY.B,D,20220701,000000,0.935,0.935,0.935,0.935,0,0
6MGRY.B,D,20220704,000000,0.939,0.939,0.939,0.939,0,0
6MGRY.B,D,20220705,000000,0.898,0.898,0.898,0.898,0,0
6MGRY.B,D,20220706,000000,0.902,0.902,0.902,0.902,0,0
6MGRY.B,D,20220707,000000,0.898,0.898,0.898,0.898,0,0
6MGRY.B,D,20220708,000000,0.902,0.902,0.902,0.902,0,0
6MGRY.B,D,20220711,000000,0.905,0.905,0.905,0.905,0,0
6MGRY.B,D,20220712,000000,0.909,0.909,0.909,0.909,0,0
6MGRY.B,D,20220713,000000,0.898,0.898,0.898,0.898,0,0
6MGRY.B,D,20220714,000000,0.909,0.909,0.909,0.909,0,0
6MGRY.B,D,20220715,000000,0.913,0.913,0.913,0.913,0,0
6MGRY.B,D,20220718,000000,0.901,0.901,0.901,0.901,0,0
6MGRY.B,D,20220719,000000,0.905,0.905,0.905,0.905,0,0
6MGRY.B,D,20220720,000000,0.909,0.909,0.909,0.909,0,0
6MGRY.B,D,20220721,000000,0.921,0.921,0.921,0.921,0,0
6MGRY.B,D,20220722,000000,0.909,0.909,0.909,0.909,0,0
6MGRY.B,D,20220725,000000,0.913,0.913,0.913,0.913,0,0
6MGRY.B,D,20220726,000000,0.917,0.917,0.917,0.917,0,0
6MGRY.B,D,20220727,000000,0.921,0.921,0.921,0.921,0,0
6MGRY.B,D,20220728,000000,0.934,0.95,0.934,0.95,0,0
6MGRY.B,D,20220729,000000,0.888,0.888,0.888,0.888,0,0
6MGRY.B,D,20220801,000000,0.892,0.892,0.892,0.892,0,0
6MGRY.B,D,20220802,000000,0.997,0.997,0.997,0.997,0,0
6MGRY.B,D,20220803,000000,1.001,1.001,1.001,1.001,0,0
6MGRY.B,D,20220804,000000,1.015,1.015,1.015,1.015,0,0
6MGRY.B,D,20220805,000000,0.849,0.849,0.849,0.849,0,0
6MGRY.B,D,20220808,000000,0.785,0.785,0.785,0.785,0,0
6MGRY.B,D,20220809,000000,0.789,0.789,0.789,0.789,0,0
6MGRY.B,D,20220810,000000,0.792,0.792,0.792,0.792,0,0
6MGRY.B,D,20220811,000000,0.786,0.786,0.786,0.786,0,0
6MGRY.B,D,20220812,000000,0.79,0.79,0.79,0.79,0,0
6MGRY.B,D,20220816,000000,0.798,0.798,0.798,0.798,0,0
6MGRY.B,D,20220817,000000,0.784,0.784,0.784,0.784,0,0
6MGRY.B,D,20220818,000000,0.795,0.795,0.795,0.795,0,0
6MGRY.B,D,20220819,000000,0.799,0.799,0.799,0.799,0,0
6MGRY.B,D,20220822,000000,0.785,0.785,0.785,0.785,0,0
6MGRY.B,D,20220823,000000,0.789,0.789,0.789,0.789,0,0
6MGRY.B,D,20220824,000000,0.793,0.793,0.793,0.793,0,0
6MGRY.B,D,20220825,000000,0.975,0.975,0.975,0.975,0,0
6MGRY.B,D,20220826,000000,0.98,0.98,0.98,0.98,0,0
6MGRY.B,D,20220829,000000,1.042,1.042,1.042,1.042,0,0
6MGRY.B,D,20220830,000000,0.99,0.99,0.99,0.99,0,0
6MGRY.B,D,20220831,000000,1.15,1.15,1.15,1.15,0,0
6MGRY.B,D,20220901,000000,1.188,1.188,1.188,1.188,0,0
6MGRY.B,D,20220902,000000,1.194,1.194,1.194,1.194,0,0
6MGRY.B,D,20220905,000000,1.201,1.201,1.201,1.201,0,0
6MGRY.B,D,20220906,000000,1.327,1.327,1.327,1.327,0,0
6MGRY.B,D,20220907,000000,1.394,1.394,1.394,1.394,0,0
6MGRY.B,D,20220908,000000,1.438,1.438,1.438,1.438,0,0
6MGRY.B,D,20220909,000000,1.446,1.446,1.446,1.446,0,0
6MGRY.B,D,20220912,000000,1.558,1.558,1.558,1.558,0,0
6MGRY.B,D,20220913,000000,1.463,1.463,1.463,1.463,0,0
6MGRY.B,D,20220914,000000,1.471,1.471,1.471,1.471,0,0
6MGRY.B,D,20220915,000000,1.518,1.518,1.518,1.518,0,0
6MGRY.B,D,20220916,000000,1.527,1.527,1.527,1.527,0,0
6MGRY.B,D,20220919,000000,1.514,1.514,1.514,1.514,0,0
6MGRY.B,D,20220920,000000,1.523,1.523,1.523,1.523,0,0
6MGRY.B,D,20220921,000000,1.532,1.532,1.532,1.532,0,0
6MGRY.B,D,20220922,000000,1.56,1.56,1.56,1.56,0,0
6MGRY.B,D,20220923,000000,1.547,1.547,1.547,1.547,0,0
6MGRY.B,D,20220926,000000,1.557,1.557,1.557,1.557,0,0
6MGRY.B,D,20220927,000000,1.657,1.657,1.657,1.657,0,0
6MGRY.B,D,20220928,000000,1.667,1.667,1.667,1.667,0,0
6MGRY.B,D,20220929,000000,1.884,1.884,1.884,1.884,0,0
6MGRY.B,D,20220930,000000,1.872,1.872,1.872,1.872,0,0
6MGRY.B,D,20221003,000000,1.885,1.885,1.885,1.885,0,0
6MGRY.B,D,20221004,000000,1.873,1.873,1.873,1.873,0,0
6MGRY.B,D,20221005,000000,1.885,1.885,1.885,1.885,0,0
6MGRY.B,D,20221006,000000,1.898,1.898,1.898,1.898,0,0
6MGRY.B,D,20221007,000000,1.887,1.887,1.887,1.887,0,0
6MGRY.B,D,20221010,000000,1.899,1.899,1.899,1.899,0,0
6MGRY.B,D,20221011,000000,1.888,1.888,1.888,1.888,0,0
6MGRY.B,D,20221012,000000,1.9,1.9,1.9,1.9,0,0
6MGRY.B,D,20221013,000000,1.915,1.915,1.915,1.915,0,0
6MGRY.B,D,20221014,000000,1.902,1.902,1.902,1.902,0,0
6MGRY.B,D,20221017,000000,2.019,2.019,1.916,1.916,0,0
6MGRY.B,D,20221018,000000,2.137,2.137,1.903,1.903,0,0
6MGRY.B,D,20221019,000000,1.995,1.995,1.917,1.917,0,0
6MGRY.B,D,20221020,000000,2.199,2.199,1.932,1.932,0,0
6MGRY.B,D,20221021,000000,2.215,2.215,1.92,1.92,0,0
6MGRY.B,D,20221024,000000,2.069,2.069,1.934,1.934,0,0
6MGRY.B,D,20221025,000000,2.085,2.085,1.921,1.921,0,0
6MGRY.B,D,20221026,000000,2.1,2.1,1.936,1.936,0,0
6MGRY.B,D,20221027,000000,2.065,2.065,1.952,2.065,0,0
6MGRY.B,D,20221031,000000,2.097,2.097,1.954,1.954,0,0
6MGRY.B,D,20221101,000000,2.113,2.113,1.941,1.941,0,0
6MGRY.B,D,20221102,000000,2.13,2.13,1.956,1.956,0,0
6MGRY.B,D,20221103,000000,2.331,2.331,1.974,2.182,0,0
6MGRY.B,D,20221104,000000,2.07,2.07,1.88,1.88,0,0
6MGRY.B,D,20221107,000000,2.08,2.08,1.889,1.889,0,0
6MGRY.B,D,20221108,000000,2.09,2.09,1.88,1.88,0,0
6MGRY.B,D,20221109,000000,2.117,2.117,1.889,1.889,0,0
6MGRY.B,D,20221110,000000,2.041,2.041,1.881,1.881,0,0
6MGRY.B,D,20221111,000000,2.051,2.051,1.89,1.89,0,0
6MGRY.B,D,20221114,000000,2.025,2.025,1.899,1.899,0,0
6MGRY.B,D,20221115,000000,1.891,1.891,1.891,1.891,0,0
6MGRY.B,D,20221116,000000,2.118,2.118,1.9,1.9,0,0
6MGRY.B,D,20221117,000000,2.076,2.076,1.91,1.91,0,0
6MGRY.B,D,20221118,000000,2.086,2.086,1.901,1.901,0,0
6MGRY.B,D,20221121,000000,2.097,2.097,1.911,1.911,0,0
6MGRY.B,D,20221122,000000,1.977,1.977,1.902,1.977,0,0
6MGRY.B,D,20221123,000000,1.987,1.987,1.987,1.987,0,0
6MGRY.B,D,20221124,000000,2.094,2.094,2.017,2.017,0,0
6MGRY.B,D,20221125,000000,2.028,2.105,2.028,2.105,0,0
6MGRY.B,D,20221128,000000,2.251,2.251,2.116,2.116,0,0
6MGRY.B,D,20221129,000000,2.263,2.263,2.127,2.127,0,0
6MGRY.B,D,20221130,000000,2.263,2.274,2.127,2.138,0,0
6MGRY.B,D,20221201,000000,2.172,2.172,2.153,2.153,0,0
6MGRY.B,D,20221202,000000,2.164,2.164,2.145,2.145,0,0
6MGRY.B,D,20221205,000000,2.196,2.196,2.156,2.156,0,0
6MGRY.B,D,20221206,000000,2.208,2.208,2.148,2.188,0,0
6MGRY.B,D,20221207,000000,2.402,2.402,2.16,2.16,0,0
6MGRY.B,D,20221208,000000,2.257,2.257,2.155,2.155,0,0
6MGRY.B,D,20221209,000000,2.27,2.27,2.167,2.167,0,0
6MGRY.B,D,20221212,000000,2.325,2.325,2.158,2.158,0,0
6MGRY.B,D,20221213,000000,2.338,2.338,2.171,2.171,0,0
6MGRY.B,D,20221214,000000,2.351,2.351,2.162,2.162,0,0
6MGRY.B,D,20221215,000000,2.221,2.221,2.178,2.221,0,0
6MGRY.B,D,20221216,000000,2.234,2.234,2.191,2.191,0,0
6MGRY.B,D,20221219,000000,2.529,2.529,2.182,2.182,0,0
6MGRY.B,D,20221220,000000,2.544,2.544,2.195,2.195,0,0
6MGRY.B,D,20221221,000000,2.252,2.252,2.186,2.186,0,0
6MGRY.B,D,20221222,000000,2.621,2.621,2.195,2.195,0,0
6MGRY.B,D,20221223,000000,2.637,2.637,2.208,2.637,0,0
6MGRY.B,D,20221227,000000,2.267,2.267,2.199,2.199,0,0
6MGRY.B,D,20221228,000000,2.67,2.67,2.213,2.213,0,0
6MGRY.B,D,20221229,000000,2.488,2.488,2.208,2.208,0,0
6MGRY.B,D,20221230,000000,2.34,2.34,2.223,2.223,0,0
6MGRY.B,D,20230102,000000,2.213,2.284,2.213,2.213,0,0
6MGRY.B,D,20230103,000000,2.275,2.346,2.204,2.228,0,0
6MGRY.B,D,20230104,000000,2.361,2.361,2.218,2.218,0,0
6MGRY.B,D,20230105,000000,2.408,2.408,2.238,2.238,0,0
6MGRY.B,D,20230109,000000,2.441,2.441,2.243,2.243,0,0
6MGRY.B,D,20230110,000000,2.457,2.457,2.259,2.259,0,0
6MGRY.B,D,20230111,000000,2.374,2.374,2.249,2.249,0,0
6MGRY.B,D,20230112,000000,2.423,2.423,2.27,2.27,0,0
6MGRY.B,D,20230113,000000,2.286,2.286,2.261,2.261,0,0
6MGRY.B,D,20230116,000000,2.302,2.302,2.277,2.277,0,0
6MGRY.B,D,20230117,000000,2.319,2.319,2.267,2.267,0,0
6MGRY.B,D,20230118,000000,2.335,2.335,2.283,2.283,0,0
6MGRY.B,D,20230119,000000,2.386,2.386,2.28,2.28,0,0
6MGRY.B,D,20230120,000000,2.404,2.404,2.296,2.296,0,0
6MGRY.B,D,20230123,000000,2.34,2.34,2.286,2.34,0,0
6MGRY.B,D,20230124,000000,2.358,2.358,2.303,2.303,0,0
6MGRY.B,D,20230125,000000,2.376,2.376,2.293,2.293,0,0
6MGRY.B,D,20230126,000000,2.856,2.856,2.752,2.752,0,0
6MGRY.B,D,20230127,000000,2.768,2.872,2.768,2.872,0,0
6MGRY.B,D,20230130,000000,2.888,2.888,2.888,2.888,0,0
6MGRY.B,D,20230131,000000,2.904,2.904,2.904,2.904,0,0
6MGRY.B,D,20230201,000000,2.921,2.921,2.921,2.921,0,0
6MGRY.B,D,20230202,000000,2.972,2.972,2.972,2.972,0,0
6MGRY.B,D,20230203,000000,2.989,2.989,2.881,2.989,0,0
6MGRY.B,D,20230206,000000,3.072,3.072,2.963,2.963,0,0
6MGRY.B,D,20230207,000000,3.178,3.178,2.981,2.981,0,0
6MGRY.B,D,20230208,000000,2.999,2.999,2.977,2.977,0,0
6MGRY.B,D,20230209,000000,3.053,3.053,2.986,2.986,0,0
6MGRY.B,D,20230210,000000,3.072,3.072,3.004,3.004,0,0
6MGRY.B,D,20230213,000000,3.091,3.091,3.022,3.022,0,0
6MGRY.B,D,20230214,000000,3.11,3.11,3.018,3.018,0,0
6MGRY.B,D,20230215,000000,3.06,3.06,3.014,3.014,0,0
6MGRY.B,D,20230216,000000,3.188,3.188,3.024,3.024,0,0
6MGRY.B,D,20230217,000000,3.209,3.209,3.044,3.114,0,0
6MGRY.B,D,20230220,000000,3.229,3.229,3.134,3.134,0,0
6MGRY.B,D,20230221,000000,3.298,3.298,3.155,3.155,0,0
6MGRY.B,D,20230222,000000,3.44,3.44,3.175,3.175,0,0
6MGRY.B,D,20230223,000000,2.399,2.399,2.094,2.399,0,0
6MGRY.B,D,20230224,000000,2.412,2.412,2.085,2.412,0,0
6MGRY.B,D,20230228,000000,2.437,2.437,2.088,2.204,0,0
6MGRY.B,D,20230301,000000,2.216,2.216,2.099,2.216,0,0
6MGRY.B,D,20230302,000000,2.351,2.351,2.093,2.192,0,0
6MGRY.B,D,20230303,000000,2.463,2.463,2.085,2.304,0,0
6MGRY.B,D,20230306,000000,2.376,2.376,2.096,2.296,0,0
6MGRY.B,D,20230307,000000,2.692,2.692,2.088,2.49,0,0
6MGRY.B,D,20230308,000000,2.504,2.504,2.099,2.382,0,0
6MGRY.B,D,20230309,000000,2.546,2.546,2.093,2.401,0,0
6MGRY.B,D,20230310,000000,2.415,2.415,2.105,2.415,0,0
6MGRY.B,D,20230313,000000,2.429,2.429,2.096,2.387,0,0
6MGRY.B,D,20230314,000000,2.401,2.401,2.108,2.401,0,0
6MGRY.B,D,20230315,000000,2.414,2.414,2.099,2.414,0,0
6MGRY.B,D,20230316,000000,2.456,2.456,2.093,2.392,0,0
6MGRY.B,D,20230317,000000,2.406,2.579,2.105,2.579,0,0
6MGRY.B,D,20230320,000000,2.594,2.594,2.507,2.594,0,0
6MGRY.B,D,20230321,000000,2.609,2.609,2.609,2.609,0,0
6MGRY.B,D,20230322,000000,2.647,2.647,2.625,2.625,0,0
6MGRY.B,D,20230323,000000,2.695,2.695,2.672,2.672,0,0
6MGRY.B,D,20230324,000000,2.711,2.734,2.689,2.734,0,0
6MGRY.B,D,20230327,000000,2.75,2.75,2.728,2.728,0,0
6MGRY.B,D,20230328,000000,2.927,2.927,2.745,2.745,0,0
6MGRY.B,D,20230329,000000,2.762,2.762,2.762,2.762,0,0
6MGRY.B,D,20230330,000000,2.954,2.954,2.791,2.791,0,0
6MGRY.B,D,20230331,000000,2.832,2.973,2.809,2.809,0,0
6MGRY.B,D,20230403,000000,2.992,2.992,2.992,2.992,0,0
6MGRY.B,D,20230404,000000,3.011,3.011,3.011,3.011,0,0
6MGRY.B,D,20230405,000000,3.655,3.655,3.112,3.112,0,0
6MGRY.B,D,20230406,000000,3.331,3.331,3.133,3.133,0,0
6MGRY.B,D,20230407,000000,2.622,2.71,2.622,2.71,0,0
6MGRY.B,D,20230410,000000,2.711,2.711,2.622,2.71,0,0
6MGRY.B,D,20230411,000000,3.329,3.329,3.154,3.154,0,0
6MGRY.B,D,20230412,000000,3.351,3.351,3.175,3.175,0,0
6MGRY.B,D,20230413,000000,3.421,3.421,3.241,3.241,0,0
6MGRY.B,D,20230418,000000,3.494,3.494,3.31,3.31,0,0
6MGRY.B,D,20230419,000000,3.334,3.334,3.334,3.334,0,0
6MGRY.B,D,20230420,000000,3.407,3.407,3.407,3.407,0,0
6MGRY.B,D,20230421,000000,3.432,3.568,3.405,3.432,0,0
6MGRY.B,D,20230424,000000,3.458,3.458,3.43,3.43,0,0
6MGRY.B,D,20230425,000000,3.566,3.566,3.456,3.456,0,0
6MGRY.B,D,20230426,000000,3.593,3.593,3.51,3.51,0,0
6MGRY.B,D,20230427,000000,3.618,3.676,3.618,3.676,0,0
6MGRY.B,D,20230428,000000,3.704,3.704,3.675,3.675,0,0
6MGRY.B,D,20230502,000000,3.704,3.704,3.675,3.675,0,0
6MGRY.B,D,20230503,000000,3.299,3.334,3.299,3.334,0,0
6MGRY.B,D,20230504,000000,3.398,3.433,3.381,3.381,0,0
6MGRY.B,D,20230505,000000,3.397,3.432,3.397,3.397,0,0
6MGRY.B,D,20230508,000000,3.412,3.412,3.359,3.359,0,0
6MGRY.B,D,20230509,000000,3.464,3.464,3.375,3.375,0,0
6MGRY.B,D,20230510,000000,3.391,3.409,3.285,3.285,0,0
6MGRY.B,D,20230511,000000,3.459,3.459,3.188,3.188,0,0
6MGRY.B,D,20230512,000000,3.203,3.203,3.203,3.203,0,0
6MGRY.B,D,20230515,000000,3.31,3.31,3.219,3.219,0,0
6MGRY.B,D,20230516,000000,3.235,3.29,3.235,3.235,0,0
6MGRY.B,D,20230517,000000,3.324,3.324,3.251,3.251,0,0
6MGRY.B,D,20230518,000000,3.355,3.355,3.206,3.206,0,0
6MGRY.B,D,20230519,000000,3.316,3.316,3.222,3.316,0,0
6MGRY.B,D,20230522,000000,3.333,3.333,3.239,3.257,0,0
6MGRY.B,D,20230523,000000,3.35,3.35,3.274,3.35,0,0
6MGRY.B,D,20230524,000000,3.653,3.653,3.291,3.367,0,0
6MGRY.B,D,20230525,000000,3.419,3.419,3.322,3.322,0,0
6MGRY.B,D,20230526,000000,3.437,3.437,3.34,3.34,0,0
6MGRY.B,D,20230529,000000,3.357,3.357,3.357,3.357,0,0
6MGRY.B,D,20230530,000000,3.473,3.473,3.375,3.375,0,0
6MGRY.B,D,20230531,000000,3.393,3.393,3.255,3.255,0,0
6MGRY.B,D,20230601,000000,3.307,3.307,3.307,3.307,0,0
6MGRY.B,D,20230602,000000,3.325,3.426,3.325,3.426,0,0
6MGRY.B,D,20230606,000000,3.463,3.463,3.361,3.361,0,0
6MGRY.B,D,20230607,000000,3.38,3.38,3.339,3.339,0,0
6MGRY.B,D,20230608,000000,3.666,3.666,3.395,3.395,0,0
6MGRY.B,D,20230609,000000,3.435,3.435,3.435,3.435,0,0
6MGRY.B,D,20230612,000000,3.454,3.454,3.433,3.433,0,0
6MGRY.B,D,20230613,000000,3.474,3.474,3.453,3.453,0,0
6MGRY.B,D,20230614,000000,3.494,3.494,3.366,3.366,0,0
6MGRY.B,D,20230615,000000,3.49,3.49,3.382,3.382,0,0
6MGRY.B,D,20230616,000000,3.51,3.51,3.38,3.467,0,0
6MGRY.B,D,20230619,000000,3.509,3.509,3.487,3.509,0,0
6MGRY.B,D,20230620,000000,3.86,3.86,3.53,3.53,0,0
6MGRY.B,D,20230621,000000,3.551,3.551,3.551,3.551,0,0
6MGRY.B,D,20230622,000000,3.638,3.638,3.57,3.57,0,0
6MGRY.B,D,20230623,000000,3.637,3.637,3.524,3.547,0,0
6MGRY.B,D,20230626,000000,3.546,3.546,3.546,3.546,0,0
6MGRY.B,D,20230627,000000,3.568,3.568,3.568,3.568,0,0
6MGRY.B,D,20230628,000000,3.59,3.59,3.567,3.567,0,0
6MGRY.B,D,20230629,000000,3.681,3.681,3.587,3.587,0,0
6MGRY.B,D,20230630,000000,3.705,3.705,3.516,3.516,0,0
6MGRY.B,D,20230703,000000,3.705,3.705,3.538,3.538,0,0
6MGRY.B,D,20230704,000000,3.969,3.969,3.561,3.561,0,0
6MGRY.B,D,20230705,000000,3.753,3.753,3.584,3.584,0,0
6MGRY.B,D,20230706,000000,3.68,3.68,3.606,3.631,0,0
6MGRY.B,D,20230707,000000,3.853,3.853,3.655,3.655,0,0
6MGRY.B,D,20230710,000000,3.879,3.879,3.655,3.655,0,0
6MGRY.B,D,20230711,000000,3.679,3.955,3.654,3.654,0,0
6MGRY.B,D,20230712,000000,3.931,4.362,3.654,3.654,0,0
6MGRY.B,D,20230713,000000,4.013,4.013,3.653,3.653,0,0
6MGRY.B,D,20230714,000000,3.834,3.834,3.652,3.652,0,0
6MGRY.B,D,20230717,000000,4.07,4.07,3.652,3.73,0,0
6MGRY.B,D,20230718,000000,3.914,3.914,3.678,3.678,0,0
6MGRY.B,D,20230719,000000,3.783,3.783,3.678,3.678,0,0
6MGRY.B,D,20230720,000000,4.029,4.029,3.677,3.866,0,0
6MGRY.B,D,20230721,000000,3.895,3.895,3.677,3.677,0,0
6MGRY.B,D,20230724,000000,4.061,4.061,3.677,3.677,0,0
6MGRY.B,D,20230725,000000,4.091,4.091,3.677,3.677,0,0
6MGRY.B,D,20230726,000000,3.788,3.788,3.676,3.676,0,0
6MGRY.B,D,20230727,000000,4.217,4.217,3.704,3.704,0,0
6MGRY.B,D,20230728,000000,3.79,3.79,3.704,3.704,0,0
6MGRY.B,D,20230731,000000,3.878,3.878,3.704,3.704,0,0
6MGRY.B,D,20230801,000000,4.054,4.054,3.704,3.734,0,0
6MGRY.B,D,20230802,000000,4.086,4.086,3.763,3.763,0,0
6MGRY.B,D,20230803,000000,3.855,3.855,3.855,3.855,0,0
6MGRY.B,D,20230804,000000,3.696,3.696,3.361,3.361,0,0
6MGRY.B,D,20230807,000000,3.519,3.519,3.359,3.519,0,0
6MGRY.B,D,20230808,000000,3.535,3.535,3.375,3.375,0,0
6MGRY.B,D,20230809,000000,3.552,3.552,3.32,3.32,0,0
6MGRY.B,D,20230810,000000,3.368,3.368,3.368,3.368,0,0
6MGRY.B,D,20230811,000000,3.621,3.621,3.258,3.258,0,0
6MGRY.B,D,20230814,000000,3.639,3.639,3.365,3.456,0,0
6MGRY.B,D,20230816,000000,3.49,3.49,3.067,3.472,0,0
6MGRY.B,D,20230817,000000,3.467,3.524,3.467,3.467,0,0
6MGRY.B,D,20230818,000000,3.749,3.749,3.466,3.466,0,0
6MGRY.B,D,20230821,000000,3.559,3.559,3.465,3.465,0,0
6MGRY.B,D,20230822,000000,3.653,3.653,3.482,3.482,0,0
6MGRY.B,D,20230823,000000,3.672,3.672,3.481,3.481,0,0
6MGRY.B,D,20230824,000000,3.574,3.574,3.477,3.477,0,0
6MGRY.B,D,20230825,000000,3.592,3.592,3.476,3.476,0,0
6MGRY.B,D,20230828,000000,3.709,3.709,3.474,3.513,0,0
6MGRY.B,D,20230829,000000,3.532,3.532,3.493,3.493,0,0
6MGRY.B,D,20230830,000000,3.689,3.689,3.491,3.491,0,0
6MGRY.B,D,20230831,000000,3.608,3.608,3.347,3.347,0,0
6MGRY.B,D,20230901,000000,3.628,3.628,3.345,3.345,0,0
6MGRY.B,D,20230904,000000,3.647,3.647,3.363,3.363,0,0
6MGRY.B,D,20230905,000000,3.382,3.382,3.28,3.28,0,0
6MGRY.B,D,20230906,000000,3.4,3.4,3.298,3.298,0,0
6MGRY.B,D,20230907,000000,3.457,3.457,3.125,3.332,0,0
6MGRY.B,D,20230908,000000,3.372,3.372,3.351,3.351,0,0
6MGRY.B,D,20230911,000000,3.391,3.391,3.307,3.307,0,0
6MGRY.B,D,20230912,000000,3.411,3.411,3.305,3.305,0,0
6MGRY.B,D,20230913,000000,3.43,3.43,3.387,3.409,0,0
6MGRY.B,D,20230914,000000,3.75,3.75,3.447,3.447,0,0
6MGRY.B,D,20230915,000000,3.772,3.772,3.423,3.423,0,0
6MGRY.B,D,20230918,000000,3.794,3.794,3.465,3.465,0,0
6MGRY.B,D,20230919,000000,3.552,3.552,3.442,3.442,0,0
6MGRY.B,D,20230920,000000,3.484,3.484,3.352,3.484,0,0
6MGRY.B,D,20230921,000000,3.548,3.548,3.435,3.503,0,0
6MGRY.B,D,20230922,000000,3.524,3.524,3.501,3.524,0,0
6MGRY.B,D,20230925,000000,3.523,3.614,3.5,3.614,0,0
6MGRY.B,D,20230926,000000,3.705,3.705,3.613,3.705,0,0
6MGRY.B,D,20230927,000000,3.89,3.89,3.198,3.751,0,0
6MGRY.B,D,20230928,000000,3.964,3.964,3.752,3.752,0,0
6MGRY.B,D,20230929,000000,3.989,3.989,3.776,3.776,0,0
6MGRY.B,D,20231002,000000,3.8,3.8,3.705,3.752,0,0
6MGRY.B,D,20231003,000000,3.849,3.849,3.753,3.753,0,0
6MGRY.B,D,20231004,000000,3.849,3.849,3.753,3.753,0,0
6MGRY.B,D,20231005,000000,4.049,4.049,3.753,3.753,0,0
6MGRY.B,D,20231006,000000,3.902,3.902,3.754,3.754,0,0
6MGRY.B,D,20231009,000000,3.904,3.904,3.754,3.754,0,0
6MGRY.B,D,20231010,000000,3.93,3.93,3.729,3.729,0,0
6MGRY.B,D,20231011,000000,3.957,3.957,3.729,3.729,0,0
6MGRY.B,D,20231012,000000,3.91,3.91,3.73,3.73,0,0
6MGRY.B,D,20231013,000000,3.912,3.912,3.756,3.808,0,0
6MGRY.B,D,20231016,000000,3.861,3.861,3.73,3.73,0,0
6MGRY.B,D,20231017,000000,3.625,3.73,3.546,3.73,0,0
6MGRY.B,D,20231018,000000,3.916,3.916,3.757,3.757,0,0
6MGRY.B,D,20231019,000000,3.839,3.839,3.731,3.731,0,0
6MGRY.B,D,20231020,000000,3.868,3.868,3.595,3.595,0,0
6MGRY.B,D,20231023,000000,4.061,4.061,3.649,3.677,0,0
6MGRY.B,D,20231024,000000,3.704,3.704,3.621,3.621,0,0
6MGRY.B,D,20231025,000000,3.732,3.732,3.732,3.732,0,0
6MGRY.B,D,20231026,000000,3.818,3.818,3.818,3.818,0,0
6MGRY.B,D,20231027,000000,4.077,4.077,3.848,3.848,0,0
6MGRY.B,D,20231030,000000,3.849,3.849,3.82,3.82,0,0
6MGRY.B,D,20231031,000000,3.879,3.879,3.792,3.792,0,0
6MGRY.B,D,20231101,000000,3.91,3.91,3.675,3.705,0,0
6MGRY.B,D,20231102,000000,3.795,3.795,3.705,3.735,0,0
6MGRY.B,D,20231103,000000,3.947,3.947,3.735,3.735,0,0
6MGRY.B,D,20231106,000000,3.766,3.766,3.766,3.766,0,0
6MGRY.B,D,20231107,000000,3.797,3.797,3.797,3.797,0,0
6MGRY.B,D,20231108,000000,3.829,3.829,3.705,3.705,0,0
6MGRY.B,D,20231109,000000,3.833,3.833,3.769,3.769,0,0
6MGRY.B,D,20231110,000000,3.995,3.995,3.578,3.578,0,0
6MGRY.B,D,20231113,000000,3.868,3.868,3.674,3.674,0,0
6MGRY.B,D,20231114,000000,3.902,3.902,3.478,3.706,0,0
6MGRY.B,D,20231115,000000,3.838,3.838,3.838,3.838,0,0
6MGRY.B,D,20231116,000000,4.113,4.113,3.944,3.944,0,0
6MGRY.B,D,20231117,000000,4.151,4.151,3.946,3.98,0,0
6MGRY.B,D,20231120,000000,4.19,4.19,3.949,4.017,0,0
6MGRY.B,D,20231121,000000,4.195,4.195,3.951,3.951,0,0
6MGRY.B,D,20231122,000000,4.234,4.234,3.533,3.533,0,0
6MGRY.B,D,20231123,000000,4.106,4.106,3.565,3.565,0,0
6MGRY.B,D,20231124,000000,4.147,4.147,3.491,3.491,0,0
6MGRY.B,D,20231127,000000,3.636,3.636,3.453,3.453,0,0
6MGRY.B,D,20231128,000000,3.896,3.896,3.488,3.859,0,0
6MGRY.B,D,20231129,000000,3.936,4.386,3.898,3.898,0,0
6MGRY.B,D,20231130,000000,4.021,4.021,3.712,3.866,0,0
6MGRY.B,D,20231201,000000,4.103,4.103,4.025,4.064,0,0
6MGRY.B,D,20231204,000000,4.424,4.424,3.91,3.91,0,0
6MGRY.B,D,20231205,000000,4.392,4.392,3.953,3.953,0,0
6MGRY.B,D,20231206,000000,4.077,4.157,3.996,3.996,0,0
6MGRY.B,D,20231207,000000,4.258,4.258,4.132,4.132,0,0
6MGRY.B,D,20231208,000000,4.18,4.18,3.969,3.969,0,0
6MGRY.B,D,20231211,000000,4.1,4.143,3.589,4.1,0,0
6MGRY.B,D,20231212,000000,3.919,3.919,3.855,3.855,0,0
6MGRY.B,D,20231213,000000,4.113,4.113,3.664,3.771,0,0
6MGRY.B,D,20231214,000000,3.858,3.858,3.815,3.815,0,0
6MGRY.B,D,20231215,000000,3.881,3.881,3.881,3.881,0,0
6MGRY.B,D,20231218,000000,3.904,3.904,3.904,3.904,0,0
6MGRY.B,D,20231219,000000,3.927,3.927,3.927,3.927,0,0
6MGRY.B,D,20231220,000000,4.039,4.039,3.95,3.95,0,0
6MGRY.B,D,20231221,000000,4.071,4.071,3.98,3.98,0,0
6MGRY.B,D,20231222,000000,4.004,4.004,3.981,3.981,0,0
6MGRY.B,D,20231227,000000,4.006,4.006,3.983,3.983,0,0
6MGRY.B,D,20231228,000000,4.084,4.084,3.989,3.989,0,0
6MGRY.B,D,20231229,000000,4.063,4.063,3.991,4.015,0,0
6MGRY.B,D,20240102,000000,4.041,4.041,3.945,3.945,0,0
6MGRY.B,D,20240103,000000,4.067,4.067,3.946,4.067,0,0
6MGRY.B,D,20240104,000000,4.148,4.148,4.148,4.148,0,0
6MGRY.B,D,20240105,000000,4.225,4.225,4.151,4.151,0,0
6MGRY.B,D,20240108,000000,4.178,4.203,4.178,4.178,0,0
6MGRY.B,D,20240109,000000,4.232,4.232,4.005,4.005,0,0
6MGRY.B,D,20240110,000000,4.033,4.033,4.033,4.033,0,0
6MGRY.B,D,20240111,000000,4.117,4.117,4.117,4.117,0,0
6MGRY.B,D,20240112,000000,4.146,4.146,4.146,4.146,0,0
6MGRY.B,D,20240115,000000,4.175,4.175,4.175,4.175,0,0
6MGRY.B,D,20240116,000000,4.152,4.152,4.152,4.152,0,0
6MGRY.B,D,20240117,000000,4.181,4.261,4.181,4.261,0,0
6MGRY.B,D,20240118,000000,4.327,4.327,4.327,4.327,0,0
6MGRY.B,D,20240119,000000,4.359,4.359,4.195,4.195,0,0
6MGRY.B,D,20240122,000000,4.308,4.308,4.308,4.308,0,0
6MGRY.B,D,20240123,000000,4.424,4.424,4.202,4.202,0,0
6MGRY.B,D,20240124,000000,4.345,4.345,4.206,4.261,0,0
6MGRY.B,D,20240125,000000,4.56,4.56,4.274,4.36,0,0
6MGRY.B,D,20240126,000000,4.394,4.394,4.279,4.279,0,0
6MGRY.B,D,20240129,000000,4.341,4.341,4.283,4.283,0,0
6MGRY.B,D,20240130,000000,4.375,4.375,4.287,4.287,0,0
6MGRY.B,D,20240131,000000,4.41,4.41,4.292,4.292,0,0
6MGRY.B,D,20240201,000000,4.397,4.397,4.306,4.306,0,0
6MGRY.B,D,20240202,000000,4.555,4.555,4.311,4.311,0,0
6MGRY.B,D,20240205,000000,4.347,4.347,4.316,4.316,0,0
6MGRY.B,D,20240206,000000,4.476,4.476,4.321,4.321,0,0
6MGRY.B,D,20240207,000000,4.358,4.358,3.985,3.985,0,0
6MGRY.B,D,20240208,000000,4.375,4.375,3.96,3.96,0,0
6MGRY.B,D,20240209,000000,4.027,4.027,3.963,3.963,0,0
6MGRY.B,D,20240212,000000,4.062,4.062,3.965,3.965,0,0
6MGRY.B,D,20240213,000000,4.098,4.098,3.902,3.902,0,0
6MGRY.B,D,20240214,000000,4.267,4.267,3.904,3.904,0,0
6MGRY.B,D,20240215,000000,4.215,4.215,3.91,3.91,0,0
6MGRY.B,D,20240216,000000,3.946,3.946,3.912,3.912,0,0
6MGRY.B,D,20240219,000000,4.293,4.293,3.88,3.88,0,0
6MGRY.B,D,20240220,000000,4.334,4.334,3.916,3.916,0,0
6MGRY.B,D,20240221,000000,4.375,4.375,3.989,3.989,0,0
6MGRY.B,D,20240222,000000,4.142,4.142,3.998,3.998,0,0
6MGRY.B,D,20240223,000000,4.548,4.548,4.037,4.037,0,0
6MGRY.B,D,20240226,000000,4.409,4.409,4.115,4.115,0,0
6MGRY.B,D,20240227,000000,4.454,4.454,4.007,4.007,0,0
6MGRY.B,D,20240228,000000,4.199,4.199,4.011,4.011,0,0
6MGRY.B,D,20240229,000000,4.331,4.331,3.983,3.983,0,0
6MGRY.B,D,20240301,000000,4.064,4.064,3.986,3.986,0,0
6MGRY.B,D,20240304,000000,4.108,4.108,3.989,3.989,0,0
6MGRY.B,D,20240305,000000,4.152,4.152,3.993,3.993,0,0
6MGRY.B,D,20240306,000000,3.954,3.954,3.913,3.913,0,0
6MGRY.B,D,20240307,000000,4.021,4.021,4.021,4.021,0,0
6MGRY.B,D,20240308,000000,4.128,4.128,3.854,3.854,0,0
6MGRY.B,D,20240311,000000,3.939,3.939,3.876,3.876,0,0
6MGRY.B,D,20240312,000000,3.898,3.898,3.855,3.855,0,0
6MGRY.B,D,20240313,000000,3.92,3.92,3.856,3.856,0,0
6MGRY.B,D,20240314,000000,3.989,3.989,3.88,3.88,0,0
6MGRY.B,D,20240315,000000,3.946,3.946,3.859,3.859,0,0
6MGRY.B,D,20240319,000000,3.927,3.927,3.86,3.86,0,0
6MGRY.B,D,20240320,000000,3.906,3.906,3.883,3.883,0,0
6MGRY.B,D,20240321,000000,3.977,3.977,3.909,3.909,0,0
6MGRY.B,D,20240322,000000,4.206,4.206,3.91,3.91,0,0
6MGRY.B,D,20240326,000000,4.258,4.258,3.843,3.889,0,0
6MGRY.B,D,20240327,000000,4.061,4.061,3.966,4.013,0,0
6MGRY.B,D,20240328,000000,4.015,4.015,3.895,3.895,0,0
6MGRY.B,D,20240402,000000,4.017,4.017,3.61,3.61,0,0
6MGRY.B,D,20240403,000000,3.994,3.994,3.622,3.622,0,0
6MGRY.B,D,20240404,000000,4.119,4.119,3.831,3.831,0,0
6MGRY.B,D,20240405,000000,3.99,3.99,3.765,3.854,0,0
6MGRY.B,D,20240408,000000,4.036,4.036,3.799,3.81,0,0
6MGRY.B,D,20240409,000000,4.037,4.037,3.742,3.742,0,0
6MGRY.B,D,20240410,000000,3.95,3.95,3.754,3.754,0,0
6MGRY.B,D,20240411,000000,4.022,4.022,3.721,3.744,0,0
6MGRY.B,D,20240412,000000,4.024,4.024,3.674,3.709,0,0
6MGRY.B,D,20240415,000000,3.957,3.957,3.593,3.662,0,0
6MGRY.B,D,20240416,000000,3.958,3.958,3.604,3.673,0,0
6MGRY.B,D,20240417,000000,3.983,3.983,3.615,3.685,0,0
6MGRY.B,D,20240418,000000,3.988,3.988,3.613,3.72,0,0
6MGRY.B,D,20240419,000000,3.894,3.894,3.576,3.66,0,0
6MGRY.B,D,20240422,000000,4.015,4.015,3.55,3.55,0,0
6MGRY.B,D,20240423,000000,4.041,4.041,3.548,3.548,0,0
6MGRY.B,D,20240424,000000,4.067,4.067,3.573,3.573,0,0
6MGRY.B,D,20240425,000000,3.734,3.734,3.582,3.582,0,0
6MGRY.B,D,20240426,000000,3.582,3.593,3.568,3.593,0,0
6MGRY.B,D,20240429,000000,3.58,3.58,3.516,3.516,0,0
6MGRY.B,D,20240430,000000,3.516,3.63,3.488,3.527,0,0
6MGRY.B,D,20240502,000000,3.411,3.615,3.411,3.496,0,0
6MGRY.B,D,20240508,000000,3.531,3.531,3.531,3.531,0,0
6MGRY.B,D,20240509,000000,3.531,3.596,3.527,3.596,0,0
6MGRY.B,D,20240510,000000,3.596,3.609,3.527,3.553,0,0
6MGRY.B,D,20240513,000000,3.566,3.566,3.566,3.566,0,0
6MGRY.B,D,20240514,000000,3.566,3.593,3.566,3.593,0,0
6MGRY.B,D,20240515,000000,3.593,3.621,3.593,3.621,0,0
6MGRY.B,D,20240516,000000,3.621,3.662,3.621,3.633,0,0
6MGRY.B,D,20240517,000000,3.633,3.662,3.618,3.618,0,0
6MGRY.B,D,20240520,000000,3.661,3.661,3.587,3.587,0,0
6MGRY.B,D,20240521,000000,3.617,3.617,3.601,3.601,0,0
6MGRY.B,D,20240522,000000,3.601,3.63,3.601,3.63,0,0
6MGRY.B,D,20240523,000000,3.675,3.675,3.644,3.644,0,0
6MGRY.B,D,20240524,000000,3.644,3.659,3.628,3.628,0,0
6MGRY.B,D,20240527,000000,3.643,3.643,3.58,3.58,0,0
6MGRY.B,D,20240528,000000,3.58,3.611,3.58,3.611,0,0
6MGRY.B,D,20240529,000000,3.611,3.642,3.611,3.626,0,0
6MGRY.B,D,20240530,000000,3.626,3.689,3.559,3.559,0,0
6MGRY.B,D,20240531,000000,3.559,3.573,3.559,3.573,0,0
6MGRY.B,D,20240603,000000,3.573,3.589,3.558,3.572,0,0
6MGRY.B,D,20240604,000000,3.572,3.572,3.422,3.453,0,0
6MGRY.B,D,20240605,000000,3.453,3.472,3.431,3.431,0,0
6MGRY.B,D,20240606,000000,3.431,3.5,3.404,3.404,0,0
6MGRY.B,D,20240607,000000,3.404,3.435,3.404,3.413,0,0
6MGRY.B,D,20240610,000000,3.413,3.518,3.412,3.518,0,0
6MGRY.B,D,20240611,000000,3.518,3.518,3.378,3.42,0,0
6MGRY.B,D,20240612,000000,3.42,3.42,3.376,3.376,0,0
6MGRY.B,D,20240613,000000,3.376,3.447,3.376,3.447,0,0
6MGRY.B,D,20240614,000000,3.447,3.457,3.423,3.456,0,0
6MGRY.B,D,20240617,000000,3.456,3.477,3.433,3.465,0,0
6MGRY.B,D,20240618,000000,3.465,3.498,3.43,3.463,0,0
6MGRY.B,D,20240619,000000,3.463,3.473,3.44,3.473,0,0
6MGRY.B,D,20240620,000000,3.473,3.538,3.47,3.515,0,0
6MGRY.B,D,20240621,000000,3.515,3.515,3.445,3.445,0,0
6MGRY.B,D,20240625,000000,3.445,3.546,3.445,3.511,0,0
6MGRY.B,D,20240626,000000,3.511,3.545,3.511,3.545,0,0
6MGRY.B,D,20240627,000000,3.545,3.614,3.483,3.614,0,0
6MGRY.B,D,20240628,000000,3.614,3.614,3.481,3.613,0,0
6MGRY.B,D,20240701,000000,3.613,3.613,3.503,3.503,0,0
6MGRY.B,D,20240702,000000,3.503,3.563,3.49,3.563,0,0
6MGRY.B,D,20240703,000000,3.563,3.563,3.489,3.55,0,0
6MGRY.B,D,20240704,000000,3.55,3.622,3.547,3.547,0,0
6MGRY.B,D,20240705,000000,3.547,3.62,3.508,3.62,0,0
6MGRY.B,D,20240708,000000,3.62,3.62,3.507,3.607,0,0
6MGRY.B,D,20240709,000000,3.607,3.607,3.398,3.398,0,0
6MGRY.B,D,20240710,000000,3.398,3.44,3.398,3.44,0,0
6MGRY.B,D,20240711,000000,3.44,3.503,3.44,3.503,0,0
6MGRY.B,D,20240712,000000,3.503,3.503,3.258,3.271,0,0
6MGRY.B,D,20240715,000000,3.271,3.271,3.198,3.244,0,0
6MGRY.B,D,20240716,000000,3.244,3.288,3.207,3.253,0,0
6MGRY.B,D,20240717,000000,3.253,3.262,3.226,3.226,0,0
6MGRY.B,D,20240718,000000,3.226,3.301,3.226,3.265,0,0
6MGRY.B,D,20240719,000000,3.265,3.265,3.238,3.238,0,0
6MGRY.B,D,20240722,000000,3.271,3.271,3.162,3.175,0,0
6MGRY.B,D,20240723,000000,3.175,3.293,3.175,3.196,0,0
6MGRY.B,D,20240724,000000,3.196,3.29,3.18,3.29,0,0
6MGRY.B,D,20240725,000000,3.29,3.29,3.207,3.232,0,0
6MGRY.B,D,20240726,000000,3.232,3.317,3.204,3.303,0,0
6MGRY.B,D,20240729,000000,3.213,3.301,3.213,3.301,0,0
6MGRY.B,D,20240730,000000,3.301,3.301,3.222,3.273,0,0
6MGRY.B,D,20240731,000000,3.273,3.273,3.245,3.258,0,0
6MGRY.B,D,20240801,000000,3.258,3.327,3.258,3.327,0,0
6MGRY.B,D,20240802,000000,3.327,3.35,3.285,3.35,0,0
6MGRY.B,D,20240805,000000,3.308,3.374,3.308,3.374,0,0
6MGRY.B,D,20240806,000000,3.374,3.399,3.319,3.399,0,0
6MGRY.B,D,20240807,000000,3.399,3.423,3.329,3.423,0,0
6MGRY.B,D,20240808,000000,3.423,3.423,2.978,3.148,0,0
6MGRY.B,D,20240809,000000,3.148,3.353,3.148,3.237,0,0
6MGRY.B,D,20240812,000000,3.374,3.374,3.245,3.374,0,0
6MGRY.B,D,20240813,000000,3.374,3.395,3.336,3.336,0,0
6MGRY.B,D,20240814,000000,3.336,3.405,3.336,3.346,0,0
6MGRY.B,D,20240816,000000,3.89,3.89,3.384,3.384,0,0
6MGRY.B,D,20240819,000000,3.468,3.468,3.285,3.285,0,0
6MGRY.B,D,20240820,000000,3.285,3.403,3.285,3.403,0,0
6MGRY.B,D,20240821,000000,3.403,3.403,3.341,3.364,0,0
6MGRY.B,D,20240822,000000,3.364,3.433,3.195,3.433,0,0
6MGRY.B,D,20240823,000000,3.433,3.456,3.216,3.216,0,0
6MGRY.B,D,20240826,000000,3.137,3.238,3.137,3.238,0,0
6MGRY.B,D,20240827,000000,3.238,3.238,3.095,3.158,0,0
6MGRY.B,D,20240828,000000,3.158,3.18,3.027,3.129,0,0
6MGRY.B,D,20240829,000000,3.129,3.129,3.013,3.013,0,0
6MGRY.B,D,20240830,000000,3.013,3.218,3.013,3.06,0,0
6MGRY.B,D,20240902,000000,3.043,3.043,2.976,3.003,0,0
6MGRY.B,D,20240903,000000,3.003,3.051,2.984,3.011,0,0
6MGRY.B,D,20240904,000000,3.011,3.032,2.952,3.019,0,0
6MGRY.B,D,20240905,000000,3.019,3.141,3.018,3.141,0,0
6MGRY.B,D,20240906,000000,3.141,3.141,2.986,3.123,0,0
6MGRY.B,D,20240909,000000,3.036,3.119,3.008,3.119,0,0
6MGRY.B,D,20240910,000000,3.119,3.143,3.017,3.143,0,0
6MGRY.B,D,20240911,000000,3.143,3.143,2.998,2.998,0,0
6MGRY.B,D,20240912,000000,2.998,3.227,2.998,3.039,0,0
6MGRY.B,D,20240913,000000,3.039,3.063,3.019,3.063,0,0
6MGRY.B,D,20240916,000000,3.029,3.204,3.029,3.145,0,0
6MGRY.B,D,20240917,000000,3.145,3.145,3.008,3.112,0,0
6MGRY.B,D,20240918,000000,3.112,3.122,3.048,3.122,0,0
6MGRY.B,D,20240919,000000,3.123,3.199,3.108,3.199,0,0
6MGRY.B,D,20240920,000000,3.133,3.226,3.133,3.226,0,0
6MGRY.B,D,20240923,000000,3.145,3.284,3.145,3.237,0,0
6MGRY.B,D,20240924,000000,3.093,3.249,3.093,3.249,0,0
6MGRY.B,D,20240925,000000,3.12,3.12,3.088,3.088,0,0
6MGRY.B,D,20240926,000000,3.153,3.201,3.153,3.201,0,0
6MGRY.B,D,20240927,000000,3.181,3.23,3.181,3.23,0,0
6MGRY.B,D,20240930,000000,3.193,3.258,3.159,3.159,0,0
6MGRY.B,D,20241001,000000,3.205,3.255,3.205,3.255,0,0
6MGRY.B,D,20241002,000000,3.218,3.368,3.218,3.368,0,0
6MGRY.B,D,20241003,000000,3.274,3.29,3.204,3.239,0,0
6MGRY.B,D,20241004,000000,3.002,3.002,3.002,3.002,0,0
6MGRY.B,D,20241007,000000,3.009,3.097,3.009,3.064,0,0
6MGRY.B,D,20241008,000000,2.983,3.105,2.983,3.061,0,0
6MGRY.B,D,20241009,000000,2.956,3.001,2.956,3.001,0,0
6MGRY.B,D,20241010,000000,2.988,3.056,2.988,3.045,0,0
6MGRY.B,D,20241011,000000,2.995,3.063,2.995,3.063,0,0
6MGRY.B,D,20241014,000000,3.014,3.014,2.944,2.944,0,0
6MGRY.B,D,20241015,000000,2.94,2.997,2.893,2.893,0,0
6MGRY.B,D,20241016,000000,3.146,3.146,2.958,2.958,0,0
6MGRY.B,D,20241017,000000,2.795,3.171,2.795,2.991,0,0
6MGRY.B,D,20241018,000000,2.951,2.987,2.951,2.975,0,0
6MGRY.B,D,20241021,000000,2.946,2.97,2.922,2.922,0,0
6MGRY.B,D,20241022,000000,2.953,3.05,2.953,3.05,0,0
6MGRY.B,D,20241023,000000,3.009,3.058,3.009,3.058,0,0
6MGRY.B,D,20241024,000000,3.033,3.033,2.846,2.846,0,0
6MGRY.B,D,20241025,000000,2.953,2.965,2.815,2.965,0,0
6MGRY.B,D,20241029,000000,2.981,2.981,2.905,2.956,0,0
6MGRY.B,D,20241030,000000,2.976,2.976,2.963,2.976,0,0
6MGRY.B,D,20241031,000000,3,3.065,3,3.065,0,0
6MGRY.B,D,20241101,000000,2.816,2.892,2.816,2.892,0,0
6MGRY.B,D,20241104,000000,2.899,2.899,2.899,2.899,0,0
6MGRY.B,D,20241105,000000,2.839,2.905,2.839,2.905,0,0
6MGRY.B,D,20241106,000000,2.9,2.9,2.9,2.9,0,0
6MGRY.B,D,20241107,000000,2.863,2.931,2.794,2.851,0,0
6MGRY.B,D,20241108,000000,2.686,2.846,2.686,2.846,0,0
6MGRY.B,D,20241111,000000,2.795,2.863,2.795,2.863,0,0
6MGRY.B,D,20241112,000000,2.882,2.882,2.87,2.87,0,0
6MGRY.B,D,20241113,000000,2.842,2.899,2.842,2.864,0,0
6MGRY.B,D,20241114,000000,2.873,2.873,2.837,2.837,0,0
6MGRY.B,D,20241115,000000,2.819,2.831,2.795,2.831,0,0
6MGRY.B,D,20241118,000000,2.85,2.85,2.814,2.814,0,0
6MGRY.B,D,20241119,000000,2.832,2.832,2.832,2.832,0,0
6MGRY.B,D,20241120,000000,2.827,2.851,2.827,2.851,0,0
6MGRY.B,D,20241121,000000,2.859,2.908,2.847,2.847,0,0
6MGRY.B,D,20241122,000000,2.847,2.915,2.847,2.915,0,0
6MGRY.B,D,20241125,000000,2.859,2.872,2.859,2.872,0,0
6MGRY.B,D,20241126,000000,2.816,2.879,2.816,2.879,0,0
6MGRY.B,D,20241127,000000,2.823,2.886,2.823,2.886,0,0
6MGRY.B,D,20241128,000000,2.856,2.934,2.856,2.921,0,0
6MGRY.B,D,20241129,000000,2.685,2.685,2.685,2.685,0,0
6MGRY.B,D,20241202,000000,2.679,2.679,2.602,2.602,0,0
6MGRY.B,D,20241203,000000,2.437,2.607,2.427,2.607,0,0
6MGRY.B,D,20241204,000000,2.43,2.611,2.43,2.611,0,0
6MGRY.B,D,20241205,000000,2.484,2.778,2.484,2.778,0,0
6MGRY.B,D,20241206,000000,2.455,2.673,2.455,2.673,0,0
6MGRY.B,D,20241209,000000,2.47,2.678,2.47,2.678,0,0
6MGRY.B,D,20241210,000000,2.54,2.672,2.54,2.672,0,0
6MGRY.B,D,20241211,000000,2.544,2.677,2.544,2.677,0,0
6MGRY.B,D,20241212,000000,2.568,2.704,2.568,2.704,0,0
6MGRY.B,D,20241213,000000,2.584,2.709,2.584,2.709,0,0
6MGRY.B,D,20241216,000000,2.589,2.714,2.589,2.622,0,0
6MGRY.B,D,20241217,000000,2.524,2.592,2.489,2.581,0,0
6MGRY.B,D,20241218,000000,2.528,2.586,2.482,2.586,0,0
6MGRY.B,D,20241219,000000,2.482,2.588,2.482,2.576,0,0
6MGRY.B,D,20241220,000000,2.534,2.617,2.534,2.534,0,0
6MGRY.B,D,20241223,000000,2.644,2.644,2.572,2.572,0,0
6MGRY.B,D,20241227,000000,2.617,2.617,2.604,2.604,0,0
6MGRY.B,D,20241230,000000,2.526,2.526,2.526,2.526,0,0
6MGRY.B,D,20241231,000000,2.646,2.646,2.518,2.518,0,0
6MGRY.B,D,20250102,000000,2.675,2.675,2.675,2.675,0,0
6MGRY.B,D,20250107,000000,2.617,2.672,2.606,2.672,0,0
6MGRY.B,D,20250108,000000,2.622,2.644,2.6,2.644,0,0
6MGRY.B,D,20250109,000000,2.659,2.659,2.636,2.636,0,0
6MGRY.B,D,20250110,000000,2.664,2.664,2.619,2.63,0,0
6MGRY.B,D,20250113,000000,2.623,2.623,2.623,2.623,0,0
6MGRY.B,D,20250114,000000,2.686,2.686,2.628,2.64,0,0
6MGRY.B,D,20250115,000000,2.692,2.692,2.633,2.633,0,0
6MGRY.B,D,20250116,000000,2.72,2.72,2.636,2.72,0,0
6MGRY.B,D,20250117,000000,2.738,2.738,2.641,2.641,0,0
6MGRY.B,D,20250120,000000,2.646,2.646,2.635,2.635,0,0
6MGRY.B,D,20250121,000000,2.688,2.688,2.652,2.652,0,0
6MGRY.B,D,20250122,000000,2.694,2.694,2.645,2.645,0,0
6MGRY.B,D,20250123,000000,2.699,2.699,2.649,2.649,0,0
6MGRY.B,D,20250124,000000,2.717,2.717,2.654,2.654,0,0
6MGRY.B,D,20250127,000000,2.685,2.685,2.647,2.647,0,0
6MGRY.B,D,20250128,000000,2.691,2.691,2.653,2.653,0,0
6MGRY.B,D,20250129,000000,2.71,3.075,2.658,3.075,0,0
6MGRY.B,D,20250130,000000,2.741,2.741,2.701,2.715,0,0
6MGRY.B,D,20250131,000000,2.708,2.708,2.59,2.59,0,0
6MGRY.B,D,20250203,000000,2.767,2.767,2.648,2.648,0,0
6MGRY.B,D,20250204,000000,2.573,2.573,2.385,2.385,0,0
6MGRY.B,D,20250205,000000,2.385,2.421,2.385,2.399,0,0
6MGRY.B,D,20250206,000000,2.443,2.466,2.421,2.421,0,0
6MGRY.B,D,20250207,000000,2.47,2.47,2.424,2.47,0,0
6MGRY.B,D,20250210,000000,2.439,2.496,2.439,2.496,0,0
6MGRY.B,D,20250211,000000,2.329,2.512,2.329,2.512,0,0
6MGRY.B,D,20250212,000000,2.482,2.539,2.459,2.516,0,0
6MGRY.B,D,20250213,000000,2.494,2.553,2.482,2.529,0,0
6MGRY.B,D,20250214,000000,2.462,2.569,2.462,2.521,0,0
