<TICKER>,<PER>,<DATE>,<TIME>,<OPEN>,<HIGH>,<LOW>,<CLOSE>,<VOL>,<OPENINT>
ACA.V,D,20220514,000000,0.447238,0.470341,0.389181,0.467298,8045024.160140823,0
ACA.V,D,20220515,000000,0.468343,0.54224,0.458312,0.506341,7918594.471400893,0
ACA.V,D,20220516,000000,0.509388,0.527366,0.451412,0.471339,2464901.2524422063,0
ACA.V,D,20220517,000000,0.473384,0.509286,0.455498,0.478377,3096796.4040766316,0
ACA.V,D,20220518,000000,0.477426,0.485417,0.400479,0.411464,3095416.743907985,0
ACA.V,D,20220519,000000,0.41342,0.418455,0.363636,0.379658,9052894.407542039,0
ACA.V,D,20220520,000000,0.378659,0.409672,0.358533,0.369556,8667104.75643172,0
ACA.V,D,20220521,000000,0.369556,0.397483,0.352541,0.381503,7170713.124589012,0
ACA.V,D,20220522,000000,0.381503,0.400439,0.373514,0.390531,3217826.51417625,0
ACA.V,D,20220523,000000,0.389532,0.400599,0.370555,0.381542,5157369.639680533,0
ACA.V,D,20220524,000000,0.378545,0.475476,0.352612,0.417415,18415923.52558265,0
ACA.V,D,20220525,000000,0.417415,0.451503,0.38158,0.405513,9508333.765094804,0
ACA.V,D,20220526,000000,0.404514,0.406552,0.340591,0.368594,2986933.429408501,0
ACA.V,D,20220527,000000,0.367632,0.373626,0.333666,0.347652,2662696.6596662677,0
ACA.V,D,20220528,000000,0.347603,0.360581,0.347523,0.360581,1318418.9213815127,0
ACA.V,D,20220529,000000,0.359572,0.371595,0.347628,0.369593,1626358.7111723372,0
ACA.V,D,20220530,000000,0.370588,0.453546,0.367595,0.430698,15206501.626964403,0
ACA.V,D,20220531,000000,0.430698,0.46263,0.396682,0.417666,4345689.026916303,0
ACA.V,D,20220601,000000,0.416675,0.433653,0.372627,0.380619,2049969.4906222746,0
ACA.V,D,20220602,000000,0.379654,0.402637,0.375662,0.400639,1838992.214502119,0
ACA.V,D,20220603,000000,0.401638,0.41063,0.357714,0.371676,3356009.370825662,0
ACA.V,D,20220604,000000,0.372675,0.376706,0.360621,0.374715,3353112.8104134933,0
ACA.V,D,20220605,000000,0.375722,0.39073,0.365689,0.370651,3365397.9149943898,0
ACA.V,D,20220606,000000,0.370651,0.395679,0.369648,0.385676,12388369.68355088,0
ACA.V,D,20220607,000000,0.384677,0.386679,0.354705,0.379696,7592717.656234925,0
ACA.V,D,20220608,000000,0.378693,0.381713,0.358738,0.361765,10914593.406179098,0
ACA.V,D,20220609,000000,0.362764,0.370699,0.354716,0.36869,6110080.624513162,0
ACA.V,D,20220610,000000,0.367687,0.368694,0.335593,0.340567,16187442.989377191,0
ACA.V,D,20220611,000000,0.340567,0.342623,0.302624,0.314641,4079191.5639554993,0
ACA.V,D,20220612,000000,0.316642,0.31864,0.266621,0.287646,6819496.914694888,0
ACA.V,D,20220613,000000,0.286644,0.329541,0.249438,0.29459,35861417.62050232,0
ACA.V,D,20220614,000000,0.295592,0.303577,0.257618,0.270675,48982307.69238127,0
ACA.V,D,20220615,000000,0.270675,0.291562,0.24955,0.291562,38548272.59169815,0
ACA.V,D,20220616,000000,0.289565,0.294617,0.258689,0.261234,7344818.924361837,0
ACA.V,D,20220617,000000,0.258243,0.271579,0.254643,0.262185,22958335.115990933,0
ACA.V,D,20220618,000000,0.261688,0.264687,0.230591,0.243605,41922862.63164148,0
ACA.V,D,20220619,000000,0.243605,0.262684,0.23465,0.260687,11586814.833834384,0
ACA.V,D,20220620,000000,0.259688,0.275724,0.248676,0.260713,4534191.012526125,0
ACA.V,D,20220621,000000,0.260713,0.281746,0.254719,0.265734,3496291.534984904,0
ACA.V,D,20220622,000000,0.266733,0.270729,0.247727,0.251748,2857361.097837605,0
ACA.V,D,20220623,000000,0.250749,0.268731,0.250724,0.266733,1043864.4899373784,0
ACA.V,D,20220624,000000,0.264735,0.279779,0.262737,0.276784,5428817.130488232,0
ACA.V,D,20220625,000000,0.276723,0.282768,0.258829,0.266813,2770787.561502171,0
ACA.V,D,20220626,000000,0.266813,0.294808,0.257843,0.259841,4340627.961121084,0
ACA.V,D,20220627,000000,0.259841,0.264828,0.247797,0.25277,1725755.0605437222,0
ACA.V,D,20220628,000000,0.252775,0.256751,0.233712,0.235717,1832482.2414120696,0
ACA.V,D,20220629,000000,0.236706,0.236718,0.214721,0.228721,5358584.973951186,0
ACA.V,D,20220630,000000,0.227724,0.269636,0.215706,0.223731,9317520.682278711,0
ACA.V,D,20220701,000000,0.221734,0.240687,0.221734,0.22675,3178601.9989922973,0
ACA.V,D,20220702,000000,0.225751,0.250699,0.215741,0.226728,8086170.752226109,0
ACA.V,D,20220703,000000,0.227726,0.236716,0.220713,0.227704,2056858.5068484722,0
ACA.V,D,20220704,000000,0.229701,0.267678,0.223709,0.247702,14542123.019765213,0
ACA.V,D,20220705,000000,0.248701,0.256692,0.230746,0.237738,4603703.103279328,0
ACA.V,D,20220706,000000,0.238737,0.246704,0.233743,0.241734,1464049.9043992308,0
ACA.V,D,20220707,000000,0.242708,0.251849,0.236716,0.248851,2527729.6829931764,0
ACA.V,D,20220708,000000,0.246852,0.253822,0.234835,0.239856,1493127.0823841735,0
ACA.V,D,20220709,000000,0.239856,0.26584,0.236858,0.256846,2656413.9236543463,0
ACA.V,D,20220710,000000,0.255846,0.256846,0.231838,0.236858,1323707.99634427,0
ACA.V,D,20220711,000000,0.237857,0.247802,0.228794,0.228794,2192593.5653114147,0
ACA.V,D,20220712,000000,0.228794,0.228794,0.218781,0.221778,1256276.643446553,0
ACA.V,D,20220713,000000,0.220788,0.232767,0.212787,0.226796,1287443.4220907635,0
ACA.V,D,20220714,000000,0.225797,0.237857,0.2218,0.23386,1219428.7431039049,0
ACA.V,D,20220715,000000,0.23286,0.238857,0.22884,0.23393,2418702.9338297546,0
ACA.V,D,20220716,000000,0.23393,0.243951,0.226909,0.236953,765763.8698357175,0
ACA.V,D,20220717,000000,0.237836,0.251745,0.233439,0.237736,969030.330265018,0
ACA.V,D,20220718,000000,0.236938,0.259995,0.233304,0.251942,2495137.364964898,0
ACA.V,D,20220719,000000,0.251924,0.282,0.242985,0.269043,4745902.04585408,0
ACA.V,D,20220720,000000,0.27,0.283031,0.247985,0.254013,3260072.702350261,0
ACA.V,D,20220721,000000,0.254033,0.339092,0.23999,0.276069,23583803.902303163,0
ACA.V,D,20220722,000000,0.276066,0.345028,0.271997,0.31907,53039619.531407155,0
ACA.V,D,20220723,000000,0.31707,0.327062,0.274011,0.292058,20088206.117784604,0
ACA.V,D,20220724,000000,0.292058,0.317971,0.285003,0.296056,5772953.020813004,0
ACA.V,D,20220725,000000,0.295059,0.29806,0.263029,0.270022,5215628.121866878,0
ACA.V,D,20220726,000000,0.270024,0.271027,0.237002,0.243036,4558234.665191415,0
ACA.V,D,20220727,000000,0.244037,0.279123,0.242034,0.270062,3731817.4221202726,0
ACA.V,D,20220728,000000,0.271065,0.289035,0.259047,0.277053,7621715.316829336,0
ACA.V,D,20220729,000000,0.279073,0.325068,0.273066,0.282116,27852172.906761993,0
ACA.V,D,20220730,000000,0.283116,0.308092,0.266101,0.283093,7255364.805044171,0
ACA.V,D,20220731,000000,0.282104,0.298066,0.274077,0.287069,3705594.3879431942,0
ACA.V,D,20220801,000000,0.287069,0.309074,0.27812,0.303091,5633619.801728685,0
ACA.V,D,20220802,000000,0.303091,0.315123,0.280078,0.29205,7438903.0012138,0
ACA.V,D,20220803,000000,0.29205,0.302088,0.282065,0.296074,3130590.5262790914,0
ACA.V,D,20220804,000000,0.297068,0.303061,0.281022,0.284009,4992845.625981096,0
ACA.V,D,20220805,000000,0.284009,0.30106,0.284009,0.295056,1705885.5016775308,0
ACA.V,D,20220806,000000,0.295056,0.38008,0.295056,0.325072,27653907.061375335,0
ACA.V,D,20220807,000000,0.325072,0.352074,0.314053,0.329059,5375545.501271849,0
ACA.V,D,20220808,000000,0.331063,0.350066,0.322035,0.328039,3758855.432544835,0
ACA.V,D,20220809,000000,0.329039,0.33408,0.29705,0.306061,3711230.9359427937,0
ACA.V,D,20220810,000000,0.305061,0.333196,0.300081,0.320093,2449049.3646450387,0
ACA.V,D,20220811,000000,0.321096,0.330158,0.309136,0.312147,2129741.9768077037,0
ACA.V,D,20220812,000000,0.313157,0.323161,0.305152,0.317143,3430833.185502314,0
ACA.V,D,20220813,000000,0.318143,0.332176,0.310112,0.315123,2538012.264456549,0
ACA.V,D,20220814,000000,0.315123,0.318121,0.266072,0.286089,16178750.561134223,0
ACA.V,D,20220815,000000,0.285085,0.288086,0.263063,0.271062,4369155.986654046,0
ACA.V,D,20220816,000000,0.271065,0.28102,0.260047,0.272024,5350766.393911278,0
ACA.V,D,20220817,000000,0.273025,0.277036,0.246022,0.246917,4487121.845436468,0
ACA.V,D,20220818,000000,0.24702,0.25961,0.24542,0.249002,5951625.634105487,0
ACA.V,D,20220819,000000,0.2486,0.249325,0.219422,0.221422,6251300.9577483125,0
ACA.V,D,20220820,000000,0.221409,0.231607,0.215572,0.217998,7468405.22567663,0
ACA.V,D,20220821,000000,0.218093,0.244902,0.217298,0.238493,8507775.578621268,0
ACA.V,D,20220822,000000,0.238493,0.23861,0.216172,0.217661,3663179.360724263,0
ACA.V,D,20220823,000000,0.217665,0.227966,0.217,0.220407,4093654.4680813323,0
ACA.V,D,20220824,000000,0.220498,0.227916,0.213985,0.215517,4579920.884907802,0
ACA.V,D,20220825,000000,0.215517,0.220011,0.213498,0.218907,1639907.662020737,0
ACA.V,D,20220826,000000,0.217402,0.222507,0.199514,0.19962,2367641.892437099,0
ACA.V,D,20220827,000000,0.199818,0.200318,0.185407,0.188904,2623245.2383130733,0
ACA.V,D,20220828,000000,0.188706,0.215198,0.187098,0.1915,6760113.488109556,0
ACA.V,D,20220829,000000,0.1917,0.213283,0.184306,0.198614,11240925.837165339,0
ACA.V,D,20220830,000000,0.19822,0.20741,0.185809,0.188617,3090340.5630006758,0
ACA.V,D,20220831,000000,0.188615,0.193802,0.187692,0.189698,959524.8925924876,0
ACA.V,D,20220901,000000,0.189298,0.191683,0.174305,0.182389,2657550.6038419586,0
ACA.V,D,20220902,000000,0.182893,0.208006,0.1814,0.183129,5911362.125797079,0
ACA.V,D,20220903,000000,0.183131,0.1979,0.180514,0.1867,3753246.7922940734,0
ACA.V,D,20220904,000000,0.1871,0.1927,0.1832,0.1909,1454741.0070686962,0
ACA.V,D,20220905,000000,0.1911,0.19572,0.1862,0.187219,1157140.5767984975,0
ACA.V,D,20220906,000000,0.1872,0.192219,0.174883,0.1765,1113776.0958556908,0
ACA.V,D,20220907,000000,0.176111,0.2042,0.169495,0.188313,13287494.010457534,0
ACA.V,D,20220908,000000,0.188711,0.191731,0.182916,0.191429,1051424.3392534174,0
ACA.V,D,20220909,000000,0.18753,0.223538,0.18753,0.208471,4474216.026717977,0
ACA.V,D,20220910,000000,0.208879,0.268013,0.208879,0.235447,21150521.99329273,0
ACA.V,D,20220911,000000,0.235649,0.248577,0.235061,0.238257,5434485.843157072,0
ACA.V,D,20220912,000000,0.238557,0.243168,0.225463,0.236447,5142680.219003049,0
ACA.V,D,20220913,000000,0.236171,0.237409,0.2172,0.236805,4330813.108309057,0
ACA.V,D,20220914,000000,0.236805,0.269011,0.230823,0.237359,7256180.502879684,0
ACA.V,D,20220915,000000,0.236962,0.244137,0.225086,0.225877,1246982.684609899,0
ACA.V,D,20220916,000000,0.225886,0.239588,0.217978,0.237976,4632598.750076338,0
ACA.V,D,20220917,000000,0.237976,0.245,0.233077,0.2385,1918027.3319497237,0
ACA.V,D,20220918,000000,0.2385,0.2412,0.216078,0.2204,2696112.852662363,0
ACA.V,D,20220919,000000,0.2198,0.232123,0.2174,0.229446,1336667.4507612674,0
ACA.V,D,20220920,000000,0.229446,0.229746,0.2198,0.22,2224491.6628612806,0
ACA.V,D,20220921,000000,0.2195,0.228,0.2123,0.2133,2254207.4314097404,0
ACA.V,D,20220922,000000,0.213221,0.222722,0.2109,0.219378,1455295.0353692092,0
ACA.V,D,20220923,000000,0.2193,0.224,0.216978,0.2219,674901.1800319764,0
ACA.V,D,20220924,000000,0.222087,0.234114,0.211125,0.212019,4943564.990082126,0
ACA.V,D,20220925,000000,0.211921,0.212404,0.201998,0.202,943494.9513199663,0
ACA.V,D,20220926,000000,0.202502,0.204894,0.194,0.19948,1965465.925733153,0
ACA.V,D,20220927,000000,0.1991,0.2054,0.1885,0.190981,2196974.0830075745,0
ACA.V,D,20220928,000000,0.191081,0.1949,0.185381,0.1932,1132532.9528321626,0
ACA.V,D,20220929,000000,0.1931,0.1957,0.181218,0.184118,3391452.483411417,0
ACA.V,D,20220930,000000,0.1843,0.187838,0.1825,0.1827,1489255.1411097238,0
ACA.V,D,20221001,000000,0.183,0.185519,0.1798,0.1814,911985.5249321286,0
ACA.V,D,20221002,000000,0.181718,0.1959,0.1795,0.1826,2271814.2457796824,0
ACA.V,D,20221003,000000,0.1832,0.1946,0.1802,0.188238,2736830.8650449365,0
ACA.V,D,20221004,000000,0.188019,0.193758,0.187337,0.191557,869258.0821586543,0
ACA.V,D,20221005,000000,0.191758,0.193539,0.183618,0.183818,1159389.2601178274,0
ACA.V,D,20221006,000000,0.184137,0.189627,0.180329,0.182731,1377703.3024035275,0
ACA.V,D,20221007,000000,0.182327,0.185131,0.179214,0.181327,922426.5582575431,0
ACA.V,D,20221008,000000,0.182018,0.183226,0.179214,0.179448,554476.343178739,0
ACA.V,D,20221009,000000,0.179547,0.182436,0.177718,0.179918,600871.4235154077,0
ACA.V,D,20221010,000000,0.179936,0.181718,0.175382,0.176482,561686.444513183,0
ACA.V,D,20221011,000000,0.1766,0.1768,0.168673,0.170683,1149368.547630636,0
ACA.V,D,20221012,000000,0.170883,0.173583,0.164985,0.165305,954968.9022387309,0
ACA.V,D,20221013,000000,0.165405,0.182793,0.151595,0.164313,5990159.985008434,0
ACA.V,D,20221014,000000,0.164015,0.175707,0.163005,0.163007,3228178.7464375775,0
ACA.V,D,20221015,000000,0.163105,0.215411,0.158714,0.172009,15391432.299795214,0
ACA.V,D,20221016,000000,0.17151,0.235707,0.169107,0.174107,19087428.82653564,0
ACA.V,D,20221017,000000,0.174009,0.182704,0.169412,0.173103,2022455.152066472,0
ACA.V,D,20221018,000000,0.173403,0.179016,0.166002,0.167507,1904621.6048878934,0
ACA.V,D,20221019,000000,0.167808,0.1699,0.158402,0.1674,1809408.6218409548,0
ACA.V,D,20221020,000000,0.1674,0.168995,0.159395,0.162284,1983326.8756649652,0
ACA.V,D,20221021,000000,0.162387,0.164003,0.156589,0.161113,576634.9247286597,0
ACA.V,D,20221022,000000,0.161111,0.16751,0.155603,0.165013,407503.51306545973,0
ACA.V,D,20221023,000000,0.164913,0.170415,0.158502,0.159922,1355944.7781409698,0
ACA.V,D,20221024,000000,0.160116,0.182622,0.160111,0.162106,9274303.606732888,0
ACA.V,D,20221025,000000,0.162208,0.171457,0.160703,0.168354,1116559.7314825752,0
ACA.V,D,20221026,000000,0.168556,0.175049,0.166745,0.170244,792058.4499133659,0
ACA.V,D,20221027,000000,0.170548,0.174031,0.162106,0.16321,1290551.7067780206,0
ACA.V,D,20221028,000000,0.16331,0.168632,0.160114,0.166333,1108627.5689083096,0
ACA.V,D,20221029,000000,0.166033,0.172048,0.161156,0.163938,1418227.0124003876,0
ACA.V,D,20221030,000000,0.164138,0.164346,0.154839,0.158033,3960141.845681551,0
ACA.V,D,20221031,000000,0.158832,0.1639,0.157635,0.159987,1301469.2690319882,0
ACA.V,D,20221101,000000,0.16009,0.161192,0.158467,0.159082,489245.9393212435,0
ACA.V,D,20221102,000000,0.159381,0.16338,0.156494,0.156897,1133569.3292021304,0
ACA.V,D,20221103,000000,0.157391,0.164982,0.157091,0.1614,1308175.829136417,0
ACA.V,D,20221104,000000,0.1614,0.1752,0.1607,0.170115,3276596.7112824023,0
ACA.V,D,20221105,000000,0.171414,0.179418,0.171414,0.175511,2533950.8784280275,0
ACA.V,D,20221106,000000,0.175007,0.177609,0.168815,0.16931,1367786.133681804,0
ACA.V,D,20221107,000000,0.169314,0.16981,0.160613,0.164221,971914.8974424648,0
ACA.V,D,20221108,000000,0.164249,0.167384,0.132272,0.140621,2708789.743552721,0
ACA.V,D,20221109,000000,0.141423,0.143672,0.107416,0.113985,2981353.8046945524,0
ACA.V,D,20221110,000000,0.113984,0.138572,0.110797,0.128337,1651448.1458376294,0
ACA.V,D,20221111,000000,0.128664,0.14388,0.114903,0.117123,779231.2067136021,0
ACA.V,D,20221112,000000,0.1167,0.118551,0.1109,0.111798,436986.8131349675,0
ACA.V,D,20221113,000000,0.111399,0.111699,0.102326,0.10735,1158751.2441336585,0
ACA.V,D,20221114,000000,0.108148,0.11676,0.101537,0.111033,1237449.945759792,0
ACA.V,D,20221115,000000,0.111033,0.116384,0.111033,0.114286,398197.8446257773,0
ACA.V,D,20221116,000000,0.11446,0.115488,0.107889,0.108699,509048.93752739334,0
ACA.V,D,20221117,000000,0.108801,0.109426,0.106301,0.108017,196917.02007617432,0
ACA.V,D,20221118,000000,0.107516,0.111497,0.107413,0.109674,534205.3078392446,0
ACA.V,D,20221119,000000,0.109371,0.109662,0.10638,0.107086,168312.912001009,0
ACA.V,D,20221120,000000,0.107288,0.110851,0.102379,0.103343,1058691.2642224866,0
ACA.V,D,20221121,000000,0.103343,0.103343,0.098494,0.100678,473771.9998212586,0
ACA.V,D,20221122,000000,0.100779,0.100875,0.093178,0.098481,853455.0616947266,0
ACA.V,D,20221123,000000,0.098374,0.178486,0.097875,0.122165,46394696.741658024,0
ACA.V,D,20221124,000000,0.122066,0.169732,0.1131,0.115903,27171464.618646327,0
ACA.V,D,20221125,000000,0.116099,0.116915,0.109518,0.112634,2333555.245735803,0
ACA.V,D,20221126,000000,0.112534,0.142612,0.111931,0.114431,7545839.618112296,0
ACA.V,D,20221127,000000,0.114732,0.123027,0.113329,0.117126,1622924.3307255728,0
ACA.V,D,20221128,000000,0.116328,0.116328,0.106444,0.108759,2013829.3706722043,0
ACA.V,D,20221129,000000,0.108759,0.118255,0.108258,0.111159,1196954.592187924,0
ACA.V,D,20221130,000000,0.110958,0.117155,0.110564,0.114311,1076078.1381408763,0
ACA.V,D,20221201,000000,0.114813,0.115707,0.111108,0.115707,732472.5189285649,0
ACA.V,D,20221202,000000,0.115706,0.217022,0.113009,0.152309,105857112.06987691,0
ACA.V,D,20221203,000000,0.152809,0.16552,0.136214,0.136414,15153176.46319315,0
ACA.V,D,20221204,000000,0.136514,0.143329,0.134427,0.135314,2281915.7810928775,0
ACA.V,D,20221205,000000,0.135727,0.142343,0.130708,0.132504,2201386.4732695003,0
ACA.V,D,20221206,000000,0.132704,0.138206,0.12721,0.130497,3064959.0142872785,0
ACA.V,D,20221207,000000,0.1304,0.150103,0.122609,0.1278,8690920.499899046,0
ACA.V,D,20221208,000000,0.1282,0.1395,0.126013,0.131909,3159672.949990195,0
ACA.V,D,20221209,000000,0.131909,0.134801,0.128005,0.128504,1042106.0782672056,0
ACA.V,D,20221210,000000,0.128506,0.1313,0.125799,0.127997,1365881.454481673,0
ACA.V,D,20221211,000000,0.1281,0.130913,0.125699,0.126825,858217.5355778383,0
ACA.V,D,20221212,000000,0.127726,0.127726,0.119005,0.123911,2182160.6109807873,0
ACA.V,D,20221213,000000,0.123712,0.154989,0.115313,0.127972,16556743.614178214,0
ACA.V,D,20221214,000000,0.127757,0.149075,0.127757,0.130809,9677899.079550328,0
ACA.V,D,20221215,000000,0.1304,0.133727,0.124512,0.125325,1347286.1747973457,0
ACA.V,D,20221216,000000,0.125113,0.1444,0.117612,0.117612,8021650.111531609,0
ACA.V,D,20221217,000000,0.117812,0.139022,0.115614,0.128914,7641050.330594835,0
ACA.V,D,20221218,000000,0.129417,0.129906,0.121111,0.123316,1116812.2762254898,0
ACA.V,D,20221219,000000,0.1234,0.125118,0.117599,0.1204,1744940.2648566149,0
ACA.V,D,20221220,000000,0.121004,0.125511,0.1187,0.121305,422636.3639064361,0
ACA.V,D,20221221,000000,0.121305,0.1234,0.120201,0.121606,419211.98221792124,0
ACA.V,D,20221222,000000,0.121005,0.131191,0.118483,0.121082,1493150.17227092,0
ACA.V,D,20221223,000000,0.121382,0.122493,0.119884,0.119888,435362.8829600061,0
ACA.V,D,20221224,000000,0.12009,0.126187,0.119789,0.121591,649458.2941911869,0
ACA.V,D,20221225,000000,0.121292,0.124896,0.120383,0.120984,495807.90272942925,0
ACA.V,D,20221226,000000,0.121288,0.129988,0.121088,0.122575,947619.3869341533,0
ACA.V,D,20221227,000000,0.123077,0.123377,0.12075,0.121852,363281.36163781106,0
ACA.V,D,20221228,000000,0.12155,0.121951,0.116034,0.117538,673393.4555936428,0
ACA.V,D,20221229,000000,0.116838,0.118851,0.116052,0.116448,203163.8492206914,0
ACA.V,D,20221230,000000,0.116548,0.117148,0.112844,0.114342,247577.05871041658,0
ACA.V,D,20221231,000000,0.114543,0.116442,0.114244,0.114343,251463.70060122275,0
ACA.V,D,20230101,000000,0.114143,0.115238,0.112447,0.113347,315438.8933895068,0
ACA.V,D,20230102,000000,0.113449,0.117253,0.111955,0.115663,357509.66693323967,0
ACA.V,D,20230103,000000,0.115062,0.116464,0.113256,0.113356,369811.7744819136,0
ACA.V,D,20230104,000000,0.113757,0.118651,0.113354,0.115163,942334.9715543303,0
ACA.V,D,20230105,000000,0.114861,0.116664,0.114065,0.11496,464650.1987639744,0
ACA.V,D,20230106,000000,0.11496,0.132125,0.11344,0.116464,4575744.473477944,0
ACA.V,D,20230107,000000,0.116163,0.116264,0.111869,0.111971,768829.2090078465,0
ACA.V,D,20230108,000000,0.112172,0.112172,0.109679,0.110583,1310735.6777754077,0
ACA.V,D,20230109,000000,0.110683,0.115493,0.110182,0.112299,1833643.2605585167,0
ACA.V,D,20230110,000000,0.112299,0.114587,0.11129,0.112616,854486.6617794046,0
ACA.V,D,20230111,000000,0.112488,0.120899,0.1121,0.115798,1613695.5721741659,0
ACA.V,D,20230112,000000,0.115888,0.118711,0.112793,0.117612,1175196.8131023513,0
ACA.V,D,20230113,000000,0.117112,0.119819,0.11429,0.118712,1146785.2520305845,0
ACA.V,D,20230114,000000,0.119011,0.131513,0.116922,0.124005,3404656.448542771,0
ACA.V,D,20230115,000000,0.123612,0.139247,0.122211,0.131138,3948215.635591759,0
ACA.V,D,20230116,000000,0.131238,0.138041,0.125648,0.128603,2220658.552426961,0
ACA.V,D,20230117,000000,0.128004,0.136901,0.125299,0.131516,1967720.5641319505,0
ACA.V,D,20230118,000000,0.131614,0.133912,0.116892,0.120594,1808213.3058216593,0
ACA.V,D,20230119,000000,0.120995,0.123799,0.117791,0.123195,707437.4783503191,0
ACA.V,D,20230120,000000,0.123305,0.129326,0.120301,0.128322,929311.8532139289,0
ACA.V,D,20230121,000000,0.128323,0.134538,0.127055,0.130421,2347033.0419253544,0
ACA.V,D,20230122,000000,0.13002,0.141923,0.126221,0.132525,2919887.079414387,0
ACA.V,D,20230123,000000,0.133027,0.157721,0.132928,0.145023,5671979.518703765,0
ACA.V,D,20230124,000000,0.14582,0.147619,0.13322,0.133805,3200753.4652293273,0
ACA.V,D,20230125,000000,0.133808,0.137621,0.128828,0.134423,1846528.618922296,0
ACA.V,D,20230126,000000,0.134023,0.138225,0.133005,0.134309,1192086.5861384594,0
ACA.V,D,20230127,000000,0.134212,0.14042,0.132512,0.136746,1799156.7772882609,0
ACA.V,D,20230128,000000,0.136748,0.140431,0.133629,0.13553,960041.677311209,0
ACA.V,D,20230129,000000,0.135328,0.142804,0.135131,0.142706,1795177.4412536516,0
ACA.V,D,20230130,000000,0.142806,0.142806,0.127208,0.127909,1710386.4275943546,0
ACA.V,D,20230131,000000,0.128508,0.134799,0.12811,0.132612,1342068.8810465795,0
ACA.V,D,20230201,000000,0.131909,0.136807,0.126701,0.135204,1853974.277063644,0
ACA.V,D,20230202,000000,0.135308,0.142113,0.135009,0.136425,2230164.1377909896,0
ACA.V,D,20230203,000000,0.136529,0.152806,0.134113,0.139411,6489072.772831533,0
ACA.V,D,20230204,000000,0.139111,0.144316,0.13661,0.137612,2893769.20175761,0
ACA.V,D,20230205,000000,0.137711,0.14053,0.13043,0.132633,2907000.9478892446,0
ACA.V,D,20230206,000000,0.132835,0.138604,0.127924,0.135405,2595249.5266870568,0
ACA.V,D,20230207,000000,0.135011,0.154495,0.131409,0.14741,9942078.561091062,0
ACA.V,D,20230208,000000,0.147609,0.148103,0.135016,0.13991,2525683.702218446,0
ACA.V,D,20230209,000000,0.13961,0.16299,0.128212,0.128213,20728103.85576691,0
ACA.V,D,20230210,000000,0.129813,0.134532,0.124212,0.126319,3250889.000547257,0
ACA.V,D,20230211,000000,0.126021,0.131012,0.125004,0.128412,1871632.9332421669,0
ACA.V,D,20230212,000000,0.128213,0.131513,0.124819,0.125709,1446688.0241538417,0
ACA.V,D,20230213,000000,0.126013,0.126013,0.115108,0.119666,2034087.401524782,0
ACA.V,D,20230214,000000,0.119466,0.12405,0.117847,0.123751,1717700.5643456292,0
ACA.V,D,20230215,000000,0.123951,0.135322,0.122333,0.133723,3511352.0355417132,0
ACA.V,D,20230216,000000,0.133621,0.140014,0.128913,0.129044,5692194.20081839,0
ACA.V,D,20230217,000000,0.129417,0.145113,0.125811,0.140813,8618978.56609608,0
ACA.V,D,20230218,000000,0.140724,0.150024,0.137414,0.138522,6809216.279223703,0
ACA.V,D,20230219,000000,0.138222,0.156223,0.138021,0.145532,9255558.049640916,0
ACA.V,D,20230220,000000,0.145033,0.157525,0.140138,0.147106,9898310.200500766,0
ACA.V,D,20230221,000000,0.14651,0.173817,0.14651,0.162528,19347360.66645765,0
ACA.V,D,20230222,000000,0.162129,0.162911,0.141425,0.1485,4943025.397590632,0
ACA.V,D,20230223,000000,0.149004,0.156414,0.143427,0.151109,4716824.591739929,0
ACA.V,D,20230224,000000,0.150523,0.15843,0.138007,0.139997,5157253.358439887,0
ACA.V,D,20230225,000000,0.139897,0.142613,0.133319,0.13771,3797127.984140002,0
ACA.V,D,20230226,000000,0.137208,0.143722,0.1368,0.142011,1999851.555231313,0
ACA.V,D,20230227,000000,0.141513,0.144612,0.137014,0.139508,2273110.5153969135,0
ACA.V,D,20230228,000000,0.139208,0.139907,0.12881,0.129829,2578008.4800678995,0
ACA.V,D,20230301,000000,0.129626,0.152517,0.128115,0.146819,12613276.333402287,0
ACA.V,D,20230302,000000,0.147119,0.15322,0.142003,0.142821,10694644.553476185,0
ACA.V,D,20230303,000000,0.143207,0.144512,0.123606,0.125509,6776027.484817272,0
ACA.V,D,20230304,000000,0.12571,0.127015,0.117006,0.119008,3998614.985342774,0
ACA.V,D,20230305,000000,0.11911,0.122806,0.11881,0.119013,2499973.661334225,0
ACA.V,D,20230306,000000,0.118913,0.119412,0.114623,0.116892,3805629.1431470993,0
ACA.V,D,20230307,000000,0.116887,0.120499,0.109598,0.110502,2923627.0683527496,0
ACA.V,D,20230308,000000,0.110694,0.113292,0.102295,0.102395,1988116.692300014,0
ACA.V,D,20230309,000000,0.102486,0.106066,0.092581,0.096209,3834960.714300298,0
ACA.V,D,20230310,000000,0.096214,0.097697,0.089293,0.096026,2907606.9440473276,0
ACA.V,D,20230311,000000,0.096171,0.100587,0.087927,0.091257,2823463.686315739,0
ACA.V,D,20230312,000000,0.091271,0.0979787,0.09083,0.0972197,1668784.5742764536,0
ACA.V,D,20230313,000000,0.0975844,0.1053133,0.0957759,0.1041252,4479490.67908834,0
ACA.V,D,20230314,000000,0.1038084,0.1114911,0.1002086,0.1065159,5228355.909312438,0
ACA.V,D,20230315,000000,0.1066535,0.1088447,0.0954075,0.097307,1914137.0342950495,0
ACA.V,D,20230316,000000,0.0972027,0.1096647,0.097192,0.1079585,4740807.440368826,0
ACA.V,D,20230317,000000,0.1067631,0.1082646,0.1033858,0.1077233,3620069.613931121,0
ACA.V,D,20230318,000000,0.1077093,0.1124453,0.1046819,0.1053444,3180244.0545313535,0
ACA.V,D,20230319,000000,0.1052147,0.1093052,0.1012868,0.1069123,2034683.950099212,0
ACA.V,D,20230320,000000,0.1070233,0.1077319,0.099733,0.1008668,2089543.9471202039,0
ACA.V,D,20230321,000000,0.1006671,0.1038053,0.0958572,0.1005146,2131619.00508482,0
ACA.V,D,20230322,000000,0.1005196,0.1014336,0.092472,0.0950692,2825772.5981843593,0
ACA.V,D,20230323,000000,0.09516,0.1153657,0.0946672,0.1037163,21556636.7280892,0
ACA.V,D,20230324,000000,0.1036161,0.108162,0.0981029,0.1000019,4905802.0055387365,0
ACA.V,D,20230325,000000,0.1003112,0.1068056,0.0976092,0.1004964,4204496.179022369,0
ACA.V,D,20230326,000000,0.1004964,0.109821,0.1003002,0.108522,4696133.050128907,0
ACA.V,D,20230327,000000,0.108619,0.114594,0.09842,0.100048,9678964.243084272,0
ACA.V,D,20230328,000000,0.099847,0.100337,0.095133,0.098538,3750785.824348136,0
ACA.V,D,20230329,000000,0.098638,0.103512,0.098526,0.101213,2194195.798832355,0
ACA.V,D,20230330,000000,0.10113,0.101529,0.09641,0.098828,2364920.838706585,0
ACA.V,D,20230331,000000,0.098727,0.101931,0.098029,0.100521,2143636.726480289,0
ACA.V,D,20230401,000000,0.100221,0.102731,0.099145,0.100636,3614236.502092943,0
ACA.V,D,20230402,000000,0.100541,0.101742,0.096566,0.096761,2524746.0989446384,0
ACA.V,D,20230403,000000,0.09676,0.09705,0.092741,0.093837,2488942.571267719,0
ACA.V,D,20230404,000000,0.093938,0.09804,0.093825,0.097048,2387347.17417913,0
ACA.V,D,20230405,000000,0.097249,0.101111,0.09432,0.097735,3922883.5649370165,0
ACA.V,D,20230406,000000,0.098025,0.105162,0.096819,0.099835,7582002.094133367,0
ACA.V,D,20230407,000000,0.100136,0.103359,0.097158,0.097172,5850855.257233549,0
ACA.V,D,20230408,000000,0.097372,0.102461,0.096773,0.10044,4063129.7343653613,0
ACA.V,D,20230409,000000,0.099239,0.13328,0.099061,0.101961,4420977.713379115,0
ACA.V,D,20230410,000000,0.101662,0.109366,0.100267,0.101683,9156882.671168735,0
ACA.V,D,20230411,000000,0.101783,0.111199,0.101481,0.105304,10184343.650476152,0
ACA.V,D,20230412,000000,0.105403,0.107005,0.100692,0.10268,4174536.838189154,0
ACA.V,D,20230413,000000,0.10288,0.106501,0.101486,0.105801,6084013.35421432,0
ACA.V,D,20230414,000000,0.105701,0.109097,0.100875,0.102585,6889251.216990089,0
ACA.V,D,20230415,000000,0.102685,0.104292,0.101195,0.10259,4015709.0005779513,0
ACA.V,D,20230416,000000,0.102692,0.105887,0.101282,0.104671,5490733.605996878,0
ACA.V,D,20230417,000000,0.104671,0.105282,0.10016,0.103061,6072055.709579723,0
ACA.V,D,20230418,000000,0.103161,0.104161,0.101143,0.102333,3385007.254530028,0
ACA.V,D,20230419,000000,0.102317,0.103243,0.094188,0.095548,3404103.315031554,0
ACA.V,D,20230420,000000,0.095549,0.099534,0.091167,0.091409,3278646.2134163617,0
ACA.V,D,20230421,000000,0.091306,0.091804,0.082288,0.082792,5877936.089944238,0
ACA.V,D,20230422,000000,0.082992,0.085303,0.079979,0.084508,4339928.548217586,0
ACA.V,D,20230423,000000,0.084608,0.085007,0.078119,0.083204,4251870.474894775,0
ACA.V,D,20230424,000000,0.083203,0.087309,0.080606,0.081902,8158261.690260434,0
ACA.V,D,20230425,000000,0.081802,0.082301,0.0785,0.081319,4146625.392143892,0
ACA.V,D,20230426,000000,0.081619,0.083998,0.07631,0.078828,3841470.9181412766,0
ACA.V,D,20230427,000000,0.078925,0.081638,0.076724,0.080631,4115925.414699218,0
ACA.V,D,20230428,000000,0.080625,0.081531,0.07743,0.077962,2723802.348369591,0
ACA.V,D,20230429,000000,0.07796,0.096463,0.077855,0.091954,38434071.0286484,0
ACA.V,D,20230430,000000,0.091954,0.092754,0.084156,0.087349,15054593.663460977,0
ACA.V,D,20230501,000000,0.088249,0.091839,0.082296,0.084623,6345245.625327762,0
ACA.V,D,20230502,000000,0.084623,0.085422,0.0819025,0.0834517,2168861.966264158,0
ACA.V,D,20230503,000000,0.0832508,0.0832508,0.0782055,0.0811219,5038609.682666329,0
ACA.V,D,20230504,000000,0.081322,0.0822271,0.0782336,0.0787291,3104973.0478907735,0
ACA.V,D,20230505,000000,0.0787291,0.0804563,0.0776318,0.0786715,3296890.015324403,0
ACA.V,D,20230506,000000,0.0792729,0.0796788,0.0719256,0.0724265,3590740.732358295,0
ACA.V,D,20230507,000000,0.0723256,0.073798,0.0711179,0.0715837,2853566.4497213983,0
ACA.V,D,20230508,000000,0.0715844,0.0723853,0.0607425,0.0618482,6766933.869500629,0
ACA.V,D,20230509,000000,0.0620459,0.063376,0.061061,0.0617617,2621346.1554737864,0
ACA.V,D,20230510,000000,0.0616077,0.0639767,0.0598819,0.0609548,3522894.605947311,0
ACA.V,D,20230511,000000,0.0610949,0.0614152,0.0549449,0.0555955,6581893.06445702,0
ACA.V,D,20230512,000000,0.0554754,0.0619309,0.0548274,0.0569455,13052255.670360863,0
ACA.V,D,20230513,000000,0.0569455,0.0582407,0.0562281,0.0566283,3363981.7131504677,0
ACA.V,D,20230514,000000,0.056754,0.0572586,0.0559079,0.0562781,1483108.6476201257,0
ACA.V,D,20230515,000000,0.0562537,0.058681,0.0552476,0.0570399,3633183.1344064735,0
ACA.V,D,20230516,000000,0.0570642,0.06011,0.0561437,0.0588135,3835774.774272216,0
ACA.V,D,20230517,000000,0.0588135,0.0588194,0.0555222,0.0577789,3047463.845661171,0
ACA.V,D,20230518,000000,0.0578589,0.0580174,0.0545163,0.0553221,3155131.44530366,0
ACA.V,D,20230519,000000,0.0553166,0.0592142,0.0548055,0.0571166,3610622.8671209677,0
ACA.V,D,20230520,000000,0.0573286,0.0607243,0.0564395,0.0566566,5514408.8362245355,0
ACA.V,D,20230521,000000,0.056751,0.0575287,0.0545272,0.0546328,1960257.749503194,0
ACA.V,D,20230522,000000,0.0548274,0.0553332,0.0519259,0.0521313,3758861.4616134563,0
ACA.V,D,20230523,000000,0.0521261,0.054106,0.0512128,0.0516031,4094652.2543796985,0
ACA.V,D,20230524,000000,0.0515036,0.0516041,0.0459972,0.0467977,5744094.815461318,0
ACA.V,D,20230525,000000,0.0468962,0.0475995,0.0443035,0.0445013,3434094.246409122,0
ACA.V,D,20230526,000000,0.0444009,0.0462042,0.0429009,0.0457105,5027897.57804086,0
ACA.V,D,20230527,000000,0.0456087,0.0458147,0.0439127,0.0446174,2960536.8006386096,0
ACA.V,D,20230528,000000,0.0446178,0.0467131,0.0444222,0.0463102,2884662.9056588225,0
ACA.V,D,20230529,000000,0.0467103,0.0515108,0.0461134,0.0477143,8417879.638165139,0
ACA.V,D,20230530,000000,0.0475138,0.0549143,0.0468098,0.0541211,17461816.58024978,0
ACA.V,D,20230531,000000,0.0541211,0.0558151,0.0476086,0.0478091,11070599.916118242,0
ACA.V,D,20230601,000000,0.0479096,0.0493123,0.046808,0.0472132,6076979.240582833,0
ACA.V,D,20230602,000000,0.0471127,0.048517,0.0468094,0.0480125,2118676.1286592074,0
ACA.V,D,20230603,000000,0.0479134,0.0496119,0.0466168,0.0466186,3470014.5793392938,0
ACA.V,D,20230604,000000,0.0467182,0.0488142,0.0462148,0.0472156,3676246.2677503326,0
ACA.V,D,20230605,000000,0.047015,0.0474156,0.0390113,0.0396119,10045694.57139118,0
ACA.V,D,20230606,000000,0.0396119,0.0418071,0.038515,0.0412119,5888067.7046712935,0
ACA.V,D,20230607,000000,0.0412115,0.0414104,0.0369993,0.0371019,5829265.876555057,0
ACA.V,D,20230608,000000,0.0369037,0.0422068,0.0363062,0.0401072,8533503.936327603,0
ACA.V,D,20230609,000000,0.0402072,0.0406073,0.0378924,0.0382923,4067443.901463518,0
ACA.V,D,20230610,000000,0.0382958,0.0382966,0.031417,0.0316183,4854488.128586544,0
ACA.V,D,20230611,000000,0.0315183,0.0335167,0.0314132,0.0325133,6340964.677361935,0
ACA.V,D,20230612,000000,0.0325133,0.035,0.0309108,0.032903,7401584.747056414,0
ACA.V,D,20230613,000000,0.033001,0.0345983,0.0318907,0.0323958,2621580.44594374,0
ACA.V,D,20230614,000000,0.0322948,0.0358957,0.031893,0.0323971,7915530.472006739,0
ACA.V,D,20230615,000000,0.0326971,0.0359003,0.0322968,0.0346688,9627917.98081029,0
ACA.V,D,20230616,000000,0.0345713,0.0421565,0.0341579,0.0395687,35525666.40277818,0
ACA.V,D,20230617,000000,0.039669,0.0480668,0.0383843,0.0386841,53785263.82870302,0
ACA.V,D,20230618,000000,0.0386837,0.0425868,0.0381843,0.0385911,12268345.058994737,0
ACA.V,D,20230619,000000,0.0385911,0.0400888,0.0371877,0.0377883,5660044.059184476,0
ACA.V,D,20230620,000000,0.0376883,0.0386857,0.0360856,0.0379061,3649107.3422819925,0
ACA.V,D,20230621,000000,0.0379053,0.050006,0.0379042,0.0485024,36828150.989657946,0
ACA.V,D,20230622,000000,0.0486044,0.0687048,0.0429021,0.0497099,218018307.0824126,0
ACA.V,D,20230623,000000,0.0498105,0.0579168,0.047911,0.0510296,61287348.27474321,0
ACA.V,D,20230624,000000,0.0511301,0.054034,0.0472245,0.0476295,16726993.16982232,0
ACA.V,D,20230625,000000,0.0478277,0.0507167,0.0477143,0.0481154,9381251.633803042,0
ACA.V,D,20230626,000000,0.0480154,0.0483184,0.0454218,0.0464046,5427209.947374366,0
ACA.V,D,20230627,000000,0.0464116,0.0635968,0.0461055,0.0536091,111477200.35356195,0
ACA.V,D,20230628,000000,0.0534059,0.0546087,0.0479014,0.0491995,12654782.625742456,0
ACA.V,D,20230629,000000,0.0492995,0.0553939,0.0487971,0.0516974,19641708.287888847,0
ACA.V,D,20230630,000000,0.0515933,0.0538881,0.0487854,0.0505833,8453921.958796043,0
ACA.V,D,20230701,000000,0.0507822,0.0525942,0.0494817,0.0509,6977195.81847324,0
ACA.V,D,20230702,000000,0.0512,0.060703,0.049397,0.0590053,44511848.975076154,0
ACA.V,D,20230703,000000,0.0594053,0.0902946,0.0576012,0.0647045,323855515.1791875,0
ACA.V,D,20230704,000000,0.0646052,0.066904,0.0568091,0.0582122,24533369.593984243,0
ACA.V,D,20230705,000000,0.0580122,0.0727051,0.0567108,0.0662099,76765298.6395983,0
ACA.V,D,20230706,000000,0.0662099,0.0798016,0.0641974,0.0648942,54733359.37093448,0
ACA.V,D,20230707,000000,0.0646974,0.0720043,0.0626081,0.0693021,19374110.288806535,0
ACA.V,D,20230708,000000,0.0694056,0.0786079,0.0675054,0.0735125,44901128.70390666,0
ACA.V,D,20230709,000000,0.0735118,0.0797096,0.0707085,0.0739126,23041254.42869279,0
ACA.V,D,20230710,000000,0.0742134,0.0742134,0.066598,0.0703042,10151604.378152417,0
ACA.V,D,20230711,000000,0.0690117,0.0875044,0.0686103,0.0728015,85767608.52596249,0
ACA.V,D,20230712,000000,0.0726029,0.0774046,0.072,0.0748978,13071390.437821873,0
ACA.V,D,20230713,000000,0.0749985,0.077693,0.0723957,0.0736294,6881454.629660378,0
ACA.V,D,20230714,000000,0.0736294,0.0744305,0.0674344,0.0692339,7507073.525611092,0
ACA.V,D,20230715,000000,0.0692339,0.0705416,0.0651182,0.065419,7714058.170542341,0
ACA.V,D,20230716,000000,0.065419,0.0674202,0.0618198,0.0624287,5304332.996138579,0
ACA.V,D,20230717,000000,0.0624293,0.0734139,0.0617204,0.070412,39209124.64591267,0
ACA.V,D,20230718,000000,0.0702119,0.0718144,0.0616031,0.0634139,19767326.686193716,0
ACA.V,D,20230719,000000,0.0633146,0.0677135,0.0633146,0.0650993,13004431.226427933,0
ACA.V,D,20230720,000000,0.0651993,0.0899,0.063507,0.0761931,122182445.333562,0
ACA.V,D,20230721,000000,0.0761931,0.0765946,0.0695951,0.0712014,18264276.51497013,0
ACA.V,D,20230722,000000,0.0712014,0.0717065,0.0684034,0.0688076,6102847.559950606,0
ACA.V,D,20230723,000000,0.0687076,0.0719986,0.066906,0.0684979,15723556.843670057,0
ACA.V,D,20230724,000000,0.0684986,0.0693972,0.0627925,0.0652922,15976957.278505761,0
ACA.V,D,20230725,000000,0.0652922,0.0753879,0.0643961,0.0669953,42225044.36220237,0
ACA.V,D,20230726,000000,0.0671953,0.0681932,0.0653935,0.0673027,9743977.594008127,0
ACA.V,D,20230727,000000,0.0671027,0.0703908,0.0662828,0.0671819,6128984.495176546,0
ACA.V,D,20230728,000000,0.0672812,0.0683836,0.0658776,0.0668987,6906721.274478104,0
ACA.V,D,20230729,000000,0.066998,0.0682993,0.066398,0.0666,6590857.853895813,0
ACA.V,D,20230730,000000,0.0665993,0.0672013,0.0642006,0.0648948,5519525.119631578,0
ACA.V,D,20230731,000000,0.0648942,0.0712857,0.0643942,0.0671886,20220640.72921281,0
ACA.V,D,20230801,000000,0.066794,0.0671926,0.064148,0.0663661,5702281.263380411,0
ACA.V,D,20230802,000000,0.0662655,0.0682536,0.0648552,0.0654627,6872386.583950078,0
ACA.V,D,20230803,000000,0.065462,0.0656606,0.0620323,0.0627491,11720470.005428514,0
ACA.V,D,20230804,000000,0.0627491,0.0630584,0.0601609,0.0603607,9406287.998904003,0
ACA.V,D,20230805,000000,0.0603607,0.0607605,0.0565632,0.0578558,10192320.197500499,0
ACA.V,D,20230806,000000,0.0577115,0.0630117,0.0576827,0.0592977,18588747.46549224,0
ACA.V,D,20230807,000000,0.0594107,0.0603879,0.0561303,0.0578317,9706479.230171556,0
ACA.V,D,20230808,000000,0.0577312,0.0590202,0.0570212,0.0578913,6575855.79485736,0
ACA.V,D,20230809,000000,0.0576896,0.0590699,0.0563521,0.0563543,6120879.884116985,0
ACA.V,D,20230810,000000,0.0569538,0.0578421,0.056036,0.0571394,3732258.188033288,0
ACA.V,D,20230811,000000,0.0567375,0.062317,0.0567375,0.0584351,16739566.90238235,0
ACA.V,D,20230812,000000,0.0582359,0.0614397,0.0576475,0.0598659,8955408.381780835,0
ACA.V,D,20230813,000000,0.0597659,0.0602554,0.058462,0.0589534,4429605.48581599,0
ACA.V,D,20230814,000000,0.0590539,0.0596224,0.0580361,0.0583328,3535296.01332006,0
ACA.V,D,20230815,000000,0.0582335,0.0588181,0.0540416,0.0548424,5494806.12237737,0
ACA.V,D,20230816,000000,0.0546376,0.0546387,0.0508399,0.050843,5465947.553025526,0
ACA.V,D,20230817,000000,0.05124,0.0574322,0.0473787,0.0477728,25961186.998543613,0
ACA.V,D,20230818,000000,0.0478096,0.0489873,0.0466869,0.0480798,8851948.201191403,0
ACA.V,D,20230819,000000,0.0480822,0.0510831,0.0475772,0.0476881,7459012.749602085,0
ACA.V,D,20230820,000000,0.047989,0.0506949,0.0466963,0.0480976,3212724.8466686103,0
ACA.V,D,20230821,000000,0.0478962,0.0488946,0.0453909,0.046493,5431944.392568813,0
ACA.V,D,20230822,000000,0.0464916,0.0479736,0.0431901,0.043985,8639815.248737633,0
ACA.V,D,20230823,000000,0.0438846,0.050085,0.0437842,0.0465911,6762268.5051780995,0
ACA.V,D,20230824,000000,0.0466907,0.0517886,0.0448767,0.0453764,12148792.120669259,0
ACA.V,D,20230825,000000,0.0452769,0.0472655,0.0437803,0.0461746,14892448.759222744,0
ACA.V,D,20230826,000000,0.0460742,0.0481745,0.0448771,0.0452751,13788117.99715349,0
ACA.V,D,20230827,000000,0.0451751,0.0459834,0.0445759,0.0448784,6411283.998727913,0
ACA.V,D,20230828,000000,0.0447785,0.0459733,0.0435638,0.0442774,4481570.777605866,0
ACA.V,D,20230829,000000,0.0439776,0.0455064,0.0415713,0.0447031,12294575.942110652,0
ACA.V,D,20230830,000000,0.0446058,0.0448955,0.0427953,0.0430991,3257294.2268930846,0
ACA.V,D,20230831,000000,0.0433965,0.0435048,0.0409951,0.041193,3624875.023237393,0
ACA.V,D,20230901,000000,0.0411872,0.0431827,0.0395826,0.0402778,7123167.451344537,0
ACA.V,D,20230902,000000,0.0405785,0.0492901,0.040381,0.0439952,35643497.61028287,0
ACA.V,D,20230903,000000,0.0439952,0.044796,0.0422932,0.0426927,9613417.934919098,0
ACA.V,D,20230904,000000,0.0426923,0.0436865,0.0410864,0.0410885,5309346.742878733,0
ACA.V,D,20230905,000000,0.0410885,0.0432719,0.041086,0.042278,5086097.716910261,0
ACA.V,D,20230906,000000,0.0422793,0.0438741,0.041381,0.0419744,6001862.760038545,0
ACA.V,D,20230907,000000,0.0420781,0.053866,0.0418791,0.0458766,69935397.29995716,0
ACA.V,D,20230908,000000,0.0459784,0.0483797,0.0442938,0.0442942,20773161.354447793,0
ACA.V,D,20230909,000000,0.0444956,0.0469906,0.0440877,0.045286,6444109.0513978,0
ACA.V,D,20230910,000000,0.0451869,0.0480861,0.0430888,0.0452832,18221781.539073374,0
ACA.V,D,20230911,000000,0.0454827,0.0501814,0.0423907,0.0431862,18302689.830679152,0
ACA.V,D,20230912,000000,0.0431853,0.0477938,0.0425902,0.0441965,11591572.63842936,0
ACA.V,D,20230913,000000,0.0441965,0.047409,0.0433931,0.0466093,17128189.60033956,0
ACA.V,D,20230914,000000,0.0464074,0.050002,0.0454968,0.0468136,25866595.868603036,0
ACA.V,D,20230915,000000,0.0468131,0.0507985,0.0464079,0.0486995,26085450.889383223,0
ACA.V,D,20230916,000000,0.049001,0.0513979,0.0483039,0.0496045,7112805.006673376,0
ACA.V,D,20230917,000000,0.0494069,0.049707,0.0461111,0.0461111,4088808.0062182304,0
ACA.V,D,20230918,000000,0.0465112,0.0491044,0.0456087,0.0475076,9359815.113149818,0
ACA.V,D,20230919,000000,0.0478105,0.0483121,0.0472052,0.0480067,3285224.2511347923,0
ACA.V,D,20230920,000000,0.0481077,0.0486087,0.0464,0.0476024,2537911.141950439,0
ACA.V,D,20230921,000000,0.0475019,0.0483019,0.0461949,0.0462981,2460422.429276697,0
ACA.V,D,20230922,000000,0.0461986,0.0472967,0.0459968,0.0472967,1921988.2046521115,0
ACA.V,D,20230923,000000,0.0470967,0.0519,0.0469967,0.0484029,16001476.227841878,0
ACA.V,D,20230924,000000,0.0484029,0.0493044,0.0473019,0.0475019,3107748.437367559,0
ACA.V,D,20230925,000000,0.0477014,0.0517927,0.0466023,0.0491975,24217132.349224202,0
ACA.V,D,20230926,000000,0.0489971,0.0494861,0.0475748,0.0475795,7805292.26545509,0
ACA.V,D,20230927,000000,0.047976,0.049167,0.047462,0.0481643,8034431.625159728,0
ACA.V,D,20230928,000000,0.0481643,0.0496747,0.0479645,0.049199,5600105.981365361,0
ACA.V,D,20230929,000000,0.049199,0.0508959,0.0475924,0.0489946,9392973.781237798,0
ACA.V,D,20230930,000000,0.0490951,0.0498995,0.0479,0.0487093,12572708.502982473,0
ACA.V,D,20231001,000000,0.0487083,0.0496045,0.0480038,0.0492059,3562584.218757121,0
ACA.V,D,20231002,000000,0.0493059,0.0630189,0.0490049,0.0570165,106504246.8269991,0
ACA.V,D,20231003,000000,0.0569165,0.0572126,0.0507,0.0513005,45852317.16267808,0
ACA.V,D,20231004,000000,0.0513036,0.0585941,0.050501,0.0524026,38439950.78772274,0
ACA.V,D,20231005,000000,0.0524026,0.0540016,0.0500105,0.0502136,12870904.398822455,0
ACA.V,D,20231006,000000,0.0504136,0.0512271,0.0502025,0.0511204,3144987.580700649,0
ACA.V,D,20231007,000000,0.0507289,0.0517258,0.0501281,0.0502266,1654598.6372596903,0
ACA.V,D,20231008,000000,0.0503292,0.0504302,0.0486224,0.0488273,1781032.7349253742,0
ACA.V,D,20231009,000000,0.0487478,0.0487478,0.0451213,0.0458092,6112810.763555275,0
ACA.V,D,20231010,000000,0.0460106,0.0466637,0.0453868,0.0454945,2434506.8478012593,0
ACA.V,D,20231011,000000,0.0458055,0.045905,0.0434943,0.0443871,2384854.3836469334,0
ACA.V,D,20231012,000000,0.0445875,0.0449896,0.042794,0.0431836,5631435.107231842,0
ACA.V,D,20231013,000000,0.043184,0.0495846,0.0428854,0.0448897,22937373.809772886,0
ACA.V,D,20231014,000000,0.0449905,0.0451937,0.0440969,0.0440969,2358807.3549523763,0
ACA.V,D,20231015,000000,0.0442969,0.0457959,0.0439974,0.0443018,2930376.5120261307,0
ACA.V,D,20231016,000000,0.0443013,0.0463102,0.044104,0.0453186,3149687.4659852413,0
ACA.V,D,20231017,000000,0.0453186,0.0487185,0.0450171,0.0453168,18831220.549213614,0
ACA.V,D,20231018,000000,0.0454163,0.0483179,0.0449085,0.0456105,13530750.172291182,0
ACA.V,D,20231019,000000,0.0461097,0.0470183,0.043911,0.0453181,6466254.787767416,0
ACA.V,D,20231020,000000,0.0455177,0.0473246,0.0452185,0.0461194,3779978.7007872364,0
ACA.V,D,20231021,000000,0.046319,0.0473189,0.0460189,0.0469234,2103544.5505131716,0
ACA.V,D,20231022,000000,0.0470235,0.0477262,0.0464241,0.0465153,1862802.0158565831,0
ACA.V,D,20231023,000000,0.0467163,0.0494257,0.0466163,0.0487248,7801262.900609246,0
ACA.V,D,20231024,000000,0.0492256,0.0535005,0.0478962,0.049894,37415044.972088076,0
ACA.V,D,20231025,000000,0.050294,0.0511123,0.0490034,0.0500125,5315335.315074989,0
ACA.V,D,20231026,000000,0.0502115,0.0523073,0.0490971,0.0499005,6701194.927667742,0
ACA.V,D,20231027,000000,0.050102,0.0503091,0.0474066,0.0484106,7184631.034084557,0
ACA.V,D,20231028,000000,0.0484111,0.0497094,0.0483082,0.0491079,4959292.299211413,0
ACA.V,D,20231029,000000,0.0491088,0.0507177,0.0487088,0.0507177,2813544.1954106535,0
ACA.V,D,20231030,000000,0.0507183,0.0530143,0.0497144,0.0521172,12646105.795534972,0
ACA.V,D,20231031,000000,0.0521172,0.0595125,0.0517202,0.0569233,16545665.136044966,0
ACA.V,D,20231101,000000,0.0569233,0.0583227,0.0524115,0.0546175,49981877.918736614,0
ACA.V,D,20231102,000000,0.0549165,0.0577242,0.0527105,0.0544071,86911678.89519833,0
ACA.V,D,20231103,000000,0.0543065,0.0623287,0.0543065,0.0597233,126178274.75663587,0
ACA.V,D,20231104,000000,0.0597251,0.0645322,0.0567272,0.0619365,19927288.810611714,0
ACA.V,D,20231105,000000,0.0627345,0.0635476,0.0603404,0.061855,7940159.562609992,0
ACA.V,D,20231106,000000,0.0620428,0.0666127,0.0597478,0.0655177,13258666.753694745,0
ACA.V,D,20231107,000000,0.0653183,0.0655196,0.0611208,0.0642289,57411990.81264496,0
ACA.V,D,20231108,000000,0.0644277,0.0660337,0.0625094,0.063814,50261430.03709161,0
ACA.V,D,20231109,000000,0.063714,0.0656282,0.0591148,0.0611116,55019741.35871026,0
ACA.V,D,20231110,000000,0.0612122,0.0626006,0.0597113,0.0620291,56482642.53234362,0
ACA.V,D,20231111,000000,0.0620341,0.0630151,0.0602349,0.0621155,70528687.94659539,0
ACA.V,D,20231112,000000,0.0620155,0.0629252,0.0609231,0.0623249,66704575.25137715,0
ACA.V,D,20231113,000000,0.0621248,0.0629459,0.0576075,0.0588159,30282054.09093698,0
ACA.V,D,20231114,000000,0.0585088,0.0591183,0.0558089,0.0572074,36760590.46388495,0
ACA.V,D,20231115,000000,0.0573092,0.0601126,0.0568074,0.0593296,45540689.98100241,0
ACA.V,D,20231116,000000,0.0595321,0.0603157,0.0557028,0.0570063,62112837.78392531,0
ACA.V,D,20231117,000000,0.0569063,0.0584105,0.053209,0.0553188,35264797.46249,0
ACA.V,D,20231118,000000,0.0556178,0.0564226,0.0526221,0.0548269,10448273.56027068,0
ACA.V,D,20231119,000000,0.0550275,0.058335,0.0544245,0.0550242,6684659.884076461,0
ACA.V,D,20231120,000000,0.0548236,0.0645568,0.0548236,0.0598413,15642922.216343049,0
ACA.V,D,20231121,000000,0.0597412,0.0706212,0.0573206,0.0586223,91855616.66055675,0
ACA.V,D,20231122,000000,0.0585222,0.0617105,0.0566221,0.0596179,35131102.48181138,0
ACA.V,D,20231123,000000,0.0597185,0.0603265,0.0564068,0.0575081,23307204.251739006,0
ACA.V,D,20231124,000000,0.0575081,0.0591361,0.0561095,0.0584485,22021048.180973757,0
ACA.V,D,20231125,000000,0.0584461,0.0667407,0.058435,0.0626369,17386913.563395556,0
ACA.V,D,20231126,000000,0.0628371,0.0635368,0.0585333,0.059422,10051141.407895193,0
ACA.V,D,20231127,000000,0.0597227,0.0749067,0.0585152,0.0651013,141284077.34844247,0
ACA.V,D,20231128,000000,0.0649013,0.0703056,0.0612006,0.0633367,45014742.361237474,0
ACA.V,D,20231129,000000,0.0634374,0.0647369,0.0602175,0.0623075,15127230.890421698,0
ACA.V,D,20231130,000000,0.0624081,0.0630082,0.0616105,0.0620056,11974528.560343295,0
ACA.V,D,20231201,000000,0.0620112,0.0635248,0.061808,0.0628251,11111559.278553657,0
ACA.V,D,20231202,000000,0.0629245,0.0635298,0.0625238,0.063129,4613952.348816824,0
ACA.V,D,20231203,000000,0.0638281,0.0640294,0.0610238,0.0620223,4233781.943455979,0
ACA.V,D,20231204,000000,0.0622218,0.0645187,0.0614258,0.0625031,6574355.282328983,0
ACA.V,D,20231205,000000,0.0626044,0.0723043,0.0626044,0.0679081,26268585.640774965,0
ACA.V,D,20231206,000000,0.0680082,0.0782023,0.066718,0.0701077,24823956.092600994,0
ACA.V,D,20231207,000000,0.0702077,0.0723014,0.0669107,0.0694243,12687507.601618925,0
ACA.V,D,20231208,000000,0.0693249,0.0724181,0.0690076,0.0715236,8950456.955334721,0
ACA.V,D,20231209,000000,0.0711235,0.0774224,0.0711235,0.0729204,16491000.96355261,0
ACA.V,D,20231210,000000,0.072919,0.0731095,0.068613,0.0718022,8771419.914573437,0
ACA.V,D,20231211,000000,0.0718036,0.0843916,0.0673148,0.0747626,66951613.33340806,0
ACA.V,D,20231212,000000,0.0750647,0.0865671,0.0740667,0.0817632,48943619.13268306,0
ACA.V,D,20231213,000000,0.0812642,0.0826653,0.0735514,0.0802184,20360988.84866512,0
ACA.V,D,20231214,000000,0.0750172,0.0765184,0.0723058,0.0741119,29751404.29853083,0
ACA.V,D,20231215,000000,0.0742119,0.0755128,0.0679946,0.0701063,19560797.270224746,0
ACA.V,D,20231216,000000,0.070007,0.0703091,0.0651602,0.0656474,19091355.38145028,0
ACA.V,D,20231217,000000,0.0655475,0.0780313,0.0652471,0.0734243,31860757.454377946,0
ACA.V,D,20231218,000000,0.0733259,0.0787236,0.0620379,0.0745776,20130770.255268414,0
ACA.V,D,20231219,000000,0.0747783,0.0774737,0.0725608,0.0737616,5264975.393176402,0
ACA.V,D,20231220,000000,0.0738638,0.0791158,0.0735639,0.0774023,11878567.321412265,0
ACA.V,D,20231221,000000,0.0777023,0.0832908,0.0776008,0.0811154,14624106.060113786,0
ACA.V,D,20231222,000000,0.0812154,0.0859232,0.0743215,0.0755513,20079744.731666442,0
ACA.V,D,20231223,000000,0.0755596,0.118159,0.0732425,0.106953,139625011.40376893,0
ACA.V,D,20231224,000000,0.107154,0.160069,0.104749,0.115176,371896461.23356724,0
ACA.V,D,20231225,000000,0.115176,0.147269,0.114574,0.121927,137152381.0320222,0
ACA.V,D,20231226,000000,0.121826,0.123428,0.102093,0.111089,34321623.892431185,0
ACA.V,D,20231227,000000,0.10049,0.100792,0.0961279,0.0972603,33727290.43340188,0
ACA.V,D,20231228,000000,0.0972554,0.0986828,0.0909064,0.0938403,20644211.344761632,0
ACA.V,D,20231229,000000,0.0938403,0.107321,0.0888275,0.09882,74620841.87125893,0
ACA.V,D,20231230,000000,0.112624,0.119299,0.0972951,0.099297,34470222.06880944,0
ACA.V,D,20231231,000000,0.099397,0.0994089,0.0928545,0.0931767,21419443.62281837,0
ACA.V,D,20240101,000000,0.0931767,0.0951924,0.0929777,0.0933177,21683983.62952677,0
ACA.V,D,20240102,000000,0.0934177,0.116393,0.0932186,0.10554,82929180.32947925,0
ACA.V,D,20240103,000000,0.105639,0.114134,0.090199,0.10894,52686765.2239969,0
ACA.V,D,20240104,000000,0.109343,0.121984,0.106742,0.114536,80049220.70167285,0
ACA.V,D,20240105,000000,0.114336,0.114925,0.101757,0.104583,62869086.231088676,0
ACA.V,D,20240106,000000,0.104482,0.106187,0.0963915,0.10036,62923641.63954087,0
ACA.V,D,20240107,000000,0.10046,0.106655,0.0919643,0.0954611,22779326.73397212,0
ACA.V,D,20240108,000000,0.0957612,0.1051841,0.0855453,0.1008897,27645923.10281413,0
ACA.V,D,20240109,000000,0.1008897,0.1051736,0.0918193,0.0963299,21324613.508816358,0
ACA.V,D,20240110,000000,0.0964299,0.112035,0.0951314,0.110228,58434358.350529686,0
ACA.V,D,20240111,000000,0.110228,0.116608,0.102302,0.102506,52415444.307340644,0
ACA.V,D,20240112,000000,0.102506,0.1089,0.099135,0.101433,36968459.98855383,0
ACA.V,D,20240113,000000,0.101237,0.106478,0.09817,0.105475,32616004.74794923,0
ACA.V,D,20240114,000000,0.105475,0.106179,0.100336,0.100852,21806112.278357115,0
ACA.V,D,20240115,000000,0.100952,0.102761,0.099341,0.100607,18781691.82364088,0
ACA.V,D,20240116,000000,0.100807,0.104015,0.099747,0.101485,16200993.492823815,0
ACA.V,D,20240117,000000,0.101584,0.101785,0.0970078,0.0990009,15902335.554428028,0
ACA.V,D,20240118,000000,0.0990009,0.1002715,0.0891151,0.0925065,19816243.699142233,0
ACA.V,D,20240119,000000,0.0925065,0.0955832,0.0882108,0.0942066,16478535.539894968,0
ACA.V,D,20240120,000000,0.0940068,0.0961125,0.0925333,0.0943226,19726277.90785331,0
ACA.V,D,20240121,000000,0.0939229,0.0947336,0.0925417,0.0927425,13997752.267485553,0
ACA.V,D,20240122,000000,0.0927415,0.0929405,0.0825042,0.0835105,17591214.3216373,0
ACA.V,D,20240123,000000,0.0835105,0.0857133,0.0747155,0.0789305,10744468.488764139,0
ACA.V,D,20240124,000000,0.0789297,0.0826496,0.0774535,0.0783592,8276634.423403267,0
ACA.V,D,20240125,000000,0.0785591,0.0794603,0.0743695,0.0772583,6294631.521856323,0
ACA.V,D,20240126,000000,0.0772583,0.0924362,0.0761619,0.0839824,31199507.147027545,0
ACA.V,D,20240127,000000,0.0839824,0.0854915,0.0824752,0.0841,5638845.731660075,0
ACA.V,D,20240128,000000,0.0840992,0.0848813,0.0803895,0.0806871,2848236.4933721838,0
ACA.V,D,20240129,000000,0.0805879,0.0841857,0.0799792,0.0835008,2923062.395404001,0
ACA.V,D,20240130,000000,0.0835008,0.0838941,0.0816943,0.0827983,4187958.517150852,0
ACA.V,D,20240131,000000,0.0828992,0.0842781,0.0786622,0.0798553,5333967.474682806,0
ACA.V,D,20240201,000000,0.0796562,0.0884584,0.077122,0.0831759,12089046.719059227,0
ACA.V,D,20240202,000000,0.0830759,0.093921,0.0830759,0.0882567,30445792.59529753,0
ACA.V,D,20240203,000000,0.0881533,0.0932543,0.0862646,0.0867705,9337437.754691495,0
ACA.V,D,20240204,000000,0.0867696,0.0873615,0.084268,0.0852642,2876830.399700761,0
ACA.V,D,20240205,000000,0.0852642,0.10908,0.084047,0.104163,48465875.43384194,0
ACA.V,D,20240206,000000,0.104363,0.106064,0.0930032,0.0954704,31900298.22501808,0
ACA.V,D,20240207,000000,0.0956703,0.0992275,0.0933206,0.0959808,10840359.957773075,0
ACA.V,D,20240208,000000,0.0959808,0.111864,0.0957837,0.10242,33475423.069497794,0
ACA.V,D,20240209,000000,0.10252,0.113082,0.100807,0.107662,15614317.075093012,0
ACA.V,D,20240210,000000,0.107663,0.113673,0.103756,0.106131,11148543.511664612,0
ACA.V,D,20240211,000000,0.10613,0.13324,0.105831,0.123234,55914175.66391557,0
ACA.V,D,20240212,000000,0.122035,0.127333,0.1148,0.122354,35827015.40969855,0
ACA.V,D,20240213,000000,0.122054,0.123254,0.112711,0.116345,11695047.286959698,0
ACA.V,D,20240214,000000,0.115944,0.122864,0.115173,0.119411,12908295.895279055,0
ACA.V,D,20240215,000000,0.119112,0.120512,0.113104,0.113799,9494972.119159559,0
ACA.V,D,20240216,000000,0.113799,0.116856,0.109566,0.113587,7498119.714762356,0
ACA.V,D,20240217,000000,0.113387,0.114688,0.104747,0.113926,10394584.93740642,0
ACA.V,D,20240218,000000,0.113025,0.115225,0.111518,0.113412,7103068.868709476,0
ACA.V,D,20240219,000000,0.113215,0.11482,0.109516,0.110026,9307601.99837554,0
ACA.V,D,20240220,000000,0.110026,0.111027,0.101006,0.105121,10163394.470586097,0
ACA.V,D,20240221,000000,0.10502,0.105321,0.09689,0.101,10555808.773637306,0
ACA.V,D,20240222,000000,0.1011,0.105464,0.0972951,0.100368,10126137.358700525,0
ACA.V,D,20240223,000000,0.100367,0.118589,0.096869,0.109585,26443038.50295291,0
ACA.V,D,20240224,000000,0.109585,0.110382,0.102196,0.1039,8028648.147956129,0
ACA.V,D,20240225,000000,0.103999,0.105887,0.100495,0.103296,5907104.154633905,0
ACA.V,D,20240226,000000,0.103198,0.114873,0.100904,0.10757,17122601.88112551,0
ACA.V,D,20240227,000000,0.107769,0.115746,0.107769,0.115546,16254501.691160887,0
ACA.V,D,20240228,000000,0.115446,0.127677,0.104856,0.111577,25983408.47353252,0
ACA.V,D,20240229,000000,0.111578,0.11884,0.110254,0.112867,12731730.09573958,0
ACA.V,D,20240301,000000,0.113043,0.122506,0.113043,0.119994,15224715.439652627,0
ACA.V,D,20240302,000000,0.12009,0.135131,0.11695,0.130828,16300285.971060002,0
ACA.V,D,20240303,000000,0.130428,0.154981,0.128427,0.134659,59210311.68413045,0
ACA.V,D,20240304,000000,0.134259,0.137876,0.127261,0.130143,16511274.71351525,0
ACA.V,D,20240305,000000,0.130043,0.137802,0.111165,0.117681,12846014.154857136,0
ACA.V,D,20240306,000000,0.117582,0.129419,0.113592,0.12797,8345749.2350805905,0
ACA.V,D,20240307,000000,0.127964,0.135296,0.123353,0.134895,10488217.325065903,0
ACA.V,D,20240308,000000,0.134692,0.134995,0.124199,0.128958,8205567.164250278,0
ACA.V,D,20240309,000000,0.129058,0.142324,0.128305,0.135464,13207609.23091263,0
ACA.V,D,20240310,000000,0.135362,0.141329,0.129077,0.129603,10619050.289814616,0
ACA.V,D,20240311,000000,0.129778,0.149567,0.125834,0.144229,13910659.494143678,0
ACA.V,D,20240312,000000,0.144332,0.19784,0.141104,0.194714,98018091.19383438,0
ACA.V,D,20240313,000000,0.194514,0.237762,0.181014,0.203402,128849318.85906097,0
ACA.V,D,20240314,000000,0.202999,0.202999,0.16982,0.183134,23816376.98161811,0
ACA.V,D,20240315,000000,0.183034,0.186322,0.155934,0.17281,17056480.25057375,0
ACA.V,D,20240316,000000,0.172916,0.23177,0.169715,0.199782,75226689.44498923,0
ACA.V,D,20240317,000000,0.199782,0.207349,0.17169,0.192596,36689311.02188188,0
ACA.V,D,20240318,000000,0.192604,0.194285,0.164159,0.176789,17324748.816337593,0
ACA.V,D,20240319,000000,0.176989,0.190927,0.152348,0.166771,18058123.790735096,0
ACA.V,D,20240320,000000,0.167453,0.193924,0.161877,0.1852,19664609.817236368,0
ACA.V,D,20240321,000000,0.18577,0.186472,0.17216,0.17216,5658144.954849468,0
ACA.V,D,20240322,000000,0.17246,0.179391,0.163521,0.166737,9939291.93022609,0
ACA.V,D,20240323,000000,0.166737,0.1828,0.165702,0.1828,10245995.424261061,0
ACA.V,D,20240324,000000,0.1829,0.220769,0.1829,0.208887,88379779.61230485,0
ACA.V,D,20240325,000000,0.209087,0.209387,0.192664,0.20013,24171988.428814393,0
ACA.V,D,20240326,000000,0.200228,0.206462,0.187434,0.190502,23450561.670508765,0
ACA.V,D,20240327,000000,0.190704,0.194473,0.179721,0.182834,18477469.273277648,0
ACA.V,D,20240328,000000,0.182532,0.189916,0.176896,0.183839,18090884.066575125,0
ACA.V,D,20240329,000000,0.183839,0.1847,0.172291,0.173483,14366685.005485876,0
ACA.V,D,20240330,000000,0.173782,0.202313,0.17201,0.190772,46120668.97600409,0
ACA.V,D,20240331,000000,0.190974,0.197983,0.180023,0.183022,26750794.21794262,0
ACA.V,D,20240401,000000,0.182922,0.185135,0.16519,0.170565,14107183.14809214,0
ACA.V,D,20240402,000000,0.170463,0.171077,0.150246,0.159664,15074344.177237801,0
ACA.V,D,20240403,000000,0.160364,0.168449,0.153546,0.156545,18237719.251629975,0
ACA.V,D,20240404,000000,0.156444,0.165866,0.154328,0.158138,12468609.408786202,0
ACA.V,D,20240405,000000,0.158338,0.160671,0.146026,0.150851,11212748.157994991,0
ACA.V,D,20240406,000000,0.150647,0.156338,0.148576,0.153937,13615559.76106202,0
ACA.V,D,20240407,000000,0.153738,0.163105,0.152544,0.155912,18983040.341961976,0
ACA.V,D,20240408,000000,0.155812,0.177691,0.153811,0.16979,26484815.607416213,0
ACA.V,D,20240409,000000,0.17019,0.175588,0.157749,0.161226,20224192.233031817,0
ACA.V,D,20240410,000000,0.161226,0.16193,0.146675,0.153295,6464255.23969853,0
ACA.V,D,20240411,000000,0.153197,0.155274,0.145669,0.14701,5349035.256455992,0
ACA.V,D,20240412,000000,0.146812,0.150805,0.118256,0.121435,8969424.975731712,0
ACA.V,D,20240413,000000,0.121436,0.129127,0.0902857,0.0965782,9999650.607259916,0
ACA.V,D,20240414,000000,0.0966773,0.115558,0.0950769,0.107732,10286959.846846087,0
ACA.V,D,20240415,000000,0.107932,0.118729,0.102951,0.105318,6183347.670475231,0
ACA.V,D,20240416,000000,0.105318,0.111122,0.101054,0.110722,4871510.450125563,0
ACA.V,D,20240417,000000,0.110722,0.11203,0.099899,0.104688,4401024.887851188,0
ACA.V,D,20240418,000000,0.104489,0.127124,0.102695,0.109133,26987880.201780334,0
ACA.V,D,20240419,000000,0.109033,0.116676,0.098099,0.111034,12549477.25133867,0
ACA.V,D,20240420,000000,0.111537,0.119242,0.10694,0.118436,7230543.724598247,0
ACA.V,D,20240421,000000,0.118436,0.119351,0.114724,0.117519,6533829.470035696,0
ACA.V,D,20240422,000000,0.11732,0.124251,0.11702,0.120335,4917501.02408244,0
ACA.V,D,20240423,000000,0.120236,0.122648,0.118154,0.121498,3735577.501251902,0
ACA.V,D,20240424,000000,0.121396,0.125889,0.113996,0.115693,5232150.642095832,0
ACA.V,D,20240425,000000,0.115793,0.117132,0.110232,0.116033,4291928.044495252,0
ACA.V,D,20240426,000000,0.115933,0.115933,0.107011,0.1103,5052372.16517771,0
ACA.V,D,20240427,000000,0.110589,0.112544,0.105547,0.112099,4056415.540105339,0
ACA.V,D,20240428,000000,0.111999,0.115165,0.111011,0.111233,3158574.545357747,0
ACA.V,D,20240429,000000,0.111133,0.128185,0.107457,0.1181,23700401.551550608,0
ACA.V,D,20240430,000000,0.118265,0.119245,0.099231,0.104863,11857856.34725504,0
ACA.V,D,20240501,000000,0.104863,0.110779,0.0976826,0.104942,10737505.849669179,0
ACA.V,D,20240502,000000,0.105142,0.109801,0.103195,0.108905,6693798.500316821,0
ACA.V,D,20240503,000000,0.108804,0.116137,0.106894,0.115048,6283123.523785892,0
ACA.V,D,20240504,000000,0.115448,0.117822,0.113325,0.116911,5316106.495487513,0
ACA.V,D,20240505,000000,0.116912,0.118422,0.113214,0.117613,3200916.667692768,0
ACA.V,D,20240506,000000,0.117513,0.121798,0.112497,0.113802,5563619.1094025485,0
ACA.V,D,20240507,000000,0.113801,0.132296,0.112698,0.119196,13173609.994438928,0
ACA.V,D,20240508,000000,0.119496,0.121995,0.109989,0.111765,6389425.147838065,0
ACA.V,D,20240509,000000,0.111365,0.113941,0.106549,0.111183,6820333.173017878,0
ACA.V,D,20240510,000000,0.111082,0.11319,0.103869,0.104869,5455834.99234195,0
ACA.V,D,20240511,000000,0.104569,0.108956,0.104069,0.105677,4548805.001471024,0
ACA.V,D,20240512,000000,0.105777,0.10865,0.103858,0.106354,4593615.435256333,0
ACA.V,D,20240513,000000,0.106289,0.10735,0.099771,0.104089,5030365.790808791,0
ACA.V,D,20240514,000000,0.103989,0.10438,0.09834,0.101064,4611111.6620554,0
ACA.V,D,20240515,000000,0.100964,0.107882,0.099083,0.106763,4349886.535811502,0
ACA.V,D,20240516,000000,0.106663,0.1079,0.101429,0.104209,3861514.724169538,0
ACA.V,D,20240517,000000,0.104209,0.108813,0.103608,0.106936,4839752.230124618,0
ACA.V,D,20240518,000000,0.107136,0.110124,0.107036,0.109019,3276920.1384358625,0
ACA.V,D,20240519,000000,0.109019,0.109713,0.102011,0.102893,4118012.770237769,0
ACA.V,D,20240520,000000,0.102694,0.109543,0.100903,0.109241,6634447.367907046,0
ACA.V,D,20240521,000000,0.109342,0.110494,0.106796,0.107671,7893949.35794094,0
ACA.V,D,20240522,000000,0.107572,0.110583,0.103189,0.104955,6509939.795740544,0
ACA.V,D,20240523,000000,0.104955,0.105255,0.09861,0.102135,5423238.414461755,0
ACA.V,D,20240524,000000,0.102035,0.109554,0.0961721,0.102789,11033269.506447038,0
ACA.V,D,20240525,000000,0.102788,0.105058,0.100793,0.102879,6722970.32456428,0
ACA.V,D,20240526,000000,0.102778,0.10379,0.100239,0.10087,3883772.831953668,0
ACA.V,D,20240527,000000,0.100961,0.106193,0.099851,0.105292,9584310.761044731,0
ACA.V,D,20240528,000000,0.105094,0.108563,0.101726,0.107058,22875120.130852982,0
ACA.V,D,20240529,000000,0.107058,0.109199,0.102489,0.102886,7039622.067797448,0
ACA.V,D,20240530,000000,0.102887,0.104664,0.09994,0.103764,3534007.363903034,0
ACA.V,D,20240531,000000,0.103964,0.104336,0.101358,0.103478,3906939.0503829033,0
ACA.V,D,20240601,000000,0.103578,0.10392,0.101816,0.102709,2682471.1331647993,0
ACA.V,D,20240602,000000,0.102808,0.104017,0.101524,0.102945,2999891.0652983193,0
ACA.V,D,20240603,000000,0.102845,0.107978,0.102144,0.104882,4689652.4649747005,0
ACA.V,D,20240604,000000,0.104882,0.104882,0.101368,0.1042,3546957.331302639,0
ACA.V,D,20240605,000000,0.1042,0.109469,0.104,0.107811,7900452.088212984,0
ACA.V,D,20240606,000000,0.10811,0.108458,0.10409,0.107965,6657172.9717382565,0
ACA.V,D,20240607,000000,0.107964,0.109463,0.096822,0.0981627,5262033.374564586,0
ACA.V,D,20240608,000000,0.0982626,0.0984576,0.0899892,0.09049,6220438.425098606,0
ACA.V,D,20240609,000000,0.0905891,0.0921889,0.0866844,0.0904855,6723930.179180384,0
ACA.V,D,20240610,000000,0.0904864,0.0905864,0.0849754,0.0869756,3968172.46642013,0
ACA.V,D,20240611,000000,0.0867757,0.0969001,0.0793603,0.0818828,27619294.725236613,0
ACA.V,D,20240612,000000,0.0818828,0.0870078,0.0781922,0.0845721,7742151.059992767,0
ACA.V,D,20240613,000000,0.0843721,0.084672,0.0787756,0.0794682,4651357.5735290265,0
ACA.V,D,20240614,000000,0.0794674,0.0876404,0.0766532,0.0794443,8459698.815630266,0
ACA.V,D,20240615,000000,0.0794443,0.0832375,0.0785497,0.0797545,3555779.1817508154,0
ACA.V,D,20240616,000000,0.0797545,0.0827454,0.0790517,0.0817346,4177974.002729583,0
ACA.V,D,20240617,000000,0.0818345,0.0824224,0.073755,0.0754645,4524412.64529532,0
ACA.V,D,20240618,000000,0.0754653,0.0756682,0.066588,0.0706611,5540037.514480244,0
ACA.V,D,20240619,000000,0.070861,0.0741822,0.0691619,0.0708716,3035165.0279449825,0
ACA.V,D,20240620,000000,0.0704718,0.07487,0.0697728,0.0721487,4612754.535710392,0
ACA.V,D,20240621,000000,0.0721487,0.0741518,0.070535,0.0715556,5283871.948819729,0
ACA.V,D,20240622,000000,0.0714557,0.0801695,0.0697595,0.0726709,13852074.840567866,0
ACA.V,D,20240623,000000,0.0727636,0.0733714,0.069155,0.0700516,5577533.2079325495,0
ACA.V,D,20240624,000000,0.0698518,0.0699517,0.0620609,0.0665514,9743541.647752745,0
ACA.V,D,20240625,000000,0.0665514,0.0698867,0.0665514,0.0693875,2843736.710890661,0
ACA.V,D,20240626,000000,0.0694868,0.0704781,0.0668799,0.068654,2472620.3593251687,0
ACA.V,D,20240627,000000,0.0685472,0.071726,0.0659399,0.0708029,7038063.083567251,0
ACA.V,D,20240628,000000,0.070805,0.0756243,0.0681757,0.0687636,8478884.917296054,0
ACA.V,D,20240629,000000,0.0685633,0.0696939,0.0656927,0.0659876,5177454.724248328,0
ACA.V,D,20240630,000000,0.0658885,0.0733824,0.063993,0.0687925,16346173.693092547,0
ACA.V,D,20240701,000000,0.0686927,0.0719143,0.0680149,0.0687236,7457497.661738997,0
ACA.V,D,20240702,000000,0.0687264,0.0688215,0.0671167,0.0685908,2239957.735060799,0
ACA.V,D,20240703,000000,0.0683904,0.0688924,0.0643279,0.065127,2071686.0033117346,0
ACA.V,D,20240704,000000,0.0653274,0.0654279,0.0598479,0.0614649,3972712.2423490053,0
ACA.V,D,20240705,000000,0.0614656,0.0615655,0.0507898,0.0562034,8406353.918118412,0
ACA.V,D,20240706,000000,0.0564045,0.0600048,0.0555994,0.0597012,4228730.775550993,0
ACA.V,D,20240707,000000,0.0599012,0.0603042,0.0559944,0.0565915,4734466.24996007,0
ACA.V,D,20240708,000000,0.0566943,0.0600892,0.0536952,0.0586953,3735341.8943243986,0
ACA.V,D,20240709,000000,0.0585947,0.0596928,0.057796,0.0588988,2874247.1179742096,0
ACA.V,D,20240710,000000,0.0589988,0.0605958,0.0581023,0.0595952,3685905.4930750043,0
ACA.V,D,20240711,000000,0.0595958,0.063393,0.0593941,0.0600988,8254769.884453637,0
ACA.V,D,20240712,000000,0.0601988,0.0601988,0.0568,0.0597119,6729474.888426995,0
ACA.V,D,20240713,000000,0.0598114,0.0619111,0.0595101,0.0618111,5183663.397102481,0
ACA.V,D,20240714,000000,0.0619186,0.0750277,0.0616105,0.0644238,47812932.27782544,0
ACA.V,D,20240715,000000,0.0645232,0.0694215,0.0643199,0.0678339,11237966.021038147,0
ACA.V,D,20240716,000000,0.0677338,0.0695236,0.0645187,0.0684171,9166635.566179851,0
ACA.V,D,20240717,000000,0.0683171,0.0837008,0.0679183,0.0750067,37643541.06831362,0
ACA.V,D,20240718,000000,0.0749067,0.075206,0.0701063,0.0726855,9629104.849307617,0
ACA.V,D,20240719,000000,0.0726855,0.0800936,0.0704859,0.0727305,18530308.234327096,0
ACA.V,D,20240720,000000,0.0728313,0.0758371,0.0726283,0.0733315,4083724.29556351,0
ACA.V,D,20240721,000000,0.0735309,0.0746104,0.0705374,0.0743149,3835752.7606844706,0
ACA.V,D,20240722,000000,0.0743156,0.0777101,0.0719036,0.0728218,8981869.745095307,0
ACA.V,D,20240723,000000,0.0727211,0.0736074,0.0686082,0.0687082,4310392.323134108,0
ACA.V,D,20240724,000000,0.0687082,0.0709,0.0669913,0.0678878,2730711.7326377593,0
ACA.V,D,20240725,000000,0.0676878,0.0677878,0.063293,0.0662808,5058495.637673992,0
ACA.V,D,20240726,000000,0.0661828,0.0707965,0.0659828,0.0704993,3869666.3727214965,0
ACA.V,D,20240727,000000,0.0707,0.0713,0.0683075,0.0707993,2316608.563539002,0
ACA.V,D,20240728,000000,0.0706943,0.0769977,0.0694986,0.0701937,13344735.893138465,0
ACA.V,D,20240729,000000,0.070093,0.0716978,0.0693993,0.0704915,3524437.851869865,0
ACA.V,D,20240730,000000,0.0705915,0.0728898,0.0668786,0.0674798,5033440.46514657,0
ACA.V,D,20240731,000000,0.0673791,0.0687684,0.0652771,0.0660749,3084638.5444605295,0
ACA.V,D,20240801,000000,0.0659762,0.0661795,0.0601452,0.063348,4149659.9091862245,0
ACA.V,D,20240802,000000,0.0634492,0.0648409,0.0597342,0.0603305,3867263.9383712765,0
ACA.V,D,20240803,000000,0.0604304,0.0610554,0.0552624,0.0566643,3918431.0448285947,0
ACA.V,D,20240804,000000,0.0565643,0.0586636,0.0524548,0.0538844,4805531.572471365,0
ACA.V,D,20240805,000000,0.0537844,0.0547973,0.0448969,0.0506096,11392341.096052539,0
ACA.V,D,20240806,000000,0.0506096,0.054911,0.0498139,0.0541206,8019951.458124,0
ACA.V,D,20240807,000000,0.0542206,0.0563259,0.0490005,0.050405,6151853.395612007,0
ACA.V,D,20240808,000000,0.050405,0.0572166,0.049806,0.0571171,2890493.740933516,0
ACA.V,D,20240809,000000,0.0571166,0.0579116,0.0554111,0.0560174,4042136.955138014,0
ACA.V,D,20240810,000000,0.0560174,0.0574098,0.0558162,0.0565107,5843276.125600982,0
ACA.V,D,20240811,000000,0.0565107,0.0616172,0.0538054,0.0545054,10965858.825629486,0
ACA.V,D,20240812,000000,0.0544054,0.0566113,0.0530122,0.054306,6777662.083903298,0
ACA.V,D,20240813,000000,0.0543054,0.0555167,0.0531096,0.0550066,3348531.8979531354,0
ACA.V,D,20240814,000000,0.0550066,0.0556222,0.0534043,0.0535043,3337494.575443778,0
ACA.V,D,20240815,000000,0.0535048,0.0548995,0.0509051,0.0511092,3846329.1121157035,0
ACA.V,D,20240816,000000,0.0512102,0.0525205,0.0501105,0.0521146,4753873.376018803,0
ACA.V,D,20240817,000000,0.0522365,0.0552077,0.0518119,0.0536048,5921482.6796744205,0
ACA.V,D,20240818,000000,0.0537,0.05571,0.0524042,0.0552105,5362426.018642957,0
ACA.V,D,20240819,000000,0.0553111,0.065517,0.0544044,0.0572126,31948373.79147814,0
ACA.V,D,20240820,000000,0.0571126,0.0604181,0.0569171,0.0595006,11224858.822381666,0
ACA.V,D,20240821,000000,0.0595006,0.0640058,0.0587059,0.062705,6830498.711118301,0
ACA.V,D,20240822,000000,0.062705,0.0654033,0.0618161,0.0644032,9957025.898522262,0
ACA.V,D,20240823,000000,0.0642032,0.0684198,0.0635025,0.0680544,9176468.52092546,0
ACA.V,D,20240824,000000,0.0682539,0.0802233,0.0664359,0.0704239,23861152.321572136,0
ACA.V,D,20240825,000000,0.0704422,0.0784306,0.0680231,0.071325,20857748.137457404,0
ACA.V,D,20240826,000000,0.071325,0.071525,0.0662192,0.0671121,7443264.2944905935,0
ACA.V,D,20240827,000000,0.0674121,0.0694056,0.0614,0.0619006,8043732.965930205,0
ACA.V,D,20240828,000000,0.0618,0.0649026,0.0587053,0.0610055,8539229.240295745,0
ACA.V,D,20240829,000000,0.0609055,0.064511,0.0600054,0.0611994,3602356.2202915833,0
ACA.V,D,20240830,000000,0.0611988,0.0611988,0.0574885,0.0603921,4062174.600048004,0
ACA.V,D,20240831,000000,0.0604915,0.061392,0.057496,0.0582889,4718707.676317328,0
ACA.V,D,20240901,000000,0.0583058,0.0724898,0.0570897,0.0653882,51839569.220274255,0
ACA.V,D,20240902,000000,0.0653889,0.0665887,0.0589894,0.0614902,26077803.293019615,0
ACA.V,D,20240903,000000,0.0612902,0.0633956,0.0587759,0.0596833,10309089.752687966,0
ACA.V,D,20240904,000000,0.0596833,0.0603,0.055485,0.0595934,5991407.708690155,0
ACA.V,D,20240905,000000,0.059594,0.0610933,0.0565853,0.0574793,3501930.9395700153,0
ACA.V,D,20240906,000000,0.0575787,0.0589882,0.0540719,0.055771,7262617.809442552,0
ACA.V,D,20240907,000000,0.055671,0.0576885,0.0550945,0.0550945,6415956.897111219,0
ACA.V,D,20240908,000000,0.0551834,0.0572903,0.054794,0.0569943,4077423.787597524,0
ACA.V,D,20240909,000000,0.0571228,0.0604109,0.056487,0.0602108,4270117.359724072,0
ACA.V,D,20240910,000000,0.0602301,0.0613,0.0584977,0.0611957,5752202.281327449,0
ACA.V,D,20240911,000000,0.0612245,0.0623975,0.0587888,0.0600054,3825433.772045777,0
ACA.V,D,20240912,000000,0.0600048,0.0617049,0.0580971,0.0597952,7254880.319902796,0
ACA.V,D,20240913,000000,0.0598239,0.063117,0.0583947,0.0619241,7535536.933750709,0
ACA.V,D,20240914,000000,0.0620248,0.0662212,0.0609177,0.0621112,12452820.247608507,0
ACA.V,D,20240915,000000,0.0622118,0.0635076,0.0592077,0.0599,5274343.093421508,0
ACA.V,D,20240916,000000,0.0599006,0.0603181,0.0560854,0.0566892,5243433.488614627,0
ACA.V,D,20240917,000000,0.0565887,0.059606,0.0562893,0.0582052,3957352.553357076,0
ACA.V,D,20240918,000000,0.0582052,0.0598012,0.0570983,0.0593024,5460657.618881786,0
ACA.V,D,20240919,000000,0.0593296,0.0643109,0.0592018,0.063207,8224727.848898607,0
ACA.V,D,20240920,000000,0.0633063,0.0666053,0.062595,0.0639051,5171092.301061004,0
ACA.V,D,20240921,000000,0.0640064,0.0656066,0.0633994,0.0655065,3191616.095338007,0
ACA.V,D,20240922,000000,0.0655065,0.066306,0.0620994,0.0626,4112958.23942237,0
ACA.V,D,20240923,000000,0.0626,0.0695958,0.0622,0.0692972,24638926.24223027,0
ACA.V,D,20240924,000000,0.0691965,0.0749925,0.0676871,0.0690965,32757837.418344665,0
ACA.V,D,20240925,000000,0.0690972,0.0717957,0.0675872,0.0682891,8970052.720010646,0
ACA.V,D,20240926,000000,0.0678891,0.07,0.0670832,0.0688069,6182510.845700409,0
ACA.V,D,20240927,000000,0.0688069,0.0727116,0.0680041,0.0716129,18618864.49081375,0
ACA.V,D,20240928,000000,0.0715129,0.0722087,0.0682061,0.0688076,5841945.9824816575,0
ACA.V,D,20240929,000000,0.0685863,0.0703422,0.068,0.069872,4704366.899654993,0
ACA.V,D,20240930,000000,0.070049,0.0702421,0.0652824,0.0663788,3954144.687777733,0
ACA.V,D,20241001,000000,0.0663794,0.0675784,0.057284,0.0590846,6945941.445543536,0
ACA.V,D,20241002,000000,0.0590846,0.0619876,0.0560888,0.0570846,7033432.3511741655,0
ACA.V,D,20241003,000000,0.0570846,0.0592911,0.0540849,0.0557933,4668550.360200272,0
ACA.V,D,20241004,000000,0.0556933,0.0588935,0.0554933,0.0585988,4092834.689559209,0
ACA.V,D,20241005,000000,0.0584982,0.0589947,0.055991,0.0566909,3939016.383514854,0
ACA.V,D,20241006,000000,0.0567,0.0602891,0.0566915,0.05899,3264795.9994857116,0
ACA.V,D,20241007,000000,0.0592059,0.0613883,0.0587853,0.0593822,4703140.004878599,0
ACA.V,D,20241008,000000,0.0593822,0.059982,0.0575614,0.0587577,5958594.909736998,0
ACA.V,D,20241009,000000,0.0587824,0.0597623,0.0552497,0.0561505,4254166.696538501,0
ACA.V,D,20241010,000000,0.0559507,0.0587271,0.0554256,0.057338,4479695.934444398,0
ACA.V,D,20241011,000000,0.0572381,0.0600922,0.0569407,0.0596922,3400444.897412693,0
ACA.V,D,20241012,000000,0.0596922,0.0602825,0.0588747,0.0601819,3476424.726555003,0
ACA.V,D,20241013,000000,0.0601819,0.0601819,0.058265,0.0599754,4009965.315036986,0
ACA.V,D,20241014,000000,0.0599754,0.0625906,0.0593751,0.06239,4394149.005041402,0
ACA.V,D,20241015,000000,0.0622907,0.0636815,0.0588847,0.0602843,8347169.205767944,0
ACA.V,D,20241016,000000,0.060085,0.061384,0.0588823,0.0604867,5913279.945506249,0
ACA.V,D,20241017,000000,0.0604873,0.0606903,0.0577809,0.0580797,2497167.5106471097,0
ACA.V,D,20241018,000000,0.0581796,0.059694,0.0578792,0.0590923,3035220.617540997,0
ACA.V,D,20241019,000000,0.0590923,0.0604921,0.0588923,0.0594863,2400836.86442388,0
ACA.V,D,20241020,000000,0.0590864,0.0630804,0.0583766,0.0627793,5179083.423317931,0
ACA.V,D,20241021,000000,0.0629792,0.0646748,0.0599748,0.0625737,9326926.605135005,0
ACA.V,D,20241022,000000,0.0626937,0.063274,0.0600597,0.0618561,5784459.852477002,0
ACA.V,D,20241023,000000,0.0618554,0.0624562,0.0568203,0.0583381,4491277.825423759,0
ACA.V,D,20241024,000000,0.0583375,0.0673575,0.058136,0.0621614,26533424.447511464,0
ACA.V,D,20241025,000000,0.0619616,0.0631551,0.0574566,0.0583947,7882521.00846131,0
ACA.V,D,20241026,000000,0.0584945,0.0584951,0.0538289,0.0547282,4977132.719074279,0
ACA.V,D,20241027,000000,0.0547277,0.0574235,0.0545285,0.0571216,2631574.9894413077,0
ACA.V,D,20241028,000000,0.0572427,0.0582609,0.0552115,0.0580593,2363536.820201248,0
ACA.V,D,20241029,000000,0.0579594,0.0597874,0.057759,0.059281,2857471.9307649615,0
ACA.V,D,20241030,000000,0.0592816,0.0598814,0.058175,0.0590805,2266312.514481002,0
ACA.V,D,20241031,000000,0.0591811,0.0594816,0.0551205,0.055627,3134982.5677560065,0
ACA.V,D,20241101,000000,0.0558257,0.0574626,0.0542506,0.055062,2225527.696359697,0
ACA.V,D,20241102,000000,0.0551619,0.0558743,0.0535845,0.0538844,2233636.3909118334,0
ACA.V,D,20241103,000000,0.0538849,0.0539849,0.0502789,0.0517798,2816213.142069803,0
ACA.V,D,20241104,000000,0.0516793,0.052367,0.0491646,0.0502603,2781539.1843822836,0
ACA.V,D,20241105,000000,0.0501799,0.0526868,0.0500659,0.0515938,2216562.846585202,0
ACA.V,D,20241106,000000,0.0518938,0.0582349,0.0516948,0.0581349,4154383.3620838504,0
ACA.V,D,20241107,000000,0.058435,0.0596286,0.0563253,0.0572286,3786653.7311439468,0
ACA.V,D,20241108,000000,0.0573281,0.0661383,0.0564615,0.0595387,23788368.584658533,0
ACA.V,D,20241109,000000,0.0598389,0.0603181,0.0582175,0.0603175,9423063.358227015,0
ACA.V,D,20241110,000000,0.0603175,0.0654556,0.0595286,0.0623343,15121796.636739364,0
ACA.V,D,20241111,000000,0.0622348,0.0643213,0.0605472,0.063874,7588995.772403711,0
ACA.V,D,20241112,000000,0.063874,0.0659593,0.0590265,0.0640416,11167232.44045113,0
ACA.V,D,20241113,000000,0.0640416,0.0640416,0.0587798,0.0597657,8421994.766308371,0
ACA.V,D,20241114,000000,0.0598652,0.0615314,0.0576109,0.058607,7093921.864527559,0
ACA.V,D,20241115,000000,0.0586064,0.058707,0.0545891,0.0583169,10442760.321919464,0
ACA.V,D,20241116,000000,0.0585176,0.083325,0.0580157,0.0690235,210742392.50372025,0
ACA.V,D,20241117,000000,0.0692242,0.1492,0.0678224,0.0910027,1133577754.8463404,0
ACA.V,D,20241118,000000,0.0908036,0.104921,0.0840992,0.0861775,159655487.07592162,0
ACA.V,D,20241119,000000,0.0857771,0.086846,0.0750818,0.0755951,39946864.14152502,0
ACA.V,D,20241120,000000,0.0755959,0.1055949,0.0755071,0.0842581,284229214.82427806,0
ACA.V,D,20241121,000000,0.0839571,0.0893714,0.0800464,0.0852109,40219897.86647925,0
ACA.V,D,20241122,000000,0.0853802,0.1181003,0.0841774,0.110013,287611839.1577214,0
ACA.V,D,20241123,000000,0.109913,0.110915,0.095788,0.100909,94770608.85929759,0
ACA.V,D,20241124,000000,0.101009,0.114029,0.0922516,0.0985985,45201058.54838746,0
ACA.V,D,20241125,000000,0.0985985,0.106593,0.0958053,0.0996721,39038476.5894706,0
ACA.V,D,20241126,000000,0.0995751,0.10022,0.0880264,0.0921659,15177920.64504843,0
ACA.V,D,20241127,000000,0.0920659,0.0973371,0.0896,0.0958958,12135877.092259645,0
ACA.V,D,20241128,000000,0.0959959,0.112525,0.092437,0.102905,53625926.99591031,0
ACA.V,D,20241129,000000,0.103004,0.109408,0.099708,0.107778,33547512.342433613,0
ACA.V,D,20241130,000000,0.107879,0.109236,0.102439,0.102841,16766048.911410136,0
ACA.V,D,20241201,000000,0.102941,0.107557,0.100152,0.106154,11417010.235047126,0
ACA.V,D,20241202,000000,0.106354,0.107155,0.0920991,0.0982354,18647520.563224982,0
ACA.V,D,20241203,000000,0.0981353,0.106577,0.0957981,0.105777,31947972.54274559,0
ACA.V,D,20241204,000000,0.105969,0.117751,0.103664,0.114961,36465799.224580854,0
ACA.V,D,20241205,000000,0.115155,0.130999,0.105938,0.112734,54204301.35183285,0
ACA.V,D,20241206,000000,0.11262,0.119765,0.110276,0.113963,18437671.11773964,0
ACA.V,D,20241207,000000,0.113861,0.118107,0.110894,0.11448,11344088.069807509,0
ACA.V,D,20241208,000000,0.11458,0.115694,0.106346,0.112463,11812800.27123937,0
ACA.V,D,20241209,000000,0.112463,0.113963,0.089287,0.0963289,13855187.813235743,0
ACA.V,D,20241210,000000,0.0962289,0.1025328,0.0864095,0.0963472,14878737.069901902,0
ACA.V,D,20241211,000000,0.0962481,0.103471,0.0912502,0.10275,7535394.305708021,0
ACA.V,D,20241212,000000,0.102851,0.129726,0.101163,0.120628,106470975.1168509,0
ACA.V,D,20241213,000000,0.121128,0.125314,0.107209,0.109721,81041304.0373477,0
ACA.V,D,20241214,000000,0.109421,0.11172,0.099492,0.10199,15210652.288929079,0
ACA.V,D,20241215,000000,0.10229,0.124468,0.100987,0.115976,65615790.83628452,0
ACA.V,D,20241216,000000,0.116277,0.127334,0.108847,0.109931,57351013.249169946,0
ACA.V,D,20241217,000000,0.109831,0.112085,0.102502,0.10369,16167921.172478804,0
ACA.V,D,20241218,000000,0.103191,0.105992,0.0957435,0.0961606,12085721.988556549,0
ACA.V,D,20241219,000000,0.0959616,0.106348,0.086774,0.0923076,18530260.295977123,0
ACA.V,D,20241220,000000,0.092117,0.0938769,0.0779821,0.0919384,9807099.756323237,0
ACA.V,D,20241221,000000,0.0917422,0.096052,0.0857485,0.0868496,8743838.866035994,0
ACA.V,D,20241222,000000,0.0869478,0.0921355,0.085505,0.0877998,6058273.8563141655,0
ACA.V,D,20241223,000000,0.0882948,0.0932618,0.0855307,0.092278,7420182.90743893,0
ACA.V,D,20241224,000000,0.0922762,0.1007093,0.0889726,0.0969263,21253997.30140012,0
ACA.V,D,20241225,000000,0.0969253,0.1006134,0.0946252,0.0964132,10099405.097994592,0
ACA.V,D,20241226,000000,0.096514,0.0977247,0.0877069,0.0893043,7309626.29461682,0
ACA.V,D,20241227,000000,0.0894007,0.114638,0.0876911,0.106644,103712995.64394428,0
ACA.V,D,20241228,000000,0.106644,0.125687,0.100036,0.109792,158377222.10327372,0
ACA.V,D,20241229,000000,0.109494,0.114101,0.099995,0.101601,24358561.995926276,0
ACA.V,D,20241230,000000,0.101702,0.122272,0.101301,0.109801,89989647.39552517,0
ACA.V,D,20241231,000000,0.109701,0.111771,0.103245,0.105104,28968242.95874604,0
ACA.V,D,20250101,000000,0.105304,0.111278,0.103796,0.107376,22625144.460962433,0
ACA.V,D,20250102,000000,0.107375,0.112508,0.105992,0.10739,15488008.121201882,0
ACA.V,D,20250103,000000,0.10729,0.112235,0.10501,0.110259,12900959.550481247,0
ACA.V,D,20250104,000000,0.110258,0.112146,0.106586,0.108079,6494582.267595934,0
ACA.V,D,20250105,000000,0.107978,0.109969,0.106669,0.108674,4364181.333248813,0
ACA.V,D,20250106,000000,0.108564,0.11027,0.106577,0.10823,5913324.460034635,0
ACA.V,D,20250107,000000,0.108131,0.108243,0.0950705,0.0962856,9551375.501368675,0
ACA.V,D,20250108,000000,0.0961856,0.0967806,0.0852539,0.0897731,9914319.854346737,0
ACA.V,D,20250109,000000,0.0895749,0.0935476,0.0834791,0.0870956,6601525.532389813,0
ACA.V,D,20250110,000000,0.0867939,0.0911909,0.084883,0.0873808,6434372.056979562,0
ACA.V,D,20250111,000000,0.0874816,0.0902729,0.0857356,0.0879578,5239031.421591039,0
ACA.V,D,20250112,000000,0.0879586,0.0898542,0.0850481,0.0850481,5291003.1394899925,0
ACA.V,D,20250113,000000,0.0851489,0.0879437,0.0750399,0.0819656,11638711.139384009,0
ACA.V,D,20250114,000000,0.0820655,0.0858759,0.0811635,0.0856657,7555489.753650087,0
ACA.V,D,20250115,000000,0.085664,0.0889293,0.0801639,0.0883035,7845698.634469793,0
ACA.V,D,20250116,000000,0.0884035,0.089008,0.0836707,0.0860793,3950230.0395216523,0
ACA.V,D,20250117,000000,0.0860793,0.1027794,0.0855837,0.0961308,35356100.766663186,0
ACA.V,D,20250118,000000,0.0958307,0.0967309,0.0850149,0.0857219,9060638.229489706,0
ACA.V,D,20250119,000000,0.0858218,0.0907019,0.0783736,0.0791137,10984059.918165341,0
ACA.V,D,20250120,000000,0.0786079,0.078887,0.0695088,0.076104,10654344.326919893,0
ACA.V,D,20250121,000000,0.0757121,0.0782961,0.0700075,0.0767115,7536816.529073575,0
ACA.V,D,20250122,000000,0.0765199,0.0960769,0.074591,0.0913781,12841655.633448541,0
ACA.V,D,20250123,000000,0.091778,0.0938775,0.074915,0.0770169,30088669.14330587,0
ACA.V,D,20250124,000000,0.077317,0.0808048,0.075094,0.0755038,6220655.155377999,0
ACA.V,D,20250125,000000,0.0755053,0.0763847,0.0738963,0.0754864,3868832.151899018,0
ACA.V,D,20250126,000000,0.0759856,0.0788795,0.074788,0.074788,4046892.4353018943,0
ACA.V,D,20250127,000000,0.0743888,0.0838539,0.0664561,0.0787803,13859713.691411402,0
ACA.V,D,20250128,000000,0.0788803,0.0807879,0.0687601,0.0699545,5328616.418601445,0
ACA.V,D,20250129,000000,0.0698539,0.0820745,0.0690641,0.074197,21920919.188058984,0
ACA.V,D,20250130,000000,0.0739985,0.0777984,0.0735985,0.0750067,5504763.93626424,0
ACA.V,D,20250131,000000,0.0752075,0.0771093,0.073267,0.0747783,3528575.8007018436,0
ACA.V,D,20250201,000000,0.0746783,0.0793786,0.0702831,0.0704831,8088603.271544332,0
ACA.V,D,20250202,000000,0.0702831,0.0796697,0.060503,0.0627812,33965444.872740366,0
ACA.V,D,20250203,000000,0.0629811,0.0651716,0.0491757,0.064064,6697109.994178102,0
ACA.V,D,20250204,000000,0.0638721,0.0641724,0.0572463,0.0591295,4597041.672985224,0
ACA.V,D,20250205,000000,0.059129,0.0607121,0.0575052,0.057804,2779346.862617913,0
ACA.V,D,20250206,000000,0.0580029,0.0627138,0.0541108,0.0556039,5391330.201894478,0
ACA.V,D,20250207,000000,0.0558039,0.0592225,0.0535032,0.0543016,2512699.0719737695,0
ACA.V,D,20250208,000000,0.0542022,0.0582988,0.0542022,0.0577046,3813186.591070005,0
ACA.V,D,20250209,000000,0.0578046,0.0594059,0.0536086,0.0555067,2965515.17743,0
ACA.V,D,20250210,000000,0.0554066,0.0586117,0.0538108,0.0565085,2891311.8170636557,0
ACA.V,D,20250211,000000,0.0565102,0.0597078,0.0556894,0.0559938,3677014.1992589943,0
ACA.V,D,20250212,000000,0.0561933,0.0633,0.0537989,0.0607042,10223141.366750594,0
ACA.V,D,20250213,000000,0.0609043,0.0613061,0.0567017,0.0575006,4244351.431670801,0
ACA.V,D,20250214,000000,0.0576012,0.0602132,0.0574052,0.0585099,3697472.0839094524,0
ACA.V,D,20250215,000000,0.0588094,0.0593059,0.0567051,0.0567051,2254186.6589297964,0
