<TICKER>,<PER>,<DATE>,<TIME>,<OPEN>,<HIGH>,<LOW>,<CLOSE>,<VOL>,<OPENINT>
ALICE.V,D,20220517,000000,2.83631,3.15621,2.82604,3.12624,3975163.7813802143,0
ALICE.V,D,20220518,000000,3.13592,3.30603,2.9162,2.9961,6657238.920051937,0
ALICE.V,D,20220519,000000,3.00579,3.12718,2.71728,3.01698,4430797.581385452,0
ALICE.V,D,20220520,000000,3.01728,3.1175,2.75641,2.83659,3377127.64598528,0
ALICE.V,D,20220521,000000,2.83631,3.04603,2.78637,2.93618,2839372.0766641353,0
ALICE.V,D,20220522,000000,2.93618,3.18585,2.88624,3.00639,17921588.912050657,0
ALICE.V,D,20220523,000000,3.00639,3.17682,2.90651,2.94646,10848118.875776764,0
ALICE.V,D,20220524,000000,2.94646,2.96673,2.72672,2.92619,2753014.0028826892,0
ALICE.V,D,20220525,000000,2.91591,2.9964,2.8169,2.9068,3367907.342213854,0
ALICE.V,D,20220526,000000,2.90651,2.94676,2.46704,2.65734,5766294.467968242,0
ALICE.V,D,20220527,000000,2.65707,2.68731,2.43732,2.53721,4532968.076531471,0
ALICE.V,D,20220528,000000,2.51713,2.69711,2.48661,2.66688,2808646.894470459,0
ALICE.V,D,20220529,000000,2.65683,2.89698,2.60736,2.88679,2023798.4453771603,0
ALICE.V,D,20220530,000000,2.89678,3.27639,2.86696,3.11451,7195815.491349443,0
ALICE.V,D,20220531,000000,3.1338,3.32534,2.95493,3.1205,6415834.2486371305,0
ALICE.V,D,20220601,000000,3.1275,3.23863,2.73798,2.79248,3529029.244604878,0
ALICE.V,D,20220602,000000,2.79246,2.89739,2.75724,2.84344,4548122.796224755,0
ALICE.V,D,20220603,000000,2.84743,2.90638,2.6519,2.83653,4509129.834017347,0
ALICE.V,D,20220604,000000,2.83753,3.02543,2.75713,2.96574,6367264.677691358,0
ALICE.V,D,20220605,000000,2.96774,2.98934,2.78763,2.84235,4086593.980243915,0
ALICE.V,D,20220606,000000,2.84732,3.01849,2.78863,2.88055,8054328.117514309,0
ALICE.V,D,20220607,000000,2.87258,2.88757,2.6158,2.79571,6631018.757292038,0
ALICE.V,D,20220608,000000,2.79773,2.9641,2.66227,2.84515,7324932.051680727,0
ALICE.V,D,20220609,000000,2.84615,2.99578,2.75593,2.88657,4804261.169072578,0
ALICE.V,D,20220610,000000,2.88657,2.90059,2.63226,2.69255,6964318.417670589,0
ALICE.V,D,20220611,000000,2.69357,2.71412,2.3331,2.43325,5219537.29057958,0
ALICE.V,D,20220612,000000,2.43422,2.46122,2.15396,2.27819,5793873.057502218,0
ALICE.V,D,20220613,000000,2.27819,2.27819,1.91196,2.05314,19441304.40595668,0
ALICE.V,D,20220614,000000,2.05714,2.18767,1.89917,1.97862,19866778.746654905,0
ALICE.V,D,20220615,000000,1.97663,2.44606,1.84369,2.37543,17524224.625050507,0
ALICE.V,D,20220616,000000,2.38542,2.40439,1.88174,2.0004,5591970.8615831705,0
ALICE.V,D,20220617,000000,1.98723,2.10904,1.95825,2.05753,12656202.15458,0
ALICE.V,D,20220618,000000,2.069,2.07642,1.84658,1.97979,9631491.198095525,0
ALICE.V,D,20220619,000000,1.97979,2.20369,1.97478,2.16718,6968205.812755519,0
ALICE.V,D,20220620,000000,2.16918,2.36264,2.08429,2.14963,3286018.3662698264,0
ALICE.V,D,20220621,000000,2.14763,2.47502,2.12844,2.32044,3990603.5865464387,0
ALICE.V,D,20220622,000000,2.31645,2.36064,2.14064,2.28371,3260819.252216938,0
ALICE.V,D,20220623,000000,2.28371,2.75324,2.28349,2.66034,4262517.42048474,0
ALICE.V,D,20220624,000000,2.66107,2.77322,2.5837,2.68688,3439918.229561026,0
ALICE.V,D,20220625,000000,2.68931,2.859,2.57422,2.79504,3007307.361626837,0
ALICE.V,D,20220626,000000,2.79904,2.92204,2.66038,2.72534,3290578.056730652,0
ALICE.V,D,20220627,000000,2.72534,2.75723,2.54765,2.57371,2065404.1869877148,0
ALICE.V,D,20220628,000000,2.57473,2.70777,2.47897,2.69468,2091153.9388570595,0
ALICE.V,D,20220629,000000,2.68866,2.81467,2.57859,2.64579,3197793.900215348,0
ALICE.V,D,20220630,000000,2.64879,2.66377,2.1702,2.22633,3804624.7109102556,0
ALICE.V,D,20220701,000000,2.23032,2.36563,2.20513,2.24453,1801957.969472846,0
ALICE.V,D,20220702,000000,2.23953,2.26251,2.13444,2.22133,1164596.96054395,0
ALICE.V,D,20220703,000000,2.22533,2.25629,2.14599,2.22011,1820074.327119117,0
ALICE.V,D,20220704,000000,2.22927,2.34175,2.17427,2.30623,1071495.0226614752,0
ALICE.V,D,20220705,000000,2.30223,2.34618,2.16262,2.25751,1388687.7999888558,0
ALICE.V,D,20220706,000000,2.25652,2.31245,2.18637,2.29647,1152963.8382740493,0
ALICE.V,D,20220707,000000,2.29647,2.48726,2.28748,2.41555,2196960.0548148393,0
ALICE.V,D,20220708,000000,2.41555,2.47027,2.28563,2.36058,1380726.4209649093,0
ALICE.V,D,20220709,000000,2.35858,2.42554,2.33836,2.39956,845134.577306945,0
ALICE.V,D,20220710,000000,2.39732,2.41255,2.21867,2.23966,649006.1729913601,0
ALICE.V,D,20220711,000000,2.24265,2.24265,2.11709,2.11809,928952.7692799132,0
ALICE.V,D,20220712,000000,2.12151,2.12151,2.01678,2.02997,1362770.0695234814,0
ALICE.V,D,20220713,000000,2.03005,2.11189,1.92987,2.08113,2235896.1312276535,0
ALICE.V,D,20220714,000000,2.08113,2.20767,2.02638,2.15071,2630015.5192849664,0
ALICE.V,D,20220715,000000,2.15171,2.26764,2.14771,2.22133,2419560.093296261,0
ALICE.V,D,20220716,000000,2.22133,2.27954,2.13636,2.21434,1801113.2656698276,0
ALICE.V,D,20220717,000000,2.2174,2.30442,2.18458,2.22342,2372251.276409238,0
ALICE.V,D,20220718,000000,2.2234,2.35595,2.16831,2.28447,3177881.5670172926,0
ALICE.V,D,20220719,000000,2.28431,2.4844,2.28045,2.4764,3967530.876516093,0
ALICE.V,D,20220720,000000,2.476,2.74225,2.41014,2.50613,7194008.531311844,0
ALICE.V,D,20220721,000000,2.50615,2.53969,2.3283,2.52563,4098202.0638382887,0
ALICE.V,D,20220722,000000,2.52461,2.58213,2.35145,2.38252,3210512.4191725138,0
ALICE.V,D,20220723,000000,2.382,2.46593,2.292,2.32544,2949254.120073401,0
ALICE.V,D,20220724,000000,2.32623,2.43802,2.32544,2.42046,2557528.607317848,0
ALICE.V,D,20220725,000000,2.41946,2.43849,2.20424,2.24418,2549422.016493231,0
ALICE.V,D,20220726,000000,2.2442,2.24734,2.08902,2.13532,2099798.568075318,0
ALICE.V,D,20220727,000000,2.134,2.43654,2.134,2.43258,4012203.8668286623,0
ALICE.V,D,20220728,000000,2.43158,2.93038,2.42761,2.77856,15463052.540182915,0
ALICE.V,D,20220729,000000,2.78058,3.03764,2.69778,2.87118,8960892.667393794,0
ALICE.V,D,20220730,000000,2.86117,3.1351,2.79303,2.946,6970326.346745328,0
ALICE.V,D,20220731,000000,2.947,3.26465,2.79581,2.92467,8450993.8961059,0
ALICE.V,D,20220801,000000,2.92188,2.97474,2.82173,2.88384,4503758.23849847,0
ALICE.V,D,20220802,000000,2.88286,2.96416,2.63679,2.75247,4453567.552425393,0
ALICE.V,D,20220803,000000,2.75355,2.83745,2.61865,2.76569,2609523.4056197586,0
ALICE.V,D,20220804,000000,2.76564,2.82942,2.67756,2.68308,2766355.5064849346,0
ALICE.V,D,20220805,000000,2.68208,2.86457,2.67708,2.81453,2466907.8287065453,0
ALICE.V,D,20220806,000000,2.81353,2.85711,2.75141,2.79461,1555538.5890251864,0
ALICE.V,D,20220807,000000,2.79461,2.82654,2.68364,2.81754,1657762.5587764306,0
ALICE.V,D,20220808,000000,2.81754,2.95159,2.77947,2.90335,4105157.787061062,0
ALICE.V,D,20220809,000000,2.90035,3.04324,2.68459,2.76555,4326764.397769595,0
ALICE.V,D,20220810,000000,2.76455,2.87524,2.66675,2.84482,2455320.5119939097,0
ALICE.V,D,20220811,000000,2.84585,3.00738,2.83479,2.90536,3175265.785621071,0
ALICE.V,D,20220812,000000,2.90136,2.98749,2.7974,2.90734,3241938.3314577225,0
ALICE.V,D,20220813,000000,2.90934,2.96978,2.85328,2.89213,2975323.938020861,0
ALICE.V,D,20220814,000000,2.89313,2.98219,2.75071,2.77386,2562445.149213808,0
ALICE.V,D,20220815,000000,2.77183,2.85471,2.6987,2.74666,1889156.6862122286,0
ALICE.V,D,20220816,000000,2.74869,2.80736,2.67943,2.74825,2352060.3503358914,0
ALICE.V,D,20220817,000000,2.75025,2.82034,2.51913,2.53318,2485581.39115813,0
ALICE.V,D,20220818,000000,2.53218,2.59616,2.5042,2.55305,1990301.3485139161,0
ALICE.V,D,20220819,000000,2.55025,2.55526,2.13521,2.13821,3659378.437149795,0
ALICE.V,D,20220820,000000,2.14311,2.24627,2.07194,2.14296,2251575.5463689137,0
ALICE.V,D,20220821,000000,2.14296,2.25593,2.13194,2.22596,1793245.3502781163,0
ALICE.V,D,20220822,000000,2.22496,2.24109,2.08685,2.14064,1848765.0447262758,0
ALICE.V,D,20220823,000000,2.13968,2.25716,2.13498,2.23304,2064957.8771123532,0
ALICE.V,D,20220824,000000,2.23478,2.34898,2.18402,2.29821,2489524.3338578963,0
ALICE.V,D,20220825,000000,2.30118,2.35179,2.23722,2.28507,1916292.677177721,0
ALICE.V,D,20220826,000000,2.28607,2.31032,2.078,2.11221,2379784.8279459486,0
ALICE.V,D,20220827,000000,2.11121,2.11421,1.987,2.00106,2086431.8467978486,0
ALICE.V,D,20220828,000000,1.99906,2.06008,1.99186,2.02098,1341770.232645395,0
ALICE.V,D,20220829,000000,2.04,2.07617,1.91006,2.06714,1938691.1324482597,0
ALICE.V,D,20220830,000000,2.06817,2.11915,1.97622,2.03218,1901046.77885631,0
ALICE.V,D,20220831,000000,2.03316,2.108,2.01004,2.048,1642733.3766883616,0
ALICE.V,D,20220901,000000,2.04798,2.05402,1.95506,2.03788,1357062.3047777424,0
ALICE.V,D,20220902,000000,2.04188,2.10523,1.99614,2.0263,2079310.4096769255,0
ALICE.V,D,20220903,000000,2.02632,2.05121,2.011,2.035,1107659.473708701,0
ALICE.V,D,20220904,000000,2.06,2.131,2.03,2.12,1248980.3148656203,0
ALICE.V,D,20220905,000000,2.12,2.145,2.067,2.10921,1160300.5768724456,0
ALICE.V,D,20220906,000000,2.10721,2.17922,1.94681,1.966,1976624.8428472339,0
ALICE.V,D,20220907,000000,1.966,2.06223,1.89494,2.04514,1774817.025635985,0
ALICE.V,D,20220908,000000,2.04714,2.08608,2.00918,2.06931,1572930.6145981422,0
ALICE.V,D,20220909,000000,2.071,2.21742,2.06423,2.17374,1598434.1411334828,0
ALICE.V,D,20220910,000000,2.1728,2.24087,2.16282,2.20142,2256421.647352643,0
ALICE.V,D,20220911,000000,2.20144,2.23667,2.15252,2.16054,1717149.02289939,0
ALICE.V,D,20220912,000000,2.16052,2.24743,2.15337,2.16939,2124547.3187350766,0
ALICE.V,D,20220913,000000,2.16839,2.17948,2.02116,2.04804,2630142.649753277,0
ALICE.V,D,20220914,000000,2.04804,2.06412,1.96902,2.03651,1642140.6712739791,0
ALICE.V,D,20220915,000000,2.03651,2.04247,1.94058,1.9758,1898453.5495856018,0
ALICE.V,D,20220916,000000,1.97486,2.006,1.93683,1.9868,1863329.565079905,0
ALICE.V,D,20220917,000000,1.9878,2.0382,1.9838,2.015,1083003.829316624,0
ALICE.V,D,20220918,000000,2.015,2.06021,1.72983,1.823,1997954.954480814,0
ALICE.V,D,20220919,000000,1.818,1.84437,1.74817,1.83218,2634602.2909269943,0
ALICE.V,D,20220920,000000,1.83218,1.85018,1.76935,1.78618,2303932.0971740517,0
ALICE.V,D,20220921,000000,1.78302,1.832,1.676,1.694,3313885.601283735,0
ALICE.V,D,20220922,000000,1.691,1.796,1.66117,1.772,2230018.0229983903,0
ALICE.V,D,20220923,000000,1.77418,1.827,1.71383,1.77582,2453840.202124534,0
ALICE.V,D,20220924,000000,1.77688,1.79693,1.74516,1.74914,1610091.8285290857,0
ALICE.V,D,20220925,000000,1.747,1.75811,1.68205,1.683,1220086.982426245,0
ALICE.V,D,20220926,000000,1.684,1.72,1.641,1.702,2350194.646424467,0
ALICE.V,D,20220927,000000,1.702,1.785,1.664,1.67883,2025869.146883714,0
ALICE.V,D,20220928,000000,1.678,1.709,1.60384,1.705,1958900.4306179336,0
ALICE.V,D,20220929,000000,1.706,1.722,1.651,1.69517,2390881.8127531842,0
ALICE.V,D,20220930,000000,1.696,1.754,1.694,1.696,1992549.1689857661,0
ALICE.V,D,20221001,000000,1.69617,1.72617,1.686,1.715,916971.8657346579,0
ALICE.V,D,20221002,000000,1.715,1.719,1.66117,1.689,931638.2962902653,0
ALICE.V,D,20221003,000000,1.68917,1.78618,1.639,1.75818,2131324.717665893,0
ALICE.V,D,20221004,000000,1.75918,1.79936,1.74752,1.77253,1773697.0542478103,0
ALICE.V,D,20221005,000000,1.77253,1.78554,1.719,1.75218,1341182.6339204207,0
ALICE.V,D,20221006,000000,1.75235,1.78134,1.72429,1.72429,1463200.1815592675,0
ALICE.V,D,20221007,000000,1.72131,1.74031,1.69503,1.72224,1116683.311695224,0
ALICE.V,D,20221008,000000,1.72121,1.73624,1.70043,1.70343,843406.8900141958,0
ALICE.V,D,20221009,000000,1.70244,1.74517,1.69932,1.73235,697206.2989838113,0
ALICE.V,D,20221010,000000,1.73035,1.75035,1.65983,1.68983,1108267.410503913,0
ALICE.V,D,20221011,000000,1.68,1.7,1.538,1.57586,3755619.0574518796,0
ALICE.V,D,20221012,000000,1.57584,1.6039,1.55098,1.57005,929578.8962529881,0
ALICE.V,D,20221013,000000,1.57003,1.59,1.40194,1.55012,3455825.6847140524,0
ALICE.V,D,20221014,000000,1.54914,1.59211,1.50502,1.50806,1813805.2364629058,0
ALICE.V,D,20221015,000000,1.50805,1.56606,1.50705,1.54508,896826.8045125226,0
ALICE.V,D,20221016,000000,1.54,1.59198,1.52809,1.55906,1204281.8816117123,0
ALICE.V,D,20221017,000000,1.55808,1.60114,1.54902,1.59403,1032780.2694937377,0
ALICE.V,D,20221018,000000,1.59605,1.62505,1.54002,1.56808,2230091.9641227927,0
ALICE.V,D,20221019,000000,1.56816,1.57614,1.52602,1.537,1111778.1675881674,0
ALICE.V,D,20221020,000000,1.53598,1.53598,1.46794,1.4889,1673536.491235835,0
ALICE.V,D,20221021,000000,1.48785,1.49912,1.42797,1.49312,1316348.6355206002,0
ALICE.V,D,20221022,000000,1.49312,1.51303,1.4791,1.49913,766292.2795984577,0
ALICE.V,D,20221023,000000,1.48012,1.52815,1.45015,1.50019,917819.6911004254,0
ALICE.V,D,20221024,000000,1.51917,1.53512,1.4841,1.50106,1173196.5403755237,0
ALICE.V,D,20221025,000000,1.50106,1.60855,1.49103,1.57353,1965157.7846743488,0
ALICE.V,D,20221026,000000,1.57353,1.62155,1.55642,1.60647,2086426.5185947926,0
ALICE.V,D,20221027,000000,1.60445,1.67232,1.59298,1.6221,2201615.634662126,0
ALICE.V,D,20221028,000000,1.6211,1.69634,1.58013,1.69134,1997863.3810633707,0
ALICE.V,D,20221029,000000,1.6913,1.75063,1.65248,1.71741,2483670.4903100487,0
ALICE.V,D,20221030,000000,1.71541,1.88634,1.67832,1.70434,5727677.646803756,0
ALICE.V,D,20221031,000000,1.70534,1.73233,1.66035,1.7109,2695094.5617595846,0
ALICE.V,D,20221101,000000,1.7119,1.72953,1.65075,1.65783,763819.5201828845,0
ALICE.V,D,20221102,000000,1.65882,1.66565,1.54694,1.56491,1844385.2365363142,0
ALICE.V,D,20221103,000000,1.56491,1.7379,1.56291,1.69298,2412815.7370806662,0
ALICE.V,D,20221104,000000,1.693,1.81515,1.684,1.80514,2688939.0717519196,0
ALICE.V,D,20221105,000000,1.80414,1.94312,1.79116,1.83509,4168268.260534323,0
ALICE.V,D,20221106,000000,1.83611,1.84593,1.74019,1.75214,2234640.407580104,0
ALICE.V,D,20221107,000000,1.74814,1.76614,1.68715,1.71021,1797288.6324070552,0
ALICE.V,D,20221108,000000,1.71451,1.76953,1.29869,1.41022,5031195.328791181,0
ALICE.V,D,20221109,000000,1.40621,1.46025,1.04745,1.07302,5068054.943129879,0
ALICE.V,D,20221110,000000,1.06859,1.38081,1.05097,1.27433,3287812.5926967002,0
ALICE.V,D,20221111,000000,1.27207,1.4424,1.15503,1.19631,3482613.6998351803,0
ALICE.V,D,20221112,000000,1.19548,1.22159,1.11499,1.14793,2470629.341174379,0
ALICE.V,D,20221113,000000,1.14793,1.21678,1.09835,1.15937,2744967.978782244,0
ALICE.V,D,20221114,000000,1.15838,1.21642,1.08537,1.18734,2102470.1998475953,0
ALICE.V,D,20221115,000000,1.18616,1.25374,1.17935,1.21179,1221249.7842799006,0
ALICE.V,D,20221116,000000,1.21552,1.25492,1.15882,1.18789,1182349.003898683,0
ALICE.V,D,20221117,000000,1.18892,1.20099,1.16094,1.19307,967672.163856114,0
ALICE.V,D,20221118,000000,1.19207,1.20605,1.16871,1.18963,696812.9305156271,0
ALICE.V,D,20221119,000000,1.19063,1.22767,1.16775,1.21972,926121.293256035,0
ALICE.V,D,20221120,000000,1.21973,1.26535,1.13775,1.14727,2164622.089055296,0
ALICE.V,D,20221121,000000,1.14727,1.15025,1.07788,1.11166,1595642.8316709592,0
ALICE.V,D,20221122,000000,1.11166,1.16448,1.08369,1.16358,1076040.2006083878,0
ALICE.V,D,20221123,000000,1.16358,1.25356,1.16051,1.21866,1380600.4987481094,0
ALICE.V,D,20221124,000000,1.22265,1.267,1.20294,1.23596,1318892.8210327474,0
ALICE.V,D,20221125,000000,1.23695,1.28215,1.19218,1.2263,1596462.5632811035,0
ALICE.V,D,20221126,000000,1.2293,1.26825,1.22127,1.22827,989146.4695233882,0
ALICE.V,D,20221127,000000,1.22728,1.29119,1.22728,1.27518,1230103.268058293,0
ALICE.V,D,20221128,000000,1.27349,1.27349,1.18735,1.23553,1237177.9824157394,0
ALICE.V,D,20221129,000000,1.23553,1.27548,1.22049,1.22954,3900363.5559485466,0
ALICE.V,D,20221130,000000,1.23154,1.34397,1.2246,1.31708,2441428.0296453745,0
ALICE.V,D,20221201,000000,1.31504,1.33008,1.28209,1.32708,1213956.403538154,0
ALICE.V,D,20221202,000000,1.32707,1.38025,1.31311,1.35108,2554961.799829384,0
ALICE.V,D,20221203,000000,1.35108,1.36612,1.30813,1.31513,931536.0204964845,0
ALICE.V,D,20221204,000000,1.31413,1.37014,1.31013,1.35514,4595796.533517731,0
ALICE.V,D,20221205,000000,1.35527,1.39015,1.32516,1.37204,2594254.569145877,0
ALICE.V,D,20221206,000000,1.37304,1.39403,1.32011,1.33697,2814249.8892297978,0
ALICE.V,D,20221207,000000,1.33797,1.35399,1.26495,1.273,1317815.9683938178,0
ALICE.V,D,20221208,000000,1.272,1.31228,1.26799,1.30809,545625.8241159287,0
ALICE.V,D,20221209,000000,1.3101,1.34007,1.28005,1.30004,720556.5410097656,0
ALICE.V,D,20221210,000000,1.31005,1.34005,1.29995,1.31997,609425.2428855596,0
ALICE.V,D,20221211,000000,1.30999,1.34007,1.26013,1.27013,298473.67997626547,0
ALICE.V,D,20221212,000000,1.27025,1.30026,1.21999,1.26011,983172.0246397078,0
ALICE.V,D,20221213,000000,1.26211,1.27896,1.19731,1.27569,1445646.0586749963,0
ALICE.V,D,20221214,000000,1.2766,1.36977,1.27659,1.29809,2413503.46786656,0
ALICE.V,D,20221215,000000,1.298,1.29813,1.24712,1.26413,800522.3850634622,0
ALICE.V,D,20221216,000000,1.26625,1.28313,1.08111,1.11411,1037068.3448372184,0
ALICE.V,D,20221217,000000,1.11411,1.12917,1.06006,1.12015,782525.9323642579,0
ALICE.V,D,20221218,000000,1.12011,1.12914,1.1021,1.11915,500324.08484395663,0
ALICE.V,D,20221219,000000,1.118,1.136,1.05,1.061,764706.0931775967,0
ALICE.V,D,20221220,000000,1.063,1.12398,1.05799,1.10904,460430.0728138705,0
ALICE.V,D,20221221,000000,1.11006,1.13002,1.06999,1.08005,531807.2442125699,0
ALICE.V,D,20221222,000000,1.08005,1.11,1.05988,1.08981,566734.785072869,0
ALICE.V,D,20221223,000000,1.08983,1.11988,1.07984,1.09989,506427.1627049926,0
ALICE.V,D,20221224,000000,1.10988,1.10994,1.09986,1.09992,319614.0206538811,0
ALICE.V,D,20221225,000000,1.08297,1.08297,1.04985,1.06986,415206.3140242954,0
ALICE.V,D,20221226,000000,1.06987,1.08992,1.06987,1.08978,349484.09667477116,0
ALICE.V,D,20221227,000000,1.08978,1.0998,1.05951,1.08957,494423.9480205671,0
ALICE.V,D,20221228,000000,1.08957,1.09955,0.99967,1.04943,864912.4430192371,0
ALICE.V,D,20221229,000000,1.04944,1.0696,1.02953,1.03953,560253.4902303639,0
ALICE.V,D,20221230,000000,1.02955,1.04954,0.9996,1.04417,817678.4704635483,0
ALICE.V,D,20221231,000000,1.04407,1.07437,1.03698,1.05407,1517174.334843744,0
ALICE.V,D,20230101,000000,1.05356,1.06411,1.04918,1.05931,706002.7579166212,0
ALICE.V,D,20230102,000000,1.06011,1.11026,1.04417,1.09515,943590.3811170089,0
ALICE.V,D,20230103,000000,1.09574,1.10803,1.07666,1.08918,1029993.3886125385,0
ALICE.V,D,20230104,000000,1.08908,1.12785,1.06426,1.10973,999577.2784239799,0
ALICE.V,D,20230105,000000,1.10963,1.15627,1.10436,1.12161,1441146.786250732,0
ALICE.V,D,20230106,000000,1.12136,1.13905,1.08279,1.13635,988988.9159077619,0
ALICE.V,D,20230107,000000,1.13654,1.17166,1.12401,1.12693,917920.791244604,0
ALICE.V,D,20230108,000000,1.12706,1.19954,1.10892,1.18702,1062828.90072211,0
ALICE.V,D,20230109,000000,1.18696,1.26556,1.18425,1.23009,1468692.5424453332,0
ALICE.V,D,20230110,000000,1.2301,1.27053,1.19515,1.24237,1247382.1470958954,0
ALICE.V,D,20230111,000000,1.24229,1.25363,1.1996,1.24088,911944.333070439,0
ALICE.V,D,20230112,000000,1.2405,1.29922,1.22628,1.29213,1276716.8204747436,0
ALICE.V,D,20230113,000000,1.29313,1.56009,1.27387,1.45313,6423982.602674357,0
ALICE.V,D,20230114,000000,1.45613,1.54229,1.39829,1.46107,5028444.810866407,0
ALICE.V,D,20230115,000000,1.46107,1.57347,1.40918,1.51944,3912056.296712534,0
ALICE.V,D,20230116,000000,1.52044,1.55961,1.43509,1.50102,2864689.1183609404,0
ALICE.V,D,20230117,000000,1.50102,1.612,1.46112,1.48716,3391046.09462643,0
ALICE.V,D,20230118,000000,1.48816,1.51415,1.33591,1.38893,2618634.310100014,0
ALICE.V,D,20230119,000000,1.38793,1.41499,1.35186,1.40094,972400.3226267945,0
ALICE.V,D,20230120,000000,1.4021,1.51826,1.37099,1.50726,1319490.6998215863,0
ALICE.V,D,20230121,000000,1.50726,1.58846,1.50627,1.52924,1811576.9857619242,0
ALICE.V,D,20230122,000000,1.52123,1.66432,1.50224,1.57732,3898968.6793492613,0
ALICE.V,D,20230123,000000,1.57732,1.74224,1.5723,1.62824,4239775.351669563,0
ALICE.V,D,20230124,000000,1.63223,1.67702,1.49022,1.52203,1867144.1150098604,0
ALICE.V,D,20230125,000000,1.52103,1.62331,1.46822,1.58025,1895195.517490122,0
ALICE.V,D,20230126,000000,1.58027,1.67022,1.57827,1.63716,2567723.6083112406,0
ALICE.V,D,20230127,000000,1.63513,1.73717,1.58411,1.69483,3427027.146760748,0
ALICE.V,D,20230128,000000,1.69564,1.87141,1.69459,1.71434,3948181.336883758,0
ALICE.V,D,20230129,000000,1.71534,2.07837,1.68337,1.9301,14078448.10101566,0
ALICE.V,D,20230130,000000,1.92908,2.00312,1.75518,1.79913,6189343.544864579,0
ALICE.V,D,20230131,000000,1.79813,1.81705,1.7479,1.79516,2279907.8585029272,0
ALICE.V,D,20230201,000000,1.79616,1.86007,1.671,1.85311,2080368.2524396551,0
ALICE.V,D,20230202,000000,1.85609,1.94729,1.79011,1.80936,2537205.6705017746,0
ALICE.V,D,20230203,000000,1.81136,1.90029,1.77332,1.86815,1681903.384234651,0
ALICE.V,D,20230204,000000,1.86915,1.90113,1.82813,1.88917,950403.0093360981,0
ALICE.V,D,20230205,000000,1.88915,1.91644,1.73849,1.78045,1780319.4602141215,0
ALICE.V,D,20230206,000000,1.77446,1.82305,1.74333,1.78207,1191441.1414676558,0
ALICE.V,D,20230207,000000,1.78307,2.10015,1.73616,2.09815,3748066.6525357836,0
ALICE.V,D,20230208,000000,2.09815,2.22102,1.98302,2.01814,6455702.79673958,0
ALICE.V,D,20230209,000000,2.01716,2.0899,1.65938,1.69217,1847575.8344119536,0
ALICE.V,D,20230210,000000,1.69117,1.74914,1.64238,1.69225,2327738.8907953324,0
ALICE.V,D,20230211,000000,1.69325,1.75518,1.67623,1.75016,1067872.3315634478,0
ALICE.V,D,20230212,000000,1.75035,1.80809,1.70524,1.74214,1375394.3529256654,0
ALICE.V,D,20230213,000000,1.74117,1.75249,1.60315,1.64689,2229122.295919999,0
ALICE.V,D,20230214,000000,1.6459,1.7848,1.64482,1.77762,1665160.6748443411,0
ALICE.V,D,20230215,000000,1.77771,1.92931,1.74463,1.91536,1966930.625118402,0
ALICE.V,D,20230216,000000,1.91634,1.98032,1.80358,1.80361,1993062.4090783582,0
ALICE.V,D,20230217,000000,1.80361,1.95627,1.78811,1.94618,1863903.9914028484,0
ALICE.V,D,20230218,000000,1.94319,2.00938,1.93114,1.96333,900061.7069874009,0
ALICE.V,D,20230219,000000,1.96431,2.01638,1.87753,1.92942,1223804.2653749012,0
ALICE.V,D,20230220,000000,1.92942,2.06923,1.86456,2.05108,1967615.2341868784,0
ALICE.V,D,20230221,000000,2.05008,2.17939,1.97738,2.00436,4189188.307504853,0
ALICE.V,D,20230222,000000,2.00534,2.0362,1.90525,2.02506,984114.0197989435,0
ALICE.V,D,20230223,000000,2.025,2.16213,2.01406,2.06727,2265499.93346129,0
ALICE.V,D,20230224,000000,2.06731,2.09242,1.83515,1.85998,2061590.5706054883,0
ALICE.V,D,20230225,000000,1.86098,1.87806,1.77728,1.83213,969846.313139002,0
ALICE.V,D,20230226,000000,1.83113,1.94214,1.82598,1.90611,795634.7882632103,0
ALICE.V,D,20230227,000000,1.9061,1.98002,1.88317,1.92012,1134137.3558352077,0
ALICE.V,D,20230228,000000,1.9211,1.949,1.81236,1.83531,761131.7191653829,0
ALICE.V,D,20230301,000000,1.83437,1.90513,1.80725,1.90325,623244.5003564799,0
ALICE.V,D,20230302,000000,1.90425,1.92429,1.80995,1.85017,685491.3026611772,0
ALICE.V,D,20230303,000000,1.85115,1.85517,1.64912,1.68812,1056457.5926489136,0
ALICE.V,D,20230304,000000,1.68915,1.74417,1.55908,1.59711,1445949.1851066716,0
ALICE.V,D,20230305,000000,1.59811,1.65415,1.59711,1.60718,393939.80640166794,0
ALICE.V,D,20230306,000000,1.60219,1.65587,1.56027,1.6369,997110.7589221803,0
ALICE.V,D,20230307,000000,1.6359,1.65697,1.53694,1.55692,693803.8168510434,0
ALICE.V,D,20230308,000000,1.55592,1.58,1.41394,1.42994,1377736.1528258505,0
ALICE.V,D,20230309,000000,1.42886,1.50152,1.32573,1.33113,1556464.5881364807,0
ALICE.V,D,20230310,000000,1.32913,1.38101,1.2739,1.37796,1158877.3154098745,0
ALICE.V,D,20230311,000000,1.37794,1.4215,1.3094,1.35475,1181985.773866507,0
ALICE.V,D,20230312,000000,1.35593,1.49827,1.32267,1.48149,1396347.8331537344,0
ALICE.V,D,20230313,000000,1.48098,1.58527,1.4373,1.57626,1360978.3483156268,0
ALICE.V,D,20230314,000000,1.57724,1.69133,1.51721,1.63267,1517739.6774988542,0
ALICE.V,D,20230315,000000,1.63294,1.68455,1.4652,1.49425,1727502.0444311125,0
ALICE.V,D,20230316,000000,1.49223,1.54181,1.48015,1.52274,1353405.7259696254,0
ALICE.V,D,20230317,000000,1.52377,1.65794,1.50644,1.65694,1901259.9644998875,0
ALICE.V,D,20230318,000000,1.6715,1.76273,1.63438,1.66396,2935723.833716622,0
ALICE.V,D,20230319,000000,1.66498,1.71413,1.63188,1.68208,1272174.1357144394,0
ALICE.V,D,20230320,000000,1.68208,1.73092,1.54544,1.5677,3254679.65449033,0
ALICE.V,D,20230321,000000,1.56569,1.59104,1.4765,1.58104,1428586.8706194614,0
ALICE.V,D,20230322,000000,1.57904,1.59724,1.44098,1.48411,1526859.7492605378,0
ALICE.V,D,20230323,000000,1.48205,1.59318,1.47115,1.55925,846781.4367675467,0
ALICE.V,D,20230324,000000,1.55964,1.58757,1.49742,1.50964,1372636.2812786587,0
ALICE.V,D,20230325,000000,1.50967,1.53897,1.44563,1.46542,1519631.1476020452,0
ALICE.V,D,20230326,000000,1.46442,1.5179,1.46142,1.49649,388841.17250380036,0
ALICE.V,D,20230327,000000,1.49965,1.58485,1.39205,1.43778,829181.4469796983,0
ALICE.V,D,20230328,000000,1.43758,1.4867,1.40205,1.46736,823978.3815012085,0
ALICE.V,D,20230329,000000,1.46836,1.55463,1.46747,1.53356,812838.2482724999,0
ALICE.V,D,20230330,000000,1.53236,1.56226,1.47185,1.50252,1716997.7940766206,0
ALICE.V,D,20230331,000000,1.50201,1.57789,1.47263,1.57683,1359009.1200829002,0
ALICE.V,D,20230401,000000,1.57501,1.59871,1.54888,1.57677,837665.333074948,0
ALICE.V,D,20230402,000000,1.57677,1.6389,1.52571,1.57157,1646324.0541174416,0
ALICE.V,D,20230403,000000,1.57099,1.60062,1.50329,1.55562,2213443.694532533,0
ALICE.V,D,20230404,000000,1.55761,1.62463,1.55673,1.6078,741427.4012192034,0
ALICE.V,D,20230405,000000,1.60902,1.6524,1.57498,1.60348,611587.4898026505,0
ALICE.V,D,20230406,000000,1.60598,1.66268,1.56558,1.62875,1892675.4604002964,0
ALICE.V,D,20230407,000000,1.62657,1.68615,1.60083,1.64221,1375335.755338028,0
ALICE.V,D,20230408,000000,1.64322,1.67607,1.61723,1.66765,849763.4250037755,0
ALICE.V,D,20230409,000000,1.66565,1.75017,1.64629,1.72804,2438363.0004551965,0
ALICE.V,D,20230410,000000,1.72916,1.75902,1.69408,1.71339,1433787.5415886634,0
ALICE.V,D,20230411,000000,1.7114,1.75144,1.70445,1.71169,1115382.0946479838,0
ALICE.V,D,20230412,000000,1.71269,1.72488,1.62482,1.68131,1040313.5962747473,0
ALICE.V,D,20230413,000000,1.67881,1.7294,1.65491,1.71935,642217.5079188737,0
ALICE.V,D,20230414,000000,1.71925,1.78394,1.68847,1.75045,1019458.8173255206,0
ALICE.V,D,20230415,000000,1.74743,1.76963,1.72155,1.74757,539582.9870445452,0
ALICE.V,D,20230416,000000,1.74595,1.82249,1.73449,1.80122,1153379.3590797887,0
ALICE.V,D,20230417,000000,1.80521,1.80625,1.70418,1.75804,716441.7215175766,0
ALICE.V,D,20230418,000000,1.75704,1.9155,1.74477,1.85033,1988907.4364037313,0
ALICE.V,D,20230419,000000,1.85033,1.8635,1.6683,1.73587,1369358.5896239055,0
ALICE.V,D,20230420,000000,1.73495,1.90765,1.60839,1.61913,4743153.53975677,0
ALICE.V,D,20230421,000000,1.62011,1.67566,1.48484,1.48485,2148929.1572515494,0
ALICE.V,D,20230422,000000,1.48184,1.52609,1.48184,1.52114,1067893.0430550764,0
ALICE.V,D,20230423,000000,1.52214,1.54012,1.44532,1.48107,929255.4103377399,0
ALICE.V,D,20230424,000000,1.48067,1.5419,1.4717,1.53203,888250.5982441984,0
ALICE.V,D,20230425,000000,1.53205,1.58336,1.47709,1.58238,1166533.2932268945,0
ALICE.V,D,20230426,000000,1.58336,1.66825,1.4993,1.58854,1283475.893461534,0
ALICE.V,D,20230427,000000,1.58351,1.62962,1.54957,1.61453,719641.8388502032,0
ALICE.V,D,20230428,000000,1.61052,1.61855,1.55675,1.59723,1121536.256135395,0
ALICE.V,D,20230429,000000,1.59921,1.61426,1.57569,1.60053,479973.8496113624,0
ALICE.V,D,20230430,000000,1.60054,1.6175,1.53732,1.55949,453949.3449368569,0
ALICE.V,D,20230501,000000,1.55857,1.56929,1.492,1.51441,419951.60286057973,0
ALICE.V,D,20230502,000000,1.51439,1.54185,1.50532,1.52833,297472.87071408366,0
ALICE.V,D,20230503,000000,1.52843,1.54492,1.47483,1.5425,485502.0632244057,0
ALICE.V,D,20230504,000000,1.54617,1.5607,1.49753,1.50346,268710.74154935154,0
ALICE.V,D,20230505,000000,1.50394,1.53411,1.4728,1.52409,706493.8900835674,0
ALICE.V,D,20230506,000000,1.5239,1.53655,1.42541,1.45603,508245.11416899564,0
ALICE.V,D,20230507,000000,1.45457,1.47668,1.44589,1.44839,187299.20943453023,0
ALICE.V,D,20230508,000000,1.43599,1.46543,1.27557,1.28227,1016968.0504536066,0
ALICE.V,D,20230509,000000,1.28398,1.33263,1.28398,1.30971,390448.1277489263,0
ALICE.V,D,20230510,000000,1.30859,1.35298,1.26409,1.33493,676361.2297455611,0
ALICE.V,D,20230511,000000,1.33383,1.34781,1.22673,1.23841,655831.9405135618,0
ALICE.V,D,20230512,000000,1.23844,1.24462,1.18059,1.23499,812757.5050521357,0
ALICE.V,D,20230513,000000,1.24099,1.24875,1.20872,1.22073,447797.61287169403,0
ALICE.V,D,20230514,000000,1.22091,1.25855,1.20452,1.24945,393605.0849769698,0
ALICE.V,D,20230515,000000,1.24532,1.29618,1.23204,1.29,572776.3415273977,0
ALICE.V,D,20230516,000000,1.2905,1.30731,1.25765,1.30545,706778.9889034647,0
ALICE.V,D,20230517,000000,1.30522,1.35148,1.27674,1.34737,935275.5930050536,0
ALICE.V,D,20230518,000000,1.34714,1.34937,1.27811,1.31983,522090.63027727243,0
ALICE.V,D,20230519,000000,1.31983,1.33685,1.29682,1.31329,432098.15568191645,0
ALICE.V,D,20230520,000000,1.31346,1.34491,1.29888,1.3313,281345.5626337955,0
ALICE.V,D,20230521,000000,1.33193,1.3321,1.28164,1.28957,233918.01012521161,0
ALICE.V,D,20230522,000000,1.28927,1.34157,1.26566,1.33927,499443.95957592153,0
ALICE.V,D,20230523,000000,1.33869,1.36555,1.31915,1.33598,437407.9741553622,0
ALICE.V,D,20230524,000000,1.33627,1.33665,1.26629,1.28994,568260.2071384742,0
ALICE.V,D,20230525,000000,1.28954,1.31094,1.24778,1.30334,391782.89502931555,0
ALICE.V,D,20230526,000000,1.30323,1.31759,1.28642,1.30956,337833.7662860586,0
ALICE.V,D,20230527,000000,1.31219,1.31991,1.29939,1.30748,198953.69229620483,0
ALICE.V,D,20230528,000000,1.30762,1.33729,1.30739,1.32329,487810.90778135305,0
ALICE.V,D,20230529,000000,1.3243,1.3542,1.29118,1.29639,599336.9595453534,0
ALICE.V,D,20230530,000000,1.29739,1.30547,1.27923,1.30252,383061.42549983744,0
ALICE.V,D,20230531,000000,1.30152,1.31438,1.25128,1.2632,314177.4924643545,0
ALICE.V,D,20230601,000000,1.2632,1.29018,1.2453,1.27836,514513.6908681826,0
ALICE.V,D,20230602,000000,1.27736,1.31933,1.25925,1.31334,366102.4570798472,0
ALICE.V,D,20230603,000000,1.31437,1.31933,1.28349,1.28451,276014.8845206179,0
ALICE.V,D,20230604,000000,1.2855,1.30435,1.27943,1.29641,274580.4867845531,0
ALICE.V,D,20230605,000000,1.29742,1.30843,1.10741,1.12534,1317137.5126811722,0
ALICE.V,D,20230606,000000,1.12634,1.19923,1.10699,1.18733,1023346.2093719668,0
ALICE.V,D,20230607,000000,1.18734,1.18734,1.082,1.08413,902682.1509871208,0
ALICE.V,D,20230608,000000,1.08212,1.12221,1.07217,1.1142,524664.0246951886,0
ALICE.V,D,20230609,000000,1.1132,1.12396,1.08177,1.09878,497990.25566352345,0
ALICE.V,D,20230610,000000,1.0978,1.09887,0.80416,0.8695,1843657.0414851517,0
ALICE.V,D,20230611,000000,0.8695,0.88337,0.85538,0.86134,677165.868284026,0
ALICE.V,D,20230612,000000,0.86135,0.89202,0.82532,0.88901,1073684.5339175062,0
ALICE.V,D,20230613,000000,0.89104,0.95599,0.889,0.90388,2177106.100659748,0
ALICE.V,D,20230614,000000,0.90488,0.91976,0.831925,0.841924,939973.9327036535,0
ALICE.V,D,20230615,000000,0.841933,0.891281,0.836916,0.883122,698769.2579509823,0
ALICE.V,D,20230616,000000,0.883422,0.920897,0.874777,0.907891,594743.3532946507,0
ALICE.V,D,20230617,000000,0.907882,0.93246,0.897479,0.909727,837119.9609985967,0
ALICE.V,D,20230618,000000,0.910318,0.91726,0.890831,0.891995,487038.1974261126,0
ALICE.V,D,20230619,000000,0.891995,0.905583,0.882488,0.90252,440263.2403258781,0
ALICE.V,D,20230620,000000,0.90302,0.928202,0.867153,0.923639,608302.7903820804,0
ALICE.V,D,20230621,000000,0.923548,0.99613,0.901209,0.975049,973780.9094812502,0
ALICE.V,D,20230622,000000,0.974107,1.021041,0.964289,0.986207,1673430.9384847865,0
ALICE.V,D,20230623,000000,0.984207,1.040541,0.975205,1.024594,842444.3812820656,0
ALICE.V,D,20230624,000000,1.025605,1.046513,0.998519,1.023644,838049.5599202876,0
ALICE.V,D,20230625,000000,1.023634,1.092415,1.023634,1.066341,1287122.886190305,0
ALICE.V,D,20230626,000000,1.065319,1.075129,1.022317,1.037218,719825.9131120744,0
ALICE.V,D,20230627,000000,1.031217,1.074064,1.028257,1.063202,540482.6530079059,0
ALICE.V,D,20230628,000000,1.064106,1.064106,0.94502,0.95799,730161.813265182,0
ALICE.V,D,20230629,000000,0.95799,0.99484,0.9569,0.9669,416524.84918961104,0
ALICE.V,D,20230630,000000,0.96628,1.05481,0.94971,1.03065,1368790.7547397218,0
ALICE.V,D,20230701,000000,1.03264,1.081,1.0177,1.08099,1444545.3816616668,0
ALICE.V,D,20230702,000000,1.08099,1.2459,1.05193,1.0671,8324149.737605491,0
ALICE.V,D,20230703,000000,1.0681,1.11789,1.06509,1.09708,1058956.4559698387,0
ALICE.V,D,20230704,000000,1.09607,1.11312,1.06912,1.08824,556767.7585286606,0
ALICE.V,D,20230705,000000,1.08823,1.10902,1.01902,1.03416,998876.1934944781,0
ALICE.V,D,20230706,000000,1.03416,1.08399,1.00606,1.01691,816184.5890405041,0
ALICE.V,D,20230707,000000,1.01891,1.02713,0.98804,1.01515,509846.14245238417,0
ALICE.V,D,20230708,000000,1.01509,1.03307,0.98703,0.99317,386751.6107705977,0
ALICE.V,D,20230709,000000,0.99516,1.01518,0.9931,0.99818,487074.4004110338,0
ALICE.V,D,20230710,000000,0.99718,1.03413,0.96713,1.01513,629078.618782764,0
ALICE.V,D,20230711,000000,1.0191,1.03809,1.00611,1.02402,769761.6572547078,0
ALICE.V,D,20230712,000000,1.02604,1.046,1.00697,1.01497,404705.1158588685,0
ALICE.V,D,20230713,000000,1.01394,1.09638,1.00124,1.08142,528396.9846011741,0
ALICE.V,D,20230714,000000,1.08342,1.11625,1.01035,1.0275,1280918.2709805553,0
ALICE.V,D,20230715,000000,1.0285,1.07333,1.02638,1.04731,564413.8706683895,0
ALICE.V,D,20230716,000000,1.04831,1.06232,1.0125,1.02048,415665.28294553445,0
ALICE.V,D,20230717,000000,1.02047,1.03935,0.99225,1.03418,701947.2506294718,0
ALICE.V,D,20230718,000000,1.03418,1.04313,0.98507,1.00822,448101.22413153714,0
ALICE.V,D,20230719,000000,1.00922,1.02122,0.99403,1.00199,330297.6936154689,0
ALICE.V,D,20230720,000000,1.003,1.02999,0.99191,1.00999,947524.4950657466,0
ALICE.V,D,20230721,000000,1.00999,1.02195,1.00294,1.00801,652496.72812297,0
ALICE.V,D,20230722,000000,1.00901,1.019,0.99111,1.00211,317548.2252192787,0
ALICE.V,D,20230723,000000,1.0041,1.01398,0.98215,1.00299,437993.47648215893,0
ALICE.V,D,20230724,000000,1.00098,1.00995,0.93891,0.95489,608342.2496287166,0
ALICE.V,D,20230725,000000,0.95489,0.9589,0.9359,0.93893,418719.9675496309,0
ALICE.V,D,20230726,000000,0.93992,0.961,0.92883,0.95004,1106024.4097705875,0
ALICE.V,D,20230727,000000,0.95003,0.96895,0.9338,0.94474,354375.55898583797,0
ALICE.V,D,20230728,000000,0.94674,0.96267,0.93771,0.95358,307638.84586738335,0
ALICE.V,D,20230729,000000,0.95348,0.96277,0.94398,0.9541,250988.28790244157,0
ALICE.V,D,20230730,000000,0.9557,0.96419,0.91881,0.93693,583898.8161059265,0
ALICE.V,D,20230731,000000,0.93693,0.95693,0.93082,0.93684,337846.6887872673,0
ALICE.V,D,20230801,000000,0.93584,0.94587,0.90872,0.93752,348910.2383976827,0
ALICE.V,D,20230802,000000,0.93752,0.958703,0.930581,0.939464,398555.6341796476,0
ALICE.V,D,20230803,000000,0.940464,0.967023,0.929351,0.953318,321657.2946451711,0
ALICE.V,D,20230804,000000,0.953127,0.959987,0.924898,0.927497,496391.3380074748,0
ALICE.V,D,20230805,000000,0.928396,0.957053,0.908409,0.954144,440129.6754557075,0
ALICE.V,D,20230806,000000,0.951856,0.999088,0.936804,0.947577,2788534.8332179827,0
ALICE.V,D,20230807,000000,0.945678,0.979529,0.895924,0.908935,1835660.4194010212,0
ALICE.V,D,20230808,000000,0.909925,0.931422,0.903778,0.920862,989864.5245253035,0
ALICE.V,D,20230809,000000,0.921862,0.934476,0.904303,0.909263,766206.4160706846,0
ALICE.V,D,20230810,000000,0.910207,0.926143,0.903559,0.918525,505338.6300818594,0
ALICE.V,D,20230811,000000,0.918226,0.922268,0.902471,0.909998,553637.2243191825,0
ALICE.V,D,20230812,000000,0.909998,0.92679,0.90622,0.917177,383515.78452069114,0
ALICE.V,D,20230813,000000,0.918485,0.954307,0.911725,0.940257,921547.6720598843,0
ALICE.V,D,20230814,000000,0.941256,0.972919,0.933271,0.971881,1076436.0815412037,0
ALICE.V,D,20230815,000000,0.969893,1.003894,0.880031,0.910988,2713539.51195334,0
ALICE.V,D,20230816,000000,0.910988,0.910997,0.79916,0.817084,1554105.6592068225,0
ALICE.V,D,20230817,000000,0.817092,0.856953,0.641994,0.721581,1374941.3082095098,0
ALICE.V,D,20230818,000000,0.721632,0.74562,0.710107,0.734669,1549242.4959680925,0
ALICE.V,D,20230819,000000,0.734684,0.762802,0.731729,0.75678,724285.6324669494,0
ALICE.V,D,20230820,000000,0.756841,0.787913,0.752857,0.770954,854435.6943222947,0
ALICE.V,D,20230821,000000,0.771961,0.773799,0.74197,0.764893,838651.0352534171,0
ALICE.V,D,20230822,000000,0.764878,0.765885,0.720805,0.730751,875411.7644077473,0
ALICE.V,D,20230823,000000,0.731744,0.790707,0.731736,0.777852,936024.0196226804,0
ALICE.V,D,20230824,000000,0.776845,0.780883,0.743591,0.74562,523294.8272188539,0
ALICE.V,D,20230825,000000,0.747619,0.756569,0.723725,0.755584,645708.2488140694,0
ALICE.V,D,20230826,000000,0.755607,0.777595,0.752601,0.759582,503083.52721692115,0
ALICE.V,D,20230827,000000,0.760082,0.770122,0.751322,0.754838,652114.7586409983,0
ALICE.V,D,20230828,000000,0.754838,0.793524,0.738631,0.778603,1084708.0596030215,0
ALICE.V,D,20230829,000000,0.778595,0.84511,0.754471,0.831158,1444048.9623889276,0
ALICE.V,D,20230830,000000,0.83215,0.836142,0.789055,0.797,729843.4175220254,0
ALICE.V,D,20230831,000000,0.798,0.803928,0.756962,0.76287,739279.0689263167,0
ALICE.V,D,20230901,000000,0.762901,0.773791,0.715556,0.717627,665795.5168764517,0
ALICE.V,D,20230902,000000,0.715628,0.742703,0.706703,0.733919,1589202.696515955,0
ALICE.V,D,20230903,000000,0.734919,0.748858,0.724848,0.727876,604797.2695678961,0
ALICE.V,D,20230904,000000,0.727869,0.758841,0.724717,0.725797,700840.0252841087,0
ALICE.V,D,20230905,000000,0.725797,0.792461,0.724797,0.773621,1588942.3686364044,0
ALICE.V,D,20230906,000000,0.77462,0.793492,0.753646,0.780524,2084874.9722841613,0
ALICE.V,D,20230907,000000,0.780524,0.792588,0.762504,0.782601,502054.1715828118,0
ALICE.V,D,20230908,000000,0.784631,0.818582,0.784584,0.794897,1376601.1954863502,0
ALICE.V,D,20230909,000000,0.793889,0.854658,0.777782,0.793802,2559737.7775803,0
ALICE.V,D,20230910,000000,0.795745,0.79976,0.735809,0.758712,1350605.3158551943,0
ALICE.V,D,20230911,000000,0.757712,0.770746,0.71777,0.72776,598470.9223572849,0
ALICE.V,D,20230912,000000,0.727767,0.767693,0.727752,0.732941,553902.3640546232,0
ALICE.V,D,20230913,000000,0.730934,0.756939,0.720942,0.743149,474623.90195791627,0
ALICE.V,D,20230914,000000,0.742148,0.777023,0.731949,0.744208,1230952.8524135966,0
ALICE.V,D,20230915,000000,0.744208,0.759962,0.742156,0.758977,249935.0217151899,0
ALICE.V,D,20230916,000000,0.759977,0.788992,0.75897,0.77907,564257.3629558119,0
ALICE.V,D,20230917,000000,0.77907,0.781109,0.740141,0.747187,700728.4822662852,0
ALICE.V,D,20230918,000000,0.745179,0.78014,0.73614,0.76413,540199.2606805572,0
ALICE.V,D,20230919,000000,0.765122,0.785149,0.752165,0.779101,367760.53724228864,0
ALICE.V,D,20230920,000000,0.779109,0.788087,0.768023,0.782047,403277.1350727442,0
ALICE.V,D,20230921,000000,0.781047,0.792008,0.750075,0.762969,335856.6444264454,0
ALICE.V,D,20230922,000000,0.761977,0.769992,0.754985,0.767954,471601.2795548618,0
ALICE.V,D,20230923,000000,0.767954,0.778977,0.754008,0.757053,257699.5681616508,0
ALICE.V,D,20230924,000000,0.757053,0.762061,0.75106,0.75703,160542.16982091079,0
ALICE.V,D,20230925,000000,0.758038,0.758068,0.740067,0.752955,246402.9234889859,0
ALICE.V,D,20230926,000000,0.752955,0.760772,0.719654,0.725688,710642.7866173898,0
ALICE.V,D,20230927,000000,0.723689,0.738409,0.712408,0.71547,399907.8988288497,0
ALICE.V,D,20230928,000000,0.716477,0.728621,0.711359,0.723978,484167.0872081397,0
ALICE.V,D,20230929,000000,0.724978,0.739904,0.719978,0.731919,394497.16561766533,0
ALICE.V,D,20230930,000000,0.734919,0.742096,0.729912,0.733147,320795.6733257107,0
ALICE.V,D,20231001,000000,0.734147,0.755076,0.732066,0.750082,304747.93862398935,0
ALICE.V,D,20231002,000000,0.750082,0.771015,0.729211,0.736221,547129.3887272987,0
ALICE.V,D,20231003,000000,0.735213,0.743797,0.717393,0.723993,329098.5190167225,0
ALICE.V,D,20231004,000000,0.724193,0.726736,0.681234,0.692835,874449.0580842528,0
ALICE.V,D,20231005,000000,0.692935,0.714914,0.691777,0.699996,348896.9272395991,0
ALICE.V,D,20231006,000000,0.699989,0.719251,0.697588,0.711792,301406.9575910114,0
ALICE.V,D,20231007,000000,0.708783,0.714721,0.691087,0.697898,172882.57869865757,0
ALICE.V,D,20231008,000000,0.703,0.710405,0.687629,0.706402,615539.886470001,0
ALICE.V,D,20231009,000000,0.705402,0.713356,0.678183,0.686144,660223.5098628055,0
ALICE.V,D,20231010,000000,0.686137,0.689131,0.666067,0.675074,251250.97234191507,0
ALICE.V,D,20231011,000000,0.675374,0.677288,0.636809,0.643813,493224.15848158684,0
ALICE.V,D,20231012,000000,0.64382,0.677729,0.640846,0.671751,713066.097643405,0
ALICE.V,D,20231013,000000,0.672744,0.681748,0.66676,0.676844,261031.70916609047,0
ALICE.V,D,20231014,000000,0.675858,0.684973,0.666813,0.682959,158870.98882676585,0
ALICE.V,D,20231015,000000,0.683252,0.722957,0.681207,0.690028,931811.2129695973,0
ALICE.V,D,20231016,000000,0.691028,0.733161,0.685062,0.713292,1465658.9000344938,0
ALICE.V,D,20231017,000000,0.715293,0.73828,0.700364,0.707262,994944.1226798545,0
ALICE.V,D,20231018,000000,0.707262,0.720266,0.672215,0.675149,398381.2865490015,0
ALICE.V,D,20231019,000000,0.676128,0.679156,0.660244,0.661258,396498.16138294624,0
ALICE.V,D,20231020,000000,0.661264,0.690455,0.650319,0.681279,314850.64248522883,0
ALICE.V,D,20231021,000000,0.681279,0.703253,0.678325,0.695341,330117.6937494568,0
ALICE.V,D,20231022,000000,0.696348,0.751413,0.691339,0.720238,2571483.227393382,0
ALICE.V,D,20231023,000000,0.720245,0.773317,0.720245,0.768392,962149.3849464715,0
ALICE.V,D,20231024,000000,0.768392,0.819074,0.764992,0.788905,1076035.7206716745,0
ALICE.V,D,20231025,000000,0.788897,0.821189,0.775062,0.800192,320936.4862612623,0
ALICE.V,D,20231026,000000,0.801192,0.856163,0.787031,0.839,417414.8132397421,0
ALICE.V,D,20231027,000000,0.840008,0.863095,0.812162,0.836184,442346.1831664647,0
ALICE.V,D,20231028,000000,0.836192,0.857043,0.826165,0.848136,237257.83202808572,0
ALICE.V,D,20231029,000000,0.849144,0.916275,0.833158,0.905317,260930.08314916186,0
ALICE.V,D,20231030,000000,0.905326,0.913329,0.879404,0.905299,332845.9213652351,0
ALICE.V,D,20231031,000000,0.906299,0.922286,0.843253,0.866364,233565.81725727933,0
ALICE.V,D,20231101,000000,0.865337,0.90146,0.82414,0.889284,748901.5244383409,0
ALICE.V,D,20231102,000000,0.890276,0.928492,0.864164,0.890107,726380.474282704,0
ALICE.V,D,20231103,000000,0.889116,0.895134,0.842076,0.87134,351373.85123191273,0
ALICE.V,D,20231104,000000,0.87134,0.892357,0.861465,0.878518,371410.51912998053,0
ALICE.V,D,20231105,000000,0.876908,0.920662,0.876882,0.898718,667134.0133575274,0
ALICE.V,D,20231106,000000,0.898718,0.968571,0.889693,0.959259,1979132.7729653118,0
ALICE.V,D,20231107,000000,0.960259,0.971272,0.89517,0.923415,1283057.0778638718,0
ALICE.V,D,20231108,000000,0.923434,0.979029,0.913429,0.963221,677539.455615766,0
ALICE.V,D,20231109,000000,0.963212,0.997419,0.823132,0.882168,977413.2703150667,0
ALICE.V,D,20231110,000000,0.882168,0.941489,0.869191,0.939488,985966.0847674679,0
ALICE.V,D,20231111,000000,0.940479,0.984689,0.916559,0.958249,846007.6857174557,0
ALICE.V,D,20231112,000000,0.95924,1.02441,0.915274,1.007403,1278645.5510869245,0
ALICE.V,D,20231113,000000,1.011415,1.026749,0.968126,0.971272,526422.3294488206,0
ALICE.V,D,20231114,000000,0.970281,1.01598,0.921064,0.986128,1114734.2242948413,0
ALICE.V,D,20231115,000000,0.986138,1.077237,0.983167,1.064372,1436756.5244713805,0
ALICE.V,D,20231116,000000,1.065543,1.097296,0.958086,0.976107,1318096.0548900336,0
ALICE.V,D,20231117,000000,0.975107,1.00497,0.910064,0.954315,1345958.0095054768,0
ALICE.V,D,20231118,000000,0.955325,0.959384,0.885381,0.937459,458510.18171751493,0
ALICE.V,D,20231119,000000,0.938669,0.966373,0.913002,0.953419,273234.6042733784,0
ALICE.V,D,20231120,000000,0.953419,1.028504,0.953419,1.003692,1377265.782304432,0
ALICE.V,D,20231121,000000,1.003692,1.02266,0.870296,0.880334,1154226.657276272,0
ALICE.V,D,20231122,000000,0.877333,1.022358,0.872288,1.003321,1295616.730531352,0
ALICE.V,D,20231123,000000,1.004311,1.08513,0.998279,1.07415,2560427.6396564436,0
ALICE.V,D,20231124,000000,1.07415,1.10221,1.04838,1.07785,1201830.6476177778,0
ALICE.V,D,20231125,000000,1.07789,1.2247,1.07385,1.20371,2390879.9372885544,0
ALICE.V,D,20231126,000000,1.2057,1.33559,1.16967,1.24247,3480975.5899569937,0
ALICE.V,D,20231127,000000,1.23847,1.25149,1.15602,1.16802,1085516.24342839,0
ALICE.V,D,20231128,000000,1.16801,1.20302,1.1351,1.14066,702005.8238720201,0
ALICE.V,D,20231129,000000,1.14166,1.14856,1.07943,1.11014,792064.0294041864,0
ALICE.V,D,20231130,000000,1.10914,1.13016,1.08212,1.09618,517219.6138556386,0
ALICE.V,D,20231201,000000,1.0962,1.11929,1.08821,1.09944,527177.4371442398,0
ALICE.V,D,20231202,000000,1.09943,1.1445,1.09943,1.1225,711282.5276542229,0
ALICE.V,D,20231203,000000,1.12551,1.20859,1.12548,1.15941,1105561.3251687002,0
ALICE.V,D,20231204,000000,1.16041,1.22536,1.09247,1.17006,1025342.8041124571,0
ALICE.V,D,20231205,000000,1.17106,1.21793,1.1511,1.19213,721380.9509135471,0
ALICE.V,D,20231206,000000,1.19414,1.22428,1.13111,1.15813,502636.3555187008,0
ALICE.V,D,20231207,000000,1.15905,1.24527,1.14603,1.22643,1102456.7000393667,0
ALICE.V,D,20231208,000000,1.22544,1.27325,1.21113,1.25141,503565.1048337077,0
ALICE.V,D,20231209,000000,1.25041,1.32244,1.24434,1.26933,786858.2114442643,0
ALICE.V,D,20231210,000000,1.27133,1.32016,1.24142,1.27304,701572.816379656,0
ALICE.V,D,20231211,000000,1.27908,1.28201,1.06706,1.17245,924599.1104110595,0
ALICE.V,D,20231212,000000,1.17446,1.332,1.16945,1.31042,1309411.115128867,0
ALICE.V,D,20231213,000000,1.31142,1.34847,1.21643,1.2913,1198246.7459401432,0
ALICE.V,D,20231214,000000,1.2923,1.3142,1.21998,1.2722,619774.8511135257,0
ALICE.V,D,20231215,000000,1.27322,1.27723,1.19312,1.19611,497725.2262352153,0
ALICE.V,D,20231216,000000,1.19713,1.23706,1.16893,1.22202,474248.40892926994,0
ALICE.V,D,20231217,000000,1.22102,1.25452,1.18188,1.23273,416992.9448852749,0
ALICE.V,D,20231218,000000,1.22873,1.25388,1.08911,1.16565,435340.2909477859,0
ALICE.V,D,20231219,000000,1.16766,1.22857,1.15538,1.1704,359632.58673699,0
ALICE.V,D,20231220,000000,1.17243,1.30679,1.15865,1.26804,1236421.8635845853,0
ALICE.V,D,20231221,000000,1.26705,1.33212,1.26294,1.31824,887420.5757911704,0
ALICE.V,D,20231222,000000,1.32025,1.38548,1.28019,1.36007,1475339.1454953323,0
ALICE.V,D,20231223,000000,1.35909,1.38868,1.31616,1.38668,509592.3616064371,0
ALICE.V,D,20231224,000000,1.38768,1.59694,1.38768,1.53001,2390843.7664323817,0
ALICE.V,D,20231225,000000,1.52699,1.63921,1.50457,1.57135,1279820.1901683768,0
ALICE.V,D,20231226,000000,1.57133,1.63584,1.47059,1.58483,670302.346473616,0
ALICE.V,D,20231227,000000,1.58384,1.58678,1.49396,1.51894,419316.6594676628,0
ALICE.V,D,20231228,000000,1.51984,1.56191,1.43343,1.45362,384906.04664483375,0
ALICE.V,D,20231229,000000,1.45261,1.49666,1.41268,1.43927,228284.06910727953,0
ALICE.V,D,20231230,000000,1.44232,1.46797,1.39282,1.42396,285946.2306606189,0
ALICE.V,D,20231231,000000,1.42496,1.44846,1.34977,1.38164,261219.8142123429,0
ALICE.V,D,20240101,000000,1.38164,1.50405,1.35988,1.48328,420944.05037469213,0
ALICE.V,D,20240102,000000,1.48333,1.51521,1.41034,1.44253,374469.6596792587,0
ALICE.V,D,20240103,000000,1.44353,1.5314,1.15227,1.25545,494718.3581159935,0
ALICE.V,D,20240104,000000,1.25349,1.35096,1.24248,1.29662,336466.3226375708,0
ALICE.V,D,20240105,000000,1.29653,1.31296,1.20269,1.21795,419156.5212003734,0
ALICE.V,D,20240106,000000,1.22096,1.24099,1.14804,1.19572,281348.0639825538,0
ALICE.V,D,20240107,000000,1.19472,1.24565,1.13079,1.13573,381733.90758522385,0
ALICE.V,D,20240108,000000,1.13673,1.20007,1.04056,1.20007,494453.68078482104,0
ALICE.V,D,20240109,000000,1.20207,1.21171,1.07826,1.11535,318260.5458802174,0
ALICE.V,D,20240110,000000,1.11535,1.25928,1.11214,1.2533,437060.9508443252,0
ALICE.V,D,20240111,000000,1.25533,1.29979,1.23548,1.27688,442810.9590005544,0
ALICE.V,D,20240112,000000,1.27156,1.32737,1.20502,1.23818,576357.2257019823,0
ALICE.V,D,20240113,000000,1.23523,1.28269,1.19273,1.28169,313683.8544646889,0
ALICE.V,D,20240114,000000,1.27929,1.28537,1.19927,1.20542,307838.1793698658,0
ALICE.V,D,20240115,000000,1.20541,1.23342,1.18124,1.21088,286410.37675658974,0
ALICE.V,D,20240116,000000,1.20989,1.25949,1.19521,1.24921,270501.49558239005,0
ALICE.V,D,20240117,000000,1.249,1.26495,1.19395,1.20479,703987.3242536365,0
ALICE.V,D,20240118,000000,1.20479,1.21689,1.11866,1.14284,264342.12684748386,0
ALICE.V,D,20240119,000000,1.13825,1.1599,1.06894,1.12688,572547.1215220029,0
ALICE.V,D,20240120,000000,1.12689,1.16494,1.12199,1.16305,312865.9405037039,0
ALICE.V,D,20240121,000000,1.15745,1.21024,1.14706,1.17527,442289.01292259817,0
ALICE.V,D,20240122,000000,1.17626,1.18409,1.08274,1.09782,288238.5429874362,0
ALICE.V,D,20240123,000000,1.09882,1.11186,1.00076,1.04108,353843.48444346094,0
ALICE.V,D,20240124,000000,1.04207,1.08138,1.03727,1.06744,244810.80198876033,0
ALICE.V,D,20240125,000000,1.06944,1.07758,1.02727,1.06941,217641.92752230476,0
ALICE.V,D,20240126,000000,1.06942,1.11422,1.05346,1.11177,219253.44054115075,0
ALICE.V,D,20240127,000000,1.11479,1.14949,1.09808,1.13499,216219.7000843131,0
ALICE.V,D,20240128,000000,1.13449,1.15479,1.10388,1.11282,189857.58289748323,0
ALICE.V,D,20240129,000000,1.11082,1.14578,1.09572,1.142,219852.09669961975,0
ALICE.V,D,20240130,000000,1.14201,1.17081,1.12969,1.14398,170069.85622052164,0
ALICE.V,D,20240131,000000,1.14499,1.14798,1.07438,1.08639,243197.28554498762,0
ALICE.V,D,20240201,000000,1.08639,1.11141,1.06009,1.09169,316929.03371656884,0
ALICE.V,D,20240202,000000,1.09168,1.11446,1.08637,1.11441,150249.23114559977,0
ALICE.V,D,20240203,000000,1.11541,1.12322,1.0855,1.08763,163085.99231675058,0
ALICE.V,D,20240204,000000,1.08763,1.09063,1.06263,1.06754,113902.26717340453,0
ALICE.V,D,20240205,000000,1.06855,1.08893,1.04945,1.07159,105870.57007402337,0
ALICE.V,D,20240206,000000,1.07259,1.11669,1.06963,1.11465,334215.6059895682,0
ALICE.V,D,20240207,000000,1.11465,1.15998,1.10753,1.14777,274471.71372692083,0
ALICE.V,D,20240208,000000,1.14776,1.16066,1.13265,1.14723,242692.0826827193,0
ALICE.V,D,20240209,000000,1.14624,1.21935,1.14321,1.21272,406270.2548086932,0
ALICE.V,D,20240210,000000,1.21272,1.21664,1.16686,1.18134,252199.64587097106,0
ALICE.V,D,20240211,000000,1.18234,1.20653,1.17034,1.17133,231399.8865503272,0
ALICE.V,D,20240212,000000,1.17234,1.22153,1.14599,1.22153,226187.36886349728,0
ALICE.V,D,20240213,000000,1.22253,1.25318,1.1842,1.21547,311996.1441855926,0
ALICE.V,D,20240214,000000,1.21146,1.28626,1.20577,1.28327,266085.7862100348,0
ALICE.V,D,20240215,000000,1.28421,1.31084,1.27525,1.29012,349572.87008966727,0
ALICE.V,D,20240216,000000,1.29212,1.45177,1.28376,1.31401,1305088.392372464,0
ALICE.V,D,20240217,000000,1.31301,1.3397,1.27151,1.32329,277013.3569073127,0
ALICE.V,D,20240218,000000,1.32229,1.38521,1.30751,1.36815,304145.8357813526,0
ALICE.V,D,20240219,000000,1.36818,1.40501,1.35419,1.39834,248179.14805705458,0
ALICE.V,D,20240220,000000,1.39934,1.40279,1.26309,1.34527,470563.24987315724,0
ALICE.V,D,20240221,000000,1.3413,1.34828,1.22588,1.294,337876.0112168556,0
ALICE.V,D,20240222,000000,1.293,1.50964,1.26995,1.41855,1668190.5956326048,0
ALICE.V,D,20240223,000000,1.41953,1.44451,1.36699,1.3988,463763.12944150926,0
ALICE.V,D,20240224,000000,1.3988,1.50652,1.3719,1.455,384135.78552064416,0
ALICE.V,D,20240225,000000,1.45599,1.58497,1.447,1.53394,588187.4741432478,0
ALICE.V,D,20240226,000000,1.53792,2.05412,1.53398,1.81416,11359161.897731893,0
ALICE.V,D,20240227,000000,1.80717,1.90076,1.75463,1.80172,2530299.1647193446,0
ALICE.V,D,20240228,000000,1.80272,2.13211,1.6014,1.80026,4757856.716384306,0
ALICE.V,D,20240229,000000,1.80626,1.92413,1.73254,1.76904,1568326.2168649642,0
ALICE.V,D,20240301,000000,1.76802,1.94175,1.76802,1.93152,1195075.76297386,0
ALICE.V,D,20240302,000000,1.92947,2.02884,1.88132,2.02292,955941.9649448183,0
ALICE.V,D,20240303,000000,2.02598,2.09515,1.78675,1.99188,1079344.5412823579,0
ALICE.V,D,20240304,000000,1.9949,2.15127,1.93208,2.03123,1220825.1006169093,0
ALICE.V,D,20240305,000000,2.02723,2.07089,1.55277,1.79824,731062.0820750733,0
ALICE.V,D,20240306,000000,1.79726,1.96504,1.73245,1.94807,580785.2865608378,0
ALICE.V,D,20240307,000000,1.94597,2.05829,1.93683,2.04196,599864.887100732,0
ALICE.V,D,20240308,000000,2.04196,2.0807,1.86322,1.96643,605927.4534082103,0
ALICE.V,D,20240309,000000,1.97147,2.35093,1.95262,2.29146,3777019.5483458554,0
ALICE.V,D,20240310,000000,2.29043,2.42648,2.15447,2.27557,2798717.698763636,0
ALICE.V,D,20240311,000000,2.28221,2.32018,2.12335,2.24145,993384.6161968133,0
ALICE.V,D,20240312,000000,2.24347,2.31605,2.08531,2.22518,631133.8741047207,0
ALICE.V,D,20240313,000000,2.22413,2.36807,2.21115,2.28037,541114.1905632294,0
ALICE.V,D,20240314,000000,2.28014,2.29114,2.05188,2.17922,343566.9973999534,0
ALICE.V,D,20240315,000000,2.17822,2.22009,1.84124,2.13315,1355306.8407316091,0
ALICE.V,D,20240316,000000,2.13219,2.2483,1.88864,1.92652,967674.3922028373,0
ALICE.V,D,20240317,000000,1.91891,2.05993,1.82688,2.0319,573678.2065458191,0
ALICE.V,D,20240318,000000,2.03398,2.07673,1.83454,1.86187,354953.3170574149,0
ALICE.V,D,20240319,000000,1.86489,1.89081,1.57942,1.64368,664773.0937858797,0
ALICE.V,D,20240320,000000,1.65053,1.85945,1.57781,1.8527,464370.43697188486,0
ALICE.V,D,20240321,000000,1.84111,1.87412,1.78327,1.84158,174772.3411166068,0
ALICE.V,D,20240322,000000,1.84258,1.94975,1.75377,1.77439,540066.4301521017,0
ALICE.V,D,20240323,000000,1.77539,1.89204,1.77141,1.861,321093.0404843453,0
ALICE.V,D,20240324,000000,1.859,1.887,1.79982,1.88389,268982.5899201691,0
ALICE.V,D,20240325,000000,1.88289,1.97418,1.85989,1.95929,456844.6557766435,0
ALICE.V,D,20240326,000000,1.96027,2.04104,1.93635,2.04102,1161192.623186771,0
ALICE.V,D,20240327,000000,2.03904,2.04204,1.89298,1.9483,803915.5482893245,0
ALICE.V,D,20240328,000000,1.94628,1.95828,1.88091,1.9234,667892.107381967,0
ALICE.V,D,20240329,000000,1.9244,1.98528,1.8733,1.94493,1067683.0924884921,0
ALICE.V,D,20240330,000000,1.94191,1.9629,1.85272,1.85973,539936.5242493397,0
ALICE.V,D,20240331,000000,1.85872,1.96794,1.8457,1.93523,579344.9735363263,0
ALICE.V,D,20240401,000000,1.94123,2.05656,1.81791,1.86571,925364.0470570754,0
ALICE.V,D,20240402,000000,1.86669,1.88366,1.67103,1.72869,603020.692729963,0
ALICE.V,D,20240403,000000,1.72869,1.78171,1.65433,1.71948,551429.1982567569,0
ALICE.V,D,20240404,000000,1.72248,1.82591,1.6883,1.77143,460503.12364723394,0
ALICE.V,D,20240405,000000,1.77143,1.78352,1.6624,1.72559,443154.6183340571,0
ALICE.V,D,20240406,000000,1.72553,1.76544,1.7216,1.75142,446947.61827443755,0
ALICE.V,D,20240407,000000,1.75142,1.84155,1.75142,1.80614,419158.5893419367,0
ALICE.V,D,20240408,000000,1.80416,1.93696,1.78414,1.9219,524193.495401711,0
ALICE.V,D,20240409,000000,1.92288,1.93498,1.8378,1.86114,442633.84369976696,0
ALICE.V,D,20240410,000000,1.86016,1.87514,1.71269,1.77695,212360.1326097399,0
ALICE.V,D,20240411,000000,1.78198,1.86593,1.75961,1.77212,212589.96845853343,0
ALICE.V,D,20240412,000000,1.77412,1.81522,1.26224,1.41743,769448.6442255116,0
ALICE.V,D,20240413,000000,1.41042,1.42043,1.00496,1.09789,1395677.420917084,0
ALICE.V,D,20240414,000000,1.09889,1.24127,1.08388,1.19636,707507.3116425339,0
ALICE.V,D,20240415,000000,1.20336,1.3184,1.14557,1.1782,441496.7548811002,0
ALICE.V,D,20240416,000000,1.1772,1.23225,1.13061,1.22124,431971.99320094555,0
ALICE.V,D,20240417,000000,1.22224,1.22324,1.12698,1.20387,462257.18177775195,0
ALICE.V,D,20240418,000000,1.20287,1.2545,1.15594,1.24536,256729.63451496186,0
ALICE.V,D,20240419,000000,1.24337,1.30785,1.13899,1.2864,316914.49927016965,0
ALICE.V,D,20240420,000000,1.28843,1.40749,1.2455,1.39442,295073.0025937365,0
ALICE.V,D,20240421,000000,1.39742,1.40849,1.33428,1.36523,256075.0532859622,0
ALICE.V,D,20240422,000000,1.36623,1.40376,1.34924,1.3784,287481.248516572,0
ALICE.V,D,20240423,000000,1.37741,1.39855,1.3396,1.366,243634.83755203403,0
ALICE.V,D,20240424,000000,1.36597,1.41397,1.29382,1.31079,361330.8110902356,0
ALICE.V,D,20240425,000000,1.31079,1.31524,1.24171,1.30924,356478.51392763364,0
ALICE.V,D,20240426,000000,1.30624,1.30952,1.24637,1.28051,156987.19453242395,0
ALICE.V,D,20240427,000000,1.27887,1.29158,1.21751,1.27185,134181.04978311312,0
ALICE.V,D,20240428,000000,1.27185,1.34846,1.26599,1.30622,344477.23521487735,0
ALICE.V,D,20240429,000000,1.30722,1.30913,1.23563,1.26262,269440.55638727214,0
ALICE.V,D,20240430,000000,1.26353,1.30354,1.1564,1.18346,713905.8437058915,0
ALICE.V,D,20240501,000000,1.18246,1.21145,1.09047,1.17823,617124.8340331424,0
ALICE.V,D,20240502,000000,1.18222,1.21902,1.13982,1.21206,264882.68142367085,0
ALICE.V,D,20240503,000000,1.21205,1.26256,1.16912,1.25453,267134.3115505425,0
ALICE.V,D,20240504,000000,1.25353,1.2595,1.22112,1.22912,229219.16082240047,0
ALICE.V,D,20240505,000000,1.22911,1.27711,1.19614,1.24614,182547.88422179103,0
ALICE.V,D,20240506,000000,1.24615,1.28799,1.20508,1.22202,225875.62640082918,0
ALICE.V,D,20240507,000000,1.22101,1.2368,1.18394,1.19596,272247.1968936731,0
ALICE.V,D,20240508,000000,1.19895,1.24169,1.14087,1.16764,538993.2295120569,0
ALICE.V,D,20240509,000000,1.16864,1.21682,1.13652,1.21582,186205.2364076073,0
ALICE.V,D,20240510,000000,1.21482,1.23588,1.14547,1.16165,193291.07377781175,0
ALICE.V,D,20240511,000000,1.16564,1.18673,1.14575,1.14875,112117.59198025696,0
ALICE.V,D,20240512,000000,1.14776,1.15753,1.11762,1.12153,188253.1699426285,0
ALICE.V,D,20240513,000000,1.12152,1.15277,1.06068,1.12188,329917.3799457938,0
ALICE.V,D,20240514,000000,1.12289,1.13535,1.09366,1.1016,240102.24059282432,0
ALICE.V,D,20240515,000000,1.10059,1.17187,1.08083,1.16068,281717.56970220926,0
ALICE.V,D,20240516,000000,1.1637,1.18796,1.13233,1.1641,211826.7740882563,0
ALICE.V,D,20240517,000000,1.16409,1.23751,1.1571,1.20941,213305.44092476365,0
ALICE.V,D,20240518,000000,1.20942,1.21835,1.1784,1.19622,146172.75316721012,0
ALICE.V,D,20240519,000000,1.1952,1.20619,1.142,1.14993,133065.67017395244,0
ALICE.V,D,20240520,000000,1.15093,1.26053,1.131,1.25448,322846.7473554271,0
ALICE.V,D,20240521,000000,1.25648,1.31468,1.24515,1.27672,358521.9529631368,0
ALICE.V,D,20240522,000000,1.27666,1.30876,1.24885,1.28745,233333.26686019756,0
ALICE.V,D,20240523,000000,1.28646,1.3013,1.16294,1.23822,297697.6451967995,0
ALICE.V,D,20240524,000000,1.23922,1.27189,1.20165,1.26885,170621.9289326577,0
ALICE.V,D,20240525,000000,1.27185,1.34873,1.26776,1.30374,502033.0526384879,0
ALICE.V,D,20240526,000000,1.30173,1.32585,1.27822,1.29164,196794.71721828944,0
ALICE.V,D,20240527,000000,1.2915,1.33362,1.27626,1.31166,492745.05288917816,0
ALICE.V,D,20240528,000000,1.30668,1.31167,1.25608,1.2883,480324.08052662364,0
ALICE.V,D,20240529,000000,1.2893,1.32055,1.26851,1.28558,300170.4961002182,0
ALICE.V,D,20240530,000000,1.28557,1.31947,1.23426,1.29355,191415.1844300073,0
ALICE.V,D,20240531,000000,1.29355,1.75658,1.26248,1.61208,15665090.998453781,0
ALICE.V,D,20240601,000000,1.61108,1.74062,1.51447,1.54163,7916889.121822689,0
ALICE.V,D,20240602,000000,1.54163,1.67782,1.53563,1.56417,2460658.407346176,0
ALICE.V,D,20240603,000000,1.56717,2.78544,1.56717,2.3446,47716236.71742102,0
ALICE.V,D,20240604,000000,2.3476,2.44556,2.126,2.189,10095039.327392781,0
ALICE.V,D,20240605,000000,2.187,2.32477,2.10519,2.22122,6239175.367333479,0
ALICE.V,D,20240606,000000,2.21822,2.26402,2.04002,2.06934,2619972.309350492,0
ALICE.V,D,20240607,000000,2.06934,2.10984,1.67764,1.78832,2627566.182169604,0
ALICE.V,D,20240608,000000,1.78632,1.83525,1.71066,1.73081,1891700.0300942848,0
ALICE.V,D,20240609,000000,1.73179,1.74183,1.6887,1.70474,907433.9358944957,0
ALICE.V,D,20240610,000000,1.70317,1.71174,1.59268,1.61156,1440074.9164929404,0
ALICE.V,D,20240611,000000,1.61057,1.61153,1.48324,1.53968,1618083.9071950577,0
ALICE.V,D,20240612,000000,1.54068,1.59682,1.48685,1.53049,861207.8141369893,0
ALICE.V,D,20240613,000000,1.53049,1.54585,1.43176,1.4974,834489.6390495371,0
ALICE.V,D,20240614,000000,1.4974,1.54198,1.35617,1.41699,1752174.46510629,0
ALICE.V,D,20240615,000000,1.41701,1.47188,1.37617,1.4072,901142.1155416013,0
ALICE.V,D,20240616,000000,1.4052,1.42796,1.37216,1.39189,641632.6150239318,0
ALICE.V,D,20240617,000000,1.39388,1.41267,1.21926,1.26642,1134524.0564940856,0
ALICE.V,D,20240618,000000,1.26742,1.26942,1.05782,1.11038,882981.4925895443,0
ALICE.V,D,20240619,000000,1.11039,1.17545,1.10239,1.15852,907575.5280936724,0
ALICE.V,D,20240620,000000,1.15754,1.21251,1.14255,1.16617,632695.395796367,0
ALICE.V,D,20240621,000000,1.16617,1.26019,1.15631,1.19826,1395961.3381062406,0
ALICE.V,D,20240622,000000,1.19726,1.19827,1.14758,1.15554,526801.1098679085,0
ALICE.V,D,20240623,000000,1.15542,1.17048,1.09029,1.11622,355028.36345446453,0
ALICE.V,D,20240624,000000,1.11523,1.13229,1.06033,1.12118,751844.3224805197,0
ALICE.V,D,20240625,000000,1.12218,1.19558,1.11536,1.16778,623230.5518210032,0
ALICE.V,D,20240626,000000,1.16978,1.17664,1.10767,1.13111,363184.8338340186,0
ALICE.V,D,20240627,000000,1.13113,1.16481,1.09798,1.15337,341879.50458125613,0
ALICE.V,D,20240628,000000,1.15348,1.15677,1.0899,1.09782,434013.8240317384,0
ALICE.V,D,20240629,000000,1.09881,1.0998,1.0543,1.0582,379668.91961957765,0
ALICE.V,D,20240630,000000,1.0582,1.09331,1.04638,1.08332,286353.90736807085,0
ALICE.V,D,20240701,000000,1.08332,1.13921,1.08332,1.11576,426110.66957504617,0
ALICE.V,D,20240702,000000,1.11481,1.12944,1.08058,1.10423,362834.02115780703,0
ALICE.V,D,20240703,000000,1.10423,1.11225,1.05585,1.06781,204770.31538292827,0
ALICE.V,D,20240704,000000,1.0668,1.06681,0.930246,0.951467,464692.32297864667,0
ALICE.V,D,20240705,000000,0.950467,0.954465,0.792802,0.882053,720314.3981465143,0
ALICE.V,D,20240706,000000,0.882071,0.990119,0.878991,0.98302,355766.88947453577,0
ALICE.V,D,20240707,000000,0.98403,1.0011,0.930916,0.939897,814959.6715530249,0
ALICE.V,D,20240708,000000,0.941896,0.983852,0.88992,0.917927,703905.5152432045,0
ALICE.V,D,20240709,000000,0.917917,0.950933,0.903864,0.934981,239956.00647987213,0
ALICE.V,D,20240710,000000,0.934981,0.977049,0.929981,0.949924,357225.5543463541,0
ALICE.V,D,20240711,000000,0.948934,0.988862,0.929019,0.931972,522772.24759593135,0
ALICE.V,D,20240712,000000,0.932981,0.953267,0.912009,0.94518,505017.47106702515,0
ALICE.V,D,20240713,000000,0.944179,0.954162,0.93014,0.94016,459751.35380632704,0
ALICE.V,D,20240714,000000,0.939282,1.08938,0.931158,1.02837,2568794.3842662103,0
ALICE.V,D,20240715,000000,1.03037,1.12961,1.00634,1.07854,4609392.890625611,0
ALICE.V,D,20240716,000000,1.07754,1.11336,1.0343,1.10128,1077750.9966720378,0
ALICE.V,D,20240717,000000,1.10028,1.38412,1.09228,1.36012,3994262.572353122,0
ALICE.V,D,20240718,000000,1.36012,1.59579,1.2671,1.33073,11750706.069453128,0
ALICE.V,D,20240719,000000,1.32973,1.38204,1.27571,1.33956,2521442.8029884794,0
ALICE.V,D,20240720,000000,1.33956,1.35066,1.29156,1.30156,918328.8811293325,0
ALICE.V,D,20240721,000000,1.30556,1.32038,1.21164,1.29422,693263.678648243,0
ALICE.V,D,20240722,000000,1.29627,1.29927,1.21837,1.21937,981253.4732520992,0
ALICE.V,D,20240723,000000,1.22037,1.24,1.15715,1.17614,871778.4144743725,0
ALICE.V,D,20240724,000000,1.17514,1.20722,1.12088,1.14079,730578.9484707065,0
ALICE.V,D,20240725,000000,1.14079,1.14079,1.04775,1.09368,569820.5744964445,0
ALICE.V,D,20240726,000000,1.09572,1.15397,1.0927,1.138,705815.386915519,0
ALICE.V,D,20240727,000000,1.13899,1.17698,1.13203,1.17198,498305.27758656803,0
ALICE.V,D,20240728,000000,1.17112,1.18186,1.11286,1.1159,495445.1756983119,0
ALICE.V,D,20240729,000000,1.11689,1.1918,1.10898,1.13887,760571.7114650771,0
ALICE.V,D,20240730,000000,1.13887,1.14485,1.08367,1.09966,512615.93489057815,0
ALICE.V,D,20240731,000000,1.10022,1.15061,1.09767,1.11856,426164.12198740727,0
ALICE.V,D,20240801,000000,1.1176,1.12749,0.97806,1.05005,695987.0021335214,0
ALICE.V,D,20240802,000000,1.05016,1.08501,0.98406,0.993856,549723.4424319606,0
ALICE.V,D,20240803,000000,0.993866,1.005923,0.886406,0.918421,627921.0536672464,0
ALICE.V,D,20240804,000000,0.91942,0.947403,0.842275,0.899739,700848.3819163296,0
ALICE.V,D,20240805,000000,0.89873,0.909654,0.707993,0.801152,2156206.5212596175,0
ALICE.V,D,20240806,000000,0.803153,0.87161,0.801224,0.855325,922851.7693019244,0
ALICE.V,D,20240807,000000,0.855325,0.885354,0.818147,0.829075,428522.02383028483,0
ALICE.V,D,20240808,000000,0.828083,0.901261,0.816098,0.901261,223707.64670056337,0
ALICE.V,D,20240809,000000,0.895269,0.917229,0.885177,0.911282,284545.79371565464,0
ALICE.V,D,20240810,000000,0.910282,0.938141,0.899261,0.930177,322988.95427341835,0
ALICE.V,D,20240811,000000,0.929177,0.944132,0.862095,0.869087,315984.19018752873,0
ALICE.V,D,20240812,000000,0.868087,0.934168,0.856068,0.906091,334054.02239258745,0
ALICE.V,D,20240813,000000,0.9061,0.931242,0.883168,0.923111,301607.46396908734,0
ALICE.V,D,20240814,000000,0.925102,0.932373,0.88423,0.901081,321902.5424417092,0
ALICE.V,D,20240815,000000,0.898081,0.917128,0.84711,0.857154,346852.2732472705,0
ALICE.V,D,20240816,000000,0.857154,0.892098,0.845144,0.879255,245476.90048494973,0
ALICE.V,D,20240817,000000,0.879246,0.929074,0.864147,0.908082,775573.8514645717,0
ALICE.V,D,20240818,000000,0.91,1.21317,0.905081,1.03721,12481306.51463506,0
ALICE.V,D,20240819,000000,1.04042,1.11117,0.99625,1.02221,4194658.369276801,0
ALICE.V,D,20240820,000000,1.02122,1.19617,1.02122,1.13101,2900184.8568446767,0
ALICE.V,D,20240821,000000,1.13301,1.16911,1.11209,1.1601,1009716.8122948841,0
ALICE.V,D,20240822,000000,1.1611,1.1621,1.10813,1.14706,906663.3835508892,0
ALICE.V,D,20240823,000000,1.14706,1.23504,1.14706,1.21397,607699.0230639908,0
ALICE.V,D,20240824,000000,1.21297,1.24636,1.1784,1.18041,533401.7189494189,0
ALICE.V,D,20240825,000000,1.18971,1.20936,1.1504,1.18642,338529.85573537665,0
ALICE.V,D,20240826,000000,1.18441,1.19042,1.08821,1.0942,405757.53415493993,0
ALICE.V,D,20240827,000000,1.0992,1.12909,1.02192,1.03903,382647.2001164487,0
ALICE.V,D,20240828,000000,1.03601,1.0699,0.97509,1.00409,413061.2445810079,0
ALICE.V,D,20240829,000000,1.00209,1.05223,0.99009,1.00899,457615.847596432,0
ALICE.V,D,20240830,000000,1.00698,1.01999,0.943802,0.99687,314880.9352977104,0
ALICE.V,D,20240831,000000,0.99887,1.00977,0.960952,0.972815,190554.09760935066,0
ALICE.V,D,20240901,000000,0.972097,0.977804,0.923834,0.945839,330650.1278833874,0
ALICE.V,D,20240902,000000,0.94583,0.980823,0.907909,0.975844,353496.18806768884,0
ALICE.V,D,20240903,000000,0.972844,0.987931,0.916679,0.92974,408950.8372009189,0
ALICE.V,D,20240904,000000,0.929814,0.964,0.862767,0.949895,344899.944977365,0
ALICE.V,D,20240905,000000,0.951895,0.954895,0.909763,0.91866,254286.68621572296,0
ALICE.V,D,20240906,000000,0.918669,0.942802,0.848559,0.878543,429011.5524456772,0
ALICE.V,D,20240907,000000,0.877543,0.972903,0.872712,0.940906,729735.0980664451,0
ALICE.V,D,20240908,000000,0.943717,1.018745,0.935925,0.951914,1155046.3944303566,0
ALICE.V,D,20240909,000000,0.954382,1.00013,0.946801,0.996179,620389.9424279655,0
ALICE.V,D,20240910,000000,0.995497,1.012889,0.971961,0.99492,197666.09347734984,0
ALICE.V,D,20240911,000000,0.998399,1.00396,0.952848,0.988079,281071.777893873,0
ALICE.V,D,20240912,000000,0.987089,1.00702,0.976814,0.986921,257133.47849051515,0
ALICE.V,D,20240913,000000,0.986921,1.04152,0.976941,1.04042,268391.54644555884,0
ALICE.V,D,20240914,000000,1.04042,1.04642,0.99912,1.00319,213055.6958083286,0
ALICE.V,D,20240915,000000,1.00218,1.02809,0.969126,0.97401,258919.48147452433,0
ALICE.V,D,20240916,000000,0.97401,0.976586,0.913817,0.920825,379853.7059897953,0
ALICE.V,D,20240917,000000,0.922825,0.979088,0.914909,0.964096,267511.40061376203,0
ALICE.V,D,20240918,000000,0.964087,0.993911,0.93,0.983039,335741.65357480344,0
ALICE.V,D,20240919,000000,0.984492,1.07826,0.982039,1.0491,514557.4452111066,0
ALICE.V,D,20240920,000000,1.04812,1.1079,1.04809,1.08108,424693.3211672342,0
ALICE.V,D,20240921,000000,1.08111,1.18912,1.06299,1.13111,1369162.5078754628,0
ALICE.V,D,20240922,000000,1.13111,1.15108,1.081,1.082,550196.7567791692,0
ALICE.V,D,20240923,000000,1.07889,1.15786,1.07305,1.11996,485642.60145553603,0
ALICE.V,D,20240924,000000,1.11894,1.1429,1.0918,1.13694,425591.23262334,0
ALICE.V,D,20240925,000000,1.13893,1.16293,1.10881,1.11681,341850.22616826865,0
ALICE.V,D,20240926,000000,1.11582,1.15706,1.07772,1.13211,623652.5371053881,0
ALICE.V,D,20240927,000000,1.13111,1.19336,1.12611,1.18421,1441158.3351204456,0
ALICE.V,D,20240928,000000,1.18921,1.21815,1.12211,1.13813,736777.7917406448,0
ALICE.V,D,20240929,000000,1.14077,1.19848,1.11189,1.19052,854233.165820117,0
ALICE.V,D,20240930,000000,1.18776,1.20848,1.10565,1.11764,471565.58650257555,0
ALICE.V,D,20241001,000000,1.11865,1.14484,0.94973,0.980745,780079.9531882323,0
ALICE.V,D,20241002,000000,0.977746,1.00578,0.905937,0.927759,418131.67215428746,0
ALICE.V,D,20241003,000000,0.92575,0.959818,0.895866,0.921889,320192.83882019774,0
ALICE.V,D,20241004,000000,0.91989,0.987723,0.916899,0.972981,391765.09772123315,0
ALICE.V,D,20241005,000000,0.973981,0.987921,0.953857,0.961856,166014.0115965937,0
ALICE.V,D,20241006,000000,0.964855,1.00882,0.961875,0.981833,304863.61071690614,0
ALICE.V,D,20241007,000000,0.982833,1.0297,0.981696,1.02669,280800.17380643624,0
ALICE.V,D,20241008,000000,1.02669,1.03168,0.991454,1.01027,310487.93464468146,0
ALICE.V,D,20241009,000000,1.00826,1.02037,0.945168,0.962143,204857.07378968506,0
ALICE.V,D,20241010,000000,0.958194,0.984777,0.929967,0.955966,205337.54833657257,0
ALICE.V,D,20241011,000000,0.958963,1.02586,0.953959,1.02086,379879.69793253555,0
ALICE.V,D,20241012,000000,1.02287,1.05858,1.01057,1.04469,233536.0182261594,0
ALICE.V,D,20241013,000000,1.0431,1.05966,1.0058,1.03957,261288.98977893335,0
ALICE.V,D,20241014,000000,1.0391,1.13383,1.02958,1.12183,385220.7561710383,0
ALICE.V,D,20241015,000000,1.12583,1.13263,1.06071,1.08672,330704.81158151483,0
ALICE.V,D,20241016,000000,1.08572,1.11077,1.05466,1.07179,260929.33884972363,0
ALICE.V,D,20241017,000000,1.0728,1.08078,1.01766,1.03663,303528.78434051975,0
ALICE.V,D,20241018,000000,1.03864,1.09687,1.03864,1.08486,389031.81920150673,0
ALICE.V,D,20241019,000000,1.08486,1.17785,1.08286,1.13973,1095282.824475105,0
ALICE.V,D,20241020,000000,1.13634,1.42073,1.11655,1.23259,6182924.789518723,0
ALICE.V,D,20241021,000000,1.23058,1.25746,1.1815,1.20151,899275.388254478,0
ALICE.V,D,20241022,000000,1.19951,1.21014,1.14104,1.21013,536141.1140159414,0
ALICE.V,D,20241023,000000,1.21013,1.24816,1.09947,1.12979,574610.8723397293,0
ALICE.V,D,20241024,000000,1.12979,1.15662,1.11295,1.13731,289275.4465707076,0
ALICE.V,D,20241025,000000,1.13631,1.1432,1.06967,1.09204,450588.8158409337,0
ALICE.V,D,20241026,000000,1.09203,1.09203,0.9812,1.02466,427614.4987989099,0
ALICE.V,D,20241027,000000,1.02466,1.05556,1.00169,1.04755,287889.1266755647,0
ALICE.V,D,20241028,000000,1.05195,1.05605,0.98925,1.04427,376571.49223767535,0
ALICE.V,D,20241029,000000,1.04526,1.11682,1.0413,1.10662,500434.86281963746,0
ALICE.V,D,20241030,000000,1.10665,1.12956,1.08552,1.10663,405004.8324523781,0
ALICE.V,D,20241031,000000,1.10765,1.11066,1.02415,1.04363,389727.9558208765,0
ALICE.V,D,20241101,000000,1.04363,1.061,0.986309,0.988318,507571.2157800323,0
ALICE.V,D,20241102,000000,0.988318,1.01451,0.963634,0.969719,397325.3459909567,0
ALICE.V,D,20241103,000000,0.969728,0.973688,0.889671,0.925639,595804.8797466038,0
ALICE.V,D,20241104,000000,0.92463,0.940407,0.874379,0.905284,409387.9361620322,0
ALICE.V,D,20241105,000000,0.904294,0.96374,0.899433,0.942887,465612.20908762113,0
ALICE.V,D,20241106,000000,0.942877,1.07264,0.939887,1.07264,642134.8215378335,0
ALICE.V,D,20241107,000000,1.07364,1.09052,1.04451,1.06552,375229.81637241266,0
ALICE.V,D,20241108,000000,1.06852,1.08965,1.04389,1.0787,340978.0196063689,0
ALICE.V,D,20241109,000000,1.0797,1.13834,1.06865,1.13434,667590.4888842583,0
ALICE.V,D,20241110,000000,1.13334,1.20554,1.09338,1.14563,1019479.9434728435,0
ALICE.V,D,20241111,000000,1.14764,1.26397,1.13385,1.2174,1782379.144764396,0
ALICE.V,D,20241112,000000,1.21838,1.28426,1.06696,1.15275,1552616.385929923,0
ALICE.V,D,20241113,000000,1.15475,1.16365,1.03641,1.09821,967925.5447209609,0
ALICE.V,D,20241114,000000,1.1002,1.15942,1.0753,1.09513,851752.1840751397,0
ALICE.V,D,20241115,000000,1.09513,1.15851,1.04527,1.15034,643016.7169391774,0
ALICE.V,D,20241116,000000,1.15135,1.32766,1.1493,1.30346,1868529.8326248955,0
ALICE.V,D,20241117,000000,1.30246,1.31246,1.22098,1.24505,1100764.8962829432,0
ALICE.V,D,20241118,000000,1.24205,1.529,1.24004,1.31418,5211229.9738096725,0
ALICE.V,D,20241119,000000,1.31518,1.32181,1.20368,1.21853,1076518.9915030473,0
ALICE.V,D,20241120,000000,1.22251,1.23602,1.13397,1.1728,610563.0447658041,0
ALICE.V,D,20241121,000000,1.17481,1.25018,1.12597,1.23426,614011.6918302581,0
ALICE.V,D,20241122,000000,1.23406,1.2512,1.17102,1.24328,672264.435052027,0
ALICE.V,D,20241123,000000,1.24328,1.38167,1.24328,1.35847,1057983.2203221575,0
ALICE.V,D,20241124,000000,1.36047,1.59981,1.33074,1.48448,2247162.1017735745,0
ALICE.V,D,20241125,000000,1.48048,1.52853,1.35266,1.39965,1319014.7016493585,0
ALICE.V,D,20241126,000000,1.39869,1.4773,1.29562,1.3515,714244.2297047677,0
ALICE.V,D,20241127,000000,1.35249,1.47821,1.33633,1.46747,490533.19061755243,0
ALICE.V,D,20241128,000000,1.46446,1.52298,1.40927,1.51208,524802.3731613253,0
ALICE.V,D,20241129,000000,1.51206,1.53912,1.43713,1.53512,390798.1942947808,0
ALICE.V,D,20241130,000000,1.53312,1.63565,1.49455,1.59464,641819.917766711,0
ALICE.V,D,20241201,000000,1.59964,1.62619,1.5318,1.58381,551297.1274291738,0
ALICE.V,D,20241202,000000,1.58781,1.6656,1.45404,1.66058,697066.5945257103,0
ALICE.V,D,20241203,000000,1.6576,1.79031,1.57695,1.78219,959639.298463931,0
ALICE.V,D,20241204,000000,1.78516,1.91184,1.7579,1.84248,950899.5924406772,0
ALICE.V,D,20241205,000000,1.84248,1.86227,1.73125,1.81396,542527.5698966301,0
ALICE.V,D,20241206,000000,1.81054,1.90405,1.74919,1.87267,459564.61535123416,0
ALICE.V,D,20241207,000000,1.86865,1.9125,1.81256,1.82728,350774.95897892775,0
ALICE.V,D,20241208,000000,1.82528,1.92269,1.76988,1.87605,723320.482640249,0
ALICE.V,D,20241209,000000,1.87603,1.88003,1.25182,1.42041,926242.7741344428,0
ALICE.V,D,20241210,000000,1.41544,1.4864,1.25216,1.4087,885739.3755804459,0
ALICE.V,D,20241211,000000,1.4087,1.57779,1.35068,1.57377,504770.7980000494,0
ALICE.V,D,20241212,000000,1.57077,1.66768,1.54604,1.62137,447097.76145753247,0
ALICE.V,D,20241213,000000,1.62228,1.63421,1.56122,1.58629,404732.3932632486,0
ALICE.V,D,20241214,000000,1.58529,1.63316,1.47876,1.51285,351531.4204443804,0
ALICE.V,D,20241215,000000,1.51386,1.58622,1.45771,1.52566,269978.806216199,0
ALICE.V,D,20241216,000000,1.52669,1.6331,1.46527,1.51642,785012.6066044653,0
ALICE.V,D,20241217,000000,1.51241,1.51742,1.37494,1.38286,314672.3504262376,0
ALICE.V,D,20241218,000000,1.38386,1.39908,1.23159,1.26348,451983.09219933575,0
ALICE.V,D,20241219,000000,1.26249,1.26249,1.05846,1.12087,920226.6499859646,0
ALICE.V,D,20241220,000000,1.12098,1.16922,0.96143,1.16622,846234.6343514739,0
ALICE.V,D,20241221,000000,1.16826,1.22841,1.08946,1.10234,254729.72173004178,0
ALICE.V,D,20241222,000000,1.10135,1.13921,1.05689,1.09171,175074.05899654565,0
ALICE.V,D,20241223,000000,1.0937,1.2043,1.06609,1.19741,213889.59045984063,0
ALICE.V,D,20241224,000000,1.19839,1.25275,1.1523,1.21707,235623.8888099019,0
ALICE.V,D,20241225,000000,1.21907,1.24287,1.1801,1.19093,140957.5925205294,0
ALICE.V,D,20241226,000000,1.19194,1.21498,1.10283,1.12779,177528.14489186255,0
ALICE.V,D,20241227,000000,1.12375,1.18951,1.11175,1.13534,274301.8091082929,0
ALICE.V,D,20241228,000000,1.13234,1.21684,1.12935,1.20971,298502.9569834224,0
ALICE.V,D,20241229,000000,1.21072,1.21487,1.1278,1.13478,243943.5412815346,0
ALICE.V,D,20241230,000000,1.13779,1.18962,1.10044,1.14591,651506.7084543548,0
ALICE.V,D,20241231,000000,1.14092,1.15752,1.09617,1.09895,221584.6379202714,0
ALICE.V,D,20250101,000000,1.10094,1.15767,1.07888,1.15059,216157.92251704002,0
ALICE.V,D,20250102,000000,1.15059,1.20461,1.1466,1.16781,172101.69291488535,0
ALICE.V,D,20250103,000000,1.16781,1.27014,1.15503,1.26055,182594.62882239305,0
ALICE.V,D,20250104,000000,1.26242,1.29862,1.2396,1.27977,388942.1567429363,0
ALICE.V,D,20250105,000000,1.27974,1.2877,1.24461,1.28767,146459.75492652206,0
ALICE.V,D,20250106,000000,1.28767,1.34101,1.25872,1.30138,163688.0982758376,0
ALICE.V,D,20250107,000000,1.30038,1.3135,1.14166,1.15684,188619.0269193907,0
ALICE.V,D,20250108,000000,1.15283,1.16078,1.06143,1.11465,214869.76546234975,0
ALICE.V,D,20250109,000000,1.1137,1.13164,1.06942,1.10293,180396.43743013847,0
ALICE.V,D,20250110,000000,1.09893,1.12893,1.08287,1.12076,168934.3161297902,0
ALICE.V,D,20250111,000000,1.11976,1.13543,1.08928,1.11546,89134.2760069555,0
ALICE.V,D,20250112,000000,1.11746,1.11845,1.07445,1.07735,135495.10501391167,0
ALICE.V,D,20250113,000000,1.07834,1.11847,0.969747,1.04956,440466.0738585991,0
ALICE.V,D,20250114,000000,1.04856,1.10956,1.03953,1.10956,148966.13240613046,0
ALICE.V,D,20250115,000000,1.10953,1.16806,1.07552,1.16705,211972.6372244452,0
ALICE.V,D,20250116,000000,1.16704,1.17177,1.12564,1.13874,156113.34812292317,0
ALICE.V,D,20250117,000000,1.13874,1.25752,1.13478,1.2524,231105.5029489711,0
ALICE.V,D,20250118,000000,1.25139,1.26444,1.12722,1.13895,254277.79142892224,0
ALICE.V,D,20250119,000000,1.13696,1.18769,1.05282,1.06374,337500.71342322696,0
ALICE.V,D,20250120,000000,1.06489,1.13701,1.00053,1.0556,404885.0209185446,0
ALICE.V,D,20250121,000000,1.05078,1.10597,0.98886,1.08415,262894.9514658915,0
ALICE.V,D,20250122,000000,1.08025,1.08491,1.03675,1.03675,149942.00324970024,0
ALICE.V,D,20250123,000000,1.03575,1.04214,0.9942,1.02923,289864.50758620107,0
ALICE.V,D,20250124,000000,1.02823,1.04998,0.99593,1.00207,281323.0198693611,0
ALICE.V,D,20250125,000000,1.00007,1.01385,0.984833,1.00682,128344.9235587894,0
ALICE.V,D,20250126,000000,1.00781,1.03781,0.994921,1.01385,179968.94639715127,0
ALICE.V,D,20250127,000000,1.01284,1.01285,0.866402,0.949753,297937.67390707723,0
ALICE.V,D,20250128,000000,0.950772,0.961817,0.862551,0.877429,208464.2288460929,0
ALICE.V,D,20250129,000000,0.87643,0.943896,0.866514,0.921963,276140.7303312256,0
ALICE.V,D,20250130,000000,0.921982,0.973951,0.903973,0.959086,222525.87924980416,0
ALICE.V,D,20250131,000000,0.959096,0.993209,0.938944,0.960721,184196.7708839545,0
ALICE.V,D,20250201,000000,0.958731,0.979833,0.890777,0.890786,230936.4845263227,0
ALICE.V,D,20250202,000000,0.891786,0.907837,0.718065,0.740778,569802.07964706,0
ALICE.V,D,20250203,000000,0.746776,0.756818,0.536,0.745745,787667.8999559178,0
ALICE.V,D,20250204,000000,0.742838,0.748748,0.662536,0.69334,259305.22777036123,0
ALICE.V,D,20250205,000000,0.69434,0.718251,0.676074,0.682055,175722.2869636074,0
ALICE.V,D,20250206,000000,0.684034,0.702147,0.643045,0.653046,307268.08275427774,0
ALICE.V,D,20250207,000000,0.653046,0.70741,0.643051,0.66002,241132.16417043842,0
ALICE.V,D,20250208,000000,0.659026,0.718986,0.655934,0.706056,846874.3259766044,0
ALICE.V,D,20250209,000000,0.706056,0.726073,0.666067,0.694083,244716.32758205908,0
ALICE.V,D,20250210,000000,0.692083,0.745067,0.672128,0.723108,312915.4221528622,0
ALICE.V,D,20250211,000000,0.72313,0.766084,0.712879,0.72492,311989.0978410386,0
ALICE.V,D,20250212,000000,0.72792,0.804016,0.705993,0.792048,472260.72957609175,0
ALICE.V,D,20250213,000000,0.797056,0.807089,0.739022,0.759008,349475.49529139715,0
ALICE.V,D,20250214,000000,0.758015,0.794206,0.75606,0.777132,220826.68897340688,0
ALICE.V,D,20250215,000000,0.776132,0.788079,0.742074,0.748067,210290.85788549457,0
