<TICKER>,<PER>,<DATE>,<TIME>,<OPEN>,<HIGH>,<LOW>,<CLOSE>,<VOL>,<OPENINT>
APE.V,D,20220317,000000,8.70368,8.90056,7.23229,8.24062,52027544.977979,0
APE.V,D,20220318,000000,8.25523,18.0108,8.07513,13.24692,250485114.54782,0
APE.V,D,20220319,000000,13.23441,14.74807,12.12605,12.2549,76335356.654605,0
APE.V,D,20220320,000000,12.2545,12.29614,9.8049,9.82033,65941399.238547,0
APE.V,D,20220321,000000,9.82453,11.0109,9.5087,10.61294,65465069.186613,0
APE.V,D,20220322,000000,10.60474,12.58219,10.22451,12.10965,70025865.298204,0
APE.V,D,20220323,000000,12.11816,13.51035,11.51741,13.016,66332115.893222,0
APE.V,D,20220324,000000,13.02191,14.47203,12.95447,13.36885,54720461.127455,0
APE.V,D,20220325,000000,13.36264,13.70185,12.24372,12.36108,34569862.196553,0
APE.V,D,20220326,000000,12.36324,14.25592,12.29822,13.60544,35384248.129707,0
APE.V,D,20220327,000000,13.60554,14.36224,13.30032,14.19908,24531347.33329,0
APE.V,D,20220328,000000,14.19506,15.56172,14.0038,14.89075,35553314.624483,0
APE.V,D,20220329,000000,14.92056,14.92226,13.35511,13.53206,23574121.000992,0
APE.V,D,20220330,000000,13.53291,14.56122,13.08014,13.79184,25359408.104606,0
APE.V,D,20220331,000000,13.79864,14.37327,12.61792,12.79676,19516520.025395,0
APE.V,D,20220401,000000,12.78934,13.6058,12.23885,13.0193,19792078.833691,0
APE.V,D,20220402,000000,13.0089,13.82003,12.57617,12.7526,22509000.74022,0
APE.V,D,20220403,000000,12.7498,12.91216,11.87795,12.32003,14121419.42108,0
APE.V,D,20220404,000000,12.31889,12.4951,11.13843,11.91537,15265451.779148,0
APE.V,D,20220405,000000,11.92588,12.79754,11.52105,11.82366,20770066.079481,0
APE.V,D,20220406,000000,11.82568,12.04041,10.5324,10.9343,18349300.003752,0
APE.V,D,20220407,000000,10.9334,11.30013,10.62206,11.013,16633293.567643,0
APE.V,D,20220408,000000,11.013,11.61342,10.80442,10.84544,14951941.920479,0
APE.V,D,20220409,000000,10.84424,11.04901,10.60212,10.79474,6679717.0758842,0
APE.V,D,20220410,000000,10.80104,12.36491,10.78063,11.92238,12523943.360139,0
APE.V,D,20220411,000000,11.93739,12.39658,10.66423,11.03901,21154762.517424,0
APE.V,D,20220412,000000,11.04401,12.11242,10.70484,11.39682,14185639.380943,0
APE.V,D,20220413,000000,11.39692,13.46519,11.29419,13.19436,25338081.605335,0
APE.V,D,20220414,000000,13.19746,13.55251,11.93389,12.13291,20322843.355551,0
APE.V,D,20220415,000000,12.13451,12.61222,11.9898,12.16563,8037594.50364,0
APE.V,D,20220416,000000,12.16903,12.29483,11.33403,11.77105,2986519.0821154,0
APE.V,D,20220417,000000,11.77135,12.10002,11.47709,11.92238,4243232.0449134,0
APE.V,D,20220418,000000,11.91178,11.97129,10.90218,11.72812,9882764.5888248,0
APE.V,D,20220419,000000,11.72842,13.52951,11.6746,13.26755,19320668.903459,0
APE.V,D,20220420,000000,13.27135,17.30346,12.97689,16.62152,75023333.968078,0
APE.V,D,20220421,000000,16.60332,17.5235,14.32903,14.42274,38255132.206758,0
APE.V,D,20220422,000000,14.44364,15.38398,13.70137,15.19702,25644312.422243,0
APE.V,D,20220423,000000,15.19874,18.43729,14.82967,16.985,53223070.99156,0
APE.V,D,20220424,000000,16.9831,17.87387,15.92508,17.40578,31390562.349269,0
APE.V,D,20220425,000000,17.40758,18.35187,16.18674,17.86107,34738245.453429,0
APE.V,D,20220426,000000,17.86187,19.60186,17.41204,18.10701,36927310.726361,0
APE.V,D,20220427,000000,18.11521,19.93989,17.74,19.60796,27394652.73859,0
APE.V,D,20220428,000000,19.62576,27.59276,19.1115,25.8923,62593109.302811,0
APE.V,D,20220429,000000,25.9177,25.9928,18.63506,19.19822,132689966.60056,0
APE.V,D,20220430,000000,19.18952,25.60256,18.3982,20.352,107815671.33941,0
APE.V,D,20220501,000000,20.3431,21.5138,16.05701,16.2557,84813591.582917,0
APE.V,D,20220502,000000,16.235,17.32673,14.2118,14.91359,50998595.050145,0
APE.V,D,20220503,000000,14.90269,15.7946,13.87021,14.0263,34016799.85189,0
APE.V,D,20220504,000000,14.0315,17.63624,13.9636,15.8296,72401363.000597,0
APE.V,D,20220505,000000,15.8315,16.73815,12.89871,13.66057,44880475.657117,0
APE.V,D,20220506,000000,13.65657,13.88832,12.78092,13.18698,24330474.002583,0
APE.V,D,20220507,000000,13.18288,13.33297,12.20386,12.27674,17543546.33425,0
APE.V,D,20220508,000000,12.33977,12.55609,11.06878,11.3448,16967950.385923,0
APE.V,D,20220509,000000,11.3452,11.63527,8.6774,9.13007,32783202.767633,0
APE.V,D,20220510,000000,9.14427,10.19694,7.80206,8.06207,45660730.62698,0
APE.V,D,20220511,000000,8.0068,9.42783,5.15551,5.57779,48261675.357154,0
APE.V,D,20220512,000000,5.6014,9.01006,5.17004,6.95397,77005328.412803,0
APE.V,D,20220513,000000,6.95467,9.7691,6.8709,9.08134,67201655.558522,0
APE.V,D,20220514,000000,9.06956,9.24056,7.22011,8.37452,30895626.623557,0
APE.V,D,20220515,000000,8.38604,8.9889,8.0547,8.93846,20137017.871172,0
APE.V,D,20220516,000000,8.94046,9.18896,7.81541,8.32416,15758030.103055,0
APE.V,D,20220517,000000,8.33615,9.26267,8.00798,8.82691,24236893.414488,0
APE.V,D,20220518,000000,8.8319,9.06909,7.62977,7.95964,17186798.067269,0
APE.V,D,20220519,000000,7.97142,8.27754,7.42007,7.96143,14007788.413572,0
APE.V,D,20220520,000000,7.96203,8.3502,7.51761,7.75678,12669880.064188,0
APE.V,D,20220521,000000,7.75998,8.22197,7.56002,7.94506,9434453.6375273,0
APE.V,D,20220522,000000,7.93627,8.2191,7.75511,7.95714,8617324.8576853,0
APE.V,D,20220523,000000,7.95464,8.49015,7.8264,7.95295,16585981.604428,0
APE.V,D,20220524,000000,7.94626,7.94626,6.99779,7.43033,13209346.153216,0
APE.V,D,20220525,000000,7.43382,7.72012,7.24819,7.45904,8585852.5492717,0
APE.V,D,20220526,000000,7.45494,7.47477,6.23304,6.57142,14028732.638816,0
APE.V,D,20220527,000000,6.56367,6.64505,5.80111,6.0926,16987490.698707,0
APE.V,D,20220528,000000,6.08401,6.39252,6.00452,6.2352,8724100.5155433,0
APE.V,D,20220529,000000,6.23749,6.35819,5.96739,6.19408,8196128.4536947,0
APE.V,D,20220530,000000,6.19538,7.46577,6.15099,7.25409,15072533.5967,0
APE.V,D,20220531,000000,7.25971,7.33173,6.58483,6.75459,9695328.5249197,0
APE.V,D,20220601,000000,6.75989,7.02068,5.94595,6.06693,7961679.7239559,0
APE.V,D,20220602,000000,6.06597,6.47866,5.97492,6.39254,8634918.975945,0
APE.V,D,20220603,000000,6.39924,6.48801,5.99066,6.25565,6340150.6228714,0
APE.V,D,20220604,000000,6.25835,6.26604,6.00445,6.17001,4252042.6886053,0
APE.V,D,20220605,000000,6.17071,6.25699,6.04516,6.15537,4118589.7143038,0
APE.V,D,20220606,000000,6.15901,6.43715,6.07452,6.26527,6709071.7767274,0
APE.V,D,20220607,000000,6.26373,6.41778,5.83713,6.14862,7620477.6535268,0
APE.V,D,20220608,000000,6.15267,6.1829,5.6672,5.85529,6399493.6295174,0
APE.V,D,20220609,000000,5.85569,5.91571,5.65173,5.7118,3791663.7053132,0
APE.V,D,20220610,000000,5.71014,5.73829,5.15868,5.25986,9851765.7691422,0
APE.V,D,20220611,000000,5.26136,5.58288,4.67727,4.7743,15316204.450541,0
APE.V,D,20220612,000000,4.7729,4.84667,4.0678,4.19783,20114593.063209,0
APE.V,D,20220613,000000,4.19603,4.19877,3.20618,3.46977,48085685.056994,0
APE.V,D,20220614,000000,3.47117,3.87966,3.24765,3.4108,36148885.603405,0
APE.V,D,20220615,000000,3.4107,3.90851,3.06248,3.78002,23531848.904212,0
APE.V,D,20220616,000000,3.78461,4.09689,3.38198,3.46854,18051499.686607,0
APE.V,D,20220617,000000,3.3794,3.767,3.31662,3.65231,17865826.081838,0
APE.V,D,20220618,000000,3.6583,3.86184,3.11558,3.37369,21122934.804326,0
APE.V,D,20220619,000000,3.37812,4.51333,3.35492,4.23059,28809578.345781,0
APE.V,D,20220620,000000,4.228,4.8267,3.85059,4.38377,28119593.033029,0
APE.V,D,20220621,000000,4.39096,4.85116,4.29847,4.39946,25035073.409015,0
APE.V,D,20220622,000000,4.39946,4.48231,4.00269,4.0976,14728145.091459,0
APE.V,D,20220623,000000,4.1006,4.47812,3.95284,4.32417,13219609.268053,0
APE.V,D,20220624,000000,4.32314,4.61608,4.32018,4.51777,10392345.375126,0
APE.V,D,20220625,000000,4.51867,4.66998,4.28493,4.51454,9438989.7863583,0
APE.V,D,20220626,000000,4.52133,5.28363,4.47076,4.89886,24164447.597514,0
APE.V,D,20220627,000000,4.88852,5.23918,4.65268,5.17939,17421322.871256,0
APE.V,D,20220628,000000,5.18448,5.56323,4.79207,5.09123,28526810.586472,0
APE.V,D,20220629,000000,5.08988,5.12484,4.60789,4.73926,13238327.103814,0
APE.V,D,20220630,000000,4.7412,4.82366,4.21015,4.31821,12028148.469665,0
APE.V,D,20220701,000000,4.31651,4.8169,4.28935,4.6286,11664578.724224,0
APE.V,D,20220702,000000,4.6282,4.64069,4.35707,4.5808,7182630.670764,0
APE.V,D,20220703,000000,4.5803,4.67738,4.46703,4.58773,4219494.4676488,0
APE.V,D,20220704,000000,4.58787,4.81791,4.40636,4.81162,6919210.1092927,0
APE.V,D,20220705,000000,4.81502,5.09178,4.61302,4.9025,13171673.568695,0
APE.V,D,20220706,000000,4.9051,5.1591,4.75456,5.00978,15536337.980001,0
APE.V,D,20220707,000000,5.01058,5.23771,4.88402,5.10803,9588670.6456143,0
APE.V,D,20220708,000000,5.10903,5.29399,4.90936,4.9889,9289289.5281497,0
APE.V,D,20220709,000000,4.98621,5.09283,4.93095,5.04127,3994567.5824313,0
APE.V,D,20220710,000000,5.03907,5.06516,4.7063,4.81211,4398937.5278294,0
APE.V,D,20220711,000000,4.81141,4.82041,4.4354,4.49315,6204799.4935844,0
APE.V,D,20220712,000000,4.48986,4.48986,4.18361,4.1937,6541967.1556591,0
APE.V,D,20220713,000000,4.19623,4.56573,4.17609,4.46298,13742280.019293,0
APE.V,D,20220714,000000,4.46378,4.75355,4.33283,4.60673,10711126.027396,0
APE.V,D,20220715,000000,4.60563,4.79244,4.52538,4.6664,8961783.6165858,0
APE.V,D,20220716,000000,4.6668,4.88382,4.44892,4.70149,6814802.6417479,0
APE.V,D,20220717,000000,4.70196,5.1623,4.63981,5.04949,13707559.83188,0
APE.V,D,20220718,000000,5.04939,6.25942,4.95116,5.79037,30553666.501326,0
APE.V,D,20220719,000000,5.79307,6.36665,5.62774,6.20989,20368304.048308,0
APE.V,D,20220720,000000,6.2052,6.50392,5.81238,6.0523,19174540.602307,0
APE.V,D,20220721,000000,6.04496,6.55017,5.64273,6.36939,16349057.837762,0
APE.V,D,20220722,000000,6.36509,6.92804,6.21244,6.29839,22862055.839877,0
APE.V,D,20220723,000000,6.29648,6.89099,6.13081,6.69217,16710600.995821,0
APE.V,D,20220724,000000,6.69347,6.93469,6.4307,6.60726,10524179.246441,0
APE.V,D,20220725,000000,6.60772,6.68624,6.03771,6.2211,14228022.935392,0
APE.V,D,20220726,000000,6.2218,6.2218,5.43147,5.53257,12209465.709417,0
APE.V,D,20220727,000000,5.53327,6.63416,5.53153,6.54157,17279339.402376,0
APE.V,D,20220728,000000,6.54427,7.20829,6.33512,6.9905,27408299.527072,0
APE.V,D,20220729,000000,6.9895,7.16246,6.52152,6.67794,14700295.850747,0
APE.V,D,20220730,000000,6.67934,7.12332,6.59011,6.73689,10878088.587422,0
APE.V,D,20220731,000000,6.72789,7.30246,6.59771,6.9465,10280446.128738,0
APE.V,D,20220801,000000,6.949,7.26674,6.46657,6.57397,17046392.245666,0
APE.V,D,20220802,000000,6.57077,6.9911,6.21386,6.82646,18090271.829988,0
APE.V,D,20220803,000000,6.82526,7.48727,6.56624,7.31643,20991284.273069,0
APE.V,D,20220804,000000,7.30498,7.72341,7.06372,7.25462,15038021.269069,0
APE.V,D,20220805,000000,7.25512,7.70744,7.23825,7.50503,9427282.207572,0
APE.V,D,20220806,000000,7.50753,7.58732,7.28189,7.37132,5381170.9026476,0
APE.V,D,20220807,000000,7.37132,7.3983,7.11168,7.28498,5364481.7192702,0
APE.V,D,20220808,000000,7.28528,7.56156,7.14976,7.31468,7210748.0679102,0
APE.V,D,20220809,000000,7.31408,7.4809,6.81756,7.06991,7791586.7000494,0
APE.V,D,20220810,000000,7.06911,7.29378,6.65463,7.12136,10257714.898314,0
APE.V,D,20220811,000000,7.12335,7.27778,6.84728,6.93096,8422043.0201269,0
APE.V,D,20220812,000000,6.93076,6.9989,6.73827,6.87776,5484488.4743686,0
APE.V,D,20220813,000000,6.88156,7.1527,6.76807,6.84197,6580960.0217217,0
APE.V,D,20220814,000000,6.84177,6.89422,6.34958,6.41859,8790348.3892206,0
APE.V,D,20220815,000000,6.41822,6.79914,6.24406,6.29101,8001893.891169,0
APE.V,D,20220816,000000,6.29517,6.36037,6.07209,6.18646,6194924.3546496,0
APE.V,D,20220817,000000,6.18696,6.43774,5.94544,6.05162,6254422.9676632,0
APE.V,D,20220818,000000,6.05142,6.42472,6.00194,6.15736,7510799.6868212,0
APE.V,D,20220819,000000,6.15582,6.17782,5.07241,5.13861,14288433.422143,0
APE.V,D,20220820,000000,5.15825,5.33477,4.84491,4.99425,10027525.553534,0
APE.V,D,20220821,000000,4.9958,5.33059,4.86447,5.2441,9066260.9307427,0
APE.V,D,20220822,000000,5.2447,5.28261,4.90101,5.07249,6931555.9411198,0
APE.V,D,20220823,000000,5.07414,5.30178,5.00995,5.2014,5428983.180756,0
APE.V,D,20220824,000000,5.20768,5.57808,5.0665,5.38328,10242444.452348,0
APE.V,D,20220825,000000,5.38663,5.49387,5.18141,5.31356,5621427.7519252,0
APE.V,D,20220826,000000,5.31456,5.38505,4.8831,4.9677,5302034.7565788,0
APE.V,D,20220827,000000,4.9643,4.97485,4.6625,4.68984,6807117.6484481,0
APE.V,D,20220828,000000,4.68599,5.0634,4.67009,4.82485,5699232.8709813,0
APE.V,D,20220829,000000,4.822,4.97289,4.59453,4.91114,6052917.5136754,0
APE.V,D,20220830,000000,4.90854,5.0839,4.67457,4.82833,5439449.0969947,0
APE.V,D,20220831,000000,4.82913,4.9963,4.75974,4.84315,4258402.2532012,0
APE.V,D,20220901,000000,4.84575,4.86395,4.59935,4.74662,3380266.0255847,0
APE.V,D,20220902,000000,4.74912,4.86804,4.64122,4.70401,4347179.1056463,0
APE.V,D,20220903,000000,4.70515,4.78918,4.65544,4.714,2975664.6168788,0
APE.V,D,20220904,000000,4.71487,4.81488,4.7097,4.7729,2832589.3922858,0
APE.V,D,20220905,000000,4.772,4.8433,4.62976,4.71767,2460802.1212473,0
APE.V,D,20220906,000000,4.71857,4.8125,4.2899,4.3667,3753523.5838294,0
APE.V,D,20220907,000000,4.3661,4.46265,4.17157,4.44051,3445814.7721338,0
APE.V,D,20220908,000000,4.4406,4.54866,4.36229,4.48912,5116938.2673256,0
APE.V,D,20220909,000000,4.48933,5.29215,4.46081,5.0014,8538180.5277621,0
APE.V,D,20220910,000000,5.0002,5.09617,4.93728,4.99915,6002283.6736356,0
APE.V,D,20220911,000000,4.9995,5.82039,4.95853,5.58234,19224822.889997,0
APE.V,D,20220912,000000,5.58804,5.72407,5.23089,5.51069,9248270.2235398,0
APE.V,D,20220913,000000,5.51239,5.88955,5.02565,5.30671,16641772.197619,0
APE.V,D,20220914,000000,5.30321,5.30321,4.82779,5.07457,8591956.8168742,0
APE.V,D,20220915,000000,5.07487,5.3058,4.88802,4.99705,9781163.9698409,0
APE.V,D,20220916,000000,4.99225,4.9962,4.56009,4.66273,5728421.5818795,0
APE.V,D,20220917,000000,4.66293,5.7798,4.6338,5.6429,8953436.4782079,0
APE.V,D,20220918,000000,5.6399,5.7455,5.05869,5.0644,13127443.289901,0
APE.V,D,20220919,000000,5.0624,6.1839,4.9307,5.993,22400654.103815,0
APE.V,D,20220920,000000,5.9987,6.0499,5.5584,5.60396,14465742.923617,0
APE.V,D,20220921,000000,5.60896,6.3901,5.50955,5.8655,16688945.039508,0
APE.V,D,20220922,000000,5.8548,6.0312,5.598,5.7854,11883465.53946,0
APE.V,D,20220923,000000,5.7861,6.10159,5.44196,5.70793,11617936.774734,0
APE.V,D,20220924,000000,5.7096,5.7373,5.47086,5.49264,5623222.0167681,0
APE.V,D,20220925,000000,5.49254,5.6897,5.34666,5.5075,6256190.6924323,0
APE.V,D,20220926,000000,5.5096,5.80878,5.3623,5.46585,7051914.1840863,0
APE.V,D,20220927,000000,5.4641,5.79342,5.29137,5.38516,9680134.3933823,0
APE.V,D,20220928,000000,5.38386,5.4676,5.21688,5.3857,4626008.9141013,0
APE.V,D,20220929,000000,5.3879,5.4526,5.2766,5.42474,3700718.6771525,0
APE.V,D,20220930,000000,5.4246,5.57672,5.35033,5.4144,4797799.9778375,0
APE.V,D,20221001,000000,5.4092,5.4366,5.17972,5.2469,3009499.7616762,0
APE.V,D,20221002,000000,5.2468,5.31903,5.0718,5.1011,2276435.3536354,0
APE.V,D,20221003,000000,5.0991,5.21722,4.9534,5.18822,4198692.5779416,0
APE.V,D,20221004,000000,5.18722,5.36201,5.15672,5.26218,3392484.93184,0
APE.V,D,20221005,000000,5.26228,5.28799,5.0719,5.16762,3179947.0176903,0
APE.V,D,20221006,000000,5.16683,5.41971,5.14342,5.15528,5092156.4920871,0
APE.V,D,20221007,000000,5.15268,5.24828,5.0674,5.20713,2942052.9179973,0
APE.V,D,20221008,000000,5.20712,5.24648,5.11448,5.12123,1445322.9527549,0
APE.V,D,20221009,000000,5.11973,5.31256,5.10853,5.25695,1731036.892675,0
APE.V,D,20221010,000000,5.25485,5.35344,5.11751,5.25577,2710430.607798,0
APE.V,D,20221011,000000,5.2561,5.2561,4.61342,4.65498,14572970.14205,0
APE.V,D,20221012,000000,4.65198,4.77541,4.62567,4.70854,4991621.6948952,0
APE.V,D,20221013,000000,4.708,4.76345,4.17217,4.59297,9388680.0143083,0
APE.V,D,20221014,000000,4.59287,4.75583,4.43854,4.44918,4533694.3322855,0
APE.V,D,20221015,000000,4.44698,4.55191,4.44244,4.46032,2066331.260467,0
APE.V,D,20221016,000000,4.45987,4.58015,4.40915,4.47288,2068481.6310506,0
APE.V,D,20221017,000000,4.47248,4.58806,4.46492,4.52879,1997507.5865331,0
APE.V,D,20221018,000000,4.52909,4.63139,4.31934,4.41132,3184852.2398327,0
APE.V,D,20221019,000000,4.40844,4.44046,4.30354,4.3891,2210769.6674538,0
APE.V,D,20221020,000000,4.38566,4.38566,4.14077,4.20011,3041526.8118027,0
APE.V,D,20221021,000000,4.19938,4.54104,3.98474,4.49046,8839639.258214,0
APE.V,D,20221022,000000,4.49271,4.60162,4.4134,4.491,4063172.8011566,0
APE.V,D,20221023,000000,4.4896,4.68483,4.43578,4.63595,3136213.2804329,0
APE.V,D,20221024,000000,4.64146,4.69637,4.4802,4.52238,3061794.2911561,0
APE.V,D,20221025,000000,4.52308,4.998,4.43621,4.72681,6837987.0992343,0
APE.V,D,20221026,000000,4.72671,4.81534,4.62653,4.71132,3528228.2269442,0
APE.V,D,20221027,000000,4.70892,5.05181,4.57465,4.63888,6383879.7977322,0
APE.V,D,20221028,000000,4.63468,5.10507,4.54186,4.9783,6888753.856875,0
APE.V,D,20221029,000000,4.97529,5.12079,4.89643,4.89683,5878379.3240502,0
APE.V,D,20221030,000000,4.89557,5.14128,4.70988,4.78616,4673666.6953088,0
APE.V,D,20221031,000000,4.7845,4.8809,4.63807,4.71082,3851991.7404945,0
APE.V,D,20221101,000000,4.71262,4.77443,4.44634,4.53015,2770134.6876452,0
APE.V,D,20221102,000000,4.52455,4.5355,4.15079,4.18075,6041228.0983788,0
APE.V,D,20221103,000000,4.18075,4.57345,4.17679,4.344,4355267.754633,0
APE.V,D,20221104,000000,4.34096,4.734,4.30887,4.71633,6006525.3162008,0
APE.V,D,20221105,000000,4.71738,5.25037,4.67242,5.18326,11217126.104681121,0
APE.V,D,20221106,000000,5.18626,5.24026,4.8701,4.92339,6945629.235947899,0
APE.V,D,20221107,000000,4.91734,4.92834,4.53041,4.56155,7227362.73798533,0
APE.V,D,20221108,000000,4.56537,4.65,3.20616,3.81742,11672171.079009863,0
APE.V,D,20221109,000000,3.81341,3.99812,2.90923,3.00609,11544704.885877406,0
APE.V,D,20221110,000000,3.00102,3.96506,2.85724,3.55741,8330895.02525914,0
APE.V,D,20221111,000000,3.56024,3.89945,2.91669,3.15699,5588660.992685813,0
APE.V,D,20221112,000000,3.15426,3.24865,2.85585,2.92672,5868905.414111924,0
APE.V,D,20221113,000000,2.92572,3.03284,2.80816,2.89494,3745706.5653471802,0
APE.V,D,20221114,000000,2.89294,3.06731,2.61507,2.91662,4937637.790294849,0
APE.V,D,20221115,000000,2.91947,3.08291,2.88795,2.92907,3050793.284437194,0
APE.V,D,20221116,000000,2.93741,3.07535,2.81829,2.97026,3894188.634666524,0
APE.V,D,20221117,000000,2.97126,3.03239,2.8254,2.90373,2670709.3343289974,0
APE.V,D,20221118,000000,2.89974,3.22277,2.85788,3.16735,6347527.72473509,0
APE.V,D,20221119,000000,3.16436,3.39643,3.04334,3.35447,6181441.958966944,0
APE.V,D,20221120,000000,3.35451,3.3595,2.9402,3.02839,5289351.36983212,0
APE.V,D,20221121,000000,3.03142,3.19822,2.90161,3.14219,7558367.376758879,0
APE.V,D,20221122,000000,3.14322,3.27146,2.8453,3.25602,8484666.484136885,0
APE.V,D,20221123,000000,3.25602,3.49515,3.14525,3.42623,7857763.286173135,0
APE.V,D,20221124,000000,3.42626,3.47817,3.23547,3.3322,5827341.38971593,0
APE.V,D,20221125,000000,3.3302,3.33533,3.17652,3.2112,3082174.353898783,0
APE.V,D,20221126,000000,3.21417,3.64078,3.20817,3.5559,8810853.094777228,0
APE.V,D,20221127,000000,3.5539,3.94751,3.52495,3.88651,10192449.154957918,0
APE.V,D,20221128,000000,3.88751,4.24405,3.51906,4.0884,16608432.139335107,0
APE.V,D,20221129,000000,4.0954,4.20827,4.01627,4.12847,9639314.65211946,0
APE.V,D,20221130,000000,4.12947,4.47403,3.92065,4.08016,13561900.696868818,0
APE.V,D,20221201,000000,4.08016,4.15146,3.85439,3.91724,4942143.854445343,0
APE.V,D,20221202,000000,3.9252,4.0474,3.78824,3.98144,5452553.06102352,0
APE.V,D,20221203,000000,3.98164,4.04289,3.86977,3.88949,3927488.560630709,0
APE.V,D,20221204,000000,3.88449,4.0236,3.87139,3.9933,5308561.07077345,0
APE.V,D,20221205,000000,3.9953,4.25628,3.8944,3.97182,8406045.326269718,0
APE.V,D,20221206,000000,3.9722,4.32236,3.91702,4.14792,7869488.19503324,0
APE.V,D,20221207,000000,4.1457,4.19732,3.85684,3.9209,7137546.550267192,0
APE.V,D,20221208,000000,3.9168,3.9646,3.7606,3.94498,4469111.921183653,0
APE.V,D,20221209,000000,3.94988,4.03124,3.87639,3.90812,3660927.4900070075,0
APE.V,D,20221210,000000,3.90992,4.14402,3.88846,4.07862,5464582.679242192,0
APE.V,D,20221211,000000,4.07952,4.57925,4.03122,4.29123,10125487.641099922,0
APE.V,D,20221212,000000,4.29296,4.4417,4.16127,4.34329,9994268.386541728,0
APE.V,D,20221213,000000,4.34379,4.40444,3.92141,4.06762,10125936.773147976,0
APE.V,D,20221214,000000,4.06912,4.13822,3.939,4.02158,5752144.1957395915,0
APE.V,D,20221215,000000,4.02108,4.08181,3.93109,4.0089,3950748.0995809417,0
APE.V,D,20221216,000000,4.0111,4.0524,3.44113,3.48815,5599196.120037803,0
APE.V,D,20221217,000000,3.48945,3.51986,3.25109,3.49415,4040500.1121273222,0
APE.V,D,20221218,000000,3.49225,3.57514,3.43054,3.48645,3107746.8945453446,0
APE.V,D,20221219,000000,3.487,3.58908,3.32893,3.38157,3481320.1453910726,0
APE.V,D,20221220,000000,3.37687,3.58834,3.34773,3.52934,4724288.123351764,0
APE.V,D,20221221,000000,3.52834,3.58305,3.45887,3.55838,2852608.167711896,0
APE.V,D,20221222,000000,3.55648,3.6684,3.51465,3.58049,3535111.319828683,0
APE.V,D,20221223,000000,3.58039,3.70871,3.52338,3.56674,2752656.1558974124,0
APE.V,D,20221224,000000,3.56514,3.63987,3.54851,3.60755,1883967.5305778557,0
APE.V,D,20221225,000000,3.60755,3.61948,3.49905,3.57943,1873821.3752274597,0
APE.V,D,20221226,000000,3.58044,3.59964,3.55042,3.57728,1359634.5258865757,0
APE.V,D,20221227,000000,3.58032,3.64058,3.56352,3.63528,2188868.626923373,0
APE.V,D,20221228,000000,3.63548,3.6673,3.5386,3.61478,2780928.013151896,0
APE.V,D,20221229,000000,3.61458,3.68104,3.56072,3.61951,2452356.677265276,0
APE.V,D,20221230,000000,3.62017,3.64348,3.56338,3.5892,2095700.6736774873,0
APE.V,D,20221231,000000,3.59027,3.64758,3.58704,3.61919,998069.5635520852,0
APE.V,D,20230101,000000,3.61929,4.02445,3.61566,3.8212,3798525.694581144,0
APE.V,D,20230102,000000,3.8236,3.97635,3.79848,3.94924,2801381.7292767414,0
APE.V,D,20230103,000000,3.952,4.0397,3.86424,3.99764,2682754.108546967,0
APE.V,D,20230104,000000,3.99764,4.19128,3.98531,4.02797,4612318.095352532,0
APE.V,D,20230105,000000,4.02767,4.10239,3.97467,4.01479,2858785.0039931005,0
APE.V,D,20230106,000000,4.01759,4.04293,3.88786,4.03675,2666062.381590026,0
APE.V,D,20230107,000000,4.03701,4.23967,4.01486,4.145,3470467.50023782,0
APE.V,D,20230108,000000,4.1477,4.46546,4.07681,4.35838,5147433.75002121,0
APE.V,D,20230109,000000,4.36438,4.9944,4.36277,4.59175,12110705.329139788,0
APE.V,D,20230110,000000,4.5973,5.05724,4.47668,4.84378,9098264.947932722,0
APE.V,D,20230111,000000,4.84303,5.18325,4.7053,4.9309,6429062.221663344,0
APE.V,D,20230112,000000,4.93015,5.0811,4.52183,4.86284,10350936.27659075,0
APE.V,D,20230113,000000,4.85949,4.9969,4.69948,4.90044,6992975.905976398,0
APE.V,D,20230114,000000,4.90404,5.54383,4.89539,5.16926,13702153.606647415,0
APE.V,D,20230115,000000,5.16726,5.30596,4.92154,5.15249,5104898.749867873,0
APE.V,D,20230116,000000,5.14874,5.32165,4.80029,4.96495,5589291.054741091,0
APE.V,D,20230117,000000,4.95795,5.1199,4.86024,4.92674,3556980.4992582337,0
APE.V,D,20230118,000000,4.92364,4.94254,4.48426,4.59667,4707933.180880159,0
APE.V,D,20230119,000000,4.59077,4.82616,4.4858,4.79031,3298560.4445868973,0
APE.V,D,20230120,000000,4.79771,5.24315,4.7959,5.15868,5150827.585923727,0
APE.V,D,20230121,000000,5.16343,6.0009,5.06548,5.62613,11772718.843307748,0
APE.V,D,20230122,000000,5.59084,5.86411,5.37891,5.53211,7517540.7603317285,0
APE.V,D,20230123,000000,5.5241,5.9586,5.49937,5.66085,4641472.155135302,0
APE.V,D,20230124,000000,5.66445,5.94358,5.31944,5.43696,4908459.478691214,0
APE.V,D,20230125,000000,5.43121,6.23412,5.29569,5.92101,10187617.599695725,0
APE.V,D,20230126,000000,5.91801,6.40796,5.892,6.15049,7347455.789553969,0
APE.V,D,20230127,000000,6.16949,6.40654,5.88871,6.24537,7761346.984595057,0
APE.V,D,20230128,000000,6.24919,6.37121,5.94137,5.96213,4321412.228533407,0
APE.V,D,20230129,000000,5.96749,6.31177,5.95077,6.18071,2896263.850075941,0
APE.V,D,20230130,000000,6.20819,6.31238,5.66606,5.7704,3397815.9469103944,0
APE.V,D,20230131,000000,5.76635,5.96958,5.74423,5.85663,2625547.0076499055,0
APE.V,D,20230201,000000,5.85753,6.08807,5.51224,6.00086,3631045.1376974215,0
APE.V,D,20230202,000000,6.0027,6.27756,5.83168,5.95379,3622886.8180717947,0
APE.V,D,20230203,000000,5.95119,6.01684,5.81113,5.94868,2238769.2712542596,0
APE.V,D,20230204,000000,5.94968,6.00758,5.87871,5.93097,2398765.38968152,0
APE.V,D,20230205,000000,5.93077,5.95464,5.59382,5.74714,2301839.18347676,0
APE.V,D,20230206,000000,5.74714,5.80724,5.59481,5.65783,1834275.270942403,0
APE.V,D,20230207,000000,5.65243,5.97918,5.5709,5.95102,3878170.2131371233,0
APE.V,D,20230208,000000,5.95066,6.13996,5.74133,5.75216,3431796.3594355555,0
APE.V,D,20230209,000000,5.74134,5.79477,4.91093,5.01545,3741476.274338924,0
APE.V,D,20230210,000000,5.0155,5.12913,4.92439,5.03375,2241944.281238516,0
APE.V,D,20230211,000000,5.0291,5.38395,5.0158,5.32948,2829689.877359706,0
APE.V,D,20230212,000000,5.32998,5.40825,5.09351,5.23102,3050041.6345127784,0
APE.V,D,20230213,000000,5.23082,5.31499,4.76237,4.94597,3823695.717234915,0
APE.V,D,20230214,000000,4.94362,5.23304,4.93381,5.21843,3391578.6384265968,0
APE.V,D,20230215,000000,5.22019,5.67565,5.17731,5.58786,3377572.5452996693,0
APE.V,D,20230216,000000,5.59531,5.74695,5.22438,5.22578,4196947.895071558,0
APE.V,D,20230217,000000,5.22448,5.58427,5.15267,5.51465,3739180.0830667242,0
APE.V,D,20230218,000000,5.51385,5.76289,5.50067,5.67416,2355177.4280660395,0
APE.V,D,20230219,000000,5.68201,5.78773,5.50139,5.63464,1984539.882128483,0
APE.V,D,20230220,000000,5.63494,5.96053,5.45184,5.82523,2892890.1194864465,0
APE.V,D,20230221,000000,5.82373,5.92774,5.45009,5.57815,2428178.176339498,0
APE.V,D,20230222,000000,5.57795,5.60904,5.25113,5.4929,1884118.978233044,0
APE.V,D,20230223,000000,5.4953,5.65107,5.40092,5.44191,1748356.2996374408,0
APE.V,D,20230224,000000,5.43842,5.53701,5.0145,5.08365,2161619.804874744,0
APE.V,D,20230225,000000,5.08355,5.18746,4.85198,5.00535,2810344.551089976,0
APE.V,D,20230226,000000,5.00015,5.30531,4.99265,5.22611,1307368.0677555646,0
APE.V,D,20230227,000000,5.22646,5.28686,4.9791,5.0316,1614737.2909446545,0
APE.V,D,20230228,000000,5.033,5.1888,4.92138,4.9985,2277462.4422119646,0
APE.V,D,20230301,000000,4.99885,5.21827,4.97195,5.06456,2146069.8279641676,0
APE.V,D,20230302,000000,5.05916,5.11166,4.91171,5.00055,1925852.8706799543,0
APE.V,D,20230303,000000,5.0028,5.0038,4.56584,4.79904,2970399.429649237,0
APE.V,D,20230304,000000,4.79964,4.85569,4.58143,4.67883,2024952.5123356322,0
APE.V,D,20230305,000000,4.67917,4.9084,4.67613,4.77773,1612849.83054408,0
APE.V,D,20230306,000000,4.77357,4.87865,4.72322,4.81171,1596009.5535799598,0
APE.V,D,20230307,000000,4.81077,4.87475,4.55972,4.66257,2027772.74506387,0
APE.V,D,20230308,000000,4.66147,4.74707,4.31103,4.34544,1831593.0140495761,0
APE.V,D,20230309,000000,4.34524,4.51314,3.84825,3.95866,2633187.558527348,0
APE.V,D,20230310,000000,3.9556,4.07921,3.7998,4.05766,2484880.2853401257,0
APE.V,D,20230311,000000,4.05727,4.19643,3.61844,3.75853,3350114.3403624417,0
APE.V,D,20230312,000000,3.76868,4.303,3.76522,4.29353,2994627.446666784,0
APE.V,D,20230313,000000,4.29353,4.74669,4.20668,4.51795,4130407.4796450227,0
APE.V,D,20230314,000000,4.51595,4.68417,4.16388,4.32571,4170707.156128965,0
APE.V,D,20230315,000000,4.32675,4.47068,4.00984,4.10115,4442694.066681578,0
APE.V,D,20230316,000000,4.10216,4.38568,4.02865,4.09405,3489985.0771052726,0
APE.V,D,20230317,000000,4.09806,4.4386,4.07889,4.39611,4973378.114123679,0
APE.V,D,20230318,000000,4.39711,4.63736,4.23039,4.2948,4526129.164723811,0
APE.V,D,20230319,000000,4.29581,4.44215,4.22204,4.34312,2213237.9328533057,0
APE.V,D,20230320,000000,4.34212,4.38581,4.03415,4.07683,3492948.730842404,0
APE.V,D,20230321,000000,4.07582,4.22576,3.94775,4.12917,2628027.7003156845,0
APE.V,D,20230322,000000,4.12411,4.15572,3.82344,3.97988,3752206.719284688,0
APE.V,D,20230323,000000,3.98088,4.17679,3.97703,4.12857,2437613.6453450504,0
APE.V,D,20230324,000000,4.12857,4.21969,3.93401,4.03015,2659749.5187168187,0
APE.V,D,20230325,000000,4.02947,4.26311,3.93644,4.00588,3514850.682427517,0
APE.V,D,20230326,000000,4.00588,4.20278,3.98186,4.12365,1583329.0576795652,0
APE.V,D,20230327,000000,4.12553,4.14744,3.81833,3.90984,3286445.8873486705,0
APE.V,D,20230328,000000,3.90583,4.15091,3.87643,4.07359,3178249.909764589,0
APE.V,D,20230329,000000,4.07359,4.22627,4.05705,4.11474,2522143.1103682737,0
APE.V,D,20230330,000000,4.11323,4.20113,3.99676,4.04809,2871608.658622339,0
APE.V,D,20230331,000000,4.04809,4.20413,4.02513,4.18184,1891641.7480065743,0
APE.V,D,20230401,000000,4.18688,4.26032,4.16537,4.23953,1754812.5519250387,0
APE.V,D,20230402,000000,4.24157,4.39485,4.07687,4.10955,2755440.825861442,0
APE.V,D,20230403,000000,4.09454,4.39105,4.06054,4.14962,5346978.618747683,0
APE.V,D,20230404,000000,4.14966,4.35879,4.14382,4.26017,3081576.468184213,0
APE.V,D,20230405,000000,4.26213,4.37035,4.16583,4.22852,2254986.5109380977,0
APE.V,D,20230406,000000,4.22856,4.24581,4.14624,4.18646,1254241.166399463,0
APE.V,D,20230407,000000,4.19251,4.34626,4.14207,4.19014,2316794.0912551545,0
APE.V,D,20230408,000000,4.1871,4.32412,4.16404,4.20468,1497292.7176981014,0
APE.V,D,20230409,000000,4.20068,4.22349,4.15361,4.22283,762317.3766093836,0
APE.V,D,20230410,000000,4.21983,4.2629,4.16471,4.23447,1114787.2232910404,0
APE.V,D,20230411,000000,4.24143,4.40318,4.24143,4.35326,2198011.294097109,0
APE.V,D,20230412,000000,4.3503,4.72362,4.18314,4.32337,6063813.707709025,0
APE.V,D,20230413,000000,4.32337,4.55323,4.32337,4.46628,3664598.391069188,0
APE.V,D,20230414,000000,4.46428,4.67809,4.37376,4.54977,3215943.759128544,0
APE.V,D,20230415,000000,4.54377,4.59522,4.4682,4.51406,1504480.9071737397,0
APE.V,D,20230416,000000,4.50801,4.56315,4.44882,4.56205,1121482.974394841,0
APE.V,D,20230417,000000,4.5621,4.59954,4.36749,4.50734,3268398.0717801577,0
APE.V,D,20230418,000000,4.50666,4.56733,4.4166,4.50481,2795449.808845751,0
APE.V,D,20230419,000000,4.50186,4.51286,4.12348,4.20327,2912058.631481905,0
APE.V,D,20230420,000000,4.19818,4.22427,4.01148,4.06433,2232930.3572197827,0
APE.V,D,20230421,000000,4.06228,4.10063,3.85615,3.86561,1819168.137095185,0
APE.V,D,20230422,000000,3.86357,3.95812,3.84504,3.95736,1459131.2843462194,0
APE.V,D,20230423,000000,3.95736,4.03957,3.89831,3.9602,1196659.7175002336,0
APE.V,D,20230424,000000,3.9382,4.02904,3.89074,3.95708,1205201.4661547916,0
APE.V,D,20230425,000000,3.95512,4.01368,3.837,4.00392,1279684.542704318,0
APE.V,D,20230426,000000,4.00892,4.13983,3.79968,3.94226,2908483.2494738977,0
APE.V,D,20230427,000000,3.93026,4.16496,3.90429,4.08639,1976073.2486009817,0
APE.V,D,20230428,000000,4.08431,4.09931,3.97771,4.04515,779166.4243223758,0
APE.V,D,20230429,000000,4.04011,4.11192,4.02285,4.09642,567169.2128625854,0
APE.V,D,20230430,000000,4.08041,4.09529,3.90422,3.92023,858280.8481619736,0
APE.V,D,20230501,000000,3.91519,3.92292,3.79027,3.85304,1527219.240994045,0
APE.V,D,20230502,000000,3.85304,3.88178,3.81184,3.84034,662877.8691976949,0
APE.V,D,20230503,000000,3.84334,3.85504,3.75305,3.841,943330.9096728283,0
APE.V,D,20230504,000000,3.84704,3.89225,3.76777,3.7964,1640758.3886780988,0
APE.V,D,20230505,000000,3.7894,3.8378,3.70141,3.78144,929788.7149151439,0
APE.V,D,20230506,000000,3.78344,3.81985,3.52915,3.59024,1404385.573746794,0
APE.V,D,20230507,000000,3.58408,3.6378,3.53285,3.5982,564967.7410049757,0
APE.V,D,20230508,000000,3.59924,3.60128,3.26225,3.34654,2586968.749219736,0
APE.V,D,20230509,000000,3.35155,3.38544,3.29963,3.33833,1029297.0254402132,0
APE.V,D,20230510,000000,3.34234,3.39437,3.17349,3.36236,2420859.7837913553,0
APE.V,D,20230511,000000,3.36036,3.36903,3.16216,3.23391,3019720.8297460205,0
APE.V,D,20230512,000000,3.24024,3.30898,3.12812,3.29664,1689904.0818807904,0
APE.V,D,20230513,000000,3.30064,3.36068,3.22293,3.26096,1188659.6773619954,0
APE.V,D,20230514,000000,3.26163,3.39103,3.22493,3.29998,1215614.8928400427,0
APE.V,D,20230515,000000,3.30065,3.42139,3.27797,3.38337,1465499.0539870125,0
APE.V,D,20230516,000000,3.37936,3.46038,3.33,3.44872,1296806.7962397235,0
APE.V,D,20230517,000000,3.43938,3.48374,3.33733,3.43737,1905008.4573314546,0
APE.V,D,20230518,000000,3.43872,3.44072,3.32833,3.39936,1352781.2124088653,0
APE.V,D,20230519,000000,3.39736,3.46749,3.37627,3.44203,1044296.4717828837,0
APE.V,D,20230520,000000,3.44572,3.45576,3.40238,3.43109,582482.5202252055,0
APE.V,D,20230521,000000,3.43443,3.51811,3.42971,3.48209,962361.269214939,0
APE.V,D,20230522,000000,3.48209,3.49675,3.42071,3.43272,766792.8989300893,0
APE.V,D,20230523,000000,3.43872,3.52135,3.42189,3.50418,745217.6468712928,0
APE.V,D,20230524,000000,3.50318,3.5266,3.3108,3.3528,1577482.2196495568,0
APE.V,D,20230525,000000,3.34783,3.35677,3.19487,3.2361,1301485.4909532168,0
APE.V,D,20230526,000000,3.23529,3.25927,3.19429,3.23865,947304.953301559,0
APE.V,D,20230527,000000,3.24397,3.24665,3.18095,3.2412,1018804.7628415815,0
APE.V,D,20230528,000000,3.2443,3.27892,3.22729,3.27875,818094.359089422,0
APE.V,D,20230529,000000,3.27775,3.35047,3.20386,3.20696,1255353.4525856925,0
APE.V,D,20230530,000000,3.20696,3.23704,3.17683,3.19925,872706.4461871948,0
APE.V,D,20230531,000000,3.19828,3.20396,3.10381,3.13147,1353844.9526204504,0
APE.V,D,20230601,000000,3.1315,3.17186,3.06646,3.08089,1421266.8988145005,0
APE.V,D,20230602,000000,3.0949,3.18376,3.0116,3.15082,1696297.7219278445,0
APE.V,D,20230603,000000,3.14382,3.16111,3.11493,3.11625,739998.6479854371,0
APE.V,D,20230604,000000,3.11625,3.27205,3.10409,3.26504,1178746.9585375632,0
APE.V,D,20230605,000000,3.26008,3.37074,2.7872,2.85583,7542553.018574887,0
APE.V,D,20230606,000000,2.85386,3.26772,2.83299,3.14891,5717929.386321873,0
APE.V,D,20230607,000000,3.14791,3.16073,2.85991,2.86331,3565824.333652854,0
APE.V,D,20230608,000000,2.86632,2.94856,2.85048,2.91252,1926847.8611404905,0
APE.V,D,20230609,000000,2.90552,2.92853,2.80441,2.83346,2167043.68989411,0
APE.V,D,20230610,000000,2.83249,2.83869,2.08877,2.30734,9299285.67552728,0
APE.V,D,20230611,000000,2.30934,2.42014,2.23403,2.39698,4867551.334820011,0
APE.V,D,20230612,000000,2.39298,2.39596,2.182,2.25409,5331420.649210291,0
APE.V,D,20230613,000000,2.25709,2.3142,2.19352,2.23351,2869457.684537946,0
APE.V,D,20230614,000000,2.23703,2.29375,2.00002,2.05681,8468924.092835624,0
APE.V,D,20230615,000000,2.05382,2.15078,2.03272,2.11125,5862688.851683063,0
APE.V,D,20230616,000000,2.11023,2.12188,2.01739,2.09434,3419126.8231387674,0
APE.V,D,20230617,000000,2.10036,2.15906,2.08358,2.11413,2690004.4223470185,0
APE.V,D,20230618,000000,2.11611,2.13838,2.02661,2.05053,2098868.4398449063,0
APE.V,D,20230619,000000,2.05253,2.08727,1.95747,2.05936,5319469.69587229,0
APE.V,D,20230620,000000,2.05634,2.1383,2.0031,2.11932,3778090.6865333817,0
APE.V,D,20230621,000000,2.11932,2.25609,2.11332,2.21211,3853812.246551565,0
APE.V,D,20230622,000000,2.20724,2.3919,2.20526,2.23947,5329089.789268424,0
APE.V,D,20230623,000000,2.23547,2.34722,2.13538,2.26431,4926168.591206817,0
APE.V,D,20230624,000000,2.26434,2.33198,2.13711,2.17437,4178308.003959076,0
APE.V,D,20230625,000000,2.17437,2.48502,2.17108,2.29874,8069279.619606001,0
APE.V,D,20230626,000000,2.29874,2.52506,2.28321,2.31949,10575996.917240918,0
APE.V,D,20230627,000000,2.31449,2.37795,2.26845,2.33744,3431848.565377581,0
APE.V,D,20230628,000000,2.33844,2.33944,2.15322,2.19498,3522495.5718007693,0
APE.V,D,20230629,000000,2.19698,2.25957,2.17167,2.21958,2105608.3202892607,0
APE.V,D,20230630,000000,2.22071,2.32965,2.06326,2.23724,4607352.272649701,0
APE.V,D,20230701,000000,2.23722,2.28877,2.17217,2.24498,2005854.5526511348,0
APE.V,D,20230702,000000,2.24398,2.28093,2.15504,2.1782,3202303.100011455,0
APE.V,D,20230703,000000,2.18422,2.2468,2.16798,2.20513,3415515.8049644274,0
APE.V,D,20230704,000000,2.20618,2.22836,2.11425,2.15847,2583008.908340326,0
APE.V,D,20230705,000000,2.15845,2.16824,2.04394,2.07231,1903087.723915964,0
APE.V,D,20230706,000000,2.07331,2.13198,1.9569,1.96682,3501609.2094189944,0
APE.V,D,20230707,000000,1.96586,1.97894,1.83617,1.89719,5198657.442107552,0
APE.V,D,20230708,000000,1.89517,2.05418,1.88813,1.96533,8098903.877834268,0
APE.V,D,20230709,000000,1.96731,2.04339,1.95635,1.98536,3770957.1714987187,0
APE.V,D,20230710,000000,1.98636,2.00828,1.85894,1.93939,3307565.379994126,0
APE.V,D,20230711,000000,1.94519,1.94621,1.89502,1.91704,1331787.2679629035,0
APE.V,D,20230712,000000,1.91308,1.93802,1.8538,1.90794,2709865.3246968696,0
APE.V,D,20230713,000000,1.89296,2.01548,1.81287,1.97479,4812824.6631883485,0
APE.V,D,20230714,000000,1.97779,2.3237,1.97779,2.02399,15261532.746405391,0
APE.V,D,20230715,000000,2.02399,2.11663,2.00678,2.06062,4347615.558371741,0
APE.V,D,20230716,000000,2.0616,2.08863,1.96196,1.99692,2605329.3865177375,0
APE.V,D,20230717,000000,1.99694,2.03153,1.91652,1.98136,4271684.167126567,0
APE.V,D,20230718,000000,1.96833,2.0964,1.96833,2.05245,7854151.41517353,0
APE.V,D,20230719,000000,2.05047,2.15039,2.03435,2.05598,5323481.013458089,0
APE.V,D,20230720,000000,2.055,2.17687,2.01818,2.11681,6577685.2704880275,0
APE.V,D,20230721,000000,2.11698,2.20576,2.09898,2.15104,5329076.636155644,0
APE.V,D,20230722,000000,2.15302,2.184,2.07325,2.08621,2975245.088727612,0
APE.V,D,20230723,000000,2.08621,2.12696,2.04931,2.08694,2357851.425057465,0
APE.V,D,20230724,000000,2.08696,2.15689,2.01762,2.04278,6962236.667668128,0
APE.V,D,20230725,000000,2.04175,2.05263,1.98182,2.00386,4970557.94492826,0
APE.V,D,20230726,000000,1.99982,2.018,1.95582,1.99808,3311336.9342208304,0
APE.V,D,20230727,000000,1.99806,2.02692,1.96849,1.97847,2084281.2055985185,0
APE.V,D,20230728,000000,1.97757,1.99642,1.95435,1.96996,1674794.9956402585,0
APE.V,D,20230729,000000,1.96894,1.9868,1.9639,1.973,987970.6203628662,0
APE.V,D,20230730,000000,1.975,1.98804,1.87202,1.89283,2226887.5609493293,0
APE.V,D,20230731,000000,1.89483,1.92187,1.81565,1.85069,3081360.109547834,0
APE.V,D,20230801,000000,1.84369,1.86674,1.76358,1.82607,3587796.7169196717,0
APE.V,D,20230802,000000,1.82407,1.85507,1.75907,1.79096,2190609.4209087524,0
APE.V,D,20230803,000000,1.78898,1.83633,1.77233,1.82152,1702263.0981301868,0
APE.V,D,20230804,000000,1.82852,1.83072,1.76685,1.79084,1953563.3959922073,0
APE.V,D,20230805,000000,1.78884,1.86803,1.77584,1.85096,1603497.5213564178,0
APE.V,D,20230806,000000,1.84837,2.06116,1.83548,1.85567,12702990.833529156,0
APE.V,D,20230807,000000,1.85765,1.95387,1.78177,1.81587,6237686.340525554,0
APE.V,D,20230808,000000,1.81486,1.88257,1.79675,1.86972,4740935.91104725,0
APE.V,D,20230809,000000,1.88072,1.88172,1.8136,1.82541,2150280.0400449457,0
APE.V,D,20230810,000000,1.82239,1.87901,1.82051,1.87801,1694383.9978586857,0
APE.V,D,20230811,000000,1.87899,1.90089,1.83345,1.89293,2851476.347424957,0
APE.V,D,20230812,000000,1.88492,2.04553,1.88492,2.02287,8508397.52283137,0
APE.V,D,20230813,000000,2.01785,2.06276,1.96159,1.99442,6152240.725222035,0
APE.V,D,20230814,000000,1.99342,2.12228,1.97448,2.06962,9800803.549538566,0
APE.V,D,20230815,000000,2.07363,2.08035,1.78605,1.84195,8253591.840189702,0
APE.V,D,20230816,000000,1.83196,1.85792,1.66225,1.6941,6915896.569224288,0
APE.V,D,20230817,000000,1.6921,1.83359,1.47143,1.53712,14776559.21330717,0
APE.V,D,20230818,000000,1.54028,1.59747,1.48784,1.56722,6760681.389884899,0
APE.V,D,20230819,000000,1.56834,1.62261,1.54641,1.59658,2258378.988170957,0
APE.V,D,20230820,000000,1.59354,1.63584,1.57984,1.60392,1950504.5075709126,0
APE.V,D,20230821,000000,1.5989,1.60394,1.50258,1.55477,2176105.986709483,0
APE.V,D,20230822,000000,1.55374,1.56776,1.44449,1.4635,5324614.611111438,0
APE.V,D,20230823,000000,1.4655,1.55544,1.46044,1.50171,5982146.59219495,0
APE.V,D,20230824,000000,1.5117,1.51171,1.41721,1.43727,3903964.2803140134,0
APE.V,D,20230825,000000,1.43827,1.44021,1.3924,1.43021,3908052.800853364,0
APE.V,D,20230826,000000,1.4312,1.48821,1.40333,1.41822,5028501.224766156,0
APE.V,D,20230827,000000,1.41723,2.10092,1.40434,1.42133,1327397.1306665132,0
APE.V,D,20230828,000000,1.42233,1.5042,1.38329,1.45533,7609666.702463338,0
APE.V,D,20230829,000000,1.45626,1.50028,1.40303,1.50028,4567080.132057814,0
APE.V,D,20230830,000000,1.49627,1.51026,1.45806,1.46497,2153788.0826470326,0
APE.V,D,20230831,000000,1.48488,1.49487,1.4108,1.42581,994655.341483804,0
APE.V,D,20230901,000000,1.42381,1.43948,1.36927,1.39427,2720334.5465073534,0
APE.V,D,20230902,000000,1.39427,1.40772,1.36886,1.38086,857107.4140270217,0
APE.V,D,20230903,000000,1.37985,1.38682,1.31683,1.34976,4683561.885189751,0
APE.V,D,20230904,000000,1.34976,1.38771,1.31758,1.32263,3271804.1013135705,0
APE.V,D,20230905,000000,1.32063,1.35801,1.31863,1.35028,1384520.3703098232,0
APE.V,D,20230906,000000,1.35034,1.35729,1.28026,1.3272,3281973.5346327615,0
APE.V,D,20230907,000000,1.3282,1.37023,1.32631,1.35531,2554406.4507566513,0
APE.V,D,20230908,000000,1.35736,1.3734,1.30746,1.32483,1303504.4277342807,0
APE.V,D,20230909,000000,1.32481,1.33964,1.31959,1.32859,655647.24768384,0
APE.V,D,20230910,000000,1.32758,1.3496,1.20881,1.23553,5745342.528315126,0
APE.V,D,20230911,000000,1.23554,1.24453,1.12764,1.14265,3747206.88613693,0
APE.V,D,20230912,000000,1.14461,1.18152,1.12599,1.14291,4387703.586894672,0
APE.V,D,20230913,000000,1.1419,1.16079,1.10682,1.14123,2767025.701366311,0
APE.V,D,20230914,000000,1.14133,1.19351,1.12462,1.12793,4528194.10825882,0
APE.V,D,20230915,000000,1.12932,1.13236,1.07619,1.09996,8904422.292413682,0
APE.V,D,20230916,000000,1.10297,1.17096,1.09219,1.1121,6983268.957222792,0
APE.V,D,20230917,000000,1.1111,1.15327,1.06115,1.09826,6548359.78451543,0
APE.V,D,20230918,000000,1.09726,1.17127,1.09226,1.14718,8458278.93272999,0
APE.V,D,20230919,000000,1.14818,1.16809,1.12509,1.13616,4549210.6419238355,0
APE.V,D,20230920,000000,1.13615,1.15114,1.09711,1.12607,4507983.266194976,0
APE.V,D,20230921,000000,1.12607,1.13311,1.08711,1.11097,4433534.309666772,0
APE.V,D,20230922,000000,1.11037,1.14173,1.09728,1.13262,2830918.428109844,0
APE.V,D,20230923,000000,1.13342,1.13667,1.11332,1.12337,2520021.8239259147,0
APE.V,D,20230924,000000,1.12508,1.12608,1.10413,1.11304,1437111.6649008512,0
APE.V,D,20230925,000000,1.11404,1.12674,1.0857,1.11894,2992082.904144336,0
APE.V,D,20230926,000000,1.11894,1.15572,1.09148,1.10943,3950562.4708297,0
APE.V,D,20230927,000000,1.10852,1.13122,1.09926,1.10718,2595215.0011271206,0
APE.V,D,20230928,000000,1.10718,1.21054,1.10617,1.19188,11491654.034072101,0
APE.V,D,20230929,000000,1.19186,1.28314,1.189,1.21037,9014861.348218411,0
APE.V,D,20230930,000000,1.21147,1.26296,1.20178,1.24835,3899746.4085685783,0
APE.V,D,20231001,000000,1.24564,1.26844,1.22259,1.24814,3196002.8401171225,0
APE.V,D,20231002,000000,1.25015,1.30387,1.15825,1.17134,12528258.21605629,0
APE.V,D,20231003,000000,1.17034,1.19127,1.14359,1.14949,7646705.317880288,0
APE.V,D,20231004,000000,1.14889,1.15321,1.09664,1.14296,4340036.587022219,0
APE.V,D,20231005,000000,1.14296,1.15221,1.07953,1.09171,4626844.550342215,0
APE.V,D,20231006,000000,1.09099,1.13444,1.06357,1.10714,19665555.950192895,0
APE.V,D,20231007,000000,1.10715,1.1085,1.08451,1.09192,2333032.2230149065,0
APE.V,D,20231008,000000,1.09292,1.10302,1.07883,1.09122,1380543.8627054438,0
APE.V,D,20231009,000000,1.09161,1.09644,0.99706,1.0251,4803118.8088010885,0
APE.V,D,20231010,000000,1.02552,1.03965,1.0026,1.02161,6000241.4395534275,0
APE.V,D,20231011,000000,1.0221,1.04172,1.00911,1.0377,3393246.6439852174,0
APE.V,D,20231012,000000,1.03821,1.05854,1.03126,1.04771,4702778.109186557,0
APE.V,D,20231013,000000,1.04771,1.06532,1.03155,1.05617,3197425.5791884586,0
APE.V,D,20231014,000000,1.05779,1.05879,1.04378,1.05194,1297367.5132640803,0
APE.V,D,20231015,000000,1.05294,1.07795,1.04798,1.07004,1601368.4594794973,0
APE.V,D,20231016,000000,1.07203,1.10124,1.05632,1.07244,2126328.4045130936,0
APE.V,D,20231017,000000,1.07244,1.13647,1.0695,1.10441,8845128.55062123,0
APE.V,D,20231018,000000,1.10141,1.14446,1.07546,1.10123,5490815.920701654,0
APE.V,D,20231019,000000,1.10223,1.12917,1.0344,1.03942,5180726.602442107,0
APE.V,D,20231020,000000,1.04052,1.09742,1.03401,1.09466,4028935.817525192,0
APE.V,D,20231021,000000,1.09645,1.13644,1.0845,1.13356,3893351.907501607,0
APE.V,D,20231022,000000,1.13457,1.15749,1.10865,1.11538,2910768.4644222176,0
APE.V,D,20231023,000000,1.11439,1.15222,1.10115,1.14859,3298032.113589883,0
APE.V,D,20231024,000000,1.14959,1.27701,1.1486,1.22985,8776795.151308661,0
APE.V,D,20231025,000000,1.22784,1.38721,1.21211,1.30634,7860325.546175056,0
APE.V,D,20231026,000000,1.30591,1.38129,1.25011,1.32691,6509853.633482928,0
APE.V,D,20231027,000000,1.32831,1.32993,1.26009,1.29829,3048627.8706410914,0
APE.V,D,20231028,000000,1.2983,1.39226,1.29027,1.38222,3748050.5950378054,0
APE.V,D,20231029,000000,1.37923,1.42733,1.34025,1.40849,3937415.529650163,0
APE.V,D,20231030,000000,1.41249,1.41448,1.34362,1.38546,2865373.374119803,0
APE.V,D,20231031,000000,1.38346,1.39843,1.27047,1.32654,3145420.839487093,0
APE.V,D,20231101,000000,1.32556,1.37469,1.27532,1.35143,11135431.472263362,0
APE.V,D,20231102,000000,1.35243,1.38468,1.29225,1.37118,4870564.964194826,0
APE.V,D,20231103,000000,1.37318,1.43622,1.3264,1.36953,9532748.06714039,0
APE.V,D,20231104,000000,1.37053,1.40351,1.34356,1.40083,3165909.1476835604,0
APE.V,D,20231105,000000,1.40181,1.48707,1.39284,1.44716,9924439.516268158,0
APE.V,D,20231106,000000,1.44714,1.51742,1.41013,1.50742,6540478.168007718,0
APE.V,D,20231107,000000,1.50842,1.51045,1.37625,1.42064,5945858.47441759,0
APE.V,D,20231108,000000,1.42065,1.48721,1.40663,1.47434,3682013.065052457,0
APE.V,D,20231109,000000,1.47334,1.53358,1.16219,1.36626,7707882.655120256,0
APE.V,D,20231110,000000,1.36726,1.44276,1.35328,1.43575,5426215.03661968,0
APE.V,D,20231111,000000,1.43473,1.47403,1.38786,1.44436,5454332.026049162,0
APE.V,D,20231112,000000,1.44535,1.48645,1.36941,1.48059,5176842.356454038,0
APE.V,D,20231113,000000,1.48261,1.57441,1.4237,1.46941,10086002.772185262,0
APE.V,D,20231114,000000,1.47141,1.49628,1.33112,1.39518,4406587.1324923495,0
APE.V,D,20231115,000000,1.3942,1.47974,1.38524,1.47377,4636291.3770215465,0
APE.V,D,20231116,000000,1.47374,1.50036,1.36614,1.40015,6571440.477685205,0
APE.V,D,20231117,000000,1.39915,1.44296,1.29713,1.36445,4684886.7115047,0
APE.V,D,20231118,000000,1.36446,1.37145,1.26554,1.34166,2645096.5312189804,0
APE.V,D,20231119,000000,1.33866,1.38068,1.30772,1.36862,1463363.036353348,0
APE.V,D,20231120,000000,1.37062,1.52005,1.36859,1.51404,9735284.616787666,0
APE.V,D,20231121,000000,1.51504,1.56009,1.31651,1.32952,11769073.615461215,0
APE.V,D,20231122,000000,1.32951,1.4635,1.3235,1.44546,4259539.109226966,0
APE.V,D,20231123,000000,1.44545,1.50944,1.40622,1.4202,3350829.475536216,0
APE.V,D,20231124,000000,1.4222,1.50232,1.39817,1.48918,4743151.902092806,0
APE.V,D,20231125,000000,1.48819,1.75307,1.47415,1.67799,23723392.138773266,0
APE.V,D,20231126,000000,1.67699,1.78098,1.61873,1.65963,11412742.057020023,0
APE.V,D,20231127,000000,1.65861,1.66765,1.57241,1.61703,7198818.903390691,0
APE.V,D,20231128,000000,1.61902,1.676,1.55014,1.58992,7528347.732154932,0
APE.V,D,20231129,000000,1.58892,1.62378,1.51542,1.57819,6412310.538479133,0
APE.V,D,20231130,000000,1.57821,1.63626,1.57017,1.57017,4613289.511536543,0
APE.V,D,20231201,000000,1.57127,1.62639,1.5593,1.59762,4380449.043472124,0
APE.V,D,20231202,000000,1.59662,1.65073,1.5847,1.64175,3000800.531016197,0
APE.V,D,20231203,000000,1.63875,1.64476,1.57458,1.60456,2866578.2468254906,0
APE.V,D,20231204,000000,1.60456,1.68746,1.54268,1.58306,12957338.207918204,0
APE.V,D,20231205,000000,1.58108,1.6892,1.58011,1.6862,6887209.678703977,0
APE.V,D,20231206,000000,1.6842,1.72933,1.58216,1.63118,6087612.143337778,0
APE.V,D,20231207,000000,1.63118,1.69944,1.5672,1.66358,5734781.682236407,0
APE.V,D,20231208,000000,1.66458,1.75256,1.6422,1.74958,5830560.09157802,0
APE.V,D,20231209,000000,1.74858,1.85963,1.74856,1.81547,9517125.27993853,0
APE.V,D,20231210,000000,1.81347,1.88617,1.76434,1.79502,6792299.223979874,0
APE.V,D,20231211,000000,1.79705,1.80916,1.55409,1.62325,9542595.844411278,0
APE.V,D,20231212,000000,1.62324,1.67845,1.58881,1.61929,5068365.534587214,0
APE.V,D,20231213,000000,1.61927,1.83016,1.54936,1.79741,9190263.904907143,0
APE.V,D,20231214,000000,1.79941,1.85313,1.74535,1.78128,7839434.591141769,0
APE.V,D,20231215,000000,1.7823,1.79832,1.67118,1.68015,5668175.151437538,0
APE.V,D,20231216,000000,1.68015,1.78277,1.65622,1.7496,4445309.8387491405,0
APE.V,D,20231217,000000,1.7506,1.7516,1.67244,1.68726,4145613.90588609,0
APE.V,D,20231218,000000,1.68525,1.69354,1.55558,1.64851,4590380.100631678,0
APE.V,D,20231219,000000,1.64952,1.67603,1.56915,1.57819,4537896.835546357,0
APE.V,D,20231220,000000,1.57819,1.664,1.57223,1.62106,4006835.599824603,0
APE.V,D,20231221,000000,1.61906,1.66632,1.61203,1.6653,3607546.1083658673,0
APE.V,D,20231222,000000,1.66532,1.72619,1.63825,1.71635,4824711.575129748,0
APE.V,D,20231223,000000,1.71537,1.73528,1.65846,1.70684,3675382.108461437,0
APE.V,D,20231224,000000,1.70485,1.74103,1.65268,1.68711,6374629.767833325,0
APE.V,D,20231225,000000,1.68511,1.83404,1.68308,1.8104,8754019.954142708,0
APE.V,D,20231226,000000,1.81138,1.82633,1.61455,1.69983,7260861.040139687,0
APE.V,D,20231227,000000,1.69983,1.7786,1.65595,1.73908,7088852.8348121885,0
APE.V,D,20231228,000000,1.74008,1.81205,1.67713,1.69973,6625303.573377071,0
APE.V,D,20231229,000000,1.70073,1.76485,1.63211,1.66132,3701294.2469781977,0
APE.V,D,20231230,000000,1.66335,1.68002,1.62703,1.63895,2492252.141765146,0
APE.V,D,20231231,000000,1.63995,1.6713,1.58673,1.6146,1990278.312292186,0
APE.V,D,20240101,000000,1.6136,1.69839,1.58186,1.69234,4147969.1739868154,0
APE.V,D,20240102,000000,1.69332,1.75837,1.66342,1.69663,4745098.208542824,0
APE.V,D,20240103,000000,1.69663,1.75542,1.30174,1.47355,9067446.721485121,0
APE.V,D,20240104,000000,1.47257,1.53384,1.42997,1.5138,5859326.926865878,0
APE.V,D,20240105,000000,1.51378,1.53264,1.3852,1.41972,7536316.518583677,0
APE.V,D,20240106,000000,1.42052,1.54727,1.34149,1.40164,5596797.946783455,0
APE.V,D,20240107,000000,1.40124,1.48322,1.36095,1.36787,7642987.708407515,0
APE.V,D,20240108,000000,1.36886,1.40825,1.25568,1.40825,6875814.438625751,0
APE.V,D,20240109,000000,1.40625,1.41417,1.26029,1.31441,5238182.545112715,0
APE.V,D,20240110,000000,1.31341,1.43427,1.28238,1.42536,8070225.080676457,0
APE.V,D,20240111,000000,1.42537,1.49505,1.40234,1.45327,6943943.219801197,0
APE.V,D,20240112,000000,1.45379,1.53396,1.37998,1.4271,9753674.521308031,0
APE.V,D,20240113,000000,1.42513,1.46581,1.39468,1.45965,5106307.679332998,0
APE.V,D,20240114,000000,1.45985,1.46913,1.38712,1.40523,4264618.038413216,0
APE.V,D,20240115,000000,1.40533,1.45539,1.37154,1.4075,4445302.170807972,0
APE.V,D,20240116,000000,1.4072,1.46842,1.40599,1.45818,6620956.379049381,0
APE.V,D,20240117,000000,1.45857,1.68377,1.44148,1.53346,22542873.464565836,0
APE.V,D,20240118,000000,1.53346,1.54854,1.35941,1.39059,11887651.622826051,0
APE.V,D,20240119,000000,1.3886,1.40319,1.31167,1.37963,6430273.898377536,0
APE.V,D,20240120,000000,1.38173,1.41741,1.37805,1.39905,3717959.5968698,0
APE.V,D,20240121,000000,1.39855,1.42971,1.38452,1.40543,2338141.174924914,0
APE.V,D,20240122,000000,1.40461,1.41204,1.30189,1.31619,3934567.01122271,0
APE.V,D,20240123,000000,1.31759,1.33786,1.23352,1.29185,4195147.778846899,0
APE.V,D,20240124,000000,1.29275,1.33414,1.28589,1.32768,2239592.5730621577,0
APE.V,D,20240125,000000,1.32861,1.34136,1.28078,1.31539,2154498.642711101,0
APE.V,D,20240126,000000,1.31569,1.39399,1.30171,1.39321,2824259.08174695,0
APE.V,D,20240127,000000,1.39513,1.46059,1.39169,1.41299,3867336.5413311133,0
APE.V,D,20240128,000000,1.414,1.45184,1.36685,1.37678,2471412.6721119597,0
APE.V,D,20240129,000000,1.37579,1.46875,1.37279,1.434,2884742.372326999,0
APE.V,D,20240130,000000,1.43401,1.44696,1.39589,1.43397,2596147.8621333656,0
APE.V,D,20240131,000000,1.43299,1.44658,1.36736,1.39522,3909034.298803593,0
APE.V,D,20240201,000000,1.39522,1.53652,1.37482,1.51156,14068262.990965705,0
APE.V,D,20240202,000000,1.51256,1.52247,1.40319,1.42424,7830697.3022984285,0
APE.V,D,20240203,000000,1.42325,1.43918,1.39337,1.39752,2408660.8687620033,0
APE.V,D,20240204,000000,1.39752,1.40252,1.3485,1.35642,2013092.8059572976,0
APE.V,D,20240205,000000,1.35098,1.38464,1.33132,1.36421,2426125.3453529524,0
APE.V,D,20240206,000000,1.36321,1.38908,1.35663,1.36358,3314811.0051366924,0
APE.V,D,20240207,000000,1.36356,1.39678,1.33594,1.39572,5739291.937232988,0
APE.V,D,20240208,000000,1.39572,1.40666,1.37766,1.39929,3592385.777474073,0
APE.V,D,20240209,000000,1.39929,1.44891,1.38921,1.42182,13614635.44808955,0
APE.V,D,20240210,000000,1.42185,1.44874,1.40703,1.43742,3930142.528333279,0
APE.V,D,20240211,000000,1.4374,1.47047,1.41642,1.4254,3368789.0422689626,0
APE.V,D,20240212,000000,1.42541,1.49058,1.41255,1.48265,3323051.665184109,0
APE.V,D,20240213,000000,1.48265,1.52883,1.44525,1.51559,7035297.792917755,0
APE.V,D,20240214,000000,1.51461,1.59756,1.50259,1.57246,7092226.418574468,0
APE.V,D,20240215,000000,1.57146,1.67877,1.53227,1.59637,12441309.418730529,0
APE.V,D,20240216,000000,1.59539,1.67997,1.58387,1.66528,10166960.607712403,0
APE.V,D,20240217,000000,1.66727,1.70024,1.5587,1.65736,9086531.605715072,0
APE.V,D,20240218,000000,1.65538,1.74923,1.62062,1.74219,8753322.078469768,0
APE.V,D,20240219,000000,1.74219,1.77512,1.67925,1.75042,6533075.635007803,0
APE.V,D,20240220,000000,1.75342,1.91062,1.6854,1.82735,17277315.065809395,0
APE.V,D,20240221,000000,1.82635,1.85537,1.63095,1.7,7237170.252364095,0
APE.V,D,20240222,000000,1.69798,1.75051,1.64351,1.70246,6052129.3337785965,0
APE.V,D,20240223,000000,1.70344,1.70845,1.61898,1.64877,3811041.0122251133,0
APE.V,D,20240224,000000,1.64577,1.77177,1.62877,1.758,4427868.260699193,0
APE.V,D,20240225,000000,1.75598,1.84672,1.74998,1.82091,5657730.534890137,0
APE.V,D,20240226,000000,1.82091,2.08515,1.80698,1.99229,18901441.088246062,0
APE.V,D,20240227,000000,1.99229,2.05771,1.90691,1.96979,10452189.964799622,0
APE.V,D,20240228,000000,1.96979,2.00728,1.6665,1.8783,13185552.372743169,0
APE.V,D,20240229,000000,1.87931,2.04031,1.83063,1.8711,12967936.978954015,0
APE.V,D,20240301,000000,1.8701,2.10766,1.8701,2.09561,11379833.779530674,0
APE.V,D,20240302,000000,2.09459,2.50062,2.06244,2.27823,21930320.114725035,0
APE.V,D,20240303,000000,2.28223,2.3911,2.023,2.233,12144966.27252205,0
APE.V,D,20240304,000000,2.234,2.50107,2.13914,2.39663,20856861.541858476,0
APE.V,D,20240305,000000,2.39663,2.39864,1.92981,2.06843,19571111.05592023,0
APE.V,D,20240306,000000,2.06843,2.19714,1.97648,2.1762,8204252.511939827,0
APE.V,D,20240307,000000,2.17409,2.24937,2.13809,2.21521,6238652.495752909,0
APE.V,D,20240308,000000,2.21316,2.25893,2.06865,2.19609,6689085.090877519,0
APE.V,D,20240309,000000,2.19709,2.37273,2.15708,2.27643,10768050.590873195,0
APE.V,D,20240310,000000,2.27541,2.4539,2.19244,2.25228,10550713.73246737,0
APE.V,D,20240311,000000,2.25836,2.35382,2.16141,2.31446,9298683.753864529,0
APE.V,D,20240312,000000,2.31646,2.35666,2.14521,2.26814,9042476.737032397,0
APE.V,D,20240313,000000,2.27014,2.67587,2.25918,2.41818,16746949.481552863,0
APE.V,D,20240314,000000,2.41821,2.43712,2.20159,2.31719,6367306.052816894,0
APE.V,D,20240315,000000,2.31817,2.34804,2.0021,2.1842,8170084.550344657,0
APE.V,D,20240316,000000,2.1832,2.24506,2.01075,2.07373,5925457.0664982125,0
APE.V,D,20240317,000000,2.07278,2.12883,1.93582,2.09787,5158437.581834273,0
APE.V,D,20240318,000000,2.10395,2.15464,1.95057,1.98886,4414059.239010886,0
APE.V,D,20240319,000000,1.99088,2.02474,1.72736,1.78257,8458303.370717427,0
APE.V,D,20240320,000000,1.78343,1.94143,1.70673,1.93396,6328252.239891331,0
APE.V,D,20240321,000000,1.92179,1.94817,1.84926,1.89656,1857249.9708405186,0
APE.V,D,20240322,000000,1.89754,1.9479,1.80177,1.8364,4167920.9231612054,0
APE.V,D,20240323,000000,1.8364,1.94398,1.8344,1.912,3283480.756853245,0
APE.V,D,20240324,000000,1.912,1.985,1.8675,1.98288,3445822.4529411914,0
APE.V,D,20240325,000000,1.98388,2.08248,1.9719,2.06431,5036718.033342507,0
APE.V,D,20240326,000000,2.06531,2.14169,2.01936,2.07402,8060705.87828916,0
APE.V,D,20240327,000000,2.07404,2.1107,1.95498,2.01128,8438096.987823082,0
APE.V,D,20240328,000000,2.01028,2.06103,1.95884,2.04141,7174148.853440396,0
APE.V,D,20240329,000000,2.04143,2.07523,1.97707,2.00996,7487893.766419693,0
APE.V,D,20240330,000000,2.00996,2.02095,1.97312,1.97975,5964999.821566446,0
APE.V,D,20240331,000000,1.97977,2.0292,1.96275,1.99024,3853091.5301709515,0
APE.V,D,20240401,000000,1.99124,2.01248,1.83102,1.87971,9446480.767304683,0
APE.V,D,20240402,000000,1.8807,1.88768,1.70302,1.73369,9903419.055549443,0
APE.V,D,20240403,000000,1.73369,1.78587,1.64968,1.68049,8828117.211206434,0
APE.V,D,20240404,000000,1.67949,1.75388,1.64435,1.69241,7825330.905309128,0
APE.V,D,20240405,000000,1.69341,1.70475,1.60038,1.67257,8408298.960456377,0
APE.V,D,20240406,000000,1.67352,1.72443,1.65173,1.69341,3410668.0179327577,0
APE.V,D,20240407,000000,1.69342,1.73937,1.69342,1.69715,3523724.0605748673,0
APE.V,D,20240408,000000,1.69915,1.78491,1.67497,1.78289,7795070.9094369495,0
APE.V,D,20240409,000000,1.78289,1.81685,1.67355,1.69622,8889436.289124602,0
APE.V,D,20240410,000000,1.69622,1.70522,1.58375,1.64695,5271132.990822869,0
APE.V,D,20240411,000000,1.64595,1.68688,1.60465,1.62011,3442810.9526385497,0
APE.V,D,20240412,000000,1.61913,1.65422,1.06436,1.30846,16972611.470443994,0
APE.V,D,20240413,000000,1.31038,1.31613,1.00241,1.1079,23717847.93357908,0
APE.V,D,20240414,000000,1.1089,1.21661,1.07788,1.17635,15033118.664663749,0
APE.V,D,20240415,000000,1.17735,1.27004,1.14557,1.1832,9839393.219234023,0
APE.V,D,20240416,000000,1.1822,1.21924,1.12059,1.21324,7637661.353252101,0
APE.V,D,20240417,000000,1.21224,1.22493,1.13299,1.20487,6599550.019412539,0
APE.V,D,20240418,000000,1.20587,1.26863,1.15793,1.25838,8133638.862210921,0
APE.V,D,20240419,000000,1.25738,1.27406,1.15399,1.23938,6683908.38034979,0
APE.V,D,20240420,000000,1.24041,1.32233,1.20348,1.31239,4895934.54465707,0
APE.V,D,20240421,000000,1.31639,1.32638,1.25826,1.28222,4463078.873339477,0
APE.V,D,20240422,000000,1.28222,1.35539,1.27515,1.34539,5907124.675304299,0
APE.V,D,20240423,000000,1.34539,1.36353,1.30827,1.31896,3142397.2529022438,0
APE.V,D,20240424,000000,1.31897,1.35892,1.24887,1.26484,5638882.356183683,0
APE.V,D,20240425,000000,1.26384,1.28725,1.20567,1.27626,4007661.005404956,0
APE.V,D,20240426,000000,1.27626,1.45271,1.23538,1.39056,14834498.369359815,0
APE.V,D,20240427,000000,1.38986,1.3943,1.22078,1.27185,11832742.650663855,0
APE.V,D,20240428,000000,1.27185,1.34646,1.26299,1.30622,5156466.052420855,0
APE.V,D,20240429,000000,1.30722,1.31113,1.2034,1.212,6632911.12688627,0
APE.V,D,20240430,000000,1.21164,1.25266,1.13199,1.1495,7321739.48765029,0
APE.V,D,20240501,000000,1.1495,1.21375,1.0927,1.18123,9495226.919144638,0
APE.V,D,20240502,000000,1.18123,1.21002,1.14084,1.20706,5454545.868105616,0
APE.V,D,20240503,000000,1.20705,1.25555,1.19511,1.24952,4210479.998203922,0
APE.V,D,20240504,000000,1.25053,1.26511,1.23426,1.24612,2840099.3882259736,0
APE.V,D,20240505,000000,1.24612,1.28105,1.20916,1.26214,4693323.443306526,0
APE.V,D,20240506,000000,1.25914,1.32101,1.24301,1.27403,4818523.086571106,0
APE.V,D,20240507,000000,1.27401,1.31601,1.23494,1.25696,5022349.579874521,0
APE.V,D,20240508,000000,1.25596,1.25696,1.19087,1.20761,4571902.846170853,0
APE.V,D,20240509,000000,1.20863,1.26686,1.20163,1.26281,4964910.1269788025,0
APE.V,D,20240510,000000,1.26081,1.29982,1.21064,1.21264,5781636.671286483,0
APE.V,D,20240511,000000,1.21264,1.23435,1.20063,1.21973,1892481.363517563,0
APE.V,D,20240512,000000,1.21773,1.23042,1.1856,1.19649,2526143.8469276275,0
APE.V,D,20240513,000000,1.19588,1.21477,1.14066,1.17387,3985044.2420570683,0
APE.V,D,20240514,000000,1.17487,1.18078,1.13032,1.14558,3979194.7554901345,0
APE.V,D,20240515,000000,1.14459,1.22891,1.12671,1.21272,5169570.068353325,0
APE.V,D,20240516,000000,1.21372,1.24126,1.16535,1.20611,3454800.2558505354,0
APE.V,D,20240517,000000,1.20811,1.27352,1.19112,1.25243,3431910.338934633,0
APE.V,D,20240518,000000,1.25143,1.26733,1.22828,1.25221,1964154.211861118,0
APE.V,D,20240519,000000,1.25221,1.26622,1.17699,1.18892,2699056.8612777446,0
APE.V,D,20240520,000000,1.18893,1.29552,1.172,1.29449,4486676.593268507,0
APE.V,D,20240521,000000,1.29551,1.33276,1.28361,1.29365,6824312.266535465,0
APE.V,D,20240522,000000,1.29465,1.32573,1.26153,1.28545,9265547.379299756,0
APE.V,D,20240523,000000,1.28545,1.30829,1.19314,1.26519,4772069.4921791395,0
APE.V,D,20240524,000000,1.26519,1.32732,1.25446,1.31584,7535574.422570528,0
APE.V,D,20240525,000000,1.31683,1.34574,1.29684,1.30774,3216232.6219362146,0
APE.V,D,20240526,000000,1.30573,1.31885,1.26323,1.27764,4461700.721986324,0
APE.V,D,20240527,000000,1.2785,1.34761,1.26924,1.34463,6625335.200114416,0
APE.V,D,20240528,000000,1.34363,1.34992,1.27409,1.32125,8659756.59093152,0
APE.V,D,20240529,000000,1.32125,1.34777,1.2957,1.30356,3792280.041296861,0
APE.V,D,20240530,000000,1.30355,1.31642,1.25426,1.28455,2665148.005599498,0
APE.V,D,20240531,000000,1.28455,1.28455,1.23199,1.25251,4561303.767178773,0
APE.V,D,20240601,000000,1.25352,1.29684,1.23475,1.29285,2257884.189904866,0
APE.V,D,20240602,000000,1.29496,1.3199,1.27321,1.27932,2253639.812253208,0
APE.V,D,20240603,000000,1.27932,1.3312,1.26026,1.30279,3192193.2222029953,0
APE.V,D,20240604,000000,1.30279,1.333,1.28246,1.318,3049169.1531577893,0
APE.V,D,20240605,000000,1.319,1.35205,1.31101,1.34713,2753160.740358156,0
APE.V,D,20240606,000000,1.34612,1.36704,1.30456,1.32158,3791750.7451820327,0
APE.V,D,20240607,000000,1.32056,1.33293,1.1051,1.19456,5162788.38587681,0
APE.V,D,20240608,000000,1.19356,1.19853,1.12087,1.12588,4794707.668532106,0
APE.V,D,20240609,000000,1.12487,1.16891,1.10088,1.15983,3899549.1287903753,0
APE.V,D,20240610,000000,1.15783,1.16442,1.11068,1.14069,3674144.614852437,0
APE.V,D,20240611,000000,1.14069,1.14069,1.05045,1.09377,5800122.279875099,0
APE.V,D,20240612,000000,1.09377,1.14185,1.05589,1.12063,3780838.249328101,0
APE.V,D,20240613,000000,1.12062,1.12369,1.0546,1.07457,3471012.1387919625,0
APE.V,D,20240614,000000,1.07457,1.09128,0.991395,1.01829,4706752.575055062,0
APE.V,D,20240615,000000,1.01829,1.06737,1.00834,1.0444,2201192.38193091,0
APE.V,D,20240616,000000,1.04441,1.07128,1.03136,1.06215,1401265.7008577983,0
APE.V,D,20240617,000000,1.06415,1.08934,0.99839,1.02753,2889540.5271191257,0
APE.V,D,20240618,000000,1.02752,1.03053,0.868687,0.906501,9533273.726232732,0
APE.V,D,20240619,000000,0.907501,0.942783,0.900667,0.928628,4478869.167858229,0
APE.V,D,20240620,000000,0.928628,0.971611,0.902395,0.921345,4039801.2225362286,0
APE.V,D,20240621,000000,0.921345,0.942444,0.897407,0.933421,2987923.4144022185,0
APE.V,D,20240622,000000,0.933421,0.943519,0.917431,0.929628,1912672.930523277,0
APE.V,D,20240623,000000,0.928536,0.948421,0.899415,0.916367,2598338.9349053293,0
APE.V,D,20240624,000000,0.916367,0.943349,0.843477,0.939314,3886592.4695638204,0
APE.V,D,20240625,000000,0.939314,0.986556,0.935335,0.975824,3593207.539370626,0
APE.V,D,20240626,000000,0.978514,0.986194,0.946416,0.973737,2896717.9719207487,0
APE.V,D,20240627,000000,0.97335,0.99858,0.947585,0.980984,2427836.9886669605,0
APE.V,D,20240628,000000,0.981103,0.993249,0.963083,0.969367,2401485.3094601464,0
APE.V,D,20240629,000000,0.969367,0.9797,0.943992,0.950372,1976360.9440078083,0
APE.V,D,20240630,000000,0.950082,0.986696,0.934484,0.975476,2321102.4992058002,0
APE.V,D,20240701,000000,0.975486,0.999428,0.93371,0.938957,4176544.840524396,0
APE.V,D,20240702,000000,0.939993,0.945693,0.893088,0.931507,4067254.1713699065,0
APE.V,D,20240703,000000,0.931507,0.935557,0.877043,0.894007,3798945.9676365983,0
APE.V,D,20240704,000000,0.894007,0.896013,0.794348,0.809546,5576596.5840117885,0
APE.V,D,20240705,000000,0.809538,0.814535,0.656987,0.709057,8213361.312757995,0
APE.V,D,20240706,000000,0.709057,0.767092,0.703063,0.761015,3480627.47658895,0
APE.V,D,20240707,000000,0.760015,0.768061,0.709929,0.716921,3072714.7465039096,0
APE.V,D,20240708,000000,0.716928,0.745888,0.663967,0.719935,4379456.255522847,0
APE.V,D,20240709,000000,0.719935,0.735904,0.701035,0.723986,3337730.4662031755,0
APE.V,D,20240710,000000,0.723993,0.748037,0.714014,0.722942,3185264.828710949,0
APE.V,D,20240711,000000,0.722942,0.756924,0.713986,0.716978,4793668.180905458,0
APE.V,D,20240712,000000,0.716978,0.740111,0.705993,0.724145,4908660.943769276,0
APE.V,D,20240713,000000,0.723137,0.744238,0.720115,0.732124,4860479.012151575,0
APE.V,D,20240714,000000,0.73222,0.75628,0.726247,0.75628,3908367.539583499,0
APE.V,D,20240715,000000,0.757273,0.792475,0.74924,0.786393,5038920.876074153,0
APE.V,D,20240716,000000,0.787393,0.826446,0.766222,0.814203,8231562.9037896795,0
APE.V,D,20240717,000000,0.814203,0.846415,0.804217,0.826074,5617433.948339841,0
APE.V,D,20240718,000000,0.826074,0.859974,0.781883,0.796841,5662379.050064919,0
APE.V,D,20240719,000000,0.794833,0.837427,0.786843,0.830349,4468414.208489588,0
APE.V,D,20240720,000000,0.830357,0.845414,0.816408,0.836359,4995065.579160372,0
APE.V,D,20240721,000000,0.836359,0.864181,0.806395,0.862172,4663060.4963144995,0
APE.V,D,20240722,000000,0.865182,0.873,0.82323,0.825247,5366304.714169373,0
APE.V,D,20240723,000000,0.825247,0.83115,0.776093,0.786094,4122950.678533016,0
APE.V,D,20240724,000000,0.787094,0.826017,0.777914,0.787858,3673606.623088299,0
APE.V,D,20240725,000000,0.786858,0.786858,0.714828,0.746783,3802600.653005884,0
APE.V,D,20240726,000000,0.748805,0.794,0.742814,0.789,3056627.9276943114,0
APE.V,D,20240727,000000,0.789,0.806105,0.776085,0.798976,2751217.0184584134,0
APE.V,D,20240728,000000,0.80008,0.802904,0.762939,0.766931,3009959.4320249767,0
APE.V,D,20240729,000000,0.767423,0.803887,0.762385,0.779914,3269481.0921483035,0
APE.V,D,20240730,000000,0.779914,0.809725,0.763756,0.771768,3456552.6411816813,0
APE.V,D,20240731,000000,0.772154,0.795793,0.741644,0.755713,2593652.2683696006,0
APE.V,D,20240801,000000,0.753729,0.760718,0.669357,0.702424,4160679.424087701,0
APE.V,D,20240802,000000,0.701438,0.72434,0.655324,0.668231,3454175.9835226475,0
APE.V,D,20240803,000000,0.668231,0.690461,0.60961,0.625606,6169482.849149291,0
APE.V,D,20240804,000000,0.625606,0.649597,0.581499,0.613822,5364127.212687726,0
APE.V,D,20240805,000000,0.613816,0.62177,0.479962,0.548104,13337701.467866663,0
APE.V,D,20240806,000000,0.548104,0.584128,0.545076,0.581221,4756732.638778844,0
APE.V,D,20240807,000000,0.582227,0.60124,0.552006,0.562051,2493231.205936909,0
APE.V,D,20240808,000000,0.562056,0.614178,0.550066,0.612184,1311189.206830974,0
APE.V,D,20240809,000000,0.613184,0.62018,0.596185,0.61219,1828240.3222608978,0
APE.V,D,20240810,000000,0.615191,0.627119,0.605085,0.625119,2063406.417766564,0
APE.V,D,20240811,000000,0.625312,0.629088,0.573063,0.580058,2144274.606094448,0
APE.V,D,20240812,000000,0.579058,0.622118,0.571051,0.605067,2148185.606264724,0
APE.V,D,20240813,000000,0.605067,0.617062,0.594107,0.613074,3068708.130883686,0
APE.V,D,20240814,000000,0.613067,0.613067,0.579151,0.587047,1989422.615876464,0
APE.V,D,20240815,000000,0.587053,0.604939,0.563056,0.569108,1908113.688962171,0
APE.V,D,20240816,000000,0.570108,0.585035,0.547104,0.565164,2959047.8092539166,0
APE.V,D,20240817,000000,0.565395,0.577052,0.556078,0.577052,2303390.6543780398,0
APE.V,D,20240818,000000,0.578,0.614086,0.576046,0.591118,2462004.930566425,0
APE.V,D,20240819,000000,0.592237,0.612092,0.579035,0.59213,6708105.915726926,0
APE.V,D,20240820,000000,0.59213,0.610024,0.580122,0.602006,3097022.5658134185,0
APE.V,D,20240821,000000,0.602006,0.644148,0.601054,0.634057,4972121.541028217,0
APE.V,D,20240822,000000,0.634317,0.654131,0.628119,0.633032,7209947.18241415,0
APE.V,D,20240823,000000,0.633032,0.710561,0.632038,0.708566,3106210.1653335746,0
APE.V,D,20240824,000000,0.708559,0.79924,0.703267,0.750263,6965846.768992464,0
APE.V,D,20240825,000000,0.750263,0.760228,0.71325,0.74226,3050807.4963860894,0
APE.V,D,20240826,000000,0.74426,0.745261,0.68313,0.687124,2914296.5558321765,0
APE.V,D,20240827,000000,0.688124,0.723051,0.654961,0.666,3182439.9266244355,0
APE.V,D,20240828,000000,0.665007,0.693049,0.635051,0.644058,3162961.7177005038,0
APE.V,D,20240829,000000,0.643058,0.656059,0.613037,0.620994,3504062.691476326,0
APE.V,D,20240830,000000,0.619981,0.639834,0.602867,0.631918,4068450.6621987894,0
APE.V,D,20240831,000000,0.631912,0.642897,0.60397,0.611878,1989218.010304881,0
APE.V,D,20240901,000000,0.610061,0.612884,0.581895,0.589894,3111576.1555286553,0
APE.V,D,20240902,000000,0.588894,0.605891,0.564932,0.601898,3943057.1995958057,0
APE.V,D,20240903,000000,0.600898,0.612957,0.588794,0.594833,2513082.6355624017,0
APE.V,D,20240904,000000,0.593881,0.615,0.566847,0.606933,4372576.588036918,0
APE.V,D,20240905,000000,0.606933,0.668893,0.601946,0.650759,10565826.91835697,0
APE.V,D,20240906,000000,0.650766,0.655764,0.610682,0.63367,5644554.681709488,0
APE.V,D,20240907,000000,0.632671,0.750925,0.631671,0.732927,18411727.121167727,0
APE.V,D,20240908,000000,0.733919,0.76384,0.711907,0.738926,11139261.61405317,0
APE.V,D,20240909,000000,0.739296,0.858112,0.721856,0.849153,15973776.665520731,0
APE.V,D,20240910,000000,0.850153,0.893152,0.808927,0.826942,17392603.45754425,0
APE.V,D,20240911,000000,0.827331,0.834958,0.74988,0.758068,13912347.123300586,0
APE.V,D,20240912,000000,0.757848,0.766077,0.73686,0.74394,8345379.427958208,0
APE.V,D,20240913,000000,0.744298,0.75394,0.721964,0.7513,4322293.544762684,0
APE.V,D,20240914,000000,0.7513,0.769208,0.737059,0.73914,5448205.733539145,0
APE.V,D,20240915,000000,0.740133,0.761068,0.726094,0.731,5642873.369696193,0
APE.V,D,20240916,000000,0.732007,0.734706,0.703789,0.713864,6806253.360252866,0
APE.V,D,20240917,000000,0.714928,0.758015,0.709858,0.745067,5800444.6668953495,0
APE.V,D,20240918,000000,0.745067,0.773031,0.723993,0.764031,7582261.489854315,0
APE.V,D,20240919,000000,0.764382,0.803201,0.76103,0.787079,6517253.540056502,0
APE.V,D,20240920,000000,0.786086,0.816918,0.776008,0.802064,4983522.4517783215,0
APE.V,D,20240921,000000,0.801072,0.818074,0.781992,0.805081,4715502.608204103,0
APE.V,D,20240922,000000,0.80408,0.817065,0.767,0.768,4449311.841819575,0
APE.V,D,20240923,000000,0.766,0.804968,0.759992,0.799968,4461360.918697546,0
APE.V,D,20240924,000000,0.79996,0.826926,0.790881,0.812959,3407258.3341578506,0
APE.V,D,20240925,000000,0.813951,0.847898,0.813951,0.841857,4206503.49500296,0
APE.V,D,20240926,000000,0.841857,0.859759,0.81478,0.832083,5147106.775044851,0
APE.V,D,20240927,000000,0.830083,0.858257,0.823049,0.850153,3605620.4613948967,0
APE.V,D,20240928,000000,0.850153,0.875105,0.795072,0.805089,6025395.082322663,0
APE.V,D,20240929,000000,0.803839,0.84883,0.794762,0.838664,5971944.419955946,0
APE.V,D,20240930,000000,0.837832,0.847339,0.775744,0.78075,4378798.895952598,0
APE.V,D,20241001,000000,0.779758,0.824868,0.67881,0.699818,9492135.731576966,0
APE.V,D,20241002,000000,0.698818,0.712843,0.653948,0.685822,6792922.434364538,0
APE.V,D,20241003,000000,0.684815,0.713893,0.654823,0.685925,6109858.221281414,0
APE.V,D,20241004,000000,0.683918,0.715943,0.677898,0.709993,3428927.7964890706,0
APE.V,D,20241005,000000,0.709979,0.723957,0.690889,0.698888,2225510.5869443435,0
APE.V,D,20241006,000000,0.699,0.73486,0.697909,0.719878,2587352.7636791407,0
APE.V,D,20241007,000000,0.720877,0.768785,0.720877,0.751774,3222175.939155003,0
APE.V,D,20241008,000000,0.751774,0.754773,0.7035,0.72148,3499073.5924821743,0
APE.V,D,20241009,000000,0.721783,0.745373,0.693362,0.707377,4074335.4946921463,0
APE.V,D,20241010,000000,0.704436,0.719194,0.672098,0.698245,3547255.064078885,0
APE.V,D,20241011,000000,0.698245,0.727905,0.688366,0.726898,2430530.8261082405,0
APE.V,D,20241012,000000,0.726905,0.737712,0.707696,0.724782,2908327.981386593,0
APE.V,D,20241013,000000,0.723783,0.730773,0.693,0.719705,2068915.8428798248,0
APE.V,D,20241014,000000,0.720072,0.774884,0.714642,0.766877,4328148.430877292,0
APE.V,D,20241015,000000,0.767885,0.786772,0.729818,0.735816,6357827.810587312,0
APE.V,D,20241016,000000,0.734809,0.751842,0.713736,0.725848,3745693.4152930602,0
APE.V,D,20241017,000000,0.725848,0.731854,0.687773,0.701754,3796979.040436356,0
APE.V,D,20241018,000000,0.702211,0.738926,0.701754,0.728905,2784571.981648696,0
APE.V,D,20241019,000000,0.727913,0.927787,0.726905,0.915789,20910913.439942043,0
APE.V,D,20241020,000000,0.919788,1.72374,0.860311,1.40354,378349712.99129015,0
APE.V,D,20241021,000000,1.40442,1.75584,1.36852,1.57234,243972042.7357379,0
APE.V,D,20241022,000000,1.57334,1.64203,1.25412,1.30606,105239028.44649073,0
APE.V,D,20241023,000000,1.30806,1.36803,1.16097,1.17875,60831811.96976834,0
APE.V,D,20241024,000000,1.17975,1.20253,1.08191,1.1463,54748457.00959315,0
APE.V,D,20241025,000000,1.1463,1.31012,1.07523,1.1649,87227074.94795659,0
APE.V,D,20241026,000000,1.1639,1.16691,1.00968,1.05262,37867667.13346184,0
APE.V,D,20241027,000000,1.05262,1.19544,1.00864,1.1584,34649370.10558988,0
APE.V,D,20241028,000000,1.1584,1.16783,0.99124,1.04727,36446932.61606169,0
APE.V,D,20241029,000000,1.04727,1.11367,1.03571,1.07667,30857572.835221205,0
APE.V,D,20241030,000000,1.07667,1.13057,1.06471,1.07564,28609220.072199486,0
APE.V,D,20241031,000000,1.07566,1.10362,0.99118,1.001686,16140055.07169033,0
APE.V,D,20241101,000000,1.001686,1.03232,0.96319,1.00631,21946573.52656769,0
APE.V,D,20241102,000000,1.00631,1.02549,0.96571,0.993712,15142105.56126761,0
APE.V,D,20241103,000000,0.993722,1.02749,0.874702,0.935635,36086109.088137954,0
APE.V,D,20241104,000000,0.934626,0.95041,0.866376,0.905293,19516183.83733609,0
APE.V,D,20241105,000000,0.905638,1.047518,0.895382,0.971883,39557667.59877181,0
APE.V,D,20241106,000000,0.971883,1.07463,0.968874,1.06764,41783987.89167631,0
APE.V,D,20241107,000000,1.06964,1.14358,1.0454,1.05153,25897894.675971843,0
APE.V,D,20241108,000000,1.05252,1.07673,0.99682,1.04568,16075661.146400888,0
APE.V,D,20241109,000000,1.04668,1.10833,1.01363,1.10732,17597092.028720766,0
APE.V,D,20241110,000000,1.10733,1.19018,1.05639,1.11062,34902662.15082384,0
APE.V,D,20241111,000000,1.11162,1.16976,1.0698,1.15231,25230678.7388996,0
APE.V,D,20241112,000000,1.15331,1.24212,1.03892,1.14975,36852782.956675224,0
APE.V,D,20241113,000000,1.14875,1.17448,1.01239,1.12322,22747999.068897285,0
APE.V,D,20241114,000000,1.12323,1.19202,1.0652,1.07313,21965160.80136597,0
APE.V,D,20241115,000000,1.07412,1.09435,1.00626,1.09033,10296324.264235258,0
APE.V,D,20241116,000000,1.08933,1.31626,1.08329,1.1544,34374972.97094567,0
APE.V,D,20241117,000000,1.1514,1.15951,1.063,1.07103,11500328.385119244,0
APE.V,D,20241118,000000,1.06904,1.1623,1.06304,1.14703,12189858.719446687,0
APE.V,D,20241119,000000,1.14603,1.16552,1.08712,1.11642,9665463.111248488,0
APE.V,D,20241120,000000,1.11842,1.14279,1.05499,1.14079,12031527.948129306,0
APE.V,D,20241121,000000,1.14179,1.1884,1.08792,1.168,11943605.355338732,0
APE.V,D,20241122,000000,1.1694,1.20924,1.12397,1.17121,10870425.023688477,0
APE.V,D,20241123,000000,1.17322,1.32335,1.17221,1.2984,20284135.153069325,0
APE.V,D,20241124,000000,1.2974,1.44259,1.23134,1.37037,22463721.5118203,0
APE.V,D,20241125,000000,1.37137,1.39341,1.27297,1.33567,13328253.761914246,0
APE.V,D,20241126,000000,1.33367,1.38628,1.2115,1.27053,11492848.434873056,0
APE.V,D,20241127,000000,1.27153,1.32394,1.248,1.31331,8795103.009349814,0
APE.V,D,20241128,000000,1.31331,1.43214,1.28614,1.39507,11642379.373556063,0
APE.V,D,20241129,000000,1.39306,1.4334,1.32212,1.41802,7445151.4237994505,0
APE.V,D,20241130,000000,1.41904,1.56869,1.38159,1.5126,13423845.213837415,0
APE.V,D,20241201,000000,1.51361,1.63501,1.43342,1.53078,22308201.74555964,0
APE.V,D,20241202,000000,1.53078,1.60977,1.43004,1.57955,22782780.725218397,0
APE.V,D,20241203,000000,1.57757,2.07752,1.50395,1.93628,44567381.76012224,0
APE.V,D,20241204,000000,1.93726,2.16597,1.84214,1.99169,38819759.97215261,0
APE.V,D,20241205,000000,1.99169,1.99869,1.81375,1.84383,16752449.912986796,0
APE.V,D,20241206,000000,1.84368,1.93646,1.79808,1.85964,11646545.91162555,0
APE.V,D,20241207,000000,1.85864,1.92258,1.81931,1.89433,8330312.374861611,0
APE.V,D,20241208,000000,1.89433,1.92952,1.8039,1.89206,6840351.334279947,0
APE.V,D,20241209,000000,1.89104,1.90876,1.29696,1.46644,25314099.48640236,0
APE.V,D,20241210,000000,1.46743,1.5264,1.29814,1.4277,20075307.404399615,0
APE.V,D,20241211,000000,1.42771,1.55501,1.37979,1.53277,10244135.544732945,0
APE.V,D,20241212,000000,1.53175,1.66051,1.515,1.59237,9558487.355354797,0
APE.V,D,20241213,000000,1.59237,1.66468,1.54537,1.5993,11974027.850684194,0
APE.V,D,20241214,000000,1.5983,1.65013,1.49478,1.52186,10709814.078970913,0
APE.V,D,20241215,000000,1.52385,1.61107,1.4897,1.56564,5036135.709634102,0
APE.V,D,20241216,000000,1.56467,1.65116,1.51368,1.57242,7382132.599640376,0
APE.V,D,20241217,000000,1.57044,1.62482,1.45304,1.48985,11969511.900533235,0
APE.V,D,20241218,000000,1.48585,1.49909,1.31384,1.32246,7290516.71007286,0
APE.V,D,20241219,000000,1.32147,1.33628,1.13164,1.18892,11485775.593744772,0
APE.V,D,20241220,000000,1.18993,1.2224,1.00293,1.21219,14270414.550992962,0
APE.V,D,20241221,000000,1.21319,1.28236,1.11144,1.12733,5482244.406627536,0
APE.V,D,20241222,000000,1.12735,1.18107,1.09624,1.14064,4569879.454389853,0
APE.V,D,20241223,000000,1.14064,1.26521,1.10006,1.24834,7684640.914872967,0
APE.V,D,20241224,000000,1.25033,1.28286,1.20123,1.25704,5435253.513422421,0
APE.V,D,20241225,000000,1.25904,1.29681,1.23189,1.23888,2783811.0168657475,0
APE.V,D,20241226,000000,1.2389,1.26394,1.15477,1.17974,4767405.553795911,0
APE.V,D,20241227,000000,1.17969,1.29416,1.16669,1.21822,7597726.634343195,0
APE.V,D,20241228,000000,1.21923,1.25864,1.18213,1.25164,4338586.521589382,0
APE.V,D,20241229,000000,1.24965,1.27884,1.18964,1.19267,5077000.5386619475,0
APE.V,D,20241230,000000,1.19367,1.26823,1.16378,1.21479,6666784.495305407,0
APE.V,D,20241231,000000,1.21179,1.26026,1.18193,1.19976,4511553.273077111,0
APE.V,D,20250101,000000,1.19877,1.24648,1.1697,1.2394,4020342.337357756,0
APE.V,D,20250102,000000,1.2394,1.28552,1.23585,1.24972,2923271.5907671223,0
APE.V,D,20250103,000000,1.24872,1.39295,1.24298,1.35947,7392390.929442736,0
APE.V,D,20250104,000000,1.36047,1.3805,1.32881,1.34974,3716873.242209682,0
APE.V,D,20250105,000000,1.34973,1.36069,1.31162,1.35866,2626248.631720958,0
APE.V,D,20250106,000000,1.35766,1.39704,1.32571,1.36438,5070875.963537547,0
APE.V,D,20250107,000000,1.36139,1.36649,1.18862,1.20283,5565909.596238862,0
APE.V,D,20250108,000000,1.20083,1.20877,1.06249,1.12865,6650840.397248063,0
APE.V,D,20250109,000000,1.12665,1.14561,1.05674,1.08693,5346115.32034273,0
APE.V,D,20250110,000000,1.08592,1.13494,1.08192,1.12976,2966758.5685969526,0
APE.V,D,20250111,000000,1.12876,1.14642,1.10043,1.12546,2608409.9535041517,0
APE.V,D,20250112,000000,1.12647,1.12857,1.08044,1.08434,1467364.9171088831,0
APE.V,D,20250113,000000,1.08735,1.12447,0.960481,1.03257,6756307.639383401,0
APE.V,D,20250114,000000,1.03257,1.08856,1.01459,1.08755,4460812.633900211,0
APE.V,D,20250115,000000,1.08754,1.14235,1.03445,1.13603,4294753.736795105,0
APE.V,D,20250116,000000,1.13705,1.15106,1.0856,1.10174,5087350.213253073,0
APE.V,D,20250117,000000,1.10375,1.21053,1.0968,1.20439,3871443.8885224387,0
APE.V,D,20250118,000000,1.20338,1.21242,1.07628,1.08701,6278709.837120989,0
APE.V,D,20250119,000000,1.08601,1.13775,0.98494,1.0129,10348747.396524109,0
APE.V,D,20250120,000000,0.99795,1.06616,0.914663,0.99874,11786452.734046144,0
APE.V,D,20250121,000000,0.997851,1.04975,0.944903,1.02916,6030730.478948184,0
APE.V,D,20250122,000000,1.02924,1.06379,1.01092,1.01776,5149366.99753407,0
APE.V,D,20250123,000000,1.01676,1.03213,0.972185,1.019224,5275971.009594151,0
APE.V,D,20250124,000000,1.018224,1.05498,0.977922,0.99407,5171204.5977343,0
APE.V,D,20250125,000000,0.99206,1.02186,0.967952,0.994811,4399237.532957349,0
APE.V,D,20250126,000000,0.995811,1.02284,0.979843,1.00784,4304146.427416462,0
APE.V,D,20250127,000000,1.00585,1.00585,0.863611,0.936766,4296356.139834657,0
APE.V,D,20250128,000000,0.936766,0.960923,0.853564,0.867436,3180167.3454940957,0
APE.V,D,20250129,000000,0.866436,0.950962,0.85353,0.929972,4875947.204685644,0
APE.V,D,20250130,000000,0.927963,0.985961,0.908945,0.977088,3930252.8394646253,0
APE.V,D,20250131,000000,0.977098,1.02422,0.944953,1.00371,9130677.481619842,0
APE.V,D,20250201,000000,1.00172,1.04478,0.909791,0.913772,4353121.815758741,0
APE.V,D,20250202,000000,0.910772,0.927916,0.713971,0.739778,11532372.656310793,0
APE.V,D,20250203,000000,0.742777,0.768829,0.541432,0.762754,22525003.859841604,0
APE.V,D,20250204,000000,0.763763,0.763862,0.659534,0.698342,5810521.792491824,0
APE.V,D,20250205,000000,0.698342,0.725145,0.676074,0.681054,4484335.003408688,0
APE.V,D,20250206,000000,0.681054,0.707156,0.634038,0.643045,3940296.02421341,0
APE.V,D,20250207,000000,0.642045,0.709269,0.626038,0.638019,4312567.8025889285,0
APE.V,D,20250208,000000,0.636025,0.693986,0.636025,0.682055,4326336.558107269,0
APE.V,D,20250209,000000,0.682055,0.705148,0.649052,0.677081,3575847.4624651675,0
APE.V,D,20250210,000000,0.677074,0.72908,0.666127,0.716122,2924548.7991989404,0
APE.V,D,20250211,000000,0.715122,0.7731,0.695868,0.701923,4847550.475531545,0
APE.V,D,20250212,000000,0.702923,0.764038,0.685,0.756045,5130969.481436731,0
APE.V,D,20250213,000000,0.756053,0.769085,0.719036,0.729007,5411741.71689976,0
APE.V,D,20250214,000000,0.728022,0.786189,0.727058,0.738133,2917729.401539493,0
APE.V,D,20250215,000000,0.740118,0.749037,0.710064,0.711064,2412091.2209734567,0
