<TICKER>,<PER>,<DATE>,<TIME>,<OPEN>,<HIGH>,<LOW>,<CLOSE>,<VOL>,<OPENINT>
ASD.V,D,20220514,000000,0.14313,0.14313,0.1421,0.1421,4720.10729963,0
ASD.V,D,20220515,000000,0.146195,0.15107,0.14618,0.15042,5664.536935000001,0
ASD.V,D,20220516,000000,0.15037,0.15549,0.15037,0.15338,319373.7040948227,0
ASD.V,D,20220517,000000,0.15338,0.1555,0.15338,0.15423,1603346.628981641,0
ASD.V,D,20220518,000000,0.153336,0.15547,0.15119,0.15183,1398521.6226594995,0
ASD.V,D,20220519,000000,0.15202,0.15293,0.14974,0.15133,1536665.640557905,0
ASD.V,D,20220520,000000,0.1515,0.15363,0.14976,0.15106,1515762.948807228,0
ASD.V,D,20220521,000000,0.15103,0.15139,0.14968,0.1499,1387797.3196901167,0
ASD.V,D,20220522,000000,0.14982,0.15122,0.14952,0.1506,1437072.7564255923,0
ASD.V,D,20220523,000000,0.150849,0.153721,0.150245,0.152597,1338533.276463441,0
ASD.V,D,20220524,000000,0.152707,0.153711,0.150784,0.151203,1337755.698540705,0
ASD.V,D,20220525,000000,0.151013,0.152632,0.150175,0.150614,1309321.206775459,0
ASD.V,D,20220526,000000,0.150584,0.151683,0.149226,0.14988,1406517.9463069844,0
ASD.V,D,20220527,000000,0.14974,0.15008,0.147972,0.148911,1403006.7543655103,0
ASD.V,D,20220528,000000,0.149068,0.149262,0.148232,0.148706,1440323.143921108,0
ASD.V,D,20220529,000000,0.148523,0.149166,0.147577,0.148027,1457646.71252964,0
ASD.V,D,20220530,000000,0.147796,0.150864,0.141799,0.146762,1882135.9238171428,0
ASD.V,D,20220531,000000,0.146723,0.148396,0.146158,0.147627,1846495.0950489196,0
ASD.V,D,20220601,000000,0.14798,0.1483,0.145789,0.145979,1697881.550103857,0
ASD.V,D,20220602,000000,0.145994,0.14767,0.14548,0.14595,1534519.9733341646,0
ASD.V,D,20220603,000000,0.14595,0.14634,0.1441,0.14548,1644178.9910458634,0
ASD.V,D,20220604,000000,0.14547,0.14618,0.14423,0.14467,1553016.0370631597,0
ASD.V,D,20220605,000000,0.14467,0.14678,0.14333,0.14396,1553233.6104153988,0
ASD.V,D,20220606,000000,0.14397,0.14684,0.14375,0.14684,1640786.1632010867,0
ASD.V,D,20220607,000000,0.14682,0.14765,0.14341,0.14635,1489426.061235997,0
ASD.V,D,20220608,000000,0.14635,0.14719,0.140002,0.14001,2291674.864250345,0
ASD.V,D,20220609,000000,0.140096,0.142689,0.139474,0.139483,1420454.5241270598,0
ASD.V,D,20220610,000000,0.13949,0.142781,0.136481,0.140919,2506530.637163177,0
ASD.V,D,20220611,000000,0.140843,0.140851,0.136328,0.136546,1645144.7206167511,0
ASD.V,D,20220612,000000,0.137243,0.137506,0.132735,0.132836,1847372.307634266,0
ASD.V,D,20220613,000000,0.135242,0.135803,0.123114,0.12313,1598641.9740609431,0
ASD.V,D,20220614,000000,0.123129,0.12774,0.121506,0.125,3400451.8611418554,0
ASD.V,D,20220615,000000,0.12528,0.12929,0.122012,0.126,5268089.352900684,0
ASD.V,D,20220616,000000,0.12683,0.12802,0.12465,0.126136,2215309.097814106,0
ASD.V,D,20220617,000000,0.125626,0.12803,0.123436,0.125351,22104751.740635697,0
ASD.V,D,20220618,000000,0.123951,0.1268,0.12123,0.12288,15170091.663640214,0
ASD.V,D,20220619,000000,0.12287,0.12388,0.119,0.11977,3635763.8982151314,0
ASD.V,D,20220620,000000,0.12044,0.12096,0.11538,0.11636,2365253.6115043615,0
ASD.V,D,20220621,000000,0.11659,0.11758,0.11363,0.11488,1742136.5177445514,0
ASD.V,D,20220622,000000,0.113936,0.113946,0.11055,0.11178,2267573.760991395,0
ASD.V,D,20220623,000000,0.11149,0.1121,0.10553,0.10701,2261903.0749435513,0
ASD.V,D,20220624,000000,0.10748,0.1079,0.104406,0.105417,3248606.050808904,0
ASD.V,D,20220625,000000,0.105295,0.106139,0.104413,0.106126,2397140.1732791993,0
ASD.V,D,20220626,000000,0.106328,0.10701,0.104637,0.10529,3600593.174021575,0
ASD.V,D,20220627,000000,0.1052,0.10527,0.09827,0.09827,2085206.5577638745,0
ASD.V,D,20220628,000000,0.09829,0.09868,0.08666,0.08666,2823884.3944825563,0
ASD.V,D,20220629,000000,0.08672,0.08723,0.0385,0.056,12940453.266997455,0
ASD.V,D,20220630,000000,0.052,0.14185,0.04693,0.0798,14529210.452967796,0
ASD.V,D,20220701,000000,0.08062,0.08062,0.0682,0.07959,8584912.202271683,0
ASD.V,D,20220702,000000,0.07928,0.08609,0.07026,0.07224,4495964.648149396,0
ASD.V,D,20220703,000000,0.07219,0.07274,0.0619,0.0619,8429158.893765902,0
ASD.V,D,20220704,000000,0.06263,0.06549,0.04905,0.05484,6785741.389791443,0
ASD.V,D,20220705,000000,0.05573,0.07644,0.05481,0.05772,6706974.53072529,0
ASD.V,D,20220706,000000,0.05715,0.06096,0.05014,0.05098,4864532.883910625,0
ASD.V,D,20220707,000000,0.05088,0.05782,0.04772,0.04837,5041274.726117653,0
ASD.V,D,20220708,000000,0.04848,0.05487,0.04092,0.04092,7925753.147724104,0
ASD.V,D,20220709,000000,0.04092,0.04503,0.03337,0.034,11616823.150463441,0
ASD.V,D,20220710,000000,0.0340761,0.0421747,0.0273836,0.0279832,15282623.128014714,0
ASD.V,D,20220711,000000,0.0277833,0.0329802,0.0241,0.02502,20929686.463223062,0
ASD.V,D,20220712,000000,0.02504,0.07072,0.013,0.04933,137886272.359323,0
ASD.V,D,20220713,000000,0.04904,0.10281,0.04115,0.0703,69798533.63822539,0
ASD.V,D,20220714,000000,0.07038,0.08575,0.06596,0.0729,20488751.79495697,0
ASD.V,D,20220715,000000,0.0729,0.08016,0.07185,0.07527,9283696.42029108,0
ASD.V,D,20220716,000000,0.07527,0.0837,0.07313,0.08266,5081654.8452065075,0
ASD.V,D,20220717,000000,0.08273,0.0946,0.07996,0.08059,5841516.227031042,0
ASD.V,D,20220718,000000,0.08059,0.08569,0.071,0.07794,5985305.2902742205,0
ASD.V,D,20220719,000000,0.07718,0.08194,0.07311,0.07519,5766470.148075047,0
ASD.V,D,20220720,000000,0.07546,0.07941,0.07239,0.07301,4428658.032338889,0
ASD.V,D,20220721,000000,0.07294,0.07384,0.06814,0.0737,3788103.288486034,0
ASD.V,D,20220722,000000,0.07363,0.07481,0.07119,0.07213,3284781.005147344,0
ASD.V,D,20220723,000000,0.0721,0.08059,0.0712,0.07773,5072293.895575514,0
ASD.V,D,20220724,000000,0.07791,0.087,0.07707,0.08278,5698284.697810932,0
ASD.V,D,20220725,000000,0.08305,0.08401,0.0763,0.07727,3256181.158889827,0
ASD.V,D,20220726,000000,0.07748,0.07977,0.0747,0.07636,4232577.064623752,0
ASD.V,D,20220727,000000,0.07653,0.08091,0.07608,0.07901,3129906.450418421,0
ASD.V,D,20220728,000000,0.07903,0.0937,0.079,0.08803,4093728.8288887334,0
ASD.V,D,20220729,000000,0.08802,0.08828,0.08405,0.08501,3417226.2118782,0
ASD.V,D,20220730,000000,0.08501,0.08594,0.08193,0.08446,2590461.6752445465,0
ASD.V,D,20220731,000000,0.08447,0.08483,0.08397,0.08414,3085433.1658462523,0
ASD.V,D,20220801,000000,0.08428,0.08718,0.08279,0.08292,3287262.351556717,0
ASD.V,D,20220802,000000,0.08302,0.08321,0.07916,0.08058,3788861.4822207843,0
ASD.V,D,20220803,000000,0.08062,0.08176,0.08029,0.08143,3179292.133679714,0
ASD.V,D,20220804,000000,0.08142,0.08176,0.07981,0.08121,2615410.778258843,0
ASD.V,D,20220805,000000,0.08121,0.08499,0.08118,0.08445,3523563.18374198,0
ASD.V,D,20220806,000000,0.08445,0.09496,0.08445,0.08558,4043524.2255703104,0
ASD.V,D,20220807,000000,0.08554,0.08677,0.08514,0.08599,2731471.4132656367,0
ASD.V,D,20220808,000000,0.08592,0.08615,0.08321,0.08545,3785725.0202238294,0
ASD.V,D,20220809,000000,0.08546,0.08646,0.08202,0.08275,3732812.859354617,0
ASD.V,D,20220810,000000,0.08274,0.08299,0.08047,0.08268,3795517.080830952,0
ASD.V,D,20220811,000000,0.0819246,0.0835384,0.0817221,0.0831374,2897547.9550974844,0
ASD.V,D,20220812,000000,0.08369,0.08391,0.08338,0.08364,2524771.7461500578,0
ASD.V,D,20220813,000000,0.0837869,0.0843753,0.0831299,0.0843129,2746603.5546166115,0
ASD.V,D,20220814,000000,0.084302,0.08549,0.0839602,0.0853,3161886.272831114,0
ASD.V,D,20220815,000000,0.0854,0.09133,0.0851,0.08996,3648645.807671292,0
ASD.V,D,20220816,000000,0.08987,0.08996,0.08812,0.08813,2304888.1258325656,0
ASD.V,D,20220817,000000,0.08813,0.08978,0.088,0.08869,2533150.381316592,0
ASD.V,D,20220818,000000,0.0887,0.09582,0.08851,0.0939,4655830.203353678,0
ASD.V,D,20220819,000000,0.09384,0.09847,0.08902,0.08915,4581772.423032168,0
ASD.V,D,20220820,000000,0.08938,0.09406,0.08937,0.09201,3017805.4287403272,0
ASD.V,D,20220821,000000,0.09201,0.09375,0.0915,0.0934,2824965.330426925,0
ASD.V,D,20220822,000000,0.0934,0.1119,0.09268,0.10371,5249794.574817594,0
ASD.V,D,20220823,000000,0.10368,0.10449,0.09266,0.09455,3373529.9676429234,0
ASD.V,D,20220824,000000,0.09483,0.09493,0.07939,0.08237,5036255.894026487,0
ASD.V,D,20220825,000000,0.08255,0.08394,0.08133,0.08317,3993222.7396362727,0
ASD.V,D,20220826,000000,0.08317,0.08447,0.08125,0.08337,3831500.687768085,0
ASD.V,D,20220827,000000,0.08349,0.08349,0.0799,0.07994,3054042.18297166,0
ASD.V,D,20220828,000000,0.07995,0.08288,0.07935,0.0823,3669699.7944677793,0
ASD.V,D,20220829,000000,0.08228,0.08299,0.08067,0.08152,3471238.1228225864,0
ASD.V,D,20220830,000000,0.08152,0.08179,0.07869,0.08003,3582707.6800262714,0
ASD.V,D,20220831,000000,0.08069,0.08075,0.0797,0.08038,3013183.6920814305,0
ASD.V,D,20220901,000000,0.0809276,0.0811043,0.0800208,0.0803152,2168098.990133383,0
ASD.V,D,20220902,000000,0.0803576,0.08372,0.0799984,0.083,2955613.5175772486,0
ASD.V,D,20220903,000000,0.08324,0.08391,0.0827,0.08281,2454016.8844843036,0
ASD.V,D,20220904,000000,0.08292,0.08317,0.0824,0.08295,3360369.0852766,0
ASD.V,D,20220905,000000,0.0828,0.08433,0.0826,0.08405,2683119.653222115,0
ASD.V,D,20220906,000000,0.08398,0.0844984,0.08137,0.08244,2646925.709233566,0
ASD.V,D,20220907,000000,0.0824,0.0838,0.08207,0.08367,2969158.3435750436,0
ASD.V,D,20220908,000000,0.08357,0.08419,0.0831,0.08314,3077183.8570336835,0
ASD.V,D,20220909,000000,0.08314,0.08677,0.08314,0.08517,2556466.8008577907,0
ASD.V,D,20220910,000000,0.08517,0.08649,0.08517,0.08571,2833620.669783224,0
ASD.V,D,20220911,000000,0.0857,0.08578,0.08481,0.08538,2409981.01056336,0
ASD.V,D,20220912,000000,0.08539,0.08576,0.08489,0.08501,2768364.003502274,0
ASD.V,D,20220913,000000,0.08502,0.0853,0.0836,0.08362,2943618.844378022,0
ASD.V,D,20220914,000000,0.08362,0.08766,0.0833,0.08663,2329956.6662016585,0
ASD.V,D,20220915,000000,0.08663,0.10997,0.0863,0.10019,6025023.469701365,0
ASD.V,D,20220916,000000,0.10039,0.10687,0.09811,0.1043,3627196.3092437508,0
ASD.V,D,20220917,000000,0.10429,0.10694,0.1032,0.10516,2434434.2132675336,0
ASD.V,D,20220918,000000,0.10518,0.10669,0.10378,0.10403,2589459.329133125,0
ASD.V,D,20220919,000000,0.10382,0.10579,0.10145,0.10541,2427277.8375284704,0
ASD.V,D,20220920,000000,0.10536,0.10639,0.10288,0.10316,2871755.8405471416,0
ASD.V,D,20220921,000000,0.10316,0.1042,0.10311,0.10321,2450727.1861513555,0
ASD.V,D,20220922,000000,0.10334,0.1046,0.10316,0.10388,2233435.07652845,0
ASD.V,D,20220923,000000,0.10383,0.11012,0.10383,0.10704,2030575.3073045907,0
ASD.V,D,20220924,000000,0.10719,0.10855,0.10603,0.10626,2223714.231003092,0
ASD.V,D,20220925,000000,0.1062,0.1079,0.10301,0.10411,2422971.6622806652,0
ASD.V,D,20220926,000000,0.10411,0.10872,0.10049,0.1066,2440657.3885048996,0
ASD.V,D,20220927,000000,0.10689,0.10755,0.10486,0.10577,2371770.348455543,0
ASD.V,D,20220928,000000,0.10577,0.1089,0.10564,0.10801,1805593.5203101845,0
ASD.V,D,20220929,000000,0.10816,0.1108,0.1052,0.10852,2062127.5937079573,0
ASD.V,D,20220930,000000,0.10852,0.10889,0.1082,0.10837,2020648.7760132132,0
ASD.V,D,20221001,000000,0.108641,0.109001,0.10774,0.1084,1827648.7742821602,0
ASD.V,D,20221002,000000,0.1082,0.109981,0.10792,0.10947,1858513.7333506236,0
ASD.V,D,20221003,000000,0.10927,0.114714,0.108361,0.114371,2233289.4129332867,0
ASD.V,D,20221004,000000,0.114701,0.117095,0.113583,0.116795,1796839.238209954,0
ASD.V,D,20221005,000000,0.116755,0.116755,0.115502,0.115603,1761247.862370971,0
ASD.V,D,20221006,000000,0.115603,0.116274,0.114944,0.11586,1947300.862631516,0
ASD.V,D,20221007,000000,0.115791,0.11621,0.114518,0.114696,1738619.9709656064,0
ASD.V,D,20221008,000000,0.114731,0.115095,0.11367,0.11429,2280087.8684831103,0
ASD.V,D,20221009,000000,0.11429,0.114913,0.113481,0.114253,2079895.1409214917,0
ASD.V,D,20221010,000000,0.114511,0.115303,0.113739,0.114819,1663233.9043092192,0
ASD.V,D,20221011,000000,0.114879,0.11489,0.111264,0.1113,2046415.1904264607,0
ASD.V,D,20221012,000000,0.111619,0.11396,0.109396,0.1125,2744949.5773193045,0
ASD.V,D,20221013,000000,0.11292,0.11349,0.11101,0.11292,2018174.6301352023,0
ASD.V,D,20221014,000000,0.11291,0.11323,0.11062,0.11166,2918502.5664996034,0
ASD.V,D,20221015,000000,0.11179,0.1127,0.11081,0.11228,2970434.2237425474,0
ASD.V,D,20221016,000000,0.11228,0.11272,0.11151,0.11184,3084487.0316641405,0
ASD.V,D,20221017,000000,0.11202,0.11217,0.10986,0.10988,2206784.768481503,0
ASD.V,D,20221018,000000,0.10986,0.11107,0.10744,0.1094,2797932.179521404,0
ASD.V,D,20221019,000000,0.1088,0.10965,0.1079,0.10801,2988600.5380860153,0
ASD.V,D,20221020,000000,0.108,0.10835,0.10652,0.10663,2574341.220630323,0
ASD.V,D,20221021,000000,0.10656,0.10699,0.10479,0.10558,2904137.8488793997,0
ASD.V,D,20221022,000000,0.10551,0.1059,0.1051,0.10559,3159588.2103446987,0
ASD.V,D,20221023,000000,0.1056,0.10594,0.1051,0.10531,2580043.32302121,0
ASD.V,D,20221024,000000,0.1054,0.10548,0.10216,0.10249,2940825.442326093,0
ASD.V,D,20221025,000000,0.10269,0.10292,0.09783,0.09907,2749950.947267499,0
ASD.V,D,20221026,000000,0.0991,0.1016,0.09828,0.10114,2343170.360929362,0
ASD.V,D,20221027,000000,0.10105,0.10206,0.10031,0.10152,1573192.219109006,0
ASD.V,D,20221028,000000,0.1017,0.1039,0.10117,0.10387,2616245.115216526,0
ASD.V,D,20221029,000000,0.10384,0.10626,0.1031,0.10502,2397262.2900558147,0
ASD.V,D,20221030,000000,0.10526,0.10603,0.10498,0.10503,2936200.7008856814,0
ASD.V,D,20221031,000000,0.10519,0.10558,0.10476,0.10534,2689587.0038204086,0
ASD.V,D,20221101,000000,0.10534,0.10551,0.10466,0.10491,1873097.775907075,0
ASD.V,D,20221102,000000,0.10497,0.10519,0.10248,0.1027,2076289.5359524095,0
ASD.V,D,20221103,000000,0.10277,0.10451,0.10203,0.10268,2104117.2925532074,0
ASD.V,D,20221104,000000,0.10267,0.10645,0.10265,0.10565,2318932.2924101087,0
ASD.V,D,20221105,000000,0.10565,0.1071,0.1055,0.10681,2622545.6301962077,0
ASD.V,D,20221106,000000,0.10681,0.1072,0.106,0.10665,2704510.7375083617,0
ASD.V,D,20221107,000000,0.1068,0.10859,0.10654,0.1081,3955881.143437889,0
ASD.V,D,20221108,000000,0.10809,0.10911,0.09296,0.10344,4244071.168463855,0
ASD.V,D,20221109,000000,0.10349,0.1035,0.09773,0.10232,4195394.930784933,0
ASD.V,D,20221110,000000,0.1023,0.10758,0.01237,0.05062,3601554.144524053,0
ASD.V,D,20221111,000000,0.051,0.0595,0.02203,0.0257,3690478.3117459933,0
ASD.V,D,20221112,000000,0.02643,0.03347,0.02636,0.02962,3961608.819032818,0
ASD.V,D,20221113,000000,0.058105,0.058422,0.05406,0.054394,3369800.284933179,0
ASD.V,D,20221114,000000,0.052936,0.05373,0.050923,0.051328,4149265.411598011,0
ASD.V,D,20221115,000000,0.051323,0.057642,0.050544,0.056543,3145035.8844760833,0
ASD.V,D,20221116,000000,0.057969,0.0597708,0.0536479,0.0552486,3900031.139880255,0
ASD.V,D,20221117,000000,0.0553496,0.0568533,0.0531553,0.053758,3941831.4141269242,0
ASD.V,D,20221118,000000,0.0600437,0.0601255,0.0520416,0.0534379,9766296.10610359,0
ASD.V,D,20221119,000000,0.0533381,0.0570321,0.0508466,0.052345,6585466.393194255,0
ASD.V,D,20221120,000000,0.0523528,0.0747862,0.0516307,0.0675971,4271599.573733761,0
ASD.V,D,20221121,000000,0.0673981,0.0766717,0.060316,0.0647222,3385932.918462843,0
ASD.V,D,20221122,000000,0.0647216,0.0651211,0.0595267,0.0618208,3085990.3704763264,0
ASD.V,D,20221123,000000,0.0714063,0.0799128,0.0712437,0.0796922,3319609.160962691,0
ASD.V,D,20221124,000000,0.0791237,0.0797522,0.0737931,0.0743875,2356812.654371322,0
ASD.V,D,20221125,000000,0.0738638,0.0954408,0.0732757,0.0936375,2934281.8813032773,0
ASD.V,D,20221126,000000,0.0933458,0.0947312,0.0807915,0.0818908,2214643.196691706,0
ASD.V,D,20221127,000000,0.0723573,0.0881097,0.0723573,0.0879554,2744656.0142813227,0
ASD.V,D,20221128,000000,0.0879546,0.0888036,0.0827836,0.0875558,2666213.862933707,0
ASD.V,D,20221129,000000,0.0879557,0.091219,0.0864063,0.0908164,2198398.335001887,0
ASD.V,D,20221130,000000,0.0903666,0.0910163,0.0886016,0.0892854,2524232.6624241765,0
ASD.V,D,20221201,000000,0.0892836,0.089539,0.0878191,0.0885453,1952164.4427853432,0
ASD.V,D,20221202,000000,0.0884553,0.0885789,0.073797,0.0746045,2623262.750296713,0
ASD.V,D,20221203,000000,0.0746067,0.0755075,0.074606,0.0750075,2317075.636278184,0
ASD.V,D,20221204,000000,0.074915,0.0769077,0.0747075,0.0752226,3120444.6884820894,0
ASD.V,D,20221205,000000,0.0747549,0.0768385,0.0740322,0.0758523,2205578.173677247,0
ASD.V,D,20221206,000000,0.0751015,0.0772385,0.0740322,0.0751285,3004761.996961753,0
ASD.V,D,20221207,000000,0.0751192,0.07567,0.0691079,0.07023,2643345.409016903,0
ASD.V,D,20221208,000000,0.0702307,0.0715164,0.0701,0.071285,3143416.305432783,0
ASD.V,D,20221209,000000,0.071195,0.1071064,0.0702542,0.0908027,3479484.693712451,0
ASD.V,D,20221210,000000,0.0909027,0.097001,0.072,0.0756985,3137161.6752691385,0
ASD.V,D,20221211,000000,0.076,0.0798,0.0713,0.0723145,2955473.296415601,0
ASD.V,D,20221212,000000,0.0761152,0.0766653,0.0719993,0.0733866,2771364.5804465166,0
ASD.V,D,20221213,000000,0.0734751,0.0764707,0.0722745,0.0747721,3032509.1203156197,0
ASD.V,D,20221214,000000,0.0744329,0.0807916,0.0732861,0.0800656,3315705.1459880336,0
ASD.V,D,20221215,000000,0.0794956,0.080198,0.0771077,0.0773355,2924638.3754201317,0
ASD.V,D,20221216,000000,0.0778856,0.0805861,0.0694569,0.0771277,2799340.203495174,0
ASD.V,D,20221217,000000,0.0772377,0.0772377,0.0690731,0.0698891,3213577.6081513893,0
ASD.V,D,20221218,000000,0.0697691,0.0711207,0.0692728,0.0702191,2776546.47408571,0
ASD.V,D,20221219,000000,0.0706692,0.0709307,0.0649587,0.06526,3376482.927473117,0
ASD.V,D,20221220,000000,0.0652587,0.0660059,0.0637926,0.0646926,3278022.3831638875,0
ASD.V,D,20221221,000000,0.0646926,0.0648626,0.0618294,0.0626131,3278498.8598577273,0
ASD.V,D,20221222,000000,0.0625825,0.06387,0.0607109,0.0616095,3196251.451721968,0
ASD.V,D,20221223,000000,0.0612302,0.0718257,0.0609015,0.0630137,3512167.8130541197,0
ASD.V,D,20221224,000000,0.0630137,0.0637168,0.060114,0.0618363,3511866.2530451203,0
ASD.V,D,20221225,000000,0.0618457,0.0625381,0.0595205,0.061472,3719469.811065437,0
ASD.V,D,20221226,000000,0.0614739,0.0642884,0.0606539,0.0613177,3249948.5584760867,0
ASD.V,D,20221227,000000,0.0611784,0.0614189,0.0592863,0.0592863,3375151.526855408,0
ASD.V,D,20221228,000000,0.0594568,0.059491,0.0569704,0.0574495,4391512.15269256,0
ASD.V,D,20221229,000000,0.0574495,0.0579287,0.0568182,0.0574735,3767548.7726708474,0
ASD.V,D,20221230,000000,0.0574735,0.0583614,0.0574019,0.0582203,3165147.1615989413,0
ASD.V,D,20221231,000000,0.0582703,0.0589523,0.0528551,0.0536432,3724346.255506184,0
ASD.V,D,20230101,000000,0.0538225,0.0553667,0.0535416,0.0550047,3319971.9160142955,0
ASD.V,D,20230102,000000,0.0549941,0.0555678,0.054847,0.0553728,3970884.6362871705,0
ASD.V,D,20230103,000000,0.0551923,0.0556772,0.0551629,0.0555183,3815086.8361027422,0
ASD.V,D,20230104,000000,0.0554784,0.0566936,0.0554678,0.0564414,3860819.6473767525,0
ASD.V,D,20230105,000000,0.0564414,0.0576121,0.0560504,0.0561703,3812206.6777727967,0
ASD.V,D,20230106,000000,0.0561698,0.0587741,0.0561698,0.0585818,3725787.9631888787,0
ASD.V,D,20230107,000000,0.0585818,0.0588935,0.0575491,0.0576862,4300206.29359391,0
ASD.V,D,20230108,000000,0.0576862,0.0582907,0.0575314,0.0582613,3271124.430953802,0
ASD.V,D,20230109,000000,0.0581184,0.0599806,0.0580196,0.0597094,3783332.892603081,0
ASD.V,D,20230110,000000,0.05971,0.0599782,0.0584347,0.0589483,3854722.473351295,0
ASD.V,D,20230111,000000,0.0589888,0.0590676,0.0581165,0.0586347,3489675.6099461676,0
ASD.V,D,20230112,000000,0.0585953,0.0611637,0.0581042,0.0608361,3555909.7864015372,0
ASD.V,D,20230113,000000,0.0609055,0.0615462,0.0607961,0.0611455,3377622.608226394,0
ASD.V,D,20230114,000000,0.0611855,0.0646878,0.0611637,0.0644026,3389935.038587822,0
ASD.V,D,20230115,000000,0.0645639,0.0666407,0.0644194,0.06655,3504377.185646307,0
ASD.V,D,20230116,000000,0.0663099,0.06904,0.0662599,0.0687814,3258712.3022916415,0
ASD.V,D,20230117,000000,0.0686421,0.0699984,0.06746,0.0694876,3021504.495551369,0
ASD.V,D,20230118,000000,0.0692769,0.0738215,0.0638068,0.0639762,3444388.185726597,0
ASD.V,D,20230119,000000,0.0638106,0.0678466,0.0637043,0.0664773,3468940.1290256414,0
ASD.V,D,20230120,000000,0.066534,0.0665447,0.0635257,0.0646316,3486171.5860583405,0
ASD.V,D,20230121,000000,0.0649523,0.0730846,0.0640215,0.0713614,3625848.4704129724,0
ASD.V,D,20230122,000000,0.070822,0.0710828,0.0678229,0.068283,2911938.9131725645,0
ASD.V,D,20230123,000000,0.0681843,0.069119,0.0655198,0.0659799,3121503.572673255,0
ASD.V,D,20230124,000000,0.0657292,0.0660766,0.063747,0.0646513,2490086.4931846187,0
ASD.V,D,20230125,000000,0.0645719,0.0646558,0.0615055,0.06243,2949296.5511127347,0
ASD.V,D,20230126,000000,0.0621406,0.0625012,0.0579317,0.0583953,3716066.09686413,0
ASD.V,D,20230127,000000,0.0584647,0.0611573,0.0573617,0.0596786,3651603.939337723,0
ASD.V,D,20230128,000000,0.0596709,0.0613166,0.0583252,0.0603021,3530579.7627391857,0
ASD.V,D,20230129,000000,0.0603021,0.0605327,0.0578398,0.0593024,3567234.1085959864,0
ASD.V,D,20230130,000000,0.0596818,0.0602936,0.0532695,0.0539638,3940341.0767349973,0
ASD.V,D,20230131,000000,0.0533432,0.0590288,0.0521652,0.0528648,3881387.9263745984,0
ASD.V,D,20230201,000000,0.0529121,0.055205,0.05143,0.0552033,3509056.065860452,0
ASD.V,D,20230202,000000,0.0552028,0.0583076,0.0539065,0.0545909,2978569.764250456,0
ASD.V,D,20230203,000000,0.0548815,0.0550288,0.0525126,0.0530148,3793954.82888759,0
ASD.V,D,20230204,000000,0.0526442,0.0557728,0.0526032,0.055035,3864529.7299458273,0
ASD.V,D,20230205,000000,0.0549844,0.0561423,0.0496924,0.0506227,4189703.705991484,0
ASD.V,D,20230206,000000,0.0512828,0.0579816,0.0505831,0.0533021,3173446.8941889135,0
ASD.V,D,20230207,000000,0.0534321,0.0539584,0.0500135,0.0517036,4193625.345158092,0
ASD.V,D,20230208,000000,0.0517031,0.0544,0.050064,0.0520036,3585735.1279548923,0
ASD.V,D,20230209,000000,0.0521442,0.05239,0.0510951,0.0511451,4506318.805037552,0
ASD.V,D,20230210,000000,0.0513251,0.0513267,0.0490178,0.0492069,3778819.125639478,0
ASD.V,D,20230211,000000,0.0493774,0.0494274,0.0477033,0.0485744,4653387.358382838,0
ASD.V,D,20230212,000000,0.0485749,0.0565106,0.0485544,0.0522952,4971011.463980823,0
ASD.V,D,20230213,000000,0.0521452,0.0529911,0.050493,0.0511181,4014802.0031231437,0
ASD.V,D,20230214,000000,0.0511181,0.0520703,0.0508371,0.051735,4155152.169086689,0
ASD.V,D,20230215,000000,0.0518907,0.0613104,0.0512405,0.0606115,3579994.4074305766,0
ASD.V,D,20230216,000000,0.0605503,0.0605503,0.0563596,0.0593596,3723747.819248269,0
ASD.V,D,20230217,000000,0.059766,0.0597684,0.0572829,0.0572952,3022194.9148183996,0
ASD.V,D,20230218,000000,0.0573457,0.0600026,0.0572934,0.0589594,3912423.750457884,0
ASD.V,D,20230219,000000,0.0589594,0.0595319,0.0572815,0.0586229,6887005.521630803,0
ASD.V,D,20230220,000000,0.0585029,0.0598874,0.0577758,0.0597624,8954879.28338939,0
ASD.V,D,20230221,000000,0.0597624,0.0609985,0.0589912,0.0596607,8541887.91831089,0
ASD.V,D,20230222,000000,0.0596701,0.0602296,0.0582582,0.0600624,8043709.305194899,0
ASD.V,D,20230223,000000,0.060063,0.0616799,0.0573546,0.0583564,8340333.396875817,0
ASD.V,D,20230224,000000,0.0583693,0.0603539,0.055105,0.0556894,8881754.111427922,0
ASD.V,D,20230225,000000,0.0554289,0.0557628,0.0541532,0.0543638,9259759.69807655,0
ASD.V,D,20230226,000000,0.0545933,0.0548638,0.0534448,0.0542233,9638308.15938665,0
ASD.V,D,20230227,000000,0.0539527,0.0542854,0.0529537,0.0538932,8976605.59645531,0
ASD.V,D,20230228,000000,0.0539327,0.0542733,0.0517441,0.052839,8666233.148683552,0
ASD.V,D,20230301,000000,0.05285,0.0534444,0.0512841,0.0516367,9137842.97222173,0
ASD.V,D,20230302,000000,0.0517067,0.0528985,0.049945,0.050044,10170052.660749372,0
ASD.V,D,20230303,000000,0.050004,0.0502445,0.0472366,0.0486134,10699367.798272366,0
ASD.V,D,20230304,000000,0.0484234,0.0490449,0.0472347,0.0478934,10635652.17441791,0
ASD.V,D,20230305,000000,0.0478838,0.0480619,0.0463542,0.0476952,10587426.236370344,0
ASD.V,D,20230306,000000,0.0476952,0.0490618,0.04669,0.0473172,10541692.786897756,0
ASD.V,D,20230307,000000,0.0473272,0.0490456,0.0460068,0.0467577,11054218.329648668,0
ASD.V,D,20230308,000000,0.0467277,0.0474581,0.0450455,0.0461577,9841793.091780009,0
ASD.V,D,20230309,000000,0.0460772,0.0503339,0.0421816,0.0422738,8929210.209957309,0
ASD.V,D,20230310,000000,0.0422742,0.0431526,0.0408269,0.0423895,9076149.864632452,0
ASD.V,D,20230311,000000,0.0421487,0.043167,0.0400939,0.0404512,12245263.835359707,0
ASD.V,D,20230312,000000,0.0412623,0.0418796,0.0394407,0.0416229,12006070.49857294,0
ASD.V,D,20230313,000000,0.0418046,0.0442932,0.0404925,0.0431816,11596391.281034118,0
ASD.V,D,20230314,000000,0.0431882,0.0484451,0.0431594,0.0465396,11006181.42413217,0
ASD.V,D,20230315,000000,0.0463429,0.0472526,0.0409111,0.0428291,10863344.981369974,0
ASD.V,D,20230316,000000,0.0428086,0.045734,0.0427971,0.0456789,12293046.951556519,0
ASD.V,D,20230317,000000,0.0454725,0.0493652,0.0452752,0.0490462,10441310.138609558,0
ASD.V,D,20230318,000000,0.0493075,0.0513376,0.0489587,0.050822,9971557.893333841,0
ASD.V,D,20230319,000000,0.0505311,0.0515974,0.0500964,0.0514755,9655812.923228089,0
ASD.V,D,20230320,000000,0.0511936,0.0515046,0.0492909,0.0496506,10082772.379492328,0
ASD.V,D,20230321,000000,0.0496511,0.0498346,0.0465908,0.0472206,10593571.551538227,0
ASD.V,D,20230322,000000,0.0469493,0.0483982,0.0453826,0.0456848,10533318.67828397,0
ASD.V,D,20230323,000000,0.045735,0.0472776,0.0453667,0.0459253,11480699.535438841,0
ASD.V,D,20230324,000000,0.0458953,0.0463225,0.0445142,0.044605,11033882.344054142,0
ASD.V,D,20230325,000000,0.0445794,0.0452178,0.0444578,0.0446829,10905496.650414996,0
ASD.V,D,20230326,000000,0.0446833,0.0515882,0.0445945,0.0515882,10854128.736824147,0
ASD.V,D,20230327,000000,0.0515882,0.0596759,0.0458834,0.0471421,11335293.164366951,0
ASD.V,D,20230328,000000,0.0471421,0.0474799,0.0453263,0.0459875,10843662.09107067,0
ASD.V,D,20230329,000000,0.0460279,0.0511697,0.0457223,0.0511092,10632844.65976099,0
ASD.V,D,20230330,000000,0.0508097,0.0522294,0.0494433,0.0498339,9655616.85540728,0
ASD.V,D,20230331,000000,0.0495034,0.0517878,0.0486841,0.0507802,9365833.361615786,0
ASD.V,D,20230401,000000,0.0508507,0.0508602,0.046339,0.0469969,10882874.777942138,0
ASD.V,D,20230402,000000,0.0469774,0.0471698,0.0435178,0.0464993,11217189.928992154,0
ASD.V,D,20230403,000000,0.0465689,0.0497044,0.0460233,0.0485289,10722377.97017914,0
ASD.V,D,20230404,000000,0.0483093,0.0490657,0.0472313,0.0479144,10538747.99293366,0
ASD.V,D,20230405,000000,0.0482446,0.0534212,0.0474819,0.0516686,10253641.624817824,0
ASD.V,D,20230406,000000,0.051499,0.0517091,0.0491543,0.051308,10535803.180302959,0
ASD.V,D,20230407,000000,0.0510078,0.0513862,0.0483834,0.0490067,10031976.196605222,0
ASD.V,D,20230408,000000,0.049347,0.0539856,0.0489913,0.0501996,9543004.064569263,0
ASD.V,D,20230409,000000,0.0501896,0.0507109,0.0490255,0.0499534,9959867.37275281,0
ASD.V,D,20230410,000000,0.050015,0.0517439,0.0491436,0.051202,9173494.050940277,0
ASD.V,D,20230411,000000,0.0514917,0.0552825,0.0511201,0.0528517,8995567.281643137,0
ASD.V,D,20230412,000000,0.0528523,0.0534932,0.0504613,0.0514701,9689555.831336834,0
ASD.V,D,20230413,000000,0.0514701,0.053798,0.0512114,0.0535814,9125585.05471992,0
ASD.V,D,20230414,000000,0.0537816,0.0578615,0.0534734,0.0570873,8883647.820354873,0
ASD.V,D,20230415,000000,0.0570974,0.0599291,0.0566481,0.0596136,8700243.411437243,0
ASD.V,D,20230416,000000,0.0598132,0.0613435,0.059613,0.0611616,8055468.25782339,0
ASD.V,D,20230417,000000,0.0611509,0.0657209,0.0604141,0.0648282,8073687.77401193,0
ASD.V,D,20230418,000000,0.0645981,0.065367,0.0629326,0.0630907,7587820.847035813,0
ASD.V,D,20230419,000000,0.0633101,0.0633858,0.0581148,0.0585622,8348208.682043415,0
ASD.V,D,20230420,000000,0.0584716,0.0602495,0.0576358,0.0581447,8583501.122362042,0
ASD.V,D,20230421,000000,0.0580335,0.05903,0.0531657,0.0537346,8698496.5960982,0
ASD.V,D,20230422,000000,0.054114,0.0578258,0.0536536,0.0572852,8899638.430812882,0
ASD.V,D,20230423,000000,0.0572852,0.0573698,0.0545031,0.0558928,8965296.037380204,0
ASD.V,D,20230424,000000,0.0558728,0.0577169,0.0555306,0.0558211,9197535.336962782,0
ASD.V,D,20230425,000000,0.0557317,0.0783047,0.0555756,0.069366,8713253.988511436,0
ASD.V,D,20230426,000000,0.0690859,0.099929,0.0685364,0.0822863,7163921.517099078,0
ASD.V,D,20230427,000000,0.0823663,0.1435945,0.0815069,0.1208735,7219344.038713168,0
ASD.V,D,20230428,000000,0.1192381,0.1323924,0.09101,0.1003372,5400754.519089315,0
ASD.V,D,20230429,000000,0.1004503,0.1004523,0.081094,0.0937653,5696422.934876569,0
ASD.V,D,20230430,000000,0.093295,0.1240818,0.0928338,0.1144452,5248593.231116841,0
ASD.V,D,20230501,000000,0.1138837,0.1170927,0.1001631,0.1063587,4700612.123729741,0
ASD.V,D,20230502,000000,0.1066077,0.137612,0.104821,0.124496,4850924.823505477,0
ASD.V,D,20230503,000000,0.124586,0.129329,0.11106,0.116,4578611.159517037,0
ASD.V,D,20230504,000000,0.116281,0.117026,0.090076,0.098185,5483305.6381027205,0
ASD.V,D,20230505,000000,0.098686,0.099296,0.088054,0.091994,6031058.269656726,0
ASD.V,D,20230506,000000,0.091864,0.099004,0.090249,0.094314,5623023.999673982,0
ASD.V,D,20230507,000000,0.094515,0.0955092,0.0930706,0.0939999,3905143.327112661,0
ASD.V,D,20230508,000000,0.0938106,0.0941316,0.0757422,0.0766382,6488862.418467645,0
ASD.V,D,20230509,000000,0.0769477,0.0828828,0.0762364,0.0809809,6563536.886085307,0
ASD.V,D,20230510,000000,0.0812365,0.0814895,0.0788867,0.0799719,6644034.415483326,0
ASD.V,D,20230511,000000,0.0798718,0.0801801,0.0696626,0.07007,7444612.5981699275,0
ASD.V,D,20230512,000000,0.0699699,0.0708708,0.0646258,0.0659527,7699996.4752905825,0
ASD.V,D,20230513,000000,0.0659527,0.070042,0.0654327,0.0693416,6721379.115817033,0
ASD.V,D,20230514,000000,0.0693416,0.0721433,0.0693346,0.0718359,6967859.464471962,0
ASD.V,D,20230515,000000,0.0695817,0.0762633,0.0692546,0.0721505,6770590.223258823,0
ASD.V,D,20230516,000000,0.0720504,0.0732239,0.0706282,0.0708354,7311261.664595279,0
ASD.V,D,20230517,000000,0.0709284,0.072529,0.069928,0.0722289,6506698.738658411,0
ASD.V,D,20230518,000000,0.0723362,0.0822329,0.0719216,0.0780812,6345549.735422593,0
ASD.V,D,20230519,000000,0.0780212,0.0788024,0.0596798,0.0686506,7277869.997763301,0
ASD.V,D,20230520,000000,0.0686143,0.0691291,0.0663697,0.068922,7530987.887437831,0
ASD.V,D,20230521,000000,0.0688419,0.0709726,0.0682782,0.0701521,5174491.037537874,0
ASD.V,D,20230522,000000,0.0701451,0.0711927,0.0694947,0.0703952,7036126.784844282,0
ASD.V,D,20230523,000000,0.0698149,0.0760091,0.0695318,0.0756945,6864587.822771183,0
ASD.V,D,20230524,000000,0.0754077,0.0760168,0.0712665,0.0717957,7349532.221427509,0
ASD.V,D,20230525,000000,0.0713364,0.0737548,0.0712672,0.0723914,7101423.476771068,0
ASD.V,D,20230526,000000,0.072559,0.0735559,0.0687334,0.0702841,7242858.090145337,0
ASD.V,D,20230527,000000,0.070011,0.0750217,0.0687972,0.0709662,7308080.89654163,0
ASD.V,D,20230528,000000,0.0704011,0.0725903,0.0701651,0.0717458,7223910.424129359,0
ASD.V,D,20230529,000000,0.0710963,0.0725989,0.0697295,0.0717015,7076777.925010342,0
ASD.V,D,20230530,000000,0.0712114,0.0719008,0.0624843,0.0661758,7585735.352771217,0
ASD.V,D,20230531,000000,0.0665559,0.0687831,0.0652117,0.0659806,7374887.155525423,0
ASD.V,D,20230601,000000,0.0662606,0.0677103,0.0650078,0.0664393,7879769.205118764,0
ASD.V,D,20230602,000000,0.0666387,0.0688631,0.0650276,0.0657071,7841617.603805877,0
ASD.V,D,20230603,000000,0.0661472,0.068832,0.0651389,0.067437,7425386.1923702555,0
ASD.V,D,20230604,000000,0.068416,0.0708913,0.0667,0.068792,7504117.0153092155,0
ASD.V,D,20230605,000000,0.068872,0.0709113,0.0643835,0.0646788,7646018.684214396,0
ASD.V,D,20230606,000000,0.0647394,0.0674975,0.0612731,0.0654583,7809624.418932937,0
ASD.V,D,20230607,000000,0.0656284,0.0670954,0.0621731,0.0626669,7767546.88821932,0
ASD.V,D,20230608,000000,0.063497,0.0635057,0.0610694,0.0624212,7960437.493730524,0
ASD.V,D,20230609,000000,0.0623912,0.0643429,0.0620212,0.0630074,7866308.161336318,0
ASD.V,D,20230610,000000,0.0631786,0.0637649,0.05002,0.0555622,4802397.780636388,0
ASD.V,D,20230611,000000,0.0558924,0.0580033,0.0549875,0.0575136,8054537.9916905705,0
ASD.V,D,20230612,000000,0.0569133,0.0579495,0.0525374,0.0534105,9013534.483194837,0
ASD.V,D,20230613,000000,0.0531621,0.0561628,0.050236,0.054013,9599814.83538695,0
ASD.V,D,20230614,000000,0.053883,0.0588965,0.0538352,0.0545351,8130083.67549633,0
ASD.V,D,20230615,000000,0.0541051,0.0560222,0.0531152,0.0538952,9560670.799483094,0
ASD.V,D,20230616,000000,0.0537354,0.0539298,0.0521284,0.0536276,9942693.521077478,0
ASD.V,D,20230617,000000,0.0536276,0.0569626,0.0533184,0.0561664,8872432.961592248,0
ASD.V,D,20230618,000000,0.0562064,0.0567724,0.0550029,0.0553673,8189897.1985166995,0
ASD.V,D,20230619,000000,0.0553878,0.0554789,0.0542175,0.0543931,8519083.784689965,0
ASD.V,D,20230620,000000,0.0543826,0.05544,0.0539273,0.0541281,9512646.408202736,0
ASD.V,D,20230621,000000,0.0542181,0.05947,0.0539846,0.0574829,9062149.401981328,0
ASD.V,D,20230622,000000,0.0574263,0.0625494,0.0568011,0.0580416,6424993.621193889,0
ASD.V,D,20230623,000000,0.0580345,0.060336,0.0571992,0.0587546,8729003.19529912,0
ASD.V,D,20230624,000000,0.0589842,0.0640258,0.0580367,0.0616588,8748634.696953787,0
ASD.V,D,20230625,000000,0.0613286,0.0641392,0.0605515,0.0620999,7885419.507370286,0
ASD.V,D,20230626,000000,0.0621299,0.0630177,0.0606527,0.061783,8579945.58838495,0
ASD.V,D,20230627,000000,0.0614029,0.0621037,0.0580458,0.0594507,8948636.809270764,0
ASD.V,D,20230628,000000,0.0592913,0.0601302,0.0540073,0.0544395,9403564.876698647,0
ASD.V,D,20230629,000000,0.0542795,0.0554034,0.0535025,0.0543951,8459757.730848975,0
ASD.V,D,20230630,000000,0.0543629,0.0567781,0.0534891,0.0537023,7811487.47515153,0
ASD.V,D,20230701,000000,0.0536518,0.0542197,0.0522833,0.05322,9365660.837261548,0
ASD.V,D,20230702,000000,0.0532236,0.0573271,0.0530168,0.0564951,9325618.919721099,0
ASD.V,D,20230703,000000,0.0564051,0.0784886,0.0542557,0.0678547,5171994.852135367,0
ASD.V,D,20230704,000000,0.0821858,0.0886224,0.060029,0.0615235,8459038.932725523,0
ASD.V,D,20230705,000000,0.0602927,0.0685662,0.0580228,0.0586994,8340755.88689072,0
ASD.V,D,20230706,000000,0.0582787,0.0638426,0.0575246,0.0598946,8303442.959472143,0
ASD.V,D,20230707,000000,0.0590847,0.0618675,0.0556561,0.0586659,8519607.81421389,0
ASD.V,D,20230708,000000,0.0579658,0.060873,0.0570151,0.0580499,9320059.135385582,0
ASD.V,D,20230709,000000,0.0583593,0.0610004,0.0560773,0.0582905,8516142.961374624,0
ASD.V,D,20230710,000000,0.0593307,0.0618743,0.0580775,0.0595419,7900962.667892897,0
ASD.V,D,20230711,000000,0.0590912,0.0596437,0.0560178,0.0573206,8712831.273017831,0
ASD.V,D,20230712,000000,0.0562611,0.0659807,0.0561134,0.0603888,7992860.868266176,0
ASD.V,D,20230713,000000,0.0602182,0.0643434,0.0601034,0.0643051,5594065.430200262,0
ASD.V,D,20230714,000000,0.0643125,0.0659856,0.0615321,0.0619904,6488583.88304805,0
ASD.V,D,20230715,000000,0.0615501,0.0658637,0.0610201,0.063329,7656519.836380795,0
ASD.V,D,20230716,000000,0.0632483,0.0637091,0.0600316,0.0605779,8385850.906053706,0
ASD.V,D,20230717,000000,0.0603884,0.062053,0.0580093,0.0582005,8225093.217012714,0
ASD.V,D,20230718,000000,0.0588206,0.0599978,0.0581252,0.059313,8706005.503154593,0
ASD.V,D,20230719,000000,0.059313,0.0598102,0.05803,0.0587194,8992003.540513646,0
ASD.V,D,20230720,000000,0.0591694,0.0623625,0.0582847,0.0587747,8414229.37281693,0
ASD.V,D,20230721,000000,0.0589747,0.0593264,0.0575319,0.0584506,9019146.863317339,0
ASD.V,D,20230722,000000,0.0582212,0.0591683,0.056069,0.0577758,8141131.757065738,0
ASD.V,D,20230723,000000,0.0573263,0.05942,0.0570457,0.0588782,8980020.434464812,0
ASD.V,D,20230724,000000,0.0589688,0.059417,0.0556022,0.0564338,8217490.466131649,0
ASD.V,D,20230725,000000,0.0568337,0.0574748,0.055129,0.056726,8497576.120485399,0
ASD.V,D,20230726,000000,0.056746,0.05899,0.0550179,0.0571717,9093703.725904098,0
ASD.V,D,20230727,000000,0.0573023,0.0588618,0.055035,0.0566847,9014624.365950087,0
ASD.V,D,20230728,000000,0.0559549,0.0617415,0.0551324,0.0564589,8510341.491346782,0
ASD.V,D,20230729,000000,0.0567789,0.0584594,0.0550294,0.05649,8935697.993158326,0
ASD.V,D,20230730,000000,0.0566894,0.0620775,0.0550094,0.0571249,9217945.459191082,0
ASD.V,D,20230731,000000,0.0568949,0.0583359,0.0537209,0.0548407,9164344.41438015,0
ASD.V,D,20230801,000000,0.0549907,0.0563742,0.0529665,0.0533728,9599244.146926437,0
ASD.V,D,20230802,000000,0.0533728,0.0542032,0.0491415,0.0505806,9623109.545796473,0
ASD.V,D,20230803,000000,0.0506206,0.0512208,0.0399608,0.0473511,10672791.41149802,0
ASD.V,D,20230804,000000,0.0470319,0.0495368,0.0419605,0.044661,11402059.78113676,0
ASD.V,D,20230805,000000,0.044571,0.0454404,0.039974,0.043457,12191894.718999177,0
ASD.V,D,20230806,000000,0.0438231,0.0453786,0.0419102,0.0443634,11899710.884108698,0
ASD.V,D,20230807,000000,0.0436287,0.0461775,0.0418735,0.0433692,11784842.617938299,0
ASD.V,D,20230808,000000,0.0429297,0.0482837,0.0412971,0.046703,12529922.322476849,0
ASD.V,D,20230809,000000,0.0480628,0.0480985,0.0419852,0.0437419,12155534.056200836,0
ASD.V,D,20230810,000000,0.0431424,0.0479382,0.0422175,0.0448324,11647170.633323701,0
ASD.V,D,20230811,000000,0.0450522,0.0454018,0.0430488,0.0441119,9821343.398297636,0
ASD.V,D,20230812,000000,0.0442712,0.044979,0.0432163,0.0440349,8909995.629440073,0
ASD.V,D,20230813,000000,0.0440249,0.0449594,0.0432706,0.0436859,9523849.648428531,0
ASD.V,D,20230814,000000,0.0438453,0.0450799,0.0436103,0.0442391,9165244.687789796,0
ASD.V,D,20230815,000000,0.0440892,0.0452983,0.0438408,0.0447902,9602034.926607423,0
ASD.V,D,20230816,000000,0.0444606,0.0448384,0.0418514,0.0431416,9403960.887693617,0
ASD.V,D,20230817,000000,0.0428524,0.0450205,0.0418917,0.043284,8949809.1605873,0
ASD.V,D,20230818,000000,0.0432862,0.0441738,0.0410068,0.042271,10529775.234155336,0
ASD.V,D,20230819,000000,0.0421289,0.0450229,0.0418341,0.0436886,9876074.39068395,0
ASD.V,D,20230820,000000,0.0442485,0.0452746,0.0433983,0.0436678,9662541.057294622,0
ASD.V,D,20230821,000000,0.0436478,0.0448683,0.0430184,0.0435435,9945061.831654778,0
ASD.V,D,20230822,000000,0.0436135,0.0445349,0.0430006,0.0432857,9042897.662273636,0
ASD.V,D,20230823,000000,0.0433852,0.0439432,0.0404902,0.0423819,7438709.241161893,0
ASD.V,D,20230824,000000,0.0428214,0.043859,0.0412809,0.0417687,7169081.620059215,0
ASD.V,D,20230825,000000,0.0416787,0.0436707,0.0409891,0.0423367,7425415.493709555,0
ASD.V,D,20230826,000000,0.0422863,0.0431593,0.0411553,0.0423567,7430964.373319331,0
ASD.V,D,20230827,000000,0.0425266,0.0453787,0.0422468,0.0435695,6997628.167091944,0
ASD.V,D,20230828,000000,0.0431797,0.045261,0.0417408,0.0439476,7153591.760192098,0
ASD.V,D,20230829,000000,0.0439371,0.0453414,0.0417429,0.0434483,5314126.426995584,0
ASD.V,D,20230830,000000,0.0428477,0.0439352,0.0416167,0.04284,5369343.078030523,0
ASD.V,D,20230831,000000,0.04289,0.0439165,0.0423645,0.0429744,5074972.466523756,0
ASD.V,D,20230901,000000,0.0427744,0.0439064,0.0416887,0.0428681,4279873.15265341,0
ASD.V,D,20230902,000000,0.0419886,0.0453109,0.0419332,0.0444251,4020208.5104167527,0
ASD.V,D,20230903,000000,0.0444151,0.0488617,0.0436556,0.0473415,3993806.8206910524,0
ASD.V,D,20230904,000000,0.0473015,0.0485422,0.0460835,0.0470868,3724600.3031348945,0
ASD.V,D,20230905,000000,0.0471268,0.0483566,0.0460851,0.0476366,4007249.231667684,0
ASD.V,D,20230906,000000,0.0476966,0.0488185,0.0443225,0.044983,3999714.646618271,0
ASD.V,D,20230907,000000,0.0450125,0.0469604,0.0445364,0.0460865,4031174.865365108,0
ASD.V,D,20230908,000000,0.045659,0.0472358,0.0450002,0.0458236,4131893.598550239,0
ASD.V,D,20230909,000000,0.0460036,0.0469568,0.0450432,0.0458758,4320775.8975666,0
ASD.V,D,20230910,000000,0.0459553,0.0468525,0.0450083,0.0451828,4224287.7714438,0
ASD.V,D,20230911,000000,0.0451029,0.0464647,0.0432536,0.0440359,4043939.664699744,0
ASD.V,D,20230912,000000,0.0440359,0.0469438,0.0439942,0.0463363,4067358.075378205,0
ASD.V,D,20230913,000000,0.0460859,0.0469472,0.040568,0.0429486,4057404.722296737,0
ASD.V,D,20230914,000000,0.0427786,0.0456236,0.0420304,0.0436927,4107173.0946223545,0
ASD.V,D,20230915,000000,0.0437723,0.044998,0.0421196,0.0426887,3932949.075780407,0
ASD.V,D,20230916,000000,0.0431683,0.0443975,0.0423587,0.044134,3885815.8101574574,0
ASD.V,D,20230917,000000,0.0435939,0.044999,0.0430286,0.0442306,4373441.640163,0
ASD.V,D,20230918,000000,0.0441306,0.0470552,0.0432543,0.0450772,3885579.194350639,0
ASD.V,D,20230919,000000,0.0444171,0.0472094,0.0443084,0.0453964,4256850.158806095,0
ASD.V,D,20230920,000000,0.0452663,0.04698,0.0422692,0.0433922,4031966.707868049,0
ASD.V,D,20230921,000000,0.0434026,0.050978,0.0424817,0.049198,4136651.350968806,0
ASD.V,D,20230922,000000,0.0493385,0.0507024,0.0476257,0.0487566,3599093.842313734,0
ASD.V,D,20230923,000000,0.0488166,0.050698,0.0462768,0.0483734,3754279.234544435,0
ASD.V,D,20230924,000000,0.0488434,0.0494905,0.0457823,0.0463919,3949519.794358177,0
ASD.V,D,20230925,000000,0.0464019,0.0487744,0.0452195,0.0470476,3963184.231936412,0
ASD.V,D,20230926,000000,0.0465772,0.0478619,0.0462071,0.0474696,4044519.9987540515,0
ASD.V,D,20230927,000000,0.0467999,0.0475662,0.0433375,0.0458765,3986740.3691716827,0
ASD.V,D,20230928,000000,0.045846,0.049409,0.0453714,0.0464491,4215860.539238482,0
ASD.V,D,20230929,000000,0.0463486,0.048369,0.0460291,0.0473548,4144314.0613779216,0
ASD.V,D,20230930,000000,0.0472348,0.0485487,0.0469377,0.0485097,3814232.9830350867,0
ASD.V,D,20231001,000000,0.0484997,0.0494749,0.0458232,0.0469452,3773261.3375246846,0
ASD.V,D,20231002,000000,0.0468352,0.0598974,0.0460446,0.0497544,4035193.442288633,0
ASD.V,D,20231003,000000,0.0485841,0.0509846,0.0480225,0.0490495,3850488.5765642175,0
ASD.V,D,20231004,000000,0.0491895,0.0509059,0.0481419,0.0496425,3978079.084296189,0
ASD.V,D,20231005,000000,0.049932,0.0531807,0.0490444,0.0526547,3729331.0459330515,0
ASD.V,D,20231006,000000,0.0524242,0.0526747,0.0508258,0.051171,3461987.1252072155,0
ASD.V,D,20231007,000000,0.0510709,0.0532082,0.050877,0.0512092,3709642.128349845,0
ASD.V,D,20231008,000000,0.0511691,0.0532156,0.0504983,0.050929,3860841.501826467,0
ASD.V,D,20231009,000000,0.0514693,0.0535003,0.0477205,0.0482296,3831271.069769047,0
ASD.V,D,20231010,000000,0.0491598,0.0518247,0.0481382,0.0507756,3667536.780914762,0
ASD.V,D,20231011,000000,0.050235,0.051991,0.050035,0.0517655,3623810.7675677952,0
ASD.V,D,20231012,000000,0.0512951,0.0531904,0.0497831,0.0509611,3368965.230234567,0
ASD.V,D,20231013,000000,0.0509012,0.0511441,0.0495561,0.0507893,3667792.9139193543,0
ASD.V,D,20231014,000000,0.0508193,0.0510608,0.0486988,0.0504465,3528402.2615267877,0
ASD.V,D,20231015,000000,0.050507,0.0508595,0.0493185,0.050462,3614728.5818963842,0
ASD.V,D,20231016,000000,0.050562,0.0528916,0.0495164,0.0515011,3719644.680208429,0
ASD.V,D,20231017,000000,0.0516312,0.0530912,0.0512289,0.051309,3207719.54961665,0
ASD.V,D,20231018,000000,0.0519292,0.0532276,0.0512289,0.0530111,3593493.8062979863,0
ASD.V,D,20231019,000000,0.0528911,0.0530801,0.0515301,0.0521003,3607822.669603149,0
ASD.V,D,20231020,000000,0.0518107,0.0527379,0.05011,0.0504412,3623201.170207718,0
ASD.V,D,20231021,000000,0.0502306,0.0547359,0.0502306,0.0535562,3595916.030430295,0
ASD.V,D,20231022,000000,0.0533661,0.0548874,0.0527474,0.0527574,3366694.201245422,0
ASD.V,D,20231023,000000,0.0527579,0.0550198,0.0522231,0.0545584,3187620.3303512125,0
ASD.V,D,20231024,000000,0.0545878,0.0583829,0.0526153,0.0535236,3226995.278721905,0
ASD.V,D,20231025,000000,0.0537935,0.055979,0.0500205,0.0532228,3437580.5233605704,0
ASD.V,D,20231026,000000,0.0533828,0.0559756,0.051011,0.05239,3572807.0610848707,0
ASD.V,D,20231027,000000,0.0528705,0.0529674,0.0510582,0.0515613,3504263.752783646,0
ASD.V,D,20231028,000000,0.0511718,0.0547444,0.0495254,0.0512882,3439177.069198437,0
ASD.V,D,20231029,000000,0.0515088,0.0530427,0.0507581,0.051468,3457400.9273815188,0
ASD.V,D,20231030,000000,0.051558,0.0522157,0.0490159,0.0500965,3736549.5157357696,0
ASD.V,D,20231031,000000,0.050147,0.0514906,0.0475747,0.0491806,3514999.0829262044,0
ASD.V,D,20231101,000000,0.0498009,0.0512064,0.048295,0.0504962,3598655.641334768,0
ASD.V,D,20231102,000000,0.0508463,0.0518059,0.050116,0.0509661,3561480.2234418294,0
ASD.V,D,20231103,000000,0.0508061,0.0514277,0.0486244,0.0499195,3533221.7358634844,0
ASD.V,D,20231104,000000,0.0496394,0.0519159,0.0492497,0.0514503,3472008.0187552203,0
ASD.V,D,20231105,000000,0.0515099,0.0521891,0.0500825,0.0508316,3737998.081540105,0
ASD.V,D,20231106,000000,0.0505904,0.0528906,0.0492807,0.0512738,3393738.0611000783,0
ASD.V,D,20231107,000000,0.0518845,0.0527058,0.0483758,0.0502631,3804368.3648893074,0
ASD.V,D,20231108,000000,0.0504632,0.0527058,0.0494834,0.0514418,3518274.746858862,0
ASD.V,D,20231109,000000,0.0513813,0.0520534,0.0460189,0.0496399,4129333.674160065,0
ASD.V,D,20231110,000000,0.0495794,0.0514178,0.0480543,0.0514067,3580727.962710202,0
ASD.V,D,20231111,000000,0.0513062,0.0520228,0.0483737,0.0503031,3806076.194641421,0
ASD.V,D,20231112,000000,0.0507022,0.0526979,0.0495698,0.0514006,3617354.6233266997,0
ASD.V,D,20231113,000000,0.0510204,0.0540178,0.0503802,0.0523346,3483052.397837321,0
ASD.V,D,20231114,000000,0.0522846,0.0583169,0.0515439,0.0526168,3785228.552048987,0
ASD.V,D,20231115,000000,0.0525674,0.0557784,0.049862,0.0543061,3481723.07597055,0
ASD.V,D,20231116,000000,0.0543071,0.0543741,0.0505125,0.0530558,3701866.0223646485,0
ASD.V,D,20231117,000000,0.0518757,0.0532453,0.0494963,0.0503671,3467282.766144034,0
ASD.V,D,20231118,000000,0.0499465,0.0562487,0.0493963,0.0523957,3640703.1263243095,0
ASD.V,D,20231119,000000,0.0523757,0.0553577,0.0520265,0.0537036,2819837.5233041905,0
ASD.V,D,20231120,000000,0.0540038,0.0556334,0.053224,0.0540778,3434635.5530750644,0
ASD.V,D,20231121,000000,0.0538471,0.0563094,0.0530849,0.0535703,3032842.9350069044,0
ASD.V,D,20231122,000000,0.0535203,0.0543668,0.0520778,0.0529469,3253676.8016406163,0
ASD.V,D,20231123,000000,0.053236,0.0541963,0.0510222,0.0520273,3392154.108479792,0
ASD.V,D,20231124,000000,0.0520273,0.0539113,0.0510261,0.0523513,3409518.892756502,0
ASD.V,D,20231125,000000,0.0534527,0.0542625,0.0515814,0.0521407,3468838.074781173,0
ASD.V,D,20231126,000000,0.052541,0.0538012,0.0521234,0.05263,3322986.1488323375,0
ASD.V,D,20231127,000000,0.0529401,0.0530707,0.0463923,0.048651,3579360.339826948,0
ASD.V,D,20231128,000000,0.049151,0.049931,0.04073,0.0473374,4040510.757855798,0
ASD.V,D,20231129,000000,0.0467871,0.0485186,0.0407103,0.0451554,4141768.519074646,0
ASD.V,D,20231130,000000,0.0455959,0.0475962,0.0450441,0.0471552,4044906.224114852,0
ASD.V,D,20231201,000000,0.0469084,0.0516809,0.0464865,0.0500095,3799464.72963352,0
ASD.V,D,20231202,000000,0.04999,0.0507148,0.0479196,0.0491421,3433306.219506285,0
ASD.V,D,20231203,000000,0.0485518,0.0520092,0.0485413,0.0515486,3570287.263228906,0
ASD.V,D,20231204,000000,0.0506977,0.0516481,0.049222,0.050512,3496370.2362841754,0
ASD.V,D,20231205,000000,0.050802,0.0508141,0.0449231,0.0483258,3557167.2868066775,0
ASD.V,D,20231206,000000,0.0482658,0.048991,0.0472733,0.0486654,3368125.0062425076,0
ASD.V,D,20231207,000000,0.0489154,0.0494915,0.0472791,0.0491772,3169312.352262403,0
ASD.V,D,20231208,000000,0.0485465,0.0511699,0.0472661,0.0495864,3440029.249788238,0
ASD.V,D,20231209,000000,0.0496864,0.0525779,0.0484436,0.0502131,3231462.394898728,0
ASD.V,D,20231210,000000,0.0498234,0.051401,0.0494859,0.0502315,3646807.001874916,0
ASD.V,D,20231211,000000,0.0508125,0.0513915,0.0474805,0.0490974,3693812.7124901596,0
ASD.V,D,20231212,000000,0.0490269,0.0510985,0.044977,0.0495582,3787824.807213551,0
ASD.V,D,20231213,000000,0.0498481,0.0503903,0.0450202,0.0483011,3506131.171894807,0
ASD.V,D,20231214,000000,0.0484011,0.049903,0.0400092,0.0457573,7554533.168688259,0
ASD.V,D,20231215,000000,0.0459073,0.0473924,0.0422732,0.0455441,8856081.710933777,0
ASD.V,D,20231216,000000,0.0452745,0.0485402,0.0447473,0.047422,8734151.4529959,0
ASD.V,D,20231217,000000,0.0468725,0.0511923,0.0468325,0.0504979,8864713.069589231,0
ASD.V,D,20231218,000000,0.0497782,0.0511068,0.045989,0.0480056,7941391.114399042,0
ASD.V,D,20231219,000000,0.0473158,0.0490954,0.0426248,0.0444369,9315410.217926428,0
ASD.V,D,20231220,000000,0.045167,0.050792,0.0431867,0.0487515,9021228.883589916,0
ASD.V,D,20231221,000000,0.0477519,0.0510834,0.0450109,0.0465484,8856646.739038762,0
ASD.V,D,20231222,000000,0.0467289,0.0483997,0.0452399,0.0473274,8720069.8067125,0
ASD.V,D,20231223,000000,0.046847,0.0479831,0.0440316,0.0452822,9316616.20821397,0
ASD.V,D,20231224,000000,0.0464732,0.0479354,0.0441578,0.04553,9187390.939689472,0
ASD.V,D,20231225,000000,0.045379,0.0475895,0.0425294,0.0458501,9200065.50484698,0
ASD.V,D,20231226,000000,0.0463397,0.0471291,0.0434935,0.0452355,9395956.71546413,0
ASD.V,D,20231227,000000,0.0449255,0.0463071,0.0430196,0.0456583,9479597.062084598,0
ASD.V,D,20231228,000000,0.0453881,0.0480116,0.0442642,0.0457397,8706469.23308333,0
ASD.V,D,20231229,000000,0.0457597,0.0484905,0.045139,0.0471394,8219681.054303886,0
ASD.V,D,20231230,000000,0.0472595,0.0494935,0.0452277,0.0478886,8772276.560125204,0
ASD.V,D,20231231,000000,0.0489885,0.057477,0.0470148,0.0514971,8687498.807668269,0
ASD.V,D,20240101,000000,0.0517365,0.051976,0.047581,0.0491593,8319559.890737602,0
ASD.V,D,20240102,000000,0.0491593,0.0629353,0.0490508,0.0539005,8066931.380569322,0
ASD.V,D,20240103,000000,0.05402,0.0600034,0.0496001,0.05405,7422357.488468982,0
ASD.V,D,20240104,000000,0.0549014,0.0579771,0.0530907,0.0556361,7104334.552115883,0
ASD.V,D,20240105,000000,0.0562563,0.0614942,0.0530018,0.0549328,7374424.778148553,0
ASD.V,D,20240106,000000,0.0553437,0.0663824,0.0549122,0.0630778,6973673.794049574,0
ASD.V,D,20240107,000000,0.0629678,0.0682641,0.0620566,0.06251,6703473.804772776,0
ASD.V,D,20240108,000000,0.0639202,0.0639202,0.0560396,0.0587723,7152336.1437572995,0
ASD.V,D,20240109,000000,0.0599933,0.0600332,0.0507237,0.0522662,7058447.561174994,0
ASD.V,D,20240110,000000,0.0522762,0.0585017,0.0505757,0.0543636,7918573.497711163,0
ASD.V,D,20240111,000000,0.0543636,0.0563856,0.0520105,0.0556733,7908147.515957703,0
ASD.V,D,20240112,000000,0.0553933,0.0578759,0.047305,0.0501664,7337167.746650426,0
ASD.V,D,20240113,000000,0.0511588,0.0547825,0.0446651,0.0492482,8180555.722855788,0
ASD.V,D,20240114,000000,0.0488083,0.0509722,0.0471944,0.0494163,8752762.032480476,0
ASD.V,D,20240115,000000,0.0491064,0.050962,0.0457212,0.0484854,8426499.258976612,0
ASD.V,D,20240116,000000,0.0488051,0.050067,0.0465669,0.0487522,8247685.407896825,0
ASD.V,D,20240117,000000,0.0484927,0.0494232,0.0469777,0.0474225,8475006.432812242,0
ASD.V,D,20240118,000000,0.0486413,0.049939,0.0469635,0.0477218,8279918.336327961,0
ASD.V,D,20240119,000000,0.0479715,0.0490443,0.0470411,0.0477527,8471580.963595018,0
ASD.V,D,20240120,000000,0.0477132,0.0507484,0.0476723,0.0489798,8765070.550716175,0
ASD.V,D,20240121,000000,0.0486301,0.0506115,0.0480459,0.0493294,7449732.3842470795,0
ASD.V,D,20240122,000000,0.049925,0.0512338,0.0491664,0.0493671,8004981.802987673,0
ASD.V,D,20240123,000000,0.0495569,0.0504295,0.0469886,0.0489964,8565991.39235011,0
ASD.V,D,20240124,000000,0.0489664,0.0499665,0.0474806,0.0498236,8673390.895430226,0
ASD.V,D,20240125,000000,0.0497036,0.04996,0.048002,0.0494333,7698927.814852924,0
ASD.V,D,20240126,000000,0.0489935,0.0503609,0.0480093,0.0497396,8152482.79060332,0
ASD.V,D,20240127,000000,0.0494496,0.0505294,0.0485284,0.0498095,8494623.845788501,0
ASD.V,D,20240128,000000,0.0499995,0.0505324,0.0470062,0.0487022,8676540.308352103,0
ASD.V,D,20240129,000000,0.0492926,0.049982,0.0483336,0.04933,8459625.331204217,0
ASD.V,D,20240130,000000,0.0493305,0.0504895,0.0460205,0.0498395,8692216.755268887,0
ASD.V,D,20240131,000000,0.0498895,0.049994,0.0482206,0.0498021,8634895.22139583,0
ASD.V,D,20240201,000000,0.0490125,0.0499395,0.0451144,0.0493357,8998752.909914987,0
ASD.V,D,20240202,000000,0.0487858,0.0493578,0.0449871,0.0472649,7536153.127420722,0
ASD.V,D,20240203,000000,0.047205,0.0494707,0.0463096,0.0473839,6124771.7950201,0
ASD.V,D,20240204,000000,0.0481436,0.0499185,0.0463642,0.0490589,5877247.522469671,0
ASD.V,D,20240205,000000,0.0486596,0.049959,0.0457311,0.0468186,5842330.737149545,0
ASD.V,D,20240206,000000,0.0468286,0.0494276,0.04499,0.0470354,5752580.587671536,0
ASD.V,D,20240207,000000,0.0471849,0.0480559,0.0420106,0.0461108,5907994.3521287115,0
ASD.V,D,20240208,000000,0.0459108,0.048069,0.0450783,0.0466393,6236269.22706698,0
ASD.V,D,20240209,000000,0.0478596,0.0525747,0.0465474,0.0496293,6095844.129253536,0
ASD.V,D,20240210,000000,0.0492991,0.0507065,0.0485757,0.049844,4495797.932329237,0
ASD.V,D,20240211,000000,0.0493938,0.0504957,0.0470273,0.0492043,5998629.339118548,0
ASD.V,D,20240212,000000,0.0493943,0.0514667,0.0490242,0.0514621,5249903.169030976,0
ASD.V,D,20240213,000000,0.0514721,0.0515093,0.050028,0.0500695,2717993.9964980483,0
ASD.V,D,20240214,000000,0.0501996,0.0532424,0.0490345,0.0520083,2843391.269605998,0
ASD.V,D,20240215,000000,0.0528596,0.0559862,0.0501411,0.0543472,5480406.597063729,0
ASD.V,D,20240216,000000,0.0544067,0.0553727,0.0531329,0.0540716,4708280.51602813,0
ASD.V,D,20240217,000000,0.0547321,0.0559918,0.0467836,0.0487612,5365340.143381067,0
ASD.V,D,20240218,000000,0.0489708,0.05261,0.0471852,0.0471852,5825924.562035796,0
ASD.V,D,20240219,000000,0.0483863,0.0551888,0.0470161,0.0517424,5310727.389099399,0
ASD.V,D,20240220,000000,0.0532828,0.0562694,0.0514282,0.0543509,5314523.888447153,0
ASD.V,D,20240221,000000,0.0546409,0.0568963,0.0526674,0.05397,5069479.053816764,0
ASD.V,D,20240222,000000,0.05395,0.057869,0.0530136,0.0553823,4900409.542628711,0
ASD.V,D,20240223,000000,0.0563414,0.0573019,0.0540076,0.0554622,4449392.161353428,0
ASD.V,D,20240224,000000,0.0554722,0.0596452,0.0554378,0.05656,3666392.6834597634,0
ASD.V,D,20240225,000000,0.05659,0.0588753,0.0529168,0.0548778,1188325.7416181595,0
ASD.V,D,20240226,000000,0.0533689,0.0575655,0.0529479,0.0564567,3182714.158056939,0
ASD.V,D,20240227,000000,0.0559463,0.0590166,0.0529971,0.0586334,4453620.891459102,0
ASD.V,D,20240228,000000,0.0583527,0.0747188,0.0582168,0.0664165,4014588.2912607947,0
ASD.V,D,20240229,000000,0.0667167,0.0789342,0.0654038,0.0719324,703154.9897351596,0
ASD.V,D,20240301,000000,0.0725548,0.0725721,0.0622256,0.066662,3234471.6287474544,0
ASD.V,D,20240302,000000,0.066271,0.068893,0.0614048,0.066772,2865375.1594091984,0
ASD.V,D,20240303,000000,0.0668348,0.070008,0.0630709,0.0665093,1394858.3413516763,0
ASD.V,D,20240304,000000,0.0665199,0.0688437,0.0625056,0.0670136,289357.85450757935,0
ASD.V,D,20240305,000000,0.0649057,0.0649803,0.064846,0.0649148,21746.386635000006,0
ASD.V,D,20240306,000000,0.0593837,0.0660132,0.0593113,0.0649457,21387.693844109,0
ASD.V,D,20240307,000000,0.064956,0.0668701,0.0633215,0.0637385,33485.180712,0
ASD.V,D,20240308,000000,0.0645867,0.0683529,0.0621802,0.0682392,45829.66005300003,0
ASD.V,D,20240309,000000,0.0681346,0.0684862,0.0631855,0.0633464,28627.692739999995,0
ASD.V,D,20240310,000000,0.0627283,0.0627847,0.0574913,0.0583392,56996.141489999995,0
ASD.V,D,20240311,000000,0.0582993,0.0584861,0.0543385,0.055211,47663.28699699998,0
ASD.V,D,20240312,000000,0.0562969,0.0563941,0.0550154,0.0563151,21017.79286,0
ASD.V,D,20240313,000000,0.0560856,0.0592586,0.0559829,0.057547,568094.6541649434,0
ASD.V,D,20240314,000000,0.0607767,0.0637185,0.0580462,0.0592892,1552708.3131368575,0
ASD.V,D,20240315,000000,0.0595086,0.0618209,0.0549831,0.0568134,2413970.648102618,0
ASD.V,D,20240316,000000,0.056524,0.0616688,0.0539611,0.0562951,3168246.3002336244,0
ASD.V,D,20240317,000000,0.0561186,0.0579604,0.0537327,0.0575189,1835240.893869894,0
ASD.V,D,20240318,000000,0.0571991,0.0658778,0.0532632,0.0629462,3152071.1528214896,0
ASD.V,D,20240319,000000,0.0637555,0.064959,0.0582318,0.0642035,3067565.526457448,0
ASD.V,D,20240320,000000,0.0644532,0.0655623,0.0630321,0.06522,2364480.074408265,0
ASD.V,D,20240321,000000,0.0688397,0.0718492,0.0646619,0.0651331,828974.3352603038,0
ASD.V,D,20240322,000000,0.0651644,0.0699602,0.0650372,0.0665846,2469586.348635854,0
ASD.V,D,20240323,000000,0.0664646,0.0703321,0.06502,0.06802,3930589.923446515,0
ASD.V,D,20240324,000000,0.06809,0.0747312,0.0676293,0.0737656,3666240.281798417,0
ASD.V,D,20240325,000000,0.0737456,0.0738448,0.0681197,0.0705399,4805726.864376382,0
ASD.V,D,20240326,000000,0.0705199,0.0734369,0.066612,0.0672007,7809384.280743507,0
ASD.V,D,20240327,000000,0.0673613,0.0727113,0.0666747,0.0709445,8122807.339261076,0
ASD.V,D,20240328,000000,0.0697349,0.075018,0.0677307,0.0719951,7918632.820584624,0
ASD.V,D,20240329,000000,0.0728653,0.074875,0.0682348,0.0710141,7330841.379386532,0
ASD.V,D,20240330,000000,0.0709633,0.074186,0.0689017,0.0727183,7892657.284359124,0
ASD.V,D,20240331,000000,0.071868,0.0727804,0.0705772,0.0726887,7682628.880216368,0
ASD.V,D,20240401,000000,0.0725187,0.0750102,0.0690683,0.0707569,7453917.013424757,0
ASD.V,D,20240402,000000,0.0692863,0.0732237,0.0682657,0.0705282,7327039.782707483,0
ASD.V,D,20240403,000000,0.0708783,0.0750172,0.0698489,0.0720109,7788996.136352751,0
ASD.V,D,20240404,000000,0.0713307,0.0747563,0.0694247,0.0724774,7790057.422190355,0
ASD.V,D,20240405,000000,0.0725074,0.0746628,0.0690565,0.0712642,7558702.306585983,0
ASD.V,D,20240406,000000,0.0713921,0.0719552,0.0692028,0.0706277,8256453.766426851,0
ASD.V,D,20240407,000000,0.0706377,0.0727966,0.0695263,0.0706564,8543887.004505467,0
ASD.V,D,20240408,000000,0.0697863,0.073973,0.0696144,0.0709157,8136385.142468489,0
ASD.V,D,20240409,000000,0.0708265,0.0734085,0.0699771,0.0705575,6447631.606475507,0
ASD.V,D,20240410,000000,0.0704376,0.0715793,0.0699785,0.0707879,3853428.1523677534,0
ASD.V,D,20240411,000000,0.0706079,0.0715814,0.06962,0.071015,4168945.7416409645,0
ASD.V,D,20240412,000000,0.0710157,0.0716577,0.0653559,0.06665,2939262.2210988607,0
ASD.V,D,20240413,000000,0.0672302,0.0679697,0.0567193,0.0629109,3706904.710267006,0
ASD.V,D,20240414,000000,0.063011,0.0645829,0.0561384,0.0597779,4525972.790603899,0
ASD.V,D,20240415,000000,0.0598379,0.0632794,0.0551992,0.0576598,4443319.601308718,0
ASD.V,D,20240416,000000,0.0573592,0.0579604,0.0505252,0.0527405,4894985.249418273,0
ASD.V,D,20240417,000000,0.0518104,0.0538088,0.0475681,0.0507944,5014249.23799733,0
ASD.V,D,20240418,000000,0.0506344,0.0549487,0.0464251,0.0505652,5242541.063727687,0
ASD.V,D,20240419,000000,0.0503851,0.0597975,0.0480626,0.0538867,4646874.651821927,0
ASD.V,D,20240420,000000,0.0539378,0.0580097,0.0530154,0.0553466,4900946.7796711745,0
ASD.V,D,20240421,000000,0.0551465,0.0580144,0.0511351,0.052949,5000368.2097037025,0
ASD.V,D,20240422,000000,0.0522189,0.056657,0.0493927,0.0563763,5035701.415430403,0
ASD.V,D,20240423,000000,0.0555861,0.0567516,0.0500775,0.0520684,4838299.773308843,0
ASD.V,D,20240424,000000,0.051709,0.0537132,0.0486319,0.0513727,5698342.287568286,0
ASD.V,D,20240425,000000,0.0515325,0.052459,0.0491815,0.0508405,5609983.295737208,0
ASD.V,D,20240426,000000,0.0509904,0.0511155,0.0492103,0.0509004,5432400.522247432,0
ASD.V,D,20240427,000000,0.0508749,0.0516597,0.05001,0.0515136,5690090.269251184,0
ASD.V,D,20240428,000000,0.0512039,0.054969,0.0505247,0.0534879,5496082.407910793,0
ASD.V,D,20240429,000000,0.0534879,0.054869,0.0485703,0.05138,5626554.793900114,0
ASD.V,D,20240430,000000,0.0517645,0.0529546,0.0461085,0.0484669,5366308.737237771,0
ASD.V,D,20240501,000000,0.0498851,0.0517523,0.047082,0.0498152,5533893.822989402,0
ASD.V,D,20240502,000000,0.0487867,0.0519192,0.0479701,0.0505825,5537908.823024465,0
ASD.V,D,20240503,000000,0.049792,0.0520124,0.0495375,0.0519318,5637210.268262572,0
ASD.V,D,20240504,000000,0.0517422,0.0547782,0.0510974,0.0545555,4942374.538156158,0
ASD.V,D,20240505,000000,0.0544854,0.0548049,0.050167,0.0511156,5398608.179018734,0
ASD.V,D,20240506,000000,0.0512862,0.0538543,0.0511146,0.051391,5520769.771223185,0
ASD.V,D,20240507,000000,0.0519805,0.0522121,0.0502015,0.0506785,5543570.701676889,0
ASD.V,D,20240508,000000,0.0506185,0.0519838,0.0490107,0.0496446,5267938.85835817,0
ASD.V,D,20240509,000000,0.0500245,0.0529378,0.0490989,0.0521717,5114436.639493732,0
ASD.V,D,20240510,000000,0.0523721,0.0527937,0.0486949,0.0489953,4939422.058804577,0
ASD.V,D,20240511,000000,0.0497351,0.0519739,0.0486954,0.050199,5434411.5003113765,0
ASD.V,D,20240512,000000,0.050189,0.0503294,0.0483602,0.0492188,5625265.038633996,0
ASD.V,D,20240513,000000,0.0492788,0.0503349,0.0460917,0.0478447,6108342.015121758,0
ASD.V,D,20240514,000000,0.0478747,0.0518735,0.0461217,0.0497121,6027704.774581281,0
ASD.V,D,20240515,000000,0.0492623,0.0520312,0.0489896,0.0516004,5886627.235788653,0
ASD.V,D,20240516,000000,0.0520007,0.0520213,0.0501295,0.0508346,5499341.361646917,0
ASD.V,D,20240517,000000,0.0504045,0.0509815,0.0483264,0.0497774,5849202.670270558,0
ASD.V,D,20240518,000000,0.0502971,0.0504471,0.0462757,0.0484082,6077044.455156912,0
ASD.V,D,20240519,000000,0.0490783,0.0514551,0.0475386,0.0497265,5944216.2337197475,0
ASD.V,D,20240520,000000,0.049727,0.0536157,0.0467295,0.0509899,5489979.064336004,0
ASD.V,D,20240521,000000,0.0508798,0.0544144,0.0495008,0.0523364,5661384.150156245,0
ASD.V,D,20240522,000000,0.0536255,0.0539638,0.0509711,0.0520076,5421609.509907248,0
ASD.V,D,20240523,000000,0.0525479,0.0544582,0.049983,0.0509174,5279977.451021941,0
ASD.V,D,20240524,000000,0.0508474,0.051846,0.0494753,0.049624,5567443.227368303,0
ASD.V,D,20240525,000000,0.050334,0.05136,0.0494986,0.0507598,5674191.655891907,0
ASD.V,D,20240526,000000,0.0506299,0.0529078,0.049994,0.0520154,5583326.051606169,0
ASD.V,D,20240527,000000,0.05125,0.0529459,0.0501188,0.0515673,8185976.792335772,0
ASD.V,D,20240528,000000,0.0512477,0.0539282,0.050968,0.0529106,7996378.9350403985,0
ASD.V,D,20240529,000000,0.0529328,0.0564397,0.051398,0.0552392,4770036.187118654,0
ASD.V,D,20240530,000000,0.0563774,0.056425,0.0549601,0.0554206,3128594.0186147657,0
ASD.V,D,20240531,000000,0.0560404,0.056465,0.0549596,0.0564128,5322729.456037514,0
ASD.V,D,20240601,000000,0.0552242,0.0564224,0.054176,0.05613,2895625.5398670076,0
ASD.V,D,20240602,000000,0.0556055,0.0574386,0.051383,0.0540413,5371566.595127598,0
ASD.V,D,20240603,000000,0.0542212,0.0573846,0.052087,0.053171,5226854.895390813,0
ASD.V,D,20240604,000000,0.0535909,0.0549741,0.0527089,0.05348,4770017.585229816,0
ASD.V,D,20240605,000000,0.05467,0.0558861,0.0534205,0.0548449,5271675.169341427,0
ASD.V,D,20240606,000000,0.0547749,0.05588,0.0527305,0.0538328,5483110.582694196,0
ASD.V,D,20240607,000000,0.0542326,0.0578687,0.0500205,0.0508407,4313993.352618458,0
ASD.V,D,20240608,000000,0.0518808,0.0541267,0.049981,0.0509739,5098887.806633166,0
ASD.V,D,20240609,000000,0.0504644,0.0545629,0.0500345,0.0523921,3261745.557252571,0
ASD.V,D,20240610,000000,0.0522952,0.0543129,0.0509583,0.0521159,2980504.5968247135,0
ASD.V,D,20240611,000000,0.0521954,0.0523748,0.0425053,0.0499795,3037186.0314385397,0
ASD.V,D,20240612,000000,0.0495191,0.051489,0.0487993,0.0507033,2316757.193870359,0
ASD.V,D,20240613,000000,0.0511126,0.0514761,0.0491916,0.05004,2982101.1808643346,0
ASD.V,D,20240614,000000,0.05008,0.0504558,0.0495313,0.0498551,2689674.505931508,0
ASD.V,D,20240615,000000,0.0496752,0.0499405,0.0485199,0.0497721,2384490.5711677293,0
ASD.V,D,20240616,000000,0.0495123,0.0517038,0.0494418,0.04993,2786364.14649145,0
ASD.V,D,20240617,000000,0.0498301,0.0509489,0.0497482,0.049907,3125245.579240265,0
ASD.V,D,20240618,000000,0.049927,0.0511211,0.0451055,0.0457848,2839783.4006510265,0
ASD.V,D,20240619,000000,0.0457848,0.0477047,0.0449915,0.045012,3455641.492430413,0
ASD.V,D,20240620,000000,0.0451919,0.0464156,0.0449789,0.0453278,3516989.80087896,0
ASD.V,D,20240621,000000,0.0456276,0.046186,0.0447779,0.0450321,2966091.185291039,0
ASD.V,D,20240622,000000,0.0448422,0.0450743,0.0417154,0.0432227,2358336.848364941,0
ASD.V,D,20240623,000000,0.0424026,0.0440149,0.0423401,0.0434695,3269970.8542911443,0
ASD.V,D,20240624,000000,0.04343,0.0439532,0.0383047,0.0390215,3713178.9265121142,0
ASD.V,D,20240625,000000,0.0390115,0.0478432,0.0390111,0.0454018,3712973.1984305955,0
ASD.V,D,20240626,000000,0.0453018,0.0457109,0.0449638,0.0452392,4598298.881182704,0
ASD.V,D,20240627,000000,0.0453051,0.0455944,0.0448154,0.0451499,4404509.978982642,0
ASD.V,D,20240628,000000,0.0449892,0.0459394,0.0434178,0.0439229,4003639.414652662,0
ASD.V,D,20240629,000000,0.0438126,0.0478386,0.0436525,0.045243,4584765.065909457,0
ASD.V,D,20240630,000000,0.045243,0.0454326,0.0438487,0.0444037,4542805.9527857285,0
ASD.V,D,20240701,000000,0.0443216,0.0450353,0.0441532,0.0443802,3162630.889423897,0
ASD.V,D,20240702,000000,0.0441448,0.0455021,0.0441448,0.0446684,2976383.284202896,0
ASD.V,D,20240703,000000,0.0444188,0.0449488,0.0431929,0.0434113,3198892.9851729814,0
ASD.V,D,20240704,000000,0.0434118,0.0435773,0.0408308,0.0419361,3434793.017045949,0
ASD.V,D,20240705,000000,0.0421964,0.0424626,0.0383,0.0394824,4079952.788003991,0
ASD.V,D,20240706,000000,0.0393832,0.0398352,0.0380508,0.0392412,3824732.385537434,0
ASD.V,D,20240707,000000,0.0391512,0.0399896,0.0370107,0.0387457,2103453.110806231,0
ASD.V,D,20240708,000000,0.0388161,0.0399844,0.0378896,0.0385765,3831150.611759937,0
ASD.V,D,20240709,000000,0.0382966,0.0399824,0.0382443,0.0397792,3942638.369689941,0
ASD.V,D,20240710,000000,0.0397596,0.0401384,0.0392776,0.0398468,3811109.6841303906,0
ASD.V,D,20240711,000000,0.0397768,0.0401368,0.0391757,0.0395388,3649200.4790555546,0
ASD.V,D,20240712,000000,0.0397588,0.0400096,0.0370159,0.0372775,3704807.890449382,0
ASD.V,D,20240713,000000,0.0375271,0.0383315,0.0371871,0.0383169,4058975.123956463,0
ASD.V,D,20240714,000000,0.0383169,0.0394438,0.0380468,0.0380541,3362336.966108352,0
ASD.V,D,20240715,000000,0.0381137,0.0391892,0.0322468,0.0354577,4299484.606514824,0
ASD.V,D,20240716,000000,0.0353677,0.0364579,0.0351684,0.035939,3702597.534762427,0
ASD.V,D,20240717,000000,0.035949,0.0376894,0.0358193,0.0374234,3849776.2718988024,0
ASD.V,D,20240718,000000,0.0375434,0.0398496,0.0373778,0.0391922,4268679.255858199,0
ASD.V,D,20240719,000000,0.0393317,0.0407871,0.0389191,0.0407175,3629226.310793738,0
ASD.V,D,20240720,000000,0.0407475,0.0408008,0.0398867,0.0400368,3883882.15115076,0
ASD.V,D,20240721,000000,0.0402669,0.0405822,0.039411,0.0405585,3764434.1066399436,0
ASD.V,D,20240722,000000,0.0405181,0.0405858,0.0399644,0.0402721,3579822.9113570666,0
ASD.V,D,20240723,000000,0.0405522,0.0414446,0.0397472,0.0405745,3352565.5167845967,0
ASD.V,D,20240724,000000,0.0405149,0.0410996,0.0402656,0.0403431,3747517.950510159,0
ASD.V,D,20240725,000000,0.0405627,0.041061,0.0396805,0.0405182,3654553.6150724795,0
ASD.V,D,20240726,000000,0.0404395,0.0425545,0.0402619,0.04246,3530241.690805894,0
ASD.V,D,20240727,000000,0.0422596,0.0427979,0.0420075,0.0424492,3489338.362294256,0
ASD.V,D,20240728,000000,0.0426043,0.0442247,0.0410096,0.0435661,3563892.102533548,0
ASD.V,D,20240729,000000,0.0435656,0.0446411,0.0432913,0.0437947,3306597.5496283635,0
ASD.V,D,20240730,000000,0.0437052,0.0439308,0.0412972,0.0420774,3456993.8166060327,0
ASD.V,D,20240731,000000,0.0421484,0.0423881,0.0387006,0.0398149,3602835.0552669144,0
ASD.V,D,20240801,000000,0.0399156,0.0412485,0.0388996,0.0399772,3168840.1140401876,0
ASD.V,D,20240802,000000,0.0400072,0.0404947,0.0346109,0.0381661,3537710.2064759945,0
ASD.V,D,20240803,000000,0.0380062,0.0420231,0.0375345,0.0400248,3708540.594431528,0
ASD.V,D,20240804,000000,0.0400048,0.0415671,0.0389825,0.0398384,3602792.55343887,0
ASD.V,D,20240805,000000,0.0398284,0.039898,0.0346127,0.0364769,3467517.1532090777,0
ASD.V,D,20240806,000000,0.0363269,0.0382134,0.0358965,0.0377743,3473657.581399494,0
ASD.V,D,20240807,000000,0.0377944,0.0396058,0.0375142,0.0380038,3362025.1171831456,0
ASD.V,D,20240808,000000,0.0379738,0.0392018,0.0365429,0.0392018,2466321.023940086,0
ASD.V,D,20240809,000000,0.0398019,0.039988,0.0364698,0.0370415,2958884.5250422843,0
ASD.V,D,20240810,000000,0.0373016,0.0376517,0.0367006,0.0374771,3770901.1061031446,0
ASD.V,D,20240811,000000,0.0374871,0.0385085,0.0371867,0.0381838,3625103.6826828844,0
ASD.V,D,20240812,000000,0.0381738,0.0398676,0.0379123,0.0384342,3036590.5288898875,0
ASD.V,D,20240813,000000,0.0386743,0.0391174,0.0383415,0.0385146,3273380.3080073376,0
ASD.V,D,20240814,000000,0.0384642,0.0392414,0.0383184,0.0388031,3707256.3182834596,0
ASD.V,D,20240815,000000,0.0387835,0.0396136,0.0381515,0.0383969,3676110.1105062417,0
ASD.V,D,20240816,000000,0.0384873,0.0396875,0.0369459,0.0380807,3899781.219697762,0
ASD.V,D,20240817,000000,0.0381567,0.0390894,0.0377383,0.0387131,3495897.637736197,0
ASD.V,D,20240818,000000,0.0386735,0.0388935,0.0370274,0.0376472,3963359.954107291,0
ASD.V,D,20240819,000000,0.0376651,0.0385142,0.0376123,0.0377983,3828807.4324558494,0
ASD.V,D,20240820,000000,0.0377483,0.0388316,0.0377283,0.0386504,3708244.0919110803,0
ASD.V,D,20240821,000000,0.0386304,0.0389639,0.0383119,0.0385931,3584849.8217057637,0
ASD.V,D,20240822,000000,0.0385731,0.0386477,0.0378927,0.0384804,2173393.6329712155,0
ASD.V,D,20240823,000000,0.0383619,0.0389919,0.0375592,0.0387009,3925257.2016485557,0
ASD.V,D,20240824,000000,0.038761,0.0410323,0.0386766,0.0394938,3576229.1022543837,0
ASD.V,D,20240825,000000,0.0395438,0.040713,0.0393314,0.0394838,3744424.35349867,0
ASD.V,D,20240826,000000,0.0395138,0.0401012,0.0388393,0.0390566,3513630.8915620316,0
ASD.V,D,20240827,000000,0.038947,0.0391874,0.03794,0.0379504,3456782.9525997555,0
ASD.V,D,20240828,000000,0.038,0.0395336,0.0372037,0.0391035,3113969.666813421,0
ASD.V,D,20240829,000000,0.0390439,0.0393539,0.0373152,0.0382396,3596974.577638626,0
ASD.V,D,20240830,000000,0.0380192,0.0405247,0.0378917,0.0379751,3801849.1035593315,0
ASD.V,D,20240831,000000,0.0379647,0.0382654,0.0372463,0.0374329,4179032.7557775937,0
ASD.V,D,20240901,000000,0.0375938,0.0379724,0.0373322,0.0375932,3677113.3329680664,0
ASD.V,D,20240902,000000,0.0378336,0.0379177,0.0370133,0.0378836,4019338.013279145,0
ASD.V,D,20240903,000000,0.0378324,0.037977,0.037337,0.0376495,3694729.027691699,0
ASD.V,D,20240904,000000,0.0376125,0.03891,0.0367338,0.038815,4040784.237411961,0
ASD.V,D,20240905,000000,0.0387657,0.0389457,0.0323071,0.0342377,3739938.97023876,0
ASD.V,D,20240906,000000,0.0343176,0.036542,0.0337368,0.0351321,4058774.23383027,0
ASD.V,D,20240907,000000,0.0351917,0.036613,0.034997,0.0355964,4312161.376997605,0
ASD.V,D,20240908,000000,0.0355461,0.0364053,0.0352565,0.0360264,4044313.2621474294,0
ASD.V,D,20240909,000000,0.0360844,0.0373767,0.0357579,0.0370667,4000236.7199881356,0
ASD.V,D,20240910,000000,0.0372067,0.0373787,0.0349065,0.0353775,4242186.456858703,0
ASD.V,D,20240911,000000,0.0353541,0.0371037,0.0352772,0.0366533,4144170.387554351,0
ASD.V,D,20240912,000000,0.0352929,0.0355636,0.033143,0.0351872,3300873.983967363,0
ASD.V,D,20240913,000000,0.0352141,0.0375046,0.0351765,0.0360344,4354858.669819372,0
ASD.V,D,20240914,000000,0.0365146,0.0376551,0.0351806,0.0354464,4260915.8431287175,0
ASD.V,D,20240915,000000,0.0354435,0.0358436,0.0348442,0.0353504,3951216.4246876044,0
ASD.V,D,20240916,000000,0.0351941,0.0366727,0.0343063,0.035203,4289134.100172915,0
ASD.V,D,20240917,000000,0.0353165,0.0371959,0.0346058,0.03463,2767440.259779356,0
ASD.V,D,20240918,000000,0.0356536,0.0362904,0.0355114,0.0356411,3465102.066536749,0
ASD.V,D,20240919,000000,0.0357279,0.0373045,0.0355111,0.0362636,4063925.6315666335,0
ASD.V,D,20240920,000000,0.036254,0.036957,0.0353446,0.0368529,3915536.552081332,0
ASD.V,D,20240921,000000,0.0368737,0.0369337,0.0350228,0.0356436,4321368.195538263,0
ASD.V,D,20240922,000000,0.0356836,0.0362433,0.034949,0.03541,4332072.253588323,0
ASD.V,D,20240923,000000,0.0353165,0.0361324,0.0340173,0.0349786,4170763.242420601,0
ASD.V,D,20240924,000000,0.0352282,0.035985,0.0345045,0.0352282,4153994.264329989,0
ASD.V,D,20240925,000000,0.0350479,0.0363785,0.0348755,0.035314,3310483.1634800048,0
ASD.V,D,20240926,000000,0.0359842,0.0379934,0.0348934,0.0373337,4079179.4384400006,0
ASD.V,D,20240927,000000,0.0374134,0.0379934,0.0353907,0.0373267,3984223.268110019,0
ASD.V,D,20240928,000000,0.0376468,0.0380386,0.0368837,0.0374841,3754249.1893300237,0
ASD.V,D,20240929,000000,0.0371926,0.0379127,0.03687,0.0372251,3704688.0666299956,0
ASD.V,D,20240930,000000,0.0372725,0.0375376,0.0368163,0.037408,3815326.4018999934,0
ASD.V,D,20241001,000000,0.0372581,0.0377119,0.0361766,0.0364805,3714603.1645540013,0
ASD.V,D,20241002,000000,0.0362606,0.0377417,0.0360363,0.0368101,3412907.580769997,0
ASD.V,D,20241003,000000,0.0368101,0.0372444,0.0366886,0.0370559,3734384.0531829963,0
ASD.V,D,20241004,000000,0.0370256,0.0378547,0.0357936,0.0370796,3527694.3284389894,0
ASD.V,D,20241005,000000,0.0371296,0.0376977,0.0370189,0.037534,3799468.15842999,0
ASD.V,D,20241006,000000,0.03752,0.0379877,0.0374574,0.0378436,3681349.3089299942,0
ASD.V,D,20241007,000000,0.0379538,0.0409022,0.0378024,0.0392282,3679130.202299996,0
ASD.V,D,20241008,000000,0.0390883,0.0394717,0.0368693,0.0375829,3682299.7760099997,0
ASD.V,D,20241009,000000,0.0373888,0.0376985,0.0346661,0.0358484,3968757.579969994,0
ASD.V,D,20241010,000000,0.0358513,0.0359601,0.034471,0.0346326,4078428.40122001,0
ASD.V,D,20241011,000000,0.0346326,0.0361416,0.0209471,0.0252067,4265562.82903801,0
ASD.V,D,20241012,000000,0.0300361,0.0359271,0.0281838,0.0356793,4380054.874060995,0
ASD.V,D,20241013,000000,0.0357189,0.0367737,0.035029,0.0360252,3509596.717779993,0
ASD.V,D,20241014,000000,0.0360936,0.036406,0.0349094,0.0353443,4125843.1555299936,0
ASD.V,D,20241015,000000,0.0352947,0.0357842,0.0346586,0.0349409,3858066.030199998,0
ASD.V,D,20241016,000000,0.0351908,0.0362302,0.0349395,0.0354329,3974222.1614699964,0
ASD.V,D,20241017,000000,0.0353526,0.0355829,0.0342112,0.0344479,4208383.675910991,0
ASD.V,D,20241018,000000,0.0343803,0.0349681,0.0338266,0.0340456,4028483.5809500003,0
ASD.V,D,20241019,000000,0.0342555,0.0346972,0.0337173,0.0345517,4566354.648229992,0
ASD.V,D,20241020,000000,0.034572,0.0348099,0.0340062,0.0346686,4387880.772719993,0
ASD.V,D,20241021,000000,0.0345003,0.0349357,0.0341258,0.034246,4073896.4292800003,0
ASD.V,D,20241022,000000,0.0341656,0.0349638,0.0329869,0.0330462,3988483.3026410076,0
ASD.V,D,20241023,000000,0.0331161,0.0331768,0.0311045,0.0312465,3501783.954690002,0
ASD.V,D,20241024,000000,0.0311469,0.0324037,0.0306057,0.0322506,3940080.0665590037,0
ASD.V,D,20241025,000000,0.0323106,0.0329422,0.0319799,0.032691,4726691.040560001,0
ASD.V,D,20241026,000000,0.032701,0.0335227,0.0322667,0.0334361,4309125.527270013,0
ASD.V,D,20241027,000000,0.0333762,0.0336103,0.0323997,0.032555,4317722.760069996,0
ASD.V,D,20241028,000000,0.0325251,0.0328203,0.0314561,0.0322974,4155657.9173409943,0
ASD.V,D,20241029,000000,0.0315279,0.0338875,0.0314889,0.0338188,4837767.472990003,0
ASD.V,D,20241030,000000,0.0337195,0.0344048,0.0337158,0.034389,4128770.2291229884,0
ASD.V,D,20241031,000000,0.034379,0.0344004,0.0336797,0.0336901,3305848.8072199994,0
ASD.V,D,20241101,000000,0.0339686,0.0340425,0.0319879,0.0330572,4183625.9869920053,0
ASD.V,D,20241102,000000,0.0328373,0.0340305,0.0319879,0.0336902,3928550.112380006,0
ASD.V,D,20241103,000000,0.0336206,0.0338598,0.0319163,0.0319775,4639132.683569989,0
ASD.V,D,20241104,000000,0.0319772,0.0321168,0.0314942,0.0314954,4523463.035930005,0
ASD.V,D,20241105,000000,0.0315054,0.0322597,0.0314967,0.0322461,4504497.736239985,0
ASD.V,D,20241106,000000,0.0322361,0.0337299,0.0319681,0.0327096,4152367.599219999,0
ASD.V,D,20241107,000000,0.0327296,0.0340143,0.0327029,0.033997,3349158.2672399944,0
ASD.V,D,20241108,000000,0.033997,0.0340135,0.0311074,0.0313003,4583540.195982997,0
ASD.V,D,20241109,000000,0.0314704,0.0345003,0.0310298,0.0342537,3460403.4210589966,0
ASD.V,D,20241110,000000,0.0343803,0.0414351,0.03435,0.0404722,3816817.7781049963,0
ASD.V,D,20241111,000000,0.0404927,0.0417163,0.0363161,0.0383541,3545642.021589997,0
ASD.V,D,20241112,000000,0.0383537,0.0405713,0.0347661,0.035423,3466145.2595140133,0
ASD.V,D,20241113,000000,0.035383,0.0428295,0.0352346,0.0379617,3105870.272023007,0
ASD.V,D,20241114,000000,0.038252,0.0415412,0.036268,0.0399348,3403094.604248991,0
ASD.V,D,20241115,000000,0.0399848,0.0400668,0.0375026,0.0396515,3431813.0160099952,0
ASD.V,D,20241116,000000,0.0398115,0.0411652,0.0385269,0.0407643,3582050.334940003,0
ASD.V,D,20241117,000000,0.0407142,0.04185,0.03966,0.0406012,3335691.613964996,0
ASD.V,D,20241118,000000,0.0405516,0.0419763,0.0384254,0.0401061,3160010.2294499963,0
ASD.V,D,20241119,000000,0.040026,0.0418451,0.0399264,0.0405214,3570921.996800002,0
ASD.V,D,20241120,000000,0.0404413,0.0406111,0.0390155,0.0400176,3402918.065665998,0
ASD.V,D,20241121,000000,0.0400076,0.0407247,0.0378268,0.0402178,3747997.6107600005,0
ASD.V,D,20241122,000000,0.0401978,0.040744,0.0396792,0.0401713,3433924.3947899975,0
ASD.V,D,20241123,000000,0.0401817,0.0418761,0.0388565,0.0399931,3522827.991087001,0
ASD.V,D,20241124,000000,0.0400032,0.0425461,0.0392561,0.0396696,2882458.5167799997,0
ASD.V,D,20241125,000000,0.0397597,0.0425421,0.0387119,0.0393002,3153391.3053600052,0
ASD.V,D,20241126,000000,0.0391306,0.0404732,0.0382327,0.0401052,2830702.6161100008,0
ASD.V,D,20241127,000000,0.0400648,0.0409021,0.0397519,0.0404104,3004249.048180003,0
ASD.V,D,20241128,000000,0.0402602,0.0423347,0.0392153,0.0402112,3308771.6085900036,0
ASD.V,D,20241129,000000,0.040272,0.0427171,0.0397952,0.0422404,3145562.659303986,0
ASD.V,D,20241130,000000,0.0421808,0.0428871,0.0408322,0.0410364,3311160.8493400114,0
ASD.V,D,20241201,000000,0.0411264,0.0435152,0.0410093,0.0432921,3205049.7499299957,0
ASD.V,D,20241202,000000,0.0435122,0.0453972,0.0418513,0.0420747,2558553.8419720046,0
ASD.V,D,20241203,000000,0.0420747,0.04552,0.0420747,0.0455196,2481277.783490005,0
ASD.V,D,20241204,000000,0.0454172,0.0479145,0.0421381,0.0468832,2638394.086060006,0
ASD.V,D,20241205,000000,0.0468932,0.0483703,0.0372394,0.0431669,2778295.1415330064,0
ASD.V,D,20241206,000000,0.043455,0.0484325,0.0422065,0.0470572,2885815.2215249967,0
ASD.V,D,20241207,000000,0.0472608,0.0500445,0.0447599,0.0477534,2909057.8758299965,0
ASD.V,D,20241208,000000,0.0479235,0.0512551,0.0477267,0.0501281,2602111.5301529975,0
ASD.V,D,20241209,000000,0.0502881,0.0716608,0.0500165,0.0505852,2222774.837137002,0
ASD.V,D,20241210,000000,0.0505252,0.0514057,0.0435748,0.0495247,2466805.155586999,0
ASD.V,D,20241211,000000,0.0491941,0.0537771,0.0483098,0.0507348,2382225.7310219994,0
ASD.V,D,20241212,000000,0.0507654,0.0577885,0.0505703,0.0537023,2314025.2814939925,0
ASD.V,D,20241213,000000,0.0535591,0.0587965,0.0410053,0.0498995,2761329.3679299993,0
ASD.V,D,20241214,000000,0.0501295,0.0589776,0.0498275,0.0533652,2521420.6052759956,0
ASD.V,D,20241215,000000,0.0535325,0.0572311,0.0482646,0.0510993,2664322.1981440005,0
ASD.V,D,20241216,000000,0.0509198,0.0566407,0.0496737,0.0529748,2436617.5902469954,0
ASD.V,D,20241217,000000,0.0529143,0.0540522,0.0458327,0.0530436,2529109.5722229993,0
ASD.V,D,20241218,000000,0.0530252,0.05321,0.0440221,0.0445822,2314529.8207599996,0
ASD.V,D,20241219,000000,0.0446821,0.0478409,0.0410964,0.0417024,2544577.057209003,0
ASD.V,D,20241220,000000,0.0415917,0.0459529,0.0412962,0.0458374,2544002.7316999948,0
ASD.V,D,20241221,000000,0.0458884,0.0478656,0.0446935,0.0453232,2431350.4756400012,0
ASD.V,D,20241222,000000,0.0452437,0.0460401,0.0439745,0.0459557,2667457.763320005,0
ASD.V,D,20241223,000000,0.0459852,0.0484099,0.0458309,0.0474169,2411645.4482870013,0
ASD.V,D,20241224,000000,0.0474863,0.049351,0.0472646,0.0492825,2698719.5257279924,0
ASD.V,D,20241225,000000,0.0492026,0.049942,0.0491577,0.0497951,2649327.504950007,0
ASD.V,D,20241226,000000,0.0496957,0.0499455,0.0420504,0.0463104,3172585.0883619953,0
ASD.V,D,20241227,000000,0.0461982,0.049899,0.0439567,0.0460327,2972193.0650900127,0
ASD.V,D,20241228,000000,0.0458534,0.0477748,0.045001,0.0468418,2883271.641145006,0
ASD.V,D,20241229,000000,0.0471412,0.0475267,0.0449212,0.0454013,3123810.555530004,0
ASD.V,D,20241230,000000,0.0454811,0.046251,0.0450365,0.0454571,2841759.3394399956,0
ASD.V,D,20241231,000000,0.0456068,0.0478561,0.0429612,0.0455351,2565628.498345,0
ASD.V,D,20250101,000000,0.0456245,0.0457448,0.0431444,0.0438581,3418952.4390169946,0
ASD.V,D,20250102,000000,0.0438881,0.045612,0.0437788,0.044115,2911329.1462499965,0
ASD.V,D,20250103,000000,0.0443048,0.0456085,0.043847,0.0451728,3014805.4482100084,0
ASD.V,D,20250104,000000,0.0450324,0.0468808,0.0447894,0.0461112,2901648.1999089937,0
ASD.V,D,20250105,000000,0.0459908,0.0508488,0.0459408,0.0504269,2801354.4936599964,0
ASD.V,D,20250106,000000,0.0503574,0.0504489,0.0451472,0.0478534,2405006.5853079995,0
ASD.V,D,20250107,000000,0.0478839,0.0495907,0.0449846,0.0480333,2507375.4823109983,0
ASD.V,D,20250108,000000,0.0480433,0.0484179,0.0432375,0.0442963,2323448.6346350037,0
ASD.V,D,20250109,000000,0.0441368,0.0443598,0.0409098,0.0414875,2379315.1274619997,0
ASD.V,D,20250110,000000,0.0414371,0.0441709,0.0413275,0.0439808,2762447.450949998,0
ASD.V,D,20250111,000000,0.0439708,0.0478309,0.0418008,0.0434991,3127620.793878997,0
ASD.V,D,20250112,000000,0.0434491,0.0435839,0.0424788,0.0427539,3111349.3746000077,0
ASD.V,D,20250113,000000,0.0426244,0.0430193,0.0399891,0.0403131,2895336.866205998,0
ASD.V,D,20250114,000000,0.040383,0.0432118,0.0400988,0.0428624,3298838.782073995,0
ASD.V,D,20250115,000000,0.042752,0.0434261,0.041056,0.0430417,2975944.0209299996,0
ASD.V,D,20250116,000000,0.0427817,0.0439603,0.0301937,0.0317724,3024196.227890997,0
ASD.V,D,20250117,000000,0.031633,0.0401328,0.031633,0.0385723,3441489.0115009933,0
ASD.V,D,20250118,000000,0.0386524,0.0433887,0.0383215,0.0389545,3080668.8272399977,0
ASD.V,D,20250119,000000,0.0389545,0.041223,0.0360312,0.038818,3043953.5916000023,0
ASD.V,D,20250120,000000,0.0389413,0.0389808,0.033894,0.0362439,2602208.2793700015,0
ASD.V,D,20250121,000000,0.0359646,0.0364589,0.0330596,0.0356157,2845062.0417399965,0
ASD.V,D,20250122,000000,0.0355607,0.041625,0.0342987,0.034802,2990256.685820002,0
ASD.V,D,20250123,000000,0.0344517,0.0380406,0.0320911,0.0346276,3623658.4994300026,0
ASD.V,D,20250124,000000,0.0346976,0.0372593,0.0335729,0.0362825,3422419.670329994,0
ASD.V,D,20250125,000000,0.0361225,0.0378466,0.0350954,0.0363735,3316741.3976099924,0
ASD.V,D,20250126,000000,0.036623,0.0368212,0.0345734,0.0350044,3183259.072779988,0
ASD.V,D,20250127,000000,0.0349648,0.035027,0.0279963,0.0327315,2290366.993124998,0
ASD.V,D,20250128,000000,0.0325022,0.0351837,0.0308854,0.0325688,3121565.350248998,0
ASD.V,D,20250129,000000,0.0324289,0.0347929,0.0323583,0.0343186,3439981.4302540096,0
ASD.V,D,20250130,000000,0.0340486,0.0377308,0.033909,0.0372137,3373699.6993199997,0
ASD.V,D,20250131,000000,0.0371137,0.0372248,0.0336449,0.0339102,3298845.300449989,0
ASD.V,D,20250201,000000,0.0338505,0.0349437,0.0336638,0.0337526,3677662.136512001,0
ASD.V,D,20250202,000000,0.0326838,0.0333053,0.0305211,0.0309207,3378693.388792999,0
ASD.V,D,20250203,000000,0.0306711,0.0343817,0.0295445,0.0326226,3244858.289021553,0
ASD.V,D,20250204,000000,0.032723,0.0327537,0.0297108,0.0300602,2780317.8480099947,0
ASD.V,D,20250205,000000,0.0300247,0.0302324,0.0280401,0.0295121,3570495.238000005,0
ASD.V,D,20250206,000000,0.0295212,0.031987,0.0288384,0.0315322,3386231.633650001,0
ASD.V,D,20250207,000000,0.0315722,0.0319628,0.0309325,0.031691,3184742.641490007,0
ASD.V,D,20250208,000000,0.0316513,0.0329913,0.0310388,0.0317425,3953234.4530899897,0
ASD.V,D,20250209,000000,0.0317525,0.0328636,0.0313763,0.0323842,3393652.9781700005,0
ASD.V,D,20250210,000000,0.0322535,0.0397436,0.0315532,0.0347052,2885712.8069690065,0
ASD.V,D,20250211,000000,0.0344962,0.0347866,0.0320501,0.0320565,3259721.5377400015,0
ASD.V,D,20250212,000000,0.0320565,0.0327218,0.0308275,0.0314819,3315309.0836999984,0
ASD.V,D,20250213,000000,0.0314822,0.0349842,0.0314791,0.0319006,3320667.973930006,0
ASD.V,D,20250214,000000,0.0317606,0.0327159,0.028852,0.0308852,3752451.7440599953,0
ASD.V,D,20250215,000000,0.0310553,0.0311037,0.0292132,0.0306528,4153687.495310006,0
