<TICKER>,<PER>,<DATE>,<TIME>,<OPEN>,<HIGH>,<LOW>,<CLOSE>,<VOL>,<OPENINT>
BICO.V,D,20220515,000000,0.643098,0.772839,0.626122,0.6662,7910262.9825723,0
BICO.V,D,20220516,000000,0.6662,0.712144,0.591171,0.617197,1940132.9862503,0
BICO.V,D,20220517,000000,0.618195,0.641165,0.59123,0.621191,1633409.3644082,0
BICO.V,D,20220518,000000,0.620255,0.646224,0.562268,0.638169,2015778.1970175,0
BICO.V,D,20220519,000000,0.640103,0.792888,0.640103,0.718281,14334826.876651,0
BICO.V,D,20220520,000000,0.718281,0.730196,0.655344,0.6911,3089749.3070479,0
BICO.V,D,20220521,000000,0.692099,0.749025,0.655213,0.715069,3498631.2161951,0
BICO.V,D,20220522,000000,0.715069,0.747028,0.67612,0.680183,2092780.3478566,0
BICO.V,D,20220523,000000,0.681182,0.718281,0.660207,0.679184,2079138.2533497,0
BICO.V,D,20220524,000000,0.679184,0.723204,0.635237,0.685108,3134156.2536295,0
BICO.V,D,20220525,000000,0.686107,0.701158,0.648286,0.65721,1207259.6911672,0
BICO.V,D,20220526,000000,0.658609,0.66317,0.59129,0.634964,1511054.2415104,0
BICO.V,D,20220527,000000,0.633466,0.724974,0.584157,0.664535,5718453.7365456,0
BICO.V,D,20220528,000000,0.665241,0.682215,0.636127,0.647242,2239754.5536754,0
BICO.V,D,20220529,000000,0.643234,0.658269,0.62729,0.646288,1799361.4152221,0
BICO.V,D,20220530,000000,0.64778,0.700809,0.641593,0.694913,1665026.337713,0
BICO.V,D,20220531,000000,0.694414,1.014188,0.689448,0.883204,30880695.300449,0
BICO.V,D,20220601,000000,0.883293,0.92426,0.721278,0.733339,10433424.981289,0
BICO.V,D,20220602,000000,0.731534,0.740333,0.701368,0.735338,2827563.0531522,0
BICO.V,D,20220603,000000,0.733339,0.760015,0.660271,0.713379,4196058.4527329,0
BICO.V,D,20220604,000000,0.713379,0.734302,0.675439,0.694472,8810200.5196262,0
BICO.V,D,20220605,000000,0.694472,0.769338,0.677478,0.742302,8131325.1084253,0
BICO.V,D,20220606,000000,0.742302,0.803325,0.709396,0.724391,16269365.677571,0
BICO.V,D,20220607,000000,0.723385,0.725397,0.663469,0.71143,14095991.512715,0
BICO.V,D,20220608,000000,0.71143,0.714499,0.663522,0.679565,9463599.8876467,0
BICO.V,D,20220609,000000,0.678559,0.688407,0.654515,0.672435,6048688.9282765,0
BICO.V,D,20220610,000000,0.672428,0.690433,0.613288,0.630192,12859409.933806,0
BICO.V,D,20220611,000000,0.630199,0.64431,0.51536,0.536388,16928562.881913,0
BICO.V,D,20220612,000000,0.537387,0.572358,0.481316,0.512369,12461456.45174,0
BICO.V,D,20220613,000000,0.512364,0.512364,0.43676,0.489324,48081496.061942,0
BICO.V,D,20220614,000000,0.489324,0.528212,0.462329,0.497402,70791369.005028,0
BICO.V,D,20220615,000000,0.496409,0.54923,0.461168,0.548177,49051041.218346,0
BICO.V,D,20220616,000000,0.5453,0.5453,0.4793,0.5,9722829.4448676,0
BICO.V,D,20220617,000000,0.496309,0.68142,0.491915,0.509488,42711302.500502,0
BICO.V,D,20220618,000000,0.50789,0.518388,0.451331,0.481214,51490093.446654,0
BICO.V,D,20220619,000000,0.480221,0.553335,0.480187,0.535303,16969292.792523,0
BICO.V,D,20220620,000000,0.5305,0.548396,0.5132,0.528418,5381531.1589951,0
BICO.V,D,20220621,000000,0.527366,0.568545,0.523371,0.529417,6511123.9866072,0
BICO.V,D,20220622,000000,0.528418,0.532467,0.498451,0.505494,5149652.8033988,0
BICO.V,D,20220623,000000,0.506493,0.538461,0.500499,0.528471,3552385.9888698,0
BICO.V,D,20220624,000000,0.540459,0.55853,0.522477,0.55057,19987622.169264,0
BICO.V,D,20220625,000000,0.54945,0.58941,0.525642,0.553612,11809577.487621,0
BICO.V,D,20220626,000000,0.553618,0.583391,0.526079,0.548165,9724312.9640394,0
BICO.V,D,20220627,000000,0.547966,0.621434,0.522686,0.59547,14569391.960827,0
BICO.V,D,20220628,000000,0.59547,0.614434,0.529454,0.550322,10866767.301169,0
BICO.V,D,20220629,000000,0.549313,0.574316,0.525306,0.540345,8076281.7520138,0
BICO.V,D,20220630,000000,0.539247,0.540845,0.470012,0.486416,10775904.18874,0
BICO.V,D,20220701,000000,0.4876,0.5149,0.4825,0.4921,12269198.028145,0
BICO.V,D,20220702,000000,0.4901,0.5084,0.4697,0.4938,8317842.9663704,0
BICO.V,D,20220703,000000,0.492908,0.492908,0.465294,0.480175,6069210.7205565,0
BICO.V,D,20220704,000000,0.4776,0.4787,0.4647,0.4721,3021761.9504283,0
BICO.V,D,20220705,000000,0.490411,0.501448,0.478425,0.494455,1842492.8220151,0
BICO.V,D,20220706,000000,0.494455,0.522425,0.480423,0.516431,5097178.2988961,0
BICO.V,D,20220707,000000,0.515432,0.530681,0.494455,0.519688,3409481.7132029,0
BICO.V,D,20220708,000000,0.519688,0.529629,0.487707,0.517689,3618624.9077054,0
BICO.V,D,20220709,000000,0.51669,0.550669,0.509643,0.519688,3357677.3610969,0
BICO.V,D,20220710,000000,0.521635,0.523686,0.490656,0.498701,1717322.2617824,0
BICO.V,D,20220711,000000,0.495503,0.729589,0.31571,0.472374,2115251.9380855,0
BICO.V,D,20220712,000000,0.471928,0.72937,0.315484,0.471728,1167514.316974,0
BICO.V,D,20220713,000000,0.470148,0.664608,0.315453,0.482565,3517257.2841762,0
BICO.V,D,20220714,000000,0.482565,0.531628,0.471622,0.4997,4045933.6734028,0
BICO.V,D,20220715,000000,0.4997,0.509694,0.48371,0.495851,2291461.587475,0
BICO.V,D,20220716,000000,0.495851,0.529841,0.480808,0.510847,2639158.7531961,0
BICO.V,D,20220717,000000,0.509862,0.559927,0.505904,0.514866,4024099.5008515,0
BICO.V,D,20220718,000000,0.513861,0.572885,0.505843,0.538876,13949031.987992,0
BICO.V,D,20220719,000000,0.538838,0.588,0.531963,0.580093,5675760.4361459,0
BICO.V,D,20220720,000000,0.58,0.623012,0.521958,0.542027,9490852.1517539,0
BICO.V,D,20220721,000000,0.541054,0.541076,0.50404,0.533117,3297055.4607955,0
BICO.V,D,20220722,000000,0.532128,0.619142,0.523058,0.59013,12494373.814664,0
BICO.V,D,20220723,000000,0.589,0.715193,0.570063,0.628126,29363684.359546,0
BICO.V,D,20220724,000000,0.628119,0.640077,0.574029,0.594119,5829119.7165654,0
BICO.V,D,20220725,000000,0.594119,0.60012,0.540059,0.549044,4041692.3283961,0
BICO.V,D,20220726,000000,0.549049,0.54906,0.505,0.515077,3644502.1618702,0
BICO.V,D,20220727,000000,0.514377,0.665393,0.315781,0.561535,3018674.56454,0
BICO.V,D,20220728,000000,0.561746,0.599218,0.547304,0.580316,5355679.8237569,0
BICO.V,D,20220729,000000,0.579151,0.6682,0.566147,0.606248,14266333.888071,0
BICO.V,D,20220730,000000,0.606242,0.681272,0.587164,0.593196,13118243.152422,0
BICO.V,D,20220731,000000,0.592213,0.687206,0.580209,0.65315,11469784.411876,0
BICO.V,D,20220801,000000,0.657151,0.678305,0.605073,0.610171,12575356.667328,0
BICO.V,D,20220802,000000,0.611183,0.626244,0.564169,0.61011,5560362.6334039,0
BICO.V,D,20220803,000000,0.609116,0.655105,0.592148,0.614154,7008262.7086085,0
BICO.V,D,20220804,000000,0.613135,0.628138,0.591018,0.595024,2676355.8697998,0
BICO.V,D,20220805,000000,0.594018,0.660132,0.588053,0.649123,6876792.9377133,0
BICO.V,D,20220806,000000,0.650123,0.768046,0.648084,0.663146,28781247.82064,0
BICO.V,D,20220807,000000,0.663146,0.673067,0.636153,0.661119,5117619.7738665,0
BICO.V,D,20220808,000000,0.662126,0.687151,0.649117,0.67008,4439846.2388391,0
BICO.V,D,20220809,000000,0.66978,0.795203,0.315851,0.632433,4076287.5443249,0
BICO.V,D,20220810,000000,0.634227,0.791832,0.315885,0.65469,3244517.6148375,0
BICO.V,D,20220811,000000,0.655096,0.792801,0.490537,0.648605,3801023.5624487,0
BICO.V,D,20220812,000000,0.649124,0.790795,0.61971,0.634292,4011412.2009264,0
BICO.V,D,20220813,000000,0.634692,0.787509,0.460052,0.625544,3175934.894578,0
BICO.V,D,20220814,000000,0.626944,0.788107,0.315888,0.610489,2120816.9655188,0
BICO.V,D,20220815,000000,0.610183,0.782335,0.315885,0.604145,2334130.0992855,0
BICO.V,D,20220816,000000,0.602839,0.775762,0.49042,0.592853,2311630.5977043,0
BICO.V,D,20220817,000000,0.589653,0.781609,0.316013,0.562639,3077349.8836284,0
BICO.V,D,20220818,000000,0.563345,0.769892,0.3159,0.563806,2153952.9240488,0
BICO.V,D,20220819,000000,0.5653,0.762676,0.315932,0.49655,2174825.1224909,0
BICO.V,D,20220820,000000,0.498115,0.759337,0.49494,0.503595,3343245.6239236,0
BICO.V,D,20220821,000000,0.503495,0.689517,0.293403,0.51389,1442416.8774247,0
BICO.V,D,20220822,000000,0.51259,0.6875,0.293321,0.490117,2122752.1441995,0
BICO.V,D,20220823,000000,0.490326,0.687441,0.293253,0.51341,2603528.1615888,0
BICO.V,D,20220824,000000,0.514395,0.690486,0.293418,0.519847,3378549.084273,0
BICO.V,D,20220825,000000,0.519142,0.689652,0.293415,0.509815,2283504.2893745,0
BICO.V,D,20220826,000000,0.511615,0.687859,0.2933,0.479748,1907807.0997258,0
BICO.V,D,20220827,000000,0.479848,0.687941,0.474924,0.566017,24805883.35469,0
BICO.V,D,20220828,000000,0.565011,0.604012,0.511995,0.512,16876407.318224,0
BICO.V,D,20220829,000000,0.512,0.523026,0.49795,0.522031,3440836.9882909,0
BICO.V,D,20220830,000000,0.519442,0.684514,0.293397,0.515746,3503418.6196042,0
BICO.V,D,20220831,000000,0.513441,0.558534,0.293279,0.509095,1812759.7052687,0
BICO.V,D,20220901,000000,0.5094,0.597724,0.293279,0.50097,1852092.6125962,0
BICO.V,D,20220902,000000,0.49857,0.684973,0.293294,0.500175,1808709.4185946,0
BICO.V,D,20220903,000000,0.50198,0.59776,0.2933,0.5003,2008744.1130389,0
BICO.V,D,20220904,000000,0.4982,0.6846,0.293329,0.5051,1222058.6073974,0
BICO.V,D,20220905,000000,0.506751,0.675868,0.463346,0.477848,7567318.5228367,0
BICO.V,D,20220906,000000,0.516052,0.679368,0.469247,0.5051,4489312.5085605,0
BICO.V,D,20220907,000000,0.4769,0.673047,0.293291,0.482334,2355794.1333535,0
BICO.V,D,20220908,000000,0.481934,0.675774,0.458941,0.46557,2064612.5883902,0
BICO.V,D,20220909,000000,0.4656,0.678549,0.464565,0.489466,2626762.3347006,0
BICO.V,D,20220910,000000,0.517186,0.681379,0.479396,0.485492,2016321.2011967,0
BICO.V,D,20220911,000000,0.5002,0.682577,0.473361,0.487622,2484901.7219472,0
BICO.V,D,20220912,000000,0.477619,0.680043,0.467803,0.477286,2349816.4519158,0
BICO.V,D,20220913,000000,0.491747,0.678336,0.446336,0.47561,1948017.5454196,0
BICO.V,D,20220914,000000,0.476648,0.67124,0.442169,0.460824,1578997.4673943,0
BICO.V,D,20220915,000000,0.46062,0.670288,0.423204,0.450655,1880390.3201066,0
BICO.V,D,20220916,000000,0.441669,0.6699,0.432357,0.446655,4627650.3504883,0
BICO.V,D,20220917,000000,0.466953,0.669733,0.4365,0.452145,1925753.4418611,0
BICO.V,D,20220918,000000,0.438,0.6685,0.4265,0.4656,1481800.2554069,0
BICO.V,D,20220919,000000,0.464654,0.49995,0.437044,0.474747,2720691.0649353,0
BICO.V,D,20220920,000000,0.473847,0.49975,0.438944,0.451945,2419491.8147498,0
BICO.V,D,20220921,000000,0.451909,0.4537,0.213621,0.4236,2636578.0153948,0
BICO.V,D,20220922,000000,0.4245,0.4398,0.2123,0.4318,2821997.2453336,0
BICO.V,D,20220923,000000,0.432643,0.4428,0.2135,0.428457,2363378.225002,0
BICO.V,D,20220924,000000,0.42907,0.434935,0.2139,0.418338,1603145.290336,0
BICO.V,D,20220925,000000,0.418042,0.530237,0.210906,0.4183,1006947.5770747,0
BICO.V,D,20220926,000000,0.4178,0.530253,0.210602,0.4232,2524083.3381452,0
BICO.V,D,20220927,000000,0.4224,0.4408,0.364364,0.413259,2343100.6026989,0
BICO.V,D,20220928,000000,0.4138,0.428957,0.29627,0.4188,2106376.2736544,0
BICO.V,D,20220929,000000,0.4194,0.431943,0.2127,0.428343,3438881.725796,0
BICO.V,D,20220930,000000,0.427243,0.436444,0.2108,0.4159,2513584.8597429,0
BICO.V,D,20221001,000000,0.417042,0.4198,0.209979,0.4112,1608268.1626128,0
BICO.V,D,20221002,000000,0.412,0.4145,0.2075,0.4031,1978481.6247544,0
BICO.V,D,20221003,000000,0.40344,0.5302,0.2709,0.39924,2312978.8428792,0
BICO.V,D,20221004,000000,0.39924,0.418526,0.342669,0.408623,2633431.8771604,0
BICO.V,D,20221005,000000,0.409023,0.425585,0.343938,0.40204,4226421.9534357,0
BICO.V,D,20221006,000000,0.40118,0.569985,0.326842,0.396467,1367750.9158,0
BICO.V,D,20221007,000000,0.397268,0.400672,0.205931,0.394255,834045.01109476,0
BICO.V,D,20221008,000000,0.393539,0.549944,0.205616,0.391502,1621127.5537107,0
BICO.V,D,20221009,000000,0.391698,0.5499,0.264426,0.351135,3088741.0681004,0
BICO.V,D,20221010,000000,0.35127,0.578658,0.342266,0.3641,795107.74398173,0
BICO.V,D,20221011,000000,0.3466,0.5768,0.324245,0.377162,1139502.0072753,0
BICO.V,D,20221012,000000,0.374962,0.587006,0.330064,0.372011,1090021.5795316,0
BICO.V,D,20221013,000000,0.371011,0.583094,0.332577,0.368629,2052433.7672324,0
BICO.V,D,20221014,000000,0.36963,0.585512,0.34511,0.370415,2445090.0241411,0
BICO.V,D,20221015,000000,0.372215,0.593142,0.368915,0.39712,8397518.3454928,0
BICO.V,D,20221016,000000,0.39802,0.460032,0.388008,0.39102,11171037.836632,0
BICO.V,D,20221017,000000,0.391016,0.400036,0.385008,0.391008,2228851.9649915,0
BICO.V,D,20221018,000000,0.389712,0.591412,0.372911,0.384623,1652400.0949023,0
BICO.V,D,20221019,000000,0.385523,0.585453,0.365622,0.3749,1362794.774611,0
BICO.V,D,20221020,000000,0.372696,0.411896,0.275022,0.371974,2829788.9027629,0
BICO.V,D,20221021,000000,0.371963,0.484005,0.354293,0.434035,25879974.261393,0
BICO.V,D,20221022,000000,0.43403,0.445031,0.395008,0.405036,16428038.713051,0
BICO.V,D,20221023,000000,0.405036,0.467047,0.384031,0.420055,12237556.128904,0
BICO.V,D,20221024,000000,0.420046,0.43203,0.401032,0.40602,8016701.0070363,0
BICO.V,D,20221025,000000,0.406016,0.428146,0.393,0.417133,3579952.9847212,0
BICO.V,D,20221026,000000,0.417342,0.425219,0.407081,0.410911,2396707.7028657,0
BICO.V,D,20221027,000000,0.411019,0.423185,0.394028,0.400224,2421582.191505,0
BICO.V,D,20221028,000000,0.400224,0.414175,0.393612,0.412783,2189923.4448226,0
BICO.V,D,20221029,000000,0.412178,0.44452,0.406481,0.4151,4937883.8232199,0
BICO.V,D,20221030,000000,0.414099,0.423085,0.398068,0.40108,2188264.2385652,0
BICO.V,D,20221031,000000,0.40108,0.415979,0.393583,0.401368,1593188.3744272,0
BICO.V,D,20221101,000000,0.401776,0.412679,0.395929,0.39696,856710.93849938,0
BICO.V,D,20221102,000000,0.396956,0.408988,0.380954,0.386985,3183775.2695679,0
BICO.V,D,20221103,000000,0.386977,0.450982,0.385988,0.427,12513940.409501,0
BICO.V,D,20221104,000000,0.429,0.475943,0.421996,0.448036,10181577.467949,0
BICO.V,D,20221105,000000,0.449036,0.464042,0.435022,0.440026,3404128.210796615,0
BICO.V,D,20221106,000000,0.439018,0.444004,0.422013,0.422034,2251540.6980064395,0
BICO.V,D,20221107,000000,0.418042,0.419029,0.396032,0.400048,1664358.4342299197,0
BICO.V,D,20221108,000000,0.40108,0.406203,0.309433,0.335002,2660779.5883684475,0
BICO.V,D,20221109,000000,0.336005,0.343607,0.256769,0.267749,4224790.517075512,0
BICO.V,D,20221110,000000,0.266664,0.345498,0.261509,0.314315,1786997.2289189838,0
BICO.V,D,20221111,000000,0.31356,0.350458,0.277076,0.284,1434598.4495569277,0
BICO.V,D,20221112,000000,0.284028,0.372329,0.281953,0.32741,12536660.892828928,0
BICO.V,D,20221113,000000,0.32741,0.329406,0.301909,0.305572,2107340.7010667846,0
BICO.V,D,20221114,000000,0.304573,0.311626,0.282575,0.298581,1588263.5676863783,0
BICO.V,D,20221115,000000,0.29955,0.334699,0.29955,0.314685,1087093.2804757357,0
BICO.V,D,20221116,000000,0.313617,0.325619,0.294675,0.301725,783709.5769835729,0
BICO.V,D,20221117,000000,0.302724,0.303769,0.290368,0.293665,620162.2888012294,0
BICO.V,D,20221118,000000,0.296777,0.302954,0.275291,0.281776,1001642.9839582391,0
BICO.V,D,20221119,000000,0.285671,0.287654,0.273199,0.276712,610690.2482199214,0
BICO.V,D,20221120,000000,0.277112,0.291464,0.268704,0.277577,1029110.2005676884,0
BICO.V,D,20221121,000000,0.278573,0.289623,0.263604,0.270675,894342.6676977973,0
BICO.V,D,20221122,000000,0.271671,0.281695,0.260687,0.277639,608468.0744467137,0
BICO.V,D,20221123,000000,0.276643,0.305636,0.276634,0.289681,2419580.3605529172,0
BICO.V,D,20221124,000000,0.290683,0.296727,0.283756,0.291752,614768.0286842721,0
BICO.V,D,20221125,000000,0.291752,0.303818,0.279776,0.287836,1707158.3584075777,0
BICO.V,D,20221126,000000,0.287833,0.298842,0.28482,0.285831,1124178.0876826383,0
BICO.V,D,20221127,000000,0.285834,0.295819,0.285834,0.291816,1023173.0909294261,0
BICO.V,D,20221128,000000,0.291813,0.292812,0.272853,0.285891,783903.6481619313,0
BICO.V,D,20221129,000000,0.284892,0.334822,0.281071,0.300883,7245268.303370683,0
BICO.V,D,20221130,000000,0.300889,0.33699,0.296979,0.317019,3269219.3818921796,0
BICO.V,D,20221201,000000,0.317013,0.323016,0.306018,0.308018,908169.9239907131,0
BICO.V,D,20221202,000000,0.309015,0.322013,0.30303,0.313019,1115913.5926975212,0
BICO.V,D,20221203,000000,0.314019,0.324058,0.306031,0.307031,1366935.7425438508,0
BICO.V,D,20221204,000000,0.306031,0.318964,0.30203,0.308762,1026938.0329555824,0
BICO.V,D,20221205,000000,0.308062,0.325639,0.297318,0.302509,894128.2989003864,0
BICO.V,D,20221206,000000,0.302406,0.312803,0.295897,0.301997,737987.4802615163,0
BICO.V,D,20221207,000000,0.301897,0.3111,0.281423,0.285,765197.2426882781,0
BICO.V,D,20221208,000000,0.291523,0.299051,0.280428,0.29092,644940.367607277,0
BICO.V,D,20221209,000000,0.291723,0.301606,0.284917,0.288612,673709.0961371332,0
BICO.V,D,20221210,000000,0.289112,0.338997,0.285697,0.301994,4207795.74979413,0
BICO.V,D,20221211,000000,0.301997,0.337,0.300994,0.30403,6710305.102641987,0
BICO.V,D,20221212,000000,0.30403,0.354032,0.30403,0.342031,5596857.172160193,0
BICO.V,D,20221213,000000,0.344031,0.350024,0.310031,0.32092,2987792.7620210736,0
BICO.V,D,20221214,000000,0.320923,0.323945,0.312953,0.315022,676912.8697898479,0
BICO.V,D,20221215,000000,0.315032,0.316032,0.29503,0.296059,1277037.6808233585,0
BICO.V,D,20221216,000000,0.296059,0.3082,0.264053,0.267027,1960234.2616215288,0
BICO.V,D,20221217,000000,0.267027,0.271033,0.257026,0.270035,1118597.5490540056,0
BICO.V,D,20221218,000000,0.270035,0.274027,0.259421,0.259434,670983.2993622421,0
BICO.V,D,20221219,000000,0.266432,0.293015,0.255433,0.264,3525844.8123312816,0
BICO.V,D,20221220,000000,0.264,0.285003,0.264,0.269011,1854272.4297903753,0
BICO.V,D,20221221,000000,0.269013,0.271014,0.2527,0.255213,1110883.9800233438,0
BICO.V,D,20221222,000000,0.25761,0.2713,0.250175,0.261858,1103400.0572814401,0
BICO.V,D,20221223,000000,0.261058,0.27,0.256367,0.259771,545554.3585988748,0
BICO.V,D,20221224,000000,0.267473,0.272176,0.258874,0.269484,557386.6241911141,0
BICO.V,D,20221225,000000,0.268681,0.270284,0.257079,0.258561,797126.2888652193,0
BICO.V,D,20221226,000000,0.264368,0.29894,0.256874,0.281944,4284179.486808401,0
BICO.V,D,20221227,000000,0.282946,0.299949,0.271878,0.271894,1730097.7761303147,0
BICO.V,D,20221228,000000,0.273896,0.276856,0.259717,0.264857,1563678.9394574454,0
BICO.V,D,20221229,000000,0.26486,0.26685,0.25447,0.262882,385210.1825140107,0
BICO.V,D,20221230,000000,0.261077,0.28556,0.256977,0.270964,2710850.0022501284,0
BICO.V,D,20221231,000000,0.270962,0.273968,0.267061,0.271461,1189175.607401534,0
BICO.V,D,20230101,000000,0.271464,0.271564,0.266656,0.269173,1076693.8935760926,0
BICO.V,D,20230102,000000,0.269176,0.27589,0.267188,0.269814,1207982.39505954,0
BICO.V,D,20230103,000000,0.269714,0.28488,0.269611,0.273293,2596206.8718275605,0
BICO.V,D,20230104,000000,0.273793,0.282287,0.272685,0.277905,2006362.9030845817,0
BICO.V,D,20230105,000000,0.277808,0.285614,0.274687,0.275901,1058344.7620959035,0
BICO.V,D,20230106,000000,0.275917,0.276292,0.264147,0.268717,910891.90611832,0
BICO.V,D,20230107,000000,0.268614,0.27592,0.264623,0.266836,1114503.0386187306,0
BICO.V,D,20230108,000000,0.26672,0.276864,0.264366,0.275659,992887.5111212841,0
BICO.V,D,20230109,000000,0.275667,0.290445,0.27525,0.283797,1869437.0474524356,0
BICO.V,D,20230110,000000,0.2839,0.322877,0.2821,0.303442,4191692.440672705,0
BICO.V,D,20230111,000000,0.303255,0.314387,0.293844,0.300797,1817527.747793088,0
BICO.V,D,20230112,000000,0.300976,0.310078,0.294691,0.306028,1475886.4914143477,0
BICO.V,D,20230113,000000,0.306431,0.332323,0.300661,0.320429,1870607.8666556478,0
BICO.V,D,20230114,000000,0.320326,0.343355,0.31606,0.331717,2583834.0710312347,0
BICO.V,D,20230115,000000,0.331533,0.337464,0.315432,0.330099,1727559.520139703,0
BICO.V,D,20230116,000000,0.330199,0.349248,0.320815,0.338207,1755766.6907857407,0
BICO.V,D,20230117,000000,0.338214,0.347203,0.330517,0.333037,1121590.2602191868,0
BICO.V,D,20230118,000000,0.332937,0.345231,0.303918,0.306885,2384545.827330328,0
BICO.V,D,20230119,000000,0.306985,0.316803,0.302176,0.315287,913536.4875437842,0
BICO.V,D,20230120,000000,0.315291,0.340161,0.310494,0.339661,1240489.9252788436,0
BICO.V,D,20230121,000000,0.339561,0.3441,0.330109,0.339868,830566.5159536774,0
BICO.V,D,20230122,000000,0.339854,0.365077,0.326262,0.359372,2841647.1546162455,0
BICO.V,D,20230123,000000,0.356668,0.414012,0.347242,0.378057,4112484.4007830964,0
BICO.V,D,20230124,000000,0.379061,0.407045,0.360054,0.364007,3140778.7119985516,0
BICO.V,D,20230125,000000,0.363011,0.408073,0.341061,0.383065,2874451.5592786847,0
BICO.V,D,20230126,000000,0.384065,0.443991,0.376056,0.389039,7449345.528440442,0
BICO.V,D,20230127,000000,0.389035,0.404093,0.37703,0.39515,2280375.414450681,0
BICO.V,D,20230128,000000,0.398235,0.408994,0.379876,0.380776,1224777.9786522968,0
BICO.V,D,20230129,000000,0.380684,0.405449,0.379283,0.398316,1625078.2033941837,0
BICO.V,D,20230130,000000,0.39872,0.471009,0.391527,0.407024,6921042.384181499,0
BICO.V,D,20230131,000000,0.405028,0.424983,0.394043,0.403036,2641142.1483223937,0
BICO.V,D,20230201,000000,0.403032,0.421008,0.375,0.408024,2323306.449539139,0
BICO.V,D,20230202,000000,0.408024,0.427102,0.400024,0.407077,2258761.72374147,0
BICO.V,D,20230203,000000,0.407085,0.412166,0.394596,0.405532,1612498.0762226386,0
BICO.V,D,20230204,000000,0.405532,0.414566,0.396232,0.403836,1810664.643241521,0
BICO.V,D,20230205,000000,0.403932,0.409982,0.375879,0.385096,2376423.7318252837,0
BICO.V,D,20230206,000000,0.3851,0.390998,0.372371,0.384815,1179345.1283837538,0
BICO.V,D,20230207,000000,0.384515,0.412817,0.37693,0.411525,3550600.8032747563,0
BICO.V,D,20230208,000000,0.412025,0.42403,0.387043,0.401032,2685141.1493844427,0
BICO.V,D,20230209,000000,0.400024,0.409984,0.357036,0.358032,2984316.2423727224,0
BICO.V,D,20230210,000000,0.359036,0.36304,0.345083,0.351053,1616920.6949207857,0
BICO.V,D,20230211,000000,0.350153,0.365333,0.348638,0.365137,963584.058691339,0
BICO.V,D,20230212,000000,0.364833,0.379815,0.35855,0.361625,1158631.4615890398,0
BICO.V,D,20230213,000000,0.362036,0.367503,0.330165,0.339983,1245822.2579020276,0
BICO.V,D,20230214,000000,0.33986,0.359933,0.338667,0.355528,1615742.1866438875,0
BICO.V,D,20230215,000000,0.356643,0.393355,0.349508,0.387774,4777288.991377651,0
BICO.V,D,20230216,000000,0.386069,0.408069,0.36804,0.369125,3172233.9452255364,0
BICO.V,D,20230217,000000,0.369048,0.397032,0.366029,0.390035,1935591.1316140825,0
BICO.V,D,20230218,000000,0.390351,0.424485,0.38847,0.41197,2744355.528017744,0
BICO.V,D,20230219,000000,0.411866,0.551039,0.411566,0.466103,34835904.76294918,0
BICO.V,D,20230220,000000,0.466103,0.506076,0.455041,0.457018,5910457.4719700925,0
BICO.V,D,20230221,000000,0.457032,0.509041,0.41908,0.428077,7810346.421892546,0
BICO.V,D,20230222,000000,0.429077,0.433069,0.404008,0.420021,4211169.449983495,0
BICO.V,D,20230223,000000,0.420596,0.445045,0.413078,0.425055,6841582.427010716,0
BICO.V,D,20230224,000000,0.425068,0.500095,0.42208,0.448991,13044083.645885147,0
BICO.V,D,20230225,000000,0.450991,0.467014,0.418042,0.42803,2040535.9938528289,0
BICO.V,D,20230226,000000,0.42743,0.499045,0.42673,0.479029,4982709.832995575,0
BICO.V,D,20230227,000000,0.480024,0.519036,0.460014,0.471024,5036748.537060226,0
BICO.V,D,20230228,000000,0.470024,0.477995,0.434065,0.441388,2090142.8777085904,0
BICO.V,D,20230301,000000,0.441393,0.496535,0.438761,0.475962,3945422.656072754,0
BICO.V,D,20230302,000000,0.476062,0.479458,0.4427,0.452636,2141209.9248869745,0
BICO.V,D,20230303,000000,0.452632,0.454045,0.406937,0.414125,1527761.4966889133,0
BICO.V,D,20230304,000000,0.413633,0.431335,0.40224,0.404332,1265570.5827114324,0
BICO.V,D,20230305,000000,0.405232,0.422838,0.405128,0.417146,1212923.9951354172,0
BICO.V,D,20230306,000000,0.41725,0.417446,0.400336,0.404976,1204651.6429527218,0
BICO.V,D,20230307,000000,0.40456,0.411104,0.372648,0.384881,2741838.2060783235,0
BICO.V,D,20230308,000000,0.384085,0.392831,0.355982,0.358486,835131.6493737277,0
BICO.V,D,20230309,000000,0.356957,0.369882,0.33263,0.336734,2006385.4674178865,0
BICO.V,D,20230310,000000,0.337534,0.342857,0.314175,0.341729,1176736.7147097925,0
BICO.V,D,20230311,000000,0.341826,0.353609,0.312664,0.323627,935087.2626194378,0
BICO.V,D,20230312,000000,0.323115,0.349781,0.322285,0.344452,1320719.0879975616,0
BICO.V,D,20230313,000000,0.344654,0.375216,0.344654,0.370171,1792591.1186599913,0
BICO.V,D,20230314,000000,0.370142,0.40356,0.362315,0.385656,2079704.941526978,0
BICO.V,D,20230315,000000,0.385844,0.393134,0.34655,0.36252,1351854.305489834,0
BICO.V,D,20230316,000000,0.362312,0.511117,0.359948,0.414024,11939889.16845759,0
BICO.V,D,20230317,000000,0.413001,0.430103,0.401718,0.418251,2806343.5659992085,0
BICO.V,D,20230318,000000,0.419455,0.453657,0.416221,0.419568,6775350.543881775,0
BICO.V,D,20230319,000000,0.419254,0.436584,0.409171,0.416057,1639175.1949629653,0
BICO.V,D,20230320,000000,0.415844,0.42174,0.396924,0.402957,1703654.4622745442,0
BICO.V,D,20230321,000000,0.402367,0.42095,0.392065,0.412716,1419210.1656635418,0
BICO.V,D,20230322,000000,0.413515,0.418656,0.378224,0.388261,1143096.1020941911,0
BICO.V,D,20230323,000000,0.388084,0.398895,0.378828,0.383631,1212630.2911833266,0
BICO.V,D,20230324,000000,0.384305,0.391381,0.363392,0.367778,1212641.5002363692,0
BICO.V,D,20230325,000000,0.367715,0.373744,0.357103,0.362748,458920.38308952167,0
BICO.V,D,20230326,000000,0.362859,0.383329,0.361347,0.371619,1571191.4339106155,0
BICO.V,D,20230327,000000,0.371809,0.396301,0.348433,0.352866,2479989.161472596,0
BICO.V,D,20230328,000000,0.352869,0.365402,0.348808,0.361537,609240.2008140188,0
BICO.V,D,20230329,000000,0.361941,0.393516,0.361741,0.393171,997495.7307971535,0
BICO.V,D,20230330,000000,0.392174,0.403289,0.372056,0.381103,1782095.2939473542,0
BICO.V,D,20230331,000000,0.380006,0.405041,0.374309,0.387978,2442659.61359631,0
BICO.V,D,20230401,000000,0.38822,0.393447,0.380998,0.386043,655351.2591330522,0
BICO.V,D,20230402,000000,0.385042,0.387563,0.367854,0.370133,401478.1347592538,0
BICO.V,D,20230403,000000,0.369833,0.377521,0.360319,0.366543,525150.2025782281,0
BICO.V,D,20230404,000000,0.367169,0.384007,0.366303,0.38099,613017.9059975033,0
BICO.V,D,20230405,000000,0.381791,0.398836,0.377139,0.390841,1928391.3436959404,0
BICO.V,D,20230406,000000,0.390274,0.392679,0.377051,0.383434,687872.5696142762,0
BICO.V,D,20230407,000000,0.384238,0.402553,0.374143,0.39269,1877956.217890632,0
BICO.V,D,20230408,000000,0.39269,0.494252,0.388295,0.452176,17661329.127810847,0
BICO.V,D,20230409,000000,0.452176,0.462314,0.420298,0.433273,5708621.466572573,0
BICO.V,D,20230410,000000,0.4353,0.437306,0.41615,0.429352,1549595.3254414273,0
BICO.V,D,20230411,000000,0.431145,0.442176,0.420232,0.421517,2176017.687513489,0
BICO.V,D,20230412,000000,0.421513,0.423219,0.402113,0.407918,1933582.0728168865,0
BICO.V,D,20230413,000000,0.409019,0.423749,0.40516,0.410494,3237304.7985157943,0
BICO.V,D,20230414,000000,0.411094,0.43258,0.404619,0.419048,2282733.6434366987,0
BICO.V,D,20230415,000000,0.418643,0.434221,0.414707,0.429582,1101518.414865886,0
BICO.V,D,20230416,000000,0.431488,0.450792,0.42376,0.439003,1427254.785261555,0
BICO.V,D,20230417,000000,0.440199,0.44295,0.416608,0.418509,1289562.8370711354,0
BICO.V,D,20230418,000000,0.419743,0.455514,0.416179,0.444476,1618716.8355348613,0
BICO.V,D,20230419,000000,0.443684,0.445692,0.407451,0.41241,1177351.9271294072,0
BICO.V,D,20230420,000000,0.411915,0.425221,0.384046,0.388239,1882455.4001488024,0
BICO.V,D,20230421,000000,0.388123,0.392624,0.360935,0.368363,956895.7453258922,0
BICO.V,D,20230422,000000,0.368359,0.386031,0.359599,0.375334,3040718.8991998364,0
BICO.V,D,20230423,000000,0.376534,0.378638,0.356475,0.361318,696534.9474877488,0
BICO.V,D,20230424,000000,0.361418,0.371522,0.354293,0.367611,966342.0510968686,0
BICO.V,D,20230425,000000,0.367511,0.37359,0.358036,0.37359,456064.9060114811,0
BICO.V,D,20230426,000000,0.374586,0.390782,0.355946,0.366728,1685178.3183478762,0
BICO.V,D,20230427,000000,0.367618,0.374956,0.358625,0.366432,1241532.4300542022,0
BICO.V,D,20230428,000000,0.366417,0.366425,0.352334,0.357807,735368.8344451098,0
BICO.V,D,20230429,000000,0.358254,0.389053,0.355552,0.381621,2053598.7016422248,0
BICO.V,D,20230430,000000,0.381225,0.381225,0.365419,0.367409,727746.5363927728,0
BICO.V,D,20230501,000000,0.367995,0.369255,0.346035,0.34739,1045757.1697020493,0
BICO.V,D,20230502,000000,0.347394,0.358682,0.344959,0.35582,366407.32251095487,0
BICO.V,D,20230503,000000,0.356021,0.357178,0.340009,0.353795,508294.63769829576,0
BICO.V,D,20230504,000000,0.353181,0.365817,0.342654,0.343127,1488723.4604033534,0
BICO.V,D,20230505,000000,0.34233,0.349748,0.342147,0.346115,751829.0625734392,0
BICO.V,D,20230506,000000,0.346318,0.349045,0.322493,0.328971,918428.2816052013,0
BICO.V,D,20230507,000000,0.328958,0.335022,0.325588,0.328984,565558.5361054507,0
BICO.V,D,20230508,000000,0.329485,0.333393,0.293502,0.29883,1134482.057306099,0
BICO.V,D,20230509,000000,0.299209,0.309209,0.296756,0.304905,671522.6292147025,0
BICO.V,D,20230510,000000,0.305636,0.317849,0.297427,0.315815,1036016.2874635311,0
BICO.V,D,20230511,000000,0.315215,0.319019,0.299039,0.302232,1190060.0720737833,0
BICO.V,D,20230512,000000,0.302502,0.310148,0.291613,0.309447,725589.1110019713,0
BICO.V,D,20230513,000000,0.310848,0.314989,0.307254,0.310366,552047.0549397379,0
BICO.V,D,20230514,000000,0.310496,0.313628,0.304412,0.305763,234440.26299539587,0
BICO.V,D,20230515,000000,0.305853,0.31649,0.301851,0.309085,313815.32704850787,0
BICO.V,D,20230516,000000,0.309697,0.313125,0.304953,0.309424,247475.46191842188,0
BICO.V,D,20230517,000000,0.310855,0.318559,0.303821,0.318127,436704.25216000417,0
BICO.V,D,20230518,000000,0.318759,0.318759,0.30042,0.306423,511744.87183699495,0
BICO.V,D,20230519,000000,0.306322,0.30794,0.301072,0.301787,277436.73546013806,0
BICO.V,D,20230520,000000,0.301951,0.306676,0.30035,0.304804,181551.11122568074,0
BICO.V,D,20230521,000000,0.304774,0.304813,0.296348,0.296678,283077.7037696635,0
BICO.V,D,20230522,000000,0.296248,0.296778,0.28317,0.288973,618675.4752080946,0
BICO.V,D,20230523,000000,0.288335,0.295659,0.286569,0.291818,403196.971013315,0
BICO.V,D,20230524,000000,0.291815,0.293332,0.278792,0.282886,323372.11035643343,0
BICO.V,D,20230525,000000,0.282986,0.295879,0.274695,0.290123,489445.4271348085,0
BICO.V,D,20230526,000000,0.290609,0.298086,0.286003,0.295159,594925.5924207408,0
BICO.V,D,20230527,000000,0.295159,0.296095,0.291376,0.293815,189512.25663319533,0
BICO.V,D,20230528,000000,0.293788,0.306189,0.291864,0.295565,1250243.5505608898,0
BICO.V,D,20230529,000000,0.295965,0.300845,0.294382,0.296689,345068.4851765012,0
BICO.V,D,20230530,000000,0.296689,0.296689,0.290979,0.293417,276473.06336410646,0
BICO.V,D,20230531,000000,0.293915,0.294788,0.276777,0.277653,507018.40870892076,0
BICO.V,D,20230601,000000,0.276744,0.286377,0.275533,0.27678,1139468.8742608158,0
BICO.V,D,20230602,000000,0.276477,0.283165,0.27296,0.281873,382108.02102974855,0
BICO.V,D,20230603,000000,0.281979,0.283977,0.278303,0.278811,391729.3110718583,0
BICO.V,D,20230604,000000,0.278809,0.283479,0.278803,0.28029,240196.89806928224,0
BICO.V,D,20230605,000000,0.280593,0.282293,0.241721,0.249075,1268722.4986143399,0
BICO.V,D,20230606,000000,0.249675,0.267651,0.248975,0.265774,626993.4650723067,0
BICO.V,D,20230607,000000,0.265674,0.265774,0.234609,0.234628,872261.167860221,0
BICO.V,D,20230608,000000,0.234523,0.246637,0.233121,0.246044,643326.3157612542,0
BICO.V,D,20230609,000000,0.246044,0.253936,0.243532,0.249153,525717.0454176555,0
BICO.V,D,20230610,000000,0.248755,0.249063,0.209501,0.219327,406472.81889724627,0
BICO.V,D,20230611,000000,0.219527,0.227889,0.215782,0.21889,465514.35920491465,0
BICO.V,D,20230612,000000,0.21879,0.21961,0.210474,0.215909,296046.37875813415,0
BICO.V,D,20230613,000000,0.215917,0.224198,0.212874,0.215772,506714.1967358241,0
BICO.V,D,20230614,000000,0.215976,0.219478,0.204959,0.208881,311292.5004716967,0
BICO.V,D,20230615,000000,0.209373,0.213999,0.203895,0.212608,462039.90631369426,0
BICO.V,D,20230616,000000,0.212307,0.222415,0.211903,0.221127,493406.9640794428,0
BICO.V,D,20230617,000000,0.221127,0.228013,0.219459,0.222109,283069.3973677999,0
BICO.V,D,20230618,000000,0.222109,0.246616,0.220989,0.230247,2395745.085290468,0
BICO.V,D,20230619,000000,0.23044,0.235334,0.223095,0.225628,963329.1317360908,0
BICO.V,D,20230620,000000,0.225028,0.230232,0.21973,0.228934,658314.1705627637,0
BICO.V,D,20230621,000000,0.228934,0.236898,0.228837,0.233414,763972.2714745785,0
BICO.V,D,20230622,000000,0.234223,0.28776,0.234107,0.269257,8817855.47579118,0
BICO.V,D,20230623,000000,0.269357,0.281428,0.256049,0.261251,3137559.464359871,0
BICO.V,D,20230624,000000,0.261351,0.264237,0.249029,0.250755,459204.4066454207,0
BICO.V,D,20230625,000000,0.250848,0.261486,0.249627,0.253083,637007.7692503,0
BICO.V,D,20230626,000000,0.253566,0.257169,0.245881,0.245952,514999.6898790284,0
BICO.V,D,20230627,000000,0.244942,0.254548,0.244932,0.252948,542912.586374355,0
BICO.V,D,20230628,000000,0.252925,0.252925,0.230309,0.231595,477341.4181933173,0
BICO.V,D,20230629,000000,0.230693,0.240969,0.229977,0.233577,386840.5594190789,0
BICO.V,D,20230630,000000,0.233174,0.24855,0.228727,0.241218,954252.9520161074,0
BICO.V,D,20230701,000000,0.241216,0.247358,0.239607,0.245,251517.81913985132,0
BICO.V,D,20230702,000000,0.244876,0.246975,0.238898,0.241712,200227.79652424256,0
BICO.V,D,20230703,000000,0.241724,0.2575,0.241095,0.251218,895885.3094851811,0
BICO.V,D,20230704,000000,0.251597,0.272457,0.25111,0.259757,1963795.672119326,0
BICO.V,D,20230705,000000,0.260255,0.263429,0.241193,0.244139,1525673.3960716084,0
BICO.V,D,20230706,000000,0.244337,0.252715,0.233326,0.235079,1389386.9601871974,0
BICO.V,D,20230707,000000,0.235093,0.236914,0.230225,0.234623,787041.1258547025,0
BICO.V,D,20230708,000000,0.235219,0.239724,0.232112,0.233437,265734.0494443899,0
BICO.V,D,20230709,000000,0.233537,0.241229,0.23254,0.23254,807005.0347977913,0
BICO.V,D,20230710,000000,0.232944,0.233716,0.2274,0.230705,305335.28608561226,0
BICO.V,D,20230711,000000,0.230041,0.232314,0.227236,0.228302,310989.534129993,0
BICO.V,D,20230712,000000,0.228914,0.24689,0.228216,0.233795,1810408.6866884993,0
BICO.V,D,20230713,000000,0.234395,0.247378,0.231575,0.245198,400530.983158944,0
BICO.V,D,20230714,000000,0.245608,0.250223,0.233833,0.237216,580473.5519946043,0
BICO.V,D,20230715,000000,0.237426,0.243175,0.23578,0.235971,888640.6586775737,0
BICO.V,D,20230716,000000,0.235968,0.236771,0.2281,0.229408,963474.5944828878,0
BICO.V,D,20230717,000000,0.229305,0.237886,0.228214,0.233242,1033285.5158162566,0
BICO.V,D,20230718,000000,0.23314,0.265895,0.225725,0.239553,11360023.99299831,0
BICO.V,D,20230719,000000,0.239653,0.244527,0.233993,0.235898,1695443.808064043,0
BICO.V,D,20230720,000000,0.2352,0.240398,0.230477,0.233098,1395106.5615529486,0
BICO.V,D,20230721,000000,0.233079,0.235188,0.229495,0.230005,1064413.0097014576,0
BICO.V,D,20230722,000000,0.230005,0.233935,0.229734,0.230925,1070006.4390791846,0
BICO.V,D,20230723,000000,0.230925,0.236295,0.228937,0.233193,1104416.9533610798,0
BICO.V,D,20230724,000000,0.233295,0.236895,0.216954,0.217674,1270582.2732841612,0
BICO.V,D,20230725,000000,0.217774,0.222273,0.216065,0.220685,1004644.3924573978,0
BICO.V,D,20230726,000000,0.221182,0.226371,0.217263,0.224009,1170209.4363280006,0
BICO.V,D,20230727,000000,0.223709,0.229475,0.221369,0.22354,894745.380240853,0
BICO.V,D,20230728,000000,0.22374,0.228152,0.222024,0.223196,931403.3301630664,0
BICO.V,D,20230729,000000,0.223496,0.229291,0.223193,0.225598,828220.2427735433,0
BICO.V,D,20230730,000000,0.225998,0.227005,0.219702,0.22138,1023133.9335776919,0
BICO.V,D,20230731,000000,0.22128,0.234951,0.219863,0.219863,2964951.2924994244,0
BICO.V,D,20230801,000000,0.220065,0.228568,0.212049,0.219088,1095149.2886489963,0
BICO.V,D,20230802,000000,0.218988,0.222833,0.213553,0.214675,1055557.8760602209,0
BICO.V,D,20230803,000000,0.214675,0.216792,0.212483,0.214424,900858.9391748564,0
BICO.V,D,20230804,000000,0.214426,0.217941,0.21294,0.216059,1034718.2641332553,0
BICO.V,D,20230805,000000,0.216159,0.304602,0.213461,0.251223,47851310.26704013,0
BICO.V,D,20230806,000000,0.251575,0.262263,0.234201,0.235696,7163698.733783365,0
BICO.V,D,20230807,000000,0.233398,0.245569,0.209731,0.225536,3667899.159996933,0
BICO.V,D,20230808,000000,0.225531,0.238081,0.224335,0.232265,2997600.381987167,0
BICO.V,D,20230809,000000,0.232065,0.263297,0.231456,0.253579,6843591.791942162,0
BICO.V,D,20230810,000000,0.254079,0.257991,0.236242,0.238347,2813359.476159993,0
BICO.V,D,20230811,000000,0.238544,0.262395,0.238544,0.254922,5122751.216024926,0
BICO.V,D,20230812,000000,0.255019,0.263034,0.249945,0.251956,1775997.2620398472,0
BICO.V,D,20230813,000000,0.251956,0.274896,0.24975,0.268191,5154742.65979077,0
BICO.V,D,20230814,000000,0.268488,0.284541,0.263294,0.264995,5622010.613046676,0
BICO.V,D,20230815,000000,0.264995,0.272065,0.236157,0.248122,2705994.4360606293,0
BICO.V,D,20230816,000000,0.248124,0.248127,0.221168,0.222151,1270863.1952677807,0
BICO.V,D,20230817,000000,0.222051,0.229211,0.193285,0.203812,1415995.4929262123,0
BICO.V,D,20230818,000000,0.203596,0.213853,0.203107,0.212411,667005.0272238667,0
BICO.V,D,20230819,000000,0.21243,0.223724,0.21213,0.219436,717648.2093223205,0
BICO.V,D,20230820,000000,0.219436,0.221169,0.215974,0.218689,337129.81515163626,0
BICO.V,D,20230821,000000,0.218076,0.219563,0.208662,0.212768,706098.3791439626,0
BICO.V,D,20230822,000000,0.21257,0.21257,0.200742,0.202033,302885.55196041876,0
BICO.V,D,20230823,000000,0.202027,0.214723,0.202027,0.21166,289680.8252466981,0
BICO.V,D,20230824,000000,0.212868,0.214399,0.208092,0.208793,223536.97032034807,0
BICO.V,D,20230825,000000,0.208481,0.210278,0.203437,0.208987,321481.9107399223,0
BICO.V,D,20230826,000000,0.209293,0.21765,0.209293,0.211286,737347.4442549332,0
BICO.V,D,20230827,000000,0.211188,0.213823,0.206888,0.209693,888984.0952250884,0
BICO.V,D,20230828,000000,0.208602,0.209597,0.201469,0.206905,235292.0858022434,0
BICO.V,D,20230829,000000,0.207182,0.213502,0.201759,0.213441,712660.5513546304,0
BICO.V,D,20230830,000000,0.213338,0.221138,0.207321,0.2119,1128958.3902453866,0
BICO.V,D,20230831,000000,0.211606,0.214081,0.202774,0.204375,246780.50247467955,0
BICO.V,D,20230901,000000,0.204173,0.206338,0.201211,0.203694,220550.12838373185,0
BICO.V,D,20230902,000000,0.204316,0.210341,0.204018,0.207577,306298.07607114466,0
BICO.V,D,20230903,000000,0.207481,0.209875,0.201574,0.203463,230311.74014516373,0
BICO.V,D,20230904,000000,0.203363,0.210443,0.202543,0.202543,316501.383459157,0
BICO.V,D,20230905,000000,0.202443,0.21438,0.202443,0.21149,846654.7095840436,0
BICO.V,D,20230906,000000,0.211496,0.216009,0.207502,0.211873,489007.3170606231,0
BICO.V,D,20230907,000000,0.21189,0.212192,0.206666,0.210992,494507.62112522445,0
BICO.V,D,20230908,000000,0.210786,0.214933,0.208027,0.21187,388328.0459585623,0
BICO.V,D,20230909,000000,0.212872,0.214933,0.207746,0.213936,784662.3016262,0
BICO.V,D,20230910,000000,0.214234,0.215325,0.196753,0.201523,914170.7700558001,0
BICO.V,D,20230911,000000,0.201623,0.201729,0.189743,0.190841,276152.96221825556,0
BICO.V,D,20230912,000000,0.191431,0.202519,0.191323,0.198484,427802.58202212496,0
BICO.V,D,20230913,000000,0.19799,0.200956,0.195876,0.19874,224746.71636311,0
BICO.V,D,20230914,000000,0.198832,0.20351,0.198418,0.201256,569867.8770460422,0
BICO.V,D,20230915,000000,0.201658,0.207894,0.200036,0.207602,1002272.6315357474,0
BICO.V,D,20230916,000000,0.207602,0.209487,0.204727,0.207221,323603.9289816023,0
BICO.V,D,20230917,000000,0.207019,0.207527,0.199842,0.200848,394991.1679090391,0
BICO.V,D,20230918,000000,0.20085,0.209648,0.19984,0.207537,801378.4127481806,0
BICO.V,D,20230919,000000,0.207539,0.211313,0.205141,0.208127,546952.2600191439,0
BICO.V,D,20230920,000000,0.207633,0.210625,0.203335,0.206412,399384.3945127143,0
BICO.V,D,20230921,000000,0.205806,0.210904,0.199518,0.201282,555345.6238055503,0
BICO.V,D,20230922,000000,0.201394,0.203696,0.199496,0.203588,447851.0289290686,0
BICO.V,D,20230923,000000,0.203288,0.205494,0.201592,0.203214,528417.4062318341,0
BICO.V,D,20230924,000000,0.203814,0.2068,0.202302,0.20391,696793.6485488014,0
BICO.V,D,20230925,000000,0.204308,0.22615,0.20152,0.209187,3341278.710159689,0
BICO.V,D,20230926,000000,0.20889,0.212838,0.203502,0.203912,772098.8041909558,0
BICO.V,D,20230927,000000,0.204012,0.213017,0.202134,0.20215,1471968.4730962168,0
BICO.V,D,20230928,000000,0.202348,0.303967,0.202348,0.270995,80975335.34216167,0
BICO.V,D,20230929,000000,0.270992,0.273789,0.239864,0.241473,27315622.602203485,0
BICO.V,D,20230930,000000,0.241973,0.249802,0.233405,0.243349,10611761.197609711,0
BICO.V,D,20231001,000000,0.243849,0.252818,0.238624,0.245227,7389991.3020324875,0
BICO.V,D,20231002,000000,0.245327,0.252213,0.230651,0.232567,3591119.076685839,0
BICO.V,D,20231003,000000,0.232367,0.242005,0.230686,0.239698,3737539.5994353862,0
BICO.V,D,20231004,000000,0.239198,0.244524,0.223907,0.231712,6674472.461062996,0
BICO.V,D,20231005,000000,0.231907,0.239531,0.228348,0.230362,4292357.841860959,0
BICO.V,D,20231006,000000,0.230462,0.238776,0.228953,0.236897,3269606.6807941645,0
BICO.V,D,20231007,000000,0.236997,0.237721,0.231232,0.233936,2515159.904544433,0
BICO.V,D,20231008,000000,0.234036,0.234622,0.221213,0.227627,2694615.2983617964,0
BICO.V,D,20231009,000000,0.227127,0.227821,0.207752,0.211342,1772298.3154855408,0
BICO.V,D,20231010,000000,0.211944,0.21286,0.204939,0.207423,1584639.4183213378,0
BICO.V,D,20231011,000000,0.208623,0.209627,0.2011,0.206151,1595668.7962485892,0
BICO.V,D,20231012,000000,0.206142,0.211445,0.202474,0.205324,1846058.8186186156,0
BICO.V,D,20231013,000000,0.205524,0.212719,0.204406,0.211149,2580584.417780631,0
BICO.V,D,20231014,000000,0.211054,0.211358,0.205877,0.208385,842497.8950175411,0
BICO.V,D,20231015,000000,0.208485,0.217891,0.205598,0.211908,2166056.8769739037,0
BICO.V,D,20231016,000000,0.212008,0.216746,0.207635,0.211587,1246255.4548052435,0
BICO.V,D,20231017,000000,0.211487,0.213685,0.202769,0.207177,3098189.8938794415,0
BICO.V,D,20231018,000000,0.206374,0.207483,0.199084,0.201042,1754653.5808140168,0
BICO.V,D,20231019,000000,0.200942,0.213049,0.198346,0.202681,4800822.283177142,0
BICO.V,D,20231020,000000,0.202481,0.208708,0.201199,0.207387,1505544.186576094,0
BICO.V,D,20231021,000000,0.207385,0.215578,0.205997,0.211804,1903686.7664266743,0
BICO.V,D,20231022,000000,0.212006,0.216608,0.208125,0.213072,1441603.7635240708,0
BICO.V,D,20231023,000000,0.213172,0.217367,0.209927,0.21501,3062476.587501875,0
BICO.V,D,20231024,000000,0.215112,0.231123,0.21491,0.228673,3902730.7263276884,0
BICO.V,D,20231025,000000,0.228673,0.233453,0.223316,0.227355,2211587.6698575215,0
BICO.V,D,20231026,000000,0.227452,0.246137,0.225338,0.2379,4846365.734583295,0
BICO.V,D,20231027,000000,0.238,0.239641,0.227943,0.229851,2047432.0075809066,0
BICO.V,D,20231028,000000,0.229948,0.241624,0.229646,0.241339,1189915.8505512185,0
BICO.V,D,20231029,000000,0.240946,0.243671,0.235445,0.242785,805126.0170608149,0
BICO.V,D,20231030,000000,0.242883,0.242985,0.232307,0.238279,1475276.275798529,0
BICO.V,D,20231031,000000,0.238591,0.242978,0.225065,0.231797,1821687.8682584867,0
BICO.V,D,20231101,000000,0.23179,0.240506,0.222967,0.236076,3747588.9336336013,0
BICO.V,D,20231102,000000,0.236673,0.244847,0.225236,0.228027,2688426.855116361,0
BICO.V,D,20231103,000000,0.22773,0.233691,0.216761,0.233591,4761676.664206637,0
BICO.V,D,20231104,000000,0.233791,0.239539,0.23079,0.239539,1416895.8036310284,0
BICO.V,D,20231105,000000,0.239527,0.251663,0.236794,0.243094,4280592.113681334,0
BICO.V,D,20231106,000000,0.243094,0.252915,0.237893,0.252271,2359340.647692771,0
BICO.V,D,20231107,000000,0.250175,0.253881,0.236245,0.242409,5636100.759632808,0
BICO.V,D,20231108,000000,0.242309,0.254046,0.241306,0.251255,5215239.045666018,0
BICO.V,D,20231109,000000,0.251255,0.283327,0.241043,0.255436,12533625.830666767,0
BICO.V,D,20231110,000000,0.255349,0.276564,0.255349,0.272742,5415166.179184713,0
BICO.V,D,20231111,000000,0.272842,0.28668,0.265662,0.274769,6332568.181182896,0
BICO.V,D,20231112,000000,0.274766,0.276591,0.263774,0.27571,3962399.630745938,0
BICO.V,D,20231113,000000,0.275813,0.27947,0.262402,0.270979,6670564.112340407,0
BICO.V,D,20231114,000000,0.271076,0.273589,0.249615,0.260334,5509582.630428981,0
BICO.V,D,20231115,000000,0.260336,0.33197,0.260042,0.300344,34942040.19891304,0
BICO.V,D,20231116,000000,0.300447,0.303749,0.270424,0.27723,12042264.19302704,0
BICO.V,D,20231117,000000,0.276636,0.287437,0.259718,0.27229,5248126.596339894,0
BICO.V,D,20231118,000000,0.272593,0.290613,0.259714,0.266133,5019395.999195536,0
BICO.V,D,20231119,000000,0.265838,0.276135,0.259743,0.27262,1522569.5753957375,0
BICO.V,D,20231120,000000,0.27272,0.277136,0.26508,0.268085,2745585.53995075,0
BICO.V,D,20231121,000000,0.268282,0.275671,0.240194,0.242792,3525868.167327814,0
BICO.V,D,20231122,000000,0.242495,0.260889,0.239779,0.258183,2593221.275471587,0
BICO.V,D,20231123,000000,0.25848,0.263853,0.255464,0.262637,1876925.8411644306,0
BICO.V,D,20231124,000000,0.263237,0.27865,0.261331,0.272418,3944735.3402355043,0
BICO.V,D,20231125,000000,0.272418,0.284087,0.270413,0.274865,2146741.39832813,0
BICO.V,D,20231126,000000,0.274362,0.277461,0.260504,0.273604,1508361.7125017045,0
BICO.V,D,20231127,000000,0.273301,0.273301,0.255,0.258505,1883645.8305215403,0
BICO.V,D,20231128,000000,0.258505,0.269859,0.25332,0.265854,2736982.9583025128,0
BICO.V,D,20231129,000000,0.266054,0.273437,0.262176,0.264834,1997862.2582483506,0
BICO.V,D,20231130,000000,0.265334,0.272444,0.263055,0.265026,1363653.6737814627,0
BICO.V,D,20231201,000000,0.264648,0.275188,0.264648,0.270906,2068115.8462061225,0
BICO.V,D,20231202,000000,0.270906,0.284039,0.270508,0.277425,3391640.3708586073,0
BICO.V,D,20231203,000000,0.278125,0.280626,0.271,0.275296,1248619.193772614,0
BICO.V,D,20231204,000000,0.275496,0.297924,0.271119,0.292215,5263800.1455621645,0
BICO.V,D,20231205,000000,0.292212,0.3163,0.291388,0.308837,5211996.676783336,0
BICO.V,D,20231206,000000,0.309337,0.331773,0.302127,0.308234,4116238.5175464256,0
BICO.V,D,20231207,000000,0.308725,0.320574,0.30554,0.313907,1697875.404228327,0
BICO.V,D,20231208,000000,0.314107,0.33593,0.312541,0.324004,5000208.471220957,0
BICO.V,D,20231209,000000,0.325004,0.361408,0.323691,0.330486,5701801.154686684,0
BICO.V,D,20231210,000000,0.329889,0.335876,0.315857,0.332303,1312707.6693320242,0
BICO.V,D,20231211,000000,0.332517,0.356104,0.28602,0.353334,10459264.401091853,0
BICO.V,D,20231212,000000,0.353534,0.377556,0.336261,0.360138,6462320.768202448,0
BICO.V,D,20231213,000000,0.359942,0.367154,0.334963,0.355482,4073883.2040029285,0
BICO.V,D,20231214,000000,0.355264,0.359643,0.339331,0.354657,1760558.4215838783,0
BICO.V,D,20231215,000000,0.354857,0.373993,0.350746,0.365533,3217962.625154162,0
BICO.V,D,20231216,000000,0.366737,0.398245,0.355982,0.361721,6085130.706326592,0
BICO.V,D,20231217,000000,0.361011,0.374144,0.354977,0.357132,2309301.2668410568,0
BICO.V,D,20231218,000000,0.356629,0.388606,0.343549,0.382985,5275512.954029898,0
BICO.V,D,20231219,000000,0.383485,0.383885,0.36073,0.361016,1839080.9989114315,0
BICO.V,D,20231220,000000,0.36082,0.396512,0.358724,0.395916,2627547.638339497,0
BICO.V,D,20231221,000000,0.395616,0.397012,0.375504,0.39107,2064031.1836625468,0
BICO.V,D,20231222,000000,0.390974,0.436805,0.388978,0.419335,4449925.264574067,0
BICO.V,D,20231223,000000,0.421137,0.442995,0.406133,0.435013,2170432.2965756664,0
BICO.V,D,20231224,000000,0.434913,0.483056,0.418309,0.436888,4831335.183713665,0
BICO.V,D,20231225,000000,0.437284,0.450368,0.422059,0.431286,2425151.1599952923,0
BICO.V,D,20231226,000000,0.43029,0.437069,0.399888,0.425749,2927300.6102514584,0
BICO.V,D,20231227,000000,0.426062,0.427151,0.406056,0.407753,2475701.74371021,0
BICO.V,D,20231228,000000,0.408433,0.419398,0.384381,0.392096,2239761.847089982,0
BICO.V,D,20231229,000000,0.392165,0.402537,0.375708,0.382946,2107311.6454138723,0
BICO.V,D,20231230,000000,0.382884,0.4083,0.38135,0.384792,2598188.764429171,0
BICO.V,D,20231231,000000,0.387092,0.395818,0.375236,0.379332,786730.8722863075,0
BICO.V,D,20240101,000000,0.380201,0.399956,0.377358,0.396875,1108477.9230079444,0
BICO.V,D,20240102,000000,0.397379,0.402865,0.379495,0.383046,853349.473999483,0
BICO.V,D,20240103,000000,0.382745,0.401108,0.308739,0.354631,2530431.931061902,0
BICO.V,D,20240104,000000,0.354238,0.372417,0.349721,0.364136,3122408.2227176707,0
BICO.V,D,20240105,000000,0.363721,0.364329,0.337017,0.348775,1635256.8848884774,0
BICO.V,D,20240106,000000,0.348875,0.36239,0.330701,0.344006,2088183.0736266188,0
BICO.V,D,20240107,000000,0.343806,0.350679,0.320705,0.321306,1019130.9978269088,0
BICO.V,D,20240108,000000,0.321606,0.338194,0.304664,0.3371,1583449.959012072,0
BICO.V,D,20240109,000000,0.3371,0.340301,0.311175,0.3237,1374309.7257423103,0
BICO.V,D,20240110,000000,0.323323,0.357396,0.321219,0.355985,1725810.9860219278,0
BICO.V,D,20240111,000000,0.356093,0.375729,0.347383,0.366318,2211063.7000167333,0
BICO.V,D,20240112,000000,0.366422,0.384735,0.353913,0.361172,2342545.235751199,0
BICO.V,D,20240113,000000,0.36048,0.382612,0.34922,0.37341,2294231.1844158103,0
BICO.V,D,20240114,000000,0.372711,0.399208,0.365841,0.380018,2118099.874603145,0
BICO.V,D,20240115,000000,0.379518,0.382355,0.35972,0.367761,3288443.946456794,0
BICO.V,D,20240116,000000,0.367761,0.404651,0.367528,0.399636,1900382.354627161,0
BICO.V,D,20240117,000000,0.400224,0.41092,0.389482,0.404191,2343257.8331414345,0
BICO.V,D,20240118,000000,0.403996,0.411813,0.37564,0.392703,1628863.8595538116,0
BICO.V,D,20240119,000000,0.392607,0.408297,0.353753,0.37373,2880402.6094199102,0
BICO.V,D,20240120,000000,0.372734,0.436642,0.367769,0.396974,6749671.375347641,0
BICO.V,D,20240121,000000,0.396874,0.431715,0.394524,0.40375,3329394.1826913967,0
BICO.V,D,20240122,000000,0.403446,0.405887,0.37057,0.376397,1367840.7991686158,0
BICO.V,D,20240123,000000,0.375598,0.382221,0.335364,0.344093,2466391.1820040583,0
BICO.V,D,20240124,000000,0.344393,0.351832,0.327662,0.331924,1514613.169449196,0
BICO.V,D,20240125,000000,0.331627,0.336196,0.32377,0.334119,1330870.3323375105,0
BICO.V,D,20240126,000000,0.33312,0.351809,0.331234,0.349327,1457169.3332704809,0
BICO.V,D,20240127,000000,0.349555,0.356782,0.345662,0.350696,618721.7276474668,0
BICO.V,D,20240128,000000,0.350796,0.356336,0.336463,0.338846,768456.5653553386,0
BICO.V,D,20240129,000000,0.338746,0.355108,0.337346,0.352804,888434.2595784725,0
BICO.V,D,20240130,000000,0.352904,0.360406,0.349465,0.350593,789940.140652889,0
BICO.V,D,20240131,000000,0.350696,0.352296,0.335142,0.33951,1466485.037039777,0
BICO.V,D,20240201,000000,0.33971,0.345775,0.332314,0.342201,769756.4107210642,0
BICO.V,D,20240202,000000,0.341901,0.353421,0.341901,0.352113,798791.7566353884,0
BICO.V,D,20240203,000000,0.352013,0.355258,0.343373,0.345183,328657.6488645242,0
BICO.V,D,20240204,000000,0.345383,0.346089,0.331184,0.33246,397765.14955247473,0
BICO.V,D,20240205,000000,0.33266,0.33336,0.321336,0.326678,1008402.455833462,0
BICO.V,D,20240206,000000,0.326279,0.341204,0.325882,0.340391,879843.6532699852,0
BICO.V,D,20240207,000000,0.340491,0.363309,0.336818,0.35163,2791454.583479645,0
BICO.V,D,20240208,000000,0.351726,0.381281,0.349702,0.376879,2094811.0871390717,0
BICO.V,D,20240209,000000,0.376879,0.392422,0.371837,0.380624,2088912.9371599427,0
BICO.V,D,20240210,000000,0.380728,0.3854,0.373773,0.383207,793072.6826575916,0
BICO.V,D,20240211,000000,0.382115,0.395458,0.380214,0.384808,1323490.3136005434,0
BICO.V,D,20240212,000000,0.385112,0.399136,0.383615,0.390072,1529013.6683020073,0
BICO.V,D,20240213,000000,0.390372,0.404181,0.380665,0.392953,1591510.409052773,0
BICO.V,D,20240214,000000,0.393657,0.419217,0.389245,0.416887,2306476.208082927,0
BICO.V,D,20240215,000000,0.416491,0.424254,0.403395,0.408255,1762121.4625001377,0
BICO.V,D,20240216,000000,0.408155,0.425549,0.402137,0.420423,3409443.704316796,0
BICO.V,D,20240217,000000,0.420824,0.436074,0.402985,0.423693,2887894.5045400118,0
BICO.V,D,20240218,000000,0.424398,0.450899,0.422893,0.446049,2531154.034076121,0
BICO.V,D,20240219,000000,0.445954,0.471752,0.441606,0.453209,2036375.418846519,0
BICO.V,D,20240220,000000,0.452504,0.454364,0.405801,0.434087,3068282.93970554,0
BICO.V,D,20240221,000000,0.433591,0.437583,0.386961,0.395496,2996415.569299617,0
BICO.V,D,20240222,000000,0.3953,0.408687,0.380524,0.398772,3330928.635560954,0
BICO.V,D,20240223,000000,0.398273,0.405003,0.381313,0.390649,3335466.4623913704,0
BICO.V,D,20240224,000000,0.389745,0.3982,0.37877,0.3847,4169618.561142959,0
BICO.V,D,20240225,000000,0.3841,0.396525,0.368593,0.374585,6399011.278131093,0
BICO.V,D,20240226,000000,0.374981,0.384042,0.358471,0.381548,4511947.496679596,0
BICO.V,D,20240227,000000,0.381448,0.396073,0.37693,0.394658,3979324.08880063,0
BICO.V,D,20240228,000000,0.394358,0.409799,0.34702,0.38607,5224739.838052824,0
BICO.V,D,20240229,000000,0.38667,0.494608,0.38577,0.401133,14606492.397253865,0
BICO.V,D,20240301,000000,0.400932,0.527411,0.400932,0.491473,34501857.6892668,0
BICO.V,D,20240302,000000,0.491278,0.595295,0.487141,0.543716,29951662.253927752,0
BICO.V,D,20240303,000000,0.543832,0.549144,0.459154,0.514426,7407294.465041319,0
BICO.V,D,20240304,000000,0.517033,0.529159,0.479522,0.503353,7473437.168038893,0
BICO.V,D,20240305,000000,0.503548,0.532697,0.426716,0.477529,8691601.342153095,0
BICO.V,D,20240306,000000,0.477229,0.550413,0.476829,0.520786,8951228.379879497,0
BICO.V,D,20240307,000000,0.51976,0.573954,0.517823,0.564918,5578070.732310497,0
BICO.V,D,20240308,000000,0.564517,0.57537,0.516311,0.538292,4246457.083449665,0
BICO.V,D,20240309,000000,0.538493,0.608165,0.537952,0.576923,6650230.861169623,0
BICO.V,D,20240310,000000,0.576917,0.657292,0.565636,0.602478,9622972.434126977,0
BICO.V,D,20240311,000000,0.603197,0.670583,0.585484,0.64893,5635626.888294046,0
BICO.V,D,20240312,000000,0.649643,0.676734,0.614701,0.655059,5538421.593378121,0
BICO.V,D,20240313,000000,0.654446,0.754284,0.650846,0.704723,9908784.49266048,0
BICO.V,D,20240314,000000,0.705252,0.717151,0.631936,0.68486,4490786.58788787,0
BICO.V,D,20240315,000000,0.68516,0.712708,0.589788,0.629057,6215647.596108299,0
BICO.V,D,20240316,000000,0.629757,0.646613,0.553151,0.565016,2558192.691516258,0
BICO.V,D,20240317,000000,0.565066,0.60288,0.534574,0.593579,1845506.2463155384,0
BICO.V,D,20240318,000000,0.593979,0.599022,0.538503,0.548062,2169536.714771348,0
BICO.V,D,20240319,000000,0.548967,0.554645,0.465942,0.480016,5768380.852487294,0
BICO.V,D,20240320,000000,0.480177,0.534628,0.451528,0.5277,2349950.720310544,0
BICO.V,D,20240321,000000,0.530315,0.537376,0.508791,0.525074,564133.2443162977,0
BICO.V,D,20240322,000000,0.525779,0.542929,0.488137,0.503111,2076670.6623301741,0
BICO.V,D,20240323,000000,0.503111,0.531989,0.502911,0.522795,1342367.3862387887,0
BICO.V,D,20240324,000000,0.5213,0.557583,0.504336,0.541462,4555897.730941031,0
BICO.V,D,20240325,000000,0.541262,0.570588,0.536573,0.56798,4378142.195526666,0
BICO.V,D,20240326,000000,0.567985,0.577335,0.550004,0.569906,6094396.397925881,0
BICO.V,D,20240327,000000,0.569311,0.581248,0.537504,0.550202,4432116.840809268,0
BICO.V,D,20240328,000000,0.549497,0.64823,0.530482,0.647636,26330273.931255445,0
BICO.V,D,20240329,000000,0.647936,0.716044,0.59923,0.672122,43481275.755697705,0
BICO.V,D,20240330,000000,0.672223,0.684456,0.638915,0.647546,11065665.617264308,0
BICO.V,D,20240331,000000,0.647152,0.69517,0.644571,0.664873,15628996.49932728,0
BICO.V,D,20240401,000000,0.66578,0.739233,0.630078,0.735779,24850954.236058656,0
BICO.V,D,20240402,000000,0.73588,0.769,0.630365,0.743997,26251039.555695765,0
BICO.V,D,20240403,000000,0.743997,0.859755,0.70229,0.819037,47005650.51154861,0
BICO.V,D,20240404,000000,0.816637,0.845737,0.724881,0.730675,27684742.462650824,0
BICO.V,D,20240405,000000,0.729875,0.731505,0.592607,0.606706,19170604.46320781,0
BICO.V,D,20240406,000000,0.606906,0.777763,0.60101,0.744586,47425994.021773435,0
BICO.V,D,20240407,000000,0.744686,0.986228,0.740363,0.938375,91480238.31069654,0
BICO.V,D,20240408,000000,0.939085,0.949219,0.804252,0.807852,45805062.14996426,0
BICO.V,D,20240409,000000,0.807552,0.824982,0.755468,0.771745,24682609.12405952,0
BICO.V,D,20240410,000000,0.772152,0.781367,0.724813,0.730278,6295341.405285603,0
BICO.V,D,20240411,000000,0.730078,0.776384,0.693586,0.701449,9579994.104946377,0
BICO.V,D,20240412,000000,0.701356,0.753838,0.540076,0.592078,8358495.606439585,0
BICO.V,D,20240413,000000,0.591177,0.60456,0.431041,0.477987,9550024.095777007,0
BICO.V,D,20240414,000000,0.477382,0.561981,0.466578,0.521957,6715014.169309602,0
BICO.V,D,20240415,000000,0.522257,0.579369,0.483842,0.501185,6617062.334227557,0
BICO.V,D,20240416,000000,0.500485,0.515154,0.475052,0.506501,2751848.555692975,0
BICO.V,D,20240417,000000,0.506511,0.522373,0.4805,0.511044,3904159.884793971,0
BICO.V,D,20240418,000000,0.510744,0.519032,0.486997,0.516555,1913270.0123842605,0
BICO.V,D,20240419,000000,0.516555,0.527626,0.470395,0.51546,4291494.687417454,0
BICO.V,D,20240420,000000,0.514395,0.548781,0.498704,0.547664,2762150.1168197743,0
BICO.V,D,20240421,000000,0.546564,0.56681,0.527916,0.544192,3182783.278675272,0
BICO.V,D,20240422,000000,0.544092,0.57216,0.542092,0.55346,3160310.0004934976,0
BICO.V,D,20240423,000000,0.553866,0.561664,0.542298,0.550494,2114161.0762431794,0
BICO.V,D,20240424,000000,0.549789,0.5756,0.517739,0.527115,2425142.3651804402,0
BICO.V,D,20240425,000000,0.526515,0.52752,0.488602,0.510704,2382215.1562687117,0
BICO.V,D,20240426,000000,0.510204,0.510304,0.475142,0.490896,1329166.4013303432,0
BICO.V,D,20240427,000000,0.489951,0.490604,0.46269,0.485263,1894718.9757141797,0
BICO.V,D,20240428,000000,0.485862,0.49885,0.483816,0.491305,1604457.8395411056,0
BICO.V,D,20240429,000000,0.491005,0.492249,0.449575,0.454464,2513772.8622295745,0
BICO.V,D,20240430,000000,0.454764,0.467232,0.411833,0.427539,1952220.527977803,0
BICO.V,D,20240501,000000,0.427044,0.442939,0.404185,0.433649,2363000.2994151996,0
BICO.V,D,20240502,000000,0.433549,0.455909,0.421969,0.453023,1864875.0387619527,0
BICO.V,D,20240503,000000,0.454618,0.474504,0.439835,0.470002,1275326.4554144675,0
BICO.V,D,20240504,000000,0.472003,0.476919,0.460783,0.468447,1028063.4627766998,0
BICO.V,D,20240505,000000,0.468347,0.480538,0.454755,0.473252,1166009.0085608375,0
BICO.V,D,20240506,000000,0.472357,0.4904,0.456832,0.464895,2103795.770514653,0
BICO.V,D,20240507,000000,0.465105,0.468505,0.448873,0.454386,1150654.585572787,0
BICO.V,D,20240508,000000,0.453777,0.45699,0.428861,0.443163,2870485.9324143697,0
BICO.V,D,20240509,000000,0.442858,0.459661,0.432718,0.458731,1241835.4368508987,0
BICO.V,D,20240510,000000,0.458727,0.465716,0.429702,0.43457,867612.2802992376,0
BICO.V,D,20240511,000000,0.43467,0.443489,0.42705,0.428606,749710.707280072,0
BICO.V,D,20240512,000000,0.428206,0.429306,0.408273,0.412722,1056365.9910685425,0
BICO.V,D,20240513,000000,0.412423,0.437612,0.392982,0.419558,2072217.0419166845,0
BICO.V,D,20240514,000000,0.419954,0.426336,0.409973,0.412847,1684425.8799083352,0
BICO.V,D,20240515,000000,0.412551,0.462847,0.409024,0.459471,4891416.177342253,0
BICO.V,D,20240516,000000,0.460271,0.486444,0.457533,0.476243,4351265.6359325275,0
BICO.V,D,20240517,000000,0.476143,0.556428,0.473838,0.548987,13070817.835162705,0
BICO.V,D,20240518,000000,0.549687,0.596855,0.519561,0.532491,11495137.381373432,0
BICO.V,D,20240519,000000,0.53189,0.546944,0.508,0.514269,3977266.3199536777,0
BICO.V,D,20240520,000000,0.514269,0.562109,0.50592,0.551309,4651680.426342451,0
BICO.V,D,20240521,000000,0.551515,0.55455,0.521933,0.528484,3626971.576085008,0
BICO.V,D,20240522,000000,0.528657,0.579501,0.514756,0.560159,5640238.155063883,0
BICO.V,D,20240523,000000,0.560659,0.594779,0.533616,0.573733,6418936.324212726,0
BICO.V,D,20240524,000000,0.574132,0.627149,0.57104,0.596828,5563305.377812047,0
BICO.V,D,20240525,000000,0.596922,0.626925,0.567341,0.595081,6297257.681377699,0
BICO.V,D,20240526,000000,0.595475,0.620164,0.564855,0.570629,3317726.5544519047,0
BICO.V,D,20240527,000000,0.570783,0.612336,0.55972,0.599188,5871044.334192496,0
BICO.V,D,20240528,000000,0.598889,0.604316,0.572987,0.579933,3606087.0625254395,0
BICO.V,D,20240529,000000,0.580333,0.584027,0.547147,0.552392,1829182.4511400783,0
BICO.V,D,20240530,000000,0.552186,0.567239,0.526884,0.550907,2040537.0434219898,0
BICO.V,D,20240531,000000,0.549702,0.569752,0.545053,0.55424,1787882.9989629423,0
BICO.V,D,20240601,000000,0.554345,0.556026,0.545242,0.551009,1153849.5972999795,0
BICO.V,D,20240602,000000,0.550809,0.582005,0.547934,0.553007,3521124.0703189396,0
BICO.V,D,20240603,000000,0.552996,0.562072,0.535252,0.541413,1315572.642156109,0
BICO.V,D,20240604,000000,0.541008,0.5614,0.535993,0.5571,1687407.5626538685,0
BICO.V,D,20240605,000000,0.5579,0.57038,0.547785,0.563851,1235143.374683016,0
BICO.V,D,20240606,000000,0.563651,0.569617,0.546114,0.557422,2274821.282388175,0
BICO.V,D,20240607,000000,0.557322,0.588717,0.472517,0.5262,5295678.105269118,0
BICO.V,D,20240608,000000,0.5249,0.576837,0.520297,0.570137,5870525.230388608,0
BICO.V,D,20240609,000000,0.568732,0.682818,0.560538,0.6697,35483461.25030383,0
BICO.V,D,20240610,000000,0.669867,0.68981,0.555294,0.560049,13653751.995670486,0
BICO.V,D,20240611,000000,0.559843,0.582644,0.524848,0.542786,10449809.842195097,0
BICO.V,D,20240612,000000,0.542786,0.571503,0.512749,0.539922,6559014.214401545,0
BICO.V,D,20240613,000000,0.540122,0.558444,0.515612,0.52549,3586086.5180948107,0
BICO.V,D,20240614,000000,0.52499,0.52499,0.470213,0.493854,3963624.94450692,0
BICO.V,D,20240615,000000,0.495253,0.511982,0.485813,0.498716,1672367.305208265,0
BICO.V,D,20240616,000000,0.498316,0.49912,0.470709,0.472022,2906376.0353552178,0
BICO.V,D,20240617,000000,0.472022,0.482672,0.417637,0.424405,4184472.1005183505,0
BICO.V,D,20240618,000000,0.4247,0.4261,0.35167,0.370696,5317423.871502253,0
BICO.V,D,20240619,000000,0.370496,0.381417,0.365017,0.37365,2717426.3183627427,0
BICO.V,D,20240620,000000,0.37435,0.40301,0.368752,0.388824,2363588.252642306,0
BICO.V,D,20240621,000000,0.388524,0.402195,0.378355,0.385961,2715003.4198112693,0
BICO.V,D,20240622,000000,0.38616,0.38646,0.369922,0.37525,1588586.996872026,0
BICO.V,D,20240623,000000,0.374713,0.392372,0.364329,0.372239,1270914.975461211,0
BICO.V,D,20240624,000000,0.372343,0.375037,0.340585,0.374426,1581948.0671817546,0
BICO.V,D,20240625,000000,0.374822,0.399228,0.372573,0.397628,1758007.7498339573,0
BICO.V,D,20240626,000000,0.397624,0.403267,0.378586,0.384338,1533658.7275587164,0
BICO.V,D,20240627,000000,0.384239,0.40529,0.374064,0.39968,2428283.4605052914,0
BICO.V,D,20240628,000000,0.400271,0.401874,0.375877,0.37825,1112063.3337500326,0
BICO.V,D,20240629,000000,0.378246,0.380003,0.367504,0.368469,826227.0865886258,0
BICO.V,D,20240630,000000,0.368572,0.386956,0.36351,0.380605,2045638.753771418,0
BICO.V,D,20240701,000000,0.380413,0.389992,0.369504,0.37808,1479865.209543106,0
BICO.V,D,20240702,000000,0.376893,0.376893,0.362125,0.366612,1141198.5323195525,0
BICO.V,D,20240703,000000,0.366612,0.369708,0.335827,0.340222,961449.4185011059,0
BICO.V,D,20240704,000000,0.339922,0.340022,0.300347,0.304226,1582684.9619277017,0
BICO.V,D,20240705,000000,0.30403,0.304926,0.252732,0.284623,3341331.841943322,0
BICO.V,D,20240706,000000,0.284423,0.309237,0.280236,0.304703,1670825.2861238823,0
BICO.V,D,20240707,000000,0.305106,0.307325,0.287231,0.293768,1905952.1359397888,0
BICO.V,D,20240708,000000,0.294271,0.311219,0.276178,0.298673,1429819.5155237026,0
BICO.V,D,20240709,000000,0.298073,0.306982,0.294844,0.301494,1298650.4754221973,0
BICO.V,D,20240710,000000,0.301394,0.310553,0.297609,0.304376,1458390.381233054,0
BICO.V,D,20240711,000000,0.304176,0.310126,0.289109,0.290591,1840791.7052594454,0
BICO.V,D,20240712,000000,0.290294,0.298384,0.2866,0.296059,2597182.2264439827,0
BICO.V,D,20240713,000000,0.295656,0.301045,0.290249,0.29305,1936207.721733039,0
BICO.V,D,20240714,000000,0.292888,0.310115,0.289549,0.310115,1776683.862822434,0
BICO.V,D,20240715,000000,0.310112,0.330769,0.309314,0.327264,2963823.2972134463,0
BICO.V,D,20240716,000000,0.327264,0.350005,0.313891,0.340485,3018465.202556589,0
BICO.V,D,20240717,000000,0.340185,0.367044,0.337391,0.361032,4843958.2246152,0
BICO.V,D,20240718,000000,0.361032,0.364333,0.329751,0.333433,3955101.854560803,0
BICO.V,D,20240719,000000,0.333233,0.357482,0.328134,0.355249,3809264.913739237,0
BICO.V,D,20240720,000000,0.355849,0.359362,0.345752,0.34885,2723494.7691976395,0
BICO.V,D,20240721,000000,0.34905,0.3572,0.331075,0.353874,3265219.652860057,0
BICO.V,D,20240722,000000,0.354174,0.360329,0.331896,0.3324,2283056.8369598226,0
BICO.V,D,20240723,000000,0.3326,0.339427,0.30794,0.310737,4265597.9826970855,0
BICO.V,D,20240724,000000,0.310137,0.318957,0.297567,0.302849,1682163.699224551,0
BICO.V,D,20240725,000000,0.302646,0.302945,0.274234,0.284717,2567161.797603726,0
BICO.V,D,20240726,000000,0.284926,0.309291,0.283929,0.308,2337487.7799160164,0
BICO.V,D,20240727,000000,0.308097,0.312831,0.298033,0.308797,1559014.3942450932,0
BICO.V,D,20240728,000000,0.308272,0.311675,0.295176,0.296473,1667896.4321030388,0
BICO.V,D,20240729,000000,0.29637,0.328434,0.293894,0.303167,3582603.3014708236,0
BICO.V,D,20240730,000000,0.303167,0.308314,0.285814,0.288813,2048617.700668278,0
BICO.V,D,20240731,000000,0.288613,0.298263,0.279902,0.282992,1602488.1425015344,0
BICO.V,D,20240801,000000,0.282898,0.283512,0.254056,0.266962,2192217.7929700958,0
BICO.V,D,20240802,000000,0.266784,0.279032,0.256244,0.261599,2255545.724536839,0
BICO.V,D,20240803,000000,0.261202,0.262561,0.227847,0.232453,2295623.1323418063,0
BICO.V,D,20240804,000000,0.232553,0.245543,0.215723,0.231133,3305667.5175989717,0
BICO.V,D,20240805,000000,0.23193,0.235029,0.182198,0.207839,7888918.15121482,0
BICO.V,D,20240806,000000,0.207839,0.226059,0.206558,0.224287,2802392.105967962,0
BICO.V,D,20240807,000000,0.224385,0.232314,0.215439,0.22002,1148083.3582430964,0
BICO.V,D,20240808,000000,0.219122,0.232667,0.213026,0.232667,1089578.0451974527,0
BICO.V,D,20240809,000000,0.23357,0.237959,0.22637,0.229871,757769.8378761801,0
BICO.V,D,20240810,000000,0.231372,0.234942,0.226966,0.234445,783566.5669625057,0
BICO.V,D,20240811,000000,0.234244,0.237433,0.210653,0.213321,1334951.7168156363,0
BICO.V,D,20240812,000000,0.213421,0.227741,0.205762,0.220924,1683138.5903699694,0
BICO.V,D,20240813,000000,0.220622,0.235966,0.217361,0.230028,2900576.5397025575,0
BICO.V,D,20240814,000000,0.230225,0.232067,0.222058,0.22512,1539206.4787647778,0
BICO.V,D,20240815,000000,0.22512,0.244895,0.221553,0.224343,7133959.26832558,0
BICO.V,D,20240816,000000,0.22454,0.24317,0.221516,0.242468,3396020.053240394,0
BICO.V,D,20240817,000000,0.241769,0.24992,0.228843,0.249222,2396701.4198581562,0
BICO.V,D,20240818,000000,0.2493,0.271554,0.239822,0.256651,5476875.959640945,0
BICO.V,D,20240819,000000,0.256503,0.259149,0.24196,0.257757,2641324.363467602,0
BICO.V,D,20240820,000000,0.257757,0.261979,0.246637,0.251503,2093120.5177038948,0
BICO.V,D,20240821,000000,0.251003,0.264424,0.24621,0.258021,3142912.045945305,0
BICO.V,D,20240822,000000,0.258223,0.260262,0.253448,0.256613,1231859.802007665,0
BICO.V,D,20240823,000000,0.256618,0.276935,0.253515,0.27562,2003640.5901868795,0
BICO.V,D,20240824,000000,0.275918,0.29879,0.271149,0.276497,3784461.4715969204,0
BICO.V,D,20240825,000000,0.27708,0.280084,0.263292,0.268294,2362372.556686983,0
BICO.V,D,20240826,000000,0.268794,0.269894,0.247962,0.250245,2745341.347874802,0
BICO.V,D,20240827,000000,0.249845,0.254823,0.227886,0.231502,2131190.2631437886,0
BICO.V,D,20240828,000000,0.231202,0.2361,0.219518,0.22682,1678404.4924019577,0
BICO.V,D,20240829,000000,0.22712,0.238152,0.22322,0.227098,1601324.2110562592,0
BICO.V,D,20240830,000000,0.226495,0.231505,0.216852,0.22747,2560138.094839046,0
BICO.V,D,20240831,000000,0.226771,0.229956,0.219289,0.221658,700835.0083912442,0
BICO.V,D,20240901,000000,0.221422,0.221753,0.213362,0.217563,1092635.5340275283,0
BICO.V,D,20240902,000000,0.217961,0.22026,0.20836,0.218063,2123237.121243471,0
BICO.V,D,20240903,000000,0.218156,0.220482,0.200716,0.202743,1574910.2722192674,0
BICO.V,D,20240904,000000,0.202759,0.210998,0.191648,0.207775,3110626.1973026064,0
BICO.V,D,20240905,000000,0.208177,0.211764,0.201941,0.203427,1499981.5439852837,0
BICO.V,D,20240906,000000,0.203727,0.210156,0.192398,0.198197,2888867.898119671,0
BICO.V,D,20240907,000000,0.198297,0.211979,0.198099,0.205079,1922436.9892326214,0
BICO.V,D,20240908,000000,0.205177,0.212942,0.203776,0.207979,796530.2519884487,0
BICO.V,D,20240909,000000,0.208162,0.222729,0.207979,0.220037,1395840.2043976982,0
BICO.V,D,20240910,000000,0.22004,0.220791,0.214981,0.218185,1059706.691841673,0
BICO.V,D,20240911,000000,0.218385,0.218789,0.206967,0.210319,2231374.2971262825,0
BICO.V,D,20240912,000000,0.210158,0.214279,0.208465,0.213283,2562120.121277447,0
BICO.V,D,20240913,000000,0.213483,0.228332,0.213283,0.22609,2044804.8149655503,0
BICO.V,D,20240914,000000,0.22609,0.227289,0.220344,0.222242,1347416.5989816275,0
BICO.V,D,20240915,000000,0.222022,0.226329,0.217228,0.217902,1427556.7398294944,0
BICO.V,D,20240916,000000,0.217422,0.217709,0.202939,0.205061,1996354.2548462038,0
BICO.V,D,20240917,000000,0.205161,0.2184,0.202886,0.215819,1762444.1692002078,0
BICO.V,D,20240918,000000,0.215919,0.224598,0.2085,0.214506,2573567.821183117,0
BICO.V,D,20240919,000000,0.214409,0.235859,0.214406,0.231725,3447497.1063444307,0
BICO.V,D,20240920,000000,0.231723,0.241205,0.23003,0.235019,1541737.1454957384,0
BICO.V,D,20240921,000000,0.234923,0.241119,0.230998,0.238124,1463467.3298770408,0
BICO.V,D,20240922,000000,0.238624,0.241219,0.225698,0.229,1817985.7805494994,0
BICO.V,D,20240923,000000,0.228377,0.242681,0.225711,0.234091,2749561.4459153907,0
BICO.V,D,20240924,000000,0.234188,0.238767,0.227779,0.237988,3917255.170687073,0
BICO.V,D,20240925,000000,0.238386,0.246683,0.237369,0.242259,2330852.2858191663,0
BICO.V,D,20240926,000000,0.242159,0.254113,0.232137,0.248522,2880379.1767753176,0
BICO.V,D,20240927,000000,0.249022,0.262937,0.247017,0.261147,1882757.5465737474,0
BICO.V,D,20240928,000000,0.260847,0.267232,0.246134,0.249827,1758317.5596714015,0
BICO.V,D,20240929,000000,0.25015,0.262105,0.240528,0.258597,2034414.0537332944,0
BICO.V,D,20240930,000000,0.258748,0.260556,0.237624,0.240623,1899600.1724705053,0
BICO.V,D,20241001,000000,0.240325,0.248623,0.208844,0.217643,3457899.7908468638,0
BICO.V,D,20241002,000000,0.216944,0.228452,0.201786,0.206146,2684283.2561321375,0
BICO.V,D,20241003,000000,0.205846,0.212364,0.194248,0.197976,2925721.1273149,0
BICO.V,D,20241004,000000,0.197776,0.212979,0.196778,0.209698,1326244.3600917794,0
BICO.V,D,20241005,000000,0.209696,0.214681,0.200368,0.20157,1805856.4146354462,0
BICO.V,D,20241006,000000,0.2015,0.213662,0.2015,0.208465,1183381.1686558134,0
BICO.V,D,20241007,000000,0.208565,0.230519,0.208565,0.226832,3290825.916280831,0
BICO.V,D,20241008,000000,0.226832,0.227032,0.20449,0.210249,1959347.4274326821,0
BICO.V,D,20241009,000000,0.210337,0.212666,0.193829,0.197124,2001082.3390586746,0
BICO.V,D,20241010,000000,0.196742,0.200365,0.185792,0.192991,2826905.47318359,0
BICO.V,D,20241011,000000,0.192891,0.202345,0.19211,0.200272,2257787.4095317167,0
BICO.V,D,20241012,000000,0.200274,0.213532,0.199328,0.210937,2702238.596104718,0
BICO.V,D,20241013,000000,0.211121,0.212636,0.2003,0.206515,1566319.7702626982,0
BICO.V,D,20241014,000000,0.206721,0.222336,0.205414,0.221065,3041029.7204530607,0
BICO.V,D,20241015,000000,0.221467,0.226328,0.210743,0.215444,3627460.2917825626,0
BICO.V,D,20241016,000000,0.215046,0.220356,0.207388,0.209256,2356417.3004175615,0
BICO.V,D,20241017,000000,0.209258,0.210158,0.197635,0.19953,2173459.4031975856,0
BICO.V,D,20241018,000000,0.19966,0.206679,0.192033,0.201174,5800985.457319336,0
BICO.V,D,20241019,000000,0.201174,0.206355,0.194588,0.200254,3954811.294429972,0
BICO.V,D,20241020,000000,0.200454,0.222064,0.198901,0.215829,9034947.155499361,0
BICO.V,D,20241021,000000,0.216065,0.222704,0.203814,0.207515,7049453.784452313,0
BICO.V,D,20241022,000000,0.207515,0.208933,0.200054,0.204653,3956372.0003521563,0
BICO.V,D,20241023,000000,0.204453,0.207253,0.187731,0.193794,3837462.941541387,0
BICO.V,D,20241024,000000,0.193992,0.203154,0.193218,0.200775,2354835.8783960375,0
BICO.V,D,20241025,000000,0.20092,0.201575,0.191044,0.194749,2907594.4742891784,0
BICO.V,D,20241026,000000,0.194749,0.194751,0.168372,0.180363,8036489.596857122,0
BICO.V,D,20241027,000000,0.179962,0.184752,0.178469,0.182951,2316584.321085693,0
BICO.V,D,20241028,000000,0.183117,0.185672,0.173768,0.184569,3061602.9895371143,0
BICO.V,D,20241029,000000,0.18497,0.195463,0.182581,0.189739,8216213.033050286,0
BICO.V,D,20241030,000000,0.189939,0.224928,0.187651,0.222929,20135855.146638293,0
BICO.V,D,20241031,000000,0.222929,0.234603,0.210637,0.223207,33206615.66898186,0
BICO.V,D,20241101,000000,0.22312,0.252748,0.210289,0.243432,33491512.20222181,0
BICO.V,D,20241102,000000,0.243132,0.245952,0.208437,0.222835,13627482.027546722,0
BICO.V,D,20241103,000000,0.223138,0.233204,0.200226,0.224812,11507028.037087908,0
BICO.V,D,20241104,000000,0.22501,0.247544,0.210948,0.215332,15504926.527131734,0
BICO.V,D,20241105,000000,0.214033,0.225875,0.209481,0.212275,12043030.897761188,0
BICO.V,D,20241106,000000,0.211675,0.274914,0.211275,0.256354,20147074.006244052,0
BICO.V,D,20241107,000000,0.256554,0.259155,0.241518,0.253227,7859546.788632476,0
BICO.V,D,20241108,000000,0.252924,0.260756,0.240733,0.253164,9327312.755879192,0
BICO.V,D,20241109,000000,0.253164,0.265406,0.245127,0.257977,7076444.609645437,0
BICO.V,D,20241110,000000,0.258275,0.287715,0.253584,0.26755,13511381.194674285,0
BICO.V,D,20241111,000000,0.26725,0.281583,0.255684,0.26981,5894469.041150115,0
BICO.V,D,20241112,000000,0.269805,0.284378,0.243412,0.264972,8183691.111885049,0
BICO.V,D,20241113,000000,0.264372,0.264372,0.23562,0.250175,6454558.9701041,0
BICO.V,D,20241114,000000,0.250175,0.294329,0.248283,0.289335,19083422.056301907,0
BICO.V,D,20241115,000000,0.290632,0.291135,0.259446,0.274982,8047058.080835195,0
BICO.V,D,20241116,000000,0.27498,0.300047,0.272676,0.294703,6436382.909596394,0
BICO.V,D,20241117,000000,0.294503,0.296761,0.267997,0.270511,6920999.554967252,0
BICO.V,D,20241118,000000,0.270011,0.311106,0.269311,0.295866,6952898.725093669,0
BICO.V,D,20241119,000000,0.296567,0.298252,0.272784,0.276548,3849365.238144789,0
BICO.V,D,20241120,000000,0.275847,0.284599,0.261143,0.269186,3216125.757311321,0
BICO.V,D,20241121,000000,0.268785,0.297204,0.254619,0.290476,3947997.1562685873,0
BICO.V,D,20241122,000000,0.289872,0.289872,0.268734,0.281893,3041164.3915389096,0
BICO.V,D,20241123,000000,0.281292,0.314659,0.281292,0.310135,5172537.254536525,0
BICO.V,D,20241124,000000,0.309934,0.338172,0.297321,0.337737,6011879.477761394,0
BICO.V,D,20241125,000000,0.337537,0.389424,0.324253,0.352512,43551234.178231925,0
BICO.V,D,20241126,000000,0.351919,0.352826,0.320594,0.342673,6318409.463457304,0
BICO.V,D,20241127,000000,0.342773,0.390068,0.335359,0.376176,11012800.089520117,0
BICO.V,D,20241128,000000,0.375575,0.414521,0.364677,0.414521,16387625.828106813,0
BICO.V,D,20241129,000000,0.414117,0.439435,0.385943,0.394284,18017220.774478678,0
BICO.V,D,20241130,000000,0.394087,0.410672,0.386847,0.398259,6158339.7019985225,0
BICO.V,D,20241201,000000,0.397759,0.417955,0.386832,0.397206,5308511.693352993,0
BICO.V,D,20241202,000000,0.396506,0.403883,0.3653,0.385435,5807523.662324573,0
BICO.V,D,20241203,000000,0.385435,0.45686,0.375889,0.446595,15851535.591624863,0
BICO.V,D,20241204,000000,0.44679,0.467253,0.421391,0.461422,9941697.067595348,0
BICO.V,D,20241205,000000,0.461622,0.463958,0.411181,0.430894,6787989.248776486,0
BICO.V,D,20241206,000000,0.430743,0.456046,0.422293,0.446133,4385536.723347419,0
BICO.V,D,20241207,000000,0.445632,0.459201,0.436606,0.44271,3830441.478308906,0
BICO.V,D,20241208,000000,0.441609,0.447149,0.416908,0.441347,3025034.3540345663,0
BICO.V,D,20241209,000000,0.441147,0.441543,0.319955,0.356903,7924325.888817621,0
BICO.V,D,20241210,000000,0.356607,0.399744,0.318441,0.352573,8210991.08352086,0
BICO.V,D,20241211,000000,0.352172,0.397098,0.337993,0.394797,5406531.269594874,0
BICO.V,D,20241212,000000,0.394893,0.409331,0.382519,0.392086,4285780.443647973,0
BICO.V,D,20241213,000000,0.392267,0.396059,0.374715,0.381072,2218050.46462531,0
BICO.V,D,20241214,000000,0.380372,0.39682,0.356364,0.362964,2827589.1761982916,0
BICO.V,D,20241215,000000,0.363067,0.394326,0.353029,0.37521,4254189.263182128,0
BICO.V,D,20241216,000000,0.375832,0.397809,0.358228,0.383707,3200013.9968421278,0
BICO.V,D,20241217,000000,0.383307,0.387015,0.338983,0.341166,4612942.35075679,0
BICO.V,D,20241218,000000,0.337966,0.345531,0.304454,0.314471,3552080.5163825434,0
BICO.V,D,20241219,000000,0.313375,0.318125,0.2722,0.286439,3570744.5177530814,0
BICO.V,D,20241220,000000,0.284843,0.294899,0.244698,0.293004,3996373.2618404482,0
BICO.V,D,20241221,000000,0.293706,0.311735,0.273369,0.274935,2417740.724298451,0
BICO.V,D,20241222,000000,0.275235,0.286202,0.264754,0.273574,1484811.571929503,0
BICO.V,D,20241223,000000,0.273474,0.302772,0.265974,0.300403,1853323.9080217048,0
BICO.V,D,20241224,000000,0.301296,0.32937,0.288578,0.319057,4323396.593060445,0
BICO.V,D,20241225,000000,0.318654,0.319754,0.303369,0.305828,1569266.9782125358,0
BICO.V,D,20241226,000000,0.306027,0.313658,0.281002,0.285694,1899165.9155433832,0
BICO.V,D,20241227,000000,0.285483,0.304119,0.282053,0.291374,2208697.680354964,0
BICO.V,D,20241228,000000,0.290875,0.324299,0.288986,0.32399,7586711.479366262,0
BICO.V,D,20241229,000000,0.32389,0.339226,0.310185,0.311788,6290323.446153055,0
BICO.V,D,20241230,000000,0.313491,0.333907,0.297309,0.31263,3907349.4234698117,0
BICO.V,D,20241231,000000,0.310933,0.316906,0.298444,0.298444,3210146.5975998864,0
BICO.V,D,20250101,000000,0.299242,0.338215,0.291234,0.335102,2576555.6601707553,0
BICO.V,D,20250102,000000,0.335298,0.346119,0.329603,0.337855,2980663.4654089985,0
BICO.V,D,20250103,000000,0.337452,0.347339,0.32943,0.344566,2413884.426186979,0
BICO.V,D,20250104,000000,0.344669,0.351128,0.336856,0.343938,2648716.4632486785,0
BICO.V,D,20250105,000000,0.343835,0.344834,0.329708,0.340315,1872464.3475775442,0
BICO.V,D,20250106,000000,0.340215,0.346703,0.331167,0.339695,1785561.7749881244,0
BICO.V,D,20250107,000000,0.339598,0.342133,0.296899,0.301058,1674973.1517855707,0
BICO.V,D,20250108,000000,0.300958,0.301643,0.264657,0.283215,1992152.9473260203,0
BICO.V,D,20250109,000000,0.283012,0.286305,0.26365,0.272586,1029113.6059906026,0
BICO.V,D,20250110,000000,0.271584,0.284343,0.267276,0.280138,1359983.271495301,0
BICO.V,D,20250111,000000,0.280741,0.28319,0.270951,0.277367,1166843.8049777353,0
BICO.V,D,20250112,000000,0.277567,0.280257,0.270784,0.272037,967070.7082340263,0
BICO.V,D,20250113,000000,0.272636,0.282467,0.245381,0.264889,2127104.9513874846,0
BICO.V,D,20250114,000000,0.264489,0.27589,0.262282,0.275587,1053046.3477966816,0
BICO.V,D,20250115,000000,0.275387,0.292891,0.266788,0.292612,1416349.1571947446,0
BICO.V,D,20250116,000000,0.293012,0.296603,0.282307,0.287334,1420111.6984686297,0
BICO.V,D,20250117,000000,0.287837,0.312819,0.286643,0.3115,1436231.1147217683,0
BICO.V,D,20250118,000000,0.3113,0.31411,0.276748,0.279645,1822109.5197979147,0
BICO.V,D,20250119,000000,0.279642,0.289981,0.251093,0.257222,3463389.9859013283,0
BICO.V,D,20250120,000000,0.259575,0.271036,0.240238,0.252481,4171605.322645989,0
BICO.V,D,20250121,000000,0.252007,0.266192,0.238326,0.261139,2451540.5988861276,0
BICO.V,D,20250122,000000,0.258965,0.265987,0.254539,0.254539,1127854.7449803075,0
BICO.V,D,20250123,000000,0.254339,0.257333,0.242191,0.252556,963460.9331560591,0
BICO.V,D,20250124,000000,0.252756,0.259303,0.243466,0.246012,971113.2671749572,0
BICO.V,D,20250125,000000,0.245515,0.251172,0.242193,0.248055,688489.0607292467,0
BICO.V,D,20250126,000000,0.248253,0.26205,0.246056,0.252662,1983830.3055789853,0
BICO.V,D,20250127,000000,0.252062,0.252062,0.221947,0.237141,1770703.7896166022,0
BICO.V,D,20250128,000000,0.236343,0.239964,0.218884,0.221956,1258786.847080611,0
BICO.V,D,20250129,000000,0.222056,0.240183,0.219781,0.234991,900053.6457556072,0
BICO.V,D,20250130,000000,0.234591,0.249395,0.230988,0.247022,1041732.0218852086,0
BICO.V,D,20250131,000000,0.247025,0.253053,0.239718,0.24213,771867.5813941808,0
BICO.V,D,20250201,000000,0.241632,0.244841,0.221847,0.222147,1367072.8916957458,0
BICO.V,D,20250202,000000,0.222244,0.225862,0.181202,0.187144,2185681.4417354395,0
BICO.V,D,20250203,000000,0.187344,0.191693,0.137559,0.18999,4889078.160896272,0
BICO.V,D,20250204,000000,0.189391,0.191191,0.164733,0.172985,1568652.9271582302,0
BICO.V,D,20250205,000000,0.173085,0.177535,0.16732,0.168012,1483393.8060324995,0
BICO.V,D,20250206,000000,0.168308,0.174214,0.157346,0.161411,1368806.423980996,0
BICO.V,D,20250207,000000,0.161011,0.169193,0.153709,0.156205,1085389.919484477,0
BICO.V,D,20250208,000000,0.156006,0.169997,0.156006,0.168013,1686838.8075387636,0
BICO.V,D,20250209,000000,0.168013,0.184837,0.163716,0.17062,2235601.376939767,0
BICO.V,D,20250210,000000,0.170419,0.180218,0.166633,0.178927,816027.2263738964,0
BICO.V,D,20250211,000000,0.178632,0.188223,0.171469,0.172574,1170423.8486061082,0
BICO.V,D,20250212,000000,0.173579,0.186596,0.1685,0.184411,1589866.610455177,0
BICO.V,D,20250213,000000,0.184513,0.186721,0.17491,0.180002,833208.2672466825,0
BICO.V,D,20250214,000000,0.179714,0.189951,0.178714,0.181631,1231477.459870625,0
BICO.V,D,20250215,000000,0.182231,0.185209,0.173717,0.174316,961570.9472968628,0
