<TICKER>,<PER>,<DATE>,<TIME>,<OPEN>,<HIGH>,<LOW>,<CLOSE>,<VOL>,<OPENINT>
BORA.V,D,20211217,000000,0.946357,1.099993,0.946357,1.088386,0,0
BORA.V,D,20211218,000000,1.05959,1.05959,1.05043,1.05043,0,0
BORA.V,D,20211219,000000,0.994002,1.018991,0.985921,0.985921,0,0
BORA.V,D,20211220,000000,0.923154,0.923154,0.923154,0.923154,0,0
BORA.V,D,20211221,000000,0.994995,1.052704,0.979459,1.052704,0,0
BORA.V,D,20211222,000000,1.029455,1.049955,1.021699,1.049955,0,0
BORA.V,D,20211223,000000,1.018359,1.130389,1.014804,1.130389,0,0
BORA.V,D,20211224,000000,1.125666,1.125666,1.089346,1.100684,0,0
BORA.V,D,20211225,000000,1.075614,1.0918,1.072525,1.0918,0,0
BORA.V,D,20211227,000000,1.05838,1.05918,1.05838,1.05918,0,0
BORA.V,D,20211228,000000,1.02329,1.02329,1.02329,1.02329,0,0
BORA.V,D,20211229,000000,0.968539,0.968539,0.930963,0.930963,0,0
BORA.V,D,20211230,000000,0.901314,0.918396,0.901314,0.918396,0,0
BORA.V,D,20211231,000000,1.01449,1.03935,0.97285,0.97285,1.425902774,0
BORA.V,D,20220101,000000,0.99246,1.00401,0.97912,0.980838,0.247271804,0
BORA.V,D,20220102,000000,0.989141,1.053114,0.986056,1.053114,0.189481218,0
BORA.V,D,20220103,000000,1.047316,1.174541,1.047316,1.104026,0.436692443,0
BORA.V,D,20220104,000000,1.224665,1.224665,1.090987,1.098647,1.4571292417,0
BORA.V,D,20220105,000000,1.10163,1.10163,0.912759,0.912759,0.7487905737,0
BORA.V,D,20220106,000000,0.96392,0.96392,0.930087,0.930087,0.030853593,0
BORA.V,D,20220107,000000,0.998707,0.998707,0.908272,0.946521,1.015992474,0
BORA.V,D,20220108,000000,0.932204,0.938835,0.932204,0.938835,0.648168081,0
BORA.V,D,20220109,000000,0.932134,0.932134,0.906328,0.906328,0.053689675,0
BORA.V,D,20220110,000000,0.923253,0.926978,0.881149,0.881149,0.758036575,0
BORA.V,D,20220111,000000,0.8592,0.8592,0.8592,0.8592,0.4056341,0
BORA.V,D,20220112,000000,0.91975,0.98097,0.913703,0.98097,0.109397081,0
BORA.V,D,20220113,000000,0.953349,0.954194,0.921202,0.921202,0.0488385247,0
BORA.V,D,20220114,000000,0.895113,0.895113,0.895113,0.895113,0.001117408,0
BORA.V,D,20220115,000000,0.961195,0.961195,0.913303,0.913303,0.0084238397,0
BORA.V,D,20220116,000000,0.907522,0.923532,0.898927,0.898927,0.006656798,0
BORA.V,D,20220117,000000,0.89247,0.89247,0.88106,0.88106,0.046336803,0
BORA.V,D,20220118,000000,0.864565,0.864565,0.864565,0.864565,0,0
BORA.V,D,20220120,000000,0.85199,0.91555,0.85199,0.871848,0.0467427616,0
BORA.V,D,20220121,000000,0.844573,0.844573,0.795808,0.795808,0.1886303195,0
BORA.V,D,20220122,000000,0.816801,0.816801,0.664309,0.71292,1.5500169761,0
BORA.V,D,20220123,000000,0.789273,0.79519,0.789273,0.79519,0.06363643,0
BORA.V,D,20220124,000000,0.71491,0.71491,0.71491,0.71491,0.02438875,0
BORA.V,D,20220125,000000,0.781131,0.859342,0.781131,0.859342,0.102666953,0
BORA.V,D,20220126,000000,0.915094,0.915094,0.888727,0.888727,0.3236862,0
BORA.V,D,20220127,000000,0.917717,0.942279,0.917717,0.930718,1.35063123,0
BORA.V,D,20220128,000000,0.928018,1.014296,0.928018,0.988778,0.24753674,0
BORA.V,D,20220129,000000,1.029466,1.049843,1.029466,1.037436,0.045906299,0
BORA.V,D,20220130,000000,1.017606,1.017606,1.017606,1.017606,0.0007359008,0
BORA.V,D,20220131,000000,0.979221,0.979221,0.979221,0.979221,0.2752498,0
BORA.V,D,20220201,000000,1.03218,1.03218,1.03218,1.03218,0.001011601,0
BORA.V,D,20220202,000000,1.057317,1.057317,1.032352,1.032352,0.014435098,0
BORA.V,D,20220203,000000,0.985733,0.985733,0.9696,0.9696,0.169078663,0
BORA.V,D,20220204,000000,1.013816,1.168316,1.013816,1.168316,0.094207391,0
BORA.V,D,20220205,000000,1.181171,1.265236,1.181171,1.26517,0.6946087372,0
BORA.V,D,20220206,000000,1.281058,1.313156,1.242224,1.244146,0.221143438,0
BORA.V,D,20220207,000000,1.294704,1.316892,1.294704,1.300398,0.064067715,0
BORA.V,D,20220208,000000,1.310251,1.492101,1.159319,1.161341,4.13151879628,0
BORA.V,D,20220209,000000,1.19976,1.20818,1.12247,1.13935,0.737369925,0
BORA.V,D,20220210,000000,1.11279,1.11279,1.08191,1.08191,0.102404329,0
BORA.V,D,20220211,000000,1.04398,1.04398,1.04398,1.04398,0.04545353,0
BORA.V,D,20220212,000000,1.03283,1.03283,0.99212,0.99212,0.030290967,0
BORA.V,D,20220213,000000,1.01316,1.01316,1.01316,1.01316,0.01574911,0
BORA.V,D,20220214,000000,0.97333,0.97333,0.93776,0.93776,0.0472653532,0
BORA.V,D,20220215,000000,0.97873,0.97873,0.97873,0.97873,0,0
BORA.V,D,20220216,000000,1.02592,1.04259,1.02592,1.04259,0.21711995,0
BORA.V,D,20220217,000000,1.08419,1.10299,1.04086,1.05154,0.376869151,0
BORA.V,D,20220218,000000,0.99022,1.01652,0.99022,1.01652,0.316042397,0
BORA.V,D,20220219,000000,0.99147,0.99147,0.97837,0.97837,0.063300696,0
BORA.V,D,20220221,000000,0.9013,0.9013,0.9013,0.9013,0.1381107,0
BORA.V,D,20220222,000000,0.87978,0.90587,0.87978,0.90587,0.158584446,0
BORA.V,D,20220223,000000,0.95636,0.95636,0.92375,0.92375,0.1003155592,0
BORA.V,D,20220224,000000,0.85108,0.85108,0.83214,0.83424,0.025703227,0
BORA.V,D,20220225,000000,0.91299,0.91299,0.91299,0.91299,0,0
BORA.V,D,20220226,000000,0.95728,0.95728,0.93544,0.95724,0.20037705,0
BORA.V,D,20220228,000000,0.920144,0.965987,0.920144,0.965987,0.15554357,0
BORA.V,D,20220301,000000,0.968288,0.977008,0.954171,0.977008,0.072106961,0
BORA.V,D,20220302,000000,0.958648,0.958648,0.958648,0.958648,0.001043135,0
BORA.V,D,20220303,000000,0.914714,0.923335,0.897841,0.923335,0.53748658,0
BORA.V,D,20220304,000000,0.871571,0.871571,0.852142,0.852142,0.18324976,0
BORA.V,D,20220305,000000,0.863405,0.863405,0.863405,0.863405,0.003396589,0
BORA.V,D,20220307,000000,0.812458,0.83838,0.812458,0.824514,0.17277145,0
BORA.V,D,20220308,000000,0.840467,0.844144,0.840467,0.844144,0.09776433,0
BORA.V,D,20220309,000000,0.878473,0.878473,0.878473,0.878473,0.06969133,0
BORA.V,D,20220310,000000,0.836154,0.842013,0.83182,0.842013,0.054089256,0
BORA.V,D,20220313,000000,0.823897,0.823897,0.823897,0.823897,0.0136411,0
BORA.V,D,20220315,000000,0.803921,0.803921,0.803921,0.803921,0.1020195,0
BORA.V,D,20220317,000000,0.831805,0.836214,0.830956,0.836214,0.0489684525,0
BORA.V,D,20220318,000000,0.815718,0.815718,0.815718,0.815718,0.1386048,0
BORA.V,D,20220319,000000,0.845977,0.850264,0.838042,0.850264,0.280086304,0
BORA.V,D,20220320,000000,0.847969,0.847969,0.847969,0.847969,0.00061383,0
BORA.V,D,20220321,000000,0.839603,0.839603,0.839603,0.839603,0.1783101,0
BORA.V,D,20220322,000000,0.832434,0.864261,0.832434,0.864261,0.2264877154,0
BORA.V,D,20220323,000000,0.92979,0.92979,0.921482,0.921482,0.14091157,0
BORA.V,D,20220324,000000,0.927718,0.927718,0.900164,0.900164,0.020775808,0
BORA.V,D,20220325,000000,0.923328,0.923328,0.910799,0.913666,0.047960494,0
BORA.V,D,20220326,000000,0.907934,0.916762,0.907934,0.916762,0.11187485,0
BORA.V,D,20220328,000000,0.938513,0.97959,0.926837,0.97959,0.0353637573,0
BORA.V,D,20220329,000000,0.956385,0.964037,0.930264,0.930264,0.0087186658,0
BORA.V,D,20220330,000000,0.942945,0.970123,0.942945,0.950748,0.207160528,0
BORA.V,D,20220331,000000,0.936198,0.936198,0.936198,0.936198,0.1166697,0
BORA.V,D,20220401,000000,0.915815,0.915815,0.915815,0.915815,0.1209944,0
BORA.V,D,20220402,000000,0.979637,0.979637,0.979637,0.979637,0.003936888,0
BORA.V,D,20220403,000000,0.94655,0.991333,0.94655,0.991333,0.001781331,0
BORA.V,D,20220404,000000,1.041728,1.041728,0.997032,1.0044,0.186160409,0
BORA.V,D,20220405,000000,1.01102,1.01102,0.994663,1.004373,0.0351789568,0
BORA.V,D,20220406,000000,0.982997,0.982997,0.892189,0.892189,0.01932861,0
BORA.V,D,20220407,000000,0.859431,0.900383,0.859431,0.900383,0.069531093,0
BORA.V,D,20220409,000000,0.865657,0.865894,0.859615,0.859615,0.3178641188,0
BORA.V,D,20220410,000000,0.865857,0.865857,0.865857,0.865857,0.002433947,0
BORA.V,D,20220411,000000,0.836823,0.836896,0.831576,0.831576,0.041497692,0
BORA.V,D,20220412,000000,0.824473,0.824473,0.798398,0.798398,0.10099153,0
BORA.V,D,20220414,000000,0.819313,0.819313,0.819313,0.819313,0.2818978,0
BORA.V,D,20220415,000000,0.813435,0.813435,0.813435,0.813435,0.01220603,0
BORA.V,D,20220416,000000,0.812256,0.833803,0.810464,0.823956,0.223427043,0
BORA.V,D,20220417,000000,0.825522,0.825522,0.825522,0.825522,0,0
BORA.V,D,20220418,000000,0.780383,0.791028,0.780383,0.791028,0.052691705,0
BORA.V,D,20220419,000000,0.794948,0.795018,0.794948,0.795018,0.10697127,0
BORA.V,D,20220420,000000,0.813257,0.826602,0.813257,0.826602,0.12503161,0
BORA.V,D,20220421,000000,0.810936,0.810936,0.810936,0.810936,0.01386342,0
BORA.V,D,20220422,000000,0.813667,0.813667,0.793326,0.793326,0.077583433,0
BORA.V,D,20220426,000000,0.73725,0.73725,0.73725,0.73725,0.03491706,0
BORA.V,D,20220427,000000,0.726478,0.726538,0.726478,0.726538,0.005468407,0
BORA.V,D,20220428,000000,0.724119,0.724119,0.724119,0.724119,0,0
BORA.V,D,20220501,000000,0.646401,0.646401,0.646401,0.646401,0.9442097,0
BORA.V,D,20220502,000000,0.63169,0.649153,0.623833,0.623833,0.162152897,0
BORA.V,D,20220504,000000,0.615285,0.615285,0.615285,0.615285,0.1069288,0
BORA.V,D,20220505,000000,0.673411,0.673411,0.673411,0.673411,0.0003624849,0
BORA.V,D,20220506,000000,0.602227,0.602227,0.565017,0.565017,0.1386002,0
BORA.V,D,20220507,000000,0.560291,0.560291,0.560291,0.560291,0.01677535,0
BORA.V,D,20220508,000000,0.517337,0.517337,0.517337,0.517337,0.003516239,0
BORA.V,D,20220509,000000,0.499354,0.499354,0.443337,0.443337,0.280024088,0
BORA.V,D,20220510,000000,0.418861,0.448848,0.414286,0.448848,0.11749229,0
BORA.V,D,20220511,000000,0.401045,0.401045,0.334066,0.350409,0.62819844,0
BORA.V,D,20220512,000000,0.252,0.292268,0.252,0.289815,0.43559901,0
BORA.V,D,20220513,000000,0.309422,0.378576,0.309422,0.34851,1.204682876,0
BORA.V,D,20220514,000000,0.414507,0.414507,0.414507,0.414507,0.01112507,0
BORA.V,D,20220515,000000,0.385976,0.385976,0.385976,0.385976,0.001290496,0
BORA.V,D,20220516,000000,0.377242,0.377242,0.376227,0.376227,0.0135067834,0
BORA.V,D,20220517,000000,0.392995,0.392995,0.392995,0.392995,0.03026548,0
BORA.V,D,20220518,000000,0.382817,0.382864,0.335146,0.335146,0.125662958,0
BORA.V,D,20220519,000000,0.353736,0.358183,0.336521,0.336521,0.155273026,0
BORA.V,D,20220521,000000,0.362893,0.4088,0.362893,0.396112,1.1406645,0
BORA.V,D,20220522,000000,0.418517,0.453675,0.418517,0.425944,7.217937016,0
BORA.V,D,20220523,000000,0.446637,0.446637,0.446637,0.446637,0.008231392,0
BORA.V,D,20220524,000000,0.391071,0.391182,0.391071,0.391182,0.004029301,0
BORA.V,D,20220525,000000,0.40443,0.40443,0.40443,0.40443,0,0
BORA.V,D,20220526,000000,0.454048,0.469853,0.417171,0.417171,0.319544285,0
BORA.V,D,20220527,000000,0.430032,0.430032,0.423692,0.423692,0.099472815,0
BORA.V,D,20220528,000000,0.420488,0.426511,0.419974,0.419974,0.0049423008,0
BORA.V,D,20220530,000000,0.434386,0.445597,0.434386,0.445597,0.008189562,0
BORA.V,D,20220531,000000,0.464448,0.464448,0.441471,0.44908,1378.92520601,0
BORA.V,D,20220601,000000,0.449216,0.451422,0.423568,0.425234,1150.5511311142,0
BORA.V,D,20220602,000000,0.424006,0.446723,0.418683,0.431661,3415.518341,0
BORA.V,D,20220603,000000,0.436457,0.436457,0.405449,0.410022,1443.1683226,0
BORA.V,D,20220604,000000,0.414233,0.415685,0.40701,0.41265,7174.77463,0
BORA.V,D,20220605,000000,0.414976,0.417268,0.406574,0.412406,2394.702988,0
BORA.V,D,20220606,000000,0.411911,0.425632,0.411911,0.420077,16084.590954624,0
BORA.V,D,20220607,000000,0.421202,0.421202,0.400689,0.413471,32215.355685328,0
BORA.V,D,20220608,000000,0.413555,0.413634,0.40048,0.404049,11080.463459493,0
BORA.V,D,20220609,000000,0.402798,0.402948,0.393008,0.393915,5779.2825246,0
BORA.V,D,20220610,000000,0.393133,0.393189,0.368217,0.37248,1881.99558189,0
BORA.V,D,20220611,000000,0.371358,0.374072,0.342392,0.34638,1266.8984163,0
BORA.V,D,20220612,000000,0.353523,0.353523,0.315978,0.334894,925.872385,0
BORA.V,D,20220613,000000,0.309713,0.309713,0.261058,0.275873,20069.23788166,0
BORA.V,D,20220614,000000,0.258073,0.268163,0.234519,0.258178,78980.502659722,0
BORA.V,D,20220615,000000,0.261094,0.300838,0.254609,0.29923,120823.13271959,0
BORA.V,D,20220616,000000,0.303644,0.305014,0.278953,0.291729,956.142674,0
BORA.V,D,20220617,000000,0.274248,0.307272,0.27285,0.289832,97030.45320386,0
BORA.V,D,20220618,000000,0.288319,0.295953,0.261496,0.268085,187791.87326447,0
BORA.V,D,20220619,000000,0.270159,0.290801,0.265878,0.286477,76686.012830475,0
BORA.V,D,20220620,000000,0.290212,0.292527,0.277077,0.286005,10556.324721368,0
BORA.V,D,20220621,000000,0.291059,0.317084,0.29104,0.317084,1258.7616173,0
BORA.V,D,20220622,000000,0.301398,0.302008,0.29019,0.290829,17607.608628,0
BORA.V,D,20220623,000000,0.290709,0.299001,0.290709,0.296553,82.523868,0
BORA.V,D,20220624,000000,0.300759,0.31356,0.300759,0.313196,14885.905145,0
BORA.V,D,20220625,000000,0.30969,0.338476,0.30969,0.338473,19190.413673975,0
BORA.V,D,20220626,000000,0.337177,0.340256,0.327347,0.327347,2322.216348653,0
BORA.V,D,20220627,000000,0.322508,0.322849,0.31802,0.32175,191.340128,0
BORA.V,D,20220628,000000,0.325644,0.325644,0.311838,0.311838,4721.995412258,0
BORA.V,D,20220629,000000,0.312109,0.312109,0.295009,0.303848,2891.78397,0
BORA.V,D,20220630,000000,0.293402,0.297684,0.272594,0.285137,3732.917304894,0
BORA.V,D,20220701,000000,0.305603,0.313483,0.294806,0.298032,4464.81875146,0
BORA.V,D,20220702,000000,0.300519,0.302507,0.294256,0.302507,319.10169973,0
BORA.V,D,20220703,000000,0.301598,0.301598,0.290223,0.295256,1600.060937,0
BORA.V,D,20220704,000000,0.295196,0.299071,0.295196,0.297772,272.456264,0
BORA.V,D,20220705,000000,0.29955,0.302367,0.287703,0.297652,165.45595165,0
BORA.V,D,20220706,000000,0.292328,0.293866,0.292328,0.293866,22.283509,0
BORA.V,D,20220707,000000,0.298811,0.302368,0.297402,0.302368,13.285218592,0
BORA.V,D,20220708,000000,0.302388,0.304057,0.29901,0.29921,238.218705,0
BORA.V,D,20220709,000000,0.305267,0.313492,0.305157,0.311943,1935.746029,0
BORA.V,D,20220710,000000,0.311312,0.311312,0.30064,0.304027,9768.706872,0
BORA.V,D,20220711,000000,0.302998,0.303388,0.289477,0.291767,4139.086745,0
BORA.V,D,20220712,000000,0.28824,0.295694,0.275674,0.281598,5259.76456308,0
BORA.V,D,20220713,000000,0.281533,0.285155,0.265594,0.28002,5877.97784561,0
BORA.V,D,20220714,000000,0.284234,0.287311,0.273401,0.286258,2906.444357,0
BORA.V,D,20220715,000000,0.286418,0.290695,0.28348,0.288296,4090.257718,0
BORA.V,D,20220716,000000,0.289043,0.294571,0.284486,0.294341,3991.643407,0
BORA.V,D,20220717,000000,0.293024,0.295609,0.288448,0.290703,5108.808268,0
BORA.V,D,20220718,000000,0.291211,0.30554,0.286283,0.301318,7413.127758,0
BORA.V,D,20220719,000000,0.301298,0.322913,0.301116,0.321401,2993.09380084,0
BORA.V,D,20220720,000000,0.32079,0.32882,0.310558,0.311647,2977.8045355312,0
BORA.V,D,20220721,000000,0.314948,0.326897,0.307149,0.320861,6179.557602,0
BORA.V,D,20220722,000000,0.32142,0.326226,0.314351,0.31499,5177.408976797,0
BORA.V,D,20220723,000000,0.315333,0.317675,0.305153,0.308522,3069.035925,0
BORA.V,D,20220724,000000,0.308889,0.314793,0.308865,0.311037,5082.0193224,0
BORA.V,D,20220725,000000,0.312639,0.312903,0.294607,0.297794,4824.750161,0
BORA.V,D,20220726,000000,0.29703,0.29738,0.285396,0.287003,6494.5406055475,0
BORA.V,D,20220727,000000,0.2888,0.303925,0.28502,0.30232,4807.936759,0
BORA.V,D,20220728,000000,0.302829,0.317813,0.30129,0.317083,5720.7621963557,0
BORA.V,D,20220729,000000,0.317439,0.323089,0.309599,0.31683,4216.723919,0
BORA.V,D,20220730,000000,0.316807,0.329465,0.315206,0.323944,2765.7410009,0
BORA.V,D,20220731,000000,0.321179,0.329192,0.315471,0.325014,3435.59215755,0
BORA.V,D,20220801,000000,0.325195,0.350545,0.319724,0.342139,13165.204561,0
BORA.V,D,20220802,000000,0.339972,0.369672,0.318949,0.33494,8384.74688,0
BORA.V,D,20220803,000000,0.337954,0.360304,0.332376,0.356359,6393.31431007,0
BORA.V,D,20220804,000000,0.3488,0.389412,0.345149,0.358151,4222.57673448,0
BORA.V,D,20220805,000000,0.359734,0.365073,0.359068,0.362112,3562.99736,0
BORA.V,D,20220806,000000,0.364109,0.368107,0.356862,0.360663,1866.789191,0
BORA.V,D,20220807,000000,0.361873,0.361873,0.353868,0.360448,2599.26455,0
BORA.V,D,20220808,000000,0.360188,0.373413,0.356143,0.366794,5085.6848333,0
BORA.V,D,20220809,000000,0.367049,0.374107,0.3505,0.353841,1229.33585941,0
BORA.V,D,20220810,000000,0.354955,0.364729,0.341803,0.364729,5228.696317,0
BORA.V,D,20220811,000000,0.366042,0.371086,0.364789,0.369503,2846.057012,0
BORA.V,D,20220812,000000,0.368934,0.368934,0.362721,0.368519,1069.017261539,0
BORA.V,D,20220813,000000,0.368027,0.373846,0.368027,0.371005,3345.0370275,0
BORA.V,D,20220814,000000,0.37073,0.377747,0.364514,0.367758,10162.915697,0
BORA.V,D,20220815,000000,0.366674,0.373415,0.355789,0.361842,8624.94335094,0
BORA.V,D,20220816,000000,0.362343,0.362468,0.35262,0.356033,5853.41753535,0
BORA.V,D,20220817,000000,0.355328,0.360727,0.342363,0.345821,4331.080366294,0
BORA.V,D,20220818,000000,0.345508,0.348381,0.344306,0.346067,2230.980984,0
BORA.V,D,20220819,000000,0.345905,0.346785,0.29573,0.30091,10832.751687,0
BORA.V,D,20220820,000000,0.298815,0.305032,0.292229,0.293185,2421.02389224,0
BORA.V,D,20220821,000000,0.29622,0.304251,0.294953,0.302964,5030.996485,0
BORA.V,D,20220822,000000,0.302258,0.302258,0.282713,0.288598,3064.615384,0
BORA.V,D,20220823,000000,0.289084,0.298142,0.287063,0.297436,2065.536339,0
BORA.V,D,20220824,000000,0.296687,0.305027,0.29238,0.300927,3977.26653523,0
BORA.V,D,20220825,000000,0.300848,0.305831,0.297607,0.303231,3340.98749826,0
BORA.V,D,20220826,000000,0.303691,0.304081,0.285324,0.28553,9126.8323391,0
BORA.V,D,20220827,000000,0.285353,0.285989,0.279332,0.28197,1245.00512083,0
BORA.V,D,20220828,000000,0.281476,0.31118,0.281476,0.297737,5201.199639,0
BORA.V,D,20220829,000000,0.297657,0.30816,0.288053,0.301105,14775.718162,0
BORA.V,D,20220830,000000,0.30076,0.30753,0.289086,0.292831,10730.845186,0
BORA.V,D,20220831,000000,0.291606,0.316566,0.291606,0.308627,4141.737286,0
BORA.V,D,20220901,000000,0.30911,0.316365,0.291981,0.301166,8126.84737646,0
BORA.V,D,20220902,000000,0.302094,0.302094,0.29216,0.294826,7581.94782236,0
BORA.V,D,20220903,000000,0.295257,0.295503,0.2842,0.2842,9175.67356636,0
BORA.V,D,20220904,000000,0.29044,0.29128,0.285229,0.28717,6644.155948,0
BORA.V,D,20220905,000000,0.28933,0.2895,0.281128,0.283838,5544.756049,0
BORA.V,D,20220906,000000,0.284598,0.289389,0.27374,0.27484,12381.264261,0
BORA.V,D,20220907,000000,0.274412,0.274412,0.259472,0.273766,21890.295971,0
BORA.V,D,20220908,000000,0.2757,0.280355,0.270076,0.28025,5403.90139144,0
BORA.V,D,20220909,000000,0.279271,0.291126,0.279051,0.287626,8722.626101,0
BORA.V,D,20220910,000000,0.288475,0.291455,0.284714,0.287795,9652.2522540402,0
BORA.V,D,20220911,000000,0.290061,0.300093,0.285799,0.291249,17823.215881,0
BORA.V,D,20220912,000000,0.29087,0.300084,0.289558,0.292369,18547.891653534,0
BORA.V,D,20220913,000000,0.294118,0.294118,0.266575,0.267748,14134.586678485,0
BORA.V,D,20220914,000000,0.266105,0.271206,0.26171,0.26611,44048.846832,0
BORA.V,D,20220915,000000,0.266148,0.272821,0.258295,0.262088,34546.864083,0
BORA.V,D,20220916,000000,0.260454,0.262654,0.256977,0.261738,30480.648758773,0
BORA.V,D,20220917,000000,0.261484,0.272063,0.260154,0.26992,29793.844369331,0
BORA.V,D,20220918,000000,0.26958,0.26958,0.253945,0.25421,18479.97174333,0
BORA.V,D,20220919,000000,0.250345,0.252295,0.23873,0.251085,9401.26264623,0
BORA.V,D,20220920,000000,0.25215,0.253395,0.242488,0.246495,5352.62271431,0
BORA.V,D,20220921,000000,0.245625,0.250025,0.237094,0.237094,20225.774073,0
BORA.V,D,20220922,000000,0.23614,0.247305,0.23561,0.246045,11669.866945,0
BORA.V,D,20220923,000000,0.24672,0.25154,0.241886,0.24667,3133.741131146,0
BORA.V,D,20220924,000000,0.247188,0.248915,0.244638,0.24654,9638.964342,0
BORA.V,D,20220925,000000,0.246645,0.25,0.242882,0.243443,20176.572729,0
BORA.V,D,20220926,000000,0.242033,0.24639,0.233543,0.2412,6373.788019,0
BORA.V,D,20220927,000000,0.24061,0.2476,0.23648,0.237516,18773.568581,0
BORA.V,D,20220928,000000,0.237666,0.23926,0.229867,0.23898,5028.577998,0
BORA.V,D,20220929,000000,0.23811,0.242016,0.23484,0.237654,7642.021655,0
BORA.V,D,20220930,000000,0.23782,0.23921,0.23499,0.236296,3677.60308,0
BORA.V,D,20221001,000000,0.23641,0.23667,0.234227,0.234243,9744.8434072,0
BORA.V,D,20221002,000000,0.234163,0.23933,0.2301,0.23217,9049.9328084,0
BORA.V,D,20221003,000000,0.23173,0.233673,0.2293,0.232977,5963.202356,0
BORA.V,D,20221004,000000,0.233733,0.238722,0.231853,0.238722,6309.64936131,0
BORA.V,D,20221005,000000,0.238148,0.238592,0.233363,0.235194,3449.19778,0
BORA.V,D,20221006,000000,0.23588,0.237481,0.234838,0.234867,3524.96309,0
BORA.V,D,20221007,000000,0.234648,0.25001,0.231092,0.234473,12679.6211184,0
BORA.V,D,20221008,000000,0.232893,0.235291,0.231875,0.234056,3655.497013,0
BORA.V,D,20221009,000000,0.2324,0.234943,0.231853,0.234717,4537.900006,0
BORA.V,D,20221010,000000,0.233583,0.234707,0.22791,0.228647,4875.394881,0
BORA.V,D,20221011,000000,0.22886,0.22886,0.214028,0.215008,6430.343999851,0
BORA.V,D,20221012,000000,0.215012,0.215715,0.21391,0.214562,6410.341791,0
BORA.V,D,20221013,000000,0.21466,0.21466,0.19041,0.207117,23098.211195799,0
BORA.V,D,20221014,000000,0.207387,0.225058,0.206672,0.211348,13036.31546603,0
BORA.V,D,20221015,000000,0.210551,0.240422,0.210551,0.225774,9421.466488806,0
BORA.V,D,20221016,000000,0.226251,0.226559,0.21678,0.218469,9041.9122833,0
BORA.V,D,20221017,000000,0.218341,0.223154,0.215939,0.219943,5481.199598,0
BORA.V,D,20221018,000000,0.220067,0.221564,0.213744,0.215551,6207.636902,0
BORA.V,D,20221019,000000,0.215189,0.217057,0.205876,0.208022,10184.593535,0
BORA.V,D,20221020,000000,0.207214,0.208004,0.20166,0.20228,7302.01562223,0
BORA.V,D,20221021,000000,0.201716,0.20239,0.194902,0.200446,4023.70732098,0
BORA.V,D,20221022,000000,0.20142,0.204948,0.20025,0.202886,4977.5816776,0
BORA.V,D,20221023,000000,0.202366,0.204342,0.200528,0.204071,9573.730377,0
BORA.V,D,20221024,000000,0.204803,0.207367,0.199904,0.20239,3731.777487,0
BORA.V,D,20221025,000000,0.20267,0.213497,0.20267,0.21335,9783.379338,0
BORA.V,D,20221026,000000,0.21301,0.216356,0.211099,0.216266,9944.3939379,0
BORA.V,D,20221027,000000,0.214724,0.217056,0.209227,0.209227,6805.573349748,0
BORA.V,D,20221028,000000,0.209116,0.217127,0.206138,0.215935,5209.699151642,0
BORA.V,D,20221029,000000,0.215844,0.217581,0.214192,0.216582,3704.36132437,0
BORA.V,D,20221030,000000,0.216168,0.220069,0.214882,0.216329,3406.187248,0
BORA.V,D,20221031,000000,0.21704,0.218704,0.212977,0.215981,7853.44058833,0
BORA.V,D,20221101,000000,0.216379,0.217539,0.21213,0.213264,2557.905773,0
BORA.V,D,20221102,000000,0.215548,0.227569,0.211337,0.211849,7296.385650655,0
BORA.V,D,20221103,000000,0.213267,0.218366,0.212581,0.215193,8827.87795,0
BORA.V,D,20221104,000000,0.214666,0.222886,0.213933,0.222886,5682.638122,0
BORA.V,D,20221105,000000,0.22245,0.228731,0.22245,0.225206,2650.512699053,0
BORA.V,D,20221106,000000,0.225921,0.231988,0.22198,0.225025,10262.125566371,0
BORA.V,D,20221107,000000,0.224018,0.22402,0.216013,0.217024,18756.459877,0
BORA.V,D,20221108,000000,0.215064,0.219066,0.178516,0.187561,26899.045142,0
BORA.V,D,20221109,000000,0.186558,0.188714,0.13336,0.136512,38543.42234498,0
BORA.V,D,20221110,000000,0.139877,0.177654,0.139863,0.16571,119414.6827321,0
BORA.V,D,20221111,000000,0.165726,0.210813,0.155077,0.165,49266.021565137,0
BORA.V,D,20221112,000000,0.165115,0.172533,0.155719,0.16071,24051.206939457,0
BORA.V,D,20221113,000000,0.16071,0.160726,0.139818,0.143827,41488.347531,0
BORA.V,D,20221114,000000,0.1428,0.14982,0.131802,0.145781,34407.30826868,0
BORA.V,D,20221115,000000,0.14678,0.150879,0.144797,0.148851,25668.99837124,0
BORA.V,D,20221116,000000,0.14882,0.163836,0.142851,0.145867,26981.467188,0
BORA.V,D,20221117,000000,0.14587,0.153877,0.142877,0.147882,29458.338816,0
BORA.V,D,20221118,000000,0.147885,0.154876,0.146832,0.148829,27544.24615108,0
BORA.V,D,20221119,000000,0.150823,0.157837,0.147821,0.157836,50520.82130378,0
BORA.V,D,20221120,000000,0.157836,0.161444,0.144971,0.146048,112739.04651415,0
BORA.V,D,20221121,000000,0.146685,0.149037,0.136593,0.144817,143664.25631,0
BORA.V,D,20221122,000000,0.14005,0.176153,0.139979,0.165078,43164.243552076,0
BORA.V,D,20221123,000000,0.166785,0.175771,0.162801,0.167817,21498.024671509,0
BORA.V,D,20221124,000000,0.167815,0.172825,0.155861,0.160865,31853.96228819,0
BORA.V,D,20221125,000000,0.160865,0.162874,0.148884,0.15791,28761.52151491,0
BORA.V,D,20221126,000000,0.15791,0.164889,0.152897,0.156904,21731.801768,0
BORA.V,D,20221127,000000,0.156909,0.162892,0.149913,0.1589,45120.3233198,0
BORA.V,D,20221128,000000,0.156937,0.164911,0.146922,0.147944,14296.34005958,0
BORA.V,D,20221129,000000,0.150111,0.159066,0.147042,0.151944,16252.7330964,0
BORA.V,D,20221130,000000,0.151951,0.156027,0.150983,0.156008,7075.147717,0
BORA.V,D,20221201,000000,0.156012,0.15702,0.154,0.154009,6252.272542,0
BORA.V,D,20221202,000000,0.154012,0.15702,0.149016,0.156009,20290.306786,0
BORA.V,D,20221203,000000,0.156009,0.164007,0.153005,0.153015,23368.207469,0
BORA.V,D,20221204,000000,0.153015,0.157047,0.152,0.156031,5606.378762,0
BORA.V,D,20221205,000000,0.155031,0.158019,0.153997,0.155005,8748.515033,0
BORA.V,D,20221206,000000,0.155003,0.157017,0.154006,0.156,12522.816017,0
BORA.V,D,20221207,000000,0.156,0.156002,0.141001,0.152997,10700.793734,0
BORA.V,D,20221208,000000,0.149004,0.154046,0.148994,0.151015,12109.837593,0
BORA.V,D,20221209,000000,0.152009,0.154002,0.151,0.151003,2691.7063945,0
BORA.V,D,20221210,000000,0.150014,0.152997,0.144941,0.150548,6047.226271,0
BORA.V,D,20221211,000000,0.149849,0.154508,0.145829,0.152015,28001.5329779,0
BORA.V,D,20221212,000000,0.149015,0.151009,0.144003,0.150015,8138.914581,0
BORA.V,D,20221213,000000,0.150013,0.151008,0.143026,0.147966,12367.2712148,0
BORA.V,D,20221214,000000,0.147969,0.149985,0.144974,0.146009,7278.391223,0
BORA.V,D,20221215,000000,0.144704,0.154205,0.135977,0.141414,9583.755524,0
BORA.V,D,20221216,000000,0.142308,0.165127,0.133843,0.134447,51588.7936615,0
BORA.V,D,20221217,000000,0.133663,0.133663,0.118383,0.123014,15331.72827564,0
BORA.V,D,20221218,000000,0.124012,0.126019,0.122005,0.124014,9667.072168,0
BORA.V,D,20221219,000000,0.120976,0.1296,0.111333,0.115002,19806.125672,0
BORA.V,D,20221220,000000,0.114999,0.119011,0.109998,0.117005,6471.908989,0
BORA.V,D,20221221,000000,0.117005,0.125999,0.116003,0.122004,14134.096764,0
BORA.V,D,20221222,000000,0.120998,0.121,0.114986,0.117981,20109.637573,0
BORA.V,D,20221223,000000,0.117981,0.121994,0.11698,0.121988,17691.73094,0
BORA.V,D,20221224,000000,0.12199,0.157987,0.11399,0.119993,130700.43911737,0
BORA.V,D,20221225,000000,0.118012,0.123994,0.113998,0.116985,20844.2395008,0
BORA.V,D,20221226,000000,0.116986,0.118988,0.111973,0.11598,34736.371498,0
BORA.V,D,20221227,000000,0.113977,0.11798,0.112953,0.11296,77679.668075,0
BORA.V,D,20221228,000000,0.112958,0.112958,0.10494,0.104942,19782.70084439,0
BORA.V,D,20221229,000000,0.106945,0.112941,0.104955,0.10795,27727.861646,0
BORA.V,D,20221230,000000,0.107949,0.10795,0.098951,0.104945,17152.824993233,0
BORA.V,D,20221231,000000,0.103948,0.107943,0.102947,0.105946,22671.301037,0
BORA.V,D,20230101,000000,0.105946,0.106945,0.102941,0.105951,20228.9971689,0
BORA.V,D,20230102,000000,0.104953,0.108967,0.103951,0.108964,22197.774823,0
BORA.V,D,20230103,000000,0.108965,0.110962,0.104956,0.108957,10787.208483,0
BORA.V,D,20230104,000000,0.109955,0.111963,0.108952,0.110964,14846.028049,0
BORA.V,D,20230105,000000,0.110968,0.111955,0.107957,0.11096,16096.43734304,0
BORA.V,D,20230106,000000,0.110957,0.110957,0.10494,0.107968,18417.487743,0
BORA.V,D,20230107,000000,0.109966,0.111968,0.108975,0.109973,13573.840842,0
BORA.V,D,20230108,000000,0.109982,0.11198,0.106982,0.110983,12494.119620906,0
BORA.V,D,20230109,000000,0.110033,0.121001,0.109069,0.118,30511.439691134,0
BORA.V,D,20230110,000000,0.118999,0.123017,0.117986,0.123016,17615.069848,0
BORA.V,D,20230111,000000,0.12409,0.135997,0.12236,0.126999,42042.233818,0
BORA.V,D,20230112,000000,0.126989,0.138985,0.125989,0.133015,44208.4472766,0
BORA.V,D,20230113,000000,0.133012,0.139019,0.127987,0.139014,28525.5435765,0
BORA.V,D,20230114,000000,0.143965,0.16703,0.14202,0.157014,34823.5245694,0
BORA.V,D,20230115,000000,0.159003,0.163028,0.151003,0.159048,10397.835116298,0
BORA.V,D,20230116,000000,0.159048,0.17705,0.155043,0.165002,29488.20023996,0
BORA.V,D,20230117,000000,0.165003,0.173002,0.15703,0.165018,19979.19624931,0
BORA.V,D,20230118,000000,0.165018,0.172019,0.152972,0.15899,22947.35503424,0
BORA.V,D,20230119,000000,0.156994,0.18298,0.152994,0.163995,37836.93959174,0
BORA.V,D,20230120,000000,0.16401,0.192996,0.164,0.180032,27086.78126071,0
BORA.V,D,20230121,000000,0.181033,0.18505,0.174035,0.17803,38603.79668182,0
BORA.V,D,20230122,000000,0.178032,0.183033,0.175033,0.176035,23246.948443,0
BORA.V,D,20230123,000000,0.176044,0.191021,0.175014,0.178028,56000.920665413,0
BORA.V,D,20230124,000000,0.178025,0.23804,0.176026,0.190027,85006.5517834,0
BORA.V,D,20230125,000000,0.189011,0.204031,0.184011,0.193031,40514.46678774,0
BORA.V,D,20230126,000000,0.193031,0.198036,0.188002,0.190017,20774.452824565,0
BORA.V,D,20230127,000000,0.190015,0.191057,0.185043,0.190076,26792.6928729,0
BORA.V,D,20230128,000000,0.190067,0.203053,0.190046,0.194037,19734.941453496,0
BORA.V,D,20230129,000000,0.194041,0.204035,0.192042,0.20001,19571.603908,0
BORA.V,D,20230130,000000,0.200006,0.205014,0.180998,0.184011,28137.80079101,0
BORA.V,D,20230131,000000,0.184013,0.189992,0.173988,0.182016,30030.383671167,0
BORA.V,D,20230201,000000,0.182013,0.192013,0.172003,0.189009,24983.51485942,0
BORA.V,D,20230202,000000,0.189009,0.196033,0.18603,0.192036,20655.26660022,0
BORA.V,D,20230203,000000,0.192038,0.195025,0.188009,0.190015,14903.23419794,0
BORA.V,D,20230204,000000,0.193017,0.217015,0.192017,0.208019,22671.311652654,0
BORA.V,D,20230205,000000,0.209019,0.210065,0.189042,0.20005,14952.27565,0
BORA.V,D,20230206,000000,0.203053,0.20701,0.195037,0.206006,11200.88015034,0
BORA.V,D,20230207,000000,0.204376,0.216702,0.202,0.213013,17941.82238034,0
BORA.V,D,20230208,000000,0.215011,0.224009,0.205012,0.211015,27471.78930859,0
BORA.V,D,20230209,000000,0.215004,0.216,0.198048,0.199018,17104.048155,0
BORA.V,D,20230210,000000,0.199024,0.199048,0.193017,0.196029,18506.505254376,0
BORA.V,D,20230211,000000,0.196031,0.19802,0.193014,0.19802,9338.960326711,0
BORA.V,D,20230212,000000,0.19703,0.205023,0.194017,0.195014,16215.2118035,0
BORA.V,D,20230213,000000,0.195035,0.195086,0.180058,0.182098,23868.840704676,0
BORA.V,D,20230214,000000,0.1821,0.187133,0.179072,0.187077,18782.621845,0
BORA.V,D,20230215,000000,0.18806,0.201032,0.186035,0.201032,32951.727057,0
BORA.V,D,20230216,000000,0.201028,0.213019,0.198022,0.198067,29203.03479144,0
BORA.V,D,20230217,000000,0.198026,0.210013,0.194014,0.204018,21074.298899,0
BORA.V,D,20230218,000000,0.20501,0.212034,0.204027,0.205039,18133.258631,0
BORA.V,D,20230219,000000,0.205031,0.211042,0.20105,0.206051,33571.04034083,0
BORA.V,D,20230220,000000,0.205049,0.212042,0.204035,0.212019,14949.52041333,0
BORA.V,D,20230221,000000,0.210019,0.225027,0.201038,0.204047,33720.915765085,0
BORA.V,D,20230222,000000,0.204037,0.21103,0.199026,0.206,25608.173749,0
BORA.V,D,20230223,000000,0.206002,0.215022,0.205008,0.210021,29937.51126107,0
BORA.V,D,20230224,000000,0.210032,0.228034,0.210017,0.217996,44640.911164,0
BORA.V,D,20230225,000000,0.218,0.411045,0.20302,0.208017,333994.46440775,0
BORA.V,D,20230226,000000,0.209013,0.213023,0.203026,0.213013,39586.562851,0
BORA.V,D,20230227,000000,0.213011,0.24902,0.211006,0.227011,65329.859971,0
BORA.V,D,20230228,000000,0.227014,0.23,0.208998,0.217048,25860.568895347,0
BORA.V,D,20230301,000000,0.216035,0.222036,0.216022,0.218028,9804.80535676,0
BORA.V,D,20230302,000000,0.218033,0.218037,0.202994,0.209015,29479.67261017,0
BORA.V,D,20230303,000000,0.209017,0.209027,0.183059,0.19201,29847.444752,0
BORA.V,D,20230304,000000,0.193015,0.19801,0.189013,0.189013,13712.848296,0
BORA.V,D,20230305,000000,0.190013,0.195023,0.188015,0.195021,13068.852445,0
BORA.V,D,20230306,000000,0.193998,0.201986,0.182015,0.190987,50156.9934673,0
BORA.V,D,20230307,000000,0.189996,0.191,0.179973,0.180991,15831.202012099,0
BORA.V,D,20230308,000000,0.180995,0.181014,0.167997,0.169993,19180.51786,0
BORA.V,D,20230309,000000,0.168976,0.176979,0.156967,0.157017,26318.266422,0
BORA.V,D,20230310,000000,0.15899,0.15899,0.147988,0.156568,33058.447333,0
BORA.V,D,20230311,000000,0.158626,0.165566,0.151791,0.15522,12271.107161,0
BORA.V,D,20230312,000000,0.155628,0.164632,0.151758,0.1645,44970.623073522,0
BORA.V,D,20230313,000000,0.164553,0.180199,0.163248,0.176792,39627.53199664,0
BORA.V,D,20230314,000000,0.176723,0.192793,0.175077,0.186763,63387.264009,0
BORA.V,D,20230315,000000,0.185675,0.186432,0.170405,0.173754,31690.489946,0
BORA.V,D,20230316,000000,0.173704,0.221442,0.168519,0.176421,45430.293222,0
BORA.V,D,20230317,000000,0.176428,0.185538,0.173398,0.185538,21597.728379,0
BORA.V,D,20230318,000000,0.184469,0.193612,0.184408,0.189609,10933.318743,0
BORA.V,D,20230319,000000,0.187561,0.197546,0.185529,0.191581,15008.014095,0
BORA.V,D,20230320,000000,0.191569,0.202747,0.187617,0.18969,25585.37024,0
BORA.V,D,20230321,000000,0.18969,0.199611,0.174644,0.1876,85910.005424,0
BORA.V,D,20230322,000000,0.195597,0.195597,0.176472,0.177485,97840.821931,0
BORA.V,D,20230323,000000,0.177485,0.197514,0.176459,0.186389,52604.794221,0
BORA.V,D,20230324,000000,0.186385,0.1864,0.175215,0.178183,18573.701562908,0
BORA.V,D,20230325,000000,0.178201,0.180194,0.176164,0.177172,15298.88824082,0
BORA.V,D,20230326,000000,0.177172,0.184178,0.176158,0.180203,19922.759733,0
BORA.V,D,20230327,000000,0.180198,0.181194,0.167099,0.170085,28595.337882342,0
BORA.V,D,20230328,000000,0.169083,0.173062,0.169,0.171067,20386.645337529,0
BORA.V,D,20230329,000000,0.172027,0.188021,0.171765,0.176856,43084.72338606,0
BORA.V,D,20230330,000000,0.177823,0.190038,0.173043,0.17805,61027.21283696,0
BORA.V,D,20230331,000000,0.178048,0.179052,0.170068,0.176012,19693.852814,0
BORA.V,D,20230401,000000,0.177667,0.199262,0.173167,0.181955,23042.26888849,0
BORA.V,D,20230402,000000,0.181594,0.182665,0.176313,0.179321,20921.48316,0
BORA.V,D,20230403,000000,0.17782,0.229854,0.174628,0.174677,50273.932868,0
BORA.V,D,20230404,000000,0.177051,0.186039,0.173031,0.183093,32176.904006,0
BORA.V,D,20230405,000000,0.182062,0.230039,0.181042,0.224081,259965.06550032,0
BORA.V,D,20230406,000000,0.230051,0.25005,0.196071,0.2051,203759.85006474,0
BORA.V,D,20230407,000000,0.205074,0.208104,0.18911,0.196145,97143.19346786,0
BORA.V,D,20230408,000000,0.196145,0.197164,0.187107,0.190714,19186.388251,0
BORA.V,D,20230409,000000,0.189104,0.19381,0.184184,0.185808,31426.086618,0
BORA.V,D,20230410,000000,0.185853,0.201679,0.184751,0.191215,30327.7387719,0
BORA.V,D,20230411,000000,0.193149,0.195113,0.184351,0.188825,11102.39999869,0
BORA.V,D,20230412,000000,0.188409,0.190775,0.181864,0.189071,39546.6126124,0
BORA.V,D,20230413,000000,0.189894,0.190015,0.187472,0.188375,30179.3052661,0
BORA.V,D,20230414,000000,0.18814,0.195925,0.183979,0.193148,9911.36629288,0
BORA.V,D,20230415,000000,0.193298,0.195467,0.187673,0.194415,9567.82067098,0
BORA.V,D,20230416,000000,0.194725,0.204265,0.192844,0.203356,14082.9844951,0
BORA.V,D,20230417,000000,0.203925,0.206313,0.185085,0.193106,59927.5731322,0
BORA.V,D,20230418,000000,0.193108,0.199119,0.192077,0.195062,24476.513827,0
BORA.V,D,20230419,000000,0.193174,0.201165,0.183066,0.184094,27112.18961982,0
BORA.V,D,20230420,000000,0.184059,0.197061,0.179068,0.184028,33106.272608123,0
BORA.V,D,20230421,000000,0.181646,0.189962,0.176154,0.180566,30356.767492408,0
BORA.V,D,20230422,000000,0.180151,0.182141,0.173842,0.180546,13863.706778,0
BORA.V,D,20230423,000000,0.181016,0.186041,0.178009,0.181009,24836.622088991,0
BORA.V,D,20230424,000000,0.181002,0.181022,0.172981,0.177005,36513.073911,0
BORA.V,D,20230425,000000,0.177004,0.179016,0.169017,0.177042,26395.836974,0
BORA.V,D,20230426,000000,0.177041,0.182998,0.173054,0.175033,37995.379646,0
BORA.V,D,20230427,000000,0.175061,0.180027,0.173047,0.175967,12192.598447621,0
BORA.V,D,20230428,000000,0.176198,0.178401,0.174294,0.175647,25227.1113866,0
BORA.V,D,20230429,000000,0.176235,0.180135,0.173277,0.176812,16904.6465784,0
BORA.V,D,20230430,000000,0.176795,0.179102,0.173104,0.176099,33794.26463313,0
BORA.V,D,20230501,000000,0.176093,0.176095,0.16899,0.169049,14043.027669746,0
BORA.V,D,20230502,000000,0.171153,0.171973,0.166025,0.169308,37312.408649078,0
BORA.V,D,20230503,000000,0.168193,0.17107,0.165045,0.166763,22958.123251,0
BORA.V,D,20230504,000000,0.16605,0.172587,0.16605,0.16752,39340.755663,0
BORA.V,D,20230505,000000,0.16721,0.171162,0.16602,0.170885,72222.58089505,0
BORA.V,D,20230506,000000,0.170877,0.174643,0.168666,0.170239,86362.963175,0
BORA.V,D,20230507,000000,0.169424,0.172926,0.168272,0.170499,6951.838272,0
BORA.V,D,20230508,000000,0.170381,0.170381,0.159623,0.160228,98956.91989791,0
BORA.V,D,20230509,000000,0.160884,0.164667,0.156867,0.158248,123710.350514,0
BORA.V,D,20230510,000000,0.159145,0.161438,0.152347,0.154284,55018.711014,0
BORA.V,D,20230511,000000,0.154024,0.164574,0.152122,0.159059,56447.430689,0
BORA.V,D,20230512,000000,0.158809,0.159579,0.148544,0.153813,76072.052596,0
BORA.V,D,20230513,000000,0.153542,0.160096,0.153542,0.156028,104619.676619,0
BORA.V,D,20230514,000000,0.156044,0.16034,0.153602,0.154407,32230.1278431,0
BORA.V,D,20230515,000000,0.155398,0.159376,0.154567,0.15781,67929.8051243,0
BORA.V,D,20230516,000000,0.157594,0.164155,0.157594,0.16047,51483.66171817,0
BORA.V,D,20230517,000000,0.160734,0.163792,0.158519,0.16031,30384.795229,0
BORA.V,D,20230518,000000,0.16032,0.169585,0.159828,0.160424,61911.202630368,0
BORA.V,D,20230519,000000,0.161084,0.164656,0.159852,0.160737,41007.481954,0
BORA.V,D,20230520,000000,0.160964,0.163514,0.160164,0.160164,14630.611022,0
BORA.V,D,20230521,000000,0.161221,0.167487,0.160406,0.161147,16696.838739,0
BORA.V,D,20230522,000000,0.161357,0.162327,0.154477,0.158985,37416.005361,0
BORA.V,D,20230523,000000,0.158246,0.162608,0.15638,0.159256,33482.767044,0
BORA.V,D,20230524,000000,0.159874,0.162002,0.151557,0.153124,47418.032127,0
BORA.V,D,20230525,000000,0.151994,0.16021,0.150982,0.154043,20359.519245,0
BORA.V,D,20230526,000000,0.154612,0.160046,0.149322,0.154817,146426.900145,0
BORA.V,D,20230527,000000,0.155468,0.160043,0.153001,0.154182,22551.053045,0
BORA.V,D,20230528,000000,0.154072,0.155985,0.152665,0.154416,27172.569854,0
BORA.V,D,20230529,000000,0.153935,0.157237,0.153935,0.155445,129925.501252,0
BORA.V,D,20230530,000000,0.155427,0.156379,0.153895,0.155711,29860.43864289,0
BORA.V,D,20230531,000000,0.155672,0.155862,0.151009,0.151009,30888.234421,0
BORA.V,D,20230601,000000,0.151253,0.152953,0.149251,0.152024,19270.188121,0
BORA.V,D,20230602,000000,0.152063,0.155378,0.151565,0.152887,22956.129832,0
BORA.V,D,20230603,000000,0.15262,0.155387,0.152386,0.15361,6115.337501,0
BORA.V,D,20230604,000000,0.15413,0.156797,0.153897,0.155901,8826.532852,0
BORA.V,D,20230605,000000,0.15632,0.156333,0.142043,0.142043,291357.80825234,0
BORA.V,D,20230606,000000,0.141042,0.149054,0.139999,0.146041,103316.529058,0
BORA.V,D,20230607,000000,0.147037,0.149039,0.140035,0.143009,16857.345894,0
BORA.V,D,20230608,000000,0.138012,0.142033,0.137999,0.141025,14037.561387,0
BORA.V,D,20230609,000000,0.141364,0.148232,0.140359,0.142213,11181.785576,0
BORA.V,D,20230610,000000,0.141154,0.143539,0.123036,0.123552,12288.136968,0
BORA.V,D,20230611,000000,0.123131,0.131132,0.122932,0.128631,8755.673374,0
BORA.V,D,20230612,000000,0.130375,0.132652,0.122048,0.124351,18314.208936727,0
BORA.V,D,20230613,000000,0.124682,0.132913,0.123722,0.128292,20111.339653,0
BORA.V,D,20230614,000000,0.128479,0.12988,0.125717,0.12597,34029.91419183,0
BORA.V,D,20230615,000000,0.125875,0.126005,0.120265,0.123125,28735.300137,0
BORA.V,D,20230616,000000,0.122707,0.127225,0.120728,0.12672,18963.14382,0
BORA.V,D,20230617,000000,0.12611,0.128175,0.124545,0.127157,12368.950775,0
BORA.V,D,20230618,000000,0.127408,0.129208,0.126353,0.127091,23500.057912,0
BORA.V,D,20230619,000000,0.126657,0.127513,0.125055,0.125531,14914.616607,0
BORA.V,D,20230620,000000,0.12555,0.129464,0.124424,0.129137,37189.229795,0
BORA.V,D,20230621,000000,0.129928,0.134474,0.126941,0.134437,26344.540896,0
BORA.V,D,20230622,000000,0.132593,0.136992,0.132351,0.135108,23862.958307,0
BORA.V,D,20230623,000000,0.134747,0.139822,0.133587,0.138951,13334.816074,0
BORA.V,D,20230624,000000,0.139122,0.14713,0.138479,0.146272,34400.097633514,0
BORA.V,D,20230625,000000,0.143079,0.14704,0.137045,0.138568,23018.758101,0
BORA.V,D,20230626,000000,0.137896,0.146037,0.13402,0.136026,36536.164822,0
BORA.V,D,20230627,000000,0.137021,0.139014,0.135804,0.136253,25320.192984577,0
BORA.V,D,20230628,000000,0.136705,0.13781,0.13258,0.132975,27696.369456,0
BORA.V,D,20230629,000000,0.133027,0.136944,0.129502,0.132645,28156.140910426,0
BORA.V,D,20230630,000000,0.134335,0.137745,0.130108,0.136114,12432.93973,0
BORA.V,D,20230701,000000,0.136292,0.142931,0.133843,0.142509,9087.786447347,0
BORA.V,D,20230702,000000,0.14277,0.14277,0.135873,0.138457,21264.63298604,0
BORA.V,D,20230703,000000,0.139046,0.14069,0.13642,0.140501,35279.196775,0
BORA.V,D,20230704,000000,0.140003,0.143217,0.138691,0.140681,39171.945376,0
BORA.V,D,20230705,000000,0.139978,0.144166,0.136116,0.138015,78566.511762441,0
BORA.V,D,20230706,000000,0.137887,0.141034,0.134061,0.136026,68783.854271,0
BORA.V,D,20230707,000000,0.136476,0.138674,0.133092,0.138674,21578.692022,0
BORA.V,D,20230708,000000,0.138762,0.138901,0.134398,0.135242,39737.745932,0
BORA.V,D,20230709,000000,0.135645,0.14535,0.134719,0.135674,135872.24737709,0
BORA.V,D,20230710,000000,0.135835,0.145013,0.133091,0.137937,92973.89131621,0
BORA.V,D,20230711,000000,0.139015,0.157056,0.137238,0.143833,119813.10378837,0
BORA.V,D,20230712,000000,0.143316,0.157008,0.142139,0.147647,59736.071250495,0
BORA.V,D,20230713,000000,0.147696,0.15029,0.144007,0.148642,34266.97272746,0
BORA.V,D,20230714,000000,0.148477,0.151734,0.144441,0.144848,17623.587553,0
BORA.V,D,20230715,000000,0.146616,0.15622,0.146616,0.152484,28125.83531014,0
BORA.V,D,20230716,000000,0.151044,0.152649,0.148925,0.150229,11596.936377,0
BORA.V,D,20230717,000000,0.150744,0.153845,0.148477,0.149015,18309.174076,0
BORA.V,D,20230718,000000,0.149328,0.15515,0.148354,0.150843,72777.141571,0
BORA.V,D,20230719,000000,0.149986,0.151586,0.149607,0.15021,15028.315632973,0
BORA.V,D,20230720,000000,0.15051,0.156067,0.149553,0.150099,34460.087513,0
BORA.V,D,20230721,000000,0.151051,0.153492,0.150699,0.151183,16880.2149318,0
BORA.V,D,20230722,000000,0.151953,0.153042,0.151058,0.151837,13537.572595,0
BORA.V,D,20230723,000000,0.152147,0.161228,0.151051,0.161228,41103.44179424,0
BORA.V,D,20230724,000000,0.159567,0.162095,0.147382,0.148855,39727.97848377,0
BORA.V,D,20230725,000000,0.148707,0.148988,0.144083,0.14775,25405.413627,0
BORA.V,D,20230726,000000,0.1478,0.147922,0.144017,0.146344,22226.311258091,0
BORA.V,D,20230727,000000,0.146126,0.149926,0.142473,0.146559,669806.22245508,0
BORA.V,D,20230728,000000,0.146759,0.149491,0.141967,0.148496,53227.997688062,0
BORA.V,D,20230729,000000,0.149096,0.153955,0.149096,0.151927,17797.494148,0
BORA.V,D,20230730,000000,0.152828,0.156468,0.14724,0.147538,47442.301202005,0
BORA.V,D,20230731,000000,0.148788,0.153218,0.146181,0.149251,16781.038460056,0
BORA.V,D,20230801,000000,0.149155,0.150392,0.143493,0.147293,47538.638888,0
BORA.V,D,20230802,000000,0.147255,0.147804,0.143431,0.143818,21942.15291,0
BORA.V,D,20230803,000000,0.142836,0.147613,0.142019,0.145886,23587.07901193,0
BORA.V,D,20230804,000000,0.144838,0.144838,0.141426,0.142687,15181.236140936,0
BORA.V,D,20230805,000000,0.142837,0.145325,0.140768,0.142769,23854.719901,0
BORA.V,D,20230806,000000,0.143164,0.143317,0.140557,0.140557,23470.10361392,0
BORA.V,D,20230807,000000,0.141145,0.142159,0.139038,0.140565,15058.496657,0
BORA.V,D,20230808,000000,0.141122,0.144278,0.140289,0.143698,25611.732197,0
BORA.V,D,20230809,000000,0.143704,0.145224,0.139845,0.142295,35289.24312,0
BORA.V,D,20230810,000000,0.142896,0.145196,0.140381,0.140381,34184.957682,0
BORA.V,D,20230811,000000,0.140601,0.142102,0.139216,0.140736,12260.597888,0
BORA.V,D,20230812,000000,0.140645,0.143901,0.13961,0.142449,29363.27149265,0
BORA.V,D,20230813,000000,0.142169,0.142649,0.139417,0.141444,18917.94393,0
BORA.V,D,20230814,000000,0.141088,0.141709,0.139597,0.141567,26284.117368,0
BORA.V,D,20230815,000000,0.141444,0.141807,0.136292,0.136292,13323.411199,0
BORA.V,D,20230816,000000,0.133685,0.138547,0.129332,0.129712,36533.598783426,0
BORA.V,D,20230817,000000,0.129708,0.133526,0.115489,0.116402,50038.162455,0
BORA.V,D,20230818,000000,0.115974,0.119994,0.115217,0.117357,30714.7427768,0
BORA.V,D,20230819,000000,0.117541,0.120723,0.116948,0.120715,28561.250862,0
BORA.V,D,20230820,000000,0.120425,0.120559,0.118707,0.120264,16066.70080042,0
BORA.V,D,20230821,000000,0.119898,0.120603,0.116745,0.117217,87089.734628045,0
BORA.V,D,20230822,000000,0.117661,0.117876,0.115402,0.115402,14541.531352,0
BORA.V,D,20230823,000000,0.116399,0.121178,0.115214,0.119179,37067.216634151,0
BORA.V,D,20230824,000000,0.119618,0.121221,0.116749,0.11694,38134.8223952,0
BORA.V,D,20230825,000000,0.117863,0.119018,0.116173,0.117505,22745.673474,0
BORA.V,D,20230826,000000,0.118089,0.118931,0.116582,0.117335,18873.085659,0
BORA.V,D,20230827,000000,0.117748,0.121942,0.115841,0.119024,32733.024634,0
BORA.V,D,20230828,000000,0.118883,0.120118,0.113295,0.116283,13840.648089,0
BORA.V,D,20230829,000000,0.11567,0.12149,0.112034,0.119834,18783.620941791,0
BORA.V,D,20230830,000000,0.119319,0.125014,0.114583,0.117918,40747.749363,0
BORA.V,D,20230831,000000,0.117582,0.117814,0.112342,0.113382,28330.435821,0
BORA.V,D,20230901,000000,0.113379,0.125072,0.110689,0.11082,66706.517624,0
BORA.V,D,20230902,000000,0.110654,0.113047,0.109681,0.110988,18309.363649,0
BORA.V,D,20230903,000000,0.112109,0.114134,0.111586,0.113986,11770.848841,0
BORA.V,D,20230904,000000,0.1131,0.119966,0.111776,0.113521,53562.427967912,0
BORA.V,D,20230905,000000,0.113391,0.113623,0.110092,0.111677,25139.5412978,0
BORA.V,D,20230906,000000,0.111744,0.114104,0.111315,0.112562,31305.345158689,0
BORA.V,D,20230907,000000,0.112627,0.119934,0.109631,0.113542,275491.270709,0
BORA.V,D,20230908,000000,0.11254,0.114964,0.111488,0.111488,114813.805213,0
BORA.V,D,20230909,000000,0.111483,0.114567,0.11076,0.111985,32105.829809,0
BORA.V,D,20230910,000000,0.112684,0.113384,0.106077,0.109759,75713.291227,0
BORA.V,D,20230911,000000,0.109661,0.111964,0.105958,0.107266,62502.572944691,0
BORA.V,D,20230912,000000,0.106162,0.109387,0.105066,0.108089,97135.574391,0
BORA.V,D,20230913,000000,0.107284,0.109988,0.106178,0.109988,7418.855583,0
BORA.V,D,20230914,000000,0.110111,0.111611,0.107586,0.110032,86061.05990245,0
BORA.V,D,20230915,000000,0.110724,0.112002,0.108512,0.110296,81264.063938694,0
BORA.V,D,20230916,000000,0.110897,0.114406,0.110107,0.11151,76856.81467443,0
BORA.V,D,20230917,000000,0.112115,0.116023,0.108016,0.109927,67748.9354313,0
BORA.V,D,20230918,000000,0.110528,0.114402,0.108523,0.112021,93371.92738117,0
BORA.V,D,20230919,000000,0.111717,0.113599,0.11051,0.111916,72899.890766965,0
BORA.V,D,20230920,000000,0.111915,0.114309,0.110201,0.113709,81701.645568,0
BORA.V,D,20230921,000000,0.113306,0.114407,0.109101,0.110896,100925.311412,0
BORA.V,D,20230922,000000,0.109997,0.112893,0.109484,0.112192,77003.88630556,0
BORA.V,D,20230923,000000,0.111992,0.113902,0.111202,0.112808,134875.32606665,0
BORA.V,D,20230924,000000,0.112808,0.116406,0.111618,0.112404,106097.0406677,0
BORA.V,D,20230925,000000,0.112204,0.112408,0.109172,0.11138,123529.8191538,0
BORA.V,D,20230926,000000,0.111393,0.112374,0.109436,0.110253,107547.315409,0
BORA.V,D,20230927,000000,0.110153,0.111608,0.108912,0.10922,131010.05427729,0
BORA.V,D,20230928,000000,0.109418,0.111689,0.108923,0.111198,72553.811409,0
BORA.V,D,20230929,000000,0.110998,0.114186,0.110579,0.111587,79228.401078,0
BORA.V,D,20230930,000000,0.111488,0.114101,0.111488,0.113723,128369.415055,0
BORA.V,D,20231001,000000,0.113322,0.114809,0.112801,0.114013,95720.8642258,0
BORA.V,D,20231002,000000,0.114113,0.118833,0.111632,0.111632,145943.79505705,0
BORA.V,D,20231003,000000,0.111734,0.115905,0.111596,0.112999,93001.788289996,0
BORA.V,D,20231004,000000,0.113009,0.114499,0.110606,0.112204,96903.530193,0
BORA.V,D,20231005,000000,0.112206,0.114025,0.110929,0.11133,87737.349625979,0
BORA.V,D,20231006,000000,0.11103,0.11413,0.11103,0.113747,77720.531744,0
BORA.V,D,20231007,000000,0.113847,0.11526,0.112865,0.114065,87087.990804709,0
BORA.V,D,20231008,000000,0.113865,0.121259,0.113565,0.118066,92235.212117,0
BORA.V,D,20231009,000000,0.117466,0.118364,0.110525,0.111621,75783.695061747,0
BORA.V,D,20231010,000000,0.111623,0.112619,0.109709,0.111012,84549.131903,0
BORA.V,D,20231011,000000,0.11131,0.111713,0.105668,0.107778,119642.66765723,0
BORA.V,D,20231012,000000,0.107269,0.10947,0.106755,0.10696,88091.839255731,0
BORA.V,D,20231013,000000,0.106959,0.10977,0.100765,0.108875,87932.17806344,0
BORA.V,D,20231014,000000,0.109985,0.111302,0.108391,0.110493,44467.849122,0
BORA.V,D,20231015,000000,0.112023,0.117819,0.109847,0.113805,60685.710007,0
BORA.V,D,20231016,000000,0.113012,0.123016,0.111512,0.117848,75050.965772073,0
BORA.V,D,20231017,000000,0.117944,0.118145,0.113268,0.118144,34709.7615142,0
BORA.V,D,20231018,000000,0.117614,0.119613,0.113656,0.113696,31438.193222,0
BORA.V,D,20231019,000000,0.113689,0.116868,0.111692,0.113455,58453.899965728,0
BORA.V,D,20231020,000000,0.11357,0.117051,0.112849,0.116049,43745.69763988,0
BORA.V,D,20231021,000000,0.116499,0.120112,0.116267,0.118599,50868.084291,0
BORA.V,D,20231022,000000,0.118288,0.119577,0.11735,0.118219,48283.035152,0
BORA.V,D,20231023,000000,0.118304,0.122831,0.118063,0.121562,60541.022764894,0
BORA.V,D,20231024,000000,0.122594,0.127854,0.117602,0.124785,88470.996705937,0
BORA.V,D,20231025,000000,0.125179,0.128844,0.12401,0.125531,54964.877165,0
BORA.V,D,20231026,000000,0.125871,0.128625,0.121114,0.121702,76422.14326514,0
BORA.V,D,20231027,000000,0.123704,0.126403,0.120049,0.121078,26407.813708,0
BORA.V,D,20231028,000000,0.122067,0.132295,0.120374,0.124101,27863.624895,0
BORA.V,D,20231029,000000,0.124231,0.130222,0.123781,0.128737,36141.053611173,0
BORA.V,D,20231030,000000,0.128644,0.140036,0.128106,0.129141,48188.539119,0
BORA.V,D,20231031,000000,0.129593,0.131102,0.121745,0.127151,60875.944149,0
BORA.V,D,20231101,000000,0.127949,0.130864,0.12579,0.130864,28930.067155,0
BORA.V,D,20231102,000000,0.129829,0.133409,0.129808,0.130987,35438.632466463,0
BORA.V,D,20231103,000000,0.131466,0.135006,0.130041,0.134841,32721.18362,0
BORA.V,D,20231104,000000,0.134006,0.137327,0.133176,0.13647,29883.865224,0
BORA.V,D,20231105,000000,0.136842,0.138076,0.135199,0.137392,39145.4176522,0
BORA.V,D,20231106,000000,0.136986,0.140328,0.136117,0.139068,64624.5833412,0
BORA.V,D,20231107,000000,0.13954,0.140653,0.136114,0.139463,54534.767391,0
BORA.V,D,20231108,000000,0.139085,0.142521,0.134547,0.140952,39273.182395,0
BORA.V,D,20231109,000000,0.140688,0.144645,0.134942,0.137399,54544.547494,0
BORA.V,D,20231110,000000,0.139044,0.147607,0.136873,0.143172,51844.10283271,0
BORA.V,D,20231111,000000,0.141877,0.146737,0.138979,0.143133,54277.614371788,0
BORA.V,D,20231112,000000,0.14404,0.147247,0.141341,0.145059,30164.94479476,0
BORA.V,D,20231113,000000,0.146128,0.14867,0.144477,0.145418,64885.3926505,0
BORA.V,D,20231114,000000,0.146175,0.148288,0.13961,0.142018,120616.48767697,0
BORA.V,D,20231115,000000,0.142123,0.146467,0.139417,0.146464,32013.181242,0
BORA.V,D,20231116,000000,0.147268,0.147645,0.141323,0.14174,33634.878643029,0
BORA.V,D,20231117,000000,0.141437,0.147914,0.14031,0.142366,26275.164777923,0
BORA.V,D,20231118,000000,0.142008,0.149464,0.139656,0.142271,25209.573721299,0
BORA.V,D,20231119,000000,0.144081,0.144081,0.137927,0.140855,24140.463482,0
BORA.V,D,20231120,000000,0.141151,0.143596,0.140427,0.141899,27978.981166617,0
BORA.V,D,20231121,000000,0.141445,0.141758,0.131221,0.131221,52965.93237614,0
BORA.V,D,20231122,000000,0.129674,0.135802,0.12788,0.135623,19577.337373627,0
BORA.V,D,20231123,000000,0.135531,0.14357,0.135299,0.137961,55029.835901,0
BORA.V,D,20231124,000000,0.137901,0.142182,0.137439,0.139063,22817.201122,0
BORA.V,D,20231125,000000,0.140126,0.141907,0.138544,0.140943,21956.915939,0
BORA.V,D,20231126,000000,0.141043,0.141631,0.136942,0.137252,25339.78902584,0
BORA.V,D,20231127,000000,0.138251,0.143892,0.137425,0.140323,29333.733063,0
BORA.V,D,20231128,000000,0.140447,0.1437,0.136971,0.142072,24513.675779,0
BORA.V,D,20231129,000000,0.142301,0.143043,0.139748,0.141398,17901.857515416,0
BORA.V,D,20231130,000000,0.1413,0.154219,0.140894,0.143213,45441.65030999995,0
BORA.V,D,20231201,000000,0.142018,0.145457,0.138036,0.142557,39394.557556855994,0
BORA.V,D,20231202,000000,0.143272,0.146266,0.142065,0.144366,26027.99607599999,0
BORA.V,D,20231203,000000,0.146825,0.147203,0.140432,0.142591,22880.005488767998,0
BORA.V,D,20231204,000000,0.143566,0.147083,0.141207,0.142807,47250.73009599999,0
BORA.V,D,20231205,000000,0.143499,0.144593,0.140507,0.143923,23167.70793241999,0
BORA.V,D,20231206,000000,0.143917,0.159716,0.142556,0.152017,261250.19670860056,0
BORA.V,D,20231207,000000,0.151409,0.180096,0.151409,0.168857,240068.40254420007,0
BORA.V,D,20231208,000000,0.169242,0.171543,0.162529,0.165863,38734.75320780204,0
BORA.V,D,20231209,000000,0.165653,0.181842,0.16525,0.168639,79667.00237615901,0
BORA.V,D,20231210,000000,0.167545,0.174203,0.161929,0.1659,32065.39370389999,0
BORA.V,D,20231211,000000,0.167412,0.167713,0.146963,0.150014,57823.16603305497,0
BORA.V,D,20231212,000000,0.149929,0.158327,0.14863,0.153532,46769.27639802998,0
BORA.V,D,20231213,000000,0.152725,0.165238,0.152722,0.165238,97121.97254398203,0
BORA.V,D,20231214,000000,0.164836,0.165932,0.159506,0.164228,71790.51531970601,0
BORA.V,D,20231215,000000,0.16396,0.164488,0.156581,0.157539,29227.065571000003,0
BORA.V,D,20231216,000000,0.157456,0.159886,0.156424,0.159156,60098.13778558102,0
BORA.V,D,20231217,000000,0.158973,0.16008,0.153838,0.155142,27195.627408000004,0
BORA.V,D,20231218,000000,0.155043,0.155062,0.142062,0.150753,73231.14327542906,0
BORA.V,D,20231219,000000,0.151155,0.154323,0.149112,0.150423,67845.13237799995,0
BORA.V,D,20231220,000000,0.150752,0.155714,0.146796,0.153215,45400.679259479984,0
BORA.V,D,20231221,000000,0.153013,0.156454,0.151286,0.155718,21634.65461760001,0
BORA.V,D,20231222,000000,0.15577,0.157925,0.15413,0.156676,29213.58940934199,0
BORA.V,D,20231223,000000,0.156059,0.157615,0.154218,0.156609,34855.945793050014,0
BORA.V,D,20231224,000000,0.156717,0.157913,0.152928,0.153771,32655.744723999993,0
BORA.V,D,20231225,000000,0.154119,0.159582,0.15383,0.159465,32460.36281406403,0
BORA.V,D,20231226,000000,0.159137,0.165133,0.156939,0.160184,53918.24976454497,0
BORA.V,D,20231227,000000,0.159778,0.162086,0.157097,0.161201,19743.511374915994,0
BORA.V,D,20231228,000000,0.161309,0.163571,0.157228,0.158079,56157.8119697241,0
BORA.V,D,20231229,000000,0.15807,0.159578,0.155792,0.155919,30013.333481242025,0
BORA.V,D,20231230,000000,0.156458,0.156738,0.153098,0.155275,28026.263805290015,0
BORA.V,D,20231231,000000,0.155664,0.156905,0.153517,0.154247,56170.33124189003,0
BORA.V,D,20240101,000000,0.153958,0.159355,0.153958,0.157131,143920.4233170001,0
BORA.V,D,20240102,000000,0.15753,0.164623,0.157235,0.15876,92848.33346692107,0
BORA.V,D,20240103,000000,0.159859,0.164052,0.144835,0.148553,281631.53601474204,0
BORA.V,D,20240104,000000,0.148759,0.150475,0.145133,0.146683,54326.96767814497,0
BORA.V,D,20240105,000000,0.146667,0.149478,0.142976,0.143811,77576.35339813495,0
BORA.V,D,20240106,000000,0.144014,0.145993,0.140797,0.144487,102548.53055419996,0
BORA.V,D,20240107,000000,0.145087,0.146573,0.140889,0.140889,64816.51167500003,0
BORA.V,D,20240108,000000,0.14079,0.144214,0.129374,0.143728,89962.9302271304,0
BORA.V,D,20240109,000000,0.143528,0.145318,0.133829,0.135242,69358.51496224299,0
BORA.V,D,20240110,000000,0.135643,0.142027,0.132634,0.141542,121426.18024999995,0
BORA.V,D,20240111,000000,0.14224,0.147312,0.140418,0.143106,373115.66915891,0
BORA.V,D,20240112,000000,0.144306,0.146325,0.135813,0.135813,107114.52392117999,0
BORA.V,D,20240113,000000,0.137656,0.140983,0.137159,0.140972,57967.12811100003,0
BORA.V,D,20240114,000000,0.141126,0.141617,0.138341,0.138802,67773.578566,0
BORA.V,D,20240115,000000,0.13846,0.140362,0.137289,0.139382,37034.396775999994,0
BORA.V,D,20240116,000000,0.1395,0.172028,0.137801,0.167573,898287.3152892406,0
BORA.V,D,20240117,000000,0.168468,0.185268,0.158611,0.168332,557765.007920008,0
BORA.V,D,20240118,000000,0.165834,0.176133,0.155677,0.15854,213976.3498943291,0
BORA.V,D,20240119,000000,0.158849,0.158849,0.14705,0.150851,94789.7421590001,0
BORA.V,D,20240120,000000,0.150351,0.15945,0.150253,0.153872,173985.36141415013,0
BORA.V,D,20240121,000000,0.15239,0.156589,0.14859,0.149707,52547.03527099998,0
BORA.V,D,20240122,000000,0.149737,0.14988,0.138982,0.139371,181309.4859345001,0
BORA.V,D,20240123,000000,0.139472,0.139719,0.12976,0.133961,104366.318730349,0
BORA.V,D,20240124,000000,0.133911,0.137096,0.133293,0.136664,40434.53649599997,0
BORA.V,D,20240125,000000,0.136643,0.138346,0.134451,0.136102,56269.42177498198,0
BORA.V,D,20240126,000000,0.136017,0.140438,0.135446,0.139248,62645.490108990976,0
BORA.V,D,20240127,000000,0.139663,0.143011,0.13714,0.138639,29455.362045000005,0
BORA.V,D,20240128,000000,0.138629,0.145829,0.138629,0.142431,108174.71575682305,0
BORA.V,D,20240129,000000,0.142481,0.155446,0.142073,0.1532,225342.08823916188,0
BORA.V,D,20240130,000000,0.1518,0.153506,0.148566,0.149801,115786.97985324706,0
BORA.V,D,20240131,000000,0.149084,0.153618,0.139976,0.142976,114028.741281,0
BORA.V,D,20240201,000000,0.142767,0.143024,0.137956,0.139689,71852.40491100008,0
BORA.V,D,20240202,000000,0.139629,0.141956,0.139035,0.141271,57866.036488000034,0
BORA.V,D,20240203,000000,0.140624,0.141165,0.138056,0.139443,17099.989913659992,0
BORA.V,D,20240204,000000,0.139543,0.139917,0.137019,0.137422,35041.477134,0
BORA.V,D,20240205,000000,0.137412,0.140089,0.13704,0.138751,45234.71430820009,0
BORA.V,D,20240206,000000,0.138778,0.138778,0.136082,0.136647,30753.799226810002,0
BORA.V,D,20240207,000000,0.13678,0.137197,0.132946,0.136633,43810.21460299999,0
BORA.V,D,20240208,000000,0.1373,0.138884,0.136704,0.137749,26050.76496100001,0
BORA.V,D,20240209,000000,0.137769,0.141625,0.136935,0.141503,40846.047294,0
BORA.V,D,20240210,000000,0.141606,0.146632,0.139031,0.141621,24980.86496179999,0
BORA.V,D,20240211,000000,0.14129,0.145435,0.140862,0.142261,52028.25518692802,0
BORA.V,D,20240212,000000,0.142161,0.145225,0.13973,0.144239,78310.9448882766,0
BORA.V,D,20240213,000000,0.143792,0.144664,0.138032,0.140705,51536.03482091005,0
BORA.V,D,20240214,000000,0.140525,0.1444,0.140116,0.143832,58999.1694922355,0
BORA.V,D,20240215,000000,0.143565,0.146208,0.142454,0.144365,33384.7459146785,0
BORA.V,D,20240216,000000,0.144254,0.148801,0.143913,0.145237,42901.84997399996,0
BORA.V,D,20240217,000000,0.147146,0.147423,0.142286,0.144013,34755.648911,0
BORA.V,D,20240218,000000,0.144513,0.147056,0.142704,0.146746,112119.3781,0
BORA.V,D,20240219,000000,0.146836,0.151564,0.145813,0.149774,112825.32459046198,0
BORA.V,D,20240220,000000,0.149756,0.158519,0.149756,0.155825,113321.25483371298,0
BORA.V,D,20240221,000000,0.155233,0.155433,0.145384,0.14771,53481.140493959996,0
BORA.V,D,20240222,000000,0.1486,0.150346,0.145099,0.149452,61655.03489499995,0
BORA.V,D,20240223,000000,0.149175,0.159738,0.14914,0.155486,322605.7898989997,0
BORA.V,D,20240224,000000,0.154277,0.154777,0.149979,0.15239,75397.586558969,0
BORA.V,D,20240225,000000,0.15314,0.157398,0.150991,0.153592,168212.51367357504,0
BORA.V,D,20240226,000000,0.153498,0.158,0.148176,0.156997,68802.85881463,0
BORA.V,D,20240227,000000,0.155804,0.156717,0.152361,0.155668,64055.938945999966,0
BORA.V,D,20240228,000000,0.155568,0.160937,0.153269,0.1569,73563.74626976305,0
BORA.V,D,20240229,000000,0.15791,0.178034,0.156161,0.165898,692440.2366316027,0
BORA.V,D,20240301,000000,0.166882,0.182544,0.166185,0.182544,264985.18259198003,0
BORA.V,D,20240302,000000,0.182138,0.18877,0.179118,0.187774,373491.9266248802,0
BORA.V,D,20240303,000000,0.190162,0.217515,0.183718,0.203892,603443.5717919973,0
BORA.V,D,20240304,000000,0.202095,0.209002,0.194903,0.203524,326229.450749262,0
BORA.V,D,20240305,000000,0.204034,0.208041,0.177233,0.179533,418699.90655205486,0
BORA.V,D,20240306,000000,0.181725,0.194307,0.178134,0.194307,280919.4124638936,0
BORA.V,D,20240307,000000,0.193878,0.200991,0.192594,0.200991,171102.0932102331,0
BORA.V,D,20240308,000000,0.200989,0.201001,0.191428,0.198851,235228.2542715107,0
BORA.V,D,20240309,000000,0.197221,0.206212,0.195262,0.206191,177829.20772615282,0
BORA.V,D,20240310,000000,0.204308,0.211479,0.200047,0.201047,175703.5464020001,0
BORA.V,D,20240311,000000,0.201542,0.212685,0.194913,0.212643,220501.52634799998,0
BORA.V,D,20240312,000000,0.215032,0.215032,0.200038,0.208823,136462.89300677396,0
BORA.V,D,20240313,000000,0.208919,0.236816,0.208919,0.224234,262408.986838465,0
BORA.V,D,20240314,000000,0.224212,0.240444,0.205755,0.221609,219764.91083785202,0
BORA.V,D,20240315,000000,0.222922,0.231919,0.196733,0.204814,184110.97704168403,0
BORA.V,D,20240316,000000,0.209919,0.209919,0.186142,0.186157,136403.187959,0
BORA.V,D,20240317,000000,0.184323,0.195594,0.172689,0.193799,264070.74497658404,0
BORA.V,D,20240318,000000,0.193651,0.19455,0.179712,0.183078,170443.0917586099,0
BORA.V,D,20240319,000000,0.183383,0.184382,0.1618,0.165929,58074.72777764998,0
BORA.V,D,20240320,000000,0.16177,0.17897,0.156472,0.177298,116581.233622791,0
BORA.V,D,20240321,000000,0.179814,0.185311,0.17893,0.181751,79158.81392909701,0
BORA.V,D,20240322,000000,0.180658,0.214411,0.180649,0.200044,438211.8320294109,0
BORA.V,D,20240323,000000,0.201544,0.201544,0.185339,0.191698,146624.57388950008,0
BORA.V,D,20240324,000000,0.190998,0.1911,0.181549,0.191098,110557.13810587898,0
BORA.V,D,20240325,000000,0.192988,0.197665,0.188319,0.195539,45363.44133422798,0
BORA.V,D,20240326,000000,0.196025,0.218044,0.19602,0.214204,470418.24726947566,0
BORA.V,D,20240327,000000,0.216004,0.229663,0.208756,0.212715,290274.1019523318,0
BORA.V,D,20240328,000000,0.213406,0.215173,0.202648,0.210646,262809.39419779985,0
BORA.V,D,20240329,000000,0.211202,0.226234,0.2112,0.218205,241180.10017520603,0
BORA.V,D,20240330,000000,0.218107,0.218107,0.208027,0.209496,63997.374020299976,0
BORA.V,D,20240331,000000,0.209988,0.209988,0.205129,0.208813,73605.70793600002,0
BORA.V,D,20240401,000000,0.208832,0.212117,0.1909,0.197979,109680.60663151197,0
BORA.V,D,20240402,000000,0.198223,0.19989,0.177156,0.182664,152515.77617949003,0
BORA.V,D,20240403,000000,0.182455,0.186376,0.177741,0.179161,67200.767314,0
BORA.V,D,20240404,000000,0.18035,0.19251,0.179138,0.190653,58916.54532300002,0
BORA.V,D,20240405,000000,0.18906,0.190557,0.179234,0.188075,38697.85128700002,0
BORA.V,D,20240406,000000,0.187531,0.194588,0.182962,0.191836,112555.878986,0
BORA.V,D,20240407,000000,0.191832,0.205257,0.191818,0.196916,105025.33274179998,0
BORA.V,D,20240408,000000,0.196818,0.20609,0.193715,0.203788,67222.58817258995,0
BORA.V,D,20240409,000000,0.204088,0.20619,0.193559,0.19631,39023.05166791,0
BORA.V,D,20240410,000000,0.196412,0.196569,0.189083,0.195696,12293.756528999998,0
BORA.V,D,20240411,000000,0.196196,0.198302,0.19201,0.197174,16591.13401055101,0
BORA.V,D,20240412,000000,0.198338,0.198338,0.171184,0.174081,31703.393832799993,0
BORA.V,D,20240413,000000,0.174552,0.175474,0.144032,0.144721,33953.664616534006,0
BORA.V,D,20240414,000000,0.145219,0.157889,0.142468,0.151946,50358.32295499998,0
BORA.V,D,20240415,000000,0.153741,0.162667,0.150644,0.152626,25527.715998140484,0
BORA.V,D,20240416,000000,0.15241,0.162849,0.150078,0.156231,72286.846631627,0
BORA.V,D,20240417,000000,0.156838,0.159932,0.144497,0.151683,51573.10179012002,0
BORA.V,D,20240418,000000,0.150891,0.153877,0.145528,0.153144,24065.489706656,0
BORA.V,D,20240419,000000,0.153786,0.155628,0.143611,0.154248,28691.143417727108,0
BORA.V,D,20240420,000000,0.154848,0.17315,0.152993,0.164054,57361.68340328009,0
BORA.V,D,20240421,000000,0.162785,0.17016,0.160216,0.163526,19055.296739959005,0
BORA.V,D,20240422,000000,0.162805,0.167622,0.161409,0.16725,15645.64410272,0
BORA.V,D,20240423,000000,0.167619,0.170496,0.162285,0.167793,17098.693157178008,0
BORA.V,D,20240424,000000,0.167357,0.169378,0.162066,0.162301,22228.483422667003,0
BORA.V,D,20240425,000000,0.16223,0.162617,0.156054,0.162086,38750.40030112801,0
BORA.V,D,20240426,000000,0.162466,0.162466,0.157003,0.159392,56718.863909999985,0
BORA.V,D,20240427,000000,0.159622,0.164547,0.15732,0.163416,129847.53270500002,0
BORA.V,D,20240428,000000,0.163146,0.164667,0.161538,0.16323,43589.749948000004,0
BORA.V,D,20240429,000000,0.163314,0.167877,0.153134,0.154917,137998.69005100007,0
BORA.V,D,20240430,000000,0.155628,0.163941,0.146199,0.14741,119776.75136748809,0
BORA.V,D,20240501,000000,0.148201,0.151041,0.139188,0.145082,129989.86124941999,0
BORA.V,D,20240502,000000,0.145182,0.147401,0.142446,0.147288,50884.576178,0
BORA.V,D,20240503,000000,0.146479,0.151086,0.144918,0.151086,24678.159499999987,0
BORA.V,D,20240504,000000,0.151095,0.153374,0.150423,0.153044,33581.192806782994,0
BORA.V,D,20240505,000000,0.153214,0.155586,0.1518,0.155037,31244.259035999992,0
BORA.V,D,20240506,000000,0.155067,0.15657,0.152588,0.154308,92403.20149696998,0
BORA.V,D,20240507,000000,0.154338,0.154637,0.152095,0.152095,22217.738218,0
BORA.V,D,20240508,000000,0.149909,0.151377,0.147071,0.149352,44306.493331,0
BORA.V,D,20240509,000000,0.148554,0.149231,0.145943,0.148778,98797.80112999998,0
BORA.V,D,20240510,000000,0.148979,0.15079,0.144635,0.144755,31075.518471869003,0
BORA.V,D,20240511,000000,0.144735,0.147031,0.144541,0.146158,13544.519105,0
BORA.V,D,20240512,000000,0.146269,0.146351,0.144738,0.145637,35637.959812000016,0
BORA.V,D,20240513,000000,0.145731,0.146082,0.140452,0.144809,65050.28773295501,0
BORA.V,D,20240514,000000,0.145117,0.149807,0.142753,0.145048,148938.03871922454,0
BORA.V,D,20240515,000000,0.144445,0.150689,0.141712,0.150689,75441.11867399998,0
BORA.V,D,20240516,000000,0.150378,0.151262,0.146215,0.146913,55195.660993999976,0
BORA.V,D,20240517,000000,0.148112,0.151964,0.145409,0.151351,91867.40317197204,0
BORA.V,D,20240518,000000,0.150293,0.151612,0.149679,0.150709,67453.08177699997,0
BORA.V,D,20240519,000000,0.150546,0.156028,0.146894,0.147899,171986.16889173992,0
BORA.V,D,20240520,000000,0.14829,0.156863,0.146893,0.156861,90338.84025699997,0
BORA.V,D,20240521,000000,0.155868,0.15739,0.154805,0.154816,48430.973320756966,0
BORA.V,D,20240522,000000,0.155063,0.155407,0.152306,0.152644,84635.59253800001,0
BORA.V,D,20240523,000000,0.152744,0.154594,0.146661,0.148408,64633.48552099997,0
BORA.V,D,20240524,000000,0.148955,0.150603,0.14657,0.149594,124421.12973900004,0
BORA.V,D,20240525,000000,0.148918,0.150293,0.146374,0.148169,82387.75402758807,0
BORA.V,D,20240526,000000,0.149269,0.149475,0.146422,0.147125,62335.751419999986,0
BORA.V,D,20240527,000000,0.146843,0.150843,0.1454,0.14885,222705.68999299998,0
BORA.V,D,20240528,000000,0.14885,0.149255,0.145476,0.147405,106605.79074099992,0
BORA.V,D,20240529,000000,0.14822,0.148769,0.146643,0.148085,48720.50371707,0
BORA.V,D,20240530,000000,0.148084,0.14825,0.145313,0.145829,45151.10581566998,0
BORA.V,D,20240531,000000,0.145979,0.150071,0.144984,0.145975,147719.12066600012,0
BORA.V,D,20240601,000000,0.147023,0.148948,0.145271,0.147567,102978.07024300001,0
BORA.V,D,20240602,000000,0.148368,0.152278,0.145295,0.146922,128492.91178499997,0
BORA.V,D,20240603,000000,0.147019,0.150483,0.143164,0.144678,137181.98809199987,0
BORA.V,D,20240604,000000,0.144076,0.144076,0.135959,0.140999,95860.434439363,0
BORA.V,D,20240605,000000,0.141,0.141103,0.138508,0.141014,105586.49497411595,0
BORA.V,D,20240606,000000,0.140313,0.141101,0.137477,0.138056,133494.66958228208,0
BORA.V,D,20240607,000000,0.139557,0.155708,0.136958,0.140795,659973.8654258149,0
BORA.V,D,20240608,000000,0.141746,0.145336,0.136984,0.138183,208603.63806713495,0
BORA.V,D,20240609,000000,0.138285,0.138982,0.134189,0.13619,155653.24763199998,0
BORA.V,D,20240610,000000,0.13615,0.140282,0.132964,0.135561,244403.826186495,0
BORA.V,D,20240611,000000,0.135039,0.135139,0.126338,0.128071,88009.93568200004,0
BORA.V,D,20240612,000000,0.127333,0.132631,0.126005,0.130117,73340.41705299997,0
BORA.V,D,20240613,000000,0.130106,0.131368,0.124058,0.12521,103376.42363616801,0
BORA.V,D,20240614,000000,0.12515,0.135511,0.124139,0.128807,279255.86924002203,0
BORA.V,D,20240615,000000,0.129008,0.129008,0.12073,0.123729,178112.90143799994,0
BORA.V,D,20240616,000000,0.123431,0.12423,0.119491,0.120004,73245.54153525799,0
BORA.V,D,20240617,000000,0.120688,0.121818,0.103317,0.105851,219972.20183800004,0
BORA.V,D,20240618,000000,0.106251,0.106854,0.0967923,0.100351,117761.22044588004,0
BORA.V,D,20240619,000000,0.101048,0.11366,0.100048,0.104458,423589.1809138798,0
BORA.V,D,20240620,000000,0.104559,0.107057,0.10301,0.103626,85461.587662,0
BORA.V,D,20240621,000000,0.103087,0.106937,0.101833,0.102337,70907.73727025217,0
BORA.V,D,20240622,000000,0.102366,0.10445,0.102208,0.103958,37270.95142999997,0
BORA.V,D,20240623,000000,0.103758,0.104975,0.102359,0.102359,26439.964838000004,0
BORA.V,D,20240624,000000,0.102407,0.102407,0.0960001,0.0990696,73570.00350450423,0
BORA.V,D,20240625,000000,0.0994204,0.106117,0.0994204,0.10495,65956.85072600002,0
BORA.V,D,20240626,000000,0.104924,0.110556,0.104906,0.106731,150612.865438,0
BORA.V,D,20240627,000000,0.106547,0.108145,0.103819,0.107451,57900.82122066802,0
BORA.V,D,20240628,000000,0.107599,0.107977,0.106449,0.106873,21824.637965389997,0
BORA.V,D,20240629,000000,0.106966,0.107006,0.105015,0.105457,32069.53669599999,0
BORA.V,D,20240630,000000,0.104234,0.104984,0.10278,0.104984,19486.44649000001,0
BORA.V,D,20240701,000000,0.104901,0.106523,0.103194,0.105348,47070.61477124001,0
BORA.V,D,20240702,000000,0.105306,0.105402,0.103274,0.103384,40698.531520000026,0
BORA.V,D,20240703,000000,0.103444,0.104774,0.100008,0.100068,16419.123749,0
BORA.V,D,20240704,000000,0.100029,0.100679,0.0916511,0.0952257,41237.707342999995,0
BORA.V,D,20240705,000000,0.0954755,0.0955764,0.084163,0.0898645,41002.709092899,0
BORA.V,D,20240706,000000,0.0898563,0.0947923,0.0898291,0.0946128,50205.10004800004,0
BORA.V,D,20240707,000000,0.0946119,0.0949919,0.0920743,0.0920853,28752.704833000007,0
BORA.V,D,20240708,000000,0.0917999,0.0938269,0.0895019,0.0929081,16485.7814798,0
BORA.V,D,20240709,000000,0.0929688,0.096699,0.0928361,0.0961781,68383.0068857,0
BORA.V,D,20240710,000000,0.0963981,0.098804,0.095699,0.0976832,31800.650994003998,0
BORA.V,D,20240711,000000,0.0975832,0.10002,0.0975832,0.0983171,26796.630127999997,0
BORA.V,D,20240712,000000,0.09811,0.0989647,0.096361,0.0982387,22886.008212000008,0
BORA.V,D,20240713,000000,0.0982897,0.099977,0.0977586,0.099758,46889.888708,0
BORA.V,D,20240714,000000,0.099748,0.1020265,0.0985986,0.100367,99637.211947,0
BORA.V,D,20240715,000000,0.100336,0.103461,0.100336,0.103461,63329.814841804,0
BORA.V,D,20240716,000000,0.103921,0.105836,0.101319,0.105525,55456.59947421801,0
BORA.V,D,20240717,000000,0.104528,0.106543,0.104319,0.104599,47641.11477196,0
BORA.V,D,20240718,000000,0.104598,0.105629,0.102869,0.102969,15125.278648,0
BORA.V,D,20240719,000000,0.103118,0.113015,0.103118,0.108547,128579.68488963704,0
BORA.V,D,20240720,000000,0.108446,0.112856,0.107753,0.109147,98338.40013183808,0
BORA.V,D,20240721,000000,0.109944,0.110532,0.106789,0.108951,24403.03659168809,0
BORA.V,D,20240722,000000,0.1092,0.1095,0.102884,0.106532,41892.339755,0
BORA.V,D,20240723,000000,0.104608,0.106681,0.103633,0.104353,33635.41037299999,0
BORA.V,D,20240724,000000,0.10402,0.10634,0.10402,0.105068,24777.986387999983,0
BORA.V,D,20240725,000000,0.104681,0.104942,0.100322,0.100797,17134.637246000002,0
BORA.V,D,20240726,000000,0.101375,0.105294,0.101369,0.104799,13876.253513,0
BORA.V,D,20240727,000000,0.105404,0.107611,0.105204,0.106494,34130.464327999995,0
BORA.V,D,20240728,000000,0.107191,0.107191,0.104697,0.105287,10053.797633999999,0
BORA.V,D,20240729,000000,0.106099,0.109292,0.106065,0.106092,42429.14052087501,0
BORA.V,D,20240730,000000,0.106986,0.106986,0.104368,0.104368,23438.983561,0
BORA.V,D,20240731,000000,0.104872,0.106476,0.102355,0.102355,94629.77071610802,0
BORA.V,D,20240801,000000,0.102468,0.102867,0.0972027,0.1002077,164127.57822599995,0
BORA.V,D,20240802,000000,0.1000099,0.1001098,0.0960951,0.0970921,45324.052941000016,0
BORA.V,D,20240803,000000,0.0962891,0.0982701,0.0926221,0.0926379,38517.515760999995,0
BORA.V,D,20240804,000000,0.0935466,0.0945432,0.0886211,0.0906737,36351.15325299998,0
BORA.V,D,20240805,000000,0.0906737,0.0914652,0.0717943,0.0787189,166258.82099754518,0
BORA.V,D,20240806,000000,0.0785149,0.0830224,0.0785102,0.082433,166484.61235196202,0
BORA.V,D,20240807,000000,0.0822312,0.0847254,0.0805064,0.0810984,159539.00732646,0
BORA.V,D,20240808,000000,0.0812219,0.0877498,0.0812219,0.087127,413853.10201944114,0
BORA.V,D,20240809,000000,0.0874306,0.0892169,0.0868174,0.0877272,33427.195908999995,0
BORA.V,D,20240810,000000,0.0885336,0.0893071,0.0879255,0.0886159,18888.47071,0
BORA.V,D,20240811,000000,0.0888151,0.0890151,0.0855094,0.0856086,26097.049756999997,0
BORA.V,D,20240812,000000,0.0856077,0.0881326,0.0839252,0.0866165,57124.71665478999,0
BORA.V,D,20240813,000000,0.0869087,0.0877193,0.0856248,0.0873052,12164.815452,0
BORA.V,D,20240814,000000,0.0880097,0.0883256,0.0842278,0.0852068,548770.5060069516,0
BORA.V,D,20240815,000000,0.0851162,0.0857,0.0823148,0.0825149,120160.098359,0
BORA.V,D,20240816,000000,0.0827157,0.084316,0.0823099,0.0836242,135816.955511991,0
BORA.V,D,20240817,000000,0.0835317,0.0886071,0.08352,0.0875079,66506.578684,0
BORA.V,D,20240818,000000,0.087607,0.0884071,0.0862078,0.0877167,34893.349992,0
BORA.V,D,20240819,000000,0.0874175,0.0909091,0.0861198,0.0871183,101510.87096700001,0
BORA.V,D,20240820,000000,0.0874253,0.0900459,0.0874253,0.0879,36323.78760199999,0
BORA.V,D,20240821,000000,0.0882035,0.0901045,0.0875017,0.0899072,225523.10661796507,0
BORA.V,D,20240822,000000,0.0899072,0.0934149,0.0897072,0.0901036,204971.3014289999,0
BORA.V,D,20240823,000000,0.0902081,0.0956803,0.0902072,0.0953753,130610.699749,0
BORA.V,D,20240824,000000,0.0950646,0.0958316,0.0941518,0.0952276,29469.626586000006,0
BORA.V,D,20240825,000000,0.0947284,0.0985305,0.0941329,0.0947322,92270.00591628201,0
BORA.V,D,20240826,000000,0.0945331,0.0945331,0.0910173,0.0911173,22353.0673970539,0
BORA.V,D,20240827,000000,0.0910127,0.097998,0.0880026,0.08829,302883.2159460249,0
BORA.V,D,20240828,000000,0.0869017,0.0984059,0.0863495,0.0917783,613707.7835342103,0
BORA.V,D,20240829,000000,0.0917083,0.0924083,0.0875061,0.0875061,80702.50535140699,0
BORA.V,D,20240830,000000,0.0872087,0.0872087,0.084289,0.0855889,37465.616746,0
BORA.V,D,20240831,000000,0.0857811,0.0861897,0.085074,0.085074,7109.167588,0
BORA.V,D,20240901,000000,0.0847339,0.0858828,0.0828842,0.083485,43264.133645,0
BORA.V,D,20240902,000000,0.0828092,0.0828876,0.0818902,0.0828876,41771.86971,0
BORA.V,D,20240903,000000,0.0839941,0.0839941,0.0810684,0.0810822,27346.105150000003,0
BORA.V,D,20240904,000000,0.0811781,0.0811781,0.075865,0.0803879,243944.4269591,0
BORA.V,D,20240905,000000,0.0803936,0.0803936,0.0789795,0.0789795,15186.889911999999,0
BORA.V,D,20240906,000000,0.0786901,0.0806831,0.0762596,0.0762596,57966.072877000006,0
BORA.V,D,20240907,000000,0.07695,0.078785,0.0761341,0.0783843,14058.167156099003,0
BORA.V,D,20240908,000000,0.0789834,0.0789921,0.0783929,0.0783929,1984.17443,0
BORA.V,D,20240909,000000,0.0790158,0.0818131,0.0790158,0.0818106,6026.59832,0
BORA.V,D,20240910,000000,0.0822132,0.0832,0.0812016,0.0826834,30985.620764000007,0
BORA.V,D,20240911,000000,0.0825475,0.0827074,0.0814886,0.0827074,21260.46442,0
BORA.V,D,20240912,000000,0.0824174,0.0835017,0.0824166,0.0830925,4852.217828000001,0
BORA.V,D,20240913,000000,0.0834833,0.0847941,0.0828592,0.0841285,90793.81375500001,0
BORA.V,D,20240914,000000,0.0860335,0.0860335,0.0832158,0.0834375,103778.96778300001,0
BORA.V,D,20240915,000000,0.0840151,0.0840151,0.0827808,0.0827808,19657.01634,0
BORA.V,D,20240916,000000,0.0822411,0.0831834,0.0814961,0.0814961,32766.876808,0
BORA.V,D,20240917,000000,0.0817845,0.0844076,0.0817845,0.0836092,15140.746238000002,0
BORA.V,D,20240918,000000,0.0835075,0.0835075,0.0809984,0.0826025,26921.108046,0
BORA.V,D,20240919,000000,0.083705,0.0961144,0.083705,0.0891198,812159.6532508305,0
BORA.V,D,20240920,000000,0.0896081,0.0958086,0.0887106,0.0906891,137057.96274800002,0
BORA.V,D,20240921,000000,0.0913091,0.0948085,0.0913091,0.0946095,98273.98106567399,0
BORA.V,D,20240922,000000,0.0955076,0.0955076,0.0913982,0.0921935,71292.76660700006,0
BORA.V,D,20240923,000000,0.0919708,0.0942862,0.0919708,0.0942862,41367.47729300001,0
BORA.V,D,20240924,000000,0.0933697,0.0942906,0.0918853,0.0938944,61530.81753400004,0
BORA.V,D,20240925,000000,0.0938962,0.0947924,0.0928933,0.0933723,34689.99884199998,0
BORA.V,D,20240926,000000,0.0941755,0.0960096,0.092476,0.0960096,37835.18112039001,0
BORA.V,D,20240927,000000,0.0960096,0.0985374,0.0960096,0.0983157,180280.26148434696,0
BORA.V,D,20240928,000000,0.0989178,0.099713,0.0965087,0.0972097,33507.210536000006,0
BORA.V,D,20240929,000000,0.0965119,0.0970485,0.09601,0.0970485,30738.95441191,0
BORA.V,D,20240930,000000,0.0981687,0.105811,0.0965633,0.0971589,194623.65230598496,0
BORA.V,D,20241001,000000,0.0966829,0.0981411,0.088876,0.0892777,74920.306962,0
BORA.V,D,20241002,000000,0.0888742,0.090381,0.0864884,0.0866783,48510.35190999999,0
BORA.V,D,20241003,000000,0.0864784,0.0872869,0.0842865,0.0851647,41440.729902,0
BORA.V,D,20241004,000000,0.0846956,0.087786,0.0846956,0.087786,35572.05990000001,0
BORA.V,D,20241005,000000,0.0885982,0.114893,0.0885982,0.107183,2206322.530315416,0
BORA.V,D,20241006,000000,0.106884,0.110966,0.098695,0.103483,1176481.5291685488,0
BORA.V,D,20241007,000000,0.103183,0.108276,0.0993642,0.100359,196214.39473399997,0
BORA.V,D,20241008,000000,0.0996841,0.1008707,0.0941463,0.0954293,115526.42479727401,0
BORA.V,D,20241009,000000,0.0946366,0.0959338,0.0915176,0.0917183,97715.0530253683,0
BORA.V,D,20241010,000000,0.0915149,0.0946938,0.0888754,0.0891037,152511.147462,0
BORA.V,D,20241011,000000,0.0903168,0.0954312,0.0903168,0.0940968,180858.6917160001,0
BORA.V,D,20241012,000000,0.0945464,0.0954532,0.0942793,0.0951695,77802.442903,0
BORA.V,D,20241013,000000,0.0954704,0.09987,0.0924185,0.0941614,429193.98213718005,0
BORA.V,D,20241014,000000,0.0941523,0.0967513,0.092662,0.0966745,135237.065858,0
BORA.V,D,20241015,000000,0.0966855,0.0971854,0.0926629,0.0938765,49047.85006232,0
BORA.V,D,20241016,000000,0.0939518,0.0951743,0.0933748,0.0940284,71004.143336,0
BORA.V,D,20241017,000000,0.0942811,0.0942811,0.0910672,0.0910672,59162.697238000015,0
BORA.V,D,20241018,000000,0.0921687,0.0945603,0.0921687,0.0935878,41761.14667300001,0
BORA.V,D,20241019,000000,0.0938178,0.0944802,0.0933823,0.0936784,19665.428109167995,0
BORA.V,D,20241020,000000,0.0937888,0.0946706,0.0928628,0.0946706,43637.973068,0
BORA.V,D,20241021,000000,0.0950686,0.0962432,0.0923362,0.0933589,96277.98487699998,0
BORA.V,D,20241022,000000,0.0932524,0.0955422,0.0918549,0.092835,46544.59052773799,0
BORA.V,D,20241023,000000,0.092834,0.0933384,0.0895753,0.0895753,34555.331485911,0
BORA.V,D,20241024,000000,0.089881,0.0906039,0.0888093,0.090126,38880.055819,0
BORA.V,D,20241025,000000,0.0901423,0.0901459,0.0881265,0.0893668,63876.33374483799,0
BORA.V,D,20241026,000000,0.0893389,0.0893389,0.0863478,0.0867801,22975.883381000007,0
BORA.V,D,20241027,000000,0.0870858,0.0880806,0.0869833,0.0880806,19305.604101999998,0
BORA.V,D,20241028,000000,0.0883139,0.0883139,0.0868209,0.0882417,31245.317221999994,0
BORA.V,D,20241029,000000,0.0879428,0.090163,0.0879428,0.090163,50947.629367,0
BORA.V,D,20241030,000000,0.0899848,0.0910581,0.0890768,0.0899766,281695.6303810699,0
BORA.V,D,20241031,000000,0.0899685,0.0964672,0.0893996,0.0900791,323137.9947295973,0
BORA.V,D,20241101,000000,0.0893802,0.0903096,0.0875396,0.0875396,97739.794959,0
BORA.V,D,20241102,000000,0.08813,0.0962682,0.0866584,0.0866766,308260.67286472995,0
BORA.V,D,20241103,000000,0.0881735,0.0897704,0.0832658,0.0849543,111505.15250504101,0
BORA.V,D,20241104,000000,0.085758,0.0894293,0.0822169,0.0838354,103031.126351,0
BORA.V,D,20241105,000000,0.0834499,0.0858828,0.0834499,0.0852398,40430.8994602101,0
BORA.V,D,20241106,000000,0.0865043,0.0901622,0.0865043,0.0901622,51789.432356257006,0
BORA.V,D,20241107,000000,0.0904633,0.0913113,0.0893341,0.0913113,21597.2740011,0
BORA.V,D,20241108,000000,0.0907526,0.0912593,0.0902785,0.0902812,17591.578715000003,0
BORA.V,D,20241109,000000,0.0907881,0.0916412,0.0900558,0.0914765,44042.52404899999,0
BORA.V,D,20241110,000000,0.0918266,0.1045627,0.0918266,0.098253,390919.45350428054,0
BORA.V,D,20241111,000000,0.098234,0.113702,0.098234,0.108004,1271396.139357046,0
BORA.V,D,20241112,000000,0.107616,0.108234,0.099745,0.104308,145810.30052445497,0
BORA.V,D,20241113,000000,0.103813,0.112518,0.098798,0.106506,852126.8550901775,0
BORA.V,D,20241114,000000,0.107015,0.108136,0.10022,0.103485,188401.89984505996,0
BORA.V,D,20241115,000000,0.102217,0.106632,0.099857,0.105831,104343.966018,0
BORA.V,D,20241116,000000,0.106421,0.114216,0.10583,0.114216,69730.66334674998,0
BORA.V,D,20241117,000000,0.113669,0.113669,0.107103,0.107103,46636.199083024905,0
BORA.V,D,20241118,000000,0.108504,0.115309,0.108016,0.114703,294419.84814821114,0
BORA.V,D,20241119,000000,0.11415,0.135982,0.11415,0.118245,545228.3571689595,0
BORA.V,D,20241120,000000,0.119428,0.120581,0.113224,0.115286,100120.30244700004,0
BORA.V,D,20241121,000000,0.115881,0.117606,0.0970679,0.117606,81180.26257076002,0
BORA.V,D,20241122,000000,0.118272,0.118473,0.107281,0.107281,1210.1097729580001,0
BORA.V,D,20241123,000000,0.118819,0.12123,0.104359,0.12123,8105.604146,0
BORA.V,D,20241124,000000,0.12551,0.163796,0.12551,0.147547,289172.47170902207,0
BORA.V,D,20241125,000000,0.147519,0.155155,0.138969,0.138973,73666.6056093205,0
BORA.V,D,20241126,000000,0.13965,0.144139,0.131946,0.137579,61096.762336081905,0
BORA.V,D,20241127,000000,0.142247,0.205905,0.142247,0.154327,2279786.09747313,0
BORA.V,D,20241128,000000,0.154249,0.15584,0.145752,0.148658,104795.45261557621,0
BORA.V,D,20241129,000000,0.150132,0.154629,0.148033,0.153673,56164.03869799998,0
BORA.V,D,20241130,000000,0.153393,0.157561,0.149158,0.154562,58918.57124699999,0
BORA.V,D,20241201,000000,0.152869,0.160453,0.14628,0.160453,74662.88138113804,0
BORA.V,D,20241202,000000,0.160296,0.175105,0.148442,0.169019,177765.29707495726,0
BORA.V,D,20241203,000000,0.166168,0.172119,0.147607,0.161623,335602.07382200006,0
BORA.V,D,20241204,000000,0.163216,0.176083,0.163216,0.173242,93625.67927879616,0
BORA.V,D,20241205,000000,0.17524,0.183361,0.160229,0.164745,406263.8122541808,0
BORA.V,D,20241206,000000,0.162621,0.165042,0.155576,0.164255,214189.9801735544,0
BORA.V,D,20241207,000000,0.164251,0.164453,0.160056,0.160837,101345.80472084723,0
BORA.V,D,20241208,000000,0.163229,0.180124,0.163229,0.168167,471488.39895194705,0
BORA.V,D,20241209,000000,0.168184,0.182124,0.134247,0.140585,404145.68640514615,0
BORA.V,D,20241210,000000,0.144738,0.145439,0.121541,0.13396,228430.99348982505,0
BORA.V,D,20241211,000000,0.133867,0.143997,0.124042,0.142794,171977.29288657903,0
BORA.V,D,20241212,000000,0.143705,0.148421,0.141187,0.144732,101367.47820400003,0
BORA.V,D,20241213,000000,0.14472,0.149119,0.141816,0.144871,43597.75139100001,0
BORA.V,D,20241214,000000,0.145292,0.1698,0.144713,0.149705,384972.6159285889,0
BORA.V,D,20241215,000000,0.150576,0.197937,0.149881,0.190587,1299325.9116895061,0
BORA.V,D,20241216,000000,0.190518,0.195153,0.164307,0.168622,240737.96012768516,0
BORA.V,D,20241217,000000,0.167347,0.180087,0.152095,0.152095,179871.163627598,0
BORA.V,D,20241218,000000,0.15295,0.1545,0.139545,0.139545,374264.3617854958,0
BORA.V,D,20241219,000000,0.137643,0.143197,0.130112,0.13279,168588.25379899997,0
BORA.V,D,20241220,000000,0.133385,0.134611,0.117641,0.134299,227911.75899045452,0
BORA.V,D,20241221,000000,0.134814,0.136936,0.127967,0.12882,134909.178112251,0
BORA.V,D,20241222,000000,0.128919,0.1543,0.128919,0.139011,784039.9267746499,0
BORA.V,D,20241223,000000,0.139404,0.140559,0.132007,0.139504,125825.72313988997,0
BORA.V,D,20241224,000000,0.13948,0.140396,0.134088,0.139191,126478.58646345118,0
BORA.V,D,20241225,000000,0.141004,0.141695,0.134077,0.13453,71032.766645138,0
BORA.V,D,20241226,000000,0.134105,0.134294,0.124388,0.129433,124949.83759787302,0
BORA.V,D,20241227,000000,0.128276,0.134734,0.126797,0.127886,653661.9201111237,0
BORA.V,D,20241228,000000,0.128155,0.130653,0.128155,0.130613,29111.31492999998,0
BORA.V,D,20241229,000000,0.131354,0.139443,0.127439,0.127929,262721.97300571814,0
BORA.V,D,20241230,000000,0.126751,0.131844,0.124768,0.127629,170071.64129032646,0
BORA.V,D,20241231,000000,0.127329,0.135037,0.127244,0.128488,239497.1060368175,0
BORA.V,D,20250101,000000,0.128441,0.130783,0.125499,0.129141,42289.321654,0
BORA.V,D,20250102,000000,0.129237,0.131255,0.127801,0.130727,53576.189691472,0
BORA.V,D,20250103,000000,0.131266,0.137545,0.129355,0.137545,40257.425607433004,0
BORA.V,D,20250104,000000,0.137546,0.137637,0.133585,0.134897,112276.53437529998,0
BORA.V,D,20250105,000000,0.134874,0.139558,0.134874,0.139047,100674.89392299991,0
BORA.V,D,20250106,000000,0.139152,0.151345,0.137901,0.145442,121243.64342501288,0
BORA.V,D,20250107,000000,0.145448,0.14757,0.132156,0.134081,48605.850209549986,0
BORA.V,D,20250108,000000,0.13381,0.144941,0.12897,0.135966,432340.2056550568,0
BORA.V,D,20250109,000000,0.135693,0.167569,0.134862,0.14923,498762.328742975,0
BORA.V,D,20250110,000000,0.150391,0.155181,0.136985,0.141169,233236.99265212222,0
BORA.V,D,20250111,000000,0.141979,0.148311,0.139381,0.14586,204045.32546207408,0
BORA.V,D,20250112,000000,0.14498,0.145522,0.137116,0.137116,114699.39912399993,0
BORA.V,D,20250113,000000,0.137118,0.14031,0.124347,0.133424,115542.851974036,0
BORA.V,D,20250114,000000,0.133203,0.136236,0.129625,0.136236,51397.359948113975,0
BORA.V,D,20250115,000000,0.137549,0.146827,0.132108,0.140103,147035.2766548041,0
BORA.V,D,20250116,000000,0.141401,0.142107,0.135913,0.13736,59759.840065999975,0
BORA.V,D,20250117,000000,0.136963,0.145428,0.136963,0.141148,124027.63106001598,0
BORA.V,D,20250118,000000,0.14185,0.14185,0.131225,0.133665,32827.85316199999,0
BORA.V,D,20250119,000000,0.133633,0.136159,0.1243,0.125652,140002.07922100002,0
BORA.V,D,20250120,000000,0.124477,0.131654,0.123163,0.127517,97589.762851,0
BORA.V,D,20250121,000000,0.126263,0.129952,0.124842,0.129177,44421.934931,0
BORA.V,D,20250122,000000,0.128168,0.128858,0.12366,0.12469,46375.535474000004,0
BORA.V,D,20250123,000000,0.125417,0.125417,0.118944,0.122618,79319.153021,0
BORA.V,D,20250124,000000,0.123535,0.125701,0.119576,0.123381,75619.92208899999,0
BORA.V,D,20250125,000000,0.122748,0.127944,0.1226,0.127202,60248.76098915999,0
BORA.V,D,20250126,000000,0.128277,0.129098,0.127076,0.127936,40691.60229399999,0
BORA.V,D,20250127,000000,0.12388,0.12495,0.115066,0.121197,140878.21878599995,0
BORA.V,D,20250128,000000,0.120882,0.12242,0.118481,0.11896,12717.448738000001,0
BORA.V,D,20250129,000000,0.118605,0.121418,0.116675,0.117606,21222.233917999998,0
BORA.V,D,20250130,000000,0.120158,0.123819,0.117996,0.122601,18753.365375999998,0
BORA.V,D,20250131,000000,0.122066,0.12382,0.118868,0.118868,55270.80268400001,0
BORA.V,D,20250201,000000,0.11938,0.119965,0.115493,0.115559,44553.40131640199,0
BORA.V,D,20250202,000000,0.115138,0.115138,0.097306,0.100281,57448.16349800001,0
BORA.V,D,20250203,000000,0.097373,0.103124,0.0879713,0.103124,77514.04657611011,0
BORA.V,D,20250204,000000,0.102024,0.103382,0.0949818,0.0949818,39409.790971863986,0
BORA.V,D,20250205,000000,0.0974887,0.102877,0.0974887,0.0980388,12999.995878,0
BORA.V,D,20250206,000000,0.0981579,0.099963,0.093725,0.0961719,7331.313596065604,0
BORA.V,D,20250207,000000,0.0944657,0.100723,0.0928065,0.0928065,30050.303179,0
BORA.V,D,20250208,000000,0.0933065,0.0954076,0.0932172,0.0954076,55519.657137999995,0
BORA.V,D,20250209,000000,0.0956377,0.1052137,0.0952895,0.0963796,161350.60909999994,0
BORA.V,D,20250210,000000,0.0951181,0.10011,0.0951181,0.0991139,56485.070070140006,0
BORA.V,D,20250211,000000,0.0996139,0.101375,0.0967945,0.0970935,58451.713325,0
BORA.V,D,20250212,000000,0.0987832,0.101326,0.0964471,0.101326,46554.76732099998,0
BORA.V,D,20250213,000000,0.101334,0.102317,0.0983298,0.099637,25134.1436161,0
BORA.V,D,20250214,000000,0.099688,0.101645,0.0989168,0.100644,36286.5927385,0
BORA.V,D,20250215,000000,0.100874,0.101308,0.0993199,0.0993199,30987.167842000006,0
