<TICKER>,<PER>,<DATE>,<TIME>,<OPEN>,<HIGH>,<LOW>,<CLOSE>,<VOL>,<OPENINT>
BSW.V,D,20220514,000000,0.56588,0.566835,0.56588,0.566778,2293.18638,0
BSW.V,D,20220515,000000,0.547632,0.581543,0.53525,0.580503,1636217.1046418,0
BSW.V,D,20220516,000000,0.581543,0.591789,0.536755,0.555177,1995682.6366543,0
BSW.V,D,20220517,000000,0.555677,0.633938,0.551282,0.623888,3477948.0695029,0
BSW.V,D,20220518,000000,0.624787,0.648756,0.560371,0.571656,3953947.2286383,0
BSW.V,D,20220519,000000,0.572055,0.602037,0.552281,0.586971,1520400.3921708,0
BSW.V,D,20220520,000000,0.587171,0.619704,0.564935,0.581302,1960461.9561666,0
BSW.V,D,20220521,000000,0.581901,0.60635,0.580003,0.600418,2676157.5118808,0
BSW.V,D,20220522,000000,0.600258,0.619931,0.59177,0.60737,2580984.0023083,0
BSW.V,D,20220523,000000,0.60797,0.656543,0.607809,0.624749,2851457.0675096,0
BSW.V,D,20220524,000000,0.62405,0.630506,0.585197,0.613839,2555378.3021365,0
BSW.V,D,20220525,000000,0.613939,0.637798,0.605034,0.622153,2974164.0738295,0
BSW.V,D,20220526,000000,0.622053,0.623314,0.557231,0.575324,2230809.3684401,0
BSW.V,D,20220527,000000,0.574525,0.57932,0.537961,0.555644,1775473.3013064,0
BSW.V,D,20220528,000000,0.554667,0.572353,0.545617,0.566542,1642909.3490812,0
BSW.V,D,20220529,000000,0.566425,0.569567,0.547952,0.562181,1180834.8787991,0
BSW.V,D,20220530,000000,0.562481,0.619466,0.562015,0.617805,4700343.0770287,0
BSW.V,D,20220531,000000,0.618866,0.630495,0.578495,0.602657,2262226.0729099,0
BSW.V,D,20220601,000000,0.60273,0.617343,0.56328,0.564192,22016477.433892,0
BSW.V,D,20220602,000000,0.565434,0.583974,0.564991,0.583974,14195850.353107,0
BSW.V,D,20220603,000000,0.583974,0.589816,0.55323,0.561211,1498004.1390541,0
BSW.V,D,20220604,000000,0.561411,0.583398,0.549944,0.558975,5017146.0166546,0
BSW.V,D,20220605,000000,0.558975,0.563992,0.54724,0.555883,3122509.8514116,0
BSW.V,D,20220606,000000,0.556377,0.576775,0.549532,0.554234,9658048.8842576,0
BSW.V,D,20220607,000000,0.554134,0.555838,0.505306,0.524669,7184380.9930077,0
BSW.V,D,20220608,000000,0.524875,0.531233,0.502928,0.508869,6229492.9674562,0
BSW.V,D,20220609,000000,0.509169,0.513694,0.495868,0.49928,5513118.6523679,0
BSW.V,D,20220610,000000,0.499175,0.501973,0.465824,0.471401,7484558.8422422,0
BSW.V,D,20220611,000000,0.4719,0.472979,0.416088,0.424016,3650431.1946515,0
BSW.V,D,20220612,000000,0.424116,0.427121,0.379963,0.4025,4990377.8753373,0
BSW.V,D,20220613,000000,0.401905,0.401905,0.333085,0.359906,50696489.728893,0
BSW.V,D,20220614,000000,0.360395,0.36602,0.330211,0.346683,42790885.589332,0
BSW.V,D,20220615,000000,0.346983,0.361901,0.32162,0.360259,10791155.506199,0
BSW.V,D,20220616,000000,0.360758,0.363699,0.332734,0.339558,2309836.879135,0
BSW.V,D,20220617,000000,0.33753,0.345819,0.33513,0.341889,28138145.439092,0
BSW.V,D,20220618,000000,0.341989,0.344992,0.294913,0.305904,73789380.799508,0
BSW.V,D,20220619,000000,0.306103,0.333599,0.296076,0.329604,5450861.5593317,0
BSW.V,D,20220620,000000,0.330503,0.335797,0.314222,0.319648,3124934.5347023,0
BSW.V,D,20220621,000000,0.319017,0.354716,0.31795,0.335531,3742100.05902,0
BSW.V,D,20220622,000000,0.335364,0.33936,0.315952,0.322977,9100500.7745422,0
BSW.V,D,20220623,000000,0.322577,0.341258,0.32008,0.333966,2328201.8118461,0
BSW.V,D,20220624,000000,0.334365,0.354527,0.334265,0.353524,3757827.690923,0
BSW.V,D,20220625,000000,0.354245,0.358142,0.337477,0.355651,2583463.1095901,0
BSW.V,D,20220626,000000,0.355647,0.370444,0.3501,0.357782,1723659.8680756,0
BSW.V,D,20220627,000000,0.357685,0.357685,0.333723,0.342691,1344430.563039,0
BSW.V,D,20220628,000000,0.342185,0.349881,0.331588,0.332491,1004803.6018711,0
BSW.V,D,20220629,000000,0.332384,0.332597,0.312365,0.321507,1469980.0834433,0
BSW.V,D,20220630,000000,0.320811,0.321311,0.296003,0.303635,2110776.1662606,0
BSW.V,D,20220701,000000,0.303435,0.319117,0.302936,0.30886,1292122.4408497,0
BSW.V,D,20220702,000000,0.30876,0.31612,0.302067,0.313923,1211244.3256007,0
BSW.V,D,20220703,000000,0.314322,0.320882,0.302975,0.316688,1041656.0806125,0
BSW.V,D,20220704,000000,0.316856,0.335497,0.310296,0.334099,1524699.018438,0
BSW.V,D,20220705,000000,0.334198,0.336795,0.309359,0.322844,1817473.5654294,0
BSW.V,D,20220706,000000,0.323144,0.334632,0.316851,0.333633,977150.4896721,0
BSW.V,D,20220707,000000,0.334632,0.345819,0.329537,0.335599,1482221.7876988,0
BSW.V,D,20220708,000000,0.335798,0.344093,0.322706,0.323706,1341205.5138759,0
BSW.V,D,20220709,000000,0.323806,0.337997,0.323573,0.330602,1484189.829733,0
BSW.V,D,20220710,000000,0.330701,0.332101,0.310813,0.318909,1092801.7844636,0
BSW.V,D,20220711,000000,0.318209,0.319608,0.303227,0.303427,713328.5635261,0
BSW.V,D,20220712,000000,0.303708,0.303896,0.293806,0.295504,2131366.2855509,0
BSW.V,D,20220713,000000,0.295413,0.302697,0.285115,0.296833,5395007.5310078,0
BSW.V,D,20220714,000000,0.297032,0.311082,0.294164,0.306916,1010791.5483874,0
BSW.V,D,20220715,000000,0.307116,0.315542,0.305986,0.312106,1019193.3755481,0
BSW.V,D,20220716,000000,0.311806,0.318404,0.305739,0.314537,742874.6841944,0
BSW.V,D,20220717,000000,0.313818,0.321623,0.307941,0.311016,886537.8834428,0
BSW.V,D,20220718,000000,0.311319,0.33186,0.309404,0.321226,1652601.674261,0
BSW.V,D,20220719,000000,0.322626,0.3543,0.316172,0.347456,2249660.8577583,0
BSW.V,D,20220720,000000,0.3474,0.434556,0.335197,0.376519,31615158.166279,0
BSW.V,D,20220721,000000,0.377423,0.408508,0.35,0.36318,7591508.244978,0
BSW.V,D,20220722,000000,0.362587,0.370474,0.341465,0.345152,2671331.1261287,0
BSW.V,D,20220723,000000,0.344779,0.350098,0.326639,0.332667,2200103.5628801,0
BSW.V,D,20220724,000000,0.333363,0.346869,0.333013,0.343365,1603619.0166341,0
BSW.V,D,20220725,000000,0.344069,0.344669,0.317438,0.325429,1635210.67966,0
BSW.V,D,20220726,000000,0.325429,0.325429,0.308603,0.312128,879704.51312372,0
BSW.V,D,20220727,000000,0.313644,0.336677,0.312844,0.333277,1333607.328219,0
BSW.V,D,20220728,000000,0.333783,0.352188,0.331903,0.346969,2344759.0670744,0
BSW.V,D,20220729,000000,0.34669,0.367599,0.344603,0.35034,2995052.9373168,0
BSW.V,D,20220730,000000,0.35074,0.368729,0.347915,0.347915,2157350.6541202,0
BSW.V,D,20220731,000000,0.348018,0.362973,0.341499,0.351684,2425844.0570735,0
BSW.V,D,20220801,000000,0.352185,0.360262,0.338851,0.341803,1532291.6194679,0
BSW.V,D,20220802,000000,0.342403,0.349005,0.336201,0.344462,1309799.3897853,0
BSW.V,D,20220803,000000,0.344966,0.375668,0.334787,0.36029,2076177.5661255,0
BSW.V,D,20220804,000000,0.360101,0.369259,0.349977,0.363644,1911446.9413549,0
BSW.V,D,20220805,000000,0.361911,0.379846,0.357847,0.371274,2158734.74464,0
BSW.V,D,20220806,000000,0.371574,0.37496,0.366018,0.370281,1284191.881902,0
BSW.V,D,20220807,000000,0.370582,0.371571,0.358786,0.370667,986607.69524,0
BSW.V,D,20220808,000000,0.37087,0.382803,0.369248,0.373048,1181808.3766959,0
BSW.V,D,20220809,000000,0.373041,0.375075,0.352481,0.361272,690619.79492899,0
BSW.V,D,20220810,000000,0.360972,0.371334,0.351484,0.36611,718812.575009,0
BSW.V,D,20220811,000000,0.367006,0.381075,0.365506,0.367769,1811421.9057903,0
BSW.V,D,20220812,000000,0.367484,0.371678,0.36108,0.36897,694028.3506353,0
BSW.V,D,20220813,000000,0.369366,0.378989,0.360369,0.367947,1395377.2377005,0
BSW.V,D,20220814,000000,0.368244,0.371445,0.357586,0.360712,473075.66526839,0
BSW.V,D,20220815,000000,0.360708,0.378968,0.354085,0.364084,1663044.5430855,0
BSW.V,D,20220816,000000,0.364191,0.374904,0.355782,0.366629,784211.5431912,0
BSW.V,D,20220817,000000,0.367033,0.370744,0.351525,0.352232,869471.63327401,0
BSW.V,D,20220818,000000,0.352428,0.356236,0.348165,0.34911,390789.2333533,0
BSW.V,D,20220819,000000,0.349035,0.349035,0.315132,0.316632,812430.0667359,0
BSW.V,D,20220820,000000,0.316716,0.337427,0.313084,0.323797,691917.8381033,0
BSW.V,D,20220821,000000,0.3242,0.340007,0.324194,0.33719,542949.6815379,0
BSW.V,D,20220822,000000,0.336793,0.338803,0.319549,0.321945,623510.42127354,0
BSW.V,D,20220823,000000,0.321848,0.330697,0.319597,0.32831,454784.4383953,0
BSW.V,D,20220824,000000,0.328497,0.33203,0.32279,0.326429,794667.462075,0
BSW.V,D,20220825,000000,0.326423,0.32996,0.323987,0.325613,703823.0339359,0
BSW.V,D,20220826,000000,0.325697,0.32648,0.305097,0.307028,661169.3852333,0
BSW.V,D,20220827,000000,0.307331,0.321006,0.298309,0.298609,1913231.0208406,0
BSW.V,D,20220828,000000,0.298703,0.302597,0.296182,0.300097,833319.6960022,0
BSW.V,D,20220829,000000,0.3003,0.304333,0.293612,0.301121,1454326.2293111,0
BSW.V,D,20220830,000000,0.301233,0.309219,0.290406,0.295224,779932.2075808,0
BSW.V,D,20220831,000000,0.294824,0.3017,0.2907,0.292697,686582.5250051,0
BSW.V,D,20220901,000000,0.292997,0.294679,0.285011,0.293982,605761.8436094,0
BSW.V,D,20220902,000000,0.293985,0.298036,0.2907,0.292544,538757.5345591,0
BSW.V,D,20220903,000000,0.293147,0.294029,0.290629,0.292,519931.4028209,0
BSW.V,D,20220904,000000,0.2919,0.29533,0.289829,0.2943,288420.75708065,0
BSW.V,D,20220905,000000,0.2944,0.3252,0.2891,0.308831,5513664.6190216,0
BSW.V,D,20220906,000000,0.308331,0.316932,0.2906,0.2923,758642.1410039,0
BSW.V,D,20220907,000000,0.292623,0.302003,0.284489,0.300918,570383.1811193,0
BSW.V,D,20220908,000000,0.300921,0.301533,0.294906,0.297745,556556.3639796,0
BSW.V,D,20220909,000000,0.298048,0.310502,0.297833,0.310005,852827.7552763,0
BSW.V,D,20220910,000000,0.31013,0.315123,0.306667,0.309759,909352.4051144,0
BSW.V,D,20220911,000000,0.310065,0.312387,0.303706,0.305476,1341692.5948074,0
BSW.V,D,20220912,000000,0.304876,0.345883,0.304773,0.317964,1832760.4363785,0
BSW.V,D,20220913,000000,0.317857,0.329466,0.295109,0.296106,4768505.0337209,0
BSW.V,D,20220914,000000,0.296706,0.303291,0.294824,0.299775,966890.1949625,0
BSW.V,D,20220915,000000,0.299381,0.300084,0.288839,0.295273,485217.3640901,0
BSW.V,D,20220916,000000,0.295285,0.2983,0.291971,0.2958,824116.919927,0
BSW.V,D,20220917,000000,0.29567,0.306831,0.294271,0.3016,840726.5074626,0
BSW.V,D,20220918,000000,0.30173,0.3027,0.2867,0.2873,353100.3846238,0
BSW.V,D,20220919,000000,0.287171,0.292929,0.2799,0.291658,577804.2267032,0
BSW.V,D,20220920,000000,0.291729,0.292558,0.287029,0.287329,597270.5258769,0
BSW.V,D,20220921,000000,0.2881,0.289529,0.2752,0.2776,5554446.0882952,0
BSW.V,D,20220922,000000,0.2777,0.2856,0.2757,0.284672,5372490.9902895,0
BSW.V,D,20220923,000000,0.285,0.288671,0.280072,0.287771,1441946.0729285,0
BSW.V,D,20220924,000000,0.287877,0.2904,0.280322,0.280322,782621.9100649,0
BSW.V,D,20220925,000000,0.2801,0.282511,0.275892,0.276097,356015.7375526,0
BSW.V,D,20220926,000000,0.275803,0.2788,0.2726,0.2776,470444.152755,0
BSW.V,D,20220927,000000,0.2775,0.2833,0.2683,0.271573,1010121.4385256,0
BSW.V,D,20220928,000000,0.272073,0.2725,0.262574,0.2707,511110.4180536,0
BSW.V,D,20220929,000000,0.2714,0.2723,0.254,0.258126,3031923.1766075,0
BSW.V,D,20220930,000000,0.2576,0.342934,0.2569,0.2833,28543206.066234,0
BSW.V,D,20221001,000000,0.2831,0.294129,0.2723,0.276828,9111248.5375504,0
BSW.V,D,20221002,000000,0.2766,0.2773,0.265,0.2666,1115401.5437493,0
BSW.V,D,20221003,000000,0.266127,0.2678,0.259,0.261852,1578569.7598302,0
BSW.V,D,20221004,000000,0.262426,0.26738,0.261152,0.263579,1273192.6027652,0
BSW.V,D,20221005,000000,0.263579,0.267954,0.2597,0.262426,1202915.5259427,0
BSW.V,D,20221006,000000,0.262753,0.267456,0.257431,0.257757,920434.4113924,0
BSW.V,D,20221007,000000,0.257444,0.261047,0.255103,0.257036,511257.3161189,0
BSW.V,D,20221008,000000,0.257333,0.266543,0.256018,0.256264,1073563.2544719,0
BSW.V,D,20221009,000000,0.256067,0.258826,0.255226,0.256126,498019.3186493,0
BSW.V,D,20221010,000000,0.256051,0.257351,0.252,0.252275,358672.8083723,0
BSW.V,D,20221011,000000,0.2518,0.2518,0.240576,0.243181,474520.8111062,0
BSW.V,D,20221012,000000,0.243171,0.243868,0.2397,0.241305,439105.0345513,0
BSW.V,D,20221013,000000,0.241298,0.2417,0.223169,0.239922,1424739.6279773,0
BSW.V,D,20221014,000000,0.239819,0.24711,0.234902,0.235307,2127084.7914421,0
BSW.V,D,20221015,000000,0.235309,0.237914,0.234202,0.235814,563785.3375538,0
BSW.V,D,20221016,000000,0.2356,0.320994,0.235007,0.245712,16376678.654189,0
BSW.V,D,20221017,000000,0.246105,0.249117,0.240005,0.247205,1661091.6914199,0
BSW.V,D,20221018,000000,0.247307,0.267711,0.237605,0.24371,6134390.5179087,0
BSW.V,D,20221019,000000,0.24261,0.269408,0.238102,0.243802,6704441.4349597,0
BSW.V,D,20221020,000000,0.2436,0.254692,0.240978,0.241776,2437038.3098927,0
BSW.V,D,20221021,000000,0.241876,0.252805,0.239093,0.24582,1656835.7087232,0
BSW.V,D,20221022,000000,0.24582,0.252008,0.24452,0.24742,1049700.0822794,0
BSW.V,D,20221023,000000,0.24742,0.254703,0.244827,0.249932,1428488.7630847,0
BSW.V,D,20221024,000000,0.25073,0.275011,0.248505,0.266211,4926996.9540359,0
BSW.V,D,20221025,000000,0.264908,0.266811,0.251182,0.260886,2152882.063543,0
BSW.V,D,20221026,000000,0.260489,0.264271,0.257062,0.260373,1265468.4055503,0
BSW.V,D,20221027,000000,0.260273,0.27096,0.256762,0.259213,3484398.5212691,0
BSW.V,D,20221028,000000,0.259618,0.262052,0.251915,0.260357,810322.1366678,0
BSW.V,D,20221029,000000,0.260147,0.264287,0.258154,0.26096,769257.480949,0
BSW.V,D,20221030,000000,0.26086,0.267948,0.259073,0.262052,1548823.2241977,0
BSW.V,D,20221031,000000,0.261755,0.2725,0.259562,0.262979,1777071.3291253,0
BSW.V,D,20221101,000000,0.262784,0.263187,0.258756,0.261671,462179.8726696,0
BSW.V,D,20221102,000000,0.261469,0.261469,0.250687,0.252187,1024118.8648725,0
BSW.V,D,20221103,000000,0.252487,0.261469,0.252485,0.259,1105513.1250385,0
BSW.V,D,20221104,000000,0.2582,0.270524,0.255805,0.269222,1390737.9895402,0
BSW.V,D,20221105,000000,0.269222,0.283106,0.265911,0.268716,2240534.504678642,0
BSW.V,D,20221106,000000,0.269013,0.279189,0.265597,0.268108,1903233.0846792974,0
BSW.V,D,20221107,000000,0.267424,0.267424,0.252913,0.255233,1205427.472297602,0
BSW.V,D,20221108,000000,0.255477,0.267641,0.218684,0.231593,1708226.83393313,0
BSW.V,D,20221109,000000,0.231292,0.236908,0.189139,0.194929,2970099.611275943,0
BSW.V,D,20221110,000000,0.194842,0.235527,0.191483,0.216606,1336632.2428581582,0
BSW.V,D,20221111,000000,0.21614,0.246806,0.198695,0.202923,628940.8933270798,0
BSW.V,D,20221112,000000,0.20252,0.209041,0.193551,0.197743,979214.2836683007,0
BSW.V,D,20221113,000000,0.197743,0.227972,0.197145,0.217495,3677356.851631027,0
BSW.V,D,20221114,000000,0.216796,0.217895,0.198981,0.205891,1245113.4524245595,0
BSW.V,D,20221115,000000,0.205781,0.213686,0.205781,0.207671,727320.8038633,0
BSW.V,D,20221116,000000,0.208146,0.208989,0.199686,0.203311,377184.2095549996,0
BSW.V,D,20221117,000000,0.20361,0.204744,0.198945,0.204037,560633.0576936804,0
BSW.V,D,20221118,000000,0.203945,0.208133,0.201239,0.203564,575997.1998869996,0
BSW.V,D,20221119,000000,0.203566,0.204055,0.200062,0.201788,436675.35491200007,0
BSW.V,D,20221120,000000,0.201888,0.209346,0.200371,0.201194,1430540.8404910003,0
BSW.V,D,20221121,000000,0.201194,0.201294,0.191082,0.193767,2068279.5329472998,0
BSW.V,D,20221122,000000,0.193366,0.198054,0.189772,0.197559,770187.3249991,0
BSW.V,D,20221123,000000,0.197745,0.21994,0.197161,0.214264,3886970.699896521,0
BSW.V,D,20221124,000000,0.214466,0.214568,0.206841,0.208731,928514.7675611998,0
BSW.V,D,20221125,000000,0.208725,0.211271,0.204632,0.208383,609712.7816656003,0
BSW.V,D,20221126,000000,0.208379,0.222953,0.208067,0.212972,1667884.032252501,0
BSW.V,D,20221127,000000,0.212876,0.217272,0.211373,0.212464,439008.8804853609,0
BSW.V,D,20221128,000000,0.212464,0.212464,0.201191,0.203023,352598.24880770023,0
BSW.V,D,20221129,000000,0.202721,0.210612,0.202015,0.205222,468836.3809172997,0
BSW.V,D,20221130,000000,0.205624,0.222478,0.204632,0.216713,3075764.5501457774,0
BSW.V,D,20221201,000000,0.216217,0.216622,0.208002,0.209813,865240.9876104402,0
BSW.V,D,20221202,000000,0.209513,0.213994,0.206417,0.213513,580781.2106471997,0
BSW.V,D,20221203,000000,0.213313,0.218522,0.209821,0.210021,869365.8079048705,0
BSW.V,D,20221204,000000,0.209821,0.214421,0.209442,0.213543,869384.8481873001,0
BSW.V,D,20221205,000000,0.213443,0.217315,0.2108,0.213106,1339652.7860093997,0
BSW.V,D,20221206,000000,0.213204,0.214402,0.209017,0.210598,379888.4662349998,0
BSW.V,D,20221207,000000,0.210596,0.214898,0.209196,0.2101,1177569.6809644008,0
BSW.V,D,20221208,000000,0.2103,0.213021,0.209021,0.212123,769748.8358212998,0
BSW.V,D,20221209,000000,0.212415,0.218107,0.209215,0.211006,5462658.2793919,0
BSW.V,D,20221210,000000,0.211711,0.231598,0.210102,0.213096,4178335.1020913026,0
BSW.V,D,20221211,000000,0.213096,0.215302,0.211696,0.212921,1098737.6715695993,0
BSW.V,D,20221212,000000,0.213043,0.213643,0.205531,0.207819,394248.1659214999,0
BSW.V,D,20221213,000000,0.207417,0.20801,0.196453,0.202751,740337.9981387003,0
BSW.V,D,20221214,000000,0.202557,0.204657,0.199706,0.200314,380366.85490274004,0
BSW.V,D,20221215,000000,0.20032,0.20054,0.195239,0.19552,348222.2605569997,0
BSW.V,D,20221216,000000,0.19562,0.1983,0.177718,0.179518,1031518.2199461,0
BSW.V,D,20221217,000000,0.179436,0.180518,0.170921,0.178023,784468.4877530003,0
BSW.V,D,20221218,000000,0.178025,0.182805,0.178023,0.181622,395583.4711964001,0
BSW.V,D,20221219,000000,0.181324,0.181931,0.1721,0.172498,349247.55624299997,0
BSW.V,D,20221220,000000,0.172298,0.177296,0.172202,0.176111,261648.0638536,0
BSW.V,D,20221221,000000,0.176507,0.176507,0.170498,0.171607,261765.8155959998,0
BSW.V,D,20221222,000000,0.171707,0.172902,0.167287,0.170374,347338.8989220004,0
BSW.V,D,20221223,000000,0.170671,0.171474,0.168892,0.169581,496124.97139219975,0
BSW.V,D,20221224,000000,0.169588,0.173883,0.168681,0.17019,380089.2643858998,0
BSW.V,D,20221225,000000,0.170217,0.17049,0.167285,0.168675,351195.04620330007,0
BSW.V,D,20221226,000000,0.16868,0.171464,0.168383,0.170464,409353.9837236999,0
BSW.V,D,20221227,000000,0.170468,0.171169,0.167153,0.170037,367102.06961800036,0
BSW.V,D,20221228,000000,0.170032,0.170533,0.163007,0.163811,512155.11712309986,0
BSW.V,D,20221229,000000,0.163417,0.16981,0.161609,0.163625,3117995.7755554025,0
BSW.V,D,20221230,000000,0.163823,0.178013,0.163823,0.166915,3388724.6625528955,0
BSW.V,D,20221231,000000,0.167216,0.167518,0.164018,0.164018,259479.21027669997,0
BSW.V,D,20230101,000000,0.163718,0.164824,0.162116,0.163528,185961.71364760006,0
BSW.V,D,20230102,000000,0.163623,0.170347,0.161732,0.169244,1469506.085083299,0
BSW.V,D,20230103,000000,0.168546,0.170032,0.167431,0.167535,395857.411451,0
BSW.V,D,20230104,000000,0.167536,0.177127,0.167536,0.174542,1072154.4107311007,0
BSW.V,D,20230105,000000,0.174642,0.180946,0.172929,0.174539,888148.3381547,0
BSW.V,D,20230106,000000,0.174639,0.180024,0.172029,0.177543,1000714.788029699,0
BSW.V,D,20230107,000000,0.177541,0.178346,0.175744,0.175858,121432.8612113,0
BSW.V,D,20230108,000000,0.175856,0.178773,0.174374,0.17877,224831.06989749995,0
BSW.V,D,20230109,000000,0.179366,0.19036,0.179366,0.185598,1528375.9784524995,0
BSW.V,D,20230110,000000,0.1852,0.187915,0.183069,0.187224,350106.84936559986,0
BSW.V,D,20230111,000000,0.187428,0.19389,0.18218,0.185398,1283185.5540406997,0
BSW.V,D,20230112,000000,0.185881,0.190421,0.184078,0.188221,636861.9032552005,0
BSW.V,D,20230113,000000,0.188317,0.193323,0.18558,0.191617,932444.3358487003,0
BSW.V,D,20230114,000000,0.192115,0.203831,0.190717,0.193908,1837802.6875209983,0
BSW.V,D,20230115,000000,0.19441,0.19461,0.184526,0.192356,1803003.775258898,0
BSW.V,D,20230116,000000,0.192458,0.196575,0.187611,0.192804,826233.9909424993,0
BSW.V,D,20230117,000000,0.192406,0.204904,0.190113,0.198122,2150827.630771102,0
BSW.V,D,20230118,000000,0.19822,0.201722,0.179695,0.184491,2301601.694739601,0
BSW.V,D,20230119,000000,0.184289,0.1935,0.183883,0.190294,2628548.3113483028,0
BSW.V,D,20230120,000000,0.190113,0.19874,0.185896,0.196637,1233535.0288592987,0
BSW.V,D,20230121,000000,0.197641,0.201642,0.196351,0.19733,1021662.5790877994,0
BSW.V,D,20230122,000000,0.196935,0.199838,0.191733,0.194839,1233076.4605642986,0
BSW.V,D,20230123,000000,0.194537,0.217813,0.194537,0.205931,4763536.837200537,0
BSW.V,D,20230124,000000,0.205933,0.213223,0.200108,0.201306,1898050.4934000992,0
BSW.V,D,20230125,000000,0.201106,0.209938,0.197039,0.204335,1873445.0510225021,0
BSW.V,D,20230126,000000,0.205735,0.215415,0.205231,0.210721,2543096.744546989,0
BSW.V,D,20230127,000000,0.210819,0.227752,0.206829,0.218807,4186332.7102284012,0
BSW.V,D,20230128,000000,0.218576,0.220266,0.212238,0.213043,783340.7245205,0
BSW.V,D,20230129,000000,0.213149,0.226714,0.212849,0.226714,1102279.6476226994,0
BSW.V,D,20230130,000000,0.226811,0.226811,0.198412,0.200514,3594414.022681999,0
BSW.V,D,20230131,000000,0.200512,0.211211,0.199508,0.208819,1428986.4331987002,0
BSW.V,D,20230201,000000,0.209015,0.212211,0.200404,0.211413,1208730.8563351007,0
BSW.V,D,20230202,000000,0.211811,0.22122,0.209319,0.213243,2577517.7677553035,0
BSW.V,D,20230203,000000,0.213047,0.218404,0.210034,0.215717,1183267.6379619013,0
BSW.V,D,20230204,000000,0.215819,0.225018,0.212917,0.222718,1656553.337325001,0
BSW.V,D,20230205,000000,0.222918,0.232954,0.211653,0.214256,3799733.443526616,0
BSW.V,D,20230206,000000,0.213653,0.216602,0.209038,0.214609,1496692.778643199,0
BSW.V,D,20230207,000000,0.215006,0.230705,0.212619,0.228511,3028948.1769413045,0
BSW.V,D,20230208,000000,0.228509,0.229705,0.21723,0.220613,1165605.5291435004,0
BSW.V,D,20230209,000000,0.220915,0.223898,0.205529,0.208921,1874467.5349474992,0
BSW.V,D,20230210,000000,0.209819,0.228027,0.20735,0.217533,2434091.7895734184,0
BSW.V,D,20230211,000000,0.218033,0.22052,0.213913,0.21702,737458.5666591995,0
BSW.V,D,20230212,000000,0.217022,0.223427,0.21483,0.218022,898826.0487528002,0
BSW.V,D,20230213,000000,0.217822,0.21812,0.198773,0.202209,1119562.4921468396,0
BSW.V,D,20230214,000000,0.202111,0.207583,0.198573,0.203988,1410296.1794068983,0
BSW.V,D,20230215,000000,0.203986,0.217426,0.201758,0.215039,1363304.1544048989,0
BSW.V,D,20230216,000000,0.214636,0.22362,0.211834,0.212766,3067286.5824570013,0
BSW.V,D,20230217,000000,0.212172,0.2195,0.208917,0.21742,1479151.2573642996,0
BSW.V,D,20230218,000000,0.217428,0.22124,0.215843,0.217639,1434524.840852899,0
BSW.V,D,20230219,000000,0.217535,0.22763,0.216428,0.225452,2768100.495333,0
BSW.V,D,20230220,000000,0.225752,0.251635,0.218663,0.236909,9649751.533957599,0
BSW.V,D,20230221,000000,0.237117,0.246039,0.229746,0.231042,3430412.3524723034,0
BSW.V,D,20230222,000000,0.231442,0.237345,0.219235,0.228818,2198883.1419386007,0
BSW.V,D,20230223,000000,0.2285,0.245025,0.223242,0.236631,3119673.094901199,0
BSW.V,D,20230224,000000,0.238036,0.252861,0.219715,0.220998,7209352.2512957025,0
BSW.V,D,20230225,000000,0.220698,0.22352,0.216219,0.220215,1289564.0124415988,0
BSW.V,D,20230226,000000,0.220113,0.227518,0.219302,0.223618,1097965.3377411999,0
BSW.V,D,20230227,000000,0.224125,0.226109,0.216509,0.218711,911416.6477506002,0
BSW.V,D,20230228,000000,0.219113,0.219311,0.210019,0.211547,982700.9118770999,0
BSW.V,D,20230301,000000,0.21154,0.229714,0.209331,0.222431,3694804.6510227015,0
BSW.V,D,20230302,000000,0.222631,0.225429,0.209183,0.212511,2316381.503494101,0
BSW.V,D,20230303,000000,0.212304,0.213019,0.20081,0.201514,1040813.8877643998,0
BSW.V,D,20230304,000000,0.201716,0.210621,0.199218,0.202216,2518397.991571197,0
BSW.V,D,20230305,000000,0.202214,0.21832,0.202016,0.205323,3359825.7765455013,0
BSW.V,D,20230306,000000,0.205025,0.205323,0.194486,0.198488,2039222.5656745012,0
BSW.V,D,20230307,000000,0.198478,0.200098,0.192694,0.194608,763812.3368804995,0
BSW.V,D,20230308,000000,0.194492,0.196902,0.187691,0.187691,716781.9506333997,0
BSW.V,D,20230309,000000,0.188274,0.190762,0.178264,0.179516,507318.09247119946,0
BSW.V,D,20230310,000000,0.179505,0.179895,0.169888,0.177954,679182.2719518001,0
BSW.V,D,20230311,000000,0.177827,0.182895,0.169344,0.172994,495813.4837697997,0
BSW.V,D,20230312,000000,0.172967,0.181412,0.172463,0.180407,399878.73901349964,0
BSW.V,D,20230313,000000,0.180843,0.192958,0.179255,0.190466,1075787.236541901,0
BSW.V,D,20230314,000000,0.190542,0.200862,0.186809,0.191801,1992138.823097798,0
BSW.V,D,20230315,000000,0.191916,0.195235,0.18037,0.181771,876001.071734539,0
BSW.V,D,20230316,000000,0.181636,0.188366,0.18015,0.187848,571714.7494915006,0
BSW.V,D,20230317,000000,0.187959,0.192852,0.185906,0.191671,983243.1905354002,0
BSW.V,D,20230318,000000,0.192175,0.196504,0.19001,0.19333,1423008.2782412006,0
BSW.V,D,20230319,000000,0.193677,0.196287,0.191253,0.192983,858129.077570699,0
BSW.V,D,20230320,000000,0.192979,0.208542,0.18806,0.198925,4664302.831174802,0
BSW.V,D,20230321,000000,0.198925,0.20584,0.193012,0.194019,3142258.337293999,0
BSW.V,D,20230322,000000,0.194218,0.195109,0.180085,0.183899,1166238.2538609998,0
BSW.V,D,20230323,000000,0.183915,0.188476,0.183091,0.186908,546330.7970984,0
BSW.V,D,20230324,000000,0.1873,0.187858,0.178818,0.179544,735453.5029670999,0
BSW.V,D,20230325,000000,0.179503,0.188613,0.175893,0.180273,3262731.921939802,0
BSW.V,D,20230326,000000,0.179973,0.185765,0.179474,0.184408,666022.6964273002,0
BSW.V,D,20230327,000000,0.184355,0.185428,0.176718,0.177985,651742.7549801003,0
BSW.V,D,20230328,000000,0.178084,0.181549,0.175763,0.17977,464918.09941380046,0
BSW.V,D,20230329,000000,0.17977,0.187056,0.179663,0.185607,1011776.8556897006,0
BSW.V,D,20230330,000000,0.185637,0.187343,0.180925,0.183251,695581.4494421994,0
BSW.V,D,20230331,000000,0.183349,0.189045,0.180152,0.186235,1115589.5248299995,0
BSW.V,D,20230401,000000,0.186156,0.187554,0.183785,0.184668,644399.6160819997,0
BSW.V,D,20230402,000000,0.184766,0.187569,0.180122,0.180614,853446.8762322997,0
BSW.V,D,20230403,000000,0.180512,0.182737,0.177571,0.179372,505103.0903699998,0
BSW.V,D,20230404,000000,0.17937,0.183462,0.17927,0.181493,518992.2648957997,0
BSW.V,D,20230405,000000,0.181789,0.201863,0.180767,0.187067,5652390.267438003,0
BSW.V,D,20230406,000000,0.187443,0.188438,0.181369,0.183664,1729489.7675259984,0
BSW.V,D,20230407,000000,0.183666,0.183996,0.180894,0.182137,675612.5491710996,0
BSW.V,D,20230408,000000,0.182235,0.192375,0.181191,0.192375,1249768.4706043,0
BSW.V,D,20230409,000000,0.192675,0.209017,0.183632,0.191415,13824829.588092878,0
BSW.V,D,20230410,000000,0.19123,0.198241,0.187728,0.188554,3730667.6132386057,0
BSW.V,D,20230411,000000,0.189334,0.192756,0.188149,0.188987,1861649.812600502,0
BSW.V,D,20230412,000000,0.188883,0.189591,0.180162,0.182943,1145080.407530999,0
BSW.V,D,20230413,000000,0.183043,0.187706,0.18174,0.186977,1412968.5881251404,0
BSW.V,D,20230414,000000,0.186779,0.191811,0.186258,0.188957,1253276.7644729014,0
BSW.V,D,20230415,000000,0.189057,0.19295,0.186777,0.190369,1618197.235599099,0
BSW.V,D,20230416,000000,0.190269,0.195841,0.186862,0.193231,1251599.519363499,0
BSW.V,D,20230417,000000,0.193832,0.193832,0.187123,0.188066,974188.6779673989,0
BSW.V,D,20230418,000000,0.188411,0.192777,0.188283,0.191742,1588875.9309420013,0
BSW.V,D,20230419,000000,0.191836,0.192269,0.17979,0.180494,1071859.4902000006,0
BSW.V,D,20230420,000000,0.180188,0.196437,0.175226,0.175418,7659151.542645305,0
BSW.V,D,20230421,000000,0.175512,0.177307,0.168481,0.170186,1471897.0069750005,0
BSW.V,D,20230422,000000,0.169681,0.173602,0.169202,0.172517,391315.53796800016,0
BSW.V,D,20230423,000000,0.172416,0.173014,0.167929,0.168808,476272.4637159999,0
BSW.V,D,20230424,000000,0.168702,0.171098,0.166532,0.167505,542673.1848618002,0
BSW.V,D,20230425,000000,0.167505,0.177798,0.163108,0.170839,4580095.433284593,0
BSW.V,D,20230426,000000,0.170939,0.174697,0.165279,0.167357,1671872.899714599,0
BSW.V,D,20230427,000000,0.167552,0.171126,0.166763,0.169963,834909.4406697006,0
BSW.V,D,20230428,000000,0.169854,0.169854,0.165276,0.166033,953338.8686993,0
BSW.V,D,20230429,000000,0.166023,0.17472,0.165618,0.167804,1973339.6214867008,0
BSW.V,D,20230430,000000,0.167597,0.168466,0.165406,0.166995,952181.8432710001,0
BSW.V,D,20230501,000000,0.166992,0.17214,0.163521,0.163944,2276227.5417850013,0
BSW.V,D,20230502,000000,0.163943,0.164814,0.161426,0.163693,720291.3139207003,0
BSW.V,D,20230503,000000,0.163701,0.165135,0.159551,0.163843,835531.9120089997,0
BSW.V,D,20230504,000000,0.163843,0.165255,0.160066,0.160759,522883.8151801996,0
BSW.V,D,20230505,000000,0.160869,0.162812,0.160278,0.160748,860336.8760229999,0
BSW.V,D,20230506,000000,0.160748,0.161865,0.152336,0.153667,1688488.6213599993,0
BSW.V,D,20230507,000000,0.154068,0.155405,0.152378,0.152578,515378.03156900016,0
BSW.V,D,20230508,000000,0.152178,0.152882,0.134385,0.135316,2403133.6505855983,0
BSW.V,D,20230509,000000,0.135103,0.136436,0.131431,0.131932,597201.2495139996,0
BSW.V,D,20230510,000000,0.131401,0.134611,0.128403,0.131802,696133.8978052001,0
BSW.V,D,20230511,000000,0.132072,0.132472,0.124394,0.125002,2556115.417119002,0
BSW.V,D,20230512,000000,0.125135,0.13336,0.122766,0.128202,2563302.994046899,0
BSW.V,D,20230513,000000,0.12819,0.129665,0.126673,0.127366,795741.6414729998,0
BSW.V,D,20230514,000000,0.127206,0.129655,0.125853,0.127016,692103.3223630005,0
BSW.V,D,20230515,000000,0.127076,0.130104,0.126276,0.128597,542946.5068440003,0
BSW.V,D,20230516,000000,0.12879,0.129728,0.127111,0.128091,669687.1792549998,0
BSW.V,D,20230517,000000,0.128144,0.130205,0.1262,0.129895,733697.4870000001,0
BSW.V,D,20230518,000000,0.129605,0.135841,0.127038,0.130652,3336073.765164999,0
BSW.V,D,20230519,000000,0.130352,0.132605,0.128664,0.129838,579231.7321372003,0
BSW.V,D,20230520,000000,0.130065,0.133307,0.128603,0.129316,1282122.762306816,0
BSW.V,D,20230521,000000,0.129416,0.129878,0.126563,0.126876,600255.8149210003,0
BSW.V,D,20230522,000000,0.126876,0.128277,0.123374,0.124074,1794091.7726019996,0
BSW.V,D,20230523,000000,0.124019,0.127414,0.123806,0.124307,488128.6574190004,0
BSW.V,D,20230524,000000,0.12411,0.124414,0.117793,0.119993,581560.7137294002,0
BSW.V,D,20230525,000000,0.11999,0.122788,0.117705,0.120302,791597.5199699601,0
BSW.V,D,20230526,000000,0.120201,0.121634,0.118812,0.120528,250761.20806590002,0
BSW.V,D,20230527,000000,0.120536,0.124339,0.120135,0.122248,1626103.2241717994,0
BSW.V,D,20230528,000000,0.121937,0.125034,0.121937,0.122728,328799.723779,0
BSW.V,D,20230529,000000,0.122728,0.124419,0.121528,0.122035,427172.897653,0
BSW.V,D,20230530,000000,0.121735,0.122035,0.119931,0.120548,567902.6797981005,0
BSW.V,D,20230531,000000,0.120447,0.120534,0.115421,0.115923,468343.11725399975,0
BSW.V,D,20230601,000000,0.115923,0.116915,0.114327,0.116034,775060.9669105001,0
BSW.V,D,20230602,000000,0.115932,0.118742,0.115524,0.118031,650582.2106640001,0
BSW.V,D,20230603,000000,0.118131,0.125349,0.116436,0.119948,6687891.473854,0
BSW.V,D,20230604,000000,0.120046,0.127938,0.118633,0.12394,6326569.535040003,0
BSW.V,D,20230605,000000,0.12354,0.12414,0.107632,0.108132,2178127.105839096,0
BSW.V,D,20230606,000000,0.108933,0.112121,0.106699,0.111128,665610.3988578004,0
BSW.V,D,20230607,000000,0.110831,0.111428,0.101715,0.101715,676540.1078402998,0
BSW.V,D,20230608,000000,0.101611,0.108213,0.099616,0.105019,3242930.8085909975,0
BSW.V,D,20230609,000000,0.105319,0.106213,0.101471,0.101981,1359722.2908240007,0
BSW.V,D,20230610,000000,0.102088,0.102088,0.081739,0.086051,1245129.3196462002,0
BSW.V,D,20230611,000000,0.08615,0.087341,0.085437,0.086535,448126.4383480001,0
BSW.V,D,20230612,000000,0.086636,0.086744,0.082728,0.085003,543186.1327509998,0
BSW.V,D,20230613,000000,0.085207,0.088393,0.0844,0.086289,842862.0782040004,0
BSW.V,D,20230614,000000,0.086389,0.089594,0.0833833,0.0847924,699968.5446721001,0
BSW.V,D,20230615,000000,0.0851898,0.0859192,0.0826178,0.085336,873970.3515164992,0
BSW.V,D,20230616,000000,0.0851284,0.0868279,0.0838018,0.0864325,1079437.4532560005,0
BSW.V,D,20230617,000000,0.0865316,0.0895194,0.086044,0.0874641,971498.3622980003,0
BSW.V,D,20230618,000000,0.0874641,0.087864,0.0850813,0.0850813,429858.33916499966,0
BSW.V,D,20230619,000000,0.0850787,0.0855743,0.0838513,0.0848737,1298301.3922320008,0
BSW.V,D,20230620,000000,0.0848728,0.0868104,0.0827694,0.0858137,719625.3772759996,0
BSW.V,D,20230621,000000,0.086012,0.0911009,0.0859103,0.0899054,1768211.671488,0
BSW.V,D,20230622,000000,0.0900099,0.0936047,0.0896108,0.0897188,1736572.5283419983,0
BSW.V,D,20230623,000000,0.089818,0.0933308,0.0893232,0.0916531,1273826.9360041001,0
BSW.V,D,20230624,000000,0.0915522,0.0948474,0.0894465,0.0915576,1275324.0760340001,0
BSW.V,D,20230625,000000,0.0915522,0.1012405,0.0915512,0.0950342,6151046.829870005,0
BSW.V,D,20230626,000000,0.0953276,0.1327292,0.093946,0.1149241,65305172.71221089,0
BSW.V,D,20230627,000000,0.1150242,0.1178247,0.1066021,0.1090207,10841950.634695703,0
BSW.V,D,20230628,000000,0.1092207,0.1093186,0.098994,0.099594,1919030.1943260012,0
BSW.V,D,20230629,000000,0.099592,0.102881,0.099486,0.09969,1768873.1993599997,0
BSW.V,D,20230630,000000,0.099883,0.102582,0.097078,0.100066,2376489.5047854204,0
BSW.V,D,20230701,000000,0.100165,0.102398,0.098563,0.1017,1192236.8872890004,0
BSW.V,D,20230702,000000,0.101699,0.102192,0.09989,0.101405,1026439.1662790007,0
BSW.V,D,20230703,000000,0.101704,0.104894,0.101404,0.104006,1586940.7772430005,0
BSW.V,D,20230704,000000,0.104308,0.104411,0.100717,0.101721,1013248.7207590005,0
BSW.V,D,20230705,000000,0.10192,0.102413,0.097196,0.098916,1514401.4270139984,0
BSW.V,D,20230706,000000,0.098915,0.100801,0.097502,0.097697,907265.2278919992,0
BSW.V,D,20230707,000000,0.097797,0.098006,0.096406,0.09671,595528.2034379996,0
BSW.V,D,20230708,000000,0.096408,0.098302,0.096408,0.0973078,460151.8015050002,0
BSW.V,D,20230709,000000,0.0974156,0.0988168,0.0965135,0.0968174,843677.9158229993,0
BSW.V,D,20230710,000000,0.0967164,0.0989069,0.0953143,0.0979088,941415.3513729995,0
BSW.V,D,20230711,000000,0.0980176,0.0988049,0.096999,0.097902,852905.3326100005,0
BSW.V,D,20230712,000000,0.0978137,0.100802,0.0972922,0.0975922,2324971.9456840004,0
BSW.V,D,20230713,000000,0.0977941,0.1013375,0.0970932,0.1002401,725989.5142160001,0
BSW.V,D,20230714,000000,0.1002391,0.1018407,0.0959374,0.0968465,2206488.065277001,0
BSW.V,D,20230715,000000,0.0969504,0.0998279,0.0967454,0.0978284,1190842.6079749998,0
BSW.V,D,20230716,000000,0.0983285,0.0985286,0.0960336,0.0964453,623443.5503270002,0
BSW.V,D,20230717,000000,0.0964453,0.0972321,0.0944264,0.0954162,824877.7652889999,0
BSW.V,D,20230718,000000,0.0955162,0.0962154,0.0926111,0.0930214,522208.87518099986,0
BSW.V,D,20230719,000000,0.0929214,0.0939197,0.0915973,0.0920991,2330225.532330997,0
BSW.V,D,20230720,000000,0.0919991,0.0936991,0.0917844,0.0920945,1733333.542419,0
BSW.V,D,20230721,000000,0.0921945,0.0934953,0.0913945,0.0920009,1463779.0898689996,0
BSW.V,D,20230722,000000,0.0919018,0.0928,0.0914091,0.0916092,587693.2361040002,0
BSW.V,D,20230723,000000,0.0915091,0.0920982,0.0906991,0.0914,797569.6761460002,0
BSW.V,D,20230724,000000,0.0911982,0.0916954,0.0863827,0.0868861,1353091.0507639998,0
BSW.V,D,20230725,000000,0.0868878,0.0880859,0.0855872,0.0873939,2932801.779865001,0
BSW.V,D,20230726,000000,0.087393,0.0880868,0.0854915,0.0864991,1759102.1140409997,0
BSW.V,D,20230727,000000,0.0865035,0.0877921,0.0854778,0.0858794,1113659.3567579992,0
BSW.V,D,20230728,000000,0.0858759,0.0863784,0.0845746,0.0855983,1073066.5333939996,0
BSW.V,D,20230729,000000,0.0856974,0.0864,0.0853983,0.0864,870038.8296069999,0
BSW.V,D,20230730,000000,0.0864,0.0874991,0.084,0.0844924,2861292.577867003,0
BSW.V,D,20230731,000000,0.0843924,0.0848788,0.083485,0.0839866,703195.5577560003,0
BSW.V,D,20230801,000000,0.0839916,0.0862715,0.0834724,0.0858571,2841405.4441260006,0
BSW.V,D,20230802,000000,0.0858571,0.0862646,0.0835465,0.0841512,1607223.4264879997,0
BSW.V,D,20230803,000000,0.0842519,0.0842519,0.0831185,0.0835289,353265.75865499995,0
BSW.V,D,20230804,000000,0.0834357,0.0838169,0.0824464,0.0828461,692972.8672589998,0
BSW.V,D,20230805,000000,0.0826462,0.0830567,0.0821466,0.0830492,574477.0610620001,0
BSW.V,D,20230806,000000,0.0829912,0.084099,0.0826669,0.0837144,758565.1115087996,0
BSW.V,D,20230807,000000,0.0841721,0.0854545,0.0819553,0.0842014,2042135.4199710984,0
BSW.V,D,20230808,000000,0.0841997,0.0880748,0.0841256,0.0858871,2913373.025374999,0
BSW.V,D,20230809,000000,0.0859828,0.0859828,0.0840352,0.0841267,1533558.573806648,0
BSW.V,D,20230810,000000,0.0842258,0.0845484,0.0833016,0.0834115,573487.115062,0
BSW.V,D,20230811,000000,0.0832117,0.0834148,0.0820048,0.0824093,1901379.4448610009,0
BSW.V,D,20230812,000000,0.0824093,0.0829543,0.08223,0.082353,500296.08679900004,0
BSW.V,D,20230813,000000,0.0826529,0.0833374,0.0821383,0.0831343,813762.4412230001,0
BSW.V,D,20230814,000000,0.0830344,0.0846026,0.0827354,0.0841032,1576491.5354819994,0
BSW.V,D,20230815,000000,0.0842039,0.0951609,0.0812098,0.0818083,25755069.04225599,0
BSW.V,D,20230816,000000,0.0818091,0.0818091,0.0738165,0.0741176,6746439.714305008,0
BSW.V,D,20230817,000000,0.074017,0.0748116,0.0667419,0.0670624,3323192.108091002,0
BSW.V,D,20230818,000000,0.0672616,0.0688718,0.0648598,0.0658671,3840762.833282005,0
BSW.V,D,20230819,000000,0.0658723,0.0676885,0.065773,0.0669806,1960453.3683450005,0
BSW.V,D,20230820,000000,0.0667806,0.0672913,0.0657974,0.0662967,1408363.5877270007,0
BSW.V,D,20230821,000000,0.0661967,0.0663967,0.0632823,0.0648929,2294809.8673209995,0
BSW.V,D,20230822,000000,0.0647922,0.0669819,0.0630773,0.0649779,4142113.2149409973,0
BSW.V,D,20230823,000000,0.0650772,0.0703648,0.0644594,0.0651876,8358530.807795997,0
BSW.V,D,20230824,000000,0.0654902,0.065771,0.0638693,0.0639667,1942568.5688469987,0
BSW.V,D,20230825,000000,0.0639629,0.0679599,0.0626618,0.0656612,7303487.084816993,0
BSW.V,D,20230826,000000,0.0655659,0.066153,0.0642653,0.0642653,2195205.2072869916,0
BSW.V,D,20230827,000000,0.0643659,0.0643684,0.0634676,0.0640692,877821.5807120005,0
BSW.V,D,20230828,000000,0.0640699,0.0641718,0.0618486,0.0626699,919752.810572,0
BSW.V,D,20230829,000000,0.0627661,0.0652,0.0619547,0.0642116,1014140.862428,0
BSW.V,D,20230830,000000,0.0645103,0.0647935,0.0632918,0.0638994,836254.9294989998,0
BSW.V,D,20230831,000000,0.0639,0.0640936,0.0618889,0.0619901,1603885.1087509994,0
BSW.V,D,20230901,000000,0.0620888,0.0626843,0.0597689,0.0610682,3884628.035164001,0
BSW.V,D,20230902,000000,0.060872,0.0624806,0.0604939,0.0607939,2250546.0919707394,0
BSW.V,D,20230903,000000,0.0607945,0.0617957,0.0605915,0.061089,883431.1429629995,0
BSW.V,D,20230904,000000,0.061089,0.063474,0.060989,0.0625818,2045579.1901600007,0
BSW.V,D,20230905,000000,0.0625825,0.0633613,0.061663,0.0626674,2089644.5946061988,0
BSW.V,D,20230906,000000,0.0627692,0.0630628,0.0613754,0.0617629,1817826.9067090014,0
BSW.V,D,20230907,000000,0.0617629,0.0695492,0.0617611,0.0650668,11755282.450870998,0
BSW.V,D,20230908,000000,0.0649701,0.0681761,0.0640744,0.0650909,6766728.374595004,0
BSW.V,D,20230909,000000,0.0649902,0.0659822,0.0634829,0.064084,1264562.662453,0
BSW.V,D,20230910,000000,0.0640795,0.0640795,0.0606848,0.0612767,2282306.028591,0
BSW.V,D,20230911,000000,0.0612767,0.0614785,0.0583842,0.0588817,2344328.6279820004,0
BSW.V,D,20230912,000000,0.0584813,0.0739778,0.0583784,0.0666967,26258180.911505967,0
BSW.V,D,20230913,000000,0.066594,0.0677925,0.0622025,0.0626131,10821888.171364,0
BSW.V,D,20230914,000000,0.0626125,0.0637032,0.0615006,0.0618192,4207749.949723002,0
BSW.V,D,20230915,000000,0.0619173,0.0631057,0.0612933,0.0628019,2982503.0440730033,0
BSW.V,D,20230916,000000,0.0626975,0.0641038,0.0621031,0.0629057,2633077.885377999,0
BSW.V,D,20230917,000000,0.0631057,0.0655151,0.06221,0.062315,4566512.886882996,0
BSW.V,D,20230918,000000,0.062615,0.0632101,0.0616117,0.0622118,1366523.8835379994,0
BSW.V,D,20230919,000000,0.0623093,0.063307,0.0619118,0.0622081,2713115.005920002,0
BSW.V,D,20230920,000000,0.06231,0.0627063,0.0617062,0.062405,1034627.774828,0
BSW.V,D,20230921,000000,0.0625025,0.0641942,0.0617994,0.0638974,2817268.7494389997,0
BSW.V,D,20230922,000000,0.0640981,0.0649954,0.062995,0.0634962,2762295.373556998,0
BSW.V,D,20230923,000000,0.0634956,0.0639987,0.0629013,0.0629044,895123.4722319996,0
BSW.V,D,20230924,000000,0.0629044,0.0636013,0.0624044,0.0626025,2391798.7321770005,0
BSW.V,D,20230925,000000,0.0626025,0.0631861,0.0622794,0.0630849,1548750.5855689996,0
BSW.V,D,20230926,000000,0.0630962,0.066786,0.0625818,0.0658723,9347216.514960997,0
BSW.V,D,20230927,000000,0.0655718,0.0727425,0.0650688,0.0686485,18841518.22995798,0
BSW.V,D,20230928,000000,0.0691488,0.0701537,0.0661424,0.0670007,4960140.462565,0
BSW.V,D,20230929,000000,0.0668946,0.0682925,0.0656869,0.0666927,2066724.1153030011,0
BSW.V,D,20230930,000000,0.06679,0.0681959,0.0665907,0.0670134,3838656.681619999,0
BSW.V,D,20231001,000000,0.0672134,0.0681054,0.066512,0.066808,2064747.8289270005,0
BSW.V,D,20231002,000000,0.0670074,0.0688966,0.0658145,0.0660198,2969308.880112999,0
BSW.V,D,20231003,000000,0.0662199,0.0667047,0.0643981,0.0648974,1441574.9263019997,0
BSW.V,D,20231004,000000,0.0649045,0.0651052,0.0630025,0.0644013,1854546.3264140016,0
BSW.V,D,20231005,000000,0.0642955,0.0645032,0.0625125,0.0627169,1067463.529578,0
BSW.V,D,20231006,000000,0.0627169,0.0637325,0.0626056,0.0636254,703260.8377069996,0
BSW.V,D,20231007,000000,0.0637261,0.063932,0.062939,0.063236,535749.0835619998,0
BSW.V,D,20231008,000000,0.0631366,0.0633418,0.0623361,0.0629352,1030328.8194850003,0
BSW.V,D,20231009,000000,0.0628352,0.0633272,0.0595155,0.0602126,2800841.8806290017,0
BSW.V,D,20231010,000000,0.0602126,0.0610043,0.0599144,0.0606085,800237.4185080003,0
BSW.V,D,20231011,000000,0.060406,0.060506,0.0587924,0.0595821,1017513.7315729988,0
BSW.V,D,20231012,000000,0.0597833,0.0597833,0.0582726,0.0586777,753989.892157,0
BSW.V,D,20231013,000000,0.0585783,0.0597815,0.0582749,0.0596863,1292244.8192829993,0
BSW.V,D,20231014,000000,0.059788,0.0628925,0.0591864,0.0604,4941252.954722997,0
BSW.V,D,20231015,000000,0.0604958,0.0613982,0.0600006,0.0606006,1521238.0254670004,0
BSW.V,D,20231016,000000,0.0605018,0.0646136,0.0604079,0.0628201,7187925.768531006,0
BSW.V,D,20231017,000000,0.0627263,0.0661271,0.0613392,0.0617222,7406236.4040469965,0
BSW.V,D,20231018,000000,0.0617241,0.0621236,0.0594119,0.0594131,1216223.2477319993,0
BSW.V,D,20231019,000000,0.0596131,0.0598138,0.0583128,0.0589236,1578302.8154459991,0
BSW.V,D,20231020,000000,0.058923,0.0613319,0.0587252,0.060124,2086853.1955399988,0
BSW.V,D,20231021,000000,0.0601246,0.0614258,0.0594232,0.0609304,2407891.107708,0
BSW.V,D,20231022,000000,0.0609304,0.0617259,0.0604338,0.0608225,2307872.76259,0
BSW.V,D,20231023,000000,0.0609213,0.0625319,0.0609213,0.0625319,1188615.9020039998,0
BSW.V,D,20231024,000000,0.0624324,0.0656144,0.0624324,0.0639923,4020866.3726939927,0
BSW.V,D,20231025,000000,0.0640942,0.0655164,0.0632044,0.0638159,1938599.785117,0
BSW.V,D,20231026,000000,0.0642148,0.0658145,0.0630013,0.0643013,1469689.970166,0
BSW.V,D,20231027,000000,0.0646013,0.0688014,0.0638115,0.065315,8171003.655987001,0
BSW.V,D,20231028,000000,0.0655138,0.0678129,0.0652111,0.0671114,3627984.205919999,0
BSW.V,D,20231029,000000,0.0670114,0.0682205,0.0667087,0.0679238,2382402.9206310003,0
BSW.V,D,20231030,000000,0.067723,0.0686192,0.0664166,0.0679217,1871803.2958240004,0
BSW.V,D,20231031,000000,0.0679231,0.0688241,0.0655288,0.0666266,1658865.8763829987,0
BSW.V,D,20231101,000000,0.0665259,0.0688344,0.065415,0.0682218,2671053.5393740013,0
BSW.V,D,20231102,000000,0.0681211,0.0747396,0.068019,0.0718093,22877359.153203,0
BSW.V,D,20231103,000000,0.0718093,0.0724138,0.0649065,0.0681259,9079486.378232002,0
BSW.V,D,20231104,000000,0.0683246,0.0764405,0.0677284,0.0741437,16789026.432049997,0
BSW.V,D,20231105,000000,0.0742408,0.09308,0.0731607,0.0857686,64832075.91370715,0
BSW.V,D,20231106,000000,0.0852682,0.0908717,0.0785424,0.0819229,16820975.906289987,0
BSW.V,D,20231107,000000,0.082123,0.082123,0.0745149,0.0767345,6467644.278324993,0
BSW.V,D,20231108,000000,0.0760365,0.078522,0.0760281,0.0775178,2514401.502533,0
BSW.V,D,20231109,000000,0.0773247,0.0794333,0.0711171,0.0731124,8943964.539473016,0
BSW.V,D,20231110,000000,0.0731139,0.0766398,0.0726087,0.0763397,5819570.131885994,0
BSW.V,D,20231111,000000,0.0765398,0.0783548,0.0743476,0.0769177,4419729.072493004,0
BSW.V,D,20231112,000000,0.0767192,0.0845439,0.0746298,0.0814334,20126806.90778698,0
BSW.V,D,20231113,000000,0.0814317,0.0818499,0.0779374,0.0786204,4645222.347547805,0
BSW.V,D,20231114,000000,0.0787157,0.0859189,0.0773224,0.0812106,6742651.609432995,0
BSW.V,D,20231115,000000,0.0810154,0.0853205,0.0805105,0.0835367,7210824.148744756,0
BSW.V,D,20231116,000000,0.0834425,0.0837385,0.0780179,0.0794056,5631087.92797201,0
BSW.V,D,20231117,000000,0.0791127,0.0814008,0.0768054,0.0795262,3385793.112541001,0
BSW.V,D,20231118,000000,0.0796271,0.0838436,0.077234,0.0808396,5658560.601384998,0
BSW.V,D,20231119,000000,0.0808396,0.0815399,0.079238,0.0800368,1974996.532876001,0
BSW.V,D,20231120,000000,0.0804306,0.0845625,0.0800392,0.0824577,5346409.42602101,0
BSW.V,D,20231121,000000,0.0829564,0.0954258,0.0810275,0.0810316,44540147.289468,0
BSW.V,D,20231122,000000,0.0811308,0.0856257,0.0778078,0.0841269,9397997.884373024,0
BSW.V,D,20231123,000000,0.084026,0.0899153,0.0825173,0.0875122,11364484.395915003,0
BSW.V,D,20231124,000000,0.0876123,0.0913548,0.0857154,0.0885717,8082659.503739992,0
BSW.V,D,20231125,000000,0.0883724,0.0917504,0.0868521,0.0893536,7728444.937335002,0
BSW.V,D,20231126,000000,0.0893527,0.0898512,0.0861344,0.0875332,3305842.872354,0
BSW.V,D,20231127,000000,0.0874332,0.0875341,0.0826091,0.0841017,2705044.792912998,0
BSW.V,D,20231128,000000,0.0842042,0.0875262,0.0836075,0.0855496,2295450.280925,0
BSW.V,D,20231129,000000,0.0855496,0.086846,0.0839117,0.0841109,2342805.232494001,0
BSW.V,D,20231130,000000,0.0840126,0.0869148,0.0839067,0.0849076,1718246.0595209997,0
BSW.V,D,20231201,000000,0.0849153,0.0872174,0.0843219,0.0856342,2781082.765815002,0
BSW.V,D,20231202,000000,0.0856334,0.0873306,0.0855402,0.0863397,989432.8588189996,0
BSW.V,D,20231203,000000,0.0863388,0.0872401,0.0850306,0.0857309,1705141.8569439992,0
BSW.V,D,20231204,000000,0.0856308,0.0882282,0.0844363,0.0859052,4028178.631626999,0
BSW.V,D,20231205,000000,0.086006,0.0927083,0.0848076,0.0914091,8699515.054902004,0
BSW.V,D,20231206,000000,0.0917101,0.100402,0.0893,0.0897099,13462381.401453007,0
BSW.V,D,20231207,000000,0.0896099,0.0933009,0.0884124,0.0902298,5543394.022473398,0
BSW.V,D,20231208,000000,0.0903316,0.0963424,0.0903244,0.0947313,4393705.803968999,0
BSW.V,D,20231209,000000,0.0951304,0.0970243,0.0934308,0.0938263,2657340.6567430003,0
BSW.V,D,20231210,000000,0.0937253,0.0978029,0.0923314,0.096001,7459989.158114001,0
BSW.V,D,20231211,000000,0.0963067,0.096601,0.0905208,0.0933477,5458604.372458996,0
BSW.V,D,20231212,000000,0.0933561,0.0992235,0.0933561,0.0982567,6978149.683283006,0
BSW.V,D,20231213,000000,0.0980559,0.1128368,0.0924685,0.0970223,24614652.25676597,0
BSW.V,D,20231214,000000,0.0971175,0.0980176,0.0951038,0.0979157,3344179.515278189,0
BSW.V,D,20231215,000000,0.0980157,0.0981167,0.0907628,0.0919083,6900956.416251995,0
BSW.V,D,20231216,000000,0.0919083,0.0936344,0.0900964,0.0915267,1451200.9725329997,0
BSW.V,D,20231217,000000,0.0916266,0.0925306,0.0889066,0.0895086,1992958.0537219997,0
BSW.V,D,20231218,000000,0.0894033,0.0894096,0.0827329,0.0871747,3166900.093079999,0
BSW.V,D,20231219,000000,0.0875746,0.0903611,0.0869513,0.0875632,2585720.3321279986,0
BSW.V,D,20231220,000000,0.0876562,0.0933159,0.0867757,0.0907027,4051994.380159999,0
BSW.V,D,20231221,000000,0.0906036,0.0947019,0.0900892,0.0927176,3810735.758327999,0
BSW.V,D,20231222,000000,0.0928186,0.0943255,0.0914155,0.0935739,4043556.090180006,0
BSW.V,D,20231223,000000,0.0933746,0.0943462,0.0914521,0.0943462,2107313.6130760014,0
BSW.V,D,20231224,000000,0.0942471,0.0978538,0.092839,0.0942612,5092377.498614988,0
BSW.V,D,20231225,000000,0.0941602,0.104416,0.0939441,0.100422,9246233.961026995,0
BSW.V,D,20231226,000000,0.100421,0.172493,0.099529,0.137086,284533747.7968593,0
BSW.V,D,20231227,000000,0.136786,0.177396,0.129725,0.135184,153197476.4812413,0
BSW.V,D,20231228,000000,0.135177,0.141901,0.114725,0.118851,24753597.015420526,0
BSW.V,D,20231229,000000,0.118951,0.130386,0.112348,0.122123,18703812.14295404,0
BSW.V,D,20231230,000000,0.122326,0.133585,0.115199,0.121896,26287019.370945003,0
BSW.V,D,20231231,000000,0.121696,0.123279,0.111682,0.112782,5996109.1211394,0
BSW.V,D,20240101,000000,0.112771,0.116956,0.11059,0.115522,4814920.1882159915,0
BSW.V,D,20240102,000000,0.115123,0.121589,0.11353,0.114844,3608071.882911001,0
BSW.V,D,20240103,000000,0.114943,0.120026,0.093073,0.102338,6646921.51903401,0
BSW.V,D,20240104,000000,0.101941,0.10903,0.100363,0.106433,4595780.686429999,0
BSW.V,D,20240105,000000,0.105923,0.108308,0.0961548,0.0985778,5316021.905063997,0
BSW.V,D,20240106,000000,0.098777,0.0998788,0.0938882,0.0960576,2881872.1988730016,0
BSW.V,D,20240107,000000,0.0956564,0.0990515,0.0923646,0.0926583,2349978.1560290004,0
BSW.V,D,20240108,000000,0.0931587,0.0946795,0.087047,0.094484,2679420.515824998,0
BSW.V,D,20240109,000000,0.0946823,0.0951789,0.0880106,0.0900279,2934220.9782159994,0
BSW.V,D,20240110,000000,0.089634,0.0964087,0.0889249,0.0960278,2513247.4224979985,0
BSW.V,D,20240111,000000,0.0963289,0.1009817,0.0944227,0.0974039,4947572.069829005,0
BSW.V,D,20240112,000000,0.0976107,0.099996,0.0920632,0.0931441,1971840.439737999,0
BSW.V,D,20240113,000000,0.093542,0.0978863,0.0929758,0.0975785,2280941.662959,0
BSW.V,D,20240114,000000,0.0976766,0.0980765,0.0924556,0.0931515,2167691.5917440006,0
BSW.V,D,20240115,000000,0.0931553,0.0955551,0.0918412,0.0944131,1384129.2194300012,0
BSW.V,D,20240116,000000,0.094513,0.0965903,0.0926453,0.0953857,2323941.250770999,0
BSW.V,D,20240117,000000,0.0954847,0.0959232,0.0925157,0.0928071,2724815.009163001,0
BSW.V,D,20240118,000000,0.0926092,0.0931087,0.0892793,0.0918072,2297448.29358,0
BSW.V,D,20240119,000000,0.0917082,0.1141651,0.0886988,0.0967042,53638481.89705702,0
BSW.V,D,20240120,000000,0.0966052,0.1041219,0.0941303,0.0948222,12064505.001669014,0
BSW.V,D,20240121,000000,0.0951219,0.0961365,0.0934411,0.0934411,1912786.834331999,0
BSW.V,D,20240122,000000,0.0933393,0.0935354,0.0885025,0.0900027,1801326.8069020011,0
BSW.V,D,20240123,000000,0.0901017,0.0905121,0.0844307,0.0864239,2322042.8681743992,0
BSW.V,D,20240124,000000,0.086423,0.0896444,0.0860191,0.0878578,2742173.181855991,0
BSW.V,D,20240125,000000,0.0878543,0.0921594,0.0865558,0.0887512,3405790.896952999,0
BSW.V,D,20240126,000000,0.0886521,0.0921668,0.088255,0.0914835,2060051.7389119985,0
BSW.V,D,20240127,000000,0.0916826,0.1010788,0.0913799,0.0939991,11679410.006174993,0
BSW.V,D,20240128,000000,0.0940925,0.0959933,0.0902865,0.0906855,3722379.292257,0
BSW.V,D,20240129,000000,0.0907864,0.0925009,0.090272,0.0923,1442029.4660829992,0
BSW.V,D,20240130,000000,0.0924018,0.0929954,0.0904928,0.0911009,1411566.0413999974,0
BSW.V,D,20240131,000000,0.0907991,0.0909018,0.085851,0.086548,1350439.9987969988,0
BSW.V,D,20240201,000000,0.0865524,0.0925055,0.0856143,0.0901738,6281862.780212985,0
BSW.V,D,20240202,000000,0.0901738,0.0939539,0.0897623,0.0935532,2743891.396457,0
BSW.V,D,20240203,000000,0.0936503,0.0941454,0.0901666,0.0905692,2470408.0366420024,0
BSW.V,D,20240204,000000,0.0905692,0.0915634,0.0889599,0.0895624,1851555.6245229996,0
BSW.V,D,20240205,000000,0.0893625,0.0947776,0.0888547,0.0911822,3208531.1140690986,0
BSW.V,D,20240206,000000,0.0912821,0.0918822,0.0893481,0.0896722,1115856.8043519997,0
BSW.V,D,20240207,000000,0.0895722,0.092834,0.0893535,0.0920816,3404270.940762994,0
BSW.V,D,20240208,000000,0.0921788,0.0967068,0.0921714,0.0939188,3248733.143663003,0
BSW.V,D,20240209,000000,0.0942198,0.097682,0.0938169,0.0971583,2241251.5318690003,0
BSW.V,D,20240210,000000,0.0969572,0.1090338,0.0953705,0.103129,9495811.024632905,0
BSW.V,D,20240211,000000,0.102729,0.107742,0.0984285,0.0990287,6404334.468744,0
BSW.V,D,20240212,000000,0.0988287,0.101651,0.0967029,0.101044,2081801.8157059983,0
BSW.V,D,20240213,000000,0.100844,0.1024307,0.0979088,0.0991386,3001480.401672999,0
BSW.V,D,20240214,000000,0.0990396,0.103855,0.098566,0.102401,4080356.996923887,0
BSW.V,D,20240215,000000,0.102401,0.111636,0.102194,0.107592,11619965.892055,0
BSW.V,D,20240216,000000,0.107994,0.14289,0.107894,0.126197,90602093.7235171,0
BSW.V,D,20240217,000000,0.125996,0.128995,0.116443,0.121728,11480404.258053003,0
BSW.V,D,20240218,000000,0.121727,0.131228,0.119947,0.125014,13822099.00868289,0
BSW.V,D,20240219,000000,0.125014,0.128313,0.118513,0.122729,8091881.837704002,0
BSW.V,D,20240220,000000,0.122629,0.124017,0.114006,0.118624,3468084.250996496,0
BSW.V,D,20240221,000000,0.118325,0.125909,0.115305,0.122409,5611929.365476008,0
BSW.V,D,20240222,000000,0.122604,0.131457,0.122604,0.128356,7685222.79345899,0
BSW.V,D,20240223,000000,0.128358,0.129956,0.123478,0.126382,4724106.674461005,0
BSW.V,D,20240224,000000,0.126082,0.131262,0.12418,0.1277,3910488.742252003,0
BSW.V,D,20240225,000000,0.127899,0.132095,0.125792,0.130895,1626502.7995020014,0
BSW.V,D,20240226,000000,0.130899,0.132903,0.126009,0.131184,4373762.144985994,0
BSW.V,D,20240227,000000,0.130884,0.131886,0.126252,0.12865,2036661.8804729963,0
BSW.V,D,20240228,000000,0.128451,0.13246,0.12038,0.1272,3907833.999397903,0
BSW.V,D,20240229,000000,0.127089,0.134905,0.125629,0.128076,4866363.148279006,0
BSW.V,D,20240301,000000,0.12815,0.134303,0.128054,0.133806,3650201.098045001,0
BSW.V,D,20240302,000000,0.133702,0.145332,0.131206,0.142032,10392115.064875998,0
BSW.V,D,20240303,000000,0.141739,0.143672,0.133232,0.140863,4812847.9403805975,0
BSW.V,D,20240304,000000,0.140863,0.142786,0.135357,0.138452,4701619.633328224,0
BSW.V,D,20240305,000000,0.138252,0.142771,0.122115,0.126886,5759738.068825425,0
BSW.V,D,20240306,000000,0.126787,0.137373,0.124406,0.136575,2824006.940511546,0
BSW.V,D,20240307,000000,0.136068,0.150301,0.135857,0.149316,6387600.0398633545,0
BSW.V,D,20240308,000000,0.149516,0.155702,0.143053,0.147611,6642152.162241669,0
BSW.V,D,20240309,000000,0.147509,0.152782,0.147509,0.148589,2723963.017239361,0
BSW.V,D,20240310,000000,0.148489,0.168825,0.147695,0.156946,10487675.209086034,0
BSW.V,D,20240311,000000,0.157434,0.163613,0.153041,0.160632,5241450.559013107,0
BSW.V,D,20240312,000000,0.161031,0.175951,0.157224,0.167812,9695487.643093616,0
BSW.V,D,20240313,000000,0.167812,0.179808,0.166905,0.178607,5805697.567668733,0
BSW.V,D,20240314,000000,0.178489,0.185293,0.159233,0.168341,3589835.480555506,0
BSW.V,D,20240315,000000,0.168039,0.17033,0.14904,0.157511,2978562.2983519537,0
BSW.V,D,20240316,000000,0.158014,0.161898,0.139866,0.142016,4065552.7021971615,0
BSW.V,D,20240317,000000,0.140441,0.146025,0.134715,0.145521,2163258.318526009,0
BSW.V,D,20240318,000000,0.145523,0.146031,0.134279,0.137692,2360697.3944097795,0
BSW.V,D,20240319,000000,0.137792,0.139782,0.120254,0.123006,3401661.896805997,0
BSW.V,D,20240320,000000,0.123092,0.134231,0.120381,0.1337,3140023.1709571965,0
BSW.V,D,20240321,000000,0.13398,0.136067,0.131745,0.135069,836812.9547249998,0
BSW.V,D,20240322,000000,0.135767,0.1434,0.13168,0.132929,2715966.8719135025,0
BSW.V,D,20240323,000000,0.132828,0.139599,0.132729,0.1369,2151538.8311759974,0
BSW.V,D,20240324,000000,0.1369,0.139786,0.133432,0.138992,2019162.6905309977,0
BSW.V,D,20240325,000000,0.138892,0.149875,0.138093,0.146621,5359968.853647998,0
BSW.V,D,20240326,000000,0.146722,0.151947,0.140825,0.143701,10757907.105837993,0
BSW.V,D,20240327,000000,0.143401,0.14589,0.137419,0.13865,7468949.768387003,0
BSW.V,D,20240328,000000,0.138647,0.143691,0.137639,0.14183,6367936.532064992,0
BSW.V,D,20240329,000000,0.14193,0.14279,0.137973,0.139367,4099457.4881790057,0
BSW.V,D,20240330,000000,0.139567,0.141192,0.13645,0.139855,9690420.14091281,0
BSW.V,D,20240331,000000,0.139852,0.143906,0.139154,0.140215,8604946.859286008,0
BSW.V,D,20240401,000000,0.140117,0.140404,0.129194,0.13205,4863493.853713801,0
BSW.V,D,20240402,000000,0.131849,0.132553,0.119956,0.122649,6683640.0481316,0
BSW.V,D,20240403,000000,0.122349,0.12495,0.117535,0.119233,5518528.781248005,0
BSW.V,D,20240404,000000,0.119133,0.12586,0.118421,0.122129,4908326.550381998,0
BSW.V,D,20240405,000000,0.122112,0.122854,0.116815,0.119241,4325985.816950002,0
BSW.V,D,20240406,000000,0.119037,0.122234,0.118341,0.121529,2406366.752731003,0
BSW.V,D,20240407,000000,0.121527,0.124837,0.120616,0.123211,4451464.255528,0
BSW.V,D,20240408,000000,0.123211,0.129675,0.122712,0.126992,12771814.577823982,0
BSW.V,D,20240409,000000,0.126992,0.12759,0.117469,0.118545,6865012.367351997,0
BSW.V,D,20240410,000000,0.118647,0.119046,0.11333,0.116996,3440377.911751001,0
BSW.V,D,20240411,000000,0.117096,0.118895,0.113276,0.114108,2556356.0931879985,0
BSW.V,D,20240412,000000,0.114108,0.116906,0.0939094,0.0964289,4812026.323833198,0
BSW.V,D,20240413,000000,0.0962289,0.1003201,0.0766705,0.0795644,11126003.475239009,0
BSW.V,D,20240414,000000,0.0792634,0.0852426,0.0780367,0.0828248,5662499.295732001,0
BSW.V,D,20240415,000000,0.0827248,0.0882935,0.0788236,0.0799136,4122207.665192996,0
BSW.V,D,20240416,000000,0.0798136,0.0830166,0.0769415,0.0828166,2460376.652492999,0
BSW.V,D,20240417,000000,0.0827165,0.082724,0.0762046,0.0799912,3818046.383413,0
BSW.V,D,20240418,000000,0.0799912,0.0817523,0.0781961,0.0814244,2085452.4674080024,0
BSW.V,D,20240419,000000,0.0814244,0.0842514,0.0769085,0.0819254,4067703.1032220013,0
BSW.V,D,20240420,000000,0.0820271,0.0855299,0.0800296,0.0841252,4593485.814811,0
BSW.V,D,20240421,000000,0.0844253,0.0853179,0.0828182,0.0839134,2642503.6286346093,0
BSW.V,D,20240422,000000,0.0837142,0.0877447,0.0837117,0.0859249,4527464.569584004,0
BSW.V,D,20240423,000000,0.0859258,0.0867338,0.0846338,0.0861974,2177284.403662002,0
BSW.V,D,20240424,000000,0.0860974,0.0880053,0.0817264,0.0823242,3520122.8632570007,0
BSW.V,D,20240425,000000,0.0823242,0.0827238,0.0795514,0.0821523,4083115.1981420014,0
BSW.V,D,20240426,000000,0.0820082,0.0821328,0.0775845,0.0793365,6221995.559598997,0
BSW.V,D,20240427,000000,0.0793682,0.081235,0.0764924,0.0806274,8094060.984522997,0
BSW.V,D,20240428,000000,0.0806274,0.082467,0.0801358,0.0804678,3403122.504419,0
BSW.V,D,20240429,000000,0.0803518,0.0833333,0.0775534,0.0818,10031178.848166991,0
BSW.V,D,20240430,000000,0.0817755,0.0875816,0.0725939,0.0738113,13422100.267163008,0
BSW.V,D,20240501,000000,0.0739038,0.0779142,0.0705174,0.0747876,6450328.328205015,0
BSW.V,D,20240502,000000,0.0748883,0.0778093,0.0732252,0.0775039,2439718.664597,0
BSW.V,D,20240503,000000,0.0777016,0.0816359,0.0764,0.0811349,2475237.541706,0
BSW.V,D,20240504,000000,0.0812349,0.0818196,0.079816,0.0807073,3448747.4026450035,0
BSW.V,D,20240505,000000,0.0808073,0.0814073,0.0787094,0.0808089,2143362.154975,0
BSW.V,D,20240506,000000,0.0808089,0.0838983,0.0795984,0.0800928,2992573.820296001,0
BSW.V,D,20240507,000000,0.0805008,0.0941047,0.0794992,0.0835975,30885460.24519602,0
BSW.V,D,20240508,000000,0.0835975,0.0849822,0.0785906,0.0819738,7150013.11961,0
BSW.V,D,20240509,000000,0.0819746,0.0824876,0.0793674,0.0823876,2197529.7419819995,0
BSW.V,D,20240510,000000,0.0824868,0.0849856,0.0792635,0.0798752,2718249.1530980007,0
BSW.V,D,20240511,000000,0.0797753,0.0845653,0.0797753,0.081982,5945346.413748002,0
BSW.V,D,20240512,000000,0.0820819,0.0829668,0.0805718,0.0818656,5816351.623097003,0
BSW.V,D,20240513,000000,0.0817648,0.0826653,0.0778782,0.0797912,3298672.6357216015,0
BSW.V,D,20240514,000000,0.0798912,0.0799848,0.0760543,0.0773714,1960727.3644109978,0
BSW.V,D,20240515,000000,0.0772722,0.0818622,0.0768523,0.0811487,2128331.9723429987,0
BSW.V,D,20240516,000000,0.081348,0.0824,0.0791229,0.0806073,1614635.837255,0
BSW.V,D,20240517,000000,0.0806073,0.0831332,0.080104,0.082428,2445534.451470005,0
BSW.V,D,20240518,000000,0.0824288,0.0832241,0.0814187,0.082414,1820474.0991570011,0
BSW.V,D,20240519,000000,0.0822148,0.0829149,0.0775992,0.0779953,2646748.7121884017,0
BSW.V,D,20240520,000000,0.0777953,0.0831316,0.0774992,0.0831316,2668130.528841003,0
BSW.V,D,20240521,000000,0.0831316,0.0866783,0.0829265,0.0846822,4654320.1264109975,0
BSW.V,D,20240522,000000,0.0846771,0.0860854,0.0834908,0.0852633,2664806.0836990005,0
BSW.V,D,20240523,000000,0.0853641,0.0857477,0.0810262,0.0833333,3548869.708681999,0
BSW.V,D,20240524,000000,0.0835465,0.1013574,0.0827553,0.09129,41808098.98404296,0
BSW.V,D,20240525,000000,0.0911891,0.0945622,0.0877868,0.090481,10006428.43173501,0
BSW.V,D,20240526,000000,0.0903819,0.0914844,0.0877649,0.0882744,3441871.8155019986,0
BSW.V,D,20240527,000000,0.0883664,0.0905484,0.0876386,0.0885105,6115539.1949820025,0
BSW.V,D,20240528,000000,0.0887103,0.088927,0.085697,0.0880836,6235223.124393996,0
BSW.V,D,20240529,000000,0.0880836,0.0888147,0.0858235,0.0862042,1976581.6904835,0
BSW.V,D,20240530,000000,0.0861052,0.0864031,0.083549,0.08557,1987350.1781570008,0
BSW.V,D,20240531,000000,0.08567,0.0861999,0.0842654,0.0858977,1259301.277394,0
BSW.V,D,20240601,000000,0.0860974,0.0895194,0.0848244,0.0882214,3285206.9971420006,0
BSW.V,D,20240602,000000,0.0882294,0.0893276,0.0853471,0.0865541,2651134.480092002,0
BSW.V,D,20240603,000000,0.0865524,0.091169,0.0862525,0.0890884,5478767.688856005,0
BSW.V,D,20240604,000000,0.088784,0.0958029,0.0885841,0.0931991,3855552.2620411497,0
BSW.V,D,20240605,000000,0.0935,0.0975146,0.0925861,0.0965097,6253891.769781009,0
BSW.V,D,20240606,000000,0.0965087,0.0972029,0.093272,0.0940699,2722510.8382470002,0
BSW.V,D,20240607,000000,0.0939699,0.0954608,0.0865307,0.0882673,2836767.525119001,0
BSW.V,D,20240608,000000,0.0880674,0.0887609,0.0836908,0.0841899,1738272.238384998,0
BSW.V,D,20240609,000000,0.0840907,0.0853889,0.0827909,0.0848873,775381.7111519995,0
BSW.V,D,20240610,000000,0.0850085,0.0851889,0.0806839,0.0811781,2274863.762720998,0
BSW.V,D,20240611,000000,0.0808765,0.0809765,0.0756606,0.0779836,2064077.7137179992,0
BSW.V,D,20240612,000000,0.0779828,0.0830174,0.0764924,0.0785741,3295940.409944002,0
BSW.V,D,20240613,000000,0.0785733,0.0786732,0.0727731,0.0740696,1999884.4445879972,0
BSW.V,D,20240614,000000,0.0739704,0.0761329,0.0709567,0.0730488,2100451.7588190814,0
BSW.V,D,20240615,000000,0.0729489,0.0755531,0.0722523,0.0737587,1495862.0512640004,0
BSW.V,D,20240616,000000,0.073658,0.0750452,0.0725557,0.0735404,1877044.102501,0
BSW.V,D,20240617,000000,0.073741,0.0746492,0.0674588,0.0693674,3015193.8505519996,0
BSW.V,D,20240618,000000,0.0693681,0.069469,0.0612773,0.0648643,2355521.2136589983,0
BSW.V,D,20240619,000000,0.0646644,0.0671926,0.0642646,0.0656737,1667707.2769880013,0
BSW.V,D,20240620,000000,0.0655738,0.0693715,0.0650746,0.0670524,2460544.0220349994,0
BSW.V,D,20240621,000000,0.0670517,0.0679463,0.0637419,0.06446,3447515.8707009978,0
BSW.V,D,20240622,000000,0.0646599,0.0647605,0.0625618,0.0641743,1275388.7797770002,0
BSW.V,D,20240623,000000,0.0641743,0.0679612,0.0609603,0.0621565,3179810.208696998,0
BSW.V,D,20240624,000000,0.0621571,0.0625543,0.0592632,0.0625543,4174383.383660003,0
BSW.V,D,20240625,000000,0.0623538,0.0646819,0.0623538,0.0642884,1483573.1818080004,0
BSW.V,D,20240626,000000,0.0642852,0.0649799,0.0617815,0.0637566,1228480.7426069996,0
BSW.V,D,20240627,000000,0.0636516,0.0657342,0.0625374,0.0655982,2758687.720471997,0
BSW.V,D,20240628,000000,0.0655128,0.0665021,0.0644207,0.0647728,3472367.564575,0
BSW.V,D,20240629,000000,0.064671,0.064778,0.0624986,0.0627931,1340263.9910896197,0
BSW.V,D,20240630,000000,0.0627931,0.0701721,0.0617923,0.0647015,13998856.295751983,0
BSW.V,D,20240701,000000,0.0647988,0.0670275,0.0647002,0.0663256,1760122.142154998,0
BSW.V,D,20240702,000000,0.0662291,0.0662291,0.0630293,0.0635987,3530734.2572510033,0
BSW.V,D,20240703,000000,0.0635981,0.0640071,0.0613312,0.0620311,1390656.3180099989,0
BSW.V,D,20240704,000000,0.0620304,0.0623314,0.0570532,0.0580669,1393214.1492010003,0
BSW.V,D,20240705,000000,0.0580675,0.0582668,0.048187,0.0533021,4452580.641880996,0
BSW.V,D,20240706,000000,0.0532043,0.0569051,0.0530042,0.0567017,1178369.5917982997,0
BSW.V,D,20240707,000000,0.0568017,0.0571051,0.0552945,0.056091,1392759.568437001,0
BSW.V,D,20240708,000000,0.0560944,0.0580948,0.0532952,0.0575954,2833419.4418279985,0
BSW.V,D,20240709,000000,0.0574948,0.0588041,0.0570892,0.0586988,1351370.6826490015,0
BSW.V,D,20240710,000000,0.0582988,0.059888,0.0582988,0.0592953,1005321.060489,0
BSW.V,D,20240711,000000,0.0593958,0.0614988,0.059297,0.0603982,1557314.2361730018,0
BSW.V,D,20240712,000000,0.0602988,0.0605151,0.0580012,0.060212,1772116.7459839995,0
BSW.V,D,20240713,000000,0.0603115,0.0610146,0.0601114,0.0607103,816844.7813102008,0
BSW.V,D,20240714,000000,0.0606182,0.0632234,0.0603109,0.0632234,1717854.2942970009,0
BSW.V,D,20240715,000000,0.0631233,0.0644322,0.062515,0.064032,5880141.546111992,0
BSW.V,D,20240716,000000,0.063932,0.0655354,0.062018,0.064116,2575903.6633749967,0
BSW.V,D,20240717,000000,0.0643161,0.0653144,0.0624131,0.0637057,1444323.8474110002,0
BSW.V,D,20240718,000000,0.0638057,0.0646981,0.0615951,0.0617876,1889373.4755779998,0
BSW.V,D,20240719,000000,0.0617876,0.0651325,0.0613871,0.065028,1239920.8302580004,0
BSW.V,D,20240720,000000,0.065028,0.0657302,0.0643276,0.0649279,957446.7807419,0
BSW.V,D,20240721,000000,0.0651273,0.0663126,0.0632341,0.0662139,2053351.6093689997,0
BSW.V,D,20240722,000000,0.0661139,0.0663113,0.0635089,0.0639192,1142465.2522530002,0
BSW.V,D,20240723,000000,0.0640192,0.0648052,0.0616055,0.0622075,1634598.0331599996,0
BSW.V,D,20240724,000000,0.0623069,0.0628075,0.0598928,0.0602897,1484924.7459260009,0
BSW.V,D,20240725,000000,0.0602891,0.0602897,0.0570863,0.0594827,2000098.3881139983,0
BSW.V,D,20240726,000000,0.0594845,0.062,0.0591852,0.0616994,1450446.8048330005,0
BSW.V,D,20240727,000000,0.0618,0.0629063,0.0603012,0.0618981,804834.0451010001,0
BSW.V,D,20240728,000000,0.0619062,0.0631924,0.0604988,0.0609945,2534358.6163697983,0
BSW.V,D,20240729,000000,0.0609939,0.0626875,0.060297,0.0607927,2214264.125856001,0
BSW.V,D,20240730,000000,0.0610927,0.0615828,0.0583819,0.0584825,1473548.891689,0
BSW.V,D,20240731,000000,0.0586824,0.059973,0.0569726,0.0574776,807698.6275870004,0
BSW.V,D,20240801,000000,0.0575793,0.057774,0.0521499,0.0546551,1372125.5415704104,0
BSW.V,D,20240802,000000,0.0546562,0.055949,0.0512513,0.0516405,1697191.8745760005,0
BSW.V,D,20240803,000000,0.0517404,0.0521593,0.0479678,0.0487693,3138209.1721420004,0
BSW.V,D,20240804,000000,0.0487693,0.0512744,0.0465599,0.0480861,2782375.988834004,0
BSW.V,D,20240805,000000,0.048186,0.0484821,0.0387996,0.0435083,5336117.515792002,0
BSW.V,D,20240806,000000,0.0435083,0.046118,0.0433117,0.0457178,2545241.089625998,0
BSW.V,D,20240807,000000,0.0457174,0.0484068,0.0445169,0.0451041,4591789.570607,0
BSW.V,D,20240808,000000,0.045105,0.0481183,0.0441123,0.0481154,1456289.0946700005,0
BSW.V,D,20240809,000000,0.048214,0.0489117,0.0470089,0.0472146,1179781.9312500004,0
BSW.V,D,20240810,000000,0.0472146,0.0493094,0.0472146,0.0493094,831538.4033659993,0
BSW.V,D,20240811,000000,0.0493246,0.050111,0.0476133,0.0480048,2087898.769523,0
BSW.V,D,20240812,000000,0.0481048,0.050018,0.0468112,0.0484048,1789816.2049289995,0
BSW.V,D,20240813,000000,0.0485053,0.0494054,0.047609,0.0493059,1390234.6627369996,0
BSW.V,D,20240814,000000,0.0493054,0.0499289,0.0480038,0.0481038,1765520.7135750016,0
BSW.V,D,20240815,000000,0.0481043,0.0485063,0.0455086,0.0458082,1478807.7372126,0
BSW.V,D,20240816,000000,0.0459087,0.0467028,0.0443084,0.0456132,1752353.3262115994,0
BSW.V,D,20240817,000000,0.0458128,0.0475028,0.0450081,0.0474038,1793995.4414279999,0
BSW.V,D,20240818,000000,0.0474043,0.0515093,0.0466033,0.0500095,4318681.7555350065,0
BSW.V,D,20240819,000000,0.0500095,0.0523141,0.0486107,0.0511112,11645441.269080993,0
BSW.V,D,20240820,000000,0.0510112,0.0603229,0.0504076,0.0524,23138913.05100501,0
BSW.V,D,20240821,000000,0.0523005,0.0677081,0.0521,0.0584053,75023421.04636584,0
BSW.V,D,20240822,000000,0.0583291,0.0769131,0.0560162,0.0704035,102571315.6613418,0
BSW.V,D,20240823,000000,0.0703035,0.1141886,0.0688034,0.09978,267016008.39723393,0
BSW.V,D,20240824,000000,0.100079,0.114784,0.0883309,0.0884309,152771626.2187766,0
BSW.V,D,20240825,000000,0.0883309,0.0916266,0.0812276,0.0832291,41870123.92178493,0
BSW.V,D,20240826,000000,0.0832291,0.0850281,0.0734198,0.0745134,25445541.139692005,0
BSW.V,D,20240827,000000,0.0745134,0.0938887,0.0704944,0.0865009,112565526.85324618,0
BSW.V,D,20240828,000000,0.0866,0.0888107,0.0709057,0.0749067,76078691.26422492,0
BSW.V,D,20240829,000000,0.0748067,0.0899072,0.0731073,0.0769992,66421839.699296966,0
BSW.V,D,20240830,000000,0.0768985,0.087393,0.074083,0.0791897,59372231.09390214,0
BSW.V,D,20240831,000000,0.0789897,0.0807855,0.0748963,0.0768854,22361393.77524206,0
BSW.V,D,20240901,000000,0.0771077,0.0804839,0.0724884,0.0733875,22469179.23073402,0
BSW.V,D,20240902,000000,0.0733875,0.0844882,0.0702958,0.0827859,61534593.93046502,0
BSW.V,D,20240903,000000,0.0828834,0.0867905,0.0762886,0.0789779,24863484.523532853,0
BSW.V,D,20240904,000000,0.0789779,0.0807798,0.073378,0.0760909,15044181.492044961,0
BSW.V,D,20240905,000000,0.0760916,0.1015909,0.075394,0.080571,137495575.42934546,0
BSW.V,D,20240906,000000,0.080571,0.0812707,0.071662,0.0739615,23406418.125974026,0
BSW.V,D,20240907,000000,0.0737616,0.0765763,0.0731758,0.0738926,8627613.560338004,0
BSW.V,D,20240908,000000,0.0741918,0.0778922,0.0729861,0.0747933,10178742.922962904,0
BSW.V,D,20240909,000000,0.0747299,0.0762137,0.0732971,0.0761137,11331543.736363001,0
BSW.V,D,20240910,000000,0.076038,0.0773954,0.0740118,0.075294,10143621.683423014,0
BSW.V,D,20240911,000000,0.0754947,0.0763954,0.0714928,0.0734066,16986157.985622313,0
BSW.V,D,20240912,000000,0.0734853,0.0741067,0.0707865,0.0722942,8614482.970844002,0
BSW.V,D,20240913,000000,0.0725935,0.0737941,0.0710964,0.0735287,5885389.449192499,0
BSW.V,D,20240914,000000,0.0736294,0.0777233,0.072629,0.0758136,18898821.500894003,0
BSW.V,D,20240915,000000,0.0758136,0.0766146,0.0724101,0.0731007,6406352.118982003,0
BSW.V,D,20240916,000000,0.0732007,0.0732293,0.0655869,0.0661868,12163853.125684606,0
BSW.V,D,20240917,000000,0.0662874,0.0688062,0.0653935,0.0673061,5762796.5612720065,0
BSW.V,D,20240918,000000,0.0673061,0.0676068,0.0630981,0.0662026,5685128.776233001,0
BSW.V,D,20240919,000000,0.066202,0.0714079,0.0661026,0.069609,7898362.475928,0
BSW.V,D,20240920,000000,0.0694062,0.0732934,0.069109,0.0703042,6691133.715569996,0
BSW.V,D,20240921,000000,0.070307,0.0727036,0.0692993,0.0711071,3428079.219467198,0
BSW.V,D,20240922,000000,0.0714071,0.0750925,0.0698986,0.0722,13298785.136653215,0
BSW.V,D,20240923,000000,0.0722928,0.0741896,0.0709844,0.0723971,5278505.675388397,0
BSW.V,D,20240924,000000,0.0723971,0.0724978,0.0702937,0.0716957,5439302.775739299,0
BSW.V,D,20240925,000000,0.0717964,0.0733985,0.0707908,0.0714878,4877569.309996298,0
BSW.V,D,20240926,000000,0.0710879,0.0718878,0.069382,0.0706064,3899327.4388820007,0
BSW.V,D,20240927,000000,0.0709071,0.0745075,0.0704063,0.0740133,5845017.577266399,0
BSW.V,D,20240928,000000,0.0741133,0.075409,0.0713071,0.0720086,6749745.287501595,0
BSW.V,D,20240929,000000,0.0722855,0.0740444,0.0705788,0.0722361,6378210.922421997,0
BSW.V,D,20240930,000000,0.0721856,0.0725435,0.0662781,0.0668793,4716715.392960001,0
BSW.V,D,20241001,000000,0.0667793,0.0674622,0.0584842,0.0601843,8904568.619335003,0
BSW.V,D,20241002,000000,0.0599844,0.0608866,0.0559961,0.0574851,4119087.9057109994,0
BSW.V,D,20241003,000000,0.0572845,0.0588912,0.0541848,0.0562938,6334251.541297496,0
BSW.V,D,20241004,000000,0.0560933,0.0600958,0.0559927,0.0598934,1878690.2252767994,0
BSW.V,D,20241005,000000,0.0596982,0.0604964,0.0583912,0.0588912,3310155.7558484017,0
BSW.V,D,20241006,000000,0.0588912,0.0609884,0.0588912,0.0603964,1893482.7751712012,0
BSW.V,D,20241007,000000,0.0600898,0.0627881,0.0598844,0.0608811,6611660.3144357,0
BSW.V,D,20241008,000000,0.0609811,0.0609817,0.0579768,0.0592573,6719091.173370596,0
BSW.V,D,20241009,000000,0.0591574,0.0593572,0.0563504,0.0570492,2150036.12194327,0
BSW.V,D,20241010,000000,0.0569544,0.0580361,0.0552253,0.0566382,3069398.0970582804,0
BSW.V,D,20241011,000000,0.0569384,0.0656553,0.0566388,0.0627918,28059489.35498159,0
BSW.V,D,20241012,000000,0.0629912,0.0635727,0.0609738,0.0619808,9483996.165844612,0
BSW.V,D,20241013,000000,0.0617808,0.0627812,0.0594703,0.0617747,6934383.470374801,0
BSW.V,D,20241014,000000,0.0617747,0.0638796,0.0606696,0.0629906,4243506.1286434,0
BSW.V,D,20241015,000000,0.0631899,0.0639898,0.0589841,0.0599844,4528338.572417202,0
BSW.V,D,20241016,000000,0.0598844,0.0609872,0.059077,0.0599862,2029404.1646399999,0
BSW.V,D,20241017,000000,0.0600886,0.0604837,0.057581,0.0585795,3317010.634076799,0
BSW.V,D,20241018,000000,0.0586795,0.0604939,0.0583755,0.0601928,2361983.9367954982,0
BSW.V,D,20241019,000000,0.0601928,0.0616889,0.0598958,0.0604861,2206021.850351001,0
BSW.V,D,20241020,000000,0.0602698,0.0648812,0.06007,0.0639789,8282426.732142801,0
BSW.V,D,20241021,000000,0.0639789,0.0655764,0.0602753,0.0618746,6657816.651494606,0
BSW.V,D,20241022,000000,0.061874,0.0620652,0.0601548,0.0612559,3808431.0026013996,0
BSW.V,D,20241023,000000,0.0614563,0.0616562,0.0562212,0.0577387,3579921.7736214013,0
BSW.V,D,20241024,000000,0.057838,0.0614588,0.0576429,0.0600627,5414762.821906827,0
BSW.V,D,20241025,000000,0.0601633,0.0602632,0.0568649,0.0578956,3505177.5709953024,0
BSW.V,D,20241026,000000,0.0580952,0.0580952,0.0523303,0.0541252,3482933.6118088784,0
BSW.V,D,20241027,000000,0.054129,0.0559255,0.0538262,0.0555233,1301672.43344763,0
BSW.V,D,20241028,000000,0.055733,0.0565609,0.0537139,0.0561607,3775836.2647966305,0
BSW.V,D,20241029,000000,0.0561607,0.0601886,0.055862,0.0591799,4417308.203524001,0
BSW.V,D,20241030,000000,0.0590811,0.0592816,0.0574741,0.0579814,2310830.566968499,0
BSW.V,D,20241031,000000,0.0580814,0.0582802,0.0546546,0.0555272,1660746.118024,0
BSW.V,D,20241101,000000,0.0555272,0.0574523,0.0541306,0.0549621,2342542.1321762977,0
BSW.V,D,20241102,000000,0.055062,0.055676,0.0530846,0.0534845,2313634.263039011,0
BSW.V,D,20241103,000000,0.0531862,0.0535828,0.0473839,0.0499805,6067090.114583002,0
BSW.V,D,20241104,000000,0.0497801,0.051055,0.0479654,0.0491621,2790532.52384251,0
BSW.V,D,20241105,000000,0.0490617,0.0518891,0.0489691,0.0509939,2710975.3927120627,0
BSW.V,D,20241106,000000,0.0511933,0.0572343,0.0511933,0.0571343,12513909.556263814,0
BSW.V,D,20241107,000000,0.0570342,0.0578289,0.0548269,0.0564226,4394144.652051997,0
BSW.V,D,20241108,000000,0.0561337,0.0586381,0.0555444,0.058438,6161036.808044998,0
BSW.V,D,20241109,000000,0.0584374,0.0614319,0.0577369,0.059918,14980164.953157581,0
BSW.V,D,20241110,000000,0.059918,0.080629,0.0593291,0.0658362,104371518.07463513,0
BSW.V,D,20241111,000000,0.065436,0.0675439,0.0633494,0.0659758,8513910.991018739,0
BSW.V,D,20241112,000000,0.0659758,0.0681606,0.0600444,0.0639415,9270147.106701816,0
BSW.V,D,20241113,000000,0.0638415,0.0638478,0.0582867,0.0601607,5531051.365886708,0
BSW.V,D,20241114,000000,0.0601661,0.0651241,0.0597675,0.0622062,10421862.877122018,0
BSW.V,D,20241115,000000,0.0620074,0.06262,0.0578179,0.0625187,4665620.103204394,0
BSW.V,D,20241116,000000,0.0624187,0.066732,0.0622168,0.065723,4924443.418834003,0
BSW.V,D,20241117,000000,0.065623,0.075397,0.0622199,0.0655026,39248933.981712945,0
BSW.V,D,20241118,000000,0.0654026,0.0696369,0.0646058,0.0687618,9666161.705707,0
BSW.V,D,20241119,000000,0.0688619,0.0694347,0.0633639,0.0640813,7715385.221242412,0
BSW.V,D,20241120,000000,0.0641801,0.0653888,0.060657,0.0625431,5570733.279755501,0
BSW.V,D,20241121,000000,0.0624431,0.0671235,0.0602536,0.0664397,2851179.1012570034,0
BSW.V,D,20241122,000000,0.0666132,0.0678671,0.064141,0.0666693,5780356.23294,0
BSW.V,D,20241123,000000,0.0665692,0.0735794,0.0665692,0.0732791,7688135.356606794,0
BSW.V,D,20241124,000000,0.0729787,0.0780757,0.0702765,0.0766766,8208564.553328674,0
BSW.V,D,20241125,000000,0.0767759,0.0782743,0.0715785,0.0740837,7996400.122731005,0
BSW.V,D,20241126,000000,0.0736823,0.0765153,0.0683781,0.0711737,4807668.176586337,0
BSW.V,D,20241127,000000,0.0714728,0.0807646,0.0704655,0.0791791,5701060.128933999,0
BSW.V,D,20241128,000000,0.0789789,0.0799847,0.075215,0.0787039,4761394.135721005,0
BSW.V,D,20241129,000000,0.0785047,0.0805588,0.0760068,0.0803586,3536133.381424997,0
BSW.V,D,20241130,000000,0.0804587,0.0867338,0.0788299,0.0858343,4888171.134722664,0
BSW.V,D,20241201,000000,0.0862345,0.0869365,0.0809413,0.0822419,7251089.865892984,0
BSW.V,D,20241202,000000,0.0823428,0.0852094,0.0773008,0.0844295,7503529.377473807,0
BSW.V,D,20241203,000000,0.0844304,0.0939695,0.0824975,0.0938628,7420729.723305022,0
BSW.V,D,20241204,000000,0.0937609,0.104545,0.0934588,0.09994,15787917.313283661,0
BSW.V,D,20241205,000000,0.100335,0.106172,0.094722,0.098421,6474044.890366002,0
BSW.V,D,20241206,000000,0.0984927,0.10294,0.0959652,0.101844,5308850.808082004,0
BSW.V,D,20241207,000000,0.101744,0.10284,0.0983688,0.0983688,7012665.424229036,0
BSW.V,D,20241208,000000,0.0981687,0.108143,0.0957574,0.106058,15992600.818566991,0
BSW.V,D,20241209,000000,0.106159,0.10856,0.0744208,0.0820238,11233566.902677001,0
BSW.V,D,20241210,000000,0.0819246,0.0846228,0.072908,0.0794397,6869566.970496995,0
BSW.V,D,20241211,000000,0.0797398,0.0863561,0.0774441,0.0857428,4208254.697826996,0
BSW.V,D,20241212,000000,0.0861568,0.0939404,0.0858506,0.091421,5965944.821783,0
BSW.V,D,20241213,000000,0.0914137,0.0919009,0.0881115,0.089717,6363430.807012012,0
BSW.V,D,20241214,000000,0.0902171,0.091811,0.0835933,0.0851923,2394740.243584,0
BSW.V,D,20241215,000000,0.0851923,0.0884566,0.0823835,0.0853795,2788911.081465208,0
BSW.V,D,20241216,000000,0.0855846,0.090353,0.0819606,0.085323,2397512.45843,0
BSW.V,D,20241217,000000,0.085624,0.085624,0.0786961,0.0791921,3046339.5746370014,0
BSW.V,D,20241218,000000,0.0785929,0.0792055,0.0694764,0.0710708,3742458.351095802,0
BSW.V,D,20241219,000000,0.0709716,0.0722602,0.0629307,0.0667385,3631647.663449798,0
BSW.V,D,20241220,000000,0.0667392,0.0682126,0.0574138,0.0674548,4101321.352548575,0
BSW.V,D,20241221,000000,0.0673555,0.0715656,0.0627699,0.063362,2950915.7909113984,0
BSW.V,D,20241222,000000,0.0629635,0.0663535,0.0619318,0.0638278,3273170.760190002,0
BSW.V,D,20241223,000000,0.0639238,0.0697016,0.0622477,0.0688104,3426630.4805475217,0
BSW.V,D,20241224,000000,0.0692064,0.0726455,0.0665028,0.0711452,5605556.442115019,0
BSW.V,D,20241225,000000,0.0711523,0.0716434,0.0685396,0.0688387,1999190.7952876878,0
BSW.V,D,20241226,000000,0.0689386,0.0701459,0.0640321,0.0656304,3883195.510865997,0
BSW.V,D,20241227,000000,0.0654273,0.0686203,0.0648195,0.0666026,2947908.627413081,0
BSW.V,D,20241228,000000,0.0667031,0.0761634,0.0663031,0.0753581,16244204.525322014,0
BSW.V,D,20241229,000000,0.0752582,0.0881499,0.0729713,0.0788459,114614918.1905703,0
BSW.V,D,20241230,000000,0.079345,0.0819391,0.0731607,0.0758617,20512175.80486004,0
BSW.V,D,20241231,000000,0.0753618,0.0784821,0.074389,0.0748597,3698210.896509004,0
BSW.V,D,20250101,000000,0.0748597,0.0864303,0.0748567,0.0840249,32201028.53028302,0
BSW.V,D,20250102,000000,0.0837255,0.0841247,0.077929,0.07832,11812223.205946991,0
BSW.V,D,20250103,000000,0.0782201,0.0808693,0.0771367,0.0805702,1821894.7346868014,0
BSW.V,D,20250104,000000,0.0807685,0.0813764,0.0787882,0.0799848,2930825.619388,0
BSW.V,D,20250105,000000,0.079984,0.0816706,0.0789826,0.0807798,2269262.4813919994,0
BSW.V,D,20250106,000000,0.0808725,0.0835426,0.0789834,0.0821238,4292233.885708,0
BSW.V,D,20250107,000000,0.0819238,0.0822337,0.0711786,0.0719899,2095506.232094001,0
BSW.V,D,20250108,000000,0.0717899,0.0721863,0.0654686,0.0687814,1541816.5338930015,0
BSW.V,D,20250109,000000,0.0684822,0.0696784,0.0648877,0.0667953,1744316.3095349995,0
BSW.V,D,20250110,000000,0.0666953,0.0690889,0.0661848,0.068185,1611781.3311699994,0
BSW.V,D,20250111,000000,0.0681857,0.0688718,0.0664481,0.0675682,1254564.6278129998,0
BSW.V,D,20250112,000000,0.0677681,0.0677729,0.0648675,0.0654614,2276597.6284799995,0
BSW.V,D,20250113,000000,0.0654673,0.0675696,0.059126,0.0632728,4089034.5277360007,0
BSW.V,D,20250114,000000,0.0631735,0.0659729,0.0628717,0.0659729,1028054.9258739997,0
BSW.V,D,20250115,000000,0.0656744,0.0691214,0.0633664,0.0687027,1391673.4715940005,0
BSW.V,D,20250116,000000,0.0687021,0.0691848,0.066578,0.0672852,856859.1424310001,0
BSW.V,D,20250117,000000,0.0676844,0.0717222,0.0673899,0.0716229,2046995.1872619996,0
BSW.V,D,20250118,000000,0.0713221,0.072326,0.0634416,0.0642408,2669222.3165710014,0
BSW.V,D,20250119,000000,0.0641416,0.0670262,0.0594042,0.0594363,5897630.497142006,0
BSW.V,D,20250120,000000,0.0596302,0.0630926,0.0559188,0.058626,4038310.5736885513,0
BSW.V,D,20250121,000000,0.0584321,0.0611976,0.0550366,0.0606061,2142475.197515,0
BSW.V,D,20250122,000000,0.0598197,0.0613871,0.0594857,0.0594863,1376962.9964619994,0
BSW.V,D,20250123,000000,0.0592864,0.0602108,0.0568097,0.058913,1268459.216896998,0
BSW.V,D,20250124,000000,0.0588159,0.0599982,0.056696,0.0568028,1076370.4885530006,0
BSW.V,D,20250125,000000,0.0567006,0.0580971,0.0555983,0.0572903,670363.5714050002,0
BSW.V,D,20250126,000000,0.0572891,0.0604897,0.0569892,0.0587912,1743184.9499049997,0
BSW.V,D,20250127,000000,0.0586912,0.0586912,0.0526642,0.0568858,2465660.7911039004,0
BSW.V,D,20250128,000000,0.0565904,0.0573983,0.0509735,0.0517663,2470682.8773870002,0
BSW.V,D,20250129,000000,0.051567,0.0540903,0.0505853,0.0529979,2659562.121421,0
BSW.V,D,20250130,000000,0.0529989,0.0550016,0.0517974,0.0539049,1254903.0015370012,0
BSW.V,D,20250131,000000,0.0538054,0.0582116,0.0529973,0.0554872,1410674.8605160003,0
BSW.V,D,20250201,000000,0.0555867,0.0587841,0.052087,0.052087,5632140.585051003,0
BSW.V,D,20250202,000000,0.0519865,0.0529926,0.0425996,0.0436869,2600562.8080319986,0
BSW.V,D,20250203,000000,0.0436869,0.0446906,0.0345014,0.0432475,6248622.030690007,0
BSW.V,D,20250204,000000,0.0432436,0.0435461,0.0381305,0.0397195,2133994.8457629983,0
BSW.V,D,20250205,000000,0.039918,0.0409078,0.0380042,0.0382031,2449794.378307999,0
BSW.V,D,20250206,000000,0.0383031,0.0397091,0.036004,0.0364025,1996043.8111160002,0
BSW.V,D,20250207,000000,0.0365026,0.0395174,0.0359022,0.0364011,1561443.538584,0
BSW.V,D,20250208,000000,0.0365015,0.0440969,0.0365015,0.0421034,25370303.43085801,0
BSW.V,D,20250209,000000,0.0420034,0.0458092,0.0387046,0.0402056,12404393.641686987,0
BSW.V,D,20250210,000000,0.0404044,0.045905,0.0394079,0.0439075,10583306.083839804,0
BSW.V,D,20250211,000000,0.0439079,0.0481063,0.0433957,0.043893,11518734.89427601,0
BSW.V,D,20250212,000000,0.0440925,0.0783898,0.0423,0.0712043,97313995.08932324,0
BSW.V,D,20250213,000000,0.071805,0.0748955,0.0520995,0.0531011,68205553.85411976,0
BSW.V,D,20250214,000000,0.0531042,0.0550055,0.050701,0.0511092,21058678.870307993,0
BSW.V,D,20250215,000000,0.0511082,0.0522037,0.049303,0.050005,12642803.662020009,0
