<TICKER>,<PER>,<DATE>,<TIME>,<OPEN>,<HIGH>,<LOW>,<CLOSE>,<VOL>,<OPENINT>
CKB.V,D,20220514,000000,0.00450233,0.0047928,0.00416955,0.00474335,150137647.26105,0
CKB.V,D,20220515,000000,0.00476284,0.00548231,0.00453319,0.00512333,183540280.88471,0
CKB.V,D,20220516,000000,0.00512384,0.0051638,0.00469483,0.00487366,132656207.81545,0
CKB.V,D,20220517,000000,0.00489363,0.00538353,0.00479328,0.00510336,75216386.121937,0
CKB.V,D,20220518,000000,0.00512384,0.0051638,0.00478377,0.00480375,49122862.778221,0
CKB.V,D,20220519,000000,0.00482324,0.00501498,0.00460401,0.00494505,35109402.049942,0
CKB.V,D,20220520,000000,0.00492556,0.00503395,0.0047638,0.0048242,32171647.630761,0
CKB.V,D,20220521,000000,0.00483419,0.00503345,0.00477379,0.00495355,39033419.411021,0
CKB.V,D,20220522,000000,0.00493358,0.0050734,0.00490313,0.00502396,38284132.802546,0
CKB.V,D,20220523,000000,0.00503395,0.00515484,0.00497452,0.00503395,58932436.395609,0
CKB.V,D,20220524,000000,0.00503345,0.00504444,0.00477426,0.00494307,101330285.79802,0
CKB.V,D,20220525,000000,0.00493358,0.00504394,0.00472432,0.00477426,60872360.565863,0
CKB.V,D,20220526,000000,0.00477426,0.00478473,0.00428528,0.00438561,75692833.665179,0
CKB.V,D,20220527,000000,0.00440559,0.00442557,0.00415584,0.00425574,59156043.899677,0
CKB.V,D,20220528,000000,0.00421515,0.00437553,0.00417477,0.00433492,34020567.46812,0
CKB.V,D,20220529,000000,0.00432485,0.00454527,0.00429514,0.0045153,41127439.807286,0
CKB.V,D,20220530,000000,0.00452497,0.00504596,0.00451512,0.00483661,174724044.23955,0
CKB.V,D,20220531,000000,0.00486659,0.00489608,0.00459632,0.00467579,85849205.46359,0
CKB.V,D,20220601,000000,0.00467668,0.00475619,0.00443512,0.00451593,27888637.663536,0
CKB.V,D,20220602,000000,0.00451548,0.00456589,0.00442601,0.00453591,79387867.157816,0
CKB.V,D,20220603,000000,0.00454591,0.0045965,0.00433588,0.00441615,33462619.3746,0
CKB.V,D,20220604,000000,0.00441615,0.0044766,0.00435542,0.0044766,255755486.42963,0
CKB.V,D,20220605,000000,0.00447668,0.00484549,0.00439608,0.00474553,247380657.74429,0
CKB.V,D,20220606,000000,0.00473554,0.00475553,0.00458596,0.00462611,518375478.83434,0
CKB.V,D,20220607,000000,0.00462606,0.0046362,0.0043364,0.00458619,430237381.16664,0
CKB.V,D,20220608,000000,0.00457634,0.00458651,0.00431706,0.00437715,361187016.38037,0
CKB.V,D,20220609,000000,0.00436716,0.0044964,0.00427662,0.00433635,336489477.27881,0
CKB.V,D,20220610,000000,0.00432632,0.00433648,0.00401542,0.00403487,396462341.89393,0
CKB.V,D,20220611,000000,0.00404482,0.00418531,0.00380531,0.00395549,206106225.43117,0
CKB.V,D,20220612,000000,0.00394554,0.00398553,0.00369475,0.00379533,107206209.55376,0
CKB.V,D,20220613,000000,0.00377531,0.00379533,0.00328085,0.0034252,637544522.61135,0
CKB.V,D,20220614,000000,0.00341525,0.00349559,0.00317533,0.00339592,2048632851.4931,0
CKB.V,D,20220615,000000,0.00341586,0.00350614,0.00308444,0.00349475,1165784450.3869,0
CKB.V,D,20220616,000000,0.0034951,0.00351578,0.003326,0.00335563,245550161.71092,0
CKB.V,D,20220617,000000,0.00322451,0.00330576,0.00315489,0.00319616,1567300243.3999,0
CKB.V,D,20220618,000000,0.00320618,0.00322587,0.00279586,0.00288532,1869748406.713,0
CKB.V,D,20220619,000000,0.0028953,0.00309628,0.00280581,0.00306601,575656862.81971,0
CKB.V,D,20220620,000000,0.00306601,0.00310689,0.00297642,0.00302636,248578326.50651,0
CKB.V,D,20220621,000000,0.00302636,0.0045954,0.00301638,0.00398561,720065687.03607,0
CKB.V,D,20220622,000000,0.00396563,0.0042957,0.00333633,0.00343656,618774092.27984,0
CKB.V,D,20220623,000000,0.00343656,0.00355644,0.00337662,0.00352647,117142215.29512,0
CKB.V,D,20220624,000000,0.00355644,0.00372705,0.00348651,0.00370711,430135006.2271,0
CKB.V,D,20220625,000000,0.00371628,0.00377622,0.00352774,0.00366743,212885273.37518,0
CKB.V,D,20220626,000000,0.00366743,0.00370748,0.00358781,0.00361776,104271080.61618,0
CKB.V,D,20220627,000000,0.00360787,0.00375774,0.0035478,0.0036667,79199653.045828,0
CKB.V,D,20220628,000000,0.00365656,0.00398637,0.00361681,0.0036555,119444553.8204,0
CKB.V,D,20220629,000000,0.00365546,0.0036555,0.00348452,0.0035457,128281485.01576,0
CKB.V,D,20220630,000000,0.00355573,0.00355573,0.00327577,0.00334598,212306414.37419,0
CKB.V,D,20220701,000000,0.00333599,0.00351613,0.003326,0.00341624,119155993.21764,0
CKB.V,D,20220702,000000,0.00341624,0.00348581,0.00334598,0.00345585,91910786.868972,0
CKB.V,D,20220703,000000,0.00345585,0.00346584,0.0033553,0.00344552,94329779.181262,0
CKB.V,D,20220704,000000,0.00344552,0.00355573,0.00337527,0.00354574,42300796.940484,0
CKB.V,D,20220705,000000,0.00353575,0.00362601,0.00344586,0.00361602,62765903.329694,0
CKB.V,D,20220706,000000,0.00361602,0.00361602,0.00346618,0.00358605,61233262.760557,0
CKB.V,D,20220707,000000,0.00357606,0.00379734,0.00351578,0.00372776,96014807.378377,0
CKB.V,D,20220708,000000,0.00373776,0.00381694,0.00364781,0.00372776,62815475.81047,0
CKB.V,D,20220709,000000,0.00372776,0.00378773,0.00366743,0.00374775,53708003.588752,0
CKB.V,D,20220710,000000,0.00374737,0.00375774,0.00355751,0.00360783,46550715.284449,0
CKB.V,D,20220711,000000,0.00360783,0.00360783,0.00344758,0.00345654,32805649.68749,0
CKB.V,D,20220712,000000,0.00345689,0.00498501,0.00333666,0.00444555,1940271899.9735,0
CKB.V,D,20220713,000000,0.00444555,0.00448569,0.00361638,0.00375662,1359070733.9764,0
CKB.V,D,20220714,000000,0.00376661,0.00390765,0.00367706,0.00381771,194592198.48137,0
CKB.V,D,20220715,000000,0.00381733,0.00397881,0.00379734,0.00397881,146536649.17825,0
CKB.V,D,20220716,000000,0.00397881,0.0046686,0.00391882,0.00419874,824286712.86654,0
CKB.V,D,20220717,000000,0.00419916,0.00425898,0.00403871,0.00409889,106682155.21492,0
CKB.V,D,20220718,000000,0.00410893,0.00461908,0.00402991,0.00441898,313623994.25816,0
CKB.V,D,20220719,000000,0.00442867,0.00477,0.00440899,0.00459073,269530489.281,0
CKB.V,D,20220720,000000,0.00459,0.00460037,0.00413992,0.00425021,262212481.41266,0
CKB.V,D,20220721,000000,0.00425025,0.00425025,0.00411041,0.00423106,96206154.690412,0
CKB.V,D,20220722,000000,0.00421601,0.00431329,0.00410762,0.00411762,143599646.1086,0
CKB.V,D,20220723,000000,0.00412,0.00422292,0.00391692,0.00401752,68240947.399007,0
CKB.V,D,20220724,000000,0.00400776,0.00422283,0.00398144,0.00415183,56843382.806844,0
CKB.V,D,20220725,000000,0.00412182,0.00480005,0.00390131,0.00411037,593826115.47335,0
CKB.V,D,20220726,000000,0.00411037,0.00415037,0.00390008,0.00396059,109461875.76709,0
CKB.V,D,20220727,000000,0.00395659,0.00428254,0.00395555,0.00421901,111592511.24913,0
CKB.V,D,20220728,000000,0.0042271,0.00448027,0.00417929,0.00445089,251897985.03682,0
CKB.V,D,20220729,000000,0.00444111,0.00457119,0.00414132,0.00448179,635141519.9886,0
CKB.V,D,20220730,000000,0.00448179,0.00465172,0.00443168,0.00448152,161086526.5521,0
CKB.V,D,20220731,000000,0.00448166,0.00465121,0.00445125,0.00447103,119180147.69576,0
CKB.V,D,20220801,000000,0.00448108,0.00455114,0.00417108,0.00439127,516103767.33488,0
CKB.V,D,20220802,000000,0.00439132,0.00449175,0.00425102,0.00442075,109956015.48502,0
CKB.V,D,20220803,000000,0.00443884,0.00453045,0.0042926,0.00448712,75081767.373081,0
CKB.V,D,20220804,000000,0.00448334,0.00453359,0.0042993,0.00441113,80903693.781419,0
CKB.V,D,20220805,000000,0.00440818,0.00495005,0.00433739,0.00481091,394811041.64902,0
CKB.V,D,20220806,000000,0.00480091,0.0049,0.00469084,0.00474104,102732234.07077,0
CKB.V,D,20220807,000000,0.00474104,0.00492694,0.00460015,0.00491093,84186035.615235,0
CKB.V,D,20220808,000000,0.00491493,0.00519104,0.00480062,0.00481058,540645916.93256,0
CKB.V,D,20220809,000000,0.00480058,0.00520151,0.00459087,0.00495099,417458427.58913,0
CKB.V,D,20220810,000000,0.00494099,0.00532314,0.00474104,0.00513149,293148163.3274,0
CKB.V,D,20220811,000000,0.00513154,0.0053125,0.00513149,0.00516243,148106274.9214,0
CKB.V,D,20220812,000000,0.00516258,0.00519259,0.00497199,0.00507233,95010258.292829,0
CKB.V,D,20220813,000000,0.00506428,0.00531287,0.00503922,0.00516301,91932424.886383,0
CKB.V,D,20220814,000000,0.00515201,0.00530902,0.00478848,0.00496149,85271034.180156,0
CKB.V,D,20220815,000000,0.00496254,0.00511718,0.0046553,0.00482416,134584450.25701,0
CKB.V,D,20220816,000000,0.00481616,0.00506786,0.00470113,0.00483043,139694064.57805,0
CKB.V,D,20220817,000000,0.00484044,0.00489054,0.00456991,0.00458032,124180528.243,0
CKB.V,D,20220818,000000,0.00458032,0.0049393,0.004522,0.00474705,102046948.86542,0
CKB.V,D,20220819,000000,0.00475248,0.00485749,0.0041,0.00410041,225117769.83322,0
CKB.V,D,20220820,000000,0.00411021,0.00447089,0.00399896,0.00409,283155340.95304,0
CKB.V,D,20220821,000000,0.00409988,0.00420392,0.00403688,0.00418692,75502767.767942,0
CKB.V,D,20220822,000000,0.00418687,0.00418687,0.0039008,0.00400928,74924155.439212,0
CKB.V,D,20220823,000000,0.0040084,0.00432496,0.00392996,0.00419008,277146101.51892,0
CKB.V,D,20220824,000000,0.00418996,0.00421,0.00407971,0.00416037,91201214.047859,0
CKB.V,D,20220825,000000,0.00416637,0.00429874,0.00403324,0.00422413,101360450.11913,0
CKB.V,D,20220826,000000,0.00422113,0.0042966,0.00399988,0.0040034,77191917.736202,0
CKB.V,D,20220827,000000,0.0040034,0.00401828,0.00381715,0.00387412,97884350.335912,0
CKB.V,D,20220828,000000,0.00386604,0.004027,0.00383008,0.003974,65524044.749846,0
CKB.V,D,20220829,000000,0.003964,0.00405349,0.00381215,0.00400824,54912856.426706,0
CKB.V,D,20220830,000000,0.00401828,0.00409429,0.00379727,0.00393235,142959971.48281,0
CKB.V,D,20220831,000000,0.00391231,0.00407504,0.00382008,0.0039,56115179.757539,0
CKB.V,D,20220901,000000,0.00390592,0.004002,0.00372078,0.00389177,87117038.23981,0
CKB.V,D,20220902,000000,0.00389277,0.00397776,0.00380919,0.00389762,65320870.436419,0
CKB.V,D,20220903,000000,0.00387462,0.00393063,0.003768,0.003844,47225845.468548,0
CKB.V,D,20220904,000000,0.00384,0.00391139,0.003765,0.003846,41838500.732957,0
CKB.V,D,20220905,000000,0.003843,0.00390239,0.003677,0.00375338,75065113.660905,0
CKB.V,D,20220906,000000,0.00376038,0.00383338,0.00355064,0.003559,120994480.87456,0
CKB.V,D,20220907,000000,0.00355921,0.00365489,0.00345886,0.00356521,100496062.73281,0
CKB.V,D,20220908,000000,0.00354525,0.00364804,0.0034781,0.00360058,81756190.157846,0
CKB.V,D,20220909,000000,0.00360254,0.00382276,0.00354139,0.00380029,109938057.73805,0
CKB.V,D,20220910,000000,0.00380141,0.0038817,0.00368536,0.00384477,89013395.089758,0
CKB.V,D,20220911,000000,0.00383773,0.00414137,0.00377136,0.00386093,255253349.01095,0
CKB.V,D,20220912,000000,0.00384096,0.00397103,0.00379049,0.00390078,75279281.491345,0
CKB.V,D,20220913,000000,0.00391066,0.00592006,0.00365,0.00448009,2407460110.7376,0
CKB.V,D,20220914,000000,0.00452009,0.00547038,0.00411016,0.00425106,3063595506.2732,0
CKB.V,D,20220915,000000,0.0042411,0.0043303,0.00393965,0.00394964,629757275.09024,0
CKB.V,D,20220916,000000,0.00394992,0.00394992,0.00383962,0.00392961,108777256.36062,0
CKB.V,D,20220917,000000,0.00393,0.00418042,0.00390961,0.00406041,135911164.53692,0
CKB.V,D,20220918,000000,0.00405,0.00409041,0.00371,0.00373,114343705.09434,0
CKB.V,D,20220919,000000,0.00371963,0.00436,0.00366037,0.0039908,466836492.14756,0
CKB.V,D,20220920,000000,0.0040008,0.00473047,0.00394039,0.00397,662660384.31975,0
CKB.V,D,20220921,000000,0.0039604,0.0041,0.00367,0.00371,609568079.24341,0
CKB.V,D,20220922,000000,0.00370037,0.00391,0.00359036,0.00384,185325133.10463,0
CKB.V,D,20220923,000000,0.00383962,0.00395,0.00366963,0.00376,111394198.75943,0
CKB.V,D,20220924,000000,0.00374977,0.00410116,0.00368682,0.0037373,84134697.617098,0
CKB.V,D,20220925,000000,0.003767,0.00392916,0.00364936,0.00382889,100675845.7597,0
CKB.V,D,20220926,000000,0.00382508,0.00411959,0.00372,0.0039,228747564.94731,0
CKB.V,D,20220927,000000,0.00389,0.0039604,0.00374962,0.00377962,140077223.69762,0
CKB.V,D,20220928,000000,0.00377,0.00387861,0.00358564,0.003771,176039645.72453,0
CKB.V,D,20220929,000000,0.003772,0.00386,0.00363,0.003732,78488257.308133,0
CKB.V,D,20220930,000000,0.00372137,0.00386839,0.00364836,0.003741,96926048.182585,0
CKB.V,D,20221001,000000,0.003704,0.003814,0.003667,0.003729,52711557.556689,0
CKB.V,D,20221002,000000,0.003716,0.003848,0.003647,0.003732,60552018.187058,0
CKB.V,D,20221003,000000,0.003716,0.00378438,0.003636,0.00370837,52093098.271178,0
CKB.V,D,20221004,000000,0.00371037,0.00388078,0.00366873,0.00383815,50613795.758626,0
CKB.V,D,20221005,000000,0.00383415,0.00387516,0.003656,0.00373675,48557520.291281,0
CKB.V,D,20221006,000000,0.00374067,0.00387962,0.00372052,0.00377764,56916732.358669,0
CKB.V,D,20221007,000000,0.00380865,0.0038665,0.00367507,0.00376053,86848284.116595,0
CKB.V,D,20221008,000000,0.00376038,0.00382242,0.0037083,0.00374597,57585354.698607,0
CKB.V,D,20221009,000000,0.00374697,0.00387978,0.003676,0.00384877,76283802.627955,0
CKB.V,D,20221010,000000,0.00383538,0.00421542,0.00376375,0.00391361,435783067.06944,0
CKB.V,D,20221011,000000,0.00392,0.00393,0.00366474,0.00371567,91850520.408247,0
CKB.V,D,20221012,000000,0.00372255,0.00383869,0.00365271,0.00373911,50836536.685673,0
CKB.V,D,20221013,000000,0.00373411,0.003819,0.00350986,0.0037223,109335975.01686,0
CKB.V,D,20221014,000000,0.00373534,0.00382027,0.00362829,0.00369811,61708194.634876,0
CKB.V,D,20221015,000000,0.00369311,0.00379434,0.00361529,0.00371619,46863265.588944,0
CKB.V,D,20221016,000000,0.003759,0.00389831,0.00367122,0.00379219,157378089.73862,0
CKB.V,D,20221017,000000,0.00378715,0.00421029,0.00371326,0.00396008,419893219.98748,0
CKB.V,D,20221018,000000,0.00396008,0.00450018,0.00393016,0.00422021,927980924.05674,0
CKB.V,D,20221019,000000,0.00421025,0.0043303,0.00390004,0.004,371178734.90922,0
CKB.V,D,20221020,000000,0.00399996,0.00403004,0.00377962,0.00380958,163962022.6245,0
CKB.V,D,20221021,000000,0.00386761,0.00389369,0.00353975,0.00367422,152574349.91746,0
CKB.V,D,20221022,000000,0.00367426,0.0037633,0.00349231,0.00351828,353128411.06366,0
CKB.V,D,20221023,000000,0.00351928,0.00379027,0.0033502,0.00366048,488001085.39588,0
CKB.V,D,20221024,000000,0.0036804,0.00383011,0.00317022,0.00341017,805806258.44336,0
CKB.V,D,20221025,000000,0.00340014,0.00365058,0.0033397,0.00353127,482837500.51514,0
CKB.V,D,20221026,000000,0.00353717,0.00367292,0.00346197,0.00358297,85240438.025927,0
CKB.V,D,20221027,000000,0.00359701,0.00366992,0.00343858,0.00350921,78435170.982059,0
CKB.V,D,20221028,000000,0.00354025,0.00354407,0.00318129,0.00349177,541581844.98782,0
CKB.V,D,20221029,000000,0.00360068,0.0038208,0.00325091,0.00337078,690267552.77603,0
CKB.V,D,20221030,000000,0.00336081,0.00350088,0.00335077,0.00343069,196025732.66924,0
CKB.V,D,20221031,000000,0.00343072,0.00352796,0.00333893,0.00341473,115587060.99965,0
CKB.V,D,20221101,000000,0.0034128,0.00344779,0.00334683,0.00337963,62097925.317514,0
CKB.V,D,20221102,000000,0.00337959,0.00344017,0.0033097,0.00334977,95652898.660495,0
CKB.V,D,20221103,000000,0.00332983,0.00349958,0.0033198,0.00343,203884148.95228,0
CKB.V,D,20221104,000000,0.00342,0.00359025,0.00338969,0.00355025,136262420.02389,0
CKB.V,D,20221105,000000,0.00355028,0.00360007,0.00352014,0.00356018,112154743.98231424,0
CKB.V,D,20221106,000000,0.00355014,0.00361993,0.0035001,0.00351021,91158210.98406495,0
CKB.V,D,20221107,000000,0.00350035,0.00351042,0.00333027,0.00340041,185487709.4974144,0
CKB.V,D,20221108,000000,0.00340102,0.00342103,0.00294794,0.00301903,133255935.5316721,0
CKB.V,D,20221109,000000,0.00301903,0.00309201,0.00266033,0.00271725,191402656.19064575,0
CKB.V,D,20221110,000000,0.00271539,0.00311243,0.00265893,0.00287201,214794439.2106419,0
CKB.V,D,20221111,000000,0.00288263,0.00334214,0.00262681,0.00270054,127179327.8065407,0
CKB.V,D,20221112,000000,0.00268107,0.0027588,0.00256537,0.00267518,139346641.8652654,0
CKB.V,D,20221113,000000,0.00267518,0.00272536,0.00252646,0.00254643,102555518.37688696,0
CKB.V,D,20221114,000000,0.00255693,0.00259662,0.0023964,0.0025664,133355154.42477593,0
CKB.V,D,20221115,000000,0.00254605,0.00261738,0.00252671,0.00259714,82470842.25372902,0
CKB.V,D,20221116,000000,0.00260682,0.00263752,0.00244733,0.00248768,176634376.8225721,0
CKB.V,D,20221117,000000,0.00248773,0.00251808,0.00242767,0.00248806,76560259.40575291,0
CKB.V,D,20221118,000000,0.00248808,0.00277669,0.00245803,0.00256704,507294492.2068129,0
CKB.V,D,20221119,000000,0.00256704,0.00270696,0.0025568,0.00264724,222189632.4954314,0
CKB.V,D,20221120,000000,0.00264724,0.00265697,0.00249622,0.00249622,227882076.21963412,0
CKB.V,D,20221121,000000,0.00251617,0.00251619,0.00235714,0.00239712,194458192.37832338,0
CKB.V,D,20221122,000000,0.00240708,0.00247725,0.00235707,0.00247697,76312795.74655874,0
CKB.V,D,20221123,000000,0.00248679,0.00259724,0.00247673,0.0025472,109795125.34821434,0
CKB.V,D,20221124,000000,0.00255721,0.00260744,0.0024978,0.00251788,73071159.1825084,0
CKB.V,D,20221125,000000,0.00250787,0.00251849,0.00246817,0.00247861,69676622.57751988,0
CKB.V,D,20221126,000000,0.00248858,0.00266824,0.00248853,0.00256846,168681714.45231628,0
CKB.V,D,20221127,000000,0.00256851,0.00262842,0.0024984,0.00251846,204669642.19324598,0
CKB.V,D,20221128,000000,0.00251839,0.00251846,0.00238864,0.00244907,157570816.1370406,0
CKB.V,D,20221129,000000,0.00244907,0.00247874,0.00238895,0.00243905,198243641.48607463,0
CKB.V,D,20221130,000000,0.00243905,0.00248888,0.00241983,0.00248012,113550179.32619849,0
CKB.V,D,20221201,000000,0.0024801,0.00249045,0.00238998,0.00241014,122873946.16392536,0
CKB.V,D,20221202,000000,0.00241014,0.00246076,0.00239017,0.00245012,85117711.17196251,0
CKB.V,D,20221203,000000,0.00245012,0.00268027,0.00242027,0.0025205,446831817.0663951,0
CKB.V,D,20221204,000000,0.0025105,0.00265027,0.0024905,0.00253051,310295735.433173,0
CKB.V,D,20221205,000000,0.00254051,0.00256077,0.00245998,0.00246005,127666607.81863932,0
CKB.V,D,20221206,000000,0.00246005,0.00253028,0.00244,0.00246,114765672.57272738,0
CKB.V,D,20221207,000000,0.00247,0.00249002,0.00240007,0.00241998,79377255.85203083,0
CKB.V,D,20221208,000000,0.00242007,0.00247052,0.0024,0.00246017,63627477.58213827,0
CKB.V,D,20221209,000000,0.00246022,0.00258008,0.00243998,0.00248007,114505668.85330456,0
CKB.V,D,20221210,000000,0.00249012,0.00288997,0.00247995,0.00248995,865192268.199161,0
CKB.V,D,20221211,000000,0.00248995,0.0025201,0.00245998,0.00248025,103198191.99088553,0
CKB.V,D,20221212,000000,0.00248025,0.00248025,0.00241966,0.00244022,64571748.33334264,0
CKB.V,D,20221213,000000,0.00244029,0.00276028,0.00240058,0.00246946,491539631.360309,0
CKB.V,D,20221214,000000,0.00247928,0.00251957,0.00242949,0.00247017,156649867.84507424,0
CKB.V,D,20221215,000000,0.00246,0.0024805,0.00240048,0.00241048,166077155.8136271,0
CKB.V,D,20221216,000000,0.00242048,0.00244024,0.00218022,0.00219022,108059487.55736457,0
CKB.V,D,20221217,000000,0.00219022,0.00221038,0.00215022,0.00221029,126358613.11386243,0
CKB.V,D,20221218,000000,0.00221027,0.00224009,0.00218015,0.00220026,48002565.550563745,0
CKB.V,D,20221219,000000,0.00215028,0.00216039,0.00194992,0.00208,71608181.37677726,0
CKB.V,D,20221220,000000,0.00208,0.00221013,0.00207,0.00220009,60731424.57588551,0
CKB.V,D,20221221,000000,0.00221007,0.00221009,0.00213998,0.00215009,47246822.71960762,0
CKB.V,D,20221222,000000,0.00215006,0.00236998,0.00212996,0.00220969,292928386.2893083,0
CKB.V,D,20221223,000000,0.00219965,0.00220982,0.00217978,0.00218976,107995311.37821671,0
CKB.V,D,20221224,000000,0.00218985,0.00239974,0.00217976,0.00226986,236242415.75715274,0
CKB.V,D,20221225,000000,0.00227989,0.00231993,0.00225964,0.00227966,42621949.24481866,0
CKB.V,D,20221226,000000,0.00226973,0.00230979,0.00225977,0.00227954,44819744.00720037,0
CKB.V,D,20221227,000000,0.00226959,0.00247933,0.00226941,0.00238907,287380802.72320265,0
CKB.V,D,20221228,000000,0.00238904,0.00243929,0.00233899,0.00235873,113922411.73959577,0
CKB.V,D,20221229,000000,0.00236879,0.00237883,0.00228908,0.00230896,67347155.20827173,0
CKB.V,D,20221230,000000,0.00230889,0.00237881,0.00229883,0.00231884,35239054.79432448,0
CKB.V,D,20221231,000000,0.00231884,0.00233892,0.00230854,0.00231882,39096118.47757866,0
CKB.V,D,20230101,000000,0.00230882,0.00231891,0.00227877,0.00230894,48115729.1654904,0
CKB.V,D,20230102,000000,0.00230894,0.00233909,0.00226907,0.00232928,77134334.23617253,0
CKB.V,D,20230103,000000,0.00231926,0.00232925,0.00223908,0.00226914,52955114.9679852,0
CKB.V,D,20230104,000000,0.00226911,0.00230908,0.00224905,0.00227922,83797946.58788177,0
CKB.V,D,20230105,000000,0.00228924,0.00284886,0.00225903,0.00259909,1851325994.5124626,0
CKB.V,D,20230106,000000,0.00261906,0.00272904,0.0024587,0.00251922,523265679.583369,0
CKB.V,D,20230107,000000,0.00252919,0.00257925,0.00250922,0.00252939,66495880.646428935,0
CKB.V,D,20230108,000000,0.00254957,0.00257961,0.0025095,0.00254959,83095614.71888506,0
CKB.V,D,20230109,000000,0.00254954,0.00357961,0.00254954,0.00325997,1666690150.749927,0
CKB.V,D,20230110,000000,0.00322997,0.0033,0.0030396,0.00314041,288602960.3482485,0
CKB.V,D,20230111,000000,0.0031205,0.00326997,0.00304988,0.00318,117271300.76971109,0
CKB.V,D,20230112,000000,0.00318968,0.00328987,0.00307972,0.00320029,141763698.95841616,0
CKB.V,D,20230113,000000,0.00320032,0.00331997,0.00312003,0.00323032,210936925.69542664,0
CKB.V,D,20230114,000000,0.00325029,0.00348052,0.00317051,0.00326016,260198590.86784276,0
CKB.V,D,20230115,000000,0.00327023,0.00331056,0.00315025,0.00325094,67361632.50383744,0
CKB.V,D,20230116,000000,0.00326095,0.00358,0.00323094,0.00346007,357963051.2411977,0
CKB.V,D,20230117,000000,0.00346007,0.00347014,0.00331993,0.00333033,178353116.588745,0
CKB.V,D,20230118,000000,0.00333033,0.00333033,0.00294976,0.00300985,114029992.82218327,0
CKB.V,D,20230119,000000,0.00301985,0.00310991,0.0029797,0.00310991,38782311.929677576,0
CKB.V,D,20230120,000000,0.00310019,0.00322052,0.00300994,0.00320058,180024208.1635864,0
CKB.V,D,20230121,000000,0.00319061,0.00330099,0.00315066,0.00325049,212700022.48671535,0
CKB.V,D,20230122,000000,0.00322048,0.00323074,0.00306049,0.00309062,92894504.14633243,0
CKB.V,D,20230123,000000,0.00309062,0.00333043,0.00308059,0.00325049,162466960.26214504,0
CKB.V,D,20230124,000000,0.00325045,0.00508,0.00322058,0.0034901,3805147734.302426,0
CKB.V,D,20230125,000000,0.0034801,0.00450036,0.00342034,0.00400064,2620655522.865471,0
CKB.V,D,20230126,000000,0.00400068,0.00423021,0.00377,0.00389027,582231316.5298457,0
CKB.V,D,20230127,000000,0.00390031,0.00390031,0.00367099,0.00377151,171362493.76611102,0
CKB.V,D,20230128,000000,0.00377128,0.0039209,0.00369081,0.00371078,111175200.48200014,0
CKB.V,D,20230129,000000,0.00370078,0.00397016,0.00369081,0.0039302,106293798.08988535,0
CKB.V,D,20230130,000000,0.0039302,0.00394008,0.00360004,0.00365026,101159882.24416582,0
CKB.V,D,20230131,000000,0.00364025,0.00375974,0.00360968,0.00372033,101239517.95099974,0
CKB.V,D,20230201,000000,0.00371026,0.00380042,0.00355014,0.00379023,222138019.32897547,0
CKB.V,D,20230202,000000,0.00379019,0.0040006,0.00370052,0.00382073,775416922.8513231,0
CKB.V,D,20230203,000000,0.00382088,0.00386,0.00367048,0.00380227,232326803.8822685,0
CKB.V,D,20230204,000000,0.0038073,0.00384823,0.00376038,0.00380234,148252106.03207713,0
CKB.V,D,20230205,000000,0.0038023,0.00381734,0.00360176,0.00366292,197728410.62295315,0
CKB.V,D,20230206,000000,0.00366195,0.00379719,0.00365473,0.00370515,193177467.6792966,0
CKB.V,D,20230207,000000,0.00370315,0.00399216,0.00365107,0.00393224,262423665.32540396,0
CKB.V,D,20230208,000000,0.00393224,0.00394292,0.00381415,0.00385927,178826240.10813785,0
CKB.V,D,20230209,000000,0.00384623,0.00409116,0.003292,0.00347931,1503527830.2052305,0
CKB.V,D,20230210,000000,0.00347031,0.00394539,0.00344079,0.00368055,712351205.0269394,0
CKB.V,D,20230211,000000,0.00367955,0.00372441,0.00361636,0.00372233,219253632.08407125,0
CKB.V,D,20230212,000000,0.00372237,0.00423785,0.00368555,0.00380827,905825165.075029,0
CKB.V,D,20230213,000000,0.00380538,0.00381161,0.00360265,0.00368399,213996299.80868897,0
CKB.V,D,20230214,000000,0.00368399,0.0037914,0.00365993,0.00375343,182200392.37491465,0
CKB.V,D,20230215,000000,0.00375354,0.00395251,0.00374561,0.00392371,201288009.27252916,0
CKB.V,D,20230216,000000,0.00392371,0.00521057,0.00390863,0.00422444,3281037339.045505,0
CKB.V,D,20230217,000000,0.00424055,0.00466142,0.00417146,0.00454145,799611682.5538921,0
CKB.V,D,20230218,000000,0.00454264,0.00462606,0.00427373,0.0043727,246652320.575907,0
CKB.V,D,20230219,000000,0.0043727,0.00477081,0.00427456,0.00459101,650298058.3515903,0
CKB.V,D,20230220,000000,0.00459001,0.00698012,0.00459001,0.00666027,5525868183.949519,0
CKB.V,D,20230221,000000,0.00670027,0.00685048,0.00548038,0.00569097,2301743279.8430586,0
CKB.V,D,20230222,000000,0.00571103,0.00601072,0.00519794,0.00583206,571269925.1804457,0
CKB.V,D,20230223,000000,0.00582429,0.00689569,0.00570146,0.00617786,1465075338.6223962,0
CKB.V,D,20230224,000000,0.00616586,0.00618299,0.00437791,0.00471195,2944567089.681081,0
CKB.V,D,20230225,000000,0.00471195,0.00564139,0.00431513,0.00529737,3028369541.0974584,0
CKB.V,D,20230226,000000,0.00528737,0.0054816,0.00479448,0.0050235,884380736.7131686,0
CKB.V,D,20230227,000000,0.0050233,0.00572529,0.00466861,0.00512726,2777656744.7461915,0
CKB.V,D,20230228,000000,0.00512626,0.00582887,0.0050529,0.00563601,2449527662.6321893,0
CKB.V,D,20230301,000000,0.00562118,0.00574063,0.00513097,0.00532064,2132415870.8919384,0
CKB.V,D,20230302,000000,0.00529063,0.00540076,0.00491961,0.00510046,771090130.1001476,0
CKB.V,D,20230303,000000,0.00509046,0.00512051,0.00443035,0.00467028,989087755.276241,0
CKB.V,D,20230304,000000,0.00468042,0.0048201,0.00440022,0.00448036,363035817.3912374,0
CKB.V,D,20230305,000000,0.00448031,0.00463042,0.00443018,0.0045205,352594668.219009,0
CKB.V,D,20230306,000000,0.0045105,0.0045205,0.00430034,0.00444973,417822780.1370113,0
CKB.V,D,20230307,000000,0.00446942,0.00465,0.00409988,0.00415979,603037882.1223197,0
CKB.V,D,20230308,000000,0.00415979,0.00424,0.00381981,0.00382985,328949942.3708186,0
CKB.V,D,20230309,000000,0.0038295,0.00415867,0.00363924,0.00366033,355600525.25499153,0
CKB.V,D,20230310,000000,0.00366033,0.00370122,0.00332973,0.00369325,441991982.17566603,0
CKB.V,D,20230311,000000,0.00369299,0.00381264,0.00335847,0.0035153,299121117.61918783,0
CKB.V,D,20230312,000000,0.00350575,0.00380804,0.00344833,0.00376555,277390208.45215327,0
CKB.V,D,20230313,000000,0.00375545,0.00424667,0.00375545,0.00410836,919933103.944165,0
CKB.V,D,20230314,000000,0.00411628,0.0049022,0.00404737,0.00475948,1298211324.7093608,0
CKB.V,D,20230315,000000,0.00474949,0.00492332,0.00400876,0.00419777,1045018039.0458175,0
CKB.V,D,20230316,000000,0.00418743,0.00431342,0.00405426,0.00418047,534512645.34002566,0
CKB.V,D,20230317,000000,0.00419037,0.00448252,0.00416911,0.00446331,460430085.1058705,0
CKB.V,D,20230318,000000,0.00447084,0.00486305,0.00437173,0.00439432,697849065.4024762,0
CKB.V,D,20230319,000000,0.0043931,0.00490457,0.00429216,0.004634,1107821433.6273499,0
CKB.V,D,20230320,000000,0.00464394,0.00568735,0.00441496,0.0053896,5138968379.521385,0
CKB.V,D,20230321,000000,0.0053896,0.00617786,0.0048581,0.00575831,4522352939.974068,0
CKB.V,D,20230322,000000,0.00575831,0.0061394,0.00545452,0.00586591,2618409608.5422115,0
CKB.V,D,20230323,000000,0.00588608,0.00672322,0.00562548,0.00649348,2658570443.8583,0
CKB.V,D,20230324,000000,0.00646342,0.00675348,0.00533581,0.00553559,1770840351.9328172,0
CKB.V,D,20230325,000000,0.00551612,0.00569688,0.00528634,0.0053151,1287340611.1535943,0
CKB.V,D,20230326,000000,0.00529508,0.00534539,0.00502427,0.00506577,934427048.3101784,0
CKB.V,D,20230327,000000,0.00507558,0.0051746,0.00469267,0.00477224,791408166.5961834,0
CKB.V,D,20230328,000000,0.00476224,0.00497134,0.00458105,0.0048619,973450649.6080394,0
CKB.V,D,20230329,000000,0.0048719,0.00543141,0.00486126,0.00533101,970805701.509039,0
CKB.V,D,20230330,000000,0.00536161,0.00546022,0.00484068,0.00491137,797322137.130737,0
CKB.V,D,20230331,000000,0.00491133,0.00506081,0.00476143,0.00499105,447134128.57072836,0
CKB.V,D,20230401,000000,0.004991,0.00505182,0.00474109,0.0048718,464314504.64581007,0
CKB.V,D,20230402,000000,0.00485179,0.00489205,0.00455309,0.00463287,316948163.192516,0
CKB.V,D,20230403,000000,0.00464288,0.00490098,0.00451036,0.00481188,546215771.2441932,0
CKB.V,D,20230404,000000,0.00479192,0.00490118,0.00464246,0.00479244,401581345.820291,0
CKB.V,D,20230405,000000,0.0048024,0.00488117,0.00456169,0.00468168,336643049.8991118,0
CKB.V,D,20230406,000000,0.00466168,0.00469094,0.00446201,0.00450157,316181458.05710506,0
CKB.V,D,20230407,000000,0.00450162,0.00457233,0.00435274,0.00438329,253445607.9095496,0
CKB.V,D,20230408,000000,0.00438324,0.00459225,0.00423165,0.00424165,517146547.87736046,0
CKB.V,D,20230409,000000,0.00424165,0.00433281,0.00409237,0.00425285,338272571.0356467,0
CKB.V,D,20230410,000000,0.00426298,0.00443372,0.00410148,0.00442358,519704511.9828742,0
CKB.V,D,20230411,000000,0.00442358,0.00453376,0.00432341,0.00438434,733926148.5931396,0
CKB.V,D,20230412,000000,0.00436432,0.00440444,0.00413368,0.00432337,409303142.4897526,0
CKB.V,D,20230413,000000,0.00432337,0.0044553,0.00426413,0.00441423,448870652.1227283,0
CKB.V,D,20230414,000000,0.00439417,0.00468468,0.00430335,0.00454372,774756593.5550247,0
CKB.V,D,20230415,000000,0.00454377,0.00463407,0.00445378,0.00448399,431336167.2139525,0
CKB.V,D,20230416,000000,0.004494,0.00483415,0.0044839,0.00479321,598920006.5781353,0
CKB.V,D,20230417,000000,0.00480326,0.00488429,0.00447246,0.00460276,553922035.3738979,0
CKB.V,D,20230418,000000,0.00461272,0.00477196,0.00455268,0.0047409,348516899.16225654,0
CKB.V,D,20230419,000000,0.0047409,0.00478201,0.00421156,0.00429227,448980186.71433944,0
CKB.V,D,20230420,000000,0.00429232,0.0043219,0.0040104,0.00403032,408420573.3058231,0
CKB.V,D,20230421,000000,0.00404024,0.00411029,0.00368959,0.00371959,415870393.5155392,0
CKB.V,D,20230422,000000,0.00370959,0.00388016,0.00370955,0.00384038,215025873.09013548,0
CKB.V,D,20230423,000000,0.00385035,0.00390031,0.00368081,0.00375015,162622835.99911276,0
CKB.V,D,20230424,000000,0.00375019,0.00389996,0.00368066,0.00381008,184316545.22200692,0
CKB.V,D,20230425,000000,0.00380011,0.0039009,0.00356996,0.0039009,364945870.15318817,0
CKB.V,D,20230426,000000,0.0039009,0.00405057,0.00361072,0.00381122,505306296.4549727,0
CKB.V,D,20230427,000000,0.00380122,0.00436196,0.0037309,0.00427141,2663789778.5275173,0
CKB.V,D,20230428,000000,0.00426141,0.00428124,0.0039914,0.00407317,764057893.5797774,0
CKB.V,D,20230429,000000,0.00408306,0.00424293,0.00407285,0.00418242,265232576.32095185,0
CKB.V,D,20230430,000000,0.00419247,0.00422253,0.00401237,0.0040323,212759932.1783732,0
CKB.V,D,20230501,000000,0.00402225,0.00407199,0.00378026,0.00381107,318407269.9450324,0
CKB.V,D,20230502,000000,0.00382099,0.00395269,0.00379049,0.00394244,137812332.7891984,0
CKB.V,D,20230503,000000,0.0039324,0.00399243,0.00353116,0.00377102,1190290141.3246565,0
CKB.V,D,20230504,000000,0.00379099,0.00383126,0.00361159,0.00364135,233297300.6133237,0
CKB.V,D,20230505,000000,0.00364131,0.00375352,0.00357146,0.0037434,198897322.57378182,0
CKB.V,D,20230506,000000,0.0037434,0.00377407,0.00346526,0.00357621,547293337.0230991,0
CKB.V,D,20230507,000000,0.00356619,0.00362427,0.00345476,0.00362424,489675081.7525836,0
CKB.V,D,20230508,000000,0.00358422,0.00363483,0.00299233,0.00304234,1362731626.9555635,0
CKB.V,D,20230509,000000,0.00306233,0.00332332,0.00304246,0.00329329,721818846.0016372,0
CKB.V,D,20230510,000000,0.00326143,0.00361397,0.0032032,0.00341341,1279017962.8226979,0
CKB.V,D,20230511,000000,0.00341341,0.00344344,0.00303984,0.0031091,317221411.49884796,0
CKB.V,D,20230512,000000,0.00310911,0.00312941,0.00298409,0.0031282,387617553.39496803,0
CKB.V,D,20230513,000000,0.0031303,0.00317901,0.00308844,0.00311867,161413474.1162504,0
CKB.V,D,20230514,000000,0.00312728,0.00325595,0.00307654,0.00322103,165090625.28658012,0
CKB.V,D,20230515,000000,0.00321273,0.00342229,0.00317989,0.00336005,277676752.16781455,0
CKB.V,D,20230516,000000,0.00336562,0.00338857,0.00326921,0.00335047,244963389.05011502,0
CKB.V,D,20230517,000000,0.00335234,0.00346913,0.00322931,0.00343612,315747840.24298894,0
CKB.V,D,20230518,000000,0.00344022,0.00345098,0.00327441,0.00336194,183693077.8621986,0
CKB.V,D,20230519,000000,0.00337101,0.00342171,0.00331023,0.00337101,130117018.83592145,0
CKB.V,D,20230520,000000,0.00337169,0.0034017,0.00332232,0.00338338,76676349.92864326,0
CKB.V,D,20230521,000000,0.00337337,0.00340306,0.00325162,0.00326196,84713130.41353697,0
CKB.V,D,20230522,000000,0.00327163,0.00335201,0.00319159,0.003342,173990131.35458255,0
CKB.V,D,20230523,000000,0.00335168,0.00342041,0.00330079,0.0033802,301886272.67535704,0
CKB.V,D,20230524,000000,0.0033803,0.00376011,0.00316959,0.00349979,3609322938.656477,0
CKB.V,D,20230525,000000,0.00350982,0.00355,0.00331973,0.0033801,611735626.2145748,0
CKB.V,D,20230526,000000,0.00337007,0.00338041,0.0032601,0.00332073,346711624.8677703,0
CKB.V,D,20230527,000000,0.00332066,0.00335131,0.00328095,0.00334134,135165478.93309525,0
CKB.V,D,20230528,000000,0.00334134,0.00354142,0.003341,0.00351081,359889601.5273929,0
CKB.V,D,20230529,000000,0.00351081,0.00362112,0.00349094,0.00362105,463645018.8880332,0
CKB.V,D,20230530,000000,0.00360108,0.00377121,0.00355117,0.00366146,443256610.4953025,0
CKB.V,D,20230531,000000,0.00366143,0.00370111,0.00347062,0.00353056,269096312.418249,0
CKB.V,D,20230601,000000,0.00354067,0.00362087,0.00349084,0.00354096,200624009.0983127,0
CKB.V,D,20230602,000000,0.00354099,0.003711,0.00348073,0.00370093,229690415.88387695,0
CKB.V,D,20230603,000000,0.003701,0.00375094,0.00361126,0.00363145,183522179.16321245,0
CKB.V,D,20230604,000000,0.00363142,0.00371108,0.00362112,0.00368118,108779677.93775685,0
CKB.V,D,20230605,000000,0.00368121,0.00372119,0.00317098,0.00326095,433597701.9110318,0
CKB.V,D,20230606,000000,0.00327098,0.00343069,0.00322997,0.00338095,214197447.87883154,0
CKB.V,D,20230607,000000,0.00338098,0.00341082,0.00315035,0.00315035,192600013.75712892,0
CKB.V,D,20230608,000000,0.00316032,0.00328026,0.00311053,0.00326059,230313054.96644828,0
CKB.V,D,20230609,000000,0.00326059,0.00328062,0.0031594,0.00323938,116694633.31887914,0
CKB.V,D,20230610,000000,0.00322945,0.00323945,0.00258049,0.00282164,329759778.28421295,0
CKB.V,D,20230611,000000,0.00282164,0.00286143,0.00277105,0.00284116,135224122.36522365,0
CKB.V,D,20230612,000000,0.00284116,0.00285145,0.00272989,0.00282017,136551590.8788143,0
CKB.V,D,20230613,000000,0.00283011,0.00287997,0.00272915,0.00275964,174394309.52603236,0
CKB.V,D,20230614,000000,0.00275972,0.0028093,0.00259951,0.00264976,155462044.64110807,0
CKB.V,D,20230615,000000,0.00265968,0.00269946,0.00259446,0.00262779,142624600.0180879,0
CKB.V,D,20230616,000000,0.00262782,0.00262782,0.00245707,0.00259795,412382922.83655316,0
CKB.V,D,20230617,000000,0.00260794,0.0026987,0.00255821,0.00266888,182037417.2096358,0
CKB.V,D,20230618,000000,0.00267887,0.00272924,0.00263868,0.00266941,222922949.53991672,0
CKB.V,D,20230619,000000,0.00265936,0.00268909,0.0025885,0.00264918,344489408.06212264,0
CKB.V,D,20230620,000000,0.00264913,0.00278042,0.00261882,0.00275044,178216830.45441818,0
CKB.V,D,20230621,000000,0.00276041,0.00290003,0.0027503,0.00288023,264923663.6028283,0
CKB.V,D,20230622,000000,0.00288029,0.00300006,0.00285011,0.00286057,330681250.0804619,0
CKB.V,D,20230623,000000,0.0028706,0.00307098,0.00284043,0.00298173,223258135.23184782,0
CKB.V,D,20230624,000000,0.0029917,0.00304137,0.00294153,0.00298188,195529948.874175,0
CKB.V,D,20230625,000000,0.00299173,0.0030812,0.00296089,0.00298101,141998895.36178157,0
CKB.V,D,20230626,000000,0.00299084,0.00302082,0.00284051,0.0028506,212068340.12728095,0
CKB.V,D,20230627,000000,0.00285074,0.00298054,0.00285031,0.00294056,149318935.4943536,0
CKB.V,D,20230628,000000,0.00295056,0.00295056,0.00269003,0.00272,231699421.77219802,0
CKB.V,D,20230629,000000,0.00271997,0.00283974,0.00270954,0.00279975,131054348.61196108,0
CKB.V,D,20230630,000000,0.00279964,0.00297923,0.00276956,0.00294888,420681931.8193495,0
CKB.V,D,20230701,000000,0.0029487,0.00319949,0.00292921,0.00301,478308099.3580204,0
CKB.V,D,20230702,000000,0.00301997,0.00313997,0.0029497,0.00309012,179944362.6269635,0
CKB.V,D,20230703,000000,0.00310028,0.00321087,0.00309012,0.00318022,242837138.7434693,0
CKB.V,D,20230704,000000,0.00318025,0.00322032,0.00308049,0.00312069,151080992.27416208,0
CKB.V,D,20230705,000000,0.00312066,0.00318006,0.00295,0.00297045,177263068.0062964,0
CKB.V,D,20230706,000000,0.00297045,0.00307997,0.00286986,0.00288974,227496013.25720465,0
CKB.V,D,20230707,000000,0.00289991,0.00290991,0.00282034,0.00289006,156336468.98932093,0
CKB.V,D,20230708,000000,0.00289026,0.00291026,0.00279008,0.00284045,120132479.55722143,0
CKB.V,D,20230709,000000,0.00284045,0.00288052,0.00282048,0.00283048,116178718.3676631,0
CKB.V,D,20230710,000000,0.00283051,0.00291029,0.00276036,0.00286037,117617921.11938697,0
CKB.V,D,20230711,000000,0.00286031,0.00288003,0.00277014,0.00278006,185575717.28946534,0
CKB.V,D,20230712,000000,0.00279014,0.00285031,0.00271973,0.00273995,176156059.9465383,0
CKB.V,D,20230713,000000,0.00273995,0.00298241,0.00269973,0.00294103,234062192.2971915,0
CKB.V,D,20230714,000000,0.00295115,0.00302085,0.00280115,0.00287141,253156701.87686104,0
CKB.V,D,20230715,000000,0.00287146,0.00297095,0.00285111,0.00290087,202191066.3526934,0
CKB.V,D,20230716,000000,0.00289087,0.00292085,0.00282099,0.00283133,91359143.84680544,0
CKB.V,D,20230717,000000,0.00282133,0.0029207,0.00277039,0.00284048,162571745.11730412,0
CKB.V,D,20230718,000000,0.00284051,0.00286049,0.00274016,0.00279061,103096427.47244935,0
CKB.V,D,20230719,000000,0.00279061,0.00283062,0.00272214,0.00276397,300632808.2663831,0
CKB.V,D,20230720,000000,0.00276897,0.00284803,0.00273325,0.00279975,394116559.1730186,0
CKB.V,D,20230721,000000,0.00280297,0.00282486,0.002746,0.00278603,231786006.172135,0
CKB.V,D,20230722,000000,0.00278903,0.00282631,0.00277525,0.00279431,114224055.53199166,0
CKB.V,D,20230723,000000,0.00279628,0.00286794,0.00275741,0.00281797,109180795.00657621,0
CKB.V,D,20230724,000000,0.00281794,0.00283177,0.00270338,0.0027367,217086076.80713996,0
CKB.V,D,20230725,000000,0.0027377,0.00275245,0.0027007,0.00271181,130954321.81554921,0
CKB.V,D,20230726,000000,0.00272076,0.00276994,0.00268952,0.00274994,104283091.05494492,0
CKB.V,D,20230727,000000,0.00274708,0.00282392,0.00273505,0.00277925,115176561.46217524,0
CKB.V,D,20230728,000000,0.00278125,0.00281404,0.00275006,0.00280494,78421780.94796047,0
CKB.V,D,20230729,000000,0.00280492,0.00282206,0.00278883,0.00281097,95372071.28177182,0
CKB.V,D,20230730,000000,0.00281097,0.00282614,0.00273003,0.00276378,90463393.4146873,0
CKB.V,D,20230731,000000,0.00275878,0.00281477,0.00273373,0.00275053,93607471.00606564,0
CKB.V,D,20230801,000000,0.00274356,0.00283139,0.00271737,0.00282259,205067574.89581206,0
CKB.V,D,20230802,000000,0.00282459,0.00285694,0.00277742,0.0028054,120166816.33949997,0
CKB.V,D,20230803,000000,0.00280337,0.00284624,0.00278505,0.00281269,112308651.84094575,0
CKB.V,D,20230804,000000,0.00281986,0.00284001,0.00278222,0.00282816,131170069.50698954,0
CKB.V,D,20230805,000000,0.00283216,0.0029161,0.00280917,0.00290181,207737708.19789293,0
CKB.V,D,20230806,000000,0.00289287,0.00298926,0.00288658,0.00293746,209573705.41750616,0
CKB.V,D,20230807,000000,0.0029377,0.00307315,0.00290766,0.00298151,264170470.89112958,0
CKB.V,D,20230808,000000,0.00298048,0.00304632,0.0029543,0.00300255,124762627.69422844,0
CKB.V,D,20230809,000000,0.00299655,0.00300635,0.00295808,0.0029894,122098061.56249507,0
CKB.V,D,20230810,000000,0.00299239,0.00308397,0.00299052,0.00304876,241720016.07518938,0
CKB.V,D,20230811,000000,0.00304876,0.00311775,0.00302776,0.00304864,168075414.22965744,0
CKB.V,D,20230812,000000,0.00304964,0.00315829,0.00304964,0.00313924,192957265.0500432,0
CKB.V,D,20230813,000000,0.00313921,0.0032953,0.00313621,0.00326542,201763216.26437384,0
CKB.V,D,20230814,000000,0.00326145,0.00336972,0.00323309,0.00333316,285703062.21049666,0
CKB.V,D,20230815,000000,0.00333619,0.00334465,0.00297578,0.00307658,379806603.7720448,0
CKB.V,D,20230816,000000,0.00307262,0.00312187,0.00286502,0.00287181,360626853.6132462,0
CKB.V,D,20230817,000000,0.00287078,0.00297718,0.00249885,0.00261851,333968449.3669872,0
CKB.V,D,20230818,000000,0.00261467,0.0027652,0.002601,0.00274576,217095881.64454985,0
CKB.V,D,20230819,000000,0.00275082,0.00281127,0.00272624,0.00276328,86111612.8453983,0
CKB.V,D,20230820,000000,0.0027592,0.00281641,0.00270278,0.00271186,97638029.20950331,0
CKB.V,D,20230821,000000,0.00271186,0.00271373,0.0026039,0.0026926,146658001.39770103,0
CKB.V,D,20230822,000000,0.0026906,0.00269914,0.00254031,0.00257015,119555041.31684008,0
CKB.V,D,20230823,000000,0.0025691,0.00282053,0.0025661,0.00277447,151698356.71261263,0
CKB.V,D,20230824,000000,0.00278333,0.00283892,0.00272061,0.00273955,130763583.60042611,0
CKB.V,D,20230825,000000,0.0027426,0.00275249,0.00268633,0.00270848,77783515.03041328,0
CKB.V,D,20230826,000000,0.00271048,0.00273649,0.00264573,0.00268055,75864239.33983515,0
CKB.V,D,20230827,000000,0.00268052,0.00272869,0.00264762,0.0027017,73859538.86100712,0
CKB.V,D,20230828,000000,0.0027027,0.00272391,0.00264012,0.00267264,103081716.56202926,0
CKB.V,D,20230829,000000,0.00267161,0.00282694,0.0026082,0.00281253,122207303.76118046,0
CKB.V,D,20230830,000000,0.00281851,0.00281851,0.00272789,0.002733,108289437.15521286,0
CKB.V,D,20230831,000000,0.00273197,0.00275475,0.00257387,0.00262258,100928748.57991204,0
CKB.V,D,20230901,000000,0.00262166,0.00265294,0.00256451,0.00260365,70211659.11647262,0
CKB.V,D,20230902,000000,0.00260367,0.00270265,0.00259599,0.0026967,80761064.48600294,0
CKB.V,D,20230903,000000,0.0026957,0.00271873,0.00263453,0.00263653,63445131.32920235,0
CKB.V,D,20230904,000000,0.00263753,0.00271643,0.00262924,0.00262924,50443516.98590066,0
CKB.V,D,20230905,000000,0.00262626,0.00278011,0.00262227,0.00275154,83312421.48992436,0
CKB.V,D,20230906,000000,0.00275265,0.00279635,0.00271275,0.00276834,71942448.01835144,0
CKB.V,D,20230907,000000,0.00277234,0.00282359,0.00267828,0.00277758,123284553.19203882,0
CKB.V,D,20230908,000000,0.00278852,0.00283272,0.00272291,0.00276675,96787151.82423177,0
CKB.V,D,20230909,000000,0.00276761,0.00290216,0.00276761,0.00283926,280788618.60015,0
CKB.V,D,20230910,000000,0.00284109,0.00284318,0.00265631,0.00272296,176476012.01868385,0
CKB.V,D,20230911,000000,0.00272097,0.00275495,0.00258017,0.00259417,114398351.66073467,0
CKB.V,D,20230912,000000,0.00259412,0.00267893,0.00258917,0.00262284,61484403.233458735,0
CKB.V,D,20230913,000000,0.00261379,0.00268224,0.00258261,0.00266953,93032726.19194889,0
CKB.V,D,20230914,000000,0.00267553,0.00276928,0.00265916,0.00271979,88116072.37952861,0
CKB.V,D,20230915,000000,0.00271979,0.00275683,0.002693,0.00275108,74850168.1759102,0
CKB.V,D,20230916,000000,0.00276092,0.00283911,0.00275592,0.00278425,88587237.63504525,0
CKB.V,D,20230917,000000,0.00278825,0.00279239,0.00262155,0.00263563,76329999.90820268,0
CKB.V,D,20230918,000000,0.00263463,0.0027645,0.00263053,0.00271246,114308176.08481431,0
CKB.V,D,20230919,000000,0.00271843,0.00283417,0.00270562,0.00275038,92167942.41211307,0
CKB.V,D,20230920,000000,0.00275336,0.00283123,0.00272611,0.00282117,86831061.5533106,0
CKB.V,D,20230921,000000,0.00282617,0.002872,0.00269603,0.00271476,152611341.37477732,0
CKB.V,D,20230922,000000,0.00271892,0.00274467,0.00267995,0.00273181,129769942.67682429,0
CKB.V,D,20230923,000000,0.00273581,0.00276692,0.00269203,0.00270516,85393420.26692963,0
CKB.V,D,20230924,000000,0.00271019,0.00271408,0.00267708,0.00270211,51435600.57034683,0
CKB.V,D,20230925,000000,0.00270414,0.00272535,0.00265124,0.00270284,97370227.0363684,0
CKB.V,D,20230926,000000,0.00270384,0.00272769,0.00267493,0.00271583,42836587.77117034,0
CKB.V,D,20230927,000000,0.00271483,0.00273881,0.00265479,0.00266505,71734212.50955848,0
CKB.V,D,20230928,000000,0.00266403,0.00274255,0.00266403,0.00273495,41665097.878708854,0
CKB.V,D,20230929,000000,0.00273692,0.0027457,0.00269789,0.0027377,45467991.99782129,0
CKB.V,D,20230930,000000,0.00274073,0.00281431,0.0027297,0.00278656,57100119.15801079,0
CKB.V,D,20231001,000000,0.00278956,0.00284723,0.00278656,0.00281434,58077533.5163368,0
CKB.V,D,20231002,000000,0.00281431,0.00287983,0.0027216,0.00273479,63347624.95224363,0
CKB.V,D,20231003,000000,0.00273179,0.00274455,0.00265703,0.00267397,65176532.40693213,0
CKB.V,D,20231004,000000,0.00267019,0.00271911,0.00258908,0.00271005,98213770.8774206,0
CKB.V,D,20231005,000000,0.00271014,0.00274682,0.00268532,0.00271973,48082664.268541805,0
CKB.V,D,20231006,000000,0.00271973,0.00281179,0.00271373,0.00280012,50530228.136832446,0
CKB.V,D,20231007,000000,0.00280415,0.00281761,0.00273975,0.00276858,46444270.36008821,0
CKB.V,D,20231008,000000,0.00277158,0.00277661,0.00270876,0.00272753,40912420.55933553,0
CKB.V,D,20231009,000000,0.00271952,0.00272576,0.00259165,0.00263555,55459893.37421995,0
CKB.V,D,20231010,000000,0.00263355,0.00268924,0.0026185,0.00265129,46273335.05711326,0
CKB.V,D,20231011,000000,0.00265227,0.00267011,0.00257933,0.00260348,53661477.37927519,0
CKB.V,D,20231012,000000,0.00259827,0.00263032,0.00255277,0.00258602,53563128.96211927,0
CKB.V,D,20231013,000000,0.00258602,0.00265512,0.0025669,0.00263045,61343997.02885679,0
CKB.V,D,20231014,000000,0.00263942,0.00263942,0.00258361,0.00261784,51738512.6113792,0
CKB.V,D,20231015,000000,0.00262384,0.00266384,0.00257605,0.00259403,64414252.506276555,0
CKB.V,D,20231016,000000,0.00259513,0.00268692,0.00256536,0.00256705,69624444.45008044,0
CKB.V,D,20231017,000000,0.00256805,0.00260299,0.00247194,0.00252093,91242809.52430698,0
CKB.V,D,20231018,000000,0.00251993,0.00257482,0.00247804,0.00254456,70292430.33208577,0
CKB.V,D,20231019,000000,0.00254653,0.00257344,0.00247154,0.00251701,101019830.92120253,0
CKB.V,D,20231020,000000,0.00251401,0.00259845,0.00250423,0.00252904,95571532.65030281,0
CKB.V,D,20231021,000000,0.00252904,0.00263766,0.00251113,0.00261628,80460518.51169285,0
CKB.V,D,20231022,000000,0.00262131,0.00265538,0.00257439,0.00260288,39940028.807554424,0
CKB.V,D,20231023,000000,0.00260188,0.00270476,0.00259691,0.00268337,84580907.28799786,0
CKB.V,D,20231024,000000,0.00268337,0.00298354,0.00267939,0.00287465,221181629.11908838,0
CKB.V,D,20231025,000000,0.00287565,0.00301669,0.00280922,0.00294174,117330727.11140546,0
CKB.V,D,20231026,000000,0.00294771,0.00308965,0.00290503,0.002993,92780668.10213472,0
CKB.V,D,20231027,000000,0.002992,0.00301254,0.00287337,0.00290667,72876421.07432015,0
CKB.V,D,20231028,000000,0.0029057,0.00297924,0.00288661,0.0029445,59330425.78129147,0
CKB.V,D,20231029,000000,0.00295147,0.00304491,0.00289858,0.00303606,50563728.15810439,0
CKB.V,D,20231030,000000,0.00303503,0.00304533,0.00295053,0.003019,41733402.49758493,0
CKB.V,D,20231031,000000,0.003021,0.00305001,0.00282024,0.00288721,74712316.95600322,0
CKB.V,D,20231101,000000,0.00288621,0.00302427,0.00282348,0.00299396,158011372.6789805,0
CKB.V,D,20231102,000000,0.00299493,0.00315967,0.00296656,0.00306137,185314830.4029974,0
CKB.V,D,20231103,000000,0.00305937,0.00360672,0.00301584,0.00351537,802587675.3289901,0
CKB.V,D,20231104,000000,0.00351537,0.00364135,0.00342044,0.00349406,323532228.0524524,0
CKB.V,D,20231105,000000,0.00349399,0.00352336,0.0032987,0.00346477,177072016.49221554,0
CKB.V,D,20231106,000000,0.0034697,0.00381967,0.0034648,0.00375001,212778547.66295627,0
CKB.V,D,20231107,000000,0.00374805,0.00377745,0.00354796,0.00370867,162508839.2911571,0
CKB.V,D,20231108,000000,0.00370878,0.00387004,0.00365539,0.00375986,172447109.19509766,0
CKB.V,D,20231109,000000,0.00375186,0.00385092,0.00305349,0.00340658,205598272.6128027,0
CKB.V,D,20231110,000000,0.00340765,0.00360232,0.00335877,0.00353084,125262875.08769214,0
CKB.V,D,20231111,000000,0.00353784,0.00367785,0.00342609,0.00359894,95765323.49802648,0
CKB.V,D,20231112,000000,0.00360486,0.00376143,0.00347804,0.00374453,155870063.81327808,0
CKB.V,D,20231113,000000,0.00374654,0.00394383,0.00363784,0.00374197,200273384.6829012,0
CKB.V,D,20231114,000000,0.00372604,0.00379096,0.00349666,0.00361951,164709905.05526954,0
CKB.V,D,20231115,000000,0.00361761,0.00372219,0.00359554,0.00370092,126536567.02145551,0
CKB.V,D,20231116,000000,0.003698,0.00385731,0.00362636,0.00371237,362022562.52128243,0
CKB.V,D,20231117,000000,0.00370244,0.00389316,0.00351725,0.00358722,183746301.65228283,0
CKB.V,D,20231118,000000,0.00358418,0.00360315,0.00330445,0.00350575,110445039.08510727,0
CKB.V,D,20231119,000000,0.00350572,0.00355574,0.00341688,0.00348853,89821209.74867736,0
CKB.V,D,20231120,000000,0.00350547,0.00354567,0.00332389,0.00335131,133871860.02283897,0
CKB.V,D,20231121,000000,0.00335131,0.0033832,0.00301603,0.00302918,163181591.68426934,0
CKB.V,D,20231122,000000,0.00303918,0.00322994,0.00301818,0.00318802,73746164.59138481,0
CKB.V,D,20231123,000000,0.00319699,0.00325562,0.00315035,0.00322045,104561087.71562782,0
CKB.V,D,20231124,000000,0.00322245,0.00338032,0.00320238,0.00328666,98506384.78742847,0
CKB.V,D,20231125,000000,0.00327775,0.00349606,0.00326157,0.00335798,257525774.43661103,0
CKB.V,D,20231126,000000,0.00335695,0.00342782,0.00326731,0.00336424,74552678.95012295,0
CKB.V,D,20231127,000000,0.00335627,0.00336731,0.00307403,0.00313706,70796476.28366302,0
CKB.V,D,20231128,000000,0.00313206,0.0033381,0.00308128,0.00324988,107416282.58879758,0
CKB.V,D,20231129,000000,0.00325589,0.00328374,0.00313741,0.00313838,110087165.87148683,0
CKB.V,D,20231130,000000,0.00313541,0.00317741,0.00310556,0.00313034,69074383.17818849,0
CKB.V,D,20231201,000000,0.00312956,0.00320664,0.00311569,0.00313425,57887819.29453023,0
CKB.V,D,20231202,000000,0.00313225,0.00334751,0.00312453,0.00332249,75978965.51747501,0
CKB.V,D,20231203,000000,0.0033275,0.00336755,0.00325724,0.0033352,70299373.64285377,0
CKB.V,D,20231204,000000,0.00333617,0.00347736,0.00321851,0.00335634,159219110.86677715,0
CKB.V,D,20231205,000000,0.00336324,0.00348379,0.0033583,0.00338437,109754566.82445821,0
CKB.V,D,20231206,000000,0.00338341,0.00348814,0.00325036,0.00338137,172318418.06524044,0
CKB.V,D,20231207,000000,0.00339114,0.00350556,0.0033024,0.00346021,104304872.04935919,0
CKB.V,D,20231208,000000,0.00345824,0.00358618,0.00344596,0.00355314,110543756.21510404,0
CKB.V,D,20231209,000000,0.00355917,0.00372108,0.00355214,0.00361097,112799612.92307886,0
CKB.V,D,20231210,000000,0.00361798,0.00365337,0.00347266,0.00361804,62548090.40447742,0
CKB.V,D,20231211,000000,0.00363125,0.00364118,0.00318022,0.00331334,139201759.69528407,0
CKB.V,D,20231212,000000,0.00331348,0.00340591,0.0032173,0.00326353,56588246.053374626,0
CKB.V,D,20231213,000000,0.00326356,0.00340703,0.00310976,0.00339544,86255090.86776672,0
CKB.V,D,20231214,000000,0.00339064,0.00347735,0.00330536,0.00347159,119003016.26808631,0
CKB.V,D,20231215,000000,0.00347256,0.00347559,0.00331227,0.0033343,55944077.46258756,0
CKB.V,D,20231216,000000,0.00333037,0.00349496,0.00325287,0.00344025,198502353.33054176,0
CKB.V,D,20231217,000000,0.00344124,0.00346736,0.00333276,0.00335954,86404431.54580446,0
CKB.V,D,20231218,000000,0.00335537,0.00335537,0.00307801,0.00324906,127771281.17649736,0
CKB.V,D,20231219,000000,0.00325202,0.00343076,0.00323622,0.00324734,89300398.44348365,0
CKB.V,D,20231220,000000,0.00325041,0.00340468,0.00323,0.0033511,63722435.842757255,0
CKB.V,D,20231221,000000,0.0033421,0.00347935,0.0033139,0.00346366,142348150.02627942,0
CKB.V,D,20231222,000000,0.00346366,0.00356156,0.00338451,0.00354083,144113599.36295038,0
CKB.V,D,20231223,000000,0.00353883,0.00366747,0.00344803,0.00365779,127524855.30724059,0
CKB.V,D,20231224,000000,0.00365679,0.00384196,0.00360176,0.00368843,239132590.2962904,0
CKB.V,D,20231225,000000,0.00368436,0.00383954,0.00364642,0.00381384,160885270.8043088,0
CKB.V,D,20231226,000000,0.00381284,0.0041665,0.00371411,0.00411359,315836374.4335063,0
CKB.V,D,20231227,000000,0.00411059,0.00417638,0.00395245,0.00396442,208896787.63165942,0
CKB.V,D,20231228,000000,0.00396746,0.00419451,0.00384277,0.00389091,183600207.85574925,0
CKB.V,D,20231229,000000,0.00388667,0.00405435,0.00366107,0.00371871,209790461.83570695,0
CKB.V,D,20231230,000000,0.00371878,0.0038083,0.00364253,0.00368493,65765463.47068982,0
CKB.V,D,20231231,000000,0.00368089,0.00398505,0.00368089,0.00385804,109254780.75842951,0
CKB.V,D,20240101,000000,0.003858,0.00402697,0.00371659,0.00398176,98316007.2819229,0
CKB.V,D,20240102,000000,0.00397891,0.0040577,0.00379195,0.00383642,96036574.22471873,0
CKB.V,D,20240103,000000,0.00382945,0.00402137,0.00330542,0.00364635,162052730.61481327,0
CKB.V,D,20240104,000000,0.00364442,0.00370845,0.00347733,0.0035843,105737670.29794739,0
CKB.V,D,20240105,000000,0.00358619,0.00362891,0.00332489,0.00342767,75003951.9300218,0
CKB.V,D,20240106,000000,0.00342871,0.00353079,0.00322894,0.00334497,81878735.93303832,0
CKB.V,D,20240107,000000,0.00334401,0.00344779,0.00316822,0.00318103,61918982.37141593,0
CKB.V,D,20240108,000000,0.00318204,0.00341783,0.00299962,0.00340102,101582947.19104874,0
CKB.V,D,20240109,000000,0.00339802,0.00340569,0.00306777,0.00319896,93978940.8738541,0
CKB.V,D,20240110,000000,0.00320622,0.00350832,0.00314785,0.00349784,103264435.13184854,0
CKB.V,D,20240111,000000,0.00349891,0.00365754,0.00336881,0.00345217,100443073.53302622,0
CKB.V,D,20240112,000000,0.00344517,0.00358818,0.00320695,0.00328293,85813357.07061404,0
CKB.V,D,20240113,000000,0.00327997,0.00339098,0.0031991,0.00337319,45036075.55987642,0
CKB.V,D,20240114,000000,0.00337119,0.00337419,0.00320046,0.00323441,47812903.05029668,0
CKB.V,D,20240115,000000,0.00323042,0.00332384,0.00317097,0.00324798,57577110.6830646,0
CKB.V,D,20240116,000000,0.00323902,0.0033726,0.0032251,0.0033505,97529590.4937492,0
CKB.V,D,20240117,000000,0.00335446,0.00336812,0.00327017,0.00333866,63917819.50046996,0
CKB.V,D,20240118,000000,0.00332867,0.00346983,0.00315231,0.00327369,96543704.08344603,0
CKB.V,D,20240119,000000,0.00326973,0.00328468,0.00300009,0.0031249,100344422.15662415,0
CKB.V,D,20240120,000000,0.00312191,0.00323335,0.00311841,0.00323335,41946717.688142695,0
CKB.V,D,20240121,000000,0.00323035,0.00335575,0.00319573,0.00325098,63646803.73390487,0
CKB.V,D,20240122,000000,0.00326072,0.00327847,0.00309204,0.00312266,93096950.65954877,0
CKB.V,D,20240123,000000,0.00311866,0.00317485,0.00286256,0.00299236,58722693.721219696,0
CKB.V,D,20240124,000000,0.00300432,0.00315308,0.00299433,0.00310741,111500902.25403863,0
CKB.V,D,20240125,000000,0.00311444,0.00314605,0.00304763,0.00313128,83362875.26481944,0
CKB.V,D,20240126,000000,0.00313131,0.00326645,0.00311928,0.00324632,52164501.052740894,0
CKB.V,D,20240127,000000,0.00324635,0.00327121,0.00317843,0.003263,44516591.96938987,0
CKB.V,D,20240128,000000,0.003243,0.00329637,0.00315668,0.00318149,39361540.905037925,0
CKB.V,D,20240129,000000,0.00317749,0.003312,0.00316059,0.003308,47077148.12279751,0
CKB.V,D,20240130,000000,0.00330803,0.00457991,0.00328911,0.00409192,4036139536.111704,0
CKB.V,D,20240131,000000,0.00409596,0.00495271,0.00387006,0.00449044,1644560290.5545242,0
CKB.V,D,20240201,000000,0.00448453,0.00464275,0.00406585,0.00419578,848335082.4996136,0
CKB.V,D,20240202,000000,0.00419478,0.00451842,0.00397422,0.00404194,321699751.4756701,0
CKB.V,D,20240203,000000,0.00404685,0.00445808,0.00398816,0.0044195,511900792.3544779,0
CKB.V,D,20240204,000000,0.0044195,0.00468427,0.00434322,0.00454409,682475400.5796946,0
CKB.V,D,20240205,000000,0.00455209,0.00458873,0.00413724,0.00421152,535749225.2389529,0
CKB.V,D,20240206,000000,0.00421347,0.00514143,0.00420266,0.00494747,1360728021.249822,0
CKB.V,D,20240207,000000,0.00495346,0.00524007,0.00478275,0.00492801,645915923.464773,0
CKB.V,D,20240208,000000,0.00491382,0.00547205,0.00476819,0.00517603,280635829.916177,0
CKB.V,D,20240209,000000,0.00516903,0.0054234,0.0050081,0.00506799,373551728.8234561,0
CKB.V,D,20240210,000000,0.00506709,0.00513115,0.00484253,0.00489737,139957615.24698186,0
CKB.V,D,20240211,000000,0.00489942,0.00510199,0.00471837,0.00472632,293521812.34916484,0
CKB.V,D,20240212,000000,0.00473137,0.0058058,0.00467145,0.00576554,882685820.0560589,0
CKB.V,D,20240213,000000,0.00578349,0.01023397,0.00565909,0.00857934,13677882573.483723,0
CKB.V,D,20240214,000000,0.00857834,0.0115045,0.00812498,0.010785,8869136605.57023,0
CKB.V,D,20240215,000000,0.010748,0.0152823,0.0107471,0.0134016,12581181381.292252,0
CKB.V,D,20240216,000000,0.0133996,0.0144853,0.0105956,0.0106342,4020321070.117198,0
CKB.V,D,20240217,000000,0.0106202,0.0119489,0.0103564,0.0110254,2201792191.4769673,0
CKB.V,D,20240218,000000,0.0110334,0.0117752,0.0103264,0.0114923,1979108156.0362253,0
CKB.V,D,20240219,000000,0.0115203,0.0135542,0.0110922,0.0115808,2808716879.634143,0
CKB.V,D,20240220,000000,0.0115818,0.0119017,0.0104137,0.0105821,1324614167.3297434,0
CKB.V,D,20240221,000000,0.0105721,0.0108582,0.00955681,0.00991,900651322.0680424,0
CKB.V,D,20240222,000000,0.009911,0.0113838,0.0097356,0.0106584,959086429.1247957,0
CKB.V,D,20240223,000000,0.0106525,0.0110068,0.0101223,0.0101926,434084924.7660233,0
CKB.V,D,20240224,000000,0.0101986,0.0128408,0.0099996,0.011659,500546944.18231136,0
CKB.V,D,20240225,000000,0.0116569,0.01649,0.0116569,0.0161654,4330928308.412206,0
CKB.V,D,20240226,000000,0.0162282,0.0166338,0.0142186,0.0143753,2012211792.0850027,0
CKB.V,D,20240227,000000,0.0143972,0.0179973,0.0142528,0.0158193,2069014831.8765454,0
CKB.V,D,20240228,000000,0.0158003,0.0175103,0.0147464,0.0169048,2029370891.6251597,0
CKB.V,D,20240229,000000,0.0168876,0.0178091,0.0147973,0.0150199,1024112936.0013736,0
CKB.V,D,20240301,000000,0.0150347,0.016228,0.0149588,0.0156802,658502452.4175345,0
CKB.V,D,20240302,000000,0.0156779,0.0164646,0.0152711,0.0154655,415197934.79446155,0
CKB.V,D,20240303,000000,0.0154611,0.0165876,0.0147146,0.0152529,720365630.5578258,0
CKB.V,D,20240304,000000,0.0151927,0.0224816,0.0151153,0.0220202,3054789689.889188,0
CKB.V,D,20240305,000000,0.0219922,0.0219922,0.0158834,0.0179114,1310097800.644047,0
CKB.V,D,20240306,000000,0.0179334,0.0215643,0.0174913,0.0192176,767757580.8733963,0
CKB.V,D,20240307,000000,0.0192184,0.020895,0.0183643,0.020171,447300786.1483643,0
CKB.V,D,20240308,000000,0.0202293,0.022339,0.019832,0.0210423,679908057.7301177,0
CKB.V,D,20240309,000000,0.0210794,0.0239445,0.0207652,0.0222491,779014950.0612266,0
CKB.V,D,20240310,000000,0.0222942,0.0244241,0.0217355,0.0219168,729473130.0054859,0
CKB.V,D,20240311,000000,0.0219579,0.0244821,0.0219269,0.0242118,474762759.78888357,0
CKB.V,D,20240312,000000,0.0242358,0.0255071,0.0219183,0.0233826,572574844.4558899,0
CKB.V,D,20240313,000000,0.0234316,0.0243765,0.0213192,0.0219271,473540531.882078,0
CKB.V,D,20240314,000000,0.0219197,0.022,0.0193585,0.0203657,351615567.5984401,0
CKB.V,D,20240315,000000,0.0203277,0.0205681,0.0178792,0.0197598,470935390.98124886,0
CKB.V,D,20240316,000000,0.0197728,0.0201492,0.0169948,0.0172983,458249993.9887856,0
CKB.V,D,20240317,000000,0.0172911,0.0193037,0.0165106,0.01843,509101615.035603,0
CKB.V,D,20240318,000000,0.018437,0.01957,0.016935,0.017041,504409037.1626949,0
CKB.V,D,20240319,000000,0.017069,0.0194505,0.0156491,0.0179971,595871976.5687271,0
CKB.V,D,20240320,000000,0.0179862,0.0208316,0.016672,0.020552,735708523.094542,0
CKB.V,D,20240321,000000,0.0203847,0.0208434,0.0197535,0.0202953,134670419.43951902,0
CKB.V,D,20240322,000000,0.0202903,0.0229489,0.0195437,0.0200584,634313439.8079904,0
CKB.V,D,20240323,000000,0.0200762,0.0215236,0.0195935,0.020376,349050734.13487804,0
CKB.V,D,20240324,000000,0.0203988,0.0227997,0.0198338,0.0225256,402808685.03571653,0
CKB.V,D,20240325,000000,0.0225166,0.0240565,0.0217095,0.0221085,535657929.7137953,0
CKB.V,D,20240326,000000,0.0221393,0.0222603,0.0204861,0.0207132,844275541.3086665,0
CKB.V,D,20240327,000000,0.0207144,0.0212084,0.0195942,0.0200118,876474127.4282193,0
CKB.V,D,20240328,000000,0.0200038,0.0203706,0.0195007,0.020032,397139312.6214585,0
CKB.V,D,20240329,000000,0.0200412,0.0200562,0.018685,0.0193533,508837627.7997564,0
CKB.V,D,20240330,000000,0.0193443,0.0195612,0.0188924,0.0189004,353167749.1967269,0
CKB.V,D,20240331,000000,0.0189044,0.0214967,0.0188867,0.0203654,1398670253.5059798,0
CKB.V,D,20240401,000000,0.0203294,0.0204721,0.0181326,0.0187741,927869959.7014862,0
CKB.V,D,20240402,000000,0.0187559,0.0189381,0.0165119,0.0166497,674352860.8538394,0
CKB.V,D,20240403,000000,0.0166517,0.0181773,0.0158762,0.0169329,1448829872.487208,0
CKB.V,D,20240404,000000,0.0168999,0.0198925,0.0166228,0.0190766,1858939814.5168447,0
CKB.V,D,20240405,000000,0.0190816,0.0196718,0.0170563,0.0187534,1027933890.8773081,0
CKB.V,D,20240406,000000,0.0187468,0.0261432,0.0186761,0.0237329,7851164286.796264,0
CKB.V,D,20240407,000000,0.0237539,0.0324277,0.0236799,0.0265614,8738296442.341213,0
CKB.V,D,20240408,000000,0.0265644,0.0343287,0.0261434,0.03292,7671196360.636606,0
CKB.V,D,20240409,000000,0.032914,0.0336467,0.0300177,0.0314425,4846665470.282698,0
CKB.V,D,20240410,000000,0.0314488,0.0379613,0.0311292,0.032892,4309207975.712318,0
CKB.V,D,20240411,000000,0.032934,0.0333233,0.0278621,0.028001,2448925194.1656337,0
CKB.V,D,20240412,000000,0.028006,0.0335854,0.025939,0.0269148,3672890030.639075,0
CKB.V,D,20240413,000000,0.0269058,0.0286164,0.020019,0.0219758,3425328074.578266,0
CKB.V,D,20240414,000000,0.0219348,0.0261954,0.0212822,0.0234,2036470307.160423,0
CKB.V,D,20240415,000000,0.023345,0.0285367,0.0230518,0.023691,1498521757.9426274,0
CKB.V,D,20240416,000000,0.0236928,0.0239035,0.0205483,0.0224255,1425567357.173754,0
CKB.V,D,20240417,000000,0.0224215,0.0226279,0.020282,0.0214516,857163819.2809634,0
CKB.V,D,20240418,000000,0.0214576,0.0216721,0.0184712,0.019992,1521666932.3674374,0
CKB.V,D,20240419,000000,0.019993,0.0205572,0.01805,0.0199232,1163962979.7311685,0
CKB.V,D,20240420,000000,0.0199886,0.0225139,0.0191463,0.0220746,1103530166.4946778,0
CKB.V,D,20240421,000000,0.0221066,0.0231977,0.0195081,0.0197224,1134914709.198054,0
CKB.V,D,20240422,000000,0.0197294,0.0209836,0.0192383,0.0200008,1030328095.1414548,0
CKB.V,D,20240423,000000,0.0200108,0.0208392,0.0184224,0.0189244,827821357.023084,0
CKB.V,D,20240424,000000,0.0189166,0.0219496,0.0186021,0.0190115,1844825802.0624352,0
CKB.V,D,20240425,000000,0.0190065,0.0190415,0.0169646,0.0182414,1179614769.7493756,0
CKB.V,D,20240426,000000,0.0182404,0.0196961,0.0170562,0.0176481,1525798567.1673331,0
CKB.V,D,20240427,000000,0.0176402,0.0176688,0.0164818,0.0173953,678406837.1321471,0
CKB.V,D,20240428,000000,0.0174043,0.0191892,0.0173771,0.0187038,960444612.2397894,0
CKB.V,D,20240429,000000,0.0187058,0.0187759,0.0169696,0.017908,819074519.9499671,0
CKB.V,D,20240430,000000,0.0178696,0.0194724,0.0157179,0.0163326,1439970660.5211952,0
CKB.V,D,20240501,000000,0.0163367,0.0168784,0.0137336,0.0161587,2035902919.9478557,0
CKB.V,D,20240502,000000,0.0161607,0.0163716,0.015172,0.0156308,815550685.1042422,0
CKB.V,D,20240503,000000,0.0156286,0.0176074,0.0153348,0.0174423,1014820491.2996168,0
CKB.V,D,20240504,000000,0.0174473,0.0204276,0.0174405,0.0195978,2288191870.211685,0
CKB.V,D,20240505,000000,0.0195978,0.019799,0.0186787,0.0189851,779984160.1058537,0
CKB.V,D,20240506,000000,0.0189873,0.0199978,0.0180328,0.0185954,985956507.045113,0
CKB.V,D,20240507,000000,0.0185982,0.0186304,0.0177026,0.0178555,334460178.35819656,0
CKB.V,D,20240508,000000,0.0178585,0.017993,0.0171039,0.0174876,336241306.0002522,0
CKB.V,D,20240509,000000,0.0174716,0.0179358,0.0166472,0.0175242,543628641.3566437,0
CKB.V,D,20240510,000000,0.0175212,0.0181659,0.0161057,0.0162951,619563540.957587,0
CKB.V,D,20240511,000000,0.0163011,0.0168759,0.0160639,0.0161984,393666481.0872032,0
CKB.V,D,20240512,000000,0.0161934,0.0162905,0.0154241,0.0156743,511365461.6398882,0
CKB.V,D,20240513,000000,0.0156813,0.015907,0.0146086,0.0154563,736088211.7082007,0
CKB.V,D,20240514,000000,0.0154553,0.0155003,0.0146031,0.0149216,669640605.8961788,0
CKB.V,D,20240515,000000,0.0149106,0.0166788,0.0145183,0.0160164,1007216141.8171729,0
CKB.V,D,20240516,000000,0.0160214,0.0160434,0.0142511,0.0147663,1190752289.4002485,0
CKB.V,D,20240517,000000,0.0147693,0.0168531,0.0145007,0.0160645,805527416.850481,0
CKB.V,D,20240518,000000,0.0160495,0.0168847,0.0156165,0.0161147,564577390.7203476,0
CKB.V,D,20240519,000000,0.0160987,0.016514,0.0151698,0.0153159,346114785.92270863,0
CKB.V,D,20240520,000000,0.0153151,0.0176565,0.014983,0.0166925,1079609535.191784,0
CKB.V,D,20240521,000000,0.0166873,0.0174344,0.016549,0.0171205,634183962.5835601,0
CKB.V,D,20240522,000000,0.0171165,0.017279,0.0154525,0.0159213,727157889.2761632,0
CKB.V,D,20240523,000000,0.0159092,0.0159661,0.0146185,0.0152942,452924877.5104808,0
CKB.V,D,20240524,000000,0.0153044,0.0157652,0.0150165,0.0154191,375427158.8074539,0
CKB.V,D,20240525,000000,0.0153982,0.0171294,0.0153029,0.0163856,744892460.6169492,0
CKB.V,D,20240526,000000,0.0163967,0.0170113,0.0158613,0.0160675,352800990.2979126,0
CKB.V,D,20240527,000000,0.0160849,0.0181153,0.0158452,0.0174132,1146343415.7310684,0
CKB.V,D,20240528,000000,0.0173823,0.0177965,0.0164992,0.0168569,891799956.0145494,0
CKB.V,D,20240529,000000,0.0168587,0.017221,0.0159173,0.0161133,336292665.9863886,0
CKB.V,D,20240530,000000,0.0161031,0.0168646,0.0153538,0.0161733,320160910.4957337,0
CKB.V,D,20240531,000000,0.0161643,0.016863,0.0158242,0.0160908,343773126.3218586,0
CKB.V,D,20240601,000000,0.0160978,0.0161985,0.0149817,0.0155701,611632906.4662421,0
CKB.V,D,20240602,000000,0.0155681,0.0159058,0.0150327,0.0152529,256120961.82223302,0
CKB.V,D,20240603,000000,0.0152649,0.01588,0.0150831,0.0154864,277956149.20597076,0
CKB.V,D,20240604,000000,0.0154755,0.0188125,0.0150568,0.018313,1278314609.371382,0
CKB.V,D,20240605,000000,0.018313,0.0196374,0.0173912,0.0182128,1772973377.4549308,0
CKB.V,D,20240606,000000,0.0182206,0.0182458,0.0172531,0.0175284,460970836.4190274,0
CKB.V,D,20240607,000000,0.0175272,0.0203292,0.016001,0.0170395,1403777123.5933301,0
CKB.V,D,20240608,000000,0.0170097,0.0184737,0.0165837,0.0168561,758504156.3401979,0
CKB.V,D,20240609,000000,0.016829,0.0179204,0.0165782,0.0168845,637873497.4226729,0
CKB.V,D,20240610,000000,0.0168997,0.0172378,0.0156009,0.0157607,425059551.3913596,0
CKB.V,D,20240611,000000,0.0157446,0.0158114,0.01375,0.014346,546154538.1253917,0
CKB.V,D,20240612,000000,0.014334,0.0153242,0.0135225,0.0144062,727965634.5036815,0
CKB.V,D,20240613,000000,0.0144112,0.0144452,0.013451,0.0136855,328035178.721888,0
CKB.V,D,20240614,000000,0.0136605,0.013864,0.0122755,0.012865,405828894.0738529,0
CKB.V,D,20240615,000000,0.012867,0.0133327,0.0126555,0.0132195,217380565.9854716,0
CKB.V,D,20240616,000000,0.0132055,0.0132585,0.0128572,0.0130795,135614173.60290566,0
CKB.V,D,20240617,000000,0.0130885,0.0133125,0.011491,0.0119655,420532070.11779165,0
CKB.V,D,20240618,000000,0.0119655,0.0120124,0.0100012,0.0105942,613550784.4384085,0
CKB.V,D,20240619,000000,0.0105972,0.011027,0.0104402,0.0109266,369931108.37663114,0
CKB.V,D,20240620,000000,0.0109366,0.0119332,0.0107028,0.0114149,439639387.86484885,0
CKB.V,D,20240621,000000,0.0114419,0.0114749,0.0108612,0.0111921,222180509.85098186,0
CKB.V,D,20240622,000000,0.0111901,0.0113504,0.0109178,0.0111415,123753257.88303266,0
CKB.V,D,20240623,000000,0.0111304,0.0113951,0.0105132,0.0106576,137422239.676624,0
CKB.V,D,20240624,000000,0.0106437,0.0108175,0.0099517,0.0108151,289504268.813458,0
CKB.V,D,20240625,000000,0.0108311,0.0123734,0.0107524,0.0121278,664523867.6322049,0
CKB.V,D,20240626,000000,0.0121227,0.0123479,0.0114965,0.0119276,325557173.8769145,0
CKB.V,D,20240627,000000,0.0119229,0.0126904,0.0116432,0.0119606,371545581.22984964,0
CKB.V,D,20240628,000000,0.0119688,0.0120162,0.0112334,0.0113554,211546563.73954877,0
CKB.V,D,20240629,000000,0.0113534,0.0117203,0.0112347,0.0112986,117491049.58619954,0
CKB.V,D,20240630,000000,0.0113047,0.0119675,0.010995,0.0117077,164279286.37889382,0
CKB.V,D,20240701,000000,0.0116947,0.0128178,0.0115878,0.0119856,444749847.4286406,0
CKB.V,D,20240702,000000,0.0119847,0.012098,0.011398,0.0115076,183374526.67198554,0
CKB.V,D,20240703,000000,0.0115076,0.0117169,0.0108812,0.0111736,143718557.84432676,0
CKB.V,D,20240704,000000,0.0111676,0.0111956,0.0100218,0.0103442,164802648.51225355,0
CKB.V,D,20240705,000000,0.0103311,0.0103851,0.00850036,0.00942575,413803673.2888735,0
CKB.V,D,20240706,000000,0.00941675,0.010215,0.00926711,0.0101422,181768326.82425243,0
CKB.V,D,20240707,000000,0.0101772,0.0102788,0.00940874,0.00968193,220228639.22058767,0
CKB.V,D,20240708,000000,0.00966903,0.01005909,0.00903428,0.00962713,230694121.32845515,0
CKB.V,D,20240709,000000,0.00961913,0.0100223,0.00948658,0.0098508,231537998.0872046,0
CKB.V,D,20240710,000000,0.0098508,0.0105664,0.009779,0.0099912,257697778.20622492,0
CKB.V,D,20240711,000000,0.0099842,0.0104975,0.00979671,0.0098657,195422126.43579128,0
CKB.V,D,20240712,000000,0.0098608,0.0110371,0.009573,0.0108801,490994272.6654863,0
CKB.V,D,20240713,000000,0.0108801,0.0110331,0.010433,0.0106998,303704918.5548242,0
CKB.V,D,20240714,000000,0.0106822,0.0119509,0.0105748,0.0112212,533100133.27690464,0
CKB.V,D,20240715,000000,0.011226,0.0125089,0.0111323,0.0124702,365382025.13899875,0
CKB.V,D,20240716,000000,0.0124712,0.0131373,0.0116234,0.0123201,538736823.066957,0
CKB.V,D,20240717,000000,0.0123331,0.012867,0.0117283,0.0119661,340655892.67696774,0
CKB.V,D,20240718,000000,0.0119841,0.012547,0.0112971,0.0115097,320511751.08862656,0
CKB.V,D,20240719,000000,0.0115037,0.0121272,0.0112527,0.0120401,280012919.89181876,0
CKB.V,D,20240720,000000,0.0120481,0.0125459,0.0118394,0.0123042,284144551.9688205,0
CKB.V,D,20240721,000000,0.0122923,0.0126475,0.0116001,0.0125875,237121555.81742674,0
CKB.V,D,20240722,000000,0.0125896,0.0136344,0.012034,0.0122477,660564949.723269,0
CKB.V,D,20240723,000000,0.0122517,0.012561,0.0113865,0.0115353,229956209.7008938,0
CKB.V,D,20240724,000000,0.0115354,0.0123989,0.011448,0.0121688,162767894.97594717,0
CKB.V,D,20240725,000000,0.0121588,0.0122028,0.0107191,0.0121435,389193588.9943213,0
CKB.V,D,20240726,000000,0.0121758,0.0126507,0.0116087,0.012437,309584606.6749008,0
CKB.V,D,20240727,000000,0.012435,0.0130713,0.0120073,0.0126706,324131049.9414047,0
CKB.V,D,20240728,000000,0.0126693,0.0126989,0.0118926,0.0120789,174099268.35005793,0
CKB.V,D,20240729,000000,0.0120789,0.0127974,0.0117516,0.0117887,212622702.89497417,0
CKB.V,D,20240730,000000,0.0117847,0.0120091,0.0112716,0.0113806,155589172.09247082,0
CKB.V,D,20240731,000000,0.0113685,0.0117172,0.0109058,0.011035,142488729.37916344,0
CKB.V,D,20240801,000000,0.011017,0.0110546,0.00959488,0.0100877,207714030.3985984,0
CKB.V,D,20240802,000000,0.0100879,0.0104765,0.00939716,0.00956099,207225248.0361772,0
CKB.V,D,20240803,000000,0.00954801,0.00956843,0.0088031,0.00899033,179864313.88367218,0
CKB.V,D,20240804,000000,0.00899033,0.00919102,0.00767839,0.00821262,229155039.04268134,0
CKB.V,D,20240805,000000,0.00820662,0.0083235,0.00613694,0.00690631,898027470.9937718,0
CKB.V,D,20240806,000000,0.00690831,0.00793746,0.00685392,0.00777095,316032513.98131406,0
CKB.V,D,20240807,000000,0.00776395,0.00795986,0.00728231,0.00738774,213079136.94794637,0
CKB.V,D,20240808,000000,0.00738681,0.00869652,0.00722094,0.00869652,160346169.8886697,0
CKB.V,D,20240809,000000,0.0086736,0.00881747,0.00828066,0.00848063,125449851.15624283,0
CKB.V,D,20240810,000000,0.00849463,0.00876967,0.00842295,0.00873566,104611859.85187504,0
CKB.V,D,20240811,000000,0.00874066,0.00895525,0.00811189,0.00820982,114756675.86870766,0
CKB.V,D,20240812,000000,0.00819682,0.00868613,0.00806534,0.00830791,164142984.30234262,0
CKB.V,D,20240813,000000,0.00831791,0.00868804,0.00807153,0.00868604,115128759.73587145,0
CKB.V,D,20240814,000000,0.00866295,0.00904053,0.00827066,0.00827566,176713587.3549631,0
CKB.V,D,20240815,000000,0.00827374,0.00836517,0.00761399,0.00772839,144818409.19418505,0
CKB.V,D,20240816,000000,0.00772439,0.00786747,0.00740841,0.00771316,95048331.16038518,0
CKB.V,D,20240817,000000,0.00771808,0.00776009,0.00745589,0.00752868,100140131.02718212,0
CKB.V,D,20240818,000000,0.00753268,0.00804745,0.00751068,0.0078925,137513842.9191306,0
CKB.V,D,20240819,000000,0.00791016,0.0080096,0.00745194,0.00781872,111797661.45376156,0
CKB.V,D,20240820,000000,0.00782672,0.00830415,0.00771416,0.00792408,122013579.44175173,0
CKB.V,D,20240821,000000,0.00793308,0.00835434,0.00765238,0.00827975,136382266.8795641,0
CKB.V,D,20240822,000000,0.00829166,0.00848244,0.00801844,0.00843242,150151986.70976812,0
CKB.V,D,20240823,000000,0.00844042,0.0107286,0.00839367,0.0107115,742134017.8882024,0
CKB.V,D,20240824,000000,0.0107105,0.011155,0.0105096,0.0105337,630698322.5466062,0
CKB.V,D,20240825,000000,0.0105227,0.0107072,0.0098268,0.0101035,364200476.9372017,0
CKB.V,D,20240826,000000,0.0101455,0.0102066,0.00909518,0.00921666,172972130.87998158,0
CKB.V,D,20240827,000000,0.00920166,0.00953476,0.00860448,0.008709,246439239.54791433,0
CKB.V,D,20240828,000000,0.008707,0.00875509,0.00802064,0.00831175,238424017.34958225,0
CKB.V,D,20240829,000000,0.00830875,0.00890689,0.00816982,0.00830183,240400101.26222312,0
CKB.V,D,20240830,000000,0.00828783,0.00879812,0.00795033,0.00841191,263233264.77544242,0
CKB.V,D,20240831,000000,0.00842091,0.00851004,0.00799668,0.00813745,199717539.6744038,0
CKB.V,D,20240901,000000,0.00814281,0.00815745,0.00767862,0.00792657,207694985.57006913,0
CKB.V,D,20240902,000000,0.00792457,0.00834841,0.00754109,0.0082336,243543099.99734995,0
CKB.V,D,20240903,000000,0.00823335,0.00849907,0.00791123,0.00809665,222788947.3792558,0
CKB.V,D,20240904,000000,0.00812038,0.008503,0.00756296,0.00825009,273138026.6914601,0
CKB.V,D,20240905,000000,0.00825709,0.00830109,0.00771384,0.0077772,187203202.4982863,0
CKB.V,D,20240906,000000,0.00777444,0.00796933,0.00726315,0.00749018,275713544.9986037,0
CKB.V,D,20240907,000000,0.00748611,0.00836408,0.00743913,0.00789521,299013500.3682623,0
CKB.V,D,20240908,000000,0.00790313,0.0081217,0.0077873,0.0079532,130878704.48916388,0
CKB.V,D,20240909,000000,0.00796218,0.0091401,0.00793024,0.00903463,297026548.74618316,0
CKB.V,D,20240910,000000,0.00904952,0.00905563,0.00853166,0.00876939,211594990.1149969,0
CKB.V,D,20240911,000000,0.00877751,0.00905246,0.00833242,0.00871678,203231622.4148185,0
CKB.V,D,20240912,000000,0.00870326,0.00930084,0.00865078,0.00917527,217256814.94532776,0
CKB.V,D,20240913,000000,0.00918127,0.0148323,0.00878339,0.0137815,12144936809.813942,0
CKB.V,D,20240914,000000,0.0137845,0.0149908,0.0135373,0.0144746,2970095314.563417,0
CKB.V,D,20240915,000000,0.0144726,0.0176305,0.0144307,0.0165522,4971245998.070901,0
CKB.V,D,20240916,000000,0.0165472,0.0175085,0.0149325,0.015694,4270187014.3108864,0
CKB.V,D,20240917,000000,0.015691,0.0166422,0.0153786,0.0163065,1674493290.1950102,0
CKB.V,D,20240918,000000,0.0162965,0.0202398,0.0162875,0.0178205,3207034867.610703,0
CKB.V,D,20240919,000000,0.0178265,0.0186004,0.0173907,0.018159,1479474967.8576548,0
CKB.V,D,20240920,000000,0.018164,0.0184988,0.0165862,0.0170425,910625603.1966451,0
CKB.V,D,20240921,000000,0.0170374,0.0170757,0.0158088,0.0160386,573368942.4285227,0
CKB.V,D,20240922,000000,0.0160446,0.0170622,0.0158653,0.016022,454107990.60817325,0
CKB.V,D,20240923,000000,0.0159714,0.0167613,0.0158481,0.0160564,436217370.9424773,0
CKB.V,D,20240924,000000,0.0160452,0.0176971,0.0160104,0.0169382,859017806.6326852,0
CKB.V,D,20240925,000000,0.0169442,0.017066,0.0162172,0.0164752,252708020.85227537,0
CKB.V,D,20240926,000000,0.0164852,0.0170027,0.0160467,0.0168647,394437524.72310466,0
CKB.V,D,20240927,000000,0.0168667,0.0173419,0.0165001,0.0172761,341359382.76314676,0
CKB.V,D,20240928,000000,0.0172661,0.0196508,0.0171889,0.018383,989433844.1172736,0
CKB.V,D,20240929,000000,0.0183593,0.018594,0.0176552,0.0179628,310009201.62977237,0
CKB.V,D,20240930,000000,0.0179698,0.0180578,0.0167392,0.0169796,286110751.0898239,0
CKB.V,D,20241001,000000,0.0169846,0.0172882,0.0150748,0.0156639,297585262.03571236,0
CKB.V,D,20241002,000000,0.0156459,0.0157807,0.014699,0.0149201,241428692.94944802,0
CKB.V,D,20241003,000000,0.0149071,0.0151194,0.0141409,0.0144573,173488757.28215295,0
CKB.V,D,20241004,000000,0.0144453,0.0155134,0.014295,0.0153198,183223911.26459038,0
CKB.V,D,20241005,000000,0.0153317,0.0158474,0.0151007,0.0152637,115457328.58908181,0
CKB.V,D,20241006,000000,0.015259,0.0160048,0.0151812,0.0155244,126846373.09130506,0
CKB.V,D,20241007,000000,0.0155254,0.0161733,0.0152094,0.0155953,214127686.33641258,0
CKB.V,D,20241008,000000,0.0155853,0.0155853,0.0148554,0.0151811,193203440.15465847,0
CKB.V,D,20241009,000000,0.0151864,0.0152144,0.0144271,0.0146781,135094813.1983648,0
CKB.V,D,20241010,000000,0.0146771,0.0147876,0.014033,0.0144644,153421888.72934908,0
CKB.V,D,20241011,000000,0.0144594,0.0157849,0.0143645,0.0156898,213716520.07302672,0
CKB.V,D,20241012,000000,0.015694,0.0157934,0.0151865,0.0156273,152445083.3897951,0
CKB.V,D,20241013,000000,0.0156243,0.0156243,0.0146307,0.0150188,120110251.19507308,0
CKB.V,D,20241014,000000,0.0150275,0.0158619,0.0148109,0.0157305,179608146.61776534,0
CKB.V,D,20241015,000000,0.0157376,0.0161715,0.014843,0.0151612,305624029.05355924,0
CKB.V,D,20241016,000000,0.0151592,0.0153728,0.0147056,0.0149579,158638752.3591676,0
CKB.V,D,20241017,000000,0.0149692,0.0150356,0.0143253,0.0145319,141636564.81612292,0
CKB.V,D,20241018,000000,0.0145564,0.0151075,0.0145268,0.0149711,133428994.22234195,0
CKB.V,D,20241019,000000,0.0149661,0.0152198,0.0147291,0.0148656,96654809.58554657,0
CKB.V,D,20241020,000000,0.0148666,0.0152666,0.0146818,0.015115,124158609.88220136,0
CKB.V,D,20241021,000000,0.0151305,0.0155472,0.0145044,0.0146788,182190288.947105,0
CKB.V,D,20241022,000000,0.014678,0.0147277,0.0142636,0.0145675,134798007.04843244,0
CKB.V,D,20241023,000000,0.0145585,0.0147131,0.0135558,0.0138933,174929419.57556316,0
CKB.V,D,20241024,000000,0.0138921,0.0142995,0.0137582,0.0142163,160728843.41233882,0
CKB.V,D,20241025,000000,0.0142363,0.0142632,0.0131234,0.0133619,205073004.6130906,0
CKB.V,D,20241026,000000,0.0133529,0.0133923,0.01222,0.0133016,280796658.06693554,0
CKB.V,D,20241027,000000,0.0133035,0.0134959,0.0129932,0.0133216,84135567.53118707,0
CKB.V,D,20241028,000000,0.0133367,0.0133996,0.0125762,0.0131048,119864851.00328444,0
CKB.V,D,20241029,000000,0.0131238,0.0138238,0.0129934,0.0133847,136867661.03761643,0
CKB.V,D,20241030,000000,0.0133938,0.0134859,0.0129053,0.0131137,103192822.7234316,0
CKB.V,D,20241031,000000,0.0131198,0.0131779,0.0123238,0.0125246,99096053.4464946,0
CKB.V,D,20241101,000000,0.0125286,0.0126132,0.0118732,0.0121707,119988371.5949054,0
CKB.V,D,20241102,000000,0.0121696,0.0127358,0.0121536,0.0123624,239927965.88329133,0
CKB.V,D,20241103,000000,0.0123495,0.0125479,0.0113443,0.0121353,206189443.0455055,0
CKB.V,D,20241104,000000,0.0121261,0.0122004,0.011223,0.0114621,106062905.76735286,0
CKB.V,D,20241105,000000,0.0114511,0.0123117,0.0114058,0.0120246,149203497.29637983,0
CKB.V,D,20241106,000000,0.0120156,0.0134721,0.0119491,0.0134631,760094678.2452078,0
CKB.V,D,20241107,000000,0.0134721,0.0142055,0.0128249,0.0132896,584723870.5720446,0
CKB.V,D,20241108,000000,0.0132995,0.0134143,0.0127418,0.0130285,309919237.01035666,0
CKB.V,D,20241109,000000,0.0130315,0.0140966,0.012887,0.0139922,535841277.27607596,0
CKB.V,D,20241110,000000,0.0139842,0.0154229,0.0137136,0.0146032,1071106151.6130527,0
CKB.V,D,20241111,000000,0.0146162,0.0156346,0.01407,0.0150111,717299325.4356183,0
CKB.V,D,20241112,000000,0.0150041,0.0151933,0.0128226,0.013866,919641486.1188833,0
CKB.V,D,20241113,000000,0.013842,0.013856,0.0123894,0.0128431,584399720.9050177,0
CKB.V,D,20241114,000000,0.0128371,0.0131991,0.0121973,0.0125625,353694475.13590026,0
CKB.V,D,20241115,000000,0.0125534,0.0128327,0.0120187,0.0127977,328914298.6909425,0
CKB.V,D,20241116,000000,0.0127908,0.0136538,0.0126735,0.0134207,263145925.18482992,0
CKB.V,D,20241117,000000,0.0134347,0.0137494,0.012576,0.0127504,260753956.32026345,0
CKB.V,D,20241118,000000,0.0127505,0.0137381,0.0126674,0.0136863,304115381.3928974,0
CKB.V,D,20241119,000000,0.0136833,0.0137259,0.0127979,0.0129423,254331251.46231654,0
CKB.V,D,20241120,000000,0.0129204,0.0131476,0.01223,0.0126577,201792251.51696393,0
CKB.V,D,20241121,000000,0.0126567,0.0136475,0.0121544,0.0134606,252592401.7710627,0
CKB.V,D,20241122,000000,0.0134616,0.0134837,0.01267,0.0131125,201073555.23228067,0
CKB.V,D,20241123,000000,0.0131086,0.0145887,0.0131035,0.0140221,634949621.5444618,0
CKB.V,D,20241124,000000,0.0140241,0.0148323,0.012969,0.0140791,472565914.7716462,0
CKB.V,D,20241125,000000,0.0140821,0.0162426,0.0138252,0.0148863,1287454746.184528,0
CKB.V,D,20241126,000000,0.0148803,0.0158605,0.0139092,0.0144047,472019202.7912534,0
CKB.V,D,20241127,000000,0.0144137,0.0154045,0.0140841,0.0151722,255869786.9237695,0
CKB.V,D,20241128,000000,0.0151812,0.0157907,0.0146623,0.0156088,300005055.658141,0
CKB.V,D,20241129,000000,0.0156058,0.0156216,0.0148112,0.0155864,277142516.321771,0
CKB.V,D,20241130,000000,0.0155734,0.016596,0.0152684,0.0163325,388430844.5521554,0
CKB.V,D,20241201,000000,0.0163245,0.0178131,0.0160213,0.017751,517083112.8544727,0
CKB.V,D,20241202,000000,0.0177691,0.0177737,0.0153106,0.0170441,623205579.1594012,0
CKB.V,D,20241203,000000,0.0170471,0.0180913,0.0156995,0.0179118,531956286.2451871,0
CKB.V,D,20241204,000000,0.0179397,0.0188933,0.0170573,0.0179692,526015959.26677567,0
CKB.V,D,20241205,000000,0.0179462,0.0180221,0.0162316,0.0168378,366160189.0970674,0
CKB.V,D,20241206,000000,0.0168106,0.017648,0.0163112,0.0173997,307591463.7549147,0
CKB.V,D,20241207,000000,0.0173988,0.0175784,0.0167421,0.0168888,221181675.71996063,0
CKB.V,D,20241208,000000,0.0168888,0.0170908,0.0162981,0.0170175,172542371.7202938,0
CKB.V,D,20241209,000000,0.0170205,0.0171874,0.0128784,0.0136621,412887629.67834383,0
CKB.V,D,20241210,000000,0.0136811,0.0140268,0.0121663,0.0134557,494381891.68393767,0
CKB.V,D,20241211,000000,0.0134697,0.0145032,0.0128523,0.0144531,352392194.1659551,0
CKB.V,D,20241212,000000,0.0144442,0.0150802,0.0141898,0.0145003,243966275.37123078,0
CKB.V,D,20241213,000000,0.0145073,0.0147022,0.0140596,0.0142327,169201752.92865285,0
CKB.V,D,20241214,000000,0.0142207,0.0147087,0.0133991,0.0136978,140994602.46164784,0
CKB.V,D,20241215,000000,0.0137008,0.0141251,0.0132935,0.0137861,113739410.4057904,0
CKB.V,D,20241216,000000,0.0138051,0.0143915,0.0131236,0.0138769,164842616.3554953,0
CKB.V,D,20241217,000000,0.0138629,0.0138929,0.0126945,0.0127517,207856638.07888326,0
CKB.V,D,20241218,000000,0.0127317,0.0128302,0.0114152,0.0115673,212134938.82025012,0
CKB.V,D,20241219,000000,0.0115764,0.0116779,0.0099975,0.0105844,391469984.5012845,0
CKB.V,D,20241220,000000,0.0106024,0.0110185,0.00911421,0.0109347,278154444.69901174,0
CKB.V,D,20241221,000000,0.0109397,0.0117411,0.0103718,0.0105028,186146502.6270228,0
CKB.V,D,20241222,000000,0.0104908,0.0109504,0.0103182,0.0106694,139830746.5314276,0
CKB.V,D,20241223,000000,0.0106853,0.0120609,0.0103582,0.0120609,173309615.2495867,0
CKB.V,D,20241224,000000,0.0120718,0.0124457,0.0114162,0.0121248,178760417.6639758,0
CKB.V,D,20241225,000000,0.0121466,0.0129382,0.0120741,0.0123878,192869428.89204413,0
CKB.V,D,20241226,000000,0.012382,0.0126042,0.011288,0.0115365,121978303.02414931,0
CKB.V,D,20241227,000000,0.0115352,0.0120461,0.0113282,0.0114423,105590753.22467215,0
CKB.V,D,20241228,000000,0.0114503,0.0119546,0.0113328,0.0118896,97955570.7912971,0
CKB.V,D,20241229,000000,0.0118786,0.0121764,0.0114124,0.0114656,102372282.03363992,0
CKB.V,D,20241230,000000,0.0114817,0.0119314,0.0109581,0.0113055,121555753.39733021,0
CKB.V,D,20241231,000000,0.0112804,0.0118109,0.0109236,0.01128,218168250.73771632,0
CKB.V,D,20250101,000000,0.0112729,0.0118883,0.0109182,0.0118242,200133893.84591168,0
CKB.V,D,20250102,000000,0.0118163,0.0124107,0.011653,0.0121246,129940710.92550346,0
CKB.V,D,20250103,000000,0.0121246,0.0126788,0.0119689,0.0126771,86637559.24969922,0
CKB.V,D,20250104,000000,0.0126812,0.0129482,0.012427,0.0128466,90406893.81271136,0
CKB.V,D,20250105,000000,0.0128324,0.0128937,0.0124618,0.0127417,76467725.22244407,0
CKB.V,D,20250106,000000,0.0127408,0.0129972,0.0123924,0.0126547,64645649.5242364,0
CKB.V,D,20250107,000000,0.0126387,0.0127198,0.0112732,0.0114293,105993508.38992926,0
CKB.V,D,20250108,000000,0.0114164,0.0114598,0.0105033,0.0111206,119254788.4966075,0
CKB.V,D,20250109,000000,0.0111056,0.0112943,0.0106669,0.0109573,85926173.12192336,0
CKB.V,D,20250110,000000,0.0109283,0.0113441,0.0107668,0.0111437,64895912.69995806,0
CKB.V,D,20250111,000000,0.0111407,0.0113186,0.0109217,0.0111117,34159311.34889318,0
CKB.V,D,20250112,000000,0.0111188,0.0112295,0.0107344,0.0107784,47723026.448130436,0
CKB.V,D,20250113,000000,0.0107794,0.0111329,0.00953359,0.0101757,298352564.4757353,0
CKB.V,D,20250114,000000,0.0101787,0.0107127,0.0100365,0.0106995,85107758.62758292,0
CKB.V,D,20250115,000000,0.0106995,0.0112705,0.0102426,0.0112113,93465414.97622813,0
CKB.V,D,20250116,000000,0.0112114,0.0112914,0.0106974,0.0109125,91622018.21719801,0
CKB.V,D,20250117,000000,0.0109265,0.0115958,0.010892,0.0115067,139334271.48235136,0
CKB.V,D,20250118,000000,0.0115087,0.0115961,0.0103295,0.0104845,123968117.6126665,0
CKB.V,D,20250119,000000,0.0104845,0.0107922,0.00930993,0.00950273,253096146.52664736,0
CKB.V,D,20250120,000000,0.00959476,0.01013075,0.00904677,0.00957292,303055083.0005133,0
CKB.V,D,20250121,000000,0.00958291,0.010143,0.00908554,0.0100735,193726836.35092044,0
CKB.V,D,20250122,000000,0.0100545,0.01011,0.00966968,0.00966968,124558328.18847615,0
CKB.V,D,20250123,000000,0.00967168,0.00979533,0.00927092,0.00959411,90158412.4909539,0
CKB.V,D,20250124,000000,0.00959611,0.00987338,0.00912136,0.00922065,196127401.2558768,0
CKB.V,D,20250125,000000,0.00920664,0.00940731,0.00900373,0.00932323,57192759.123064734,0
CKB.V,D,20250126,000000,0.00932923,0.00943755,0.00920344,0.00924152,34350814.398410514,0
CKB.V,D,20250127,000000,0.00920062,0.0092363,0.0079874,0.00869674,158945330.96406025,0
CKB.V,D,20250128,000000,0.00869882,0.00884629,0.00778895,0.00786289,106795776.19877884,0
CKB.V,D,20250129,000000,0.00785789,0.00847441,0.00774581,0.00829067,91857469.02850713,0
CKB.V,D,20250130,000000,0.00828467,0.00871174,0.00809684,0.00861378,64652157.888741806,0
CKB.V,D,20250131,000000,0.00859786,0.00883077,0.00836615,0.00842156,79554088.2757441,0
CKB.V,D,20250201,000000,0.00841256,0.00857377,0.00772522,0.00775314,78408185.33007196,0
CKB.V,D,20250202,000000,0.00774614,0.00780322,0.00649332,0.00668999,194346105.68845907,0
CKB.V,D,20250203,000000,0.00670199,0.00708122,0.00489853,0.00704697,353669567.91566956,0
CKB.V,D,20250204,000000,0.00705512,0.00707206,0.00630904,0.0065372,108480556.03365208,0
CKB.V,D,20250205,000000,0.00655621,0.00674243,0.0063217,0.00635851,83337897.63740161,0
CKB.V,D,20250206,000000,0.00636051,0.00655038,0.00601774,0.00611343,78807887.0982839,0
CKB.V,D,20250207,000000,0.00610943,0.0065416,0.00586935,0.00596224,74112008.16402386,0
CKB.V,D,20250208,000000,0.00595618,0.00638464,0.00594424,0.00638451,87728165.7782886,0
CKB.V,D,20250209,000000,0.00638751,0.00659825,0.0060366,0.00628375,90348256.50620498,0
CKB.V,D,20250210,000000,0.00626769,0.00636064,0.0060042,0.00629394,65089861.02352535,0
CKB.V,D,20250211,000000,0.00629913,0.00677188,0.00614214,0.00622232,84988644.77984685,0
CKB.V,D,20250212,000000,0.00623031,0.00651507,0.005921,0.00645739,109936855.2783946,0
CKB.V,D,20250213,000000,0.00646045,0.00655972,0.00616388,0.00630406,70764872.43894035,0
CKB.V,D,20250214,000000,0.00630319,0.00664833,0.00626756,0.00641709,53796559.097490914,0
CKB.V,D,20250215,000000,0.00642303,0.00648626,0.00617068,0.00618056,53090916.56578201,0
