<TICKER>,<PER>,<DATE>,<TIME>,<OPEN>,<HIGH>,<LOW>,<CLOSE>,<VOL>,<OPENINT>
COTI.V,D,20220514,000000,0.115903,0.117189,0.097595,0.1066398,13734982.867302,0
COTI.V,D,20220515,000000,0.1067397,0.1193566,0.1044536,0.1192448,10998355.830515,0
COTI.V,D,20220516,000000,0.1194565,0.1220411,0.1053734,0.1122539,11945722.174963,0
COTI.V,D,20220517,000000,0.1128531,0.1235639,0.1089582,0.1210424,17724353.858413,0
COTI.V,D,20220518,000000,0.1212422,0.12294,0.1074601,0.1085587,12719528.084622,0
COTI.V,D,20220519,000000,0.1090471,0.1162836,0.1018674,0.1112886,9310692.3758961,0
COTI.V,D,20220520,000000,0.1112886,0.116272,0.1039647,0.1061618,9971039.5856443,0
COTI.V,D,20220521,000000,0.1061724,0.1124536,0.1049739,0.1080593,10172668.125845,0
COTI.V,D,20220522,000000,0.1078596,0.1189571,0.1069608,0.1166598,12387900.010947,0
COTI.V,D,20220523,000000,0.1170594,0.1305693,0.1154613,0.1191568,37410294.456662,0
COTI.V,D,20220524,000000,0.1191568,0.1228647,0.1093796,0.1195324,18977852.817609,0
COTI.V,D,20220525,000000,0.1195444,0.1238388,0.1154728,0.1216538,17831590.671188,0
COTI.V,D,20220526,000000,0.1217537,0.123664,0.104485,0.115085,22848938.927863,0
COTI.V,D,20220527,000000,0.114885,0.116472,0.105494,0.106982,17345087.405392,0
COTI.V,D,20220528,000000,0.106878,0.110781,0.105057,0.109472,11150081.724743,0
COTI.V,D,20220529,000000,0.10937,0.11348,0.106994,0.113375,7998540.302663,0
COTI.V,D,20220530,000000,0.113574,0.125012,0.112383,0.123114,20149756.866355,0
COTI.V,D,20220531,000000,0.123414,0.138789,0.120803,0.13749,39861184.240593,0
COTI.V,D,20220601,000000,0.13759,0.139394,0.118981,0.12159,27267177.799774,0
COTI.V,D,20220602,000000,0.121191,0.124188,0.118393,0.12259,14600508.059519,0
COTI.V,D,20220603,000000,0.12249,0.125879,0.112994,0.122793,19032914.54828,0
COTI.V,D,20220604,000000,0.122693,0.123793,0.119075,0.121508,26216303.158131,0
COTI.V,D,20220605,000000,0.121608,0.122702,0.118,0.120187,22237060.406971,0
COTI.V,D,20220606,000000,0.120487,0.129793,0.118389,0.122697,83237539.854362,0
COTI.V,D,20220607,000000,0.122597,0.139288,0.112706,0.128794,69359003.641325,0
COTI.V,D,20220608,000000,0.129097,0.144904,0.123108,0.140309,98334450.846659,0
COTI.V,D,20220609,000000,0.140708,0.144587,0.128288,0.13119,60576730.860059,0
COTI.V,D,20220610,000000,0.131288,0.132394,0.118374,0.121645,78842513.602011,0
COTI.V,D,20220611,000000,0.121745,0.125366,0.105776,0.109876,31964876.721614,0
COTI.V,D,20220612,000000,0.109876,0.111373,0.097962,0.104571,23295533.270931,0
COTI.V,D,20220613,000000,0.104671,0.104671,0.084367,0.092172,173206322.23309,0
COTI.V,D,20220614,000000,0.092272,0.099643,0.085272,0.090791,342215765.98214,0
COTI.V,D,20220615,000000,0.09059,0.097892,0.082337,0.097054,163682354.83028,0
COTI.V,D,20220616,000000,0.096954,0.098771,0.0870954,0.0897741,29276422.34632,0
COTI.V,D,20220617,000000,0.0859803,0.092,0.0846821,0.0892927,167687191.84917,0
COTI.V,D,20220618,000000,0.0902,0.0909,0.0771879,0.082066,164522031.05266,0
COTI.V,D,20220619,000000,0.0820668,0.0902915,0.0793855,0.0885847,35969426.913879,0
COTI.V,D,20220620,000000,0.0885847,0.0927978,0.0842903,0.0903006,19478370.618461,0
COTI.V,D,20220621,000000,0.0902007,0.0983213,0.0888022,0.092598,35462385.502034,0
COTI.V,D,20220622,000000,0.0927072,0.0934065,0.0865047,0.0891108,24029004.420235,0
COTI.V,D,20220623,000000,0.0897102,0.095904,0.0882117,0.0943056,21777325.063605,0
COTI.V,D,20220624,000000,0.0943056,0.1005235,0.0941058,0.1002208,69681603.154948,0
COTI.V,D,20220625,000000,0.1002996,0.102828,0.095633,0.101429,40316171.033153,0
COTI.V,D,20220626,000000,0.101429,0.1081351,0.0994383,0.1053357,30465582.913372,0
COTI.V,D,20220627,000000,0.1054346,0.1054346,0.0974093,0.1005095,18380819.999306,0
COTI.V,D,20220628,000000,0.1005044,0.1035068,0.0966004,0.0996772,12392221.033029,0
COTI.V,D,20220629,000000,0.0994765,0.0994765,0.0927783,0.0953844,17849231.625596,0
COTI.V,D,20220630,000000,0.095685,0.0960846,0.0865873,0.0893926,23956731.014785,0
COTI.V,D,20220701,000000,0.0891928,0.0956946,0.0887933,0.0923983,31296974.13963,0
COTI.V,D,20220702,000000,0.092598,0.0929976,0.0891019,0.09159,16075457.132818,0
COTI.V,D,20220703,000000,0.0917897,0.0919895,0.0868782,0.089084,9391752.6260545,0
COTI.V,D,20220704,000000,0.0894835,0.094087,0.0874774,0.0933878,11076130.824213,0
COTI.V,D,20220705,000000,0.0932879,0.0967837,0.0895014,0.093497,10844942.815431,0
COTI.V,D,20220706,000000,0.0935969,0.0938966,0.0908999,0.0913994,8793811.6875398,0
COTI.V,D,20220707,000000,0.0915991,0.0953332,0.09159,0.0941435,9474172.6668707,0
COTI.V,D,20220708,000000,0.0942434,0.0964325,0.0906365,0.091645,12762083.590986,0
COTI.V,D,20220709,000000,0.0918449,0.0968419,0.0911362,0.0955426,11101744.066114,0
COTI.V,D,20220710,000000,0.0954331,0.0993404,0.0935438,0.096542,13625975.299594,0
COTI.V,D,20220711,000000,0.096542,0.096542,0.087721,0.0884203,10351097.748602,0
COTI.V,D,20220712,000000,0.0880383,0.0880383,0.0833083,0.0835164,19255633.852658,0
COTI.V,D,20220713,000000,0.0833191,0.0852147,0.0785135,0.0837246,18707420.87459,0
COTI.V,D,20220714,000000,0.0838245,0.0909363,0.0832334,0.0891465,31275924.430337,0
COTI.V,D,20220715,000000,0.0890465,0.103338,0.0886468,0.1001699,73747763.970423,0
COTI.V,D,20220716,000000,0.1001699,0.10086,0.0946716,0.09877,18759545.139268,0
COTI.V,D,20220717,000000,0.098874,0.103772,0.0981833,0.1030732,19145529.482174,0
COTI.V,D,20220718,000000,0.1032721,0.1099868,0.1014685,0.1047759,35334695.841193,0
COTI.V,D,20220719,000000,0.1047686,0.112,0.1042729,0.111318,23961696.769011,0
COTI.V,D,20220720,000000,0.1111,0.11561,0.103698,0.107105,30275970.992508,0
COTI.V,D,20220721,000000,0.107106,0.107624,0.100611,0.106727,24319141.106385,0
COTI.V,D,20220722,000000,0.106726,0.111221,0.10302,0.104323,12823527.133712,0
COTI.V,D,20220723,000000,0.104224,0.10781,0.1008,0.102419,11103469.138118,0
COTI.V,D,20220724,000000,0.102813,0.10642,0.102804,0.106221,19718850.01192,0
COTI.V,D,20220725,000000,0.106321,0.107321,0.094715,0.095408,33570784.447562,0
COTI.V,D,20220726,000000,0.095309,0.095419,0.0892,0.091714,18297963.925683,0
COTI.V,D,20220727,000000,0.092214,0.10024,0.092013,0.099522,18731297.378552,0
COTI.V,D,20220728,000000,0.099424,0.108734,0.099423,0.106521,25022217.872124,0
COTI.V,D,20220729,000000,0.106628,0.111229,0.10353,0.106644,35818638.697634,0
COTI.V,D,20220730,000000,0.106543,0.116441,0.106443,0.110937,25116722.317963,0
COTI.V,D,20220731,000000,0.110838,0.115724,0.107939,0.112326,19115314.11217,0
COTI.V,D,20220801,000000,0.112527,0.117834,0.108045,0.112934,24516718.925828,0
COTI.V,D,20220802,000000,0.114033,0.117735,0.105731,0.113919,41595258.121686,0
COTI.V,D,20220803,000000,0.113919,0.115823,0.109028,0.113228,23757363.396992,0
COTI.V,D,20220804,000000,0.113231,0.113426,0.107508,0.108103,15038930.809909,0
COTI.V,D,20220805,000000,0.108003,0.113523,0.108003,0.112421,7968217.7424036,0
COTI.V,D,20220806,000000,0.112421,0.115923,0.112321,0.114625,10042785.185061,0
COTI.V,D,20220807,000000,0.114625,0.120827,0.111927,0.119623,28808780.825492,0
COTI.V,D,20220808,000000,0.119523,0.12312,0.118319,0.119914,22073746.669736,0
COTI.V,D,20220809,000000,0.119814,0.121425,0.111928,0.113423,14040648.314377,0
COTI.V,D,20220810,000000,0.113323,0.12016,0.109231,0.119835,17360066.701074,0
COTI.V,D,20220811,000000,0.119836,0.124247,0.119736,0.121457,18227390.923896,0
COTI.V,D,20220812,000000,0.121457,0.123762,0.118747,0.121456,9933655.6831885,0
COTI.V,D,20220813,000000,0.121455,0.124361,0.121153,0.122748,10570979.025871,0
COTI.V,D,20220814,000000,0.122549,0.125243,0.11623,0.116636,11825742.793054,0
COTI.V,D,20220815,000000,0.116435,0.11953,0.11293,0.113927,11249644.215712,0
COTI.V,D,20220816,000000,0.114127,0.116323,0.112003,0.11291,10684574.546479,0
COTI.V,D,20220817,000000,0.11331,0.118617,0.107305,0.108108,18087095.596133,0
COTI.V,D,20220818,000000,0.108308,0.111307,0.107609,0.109101,7048015.752502,0
COTI.V,D,20220819,000000,0.109111,0.109111,0.094,0.09551,19970452.29463,0
COTI.V,D,20220820,000000,0.095603,0.098812,0.092375,0.0946,11435372.439085,0
COTI.V,D,20220821,000000,0.094597,0.099897,0.094186,0.098798,4773786.2590399,0
COTI.V,D,20220822,000000,0.098598,0.1018,0.093493,0.095483,27856973.026903,0
COTI.V,D,20220823,000000,0.095486,0.101691,0.095485,0.100602,14342762.225763,0
COTI.V,D,20220824,000000,0.1007,0.101805,0.098196,0.100108,9089424.9920451,0
COTI.V,D,20220825,000000,0.100108,0.101603,0.097106,0.098503,25382004.403039,0
COTI.V,D,20220826,000000,0.098703,0.099111,0.0894,0.090909,18712561.363082,0
COTI.V,D,20220827,000000,0.090909,0.091009,0.087493,0.089703,7410560.6410561,0
COTI.V,D,20220828,000000,0.089502,0.092701,0.088795,0.089099,11431984.947907,0
COTI.V,D,20220829,000000,0.088899,0.092595,0.084792,0.091506,14080906.075376,0
COTI.V,D,20220830,000000,0.091609,0.0938991,0.0864017,0.0890071,7208384.2231712,0
COTI.V,D,20220831,000000,0.0891071,0.0922083,0.0886106,0.0905991,6460335.6472153,0
COTI.V,D,20220901,000000,0.0911009,0.0921046,0.0879956,0.0911945,7829108.0770177,0
COTI.V,D,20220902,000000,0.0915963,0.0948066,0.0900063,0.0919156,8337788.7975787,0
COTI.V,D,20220903,000000,0.0918147,0.0951,0.0912137,0.0942,11695902.016249,0
COTI.V,D,20220904,000000,0.0943,0.0957096,0.0927,0.0952,6979527.8480328,0
COTI.V,D,20220905,000000,0.0947,0.0962,0.0917,0.0929093,6306206.5336427,0
COTI.V,D,20220906,000000,0.0929093,0.0956096,0.0854,0.0878,15801405.461518,0
COTI.V,D,20220907,000000,0.0878,0.095099,0.087407,0.0945066,12019536.687431,0
COTI.V,D,20220908,000000,0.0945057,0.0982069,0.0930084,0.0959153,18632288.157856,0
COTI.V,D,20220909,000000,0.0960154,0.0982226,0.0958096,0.0975331,11832409.225102,0
COTI.V,D,20220910,000000,0.0973399,0.1005412,0.0959278,0.0986197,10915380.410021,0
COTI.V,D,20220911,000000,0.0984207,0.1016376,0.0967377,0.0972243,8534501.409728,0
COTI.V,D,20220912,000000,0.0984236,0.1051179,0.0973214,0.1017203,22621074.052371,0
COTI.V,D,20220913,000000,0.1017183,0.104126,0.0917037,0.0926019,18498604.097415,0
COTI.V,D,20220914,000000,0.0926019,0.0943179,0.0905054,0.0942236,9681094.2580834,0
COTI.V,D,20220915,000000,0.0941254,0.0946218,0.0896269,0.0913918,9530098.7430283,0
COTI.V,D,20220916,000000,0.0911936,0.1089,0.0880921,0.09829,102724749.83138,0
COTI.V,D,20220917,000000,0.09889,0.0992,0.0939,0.0954,21953230.859826,0
COTI.V,D,20220918,000000,0.0953,0.1013,0.090191,0.0912,35629379.146526,0
COTI.V,D,20220919,000000,0.0902,0.0934187,0.0881,0.0929093,19267543.561341,0
COTI.V,D,20220920,000000,0.0929093,0.09961,0.0929093,0.0937094,26989104.400186,0
COTI.V,D,20220921,000000,0.0937094,0.0982098,0.089709,0.0934,26733605.934415,0
COTI.V,D,20220922,000000,0.0936,0.0980098,0.0926,0.0964904,22977594.302232,0
COTI.V,D,20220923,000000,0.0966,0.1092,0.0966,0.1074,72739570.61662,0
COTI.V,D,20220924,000000,0.1077935,0.109789,0.102399,0.1062085,29033636.985547,0
COTI.V,D,20220925,000000,0.1062,0.1067107,0.099403,0.104299,38401481.10522,0
COTI.V,D,20220926,000000,0.1042,0.1083043,0.0999,0.1008,24569924.913815,0
COTI.V,D,20220927,000000,0.1007,0.106189,0.1007,0.10469,23686704.75514,0
COTI.V,D,20220928,000000,0.1046,0.1074,0.10099,0.1051,41406437.846375,0
COTI.V,D,20220929,000000,0.1051,0.1079,0.1021,0.107,26295468.463262,0
COTI.V,D,20220930,000000,0.1072,0.108611,0.1043,0.1064,22485850.17096,0
COTI.V,D,20221001,000000,0.1064,0.1098,0.1049,0.1072,20943571.899392,0
COTI.V,D,20221002,000000,0.1074,0.111411,0.1056,0.1091,28861144.763002,0
COTI.V,D,20221003,000000,0.1091,0.126313,0.1064,0.125012,186612825.40492,0
COTI.V,D,20221004,000000,0.127113,0.130526,0.119524,0.120536,62846033.908234,0
COTI.V,D,20221005,000000,0.120624,0.125025,0.117924,0.123212,34963160.989572,0
COTI.V,D,20221006,000000,0.123525,0.123525,0.113913,0.114621,28631556.436592,0
COTI.V,D,20221007,000000,0.114319,0.117118,0.110804,0.113316,17893743.130335,0
COTI.V,D,20221008,000000,0.113311,0.114407,0.10931,0.109727,8181328.5487322,0
COTI.V,D,20221009,000000,0.109729,0.114923,0.109317,0.113111,11806368.965537,0
COTI.V,D,20221010,000000,0.113023,0.114811,0.1098,0.110189,13367648.233451,0
COTI.V,D,20221011,000000,0.1101,0.1101,0.1023,0.104091,43261204.086168,0
COTI.V,D,20221012,000000,0.10399,0.105193,0.101,0.102504,10119551.352418,0
COTI.V,D,20221013,000000,0.102604,0.102804,0.092493,0.099809,24847820.821374,0
COTI.V,D,20221014,000000,0.099808,0.101708,0.0944028,0.0945038,18699928.408075,0
COTI.V,D,20221015,000000,0.0947038,0.100409,0.0945019,0.099605,12454009.851231,0
COTI.V,D,20221016,000000,0.099605,0.100203,0.0975019,0.0978039,14099680.99782,0
COTI.V,D,20221017,000000,0.0978049,0.1028113,0.097702,0.101202,11122130.75494,0
COTI.V,D,20221018,000000,0.101203,0.1023051,0.096301,0.0976049,8463963.4344005,0
COTI.V,D,20221019,000000,0.0975059,0.100306,0.096401,0.0989,8521205.5712185,0
COTI.V,D,20221020,000000,0.098899,0.099103,0.0948934,0.0961894,8644270.4608904,0
COTI.V,D,20221021,000000,0.0959933,0.0985059,0.0943962,0.0980069,6761941.2802721,0
COTI.V,D,20221022,000000,0.0980069,0.099305,0.0970068,0.0979078,4447527.9068708,0
COTI.V,D,20221023,000000,0.0979088,0.10031,0.0968019,0.0993139,8257216.9098251,0
COTI.V,D,20221024,000000,0.0994119,0.1007081,0.0979157,0.099205,4974517.6054492,0
COTI.V,D,20221025,000000,0.099304,0.1036352,0.098802,0.1018326,14625289.914754,0
COTI.V,D,20221026,000000,0.1018346,0.1042365,0.1011233,0.103629,8400991.1785193,0
COTI.V,D,20221027,000000,0.1033289,0.1067203,0.102099,0.102706,16079568.896481,0
COTI.V,D,20221028,000000,0.103006,0.103207,0.099907,0.10232,9778590.7080895,0
COTI.V,D,20221029,000000,0.102821,0.106443,0.102522,0.104825,14249976.055427,0
COTI.V,D,20221030,000000,0.104725,0.108821,0.102227,0.103821,11702389.17682,0
COTI.V,D,20221031,000000,0.103822,0.10512,0.100004,0.101894,11100455.947945,0
COTI.V,D,20221101,000000,0.101794,0.103674,0.100779,0.10079,3583471.3453072,0
COTI.V,D,20221102,000000,0.100889,0.100989,0.095195,0.097395,15388733.879086,0
COTI.V,D,20221103,000000,0.097395,0.102792,0.097395,0.1011,23547922.756243,0
COTI.V,D,20221104,000000,0.1015,0.111603,0.1,0.110307,52122723.999196,0
COTI.V,D,20221105,000000,0.111509,0.115409,0.109102,0.110106,23792567.122266565,0
COTI.V,D,20221106,000000,0.110104,0.110204,0.103912,0.104607,12749610.76617499,0
COTI.V,D,20221107,000000,0.104607,0.113611,0.102208,0.109813,28810831.08608149,0
COTI.V,D,20221108,000000,0.109933,0.1125,0.081205,0.0926772,51485113.203871846,0
COTI.V,D,20221109,000000,0.0925769,0.0975985,0.0736237,0.0766735,28535200.739510115,0
COTI.V,D,20221110,000000,0.0757143,0.092008,0.0747077,0.0871646,19439653.76613773,0
COTI.V,D,20221111,000000,0.0871732,0.0974562,0.0745149,0.0781,14898005.999097744,0
COTI.V,D,20221112,000000,0.0780234,0.0792602,0.0740664,0.0756636,6679474.728968233,0
COTI.V,D,20221113,000000,0.0756636,0.078114,0.0682044,0.0690033,24688665.889209386,0
COTI.V,D,20221114,000000,0.0689172,0.0725129,0.0655213,0.0693028,30720361.953927316,0
COTI.V,D,20221115,000000,0.0693958,0.0750249,0.0693958,0.0721278,9483687.860389566,0
COTI.V,D,20221116,000000,0.0730108,0.0744166,0.0706272,0.0722328,11226562.186173685,0
COTI.V,D,20221117,000000,0.072434,0.0725434,0.0696394,0.0719438,10190462.352206755,0
COTI.V,D,20221118,000000,0.0718475,0.0736418,0.0699181,0.0702192,12082151.397608707,0
COTI.V,D,20221119,000000,0.0692203,0.0713265,0.0684247,0.071325,9890799.901636893,0
COTI.V,D,20221120,000000,0.0712258,0.0756039,0.0709056,0.0739874,32032572.664823268,0
COTI.V,D,20221121,000000,0.0739874,0.083081,0.0658183,0.0672199,79114608.43553266,0
COTI.V,D,20221122,000000,0.0673191,0.0704083,0.06602,0.0701144,26373572.058356978,0
COTI.V,D,20221123,000000,0.07021,0.0743159,0.0699125,0.0736189,24260932.6874985,0
COTI.V,D,20221124,000000,0.0739201,0.0748356,0.0727439,0.0733398,10417060.389682496,0
COTI.V,D,20221125,000000,0.0736359,0.0739556,0.0713443,0.0730569,10241808.234055005,0
COTI.V,D,20221126,000000,0.0731568,0.0754547,0.0724565,0.0728563,8264469.723512803,0
COTI.V,D,20221127,000000,0.0729569,0.0750519,0.0727541,0.073453,8798118.50679003,0
COTI.V,D,20221128,000000,0.073353,0.0733545,0.0686622,0.0702733,12588867.275212312,0
COTI.V,D,20221129,000000,0.0704732,0.0742599,0.0699727,0.0705739,13287398.880671151,0
COTI.V,D,20221130,000000,0.0705739,0.0751038,0.0702747,0.0751038,9234516.892701646,0
COTI.V,D,20221201,000000,0.075103,0.0751083,0.0715,0.0717043,11837545.374170618,0
COTI.V,D,20221202,000000,0.0718036,0.0732088,0.0706078,0.0730044,8612456.801940816,0
COTI.V,D,20221203,000000,0.0730044,0.0743015,0.0725072,0.0727073,5794800.539281061,0
COTI.V,D,20221204,000000,0.0727073,0.0738148,0.0715143,0.0722072,25424722.70160837,0
COTI.V,D,20221205,000000,0.0722144,0.0751083,0.0721144,0.0741022,21431876.36296156,0
COTI.V,D,20221206,000000,0.0741074,0.0742007,0.0714,0.0718986,18026243.07443297,0
COTI.V,D,20221207,000000,0.0718986,0.0727,0.0688034,0.0699,20055161.996240713,0
COTI.V,D,20221208,000000,0.0698007,0.0720115,0.0693,0.0716057,5750353.721185305,0
COTI.V,D,20221209,000000,0.0716064,0.0724014,0.0707042,0.0709021,34135721.51813993,0
COTI.V,D,20221210,000000,0.0710028,0.0722007,0.0708972,0.0716986,11196100.63656422,0
COTI.V,D,20221211,000000,0.0716993,0.0721029,0.069814,0.070114,13091040.372722179,0
COTI.V,D,20221212,000000,0.070307,0.0703141,0.0676061,0.0689062,10796104.995503128,0
COTI.V,D,20221213,000000,0.0689048,0.0706837,0.0660172,0.070683,14189884.869964492,0
COTI.V,D,20221214,000000,0.070683,0.0715857,0.0685007,0.0695049,9884215.651075885,0
COTI.V,D,20221215,000000,0.0695049,0.069507,0.0673067,0.0674135,4455394.505859327,0
COTI.V,D,20221216,000000,0.0675068,0.0681068,0.0573172,0.0589059,15434148.73047816,0
COTI.V,D,20221217,000000,0.0590059,0.059709,0.0571034,0.0587082,11135028.342065483,0
COTI.V,D,20221218,000000,0.0587082,0.0603018,0.0584058,0.0590077,9722260.018590244,0
COTI.V,D,20221219,000000,0.0591077,0.059809,0.0553,0.0558,14904385.151198128,0
COTI.V,D,20221220,000000,0.056,0.0585988,0.0557006,0.0582017,3826687.1443874985,0
COTI.V,D,20221221,000000,0.0582023,0.0584023,0.0563994,0.0573023,8289103.22157782,0
COTI.V,D,20221222,000000,0.0573023,0.0585,0.0562966,0.0577913,5924931.831855761,0
COTI.V,D,20221223,000000,0.0579907,0.0586906,0.0575931,0.0579936,1728644.8512051257,0
COTI.V,D,20221224,000000,0.0579942,0.0584959,0.0576937,0.0580965,1228928.2197645237,0
COTI.V,D,20221225,000000,0.0581971,0.0584988,0.0572914,0.0578913,5811015.017791081,0
COTI.V,D,20221226,000000,0.057993,0.0590894,0.0577948,0.0587882,4621717.12101946,0
COTI.V,D,20221227,000000,0.0587888,0.059888,0.058476,0.0587771,7191169.752495267,0
COTI.V,D,20221228,000000,0.058877,0.0592769,0.0568829,0.0575689,7127803.191192098,0
COTI.V,D,20221229,000000,0.0577699,0.0585766,0.056077,0.0570743,8457930.297725137,0
COTI.V,D,20221230,000000,0.0570749,0.0575741,0.0543728,0.0549719,12648423.639623376,0
COTI.V,D,20221231,000000,0.054872,0.0554734,0.0533722,0.0533733,8222559.755432971,0
COTI.V,D,20230101,000000,0.0533728,0.0535732,0.0514722,0.0517762,9963148.903442629,0
COTI.V,D,20230102,000000,0.0515757,0.0527789,0.0499795,0.0517839,32831538.55352383,0
COTI.V,D,20230103,000000,0.0518824,0.052479,0.0511785,0.0515804,9021412.570653738,0
COTI.V,D,20230104,000000,0.0516798,0.0544771,0.0516798,0.0532824,14082962.28991292,0
COTI.V,D,20230105,000000,0.0532819,0.0546836,0.0526779,0.0537812,7086326.358259694,0
COTI.V,D,20230106,000000,0.0539811,0.0558849,0.0529708,0.0557827,24955726.015290257,0
COTI.V,D,20230107,000000,0.0558821,0.0567864,0.0549829,0.0557861,8463227.627916023,0
COTI.V,D,20230108,000000,0.0556866,0.0592911,0.0548918,0.0592911,17581455.528914236,0
COTI.V,D,20230109,000000,0.0591929,0.0651993,0.0590905,0.0639006,28000590.270567406,0
COTI.V,D,20230110,000000,0.0639,0.0655013,0.0617969,0.0648091,11674019.420523599,0
COTI.V,D,20230111,000000,0.064811,0.0653065,0.0621932,0.0643987,10662047.524171006,0
COTI.V,D,20230112,000000,0.0644948,0.0674027,0.0634994,0.0673067,10139962.944954423,0
COTI.V,D,20230113,000000,0.0673054,0.0722043,0.0667913,0.0705063,12138249.565972537,0
COTI.V,D,20230114,000000,0.0705063,0.0769115,0.0702126,0.0715036,21780010.21348804,0
COTI.V,D,20230115,000000,0.0716072,0.0735279,0.0693069,0.0731219,16002950.965039987,0
COTI.V,D,20230116,000000,0.0730219,0.0761282,0.0703056,0.0731015,21903660.276387136,0
COTI.V,D,20230117,000000,0.0730022,0.0759008,0.0715064,0.0742082,20612431.63527052,0
COTI.V,D,20230118,000000,0.0742082,0.0756977,0.0673906,0.0686966,31597205.366682436,0
COTI.V,D,20230119,000000,0.0684966,0.069993,0.0667947,0.0685979,14423877.710649552,0
COTI.V,D,20230120,000000,0.0685048,0.079608,0.0682007,0.0778132,31654083.777491417,0
COTI.V,D,20230121,000000,0.077914,0.0806137,0.0760441,0.0794159,31194593.828138515,0
COTI.V,D,20230122,000000,0.0790119,0.0879176,0.0776132,0.0849161,71759119.82711278,0
COTI.V,D,20230123,000000,0.0846169,0.0906018,0.0842211,0.0888142,31122736.54089986,0
COTI.V,D,20230124,000000,0.0889133,0.1089011,0.0881123,0.101502,103411048.49004172,0
COTI.V,D,20230125,000000,0.101303,0.1114167,0.0920129,0.1074172,116214146.36338006,0
COTI.V,D,20230126,000000,0.1076183,0.1279179,0.1070182,0.1181094,154809627.696298,0
COTI.V,D,20230127,000000,0.1182095,0.1238272,0.1141513,0.114256,68969414.63602652,0
COTI.V,D,20230128,000000,0.11424,0.1171386,0.1104276,0.1114223,39575464.6559322,0
COTI.V,D,20230129,000000,0.1113223,0.1138262,0.108129,0.111004,59220590.355016485,0
COTI.V,D,20230130,000000,0.111006,0.113906,0.097405,0.098707,59030020.071548276,0
COTI.V,D,20230131,000000,0.098707,0.107196,0.096711,0.098109,73114953.79582115,0
COTI.V,D,20230201,000000,0.098209,0.1055095,0.0935,0.1044063,43216095.04785804,0
COTI.V,D,20230202,000000,0.1043052,0.1086109,0.1022061,0.1032186,45266258.96882978,0
COTI.V,D,20230203,000000,0.1029206,0.105418,0.0990089,0.104908,30969440.478957534,0
COTI.V,D,20230204,000000,0.105008,0.105508,0.10151,0.104009,19147815.801812705,0
COTI.V,D,20230205,000000,0.103808,0.105223,0.095527,0.098125,31062123.584262572,0
COTI.V,D,20230206,000000,0.098025,0.100423,0.09641,0.097703,14925502.965781633,0
COTI.V,D,20230207,000000,0.097704,0.104104,0.095108,0.103107,42781575.114331156,0
COTI.V,D,20230208,000000,0.103206,0.105209,0.095411,0.098308,21648901.757579185,0
COTI.V,D,20230209,000000,0.098006,0.100697,0.082816,0.084608,24936383.644411497,0
COTI.V,D,20230210,000000,0.084708,0.0881088,0.08302,0.086513,22220352.294897918,0
COTI.V,D,20230211,000000,0.0864,0.0891089,0.086012,0.0886089,14542641.93752899,0
COTI.V,D,20230212,000000,0.0886177,0.0911109,0.086012,0.087607,21022838.44413913,0
COTI.V,D,20230213,000000,0.0876088,0.0882256,0.0814765,0.083445,38000230.159451716,0
COTI.V,D,20230214,000000,0.0831457,0.0906299,0.082958,0.0896323,47835931.46895917,0
COTI.V,D,20230215,000000,0.089744,0.0987138,0.0891249,0.0979186,36619826.807958156,0
COTI.V,D,20230216,000000,0.0979176,0.1013172,0.0950323,0.0950323,43915222.84623373,0
COTI.V,D,20230217,000000,0.0949114,0.1098,0.0939094,0.1056106,124785234.59145445,0
COTI.V,D,20230218,000000,0.1061159,0.1083173,0.1027236,0.1034165,24886455.083224546,0
COTI.V,D,20230219,000000,0.1036166,0.1070214,0.0991277,0.1014233,32030683.195527416,0
COTI.V,D,20230220,000000,0.1014223,0.1044167,0.0975263,0.100804,18714866.72212247,0
COTI.V,D,20230221,000000,0.100604,0.1031134,0.0935178,0.0953162,24501146.99352669,0
COTI.V,D,20230222,000000,0.0953172,0.0968155,0.090509,0.0940028,12474854.570937766,0
COTI.V,D,20230223,000000,0.0941056,0.0965087,0.0910091,0.092112,15129794.145406853,0
COTI.V,D,20230224,000000,0.0921129,0.0937178,0.0861069,0.0873991,15484076.016281893,0
COTI.V,D,20230225,000000,0.0873991,0.0889089,0.0839092,0.0862052,13167664.681101048,0
COTI.V,D,20230226,000000,0.086206,0.0904136,0.0852767,0.0891053,11112960.453833066,0
COTI.V,D,20230227,000000,0.0891045,0.0917028,0.0861017,0.0877044,10411720.684552886,0
COTI.V,D,20230228,000000,0.0877053,0.0888991,0.0847059,0.0854171,16567259.16856988,0
COTI.V,D,20230301,000000,0.0854162,0.09111,0.0845118,0.0907118,15236479.328191914,0
COTI.V,D,20230302,000000,0.0909127,0.091311,0.0859931,0.0886071,16525292.182864591,0
COTI.V,D,20230303,000000,0.088708,0.088708,0.0761061,0.0811057,20593845.04836094,0
COTI.V,D,20230304,000000,0.0811073,0.0836084,0.0765038,0.0785063,26888236.176872008,0
COTI.V,D,20230305,000000,0.0785055,0.0819082,0.0782039,0.0801088,15177683.42201949,0
COTI.V,D,20230306,000000,0.0795087,0.0818016,0.0779148,0.0810951,27731242.695305265,0
COTI.V,D,20230307,000000,0.0809895,0.0823,0.0768969,0.0780961,11023550.843589619,0
COTI.V,D,20230308,000000,0.0783969,0.0791937,0.0711922,0.0717971,11489811.78645318,0
COTI.V,D,20230309,000000,0.0719906,0.0749812,0.0671859,0.0678061,23528171.871079016,0
COTI.V,D,20230310,000000,0.0677122,0.0688014,0.0644948,0.0682455,36986730.145406574,0
COTI.V,D,20230311,000000,0.0682428,0.0705476,0.0620109,0.0642466,25048522.873428844,0
COTI.V,D,20230312,000000,0.0641695,0.0700364,0.0635165,0.0697585,30201808.753642023,0
COTI.V,D,20230313,000000,0.0697585,0.0761532,0.0692106,0.0756087,21048504.32049854,0
COTI.V,D,20230314,000000,0.0756004,0.0804044,0.0726253,0.0767815,38060524.37694598,0
COTI.V,D,20230315,000000,0.0769171,0.0783734,0.06895,0.0707006,50907941.912337944,0
COTI.V,D,20230316,000000,0.0704941,0.0737029,0.0698436,0.07248,30081499.477522217,0
COTI.V,D,20230317,000000,0.0724771,0.078234,0.0717554,0.0781329,21464764.487583734,0
COTI.V,D,20230318,000000,0.079023,0.0831106,0.0765052,0.0770304,38105778.14417486,0
COTI.V,D,20230319,000000,0.0770296,0.0800394,0.0758162,0.0778351,21345551.29082593,0
COTI.V,D,20230320,000000,0.077734,0.0786266,0.0714563,0.072865,20477478.783496756,0
COTI.V,D,20230321,000000,0.0730664,0.0756239,0.0693557,0.0749383,25396970.494527258,0
COTI.V,D,20230322,000000,0.0750394,0.0758449,0.0688834,0.0719029,22607693.91115553,0
COTI.V,D,20230323,000000,0.0716988,0.0752434,0.0709989,0.0741554,13852583.03937055,0
COTI.V,D,20230324,000000,0.0741539,0.0771933,0.0706777,0.0725732,53434219.12201041,0
COTI.V,D,20230325,000000,0.0726828,0.0766017,0.0715808,0.0719697,55469918.37424284,0
COTI.V,D,20230326,000000,0.0718696,0.0746671,0.0714693,0.0734829,14143829.397375286,0
COTI.V,D,20230327,000000,0.0735809,0.0752737,0.068646,0.0706332,28374621.3096885,0
COTI.V,D,20230328,000000,0.0705331,0.0747142,0.0700252,0.0731285,19221491.480170134,0
COTI.V,D,20230329,000000,0.0730285,0.0783211,0.0729277,0.0779047,18267479.09206877,0
COTI.V,D,20230330,000000,0.0775233,0.078711,0.0748105,0.0765207,16194323.55777451,0
COTI.V,D,20230331,000000,0.0766207,0.0819147,0.0748254,0.081017,37368527.53087189,0
COTI.V,D,20230401,000000,0.0810162,0.0852503,0.0781391,0.0807291,177666780.24474669,0
COTI.V,D,20230402,000000,0.0807299,0.0818344,0.0754513,0.0768476,36240122.12293972,0
COTI.V,D,20230403,000000,0.0766475,0.0800328,0.0751068,0.0774294,50577301.53545832,0
COTI.V,D,20230404,000000,0.077431,0.0794333,0.0771347,0.0788394,26207327.92189139,0
COTI.V,D,20230405,000000,0.0789394,0.0810235,0.0772286,0.0790284,21513947.53138442,0
COTI.V,D,20230406,000000,0.078826,0.0794159,0.0758334,0.0769269,14459710.278567007,0
COTI.V,D,20230407,000000,0.0768276,0.0778389,0.0744484,0.0755566,29360617.92386302,0
COTI.V,D,20230408,000000,0.0755566,0.0768392,0.07493,0.0751293,7501336.890878406,0
COTI.V,D,20230409,000000,0.0752301,0.0773518,0.0739414,0.0773518,8461458.130760623,0
COTI.V,D,20230410,000000,0.0773518,0.0783666,0.0761251,0.0782633,31670223.94315612,0
COTI.V,D,20230411,000000,0.0782641,0.080281,0.0781687,0.0799783,17177882.87460806,0
COTI.V,D,20230412,000000,0.079879,0.0803819,0.0758841,0.0787606,11706687.122140115,0
COTI.V,D,20230413,000000,0.0786613,0.0812844,0.0778762,0.0804772,14512923.20950056,0
COTI.V,D,20230414,000000,0.0804772,0.0849645,0.0804764,0.0836694,20927464.16348269,0
COTI.V,D,20230415,000000,0.0836694,0.0911847,0.0823774,0.0888799,49673778.4433073,0
COTI.V,D,20230416,000000,0.0889791,0.0992813,0.0880757,0.094366,92660928.7129569,0
COTI.V,D,20230417,000000,0.0945633,0.1065682,0.0916824,0.1043626,159560451.1999932,0
COTI.V,D,20230418,000000,0.1044616,0.110549,0.096029,0.098617,125975662.82471666,0
COTI.V,D,20230419,000000,0.098516,0.099427,0.088833,0.09055,51070189.52763853,0
COTI.V,D,20230420,000000,0.090349,0.09154,0.084985,0.087209,24774949.24062202,0
COTI.V,D,20230421,000000,0.087306,0.098005,0.081083,0.082792,82447156.92349748,0
COTI.V,D,20230422,000000,0.082592,0.084407,0.081181,0.082708,31556712.92754398,0
COTI.V,D,20230423,000000,0.082707,0.083803,0.077517,0.079504,20643521.48561292,0
COTI.V,D,20230424,000000,0.079404,0.081395,0.076906,0.079502,11231678.092561387,0
COTI.V,D,20230425,000000,0.079302,0.080919,0.075399,0.080919,20643948.535016112,0
COTI.V,D,20230426,000000,0.081019,0.091817,0.07641,0.080226,65179267.57677451,0
COTI.V,D,20230427,000000,0.080426,0.082629,0.079025,0.081028,24110851.601752635,0
COTI.V,D,20230428,000000,0.081026,0.083125,0.079234,0.079762,26372411.88439688,0
COTI.V,D,20230429,000000,0.079861,0.081556,0.078757,0.080547,10087461.56454011,0
COTI.V,D,20230430,000000,0.080648,0.080648,0.077946,0.079246,7532780.663523455,0
COTI.V,D,20230501,000000,0.079044,0.079633,0.074405,0.07492,19276556.68940386,0
COTI.V,D,20230502,000000,0.074921,0.0789402,0.0749127,0.0782477,12960093.806569904,0
COTI.V,D,20230503,000000,0.0783478,0.0799495,0.0747164,0.0784204,12936327.34673213,0
COTI.V,D,20230504,000000,0.0787212,0.0796135,0.0765337,0.0768284,7719626.48507797,0
COTI.V,D,20230505,000000,0.0770285,0.080675,0.076232,0.0804732,8211055.92851605,0
COTI.V,D,20230506,000000,0.0805733,0.0809874,0.0760161,0.0763333,10677586.375270009,0
COTI.V,D,20230507,000000,0.0745302,0.0770015,0.0743291,0.0761898,6096247.867589744,0
COTI.V,D,20230508,000000,0.0763893,0.0768914,0.0659455,0.0679516,74403983.72182432,0
COTI.V,D,20230509,000000,0.0679509,0.071071,0.0679509,0.0694694,9373529.98598363,0
COTI.V,D,20230510,000000,0.0693412,0.0714456,0.0664864,0.070103,12313605.287032837,0
COTI.V,D,20230511,000000,0.0702702,0.0708937,0.0655455,0.0668301,6148329.416893229,0
COTI.V,D,20230512,000000,0.06669,0.0689213,0.0654554,0.0687349,7046941.83946498,0
COTI.V,D,20230513,000000,0.068745,0.0690214,0.0673837,0.0675705,4068329.093073695,0
COTI.V,D,20230514,000000,0.0674437,0.0684642,0.0667133,0.0672603,4653677.94653327,0
COTI.V,D,20230515,000000,0.0674337,0.0703562,0.0666333,0.0694686,5985050.447402659,0
COTI.V,D,20230516,000000,0.0694886,0.0707954,0.0679808,0.0704352,7889330.896059688,0
COTI.V,D,20230517,000000,0.0706353,0.0727363,0.0694278,0.0722361,13569195.046678439,0
COTI.V,D,20230518,000000,0.0723362,0.0723362,0.0685274,0.0697279,8118648.02318327,0
COTI.V,D,20230519,000000,0.0698279,0.070028,0.0685343,0.06902,4930663.941038049,0
COTI.V,D,20230520,000000,0.06902,0.0695556,0.0685411,0.0692623,3384437.169720002,0
COTI.V,D,20230521,000000,0.0693624,0.0694694,0.0667333,0.0670402,3290503.9491595766,0
COTI.V,D,20230522,000000,0.0671336,0.0684342,0.0662331,0.068134,3454101.9737646533,0
COTI.V,D,20230523,000000,0.068134,0.0696084,0.0673047,0.0678041,6147821.830040647,0
COTI.V,D,20230524,000000,0.0676041,0.0690041,0.0655961,0.066396,7392672.834072036,0
COTI.V,D,20230525,000000,0.066396,0.0670919,0.0648026,0.066502,5132759.390984389,0
COTI.V,D,20230526,000000,0.066502,0.0680095,0.0662053,0.0668147,5445830.611982246,0
COTI.V,D,20230527,000000,0.0669201,0.0683219,0.0665193,0.067525,5211098.33291437,0
COTI.V,D,20230528,000000,0.067527,0.069716,0.0675203,0.069616,5765814.066939803,0
COTI.V,D,20230529,000000,0.069716,0.07121,0.068019,0.0692201,6217672.038466595,0
COTI.V,D,20230530,000000,0.0692208,0.0701168,0.0683164,0.0693277,6047932.106630824,0
COTI.V,D,20230531,000000,0.0693277,0.0735132,0.0685171,0.0702112,29778733.626177188,0
COTI.V,D,20230601,000000,0.0702112,0.0721115,0.0685116,0.0685192,14753284.809439719,0
COTI.V,D,20230602,000000,0.0686192,0.0704141,0.0685103,0.0700182,7131111.30330038,0
COTI.V,D,20230603,000000,0.0700189,0.0705211,0.0672202,0.067627,28013715.90503668,0
COTI.V,D,20230604,000000,0.0675257,0.0684212,0.0667213,0.0681218,6038434.379941984,0
COTI.V,D,20230605,000000,0.0681225,0.0684226,0.059422,0.0616185,16552751.622248879,0
COTI.V,D,20230606,000000,0.0614184,0.063012,0.0598,0.0621174,15696408.805148343,0
COTI.V,D,20230607,000000,0.0624175,0.0624175,0.0539027,0.0547066,27440756.376812067,0
COTI.V,D,20230608,000000,0.0548055,0.0554089,0.0526084,0.0541097,22836743.310126156,0
COTI.V,D,20230609,000000,0.0540097,0.0546098,0.0524042,0.0532893,12169947.390150195,0
COTI.V,D,20230610,000000,0.0532904,0.0532947,0.040108,0.0438254,33746773.7683423,0
COTI.V,D,20230611,000000,0.0438254,0.0460225,0.0437223,0.045118,11561092.641208509,0
COTI.V,D,20230612,000000,0.0452185,0.0466005,0.0431121,0.0466005,9189913.09192098,0
COTI.V,D,20230613,000000,0.0467019,0.0479005,0.0455982,0.046494,10032965.358607378,0
COTI.V,D,20230614,000000,0.046494,0.0471915,0.0437904,0.044796,7282515.708299961,0
COTI.V,D,20230615,000000,0.0445964,0.0458675,0.0427525,0.0447624,11124870.318854423,0
COTI.V,D,20230616,000000,0.0445608,0.0466552,0.0441585,0.0456639,8067864.059097252,0
COTI.V,D,20230617,000000,0.0457638,0.0464623,0.0446709,0.045181,11303856.394766489,0
COTI.V,D,20230618,000000,0.045181,0.0455813,0.0432922,0.0437899,6357392.579391703,0
COTI.V,D,20230619,000000,0.0437895,0.0450847,0.0433878,0.0447861,7358835.968646721,0
COTI.V,D,20230620,000000,0.044986,0.046507,0.0441898,0.0462069,13007504.863173706,0
COTI.V,D,20230621,000000,0.046407,0.049997,0.0462051,0.0488029,12621032.047819823,0
COTI.V,D,20230622,000000,0.0489059,0.0513985,0.0484063,0.0497104,10881649.626148723,0
COTI.V,D,20230623,000000,0.0497104,0.0521167,0.0491103,0.0512297,11190772.14996232,0
COTI.V,D,20230624,000000,0.0512302,0.0523235,0.0494257,0.0502316,6720848.783813381,0
COTI.V,D,20230625,000000,0.0502311,0.0537204,0.0502306,0.0513164,9851078.472671885,0
COTI.V,D,20230626,000000,0.0514139,0.051714,0.0488098,0.0490103,11213161.741223648,0
COTI.V,D,20230627,000000,0.0488102,0.0512041,0.0487122,0.0509092,7816440.201159009,0
COTI.V,D,20230628,000000,0.0510097,0.0510097,0.0464042,0.0472995,9225809.875548335,0
COTI.V,D,20230629,000000,0.0473995,0.0483961,0.0468916,0.0475933,8970928.353929512,0
COTI.V,D,20230630,000000,0.0474938,0.0517943,0.0471981,0.0512826,17673166.04746159,0
COTI.V,D,20230701,000000,0.0513825,0.0541913,0.0513784,0.0528,11093423.977206975,0
COTI.V,D,20230702,000000,0.0528,0.0540054,0.0518953,0.0539049,11659828.293650178,0
COTI.V,D,20230703,000000,0.0538048,0.0559989,0.0538048,0.0552033,13516010.06414006,0
COTI.V,D,20230704,000000,0.0552044,0.0558084,0.0536129,0.0550115,17002300.840836335,0
COTI.V,D,20230705,000000,0.055211,0.0559011,0.050901,0.0520078,14375180.864361664,0
COTI.V,D,20230706,000000,0.0521078,0.0540995,0.049996,0.049996,11189047.785920786,0
COTI.V,D,20230707,000000,0.0503955,0.0507985,0.0490025,0.049805,8575329.961063515,0
COTI.V,D,20230708,000000,0.0498045,0.0507041,0.0485024,0.0489083,10300429.580229308,0
COTI.V,D,20230709,000000,0.0490078,0.050009,0.0486083,0.0486087,6134943.512307261,0
COTI.V,D,20230710,000000,0.0486087,0.050803,0.0474062,0.050301,6180838.24320959,0
COTI.V,D,20230711,000000,0.049808,0.0508005,0.0491059,0.0499005,10642749.256116776,0
COTI.V,D,20230712,000000,0.0498025,0.050602,0.0489951,0.0491961,7816650.16893396,0
COTI.V,D,20230713,000000,0.0491985,0.0595119,0.0490995,0.0564226,75733450.71786827,0
COTI.V,D,20230714,000000,0.056522,0.0594119,0.053928,0.0552287,32487750.002788328,0
COTI.V,D,20230715,000000,0.0551281,0.0557178,0.053415,0.0543157,11569441.271280197,0
COTI.V,D,20230716,000000,0.0542157,0.0549165,0.0525252,0.0529243,10300657.074904718,0
COTI.V,D,20230717,000000,0.0529249,0.0548142,0.0520109,0.0537097,9835733.494594647,0
COTI.V,D,20230718,000000,0.0537091,0.0543092,0.0509031,0.0516114,11545272.811699966,0
COTI.V,D,20230719,000000,0.0516114,0.0532117,0.0515015,0.0517995,7483025.72154716,0
COTI.V,D,20230720,000000,0.0519,0.0535,0.0508949,0.0520995,10655255.143851068,0
COTI.V,D,20230721,000000,0.0520953,0.0528974,0.051399,0.052001,6076595.459745505,0
COTI.V,D,20230722,000000,0.0521005,0.0526,0.0514031,0.0519052,4172240.856283391,0
COTI.V,D,20230723,000000,0.0520052,0.0531995,0.0511077,0.0524989,8679019.196574435,0
COTI.V,D,20230724,000000,0.0524989,0.0529973,0.0480875,0.0487941,12161623.324765265,0
COTI.V,D,20230725,000000,0.0489941,0.0491946,0.0475929,0.0481966,9528555.659378361,0
COTI.V,D,20230726,000000,0.0481961,0.0492005,0.0467925,0.0486019,11731095.013439754,0
COTI.V,D,20230727,000000,0.0486015,0.0487985,0.0462903,0.0467869,11182445.14954356,0
COTI.V,D,20230728,000000,0.0467874,0.0469915,0.0445911,0.0448991,20980913.630182564,0
COTI.V,D,20230729,000000,0.0447991,0.0447996,0.0430957,0.0442,32419319.04761053,0
COTI.V,D,20230730,000000,0.0442,0.0447009,0.0425004,0.0435965,10134860.173436182,0
COTI.V,D,20230731,000000,0.0435965,0.0447928,0.0431961,0.0444924,19754390.3030696,0
COTI.V,D,20230801,000000,0.0445929,0.0578641,0.0423902,0.0481754,335594844.41950953,0
COTI.V,D,20230802,000000,0.0482754,0.0506752,0.0453687,0.0459738,61499610.69819168,0
COTI.V,D,20230803,000000,0.0460733,0.0465599,0.0452538,0.0461607,18869626.00486724,0
COTI.V,D,20230804,000000,0.0462639,0.0469553,0.0453705,0.04607,13460082.364215633,0
COTI.V,D,20230805,000000,0.04617,0.0467491,0.0455704,0.0464557,9135796.200015772,0
COTI.V,D,20230806,000000,0.0463443,0.0489412,0.0462676,0.0485344,20673747.31655564,0
COTI.V,D,20230807,000000,0.0484127,0.0496409,0.0479414,0.0491429,20266567.915276017,0
COTI.V,D,20230808,000000,0.0491415,0.0500694,0.0471424,0.0494926,17619100.88695046,0
COTI.V,D,20230809,000000,0.0494931,0.0494931,0.0475633,0.0478578,6525183.205116442,0
COTI.V,D,20230810,000000,0.0477579,0.0480529,0.0468503,0.0474497,5171076.809949605,0
COTI.V,D,20230811,000000,0.0475476,0.0484437,0.0473469,0.0480471,6445605.897533129,0
COTI.V,D,20230812,000000,0.0480476,0.0496727,0.0480476,0.0487722,9290822.999499466,0
COTI.V,D,20230813,000000,0.0487722,0.0506584,0.0482667,0.0499605,9904301.10086482,0
COTI.V,D,20230814,000000,0.049961,0.0505464,0.0487317,0.0489441,6231282.226778174,0
COTI.V,D,20230815,000000,0.0489441,0.0491533,0.0437549,0.0459489,15496622.419299144,0
COTI.V,D,20230816,000000,0.0460488,0.0461464,0.042855,0.0433514,7327091.796162227,0
COTI.V,D,20230817,000000,0.0433514,0.0447453,0.0365927,0.0394775,16631458.876416374,0
COTI.V,D,20230818,000000,0.0391078,0.0409877,0.0385711,0.0390805,30135630.800646823,0
COTI.V,D,20230819,000000,0.0390832,0.0404915,0.0389848,0.0399892,6990556.18345736,0
COTI.V,D,20230820,000000,0.0399876,0.0406972,0.0398928,0.040398,4598343.560856925,0
COTI.V,D,20230821,000000,0.0402976,0.0403988,0.0385985,0.039694,7858351.941241073,0
COTI.V,D,20230822,000000,0.0395945,0.0396885,0.0373869,0.0378871,9784455.001250366,0
COTI.V,D,20230823,000000,0.0379871,0.040982,0.0379856,0.0399924,6192668.853167634,0
COTI.V,D,20230824,000000,0.0400904,0.0403919,0.0387798,0.0391796,5183797.527996171,0
COTI.V,D,20230825,000000,0.0391773,0.0393823,0.0383839,0.0393779,3728416.046810823,0
COTI.V,D,20230826,000000,0.0393791,0.039679,0.0382797,0.0384784,3725111.108852053,0
COTI.V,D,20230827,000000,0.0386791,0.0389817,0.0379799,0.0386814,3389255.1967702196,0
COTI.V,D,20230828,000000,0.0386814,0.0394767,0.0377751,0.0388802,6613273.35602638,0
COTI.V,D,20230829,000000,0.0388802,0.0412062,0.0369741,0.0408078,20327256.830567405,0
COTI.V,D,20230830,000000,0.0408078,0.0411066,0.0387074,0.039,7832920.5948113995,0
COTI.V,D,20230831,000000,0.0390996,0.0392949,0.0370981,0.0374936,9856431.807475071,0
COTI.V,D,20230901,000000,0.0373955,0.037989,0.036585,0.0374809,4933560.181395096,0
COTI.V,D,20230902,000000,0.0374805,0.0379913,0.0370848,0.0376962,6111019.681046255,0
COTI.V,D,20230903,000000,0.0376959,0.0381939,0.0373948,0.0375932,6807682.721163676,0
COTI.V,D,20230904,000000,0.0375932,0.0390922,0.0374932,0.037789,10767418.14107604,0
COTI.V,D,20230905,000000,0.0376894,0.0401727,0.0376883,0.0395794,11173118.232056297,0
COTI.V,D,20230906,000000,0.0395806,0.040277,0.0389817,0.0400759,8448699.142768366,0
COTI.V,D,20230907,000000,0.0400755,0.0430724,0.0390746,0.0416792,37212782.40484187,0
COTI.V,D,20230908,000000,0.0417799,0.0440771,0.0412794,0.0433939,38727985.424327165,0
COTI.V,D,20230909,000000,0.0432939,0.0440881,0.0418841,0.0426868,31955285.388265,0
COTI.V,D,20230910,000000,0.0425868,0.0433874,0.0404923,0.0422839,44471839.30589696,0
COTI.V,D,20230911,000000,0.0422839,0.0427837,0.0387872,0.0395873,17366330.36013517,0
COTI.V,D,20230912,000000,0.0395873,0.0422835,0.0395873,0.0397968,15418244.288909487,0
COTI.V,D,20230913,000000,0.0396968,0.0422966,0.039696,0.0415083,10310931.023183206,0
COTI.V,D,20230914,000000,0.0415083,0.0426004,0.0410008,0.0411115,9772050.341637503,0
COTI.V,D,20230915,000000,0.0412115,0.0424983,0.0408073,0.0424013,13257261.997278063,0
COTI.V,D,20230916,000000,0.0424983,0.0440009,0.0422983,0.0434039,23417655.059035134,0
COTI.V,D,20230917,000000,0.0435039,0.0439057,0.0403085,0.0407098,21118547.344273705,0
COTI.V,D,20230918,000000,0.0406097,0.0424068,0.0403077,0.0415075,8842922.963546522,0
COTI.V,D,20230919,000000,0.0415066,0.0424042,0.0408094,0.0417058,9672491.957940442,0
COTI.V,D,20230920,000000,0.0418059,0.0421051,0.0409078,0.0419021,8516929.502803933,0
COTI.V,D,20230921,000000,0.0420017,0.0422038,0.0404996,0.0412983,11476753.139876341,0
COTI.V,D,20230922,000000,0.0411988,0.0419983,0.0410992,0.0419971,4469280.7332353005,0
COTI.V,D,20230923,000000,0.0418971,0.042703,0.0417971,0.042703,6305036.127871449,0
COTI.V,D,20230924,000000,0.042703,0.0436009,0.0425004,0.0431017,6227118.192410879,0
COTI.V,D,20230925,000000,0.0432017,0.044592,0.0419038,0.0439974,11256175.047609378,0
COTI.V,D,20230926,000000,0.0439978,0.0446875,0.0429794,0.0436812,5582096.382379603,0
COTI.V,D,20230927,000000,0.0436812,0.0436812,0.040267,0.04057,8253510.508013844,0
COTI.V,D,20230928,000000,0.04057,0.0415621,0.0405695,0.0411992,2907203.141882208,0
COTI.V,D,20230929,000000,0.0412988,0.0415958,0.040798,0.0413954,2831659.2955486597,0
COTI.V,D,20230930,000000,0.0414959,0.0417038,0.0410078,0.0410082,2977891.7216582494,0
COTI.V,D,20231001,000000,0.0409078,0.0429056,0.0404028,0.0424047,7474370.807445852,0
COTI.V,D,20231002,000000,0.0424051,0.0441035,0.041312,0.0416125,4942072.159137225,0
COTI.V,D,20231003,000000,0.0419122,0.0420126,0.0408992,0.0411996,7972538.60442968,0
COTI.V,D,20231004,000000,0.0411996,0.0414041,0.0382069,0.0398008,16772455.260813408,0
COTI.V,D,20231005,000000,0.0398012,0.0401,0.0386151,0.039211,2945065.7858557524,0
COTI.V,D,20231006,000000,0.0392106,0.040014,0.0390059,0.039916,1661767.1124614312,0
COTI.V,D,20231007,000000,0.0399164,0.0400228,0.0391254,0.0394225,1243328.830700376,0
COTI.V,D,20231008,000000,0.0394221,0.0439246,0.0388221,0.0435248,25154804.782887023,0
COTI.V,D,20231009,000000,0.0434247,0.0470259,0.0390078,0.0400084,91951638.3743919,0
COTI.V,D,20231010,000000,0.040008,0.0404081,0.0380084,0.0385042,15817930.006415544,0
COTI.V,D,20231011,000000,0.0385038,0.0400044,0.0381038,0.0394889,22554588.600379057,0
COTI.V,D,20231012,000000,0.0395885,0.0403371,0.038991,0.0400052,9045221.705844605,0
COTI.V,D,20231013,000000,0.0400052,0.0400252,0.0382943,0.0391306,6034075.786195494,0
COTI.V,D,20231014,000000,0.0389722,0.03939,0.0384012,0.0391776,4517062.2794900695,0
COTI.V,D,20231015,000000,0.0391573,0.0397368,0.0386808,0.0388616,6935121.870700977,0
COTI.V,D,20231016,000000,0.0389619,0.0403889,0.0386416,0.0389159,8869999.803953137,0
COTI.V,D,20231017,000000,0.038926,0.0391337,0.0370941,0.0375639,7358345.455564657,0
COTI.V,D,20231018,000000,0.0375539,0.0379014,0.0369659,0.0370978,6491849.831792609,0
COTI.V,D,20231019,000000,0.0371078,0.0372567,0.0364387,0.0367247,8929527.078508304,0
COTI.V,D,20231020,000000,0.0367047,0.0379272,0.0361177,0.0375958,10935594.886303935,0
COTI.V,D,20231021,000000,0.0376354,0.0391198,0.0371771,0.0387794,6163757.710402826,0
COTI.V,D,20231022,000000,0.038789,0.0391292,0.0377007,0.0381026,5579181.816641488,0
COTI.V,D,20231023,000000,0.0381033,0.03984,0.0380333,0.0395802,9058353.563664433,0
COTI.V,D,20231024,000000,0.0396106,0.0436909,0.0396006,0.0421745,23899024.783660054,0
COTI.V,D,20231025,000000,0.0421458,0.04346,0.0410941,0.0423506,7744032.169515838,0
COTI.V,D,20231026,000000,0.0424893,0.0445171,0.0412866,0.0432604,8798176.845840186,0
COTI.V,D,20231027,000000,0.0432704,0.0438648,0.0419688,0.0431499,6825646.246033131,0
COTI.V,D,20231028,000000,0.0431804,0.0445771,0.042759,0.0445771,3967795.7053922187,0
COTI.V,D,20231029,000000,0.0445076,0.0467631,0.0438083,0.0464162,7393781.082446846,0
COTI.V,D,20231030,000000,0.0464367,0.0470174,0.0454009,0.0467054,8799320.451669091,0
COTI.V,D,20231031,000000,0.0467159,0.0473947,0.0444533,0.0458893,4107249.941340361,0
COTI.V,D,20231101,000000,0.0459093,0.0482046,0.0438532,0.0475352,16627410.105264895,0
COTI.V,D,20231102,000000,0.0475347,0.049067,0.0459487,0.0475962,14853802.603860158,0
COTI.V,D,20231103,000000,0.0476057,0.049635,0.0458428,0.0493092,14705332.78633722,0
COTI.V,D,20231104,000000,0.0494193,0.0513836,0.0490206,0.0506999,12155212.351975689,0
COTI.V,D,20231105,000000,0.0507989,0.051455,0.0493304,0.0507606,9069288.237025633,0
COTI.V,D,20231106,000000,0.0508001,0.0526205,0.0499589,0.051984,7006426.365181469,0
COTI.V,D,20231107,000000,0.051984,0.051984,0.0476286,0.048982,9298248.586579334,0
COTI.V,D,20231108,000000,0.048984,0.0513,0.0484227,0.0508517,11297462.563069826,0
COTI.V,D,20231109,000000,0.0508812,0.0554022,0.0487534,0.05242,25389868.740173597,0
COTI.V,D,20231110,000000,0.0523299,0.0544244,0.0517119,0.0540781,15320707.615470575,0
COTI.V,D,20231111,000000,0.0541581,0.0554899,0.0524225,0.053924,10514597.967209747,0
COTI.V,D,20231112,000000,0.053844,0.0549676,0.0517755,0.0545418,9547714.126433043,0
COTI.V,D,20231113,000000,0.0546124,0.0555633,0.0512067,0.0514049,7328669.65262203,0
COTI.V,D,20231114,000000,0.0514444,0.0519435,0.0482182,0.0501665,7865854.570479062,0
COTI.V,D,20231115,000000,0.050158,0.0526742,0.0497975,0.052213,7852988.196826611,0
COTI.V,D,20231116,000000,0.0522056,0.0535509,0.0490144,0.050315,11531205.14632221,0
COTI.V,D,20231117,000000,0.0500355,0.0514072,0.0474033,0.0495864,9912770.41945646,0
COTI.V,D,20231118,000000,0.0496464,0.0498564,0.0468001,0.0493146,6706136.876600878,0
COTI.V,D,20231119,000000,0.0493342,0.0501266,0.0483671,0.0496623,3128283.2541068066,0
COTI.V,D,20231120,000000,0.0497719,0.0513608,0.0491227,0.0498644,8867884.907096233,0
COTI.V,D,20231121,000000,0.049964,0.0510932,0.043667,0.0441272,11668995.1757011,0
COTI.V,D,20231122,000000,0.0441568,0.0476562,0.0438667,0.0471551,9248750.160648368,0
COTI.V,D,20231123,000000,0.0471346,0.0492418,0.0431159,0.0486768,5815334.2015031595,0
COTI.V,D,20231124,000000,0.0486773,0.0519982,0.0483758,0.0510613,8990847.314513886,0
COTI.V,D,20231125,000000,0.0510924,0.0530492,0.0508201,0.0529412,8699344.578689512,0
COTI.V,D,20231126,000000,0.0529112,0.0576119,0.0528312,0.0573218,30536190.602940705,0
COTI.V,D,20231127,000000,0.0572712,0.0591431,0.0535516,0.0541211,21387950.979852617,0
COTI.V,D,20231128,000000,0.0541111,0.056489,0.0521147,0.0559324,9157694.715107903,0
COTI.V,D,20231129,000000,0.0558724,0.0606361,0.0558062,0.0588171,36523562.22049811,0
COTI.V,D,20231130,000000,0.0586876,0.0588794,0.0535064,0.0561551,15775267.545855638,0
COTI.V,D,20231201,000000,0.0560695,0.0569808,0.0521203,0.0556322,7721154.728169759,0
COTI.V,D,20231202,000000,0.0555822,0.0574972,0.0555822,0.0563654,5355297.248958799,0
COTI.V,D,20231203,000000,0.0565754,0.0571963,0.0543195,0.0552782,4970637.591314581,0
COTI.V,D,20231204,000000,0.0551493,0.0589848,0.0524037,0.0571629,13899895.68648499,0
COTI.V,D,20231205,000000,0.057294,0.05942,0.05477,0.0582364,13822113.310347172,0
COTI.V,D,20231206,000000,0.058297,0.0604994,0.055865,0.0582464,15771489.833032314,0
COTI.V,D,20231207,000000,0.0582464,0.0603033,0.0493044,0.0597209,8961024.792054063,0
COTI.V,D,20231208,000000,0.0597709,0.0656705,0.0596161,0.0647914,20248862.669795234,0
COTI.V,D,20231209,000000,0.0648314,0.0680318,0.0641512,0.0660272,16347060.100216044,0
COTI.V,D,20231210,000000,0.0660878,0.067074,0.063232,0.06607,11581096.04010228,0
COTI.V,D,20231211,000000,0.066182,0.0662627,0.0557972,0.0618285,18529925.0569899,0
COTI.V,D,20231212,000000,0.0617116,0.0659415,0.0614305,0.0643017,16298339.668050487,0
COTI.V,D,20231213,000000,0.0641718,0.0685248,0.0594656,0.0674555,46331324.525972344,0
COTI.V,D,20231214,000000,0.0673855,0.0736752,0.066772,0.0724616,27856056.493237566,0
COTI.V,D,20231215,000000,0.0727616,0.0730124,0.0694293,0.0698563,13062037.275405493,0
COTI.V,D,20231216,000000,0.0698863,0.0737624,0.0689945,0.0736403,12710888.31824306,0
COTI.V,D,20231217,000000,0.0735611,0.0743131,0.068142,0.0698879,11286285.616909938,0
COTI.V,D,20231218,000000,0.0698773,0.0713593,0.0648121,0.0674798,12679530.825577866,0
COTI.V,D,20231219,000000,0.0675204,0.068768,0.0637307,0.0640073,13541228.747561473,0
COTI.V,D,20231220,000000,0.0640373,0.0679629,0.0634703,0.066682,12307096.37920481,0
COTI.V,D,20231221,000000,0.0666727,0.0709828,0.0662467,0.0707827,11242494.145121476,0
COTI.V,D,20231222,000000,0.0708635,0.0723828,0.069958,0.0715865,10318977.317396319,0
COTI.V,D,20231223,000000,0.0716573,0.0719232,0.0694175,0.0708547,5380765.776932384,0
COTI.V,D,20231224,000000,0.0708554,0.0740022,0.0698386,0.0713871,10261713.63935148,0
COTI.V,D,20231225,000000,0.0712556,0.0751443,0.0707139,0.0749465,8775102.60481176,0
COTI.V,D,20231226,000000,0.0747364,0.0778452,0.0715629,0.0773723,21770144.320091747,0
COTI.V,D,20231227,000000,0.0773123,0.0791817,0.0743907,0.0768076,18324908.910521142,0
COTI.V,D,20231228,000000,0.07689,0.0786434,0.0707942,0.0718309,13606013.078451144,0
COTI.V,D,20231229,000000,0.0718609,0.0747748,0.0694283,0.0709735,10479386.277533444,0
COTI.V,D,20231230,000000,0.0710342,0.0737407,0.0691596,0.0720986,11123240.433763059,0
COTI.V,D,20231231,000000,0.0721678,0.0728323,0.0673985,0.0691127,6934173.028943823,0
COTI.V,D,20240101,000000,0.069192,0.072586,0.0688266,0.0719444,5467617.4892656095,0
COTI.V,D,20240102,000000,0.0719844,0.0757083,0.0712678,0.0722875,18121764.399446815,0
COTI.V,D,20240103,000000,0.0722767,0.0758205,0.0565411,0.0640137,15749763.481079157,0
COTI.V,D,20240104,000000,0.0638349,0.0674375,0.0635654,0.0667593,7210531.838922244,0
COTI.V,D,20240105,000000,0.0668181,0.0673213,0.062166,0.0635295,8004020.883103878,0
COTI.V,D,20240106,000000,0.0637203,0.0648919,0.0600546,0.0622373,7499977.59922246,0
COTI.V,D,20240107,000000,0.0621072,0.0634242,0.0577675,0.0579671,5835024.355770315,0
COTI.V,D,20240108,000000,0.0580471,0.0614859,0.0530386,0.0610443,9657191.358275758,0
COTI.V,D,20240109,000000,0.0613546,0.0617158,0.0547731,0.0573378,9178368.887512226,0
COTI.V,D,20240110,000000,0.0573278,0.063584,0.0559851,0.0632052,10248632.59979808,0
COTI.V,D,20240111,000000,0.0631658,0.0663911,0.0619636,0.0646939,8002320.635016085,0
COTI.V,D,20240112,000000,0.0646232,0.0661893,0.0590375,0.060312,9042822.320298892,0
COTI.V,D,20240113,000000,0.0603126,0.063393,0.0590464,0.0631049,7265051.260293839,0
COTI.V,D,20240114,000000,0.0630649,0.0630649,0.0591745,0.0598712,4855737.35269152,0
COTI.V,D,20240115,000000,0.0598607,0.0615984,0.0584925,0.059695,6316887.216956634,0
COTI.V,D,20240116,000000,0.0597949,0.0617226,0.0589376,0.0616201,4860814.5220574625,0
COTI.V,D,20240117,000000,0.0616501,0.0617689,0.0587506,0.0595504,7505615.45818117,0
COTI.V,D,20240118,000000,0.0595404,0.06477,0.055613,0.056353,50882029.15786778,0
COTI.V,D,20240119,000000,0.0563436,0.0573126,0.053038,0.0563741,9605183.173606386,0
COTI.V,D,20240120,000000,0.0563641,0.0588012,0.0551608,0.0587218,7896782.659409241,0
COTI.V,D,20240121,000000,0.0586319,0.0594755,0.0575585,0.0583532,5388307.588806339,0
COTI.V,D,20240122,000000,0.0583092,0.0587547,0.0532745,0.0539222,6929204.704414077,0
COTI.V,D,20240123,000000,0.0540116,0.0548456,0.0495005,0.0518743,7371471.849784228,0
COTI.V,D,20240124,000000,0.0519742,0.0534629,0.0518332,0.0525926,4770707.617875241,0
COTI.V,D,20240125,000000,0.0525926,0.0536878,0.0518626,0.0532312,5386721.171037621,0
COTI.V,D,20240126,000000,0.0532113,0.0558988,0.0526121,0.0555378,4975059.504934551,0
COTI.V,D,20240127,000000,0.0556494,0.057172,0.0554117,0.0570094,5296806.698234124,0
COTI.V,D,20240128,000000,0.0569994,0.0576373,0.0546262,0.0549518,5186515.251409249,0
COTI.V,D,20240129,000000,0.0548518,0.05804,0.0547247,0.0577,6815923.443843264,0
COTI.V,D,20240130,000000,0.0577506,0.0620845,0.0577506,0.0602188,22084999.703556728,0
COTI.V,D,20240131,000000,0.0602394,0.0607994,0.0554384,0.0560786,10141254.714371448,0
COTI.V,D,20240201,000000,0.0560292,0.056533,0.054653,0.0562237,5073580.381079297,0
COTI.V,D,20240202,000000,0.0561737,0.0571348,0.055621,0.0566799,4848260.59938777,0
COTI.V,D,20240203,000000,0.0566799,0.0569013,0.0556716,0.0565008,3489638.5087472284,0
COTI.V,D,20240204,000000,0.0565108,0.0565819,0.0548958,0.0554367,5530059.888746538,0
COTI.V,D,20240205,000000,0.0554667,0.0648721,0.0542823,0.06098,69161238.41626932,0
COTI.V,D,20240206,000000,0.0610599,0.0729906,0.0595331,0.0697184,82139265.32862528,0
COTI.V,D,20240207,000000,0.0696777,0.0719781,0.0655968,0.0671166,32200025.186930627,0
COTI.V,D,20240208,000000,0.0670659,0.0754647,0.0664027,0.0739248,33749449.558679216,0
COTI.V,D,20240209,000000,0.0735547,0.10895,0.0733839,0.0992976,476453438.87034494,0
COTI.V,D,20240210,000000,0.0994086,0.1023222,0.0868308,0.0877754,104565346.01222761,0
COTI.V,D,20240211,000000,0.0877454,0.0977383,0.0843646,0.0859449,81615903.84103176,0
COTI.V,D,20240212,000000,0.0859749,0.0928841,0.0802049,0.0867281,85858258.8553405,0
COTI.V,D,20240213,000000,0.0867181,0.095019,0.0825197,0.087214,80890567.96760488,0
COTI.V,D,20240214,000000,0.0872649,0.0951575,0.0850944,0.093607,51690288.06457426,0
COTI.V,D,20240215,000000,0.093637,0.0976888,0.0893455,0.0932601,60399099.535381176,0
COTI.V,D,20240216,000000,0.0932711,0.0945966,0.0880637,0.0901694,24357726.884274483,0
COTI.V,D,20240217,000000,0.0901694,0.0924513,0.0866907,0.0920502,18637459.076118983,0
COTI.V,D,20240218,000000,0.0920602,0.107715,0.0908836,0.102851,74558463.0358255,0
COTI.V,D,20240219,000000,0.102822,0.109105,0.099515,0.101114,56658240.1583441,0
COTI.V,D,20240220,000000,0.101174,0.101769,0.0910109,0.0964493,33538188.059848838,0
COTI.V,D,20240221,000000,0.0963593,0.0984226,0.0899955,0.09315,14349824.997285943,0
COTI.V,D,20240222,000000,0.09323,0.103067,0.0907918,0.101247,21642023.493781354,0
COTI.V,D,20240223,000000,0.101108,0.126772,0.0939291,0.126122,196432897.17833716,0
COTI.V,D,20240224,000000,0.125932,0.193794,0.121503,0.17907,533992601.76361555,0
COTI.V,D,20240225,000000,0.179238,0.249685,0.17435,0.209152,643856242.1686966,0
COTI.V,D,20240226,000000,0.20914,0.27885,0.204987,0.271997,398509470.2848226,0
COTI.V,D,20240227,000000,0.271954,0.275763,0.22077,0.22408,141221518.2784842,0
COTI.V,D,20240228,000000,0.22409,0.247079,0.205608,0.218751,152265566.9743878,0
COTI.V,D,20240229,000000,0.218013,0.243871,0.205743,0.207833,74371605.87734596,0
COTI.V,D,20240301,000000,0.207833,0.226441,0.207833,0.213939,39133016.90439579,0
COTI.V,D,20240302,000000,0.213955,0.222294,0.206424,0.219725,45308721.14542044,0
COTI.V,D,20240303,000000,0.219325,0.223138,0.196474,0.210095,33559065.91291264,0
COTI.V,D,20240304,000000,0.209694,0.222384,0.190485,0.199099,55586291.003313474,0
COTI.V,D,20240305,000000,0.199329,0.20623,0.142984,0.184287,46797713.91120137,0
COTI.V,D,20240306,000000,0.183927,0.22262,0.177311,0.216108,62706443.09324005,0
COTI.V,D,20240307,000000,0.216668,0.218988,0.202993,0.205498,31822733.956443295,0
COTI.V,D,20240308,000000,0.205473,0.254431,0.200368,0.246112,97014907.43727331,0
COTI.V,D,20240309,000000,0.245568,0.267458,0.240373,0.248243,111425747.19611709,0
COTI.V,D,20240310,000000,0.24807,0.268898,0.241199,0.243775,56511780.91356779,0
COTI.V,D,20240311,000000,0.244537,0.251201,0.232516,0.233107,29054164.158018235,0
COTI.V,D,20240312,000000,0.233394,0.237142,0.210407,0.220165,24978290.104612745,0
COTI.V,D,20240313,000000,0.220013,0.226882,0.212006,0.217239,13643908.569162682,0
COTI.V,D,20240314,000000,0.217359,0.219732,0.198849,0.210974,11542070.37832513,0
COTI.V,D,20240315,000000,0.210756,0.214852,0.182704,0.20266,22505022.169408854,0
COTI.V,D,20240316,000000,0.2022,0.214456,0.181805,0.185735,17906018.290460803,0
COTI.V,D,20240317,000000,0.18574,0.202284,0.179391,0.198333,12690420.52744428,0
COTI.V,D,20240318,000000,0.198661,0.203911,0.181018,0.183709,22941724.16464866,0
COTI.V,D,20240319,000000,0.183627,0.19029,0.160229,0.174696,17127356.03956687,0
COTI.V,D,20240320,000000,0.174816,0.20071,0.16731,0.196798,15913768.3309005,0
COTI.V,D,20240321,000000,0.193069,0.201386,0.187085,0.191594,9665429.557007281,0
COTI.V,D,20240322,000000,0.191956,0.19844,0.181245,0.18335,7216124.558190197,0
COTI.V,D,20240323,000000,0.18312,0.19543,0.18312,0.19096,6105633.579190669,0
COTI.V,D,20240324,000000,0.191,0.197018,0.187554,0.196596,6014328.910995087,0
COTI.V,D,20240325,000000,0.196788,0.208302,0.195341,0.203781,18101270.318136692,0
COTI.V,D,20240326,000000,0.203831,0.212142,0.195475,0.204502,40248809.49645781,0
COTI.V,D,20240327,000000,0.204494,0.21171,0.18949,0.19368,29495179.327073775,0
COTI.V,D,20240328,000000,0.193398,0.194985,0.186921,0.19065,22694956.232332505,0
COTI.V,D,20240329,000000,0.19062,0.193722,0.183229,0.185789,22373775.403303567,0
COTI.V,D,20240330,000000,0.185687,0.188873,0.181121,0.181341,13503343.555644603,0
COTI.V,D,20240331,000000,0.181291,0.190089,0.180014,0.186662,11018257.375796586,0
COTI.V,D,20240401,000000,0.186752,0.188577,0.166497,0.175937,23295842.65984669,0
COTI.V,D,20240402,000000,0.176065,0.180162,0.155978,0.163545,19485658.498136114,0
COTI.V,D,20240403,000000,0.163565,0.170425,0.155421,0.163147,20164157.36678463,0
COTI.V,D,20240404,000000,0.163157,0.174804,0.158479,0.16634,23160630.223463554,0
COTI.V,D,20240405,000000,0.16643,0.167098,0.14724,0.157223,29736400.977821894,0
COTI.V,D,20240406,000000,0.157269,0.160933,0.150745,0.156718,10636495.834038738,0
COTI.V,D,20240407,000000,0.156779,0.16744,0.156779,0.160873,19061894.030341886,0
COTI.V,D,20240408,000000,0.160984,0.178513,0.156702,0.175731,29713984.922322627,0
COTI.V,D,20240409,000000,0.175779,0.177214,0.162519,0.163815,11593770.314480051,0
COTI.V,D,20240410,000000,0.163806,0.163806,0.151444,0.158765,12691266.029921353,0
COTI.V,D,20240411,000000,0.158855,0.162489,0.148459,0.151471,11686219.961695205,0
COTI.V,D,20240412,000000,0.151412,0.156152,0.109734,0.128335,31031618.603756253,0
COTI.V,D,20240413,000000,0.128027,0.129377,0.089225,0.1007816,33728962.87738225,0
COTI.V,D,20240414,000000,0.1012119,0.114487,0.0938331,0.106572,46880967.00824805,0
COTI.V,D,20240415,000000,0.106742,0.120131,0.102311,0.107448,19081821.57350564,0
COTI.V,D,20240416,000000,0.107347,0.111727,0.103026,0.110522,8520209.798569618,0
COTI.V,D,20240417,000000,0.110702,0.112088,0.10223,0.108708,12558959.812887616,0
COTI.V,D,20240418,000000,0.108628,0.113516,0.104141,0.112284,10192889.657905784,0
COTI.V,D,20240419,000000,0.112254,0.119358,0.10081,0.115826,17918563.452595625,0
COTI.V,D,20240420,000000,0.116108,0.130961,0.112255,0.129369,12325976.114593057,0
COTI.V,D,20240421,000000,0.129409,0.132618,0.125326,0.127432,11735061.787846355,0
COTI.V,D,20240422,000000,0.127492,0.154072,0.12672,0.13673,42266397.950917356,0
COTI.V,D,20240423,000000,0.136651,0.138744,0.129263,0.130107,8400357.47389059,0
COTI.V,D,20240424,000000,0.129867,0.135925,0.122393,0.124725,13458596.738801815,0
COTI.V,D,20240425,000000,0.124735,0.125612,0.118074,0.123798,8374025.482132606,0
COTI.V,D,20240426,000000,0.123648,0.124108,0.118628,0.122639,4743388.912904505,0
COTI.V,D,20240427,000000,0.122458,0.122458,0.113555,0.120731,7045032.418430653,0
COTI.V,D,20240428,000000,0.120721,0.125647,0.120044,0.121757,3364624.4146812856,0
COTI.V,D,20240429,000000,0.121807,0.122102,0.113045,0.11399,5340640.660941057,0
COTI.V,D,20240430,000000,0.113886,0.118347,0.102338,0.105533,12178082.30018587,0
COTI.V,D,20240501,000000,0.105373,0.111324,0.099873,0.108607,9476174.176913166,0
COTI.V,D,20240502,000000,0.108957,0.114443,0.106252,0.113545,5086232.553046132,0
COTI.V,D,20240503,000000,0.113605,0.119869,0.110129,0.11925,9667735.784698406,0
COTI.V,D,20240504,000000,0.1193,0.123869,0.117866,0.122352,6100206.928115129,0
COTI.V,D,20240505,000000,0.122292,0.128399,0.118225,0.125255,6262075.238080233,0
COTI.V,D,20240506,000000,0.125144,0.13185,0.12193,0.124572,10152052.060410403,0
COTI.V,D,20240507,000000,0.124411,0.124411,0.119366,0.120108,5289177.863438786,0
COTI.V,D,20240508,000000,0.120106,0.122643,0.113741,0.117564,7740815.096239614,0
COTI.V,D,20240509,000000,0.117474,0.124275,0.114363,0.122362,6339872.740631611,0
COTI.V,D,20240510,000000,0.12203,0.124778,0.113289,0.114924,6426905.423285593,0
COTI.V,D,20240511,000000,0.115035,0.120511,0.113955,0.116594,3329080.355012028,0
COTI.V,D,20240512,000000,0.116356,0.117973,0.113762,0.114831,3028245.54187927,0
COTI.V,D,20240513,000000,0.114721,0.116627,0.108228,0.111488,4681021.46029796,0
COTI.V,D,20240514,000000,0.111598,0.112306,0.107095,0.10815,5073663.840649587,0
COTI.V,D,20240515,000000,0.10801,0.120074,0.106934,0.11858,7248442.981758381,0
COTI.V,D,20240516,000000,0.1187,0.122428,0.114424,0.117211,5977549.392189233,0
COTI.V,D,20240517,000000,0.117461,0.125383,0.116247,0.124193,4943591.018608069,0
COTI.V,D,20240518,000000,0.124002,0.136827,0.121734,0.132714,22464230.458383057,0
COTI.V,D,20240519,000000,0.132513,0.140755,0.127379,0.128051,16471466.471495017,0
COTI.V,D,20240520,000000,0.128142,0.142353,0.12431,0.141005,13438687.27546867,0
COTI.V,D,20240521,000000,0.140844,0.149127,0.135467,0.145828,23418870.247849565,0
COTI.V,D,20240522,000000,0.145912,0.149956,0.138545,0.141209,10291549.829953559,0
COTI.V,D,20240523,000000,0.141411,0.145251,0.128567,0.139381,9208926.220866533,0
COTI.V,D,20240524,000000,0.139521,0.139681,0.131615,0.133484,5236645.606755044,0
COTI.V,D,20240525,000000,0.133324,0.135569,0.131203,0.132354,5805169.379664951,0
COTI.V,D,20240526,000000,0.132362,0.133778,0.129038,0.131421,4526174.484079674,0
COTI.V,D,20240527,000000,0.131389,0.137533,0.13031,0.136281,7723032.632033616,0
COTI.V,D,20240528,000000,0.135891,0.137414,0.131078,0.135442,10900673.163657319,0
COTI.V,D,20240529,000000,0.135341,0.137074,0.129389,0.130626,6858475.9397415845,0
COTI.V,D,20240530,000000,0.130365,0.132968,0.124576,0.128645,4464621.123151821,0
COTI.V,D,20240531,000000,0.128575,0.13081,0.125459,0.128548,3883270.713769297,0
COTI.V,D,20240601,000000,0.128428,0.128795,0.124569,0.125988,2594043.2508552233,0
COTI.V,D,20240602,000000,0.126019,0.129353,0.123159,0.123984,9804623.111830361,0
COTI.V,D,20240603,000000,0.124044,0.140421,0.120899,0.138618,20164612.320913572,0
COTI.V,D,20240604,000000,0.138526,0.147783,0.138184,0.14379,21234092.14350448,0
COTI.V,D,20240605,000000,0.14382,0.146435,0.138729,0.140004,9478416.582744028,0
COTI.V,D,20240606,000000,0.139983,0.141466,0.135914,0.137586,7686876.862596824,0
COTI.V,D,20240607,000000,0.137506,0.153868,0.118934,0.13282,20245696.781838935,0
COTI.V,D,20240608,000000,0.132541,0.135484,0.121135,0.123036,9587432.376675038,0
COTI.V,D,20240609,000000,0.122946,0.125694,0.121187,0.12382,5844802.070871646,0
COTI.V,D,20240610,000000,0.123722,0.124193,0.117315,0.119018,6963589.735700388,0
COTI.V,D,20240611,000000,0.118898,0.119439,0.108438,0.112556,11017084.574670456,0
COTI.V,D,20240612,000000,0.112575,0.122896,0.10812,0.12019,13096899.965444807,0
COTI.V,D,20240613,000000,0.12006,0.124395,0.114345,0.115744,7327696.766148202,0
COTI.V,D,20240614,000000,0.115734,0.117733,0.106036,0.111081,5088139.917116835,0
COTI.V,D,20240615,000000,0.111162,0.111162,0.106669,0.107629,6587238.702435794,0
COTI.V,D,20240616,000000,0.107559,0.108784,0.104996,0.106515,4378890.644549764,0
COTI.V,D,20240617,000000,0.106635,0.108627,0.0957516,0.1003738,8817390.761193985,0
COTI.V,D,20240618,000000,0.1004038,0.1006937,0.0883882,0.0905402,8854110.465255167,0
COTI.V,D,20240619,000000,0.0905302,0.0970267,0.0902213,0.0954518,4701924.913120399,0
COTI.V,D,20240620,000000,0.0954618,0.10044,0.0932736,0.0950924,4878811.538526867,0
COTI.V,D,20240621,000000,0.0950515,0.0967435,0.0919353,0.0937019,3563551.7850363725,0
COTI.V,D,20240622,000000,0.0938027,0.0940948,0.0913325,0.092583,2266872.9216425335,0
COTI.V,D,20240623,000000,0.0926537,0.0960804,0.0905274,0.0916258,3151650.4955546064,0
COTI.V,D,20240624,000000,0.0913169,0.0938131,0.0864655,0.0937315,5344179.5538398735,0
COTI.V,D,20240625,000000,0.0937315,0.0980178,0.0930042,0.0963826,4598447.690091301,0
COTI.V,D,20240626,000000,0.0963926,0.0982295,0.0924723,0.0948854,3284493.1478699544,0
COTI.V,D,20240627,000000,0.0948579,0.0980933,0.0917155,0.0975912,4460302.8746550325,0
COTI.V,D,20240628,000000,0.0977798,0.098026,0.0915838,0.0921771,3439680.435266379,0
COTI.V,D,20240629,000000,0.0921962,0.092827,0.0883167,0.0887389,5736083.37306885,0
COTI.V,D,20240630,000000,0.088748,0.0957282,0.087922,0.093434,15502181.383915033,0
COTI.V,D,20240701,000000,0.0936047,0.0957947,0.0912666,0.0927869,4637190.325486833,0
COTI.V,D,20240702,000000,0.0928605,0.0951485,0.0909589,0.0926415,4651685.370306443,0
COTI.V,D,20240703,000000,0.0927014,0.0933894,0.087065,0.0889611,2742680.028000591,0
COTI.V,D,20240704,000000,0.0889212,0.0895714,0.08044,0.0826237,4143427.4827041742,0
COTI.V,D,20240705,000000,0.0826337,0.0829227,0.0660222,0.0757761,14633192.428473962,0
COTI.V,D,20240706,000000,0.0757961,0.0858957,0.0755968,0.0850017,6331241.942626071,0
COTI.V,D,20240707,000000,0.0851217,0.0854868,0.079161,0.0803979,4029130.460321383,0
COTI.V,D,20240708,000000,0.080382,0.0857063,0.075434,0.0819426,5860319.944350309,0
COTI.V,D,20240709,000000,0.0818126,0.0836291,0.0805584,0.0828783,3767002.7035828326,0
COTI.V,D,20240710,000000,0.0829092,0.0876225,0.0821125,0.0850532,5734524.30849063,0
COTI.V,D,20240711,000000,0.085054,0.0870917,0.0811316,0.0814776,4748061.000138016,0
COTI.V,D,20240712,000000,0.0813984,0.0845628,0.0798416,0.0830158,3318858.320802444,0
COTI.V,D,20240713,000000,0.0829658,0.0853105,0.0820654,0.0829349,3205386.7515837466,0
COTI.V,D,20240714,000000,0.0829349,0.086572,0.0820248,0.086572,2754161.9190477217,0
COTI.V,D,20240715,000000,0.0867121,0.0939369,0.086201,0.0933457,5743781.844974382,0
COTI.V,D,20240716,000000,0.0933613,0.1006493,0.0921067,0.0955229,19838896.135729972,0
COTI.V,D,20240717,000000,0.0954939,0.1007821,0.0942654,0.0982079,9198946.83579869,0
COTI.V,D,20240718,000000,0.0982288,0.104051,0.0898137,0.0919416,17849215.74535352,0
COTI.V,D,20240719,000000,0.0919207,0.105784,0.0903619,0.104374,22573777.166070346,0
COTI.V,D,20240720,000000,0.104524,0.110924,0.103385,0.105054,24137933.268992744,0
COTI.V,D,20240721,000000,0.105275,0.110554,0.102255,0.109102,9015059.719913656,0
COTI.V,D,20240722,000000,0.109353,0.110514,0.102835,0.103021,4758303.82617212,0
COTI.V,D,20240723,000000,0.102831,0.112567,0.099015,0.110213,50083169.61491529,0
COTI.V,D,20240724,000000,0.109793,0.119665,0.109573,0.11284,50233816.20152251,0
COTI.V,D,20240725,000000,0.11299,0.118694,0.106466,0.116406,19553845.91336327,0
COTI.V,D,20240726,000000,0.11684,0.122012,0.115467,0.11987,10896732.28213186,0
COTI.V,D,20240727,000000,0.12041,0.132203,0.113272,0.118968,23155944.39762177,0
COTI.V,D,20240728,000000,0.119172,0.123038,0.112972,0.11358,6500196.961089793,0
COTI.V,D,20240729,000000,0.113519,0.119664,0.111731,0.112588,7658913.761053285,0
COTI.V,D,20240730,000000,0.112518,0.114338,0.106828,0.107757,5469781.807238593,0
COTI.V,D,20240731,000000,0.107852,0.111031,0.101587,0.102961,5129469.893850069,0
COTI.V,D,20240801,000000,0.102853,0.103177,0.0933693,0.0978997,9858263.638893694,0
COTI.V,D,20240802,000000,0.0979696,0.1027467,0.0928127,0.0945321,12281843.406510195,0
COTI.V,D,20240803,000000,0.0942524,0.0947885,0.0821032,0.0841669,9644762.392038371,0
COTI.V,D,20240804,000000,0.084037,0.086824,0.0765664,0.0820362,11760841.260729969,0
COTI.V,D,20240805,000000,0.0819762,0.0827952,0.0613874,0.0704734,22837877.000877954,0
COTI.V,D,20240806,000000,0.0704234,0.0803953,0.0701919,0.0791809,16572083.864340702,0
COTI.V,D,20240807,000000,0.0791401,0.0814867,0.0751015,0.0762476,7250771.81172889,0
COTI.V,D,20240808,000000,0.0761176,0.0848746,0.0739396,0.0848746,4514046.200838993,0
COTI.V,D,20240809,000000,0.0847154,0.0868408,0.0811454,0.0824355,3007702.632763023,0
COTI.V,D,20240810,000000,0.0824656,0.0840819,0.0807434,0.0823056,3356689.9944098275,0
COTI.V,D,20240811,000000,0.0823957,0.0832708,0.0746175,0.0754875,3403889.657600387,0
COTI.V,D,20240812,000000,0.0753675,0.0815028,0.0743467,0.0789187,4744545.327157578,0
COTI.V,D,20240813,000000,0.0788887,0.0815028,0.0772962,0.0809997,3756123.37945036,0
COTI.V,D,20240814,000000,0.0809089,0.0814326,0.07712,0.0776762,4399675.367388935,0
COTI.V,D,20240815,000000,0.077577,0.0796776,0.072458,0.0738533,2814111.1431508856,0
COTI.V,D,20240816,000000,0.0738533,0.0758846,0.0721837,0.0753211,3409140.5866430453,0
COTI.V,D,20240817,000000,0.0753827,0.087137,0.0736032,0.0861878,29676909.05786221,0
COTI.V,D,20240818,000000,0.0862278,0.0904372,0.0835975,0.0868665,37032851.42543994,0
COTI.V,D,20240819,000000,0.0871548,0.0909782,0.0835217,0.0883986,15296920.58575364,0
COTI.V,D,20240820,000000,0.0884495,0.0939372,0.0855928,0.0889709,10542838.81642898,0
COTI.V,D,20240821,000000,0.0889709,0.0950123,0.0872935,0.0939185,6669941.159043017,0
COTI.V,D,20240822,000000,0.0937884,0.0939185,0.0902508,0.0909009,6382513.405861785,0
COTI.V,D,20240823,000000,0.0908545,0.106055,0.0905163,0.105553,13814164.152160905,0
COTI.V,D,20240824,000000,0.105003,0.105015,0.0974331,0.0977242,16360790.278611913,0
COTI.V,D,20240825,000000,0.0981589,0.0998639,0.0944731,0.0998539,6596938.69137904,0
COTI.V,D,20240826,000000,0.100025,0.1004451,0.0910118,0.0928667,7026870.41245383,0
COTI.V,D,20240827,000000,0.0928267,0.0955376,0.0842249,0.08529,5974667.359690674,0
COTI.V,D,20240828,000000,0.08539,0.0871722,0.0800272,0.0824774,5309278.546803669,0
COTI.V,D,20240829,000000,0.0825574,0.086469,0.0804448,0.0816992,3827474.179888528,0
COTI.V,D,20240830,000000,0.0814184,0.0828159,0.0768639,0.0814294,6423972.911921812,0
COTI.V,D,20240831,000000,0.0813686,0.0828834,0.0797868,0.0806547,6317428.48496748,0
COTI.V,D,20240901,000000,0.0804747,0.0806771,0.0772561,0.0790958,2835845.5969838244,0
COTI.V,D,20240902,000000,0.0789466,0.0839557,0.0758055,0.0831859,13787906.914727155,0
COTI.V,D,20240903,000000,0.0831434,0.0845165,0.0787624,0.0799276,8683365.545331249,0
COTI.V,D,20240904,000000,0.0799976,0.0829192,0.0751997,0.0821801,4541327.5887295455,0
COTI.V,D,20240905,000000,0.082261,0.0824318,0.0773283,0.0781011,4999697.291303655,0
COTI.V,D,20240906,000000,0.0781944,0.0803159,0.073122,0.0755007,6529277.214086115,0
COTI.V,D,20240907,000000,0.0754707,0.0782414,0.0751217,0.0768023,3956707.3287117886,0
COTI.V,D,20240908,000000,0.0768315,0.0806727,0.0760209,0.0799328,6752294.624359457,0
COTI.V,D,20240909,000000,0.080102,0.0857603,0.0797621,0.0846652,13888238.820983842,0
COTI.V,D,20240910,000000,0.0846252,0.0934916,0.0824259,0.0906937,24899474.31042557,0
COTI.V,D,20240911,000000,0.0907436,0.102911,0.0881612,0.100969,40743848.17402016,0
COTI.V,D,20240912,000000,0.101119,0.102174,0.0970187,0.100732,20190589.706857685,0
COTI.V,D,20240913,000000,0.100842,0.118175,0.0982861,0.113755,45214294.24933679,0
COTI.V,D,20240914,000000,0.113836,0.119956,0.106715,0.11044,60130549.062702425,0
COTI.V,D,20240915,000000,0.11042,0.115895,0.11016,0.114731,18399975.46689415,0
COTI.V,D,20240916,000000,0.114631,0.114837,0.10406,0.10451,20375874.064159345,0
COTI.V,D,20240917,000000,0.10463,0.10996,0.102435,0.105299,19069092.106193323,0
COTI.V,D,20240918,000000,0.105159,0.106912,0.100589,0.103584,13793849.633519782,0
COTI.V,D,20240919,000000,0.103752,0.114721,0.103584,0.107941,18364833.199181873,0
COTI.V,D,20240920,000000,0.1081,0.132483,0.10745,0.124831,58162803.49939166,0
COTI.V,D,20240921,000000,0.124855,0.131054,0.122221,0.124252,24325552.945606165,0
COTI.V,D,20240922,000000,0.124272,0.1257,0.11814,0.11814,10575102.836733324,0
COTI.V,D,20240923,000000,0.118318,0.127924,0.116629,0.127604,17443664.353965662,0
COTI.V,D,20240924,000000,0.127414,0.13183,0.122534,0.124754,17657438.7047899,0
COTI.V,D,20240925,000000,0.124794,0.128472,0.120669,0.12285,10294452.593377676,0
COTI.V,D,20240926,000000,0.12287,0.125891,0.120572,0.124872,13841824.25087805,0
COTI.V,D,20240927,000000,0.125103,0.128613,0.122014,0.123582,14309064.732269961,0
COTI.V,D,20240928,000000,0.123562,0.129404,0.11654,0.117513,10612088.47119032,0
COTI.V,D,20240929,000000,0.117706,0.128943,0.115448,0.12825,9583486.956674898,0
COTI.V,D,20240930,000000,0.127954,0.128337,0.118712,0.120791,11838978.046699064,0
COTI.V,D,20241001,000000,0.120621,0.121837,0.097013,0.102773,18186976.72359606,0
COTI.V,D,20241002,000000,0.102393,0.106898,0.0944134,0.0985044,14262386.571594967,0
COTI.V,D,20241003,000000,0.0985834,0.1010218,0.0927949,0.0955995,6705175.928826994,0
COTI.V,D,20241004,000000,0.0953586,0.1004519,0.0945839,0.099769,8384754.82090189,0
COTI.V,D,20241005,000000,0.099778,0.100931,0.0945558,0.0958156,3509700.6891933293,0
COTI.V,D,20241006,000000,0.0958247,0.102104,0.0958247,0.0992731,4531065.573541713,0
COTI.V,D,20241007,000000,0.0993931,0.107603,0.0993641,0.104209,9984636.169773784,0
COTI.V,D,20241008,000000,0.104149,0.104149,0.0993583,0.101297,7224528.551497956,0
COTI.V,D,20241009,000000,0.10122,0.102915,0.0950763,0.0963451,7078796.641653682,0
COTI.V,D,20241010,000000,0.0961301,0.0979384,0.0926261,0.0966056,6169107.053367229,0
COTI.V,D,20241011,000000,0.0968153,0.1003229,0.0959563,0.0995671,4498578.78432306,0
COTI.V,D,20241012,000000,0.100097,0.103189,0.0983887,0.102348,5618129.221370272,0
COTI.V,D,20241013,000000,0.102069,0.102658,0.0948531,0.0992293,7232338.970554,0
COTI.V,D,20241014,000000,0.0993499,0.106638,0.0988506,0.105473,11578836.77847572,0
COTI.V,D,20241015,000000,0.105473,0.108013,0.099364,0.101555,7771619.760960276,0
COTI.V,D,20241016,000000,0.101454,0.103328,0.0971089,0.0985893,5966499.241647585,0
COTI.V,D,20241017,000000,0.0987112,0.0995301,0.093849,0.0960164,6158227.6034640595,0
COTI.V,D,20241018,000000,0.0960054,0.10007,0.0957665,0.0984272,4647333.059821261,0
COTI.V,D,20241019,000000,0.0983182,0.100788,0.0960423,0.0970667,3380489.9717585053,0
COTI.V,D,20241020,000000,0.0970077,0.110586,0.0967307,0.105764,16872835.336021617,0
COTI.V,D,20241021,000000,0.105955,0.113058,0.102677,0.105616,12884593.150117416,0
COTI.V,D,20241022,000000,0.105649,0.108635,0.100107,0.106213,15321287.779570265,0
COTI.V,D,20241023,000000,0.106164,0.107664,0.0945037,0.0975955,11065418.277080495,0
COTI.V,D,20241024,000000,0.0976664,0.102325,0.0969529,0.101158,7083649.199292755,0
COTI.V,D,20241025,000000,0.101149,0.101757,0.095039,0.0971348,6494523.644086171,0
COTI.V,D,20241026,000000,0.0972247,0.0972946,0.0865734,0.0902616,9988327.48071372,0
COTI.V,D,20241027,000000,0.0900319,0.0918767,0.088414,0.0908744,4070572.076232993,0
COTI.V,D,20241028,000000,0.0909763,0.0937453,0.0869691,0.0921055,6707991.909883541,0
COTI.V,D,20241029,000000,0.0923353,0.0970535,0.0918393,0.0958093,5839361.835059698,0
COTI.V,D,20241030,000000,0.0958903,0.0980106,0.0940786,0.0954295,7112041.827805341,0
COTI.V,D,20241031,000000,0.0955794,0.0969845,0.0887463,0.0901617,10659150.73593317,0
COTI.V,D,20241101,000000,0.0900818,0.0929449,0.0876163,0.0884689,5184895.394141204,0
COTI.V,D,20241102,000000,0.0880892,0.0896669,0.0857882,0.0865158,4239039.234213979,0
COTI.V,D,20241103,000000,0.0864958,0.0870621,0.0801727,0.0839472,5644974.927949681,0
COTI.V,D,20241104,000000,0.0837965,0.0848374,0.0780138,0.0803273,3316302.98345712,0
COTI.V,D,20241105,000000,0.0802673,0.0871665,0.0797297,0.0853489,7405662.717712259,0
COTI.V,D,20241106,000000,0.0854797,0.0976486,0.0850415,0.0975285,13107315.996157544,0
COTI.V,D,20241107,000000,0.0977186,0.0989064,0.0929083,0.0967083,17828363.270118207,0
COTI.V,D,20241108,000000,0.0968284,0.0980774,0.0934366,0.0958723,12674502.838051252,0
COTI.V,D,20241109,000000,0.0961115,0.1015094,0.0946784,0.1008592,16476052.570823552,0
COTI.V,D,20241110,000000,0.1006792,0.111316,0.0989184,0.104057,28832640.551480345,0
COTI.V,D,20241111,000000,0.104158,0.114723,0.102239,0.111909,27471185.226727057,0
COTI.V,D,20241112,000000,0.111876,0.116484,0.101661,0.111022,25389806.85693728,0
COTI.V,D,20241113,000000,0.110802,0.111283,0.098364,0.102843,15755670.562701728,0
COTI.V,D,20241114,000000,0.102625,0.106389,0.0929177,0.0938994,21624458.11578929,0
COTI.V,D,20241115,000000,0.0937913,0.0978913,0.0902944,0.0973992,18753390.58573136,0
COTI.V,D,20241116,000000,0.0972382,0.105811,0.0967781,0.104196,15719534.529565848,0
COTI.V,D,20241117,000000,0.103986,0.107971,0.09819,0.098733,16422881.681787279,0
COTI.V,D,20241118,000000,0.098634,0.109923,0.098324,0.108968,19272887.42176723,0
COTI.V,D,20241119,000000,0.108828,0.108849,0.099363,0.100847,15885009.240448404,0
COTI.V,D,20241120,000000,0.100688,0.102769,0.0941775,0.0967167,9454068.223679475,0
COTI.V,D,20241121,000000,0.0966566,0.104787,0.0915987,0.101997,10976827.2616346,0
COTI.V,D,20241122,000000,0.102196,0.131496,0.099628,0.125719,99008313.75439426,0
COTI.V,D,20241123,000000,0.125319,0.15672,0.125319,0.144206,224546428.30591968,0
COTI.V,D,20241124,000000,0.143475,0.149609,0.130094,0.145005,33842797.46312575,0
COTI.V,D,20241125,000000,0.144885,0.149651,0.13123,0.135746,20211535.716082472,0
COTI.V,D,20241126,000000,0.135517,0.141928,0.124734,0.13247,17777481.784311295,0
COTI.V,D,20241127,000000,0.13274,0.141587,0.129367,0.14036,12380410.530606287,0
COTI.V,D,20241128,000000,0.14043,0.147537,0.133827,0.146907,13339373.051908696,0
COTI.V,D,20241129,000000,0.146417,0.153746,0.140053,0.15067,18611015.15643237,0
COTI.V,D,20241130,000000,0.15075,0.164282,0.146853,0.153591,20164931.49029543,0
COTI.V,D,20241201,000000,0.154032,0.165276,0.147388,0.164244,23914384.8116444,0
COTI.V,D,20241202,000000,0.163935,0.167025,0.147411,0.161306,31025303.09425873,0
COTI.V,D,20241203,000000,0.161158,0.172901,0.153615,0.172015,27610555.907499842,0
COTI.V,D,20241204,000000,0.172032,0.176924,0.162605,0.171383,16315968.10365878,0
COTI.V,D,20241205,000000,0.171631,0.186338,0.159418,0.181717,29992578.69817446,0
COTI.V,D,20241206,000000,0.181245,0.192084,0.171301,0.179576,38601643.77525459,0
COTI.V,D,20241207,000000,0.179585,0.186738,0.175131,0.177324,17595704.58785863,0
COTI.V,D,20241208,000000,0.176884,0.185054,0.171856,0.183793,16676148.723610898,0
COTI.V,D,20241209,000000,0.183753,0.185102,0.128057,0.144973,25354028.964049887,0
COTI.V,D,20241210,000000,0.144893,0.150611,0.130591,0.146873,19435629.47783744,0
COTI.V,D,20241211,000000,0.146993,0.179728,0.1406,0.174107,57686964.78244711,0
COTI.V,D,20241212,000000,0.174197,0.18647,0.168894,0.171688,18552592.556066222,0
COTI.V,D,20241213,000000,0.171429,0.17929,0.166683,0.169632,7431420.436083921,0
COTI.V,D,20241214,000000,0.16936,0.174523,0.158399,0.161835,9167441.660855614,0
COTI.V,D,20241215,000000,0.161955,0.168717,0.1586,0.162851,7718819.457334289,0
COTI.V,D,20241216,000000,0.162727,0.174201,0.155966,0.161085,9294321.063960953,0
COTI.V,D,20241217,000000,0.160965,0.161805,0.146103,0.147102,8239734.779276001,0
COTI.V,D,20241218,000000,0.145087,0.149586,0.130677,0.135045,8730576.945408858,0
COTI.V,D,20241219,000000,0.134895,0.137704,0.117072,0.125524,10533854.554957997,0
COTI.V,D,20241220,000000,0.125686,0.128412,0.103636,0.127984,17115420.8323542,0
COTI.V,D,20241221,000000,0.127236,0.136909,0.118382,0.119508,7365488.480407315,0
COTI.V,D,20241222,000000,0.119429,0.123813,0.114922,0.119887,7700115.39851795,0
COTI.V,D,20241223,000000,0.119837,0.131173,0.116341,0.129847,6656743.8225990655,0
COTI.V,D,20241224,000000,0.129977,0.137922,0.124024,0.133708,7702962.498784616,0
COTI.V,D,20241225,000000,0.13352,0.135625,0.129343,0.130574,5436016.566006124,0
COTI.V,D,20241226,000000,0.130694,0.132838,0.118614,0.12093,5766437.866326804,0
COTI.V,D,20241227,000000,0.120585,0.12838,0.118972,0.121612,4921227.212988667,0
COTI.V,D,20241228,000000,0.121502,0.130476,0.119334,0.129636,3610973.972948261,0
COTI.V,D,20241229,000000,0.129446,0.132083,0.119184,0.119937,11195079.462426707,0
COTI.V,D,20241230,000000,0.120095,0.125137,0.115352,0.119673,4777830.198060787,0
COTI.V,D,20241231,000000,0.118724,0.12392,0.115316,0.117611,6736601.413866625,0
COTI.V,D,20250101,000000,0.11758,0.126135,0.114624,0.125838,5020062.415898856,0
COTI.V,D,20250102,000000,0.125747,0.133943,0.125048,0.128617,8872170.6550846,0
COTI.V,D,20250103,000000,0.128489,0.138675,0.127512,0.136941,3949693.4516763347,0
COTI.V,D,20250104,000000,0.137077,0.13951,0.133656,0.135764,5121806.189272684,0
COTI.V,D,20250105,000000,0.135514,0.13741,0.133369,0.136026,3219981.195649389,0
COTI.V,D,20250106,000000,0.135806,0.139955,0.132462,0.13626,8877830.881327707,0
COTI.V,D,20250107,000000,0.13634,0.136835,0.120012,0.121663,9977031.863901708,0
COTI.V,D,20250108,000000,0.121483,0.122107,0.105759,0.113616,5834528.276604795,0
COTI.V,D,20250109,000000,0.113576,0.115364,0.104653,0.108154,7177931.046956419,0
COTI.V,D,20250110,000000,0.108062,0.114473,0.107342,0.111785,5144509.208929797,0
COTI.V,D,20250111,000000,0.111747,0.114534,0.10881,0.112076,2459569.5736114136,0
COTI.V,D,20250112,000000,0.112396,0.112396,0.107986,0.108335,2783665.994484634,0
COTI.V,D,20250113,000000,0.108575,0.112687,0.0973543,0.106105,5673713.661046647,0
COTI.V,D,20250114,000000,0.106165,0.112224,0.105536,0.112063,3175097.919251613,0
COTI.V,D,20250115,000000,0.111903,0.119814,0.107172,0.119814,6782943.847733778,0
COTI.V,D,20250116,000000,0.119824,0.122593,0.115285,0.119501,7769192.399230906,0
COTI.V,D,20250117,000000,0.119581,0.133433,0.118749,0.129241,8666501.953632455,0
COTI.V,D,20250118,000000,0.129201,0.129459,0.115145,0.116643,6348332.966368015,0
COTI.V,D,20250119,000000,0.116624,0.119792,0.101636,0.104797,19620100.062336948,0
COTI.V,D,20250120,000000,0.104569,0.114609,0.099115,0.105331,9215471.817972178,0
COTI.V,D,20250121,000000,0.105037,0.109259,0.0981979,0.106485,8718340.809202058,0
COTI.V,D,20250122,000000,0.105944,0.108019,0.103255,0.103345,5316821.292971087,0
COTI.V,D,20250123,000000,0.103125,0.104876,0.0982977,0.1016524,6068523.378372117,0
COTI.V,D,20250124,000000,0.1016524,0.105391,0.0976273,0.0989369,4730145.442055669,0
COTI.V,D,20250125,000000,0.0987569,0.103052,0.0968152,0.101971,4376354.522968652,0
COTI.V,D,20250126,000000,0.102002,0.10476,0.0989911,0.099964,5236253.276673423,0
COTI.V,D,20250127,000000,0.0995351,0.0995351,0.0877579,0.0966158,6062108.590822343,0
COTI.V,D,20250128,000000,0.0963869,0.1032025,0.0891536,0.0904112,10462393.22766527,0
COTI.V,D,20250129,000000,0.0901904,0.0947067,0.0855178,0.0905273,10403464.771967232,0
COTI.V,D,20250130,000000,0.0904864,0.0974971,0.0878482,0.0957186,6466587.616206275,0
COTI.V,D,20250131,000000,0.0956696,0.109135,0.0928954,0.100592,25746290.9418691,0
COTI.V,D,20250201,000000,0.100452,0.104411,0.0925039,0.0979365,19340559.39628866,0
COTI.V,D,20250202,000000,0.0978665,0.0981102,0.0762138,0.079237,13694920.003341898,0
COTI.V,D,20250203,000000,0.0790363,0.0857182,0.057,0.0845436,19497833.961799935,0
COTI.V,D,20250204,000000,0.0845353,0.0845663,0.0721366,0.0748266,7593872.077571756,0
COTI.V,D,20250205,000000,0.0744472,0.0781797,0.0722379,0.0726958,4472510.189033648,0
COTI.V,D,20250206,000000,0.0726058,0.0752358,0.0667573,0.0679348,3426605.516590667,0
COTI.V,D,20250207,000000,0.0680848,0.0736973,0.0645445,0.0658926,5598640.801685217,0
COTI.V,D,20250208,000000,0.065722,0.0722458,0.0656926,0.0714657,7130216.575257959,0
COTI.V,D,20250209,000000,0.0715071,0.079916,0.0713707,0.074759,29562073.87419941,0
COTI.V,D,20250210,000000,0.074629,0.0853985,0.0732639,0.0819848,36339927.988002844,0
COTI.V,D,20250211,000000,0.0817139,0.0859703,0.0762663,0.0768915,12808465.0255793,0
COTI.V,D,20250212,000000,0.0770108,0.0860223,0.07249,0.0843159,18822093.54623103,0
COTI.V,D,20250213,000000,0.0845259,0.0857294,0.0788924,0.0791908,11310455.169417238,0
COTI.V,D,20250214,000000,0.0792216,0.0896779,0.0778478,0.0845244,19195172.418833725,0
COTI.V,D,20250215,000000,0.0846844,0.0944994,0.0844235,0.0876079,47530649.39944603,0
