<TICKER>,<PER>,<DATE>,<TIME>,<OPEN>,<HIGH>,<LOW>,<CLOSE>,<VOL>,<OPENINT>
CTSI.V,D,20220514,000000,0.192372,0.19415,0.165751,0.181645,4733634.9382171,0
CTSI.V,D,20220515,000000,0.181745,0.20691,0.181228,0.194347,7121156.9046244,0
CTSI.V,D,20220516,000000,0.194647,0.202477,0.177968,0.191151,3658446.7970104,0
CTSI.V,D,20220517,000000,0.193548,0.205374,0.18612,0.203755,3878477.6541403,0
CTSI.V,D,20220518,000000,0.203735,0.211525,0.183661,0.185758,3406601.7904293,0
CTSI.V,D,20220519,000000,0.186457,0.199021,0.174925,0.190928,3639463.0926273,0
CTSI.V,D,20220520,000000,0.18941,0.197222,0.177769,0.18278,2214473.6678325,0
CTSI.V,D,20220521,000000,0.18308,0.193348,0.178785,0.182263,3123313.6883024,0
CTSI.V,D,20220522,000000,0.182245,0.196844,0.180665,0.189972,4616105.8118549,0
CTSI.V,D,20220523,000000,0.190571,0.200399,0.178086,0.180084,11066814.608568,0
CTSI.V,D,20220524,000000,0.179884,0.191651,0.170096,0.191451,10703530.369229,0
CTSI.V,D,20220525,000000,0.191651,0.193767,0.18288,0.189073,4674670.7380501,0
CTSI.V,D,20220526,000000,0.189073,0.19089,0.171993,0.183416,5914864.3568496,0
CTSI.V,D,20220527,000000,0.183616,0.186214,0.171428,0.176705,5954877.8526511,0
CTSI.V,D,20220528,000000,0.176099,0.18421,0.173583,0.180389,5996598.566138,0
CTSI.V,D,20220529,000000,0.180185,0.194797,0.174823,0.192786,5203975.4258052,0
CTSI.V,D,20220530,000000,0.193306,0.205992,0.190428,0.198561,8940189.8271377,0
CTSI.V,D,20220531,000000,0.19976,0.218247,0.193526,0.209511,15686789.95095,0
CTSI.V,D,20220601,000000,0.210332,0.216246,0.179402,0.189329,12290178.386106,0
CTSI.V,D,20220602,000000,0.189329,0.203517,0.187013,0.20002,9859905.5352527,0
CTSI.V,D,20220603,000000,0.19932,0.2126,0.184053,0.207919,13892134.122375,0
CTSI.V,D,20220604,000000,0.207919,0.226062,0.198733,0.201347,42993725.40779,0
CTSI.V,D,20220605,000000,0.201349,0.224595,0.196141,0.220792,30568732.580475,0
CTSI.V,D,20220606,000000,0.220992,0.238699,0.210323,0.215017,61948703.051958,0
CTSI.V,D,20220607,000000,0.215019,0.267262,0.199832,0.246997,90586566.300401,0
CTSI.V,D,20220608,000000,0.246702,0.247926,0.216051,0.235447,77309541.612286,0
CTSI.V,D,20220609,000000,0.235747,0.246807,0.222409,0.227409,35451625.190992,0
CTSI.V,D,20220610,000000,0.227906,0.243305,0.204475,0.236896,76440063.124311,0
CTSI.V,D,20220611,000000,0.236397,0.256717,0.215535,0.223347,63830108.836841,0
CTSI.V,D,20220612,000000,0.223547,0.225645,0.185041,0.20135,39730783.820116,0
CTSI.V,D,20220613,000000,0.201052,0.201052,0.144788,0.15778,140345265.63717,0
CTSI.V,D,20220614,000000,0.157682,0.169782,0.147081,0.151118,181056110.10691,0
CTSI.V,D,20220615,000000,0.150622,0.164619,0.141245,0.163355,132187697.1657,0
CTSI.V,D,20220616,000000,0.164569,0.166483,0.144127,0.150105,25404369.776604,0
CTSI.V,D,20220617,000000,0.143301,0.154188,0.142302,0.14992,50789582.015708,0
CTSI.V,D,20220618,000000,0.1498,0.1515,0.130115,0.138176,112780920.5735,0
CTSI.V,D,20220619,000000,0.138176,0.154115,0.137,0.150204,28878721.933991,0
CTSI.V,D,20220620,000000,0.150105,0.160807,0.144612,0.152432,15603999.948818,0
CTSI.V,D,20220621,000000,0.152417,0.167166,0.151318,0.158525,19748280.43395,0
CTSI.V,D,20220622,000000,0.158441,0.161039,0.147153,0.151149,13102810.872779,0
CTSI.V,D,20220623,000000,0.151948,0.163636,0.148152,0.15944,14995846.099461,0
CTSI.V,D,20220624,000000,0.15964,0.174462,0.158841,0.168169,43403697.873177,0
CTSI.V,D,20220625,000000,0.168631,0.172584,0.160188,0.168782,27900033.503663,0
CTSI.V,D,20220626,000000,0.168678,0.178976,0.161005,0.165098,23303845.259146,0
CTSI.V,D,20220627,000000,0.164701,0.165692,0.153156,0.155961,7078512.8985666,0
CTSI.V,D,20220628,000000,0.156056,0.160955,0.150345,0.153711,8221402.0341995,0
CTSI.V,D,20220629,000000,0.15341,0.16657,0.148417,0.162505,15069307.633794,0
CTSI.V,D,20220630,000000,0.162605,0.1651,0.148608,0.153216,19160444.658679,0
CTSI.V,D,20220701,000000,0.153316,0.168198,0.149106,0.149735,17005154.810067,0
CTSI.V,D,20220702,000000,0.14962,0.151034,0.143328,0.15012,16474815.26427,0
CTSI.V,D,20220703,000000,0.15002,0.150319,0.143713,0.147907,9220781.209755,0
CTSI.V,D,20220704,000000,0.147907,0.151118,0.143214,0.14972,7130937.7681766,0
CTSI.V,D,20220705,000000,0.14942,0.153915,0.144041,0.149735,4631066.3812611,0
CTSI.V,D,20220706,000000,0.150035,0.156727,0.145839,0.15463,6386456.919363,0
CTSI.V,D,20220707,000000,0.15483,0.15769,0.150634,0.156506,3142346.972273,0
CTSI.V,D,20220708,000000,0.156706,0.160571,0.150295,0.155806,4701814.6891346,0
CTSI.V,D,20220709,000000,0.155906,0.165701,0.154492,0.160604,8873392.0925595,0
CTSI.V,D,20220710,000000,0.161203,0.161403,0.150809,0.154107,4157470.5744348,0
CTSI.V,D,20220711,000000,0.153608,0.153608,0.142871,0.143071,3333321.4555229,0
CTSI.V,D,20220712,000000,0.142457,0.143042,0.135564,0.137462,5515106.8415002,0
CTSI.V,D,20220713,000000,0.137568,0.145554,0.130556,0.143071,14563971.100308,0
CTSI.V,D,20220714,000000,0.143171,0.152778,0.140873,0.149695,15533167.73272,0
CTSI.V,D,20220715,000000,0.15021,0.167599,0.14951,0.156553,31859039.549906,0
CTSI.V,D,20220716,000000,0.156853,0.163967,0.155353,0.159252,7764430.4550811,0
CTSI.V,D,20220717,000000,0.159459,0.178448,0.158773,0.168656,30549222.54774,0
CTSI.V,D,20220718,000000,0.168654,0.174849,0.163543,0.166962,20335914.176169,0
CTSI.V,D,20220719,000000,0.166962,0.1771,0.165285,0.175928,16406226.567831,0
CTSI.V,D,20220720,000000,0.1757,0.18162,0.160605,0.165508,22449436.835163,0
CTSI.V,D,20220721,000000,0.165515,0.168227,0.157806,0.166642,12580139.025922,0
CTSI.V,D,20220722,000000,0.16664,0.171514,0.15893,0.161135,12695218.017513,0
CTSI.V,D,20220723,000000,0.1609,0.16583,0.156802,0.159132,11447796.664294,0
CTSI.V,D,20220724,000000,0.159216,0.163815,0.159216,0.162431,7347278.2891809,0
CTSI.V,D,20220725,000000,0.162381,0.163283,0.149412,0.151712,12268210.143473,0
CTSI.V,D,20220726,000000,0.151714,0.151821,0.141904,0.14492,11867045.452513,0
CTSI.V,D,20220727,000000,0.145042,0.155637,0.14459,0.155037,11774841.912156,0
CTSI.V,D,20220728,000000,0.155537,0.166237,0.152418,0.164533,15047837.026285,0
CTSI.V,D,20220729,000000,0.164635,0.171691,0.160146,0.165168,21974788.137824,0
CTSI.V,D,20220730,000000,0.164666,0.179163,0.163856,0.170558,25466313.165781,0
CTSI.V,D,20220731,000000,0.170351,0.177936,0.166048,0.171539,19113480.400934,0
CTSI.V,D,20220801,000000,0.171541,0.174952,0.165966,0.169351,12453984.88789,0
CTSI.V,D,20220802,000000,0.169551,0.173266,0.156145,0.161527,17072230.454707,0
CTSI.V,D,20220803,000000,0.161732,0.164125,0.154239,0.16134,11295915.041342,0
CTSI.V,D,20220804,000000,0.161337,0.168629,0.157117,0.16181,14229287.883991,0
CTSI.V,D,20220805,000000,0.161705,0.183318,0.16141,0.176135,24286173.34174,0
CTSI.V,D,20220806,000000,0.176233,0.180432,0.173326,0.176439,11150618.161032,0
CTSI.V,D,20220807,000000,0.176541,0.179032,0.168242,0.178232,7837417.6360198,0
CTSI.V,D,20220808,000000,0.178132,0.182629,0.17473,0.177121,9892930.6506789,0
CTSI.V,D,20220809,000000,0.176921,0.192437,0.168927,0.170734,35782469.815589,0
CTSI.V,D,20220810,000000,0.170834,0.184244,0.164546,0.182853,12502241.39583,0
CTSI.V,D,20220811,000000,0.183653,0.205182,0.182249,0.194591,50931040.682959,0
CTSI.V,D,20220812,000000,0.194697,0.197899,0.189395,0.192589,18176404.281416,0
CTSI.V,D,20220813,000000,0.192787,0.196792,0.185274,0.190574,14376532.957545,0
CTSI.V,D,20220814,000000,0.190774,0.197465,0.183349,0.184157,19148911.372674,0
CTSI.V,D,20220815,000000,0.184257,0.189147,0.178448,0.180943,17036945.265705,0
CTSI.V,D,20220816,000000,0.180742,0.184024,0.176941,0.179716,16066546.159047,0
CTSI.V,D,20220817,000000,0.179816,0.189025,0.167907,0.169212,20112643.047188,0
CTSI.V,D,20220818,000000,0.169012,0.17191,0.166305,0.1684,9921405.6986528,0
CTSI.V,D,20220819,000000,0.168417,0.168417,0.1448,0.1486,25666936.639584,0
CTSI.V,D,20220820,000000,0.148815,0.157816,0.144417,0.148299,24492338.206713,0
CTSI.V,D,20220821,000000,0.148294,0.157295,0.147596,0.155397,10503043.781728,0
CTSI.V,D,20220822,000000,0.154797,0.157102,0.14498,0.146774,8009086.5253336,0
CTSI.V,D,20220823,000000,0.147176,0.158078,0.146999,0.153703,9775456.2974368,0
CTSI.V,D,20220824,000000,0.153998,0.157806,0.14959,0.154114,10538944.824382,0
CTSI.V,D,20220825,000000,0.154212,0.169998,0.150597,0.155005,26772825.190732,0
CTSI.V,D,20220826,000000,0.155105,0.155794,0.140701,0.143114,11520718.949886,0
CTSI.V,D,20220827,000000,0.143213,0.143613,0.136616,0.138704,6151385.5686025,0
CTSI.V,D,20220828,000000,0.138823,0.141596,0.13611,0.13772,4378884.649864,0
CTSI.V,D,20220829,000000,0.137419,0.143156,0.131809,0.142599,6290435.5184563,0
CTSI.V,D,20220830,000000,0.142611,0.146699,0.135415,0.138911,5678336.7774063,0
CTSI.V,D,20220831,000000,0.138993,0.14463,0.138492,0.141879,5811787.1662532,0
CTSI.V,D,20220901,000000,0.141889,0.142079,0.134479,0.140042,3820597.5360294,0
CTSI.V,D,20220902,000000,0.140273,0.146202,0.138388,0.139834,8502178.7686747,0
CTSI.V,D,20220903,000000,0.139722,0.14019,0.13594,0.13741,6477472.3226237,0
CTSI.V,D,20220904,000000,0.13754,0.151415,0.13681,0.1462,20701342.414371,0
CTSI.V,D,20220905,000000,0.1462,0.1471,0.1377,0.139914,6638624.1990328,0
CTSI.V,D,20220906,000000,0.139814,0.1489,0.130687,0.1316,11049432.662649,0
CTSI.V,D,20220907,000000,0.1315,0.143599,0.128796,0.141014,8217942.2713411,0
CTSI.V,D,20220908,000000,0.14271,0.151312,0.141313,0.149724,11866785.012976,0
CTSI.V,D,20220909,000000,0.149518,0.15374,0.148319,0.153252,6472347.0315161,0
CTSI.V,D,20220910,000000,0.152455,0.158557,0.151544,0.153429,7567895.1498211,0
CTSI.V,D,20220911,000000,0.153529,0.159441,0.150357,0.151936,6104199.7160621,0
CTSI.V,D,20220912,000000,0.151636,0.161318,0.148925,0.153328,9833913.5397551,0
CTSI.V,D,20220913,000000,0.153328,0.157428,0.142511,0.145803,17897204.938959,0
CTSI.V,D,20220914,000000,0.145803,0.155506,0.143394,0.149239,10351743.215035,0
CTSI.V,D,20220915,000000,0.149239,0.151202,0.142746,0.150286,7717707.0751848,0
CTSI.V,D,20220916,000000,0.150389,0.1559,0.146485,0.153885,5102404.3896332,0
CTSI.V,D,20220917,000000,0.154085,0.1609,0.154085,0.157216,3861521.6204175,0
CTSI.V,D,20220918,000000,0.1574,0.1624,0.134887,0.1387,10491227.322827,0
CTSI.V,D,20220919,000000,0.1388,0.1409,0.135386,0.139328,8212463.1259704,0
CTSI.V,D,20220920,000000,0.139414,0.140628,0.133227,0.136014,3090853.1910468,0
CTSI.V,D,20220921,000000,0.13532,0.13879,0.12874,0.12994,4307836.9644306,0
CTSI.V,D,20220922,000000,0.129963,0.13924,0.12876,0.13833,2924895.3367467,0
CTSI.V,D,20220923,000000,0.138434,0.14449,0.13501,0.140586,3515070.4186932,0
CTSI.V,D,20220924,000000,0.14099,0.144199,0.1382,0.140133,3192574.6588645,0
CTSI.V,D,20220925,000000,0.140084,0.141163,0.136133,0.136716,2190856.9116141,0
CTSI.V,D,20220926,000000,0.13681,0.14019,0.13393,0.13818,2414677.353204,0
CTSI.V,D,20220927,000000,0.13809,0.14662,0.13708,0.138486,5726565.5510381,0
CTSI.V,D,20220928,000000,0.1387,0.14168,0.133387,0.14085,2854379.4908376,0
CTSI.V,D,20220929,000000,0.14086,0.142134,0.137284,0.14133,1859203.663976,0
CTSI.V,D,20220930,000000,0.14181,0.14472,0.14036,0.14173,3142356.6016376,0
CTSI.V,D,20221001,000000,0.14174,0.144324,0.13972,0.14073,1946837.2451709,0
CTSI.V,D,20221002,000000,0.14042,0.14197,0.1368,0.13825,2444357.379421,0
CTSI.V,D,20221003,000000,0.138234,0.141588,0.13436,0.140434,5776015.7883297,0
CTSI.V,D,20221004,000000,0.140502,0.14774,0.140444,0.146784,5044677.7639262,0
CTSI.V,D,20221005,000000,0.146784,0.1492,0.141954,0.143984,3362688.1996652,0
CTSI.V,D,20221006,000000,0.144046,0.148329,0.141345,0.141645,4454288.1306173,0
CTSI.V,D,20221007,000000,0.141225,0.144057,0.138363,0.14341,2625703.0803681,0
CTSI.V,D,20221008,000000,0.143604,0.146772,0.142573,0.142666,4449498.1025923,0
CTSI.V,D,20221009,000000,0.142627,0.14646,0.142561,0.145589,3581309.0092265,0
CTSI.V,D,20221010,000000,0.145579,0.148405,0.142362,0.143136,6894289.3698616,0
CTSI.V,D,20221011,000000,0.14315,0.14315,0.13434,0.135988,5348340.0713038,0
CTSI.V,D,20221012,000000,0.135796,0.137257,0.13318,0.134724,3810562.174032,0
CTSI.V,D,20221013,000000,0.134974,0.135621,0.12218,0.135611,7437545.9676361,0
CTSI.V,D,20221014,000000,0.135611,0.13906,0.129443,0.129823,4011231.1902828,0
CTSI.V,D,20221015,000000,0.129524,0.133767,0.129315,0.132168,3495353.334171,0
CTSI.V,D,20221016,000000,0.132117,0.137309,0.131331,0.134695,4163077.6529094,0
CTSI.V,D,20221017,000000,0.134545,0.137378,0.134273,0.135753,3474648.4652091,0
CTSI.V,D,20221018,000000,0.136161,0.138581,0.132615,0.135007,3719339.9388396,0
CTSI.V,D,20221019,000000,0.134807,0.135634,0.131293,0.13353,3753118.7523698,0
CTSI.V,D,20221020,000000,0.133089,0.134115,0.128628,0.129771,4674143.0929634,0
CTSI.V,D,20221021,000000,0.129781,0.131237,0.125146,0.13042,3123700.4470464,0
CTSI.V,D,20221022,000000,0.130389,0.133553,0.129239,0.131542,3961444.7892492,0
CTSI.V,D,20221023,000000,0.131481,0.134292,0.129673,0.133229,4406524.261517,0
CTSI.V,D,20221024,000000,0.133255,0.135402,0.129142,0.130695,5387792.2787016,0
CTSI.V,D,20221025,000000,0.130804,0.136096,0.12954,0.133427,3343683.7207778,0
CTSI.V,D,20221026,000000,0.133474,0.136941,0.13078,0.135838,5388768.9427453,0
CTSI.V,D,20221027,000000,0.135808,0.139599,0.130739,0.133308,8731074.7450058,0
CTSI.V,D,20221028,000000,0.133509,0.138608,0.13041,0.13672,6673958.4104866,0
CTSI.V,D,20221029,000000,0.136747,0.144855,0.136114,0.142434,19095588.035293,0
CTSI.V,D,20221030,000000,0.142134,0.148131,0.138625,0.140528,10677210.793403,0
CTSI.V,D,20221031,000000,0.140628,0.143329,0.13681,0.140489,6790235.339865,0
CTSI.V,D,20221101,000000,0.140792,0.142776,0.136673,0.137386,2996815.8652988,0
CTSI.V,D,20221102,000000,0.137685,0.138172,0.128495,0.129892,5855940.2713527,0
CTSI.V,D,20221103,000000,0.129894,0.143489,0.129892,0.143199,12473284.025506,0
CTSI.V,D,20221104,000000,0.1425,0.171886,0.141401,0.154211,65119250.027466,0
CTSI.V,D,20221105,000000,0.154511,0.159811,0.150908,0.152409,10608551.699714074,0
CTSI.V,D,20221106,000000,0.152708,0.155003,0.148006,0.148812,10855026.279040713,0
CTSI.V,D,20221107,000000,0.148412,0.158608,0.143414,0.15122,20469906.046805885,0
CTSI.V,D,20221108,000000,0.15193,0.1537,0.110544,0.120059,11310277.348158866,0
CTSI.V,D,20221109,000000,0.119758,0.123779,0.094048,0.096805,12043477.925262455,0
CTSI.V,D,20221110,000000,0.095903,0.124358,0.094116,0.116989,20163029.38818688,0
CTSI.V,D,20221111,000000,0.116754,0.133071,0.106521,0.109821,5661172.02857753,0
CTSI.V,D,20221112,000000,0.109522,0.113767,0.104412,0.10541,3859583.5099679246,0
CTSI.V,D,20221113,000000,0.10531,0.107118,0.09967,0.101158,8440005.753866449,0
CTSI.V,D,20221114,000000,0.10016,0.104474,0.094149,0.102246,7300779.012068785,0
CTSI.V,D,20221115,000000,0.102141,0.108192,0.101957,0.104695,2879649.580801937,0
CTSI.V,D,20221116,000000,0.104672,0.109901,0.103902,0.106002,9326639.547388578,0
CTSI.V,D,20221117,000000,0.106102,0.107507,0.10131,0.104418,4794926.3361228015,0
CTSI.V,D,20221118,000000,0.104318,0.106316,0.100191,0.101683,3620014.5653736526,0
CTSI.V,D,20221119,000000,0.101883,0.105682,0.101474,0.103992,2476832.861367594,0
CTSI.V,D,20221120,000000,0.104106,0.106282,0.099387,0.100148,6038088.288632679,0
CTSI.V,D,20221121,000000,0.100247,0.100446,0.093702,0.098182,5987167.553383772,0
CTSI.V,D,20221122,000000,0.097881,0.102577,0.096284,0.102175,3164796.2852720385,0
CTSI.V,D,20221123,000000,0.102275,0.111085,0.101475,0.106383,12899635.584169922,0
CTSI.V,D,20221124,000000,0.106982,0.111004,0.105499,0.10761,6255749.165204383,0
CTSI.V,D,20221125,000000,0.107808,0.108313,0.104633,0.10764,4071820.1566111175,0
CTSI.V,D,20221126,000000,0.107936,0.109831,0.105936,0.106737,3281757.4194229925,0
CTSI.V,D,20221127,000000,0.106637,0.110627,0.106438,0.109932,4458717.653839253,0
CTSI.V,D,20221128,000000,0.10983,0.109831,0.102944,0.105861,10667671.757421615,0
CTSI.V,D,20221129,000000,0.105759,0.108737,0.104755,0.10786,3578378.173877097,0
CTSI.V,D,20221130,000000,0.108259,0.112603,0.106599,0.111907,5550072.090626178,0
CTSI.V,D,20221201,000000,0.112004,0.112204,0.107799,0.109107,2928251.345349329,0
CTSI.V,D,20221202,000000,0.109107,0.117014,0.10721,0.114807,20403861.764155895,0
CTSI.V,D,20221203,000000,0.115007,0.116419,0.109311,0.109811,4853185.9476739485,0
CTSI.V,D,20221204,000000,0.109911,0.111811,0.108944,0.110122,2681739.7132565426,0
CTSI.V,D,20221205,000000,0.110222,0.113211,0.110211,0.111503,3161664.230351195,0
CTSI.V,D,20221206,000000,0.111502,0.154911,0.1111,0.127897,176095481.4766375,0
CTSI.V,D,20221207,000000,0.127697,0.1297,0.116702,0.119,20493648.030722648,0
CTSI.V,D,20221208,000000,0.119,0.125525,0.115112,0.118808,16014898.358404258,0
CTSI.V,D,20221209,000000,0.118808,0.149501,0.118209,0.128604,84639976.17738494,0
CTSI.V,D,20221210,000000,0.128704,0.130305,0.123098,0.123298,16207200.518600786,0
CTSI.V,D,20221211,000000,0.123298,0.1255,0.118224,0.119524,11602943.59871554,0
CTSI.V,D,20221212,000000,0.119424,0.123804,0.11501,0.117811,5197612.01075409,0
CTSI.V,D,20221213,000000,0.117711,0.12163,0.115431,0.12017,5126475.395160623,0
CTSI.V,D,20221214,000000,0.120171,0.122072,0.115102,0.118107,4999202.387467574,0
CTSI.V,D,20221215,000000,0.1181,0.119612,0.115312,0.115523,3349599.7555863378,0
CTSI.V,D,20221216,000000,0.115512,0.117612,0.09761,0.10092,9531813.013439253,0
CTSI.V,D,20221217,000000,0.10101,0.104515,0.09852,0.104114,4143730.392145844,0
CTSI.V,D,20221218,000000,0.104214,0.104909,0.10141,0.103513,3568321.767529737,0
CTSI.V,D,20221219,000000,0.103412,0.106499,0.097702,0.0983,8423394.57994002,0
CTSI.V,D,20221220,000000,0.099,0.105099,0.098801,0.103804,5542390.276283629,0
CTSI.V,D,20221221,000000,0.103804,0.104205,0.100699,0.100804,1783566.7368191886,0
CTSI.V,D,20221222,000000,0.100805,0.102989,0.099692,0.102583,2582494.1357506476,0
CTSI.V,D,20221223,000000,0.102884,0.10479,0.10259,0.10379,2302475.6982385023,0
CTSI.V,D,20221224,000000,0.10369,0.104588,0.103291,0.103694,1078164.4188762885,0
CTSI.V,D,20221225,000000,0.103693,0.104595,0.101484,0.102687,2448190.220531542,0
CTSI.V,D,20221226,000000,0.102708,0.103651,0.10155,0.102589,959998.5694342674,0
CTSI.V,D,20221227,000000,0.10268,0.104073,0.101364,0.10296,1686649.024574391,0
CTSI.V,D,20221228,000000,0.103007,0.103226,0.09907,0.100546,7106581.529752971,0
CTSI.V,D,20221229,000000,0.100747,0.103359,0.099649,0.101354,4350894.359072432,0
CTSI.V,D,20221230,000000,0.101652,0.102253,0.099949,0.101549,1314393.425827076,0
CTSI.V,D,20221231,000000,0.101549,0.104847,0.101549,0.102549,2980182.275522992,0
CTSI.V,D,20230101,000000,0.102548,0.105349,0.102246,0.104951,2121931.749805849,0
CTSI.V,D,20230102,000000,0.104891,0.107457,0.102998,0.105867,1599435.4305179804,0
CTSI.V,D,20230103,000000,0.105966,0.108356,0.104567,0.106259,2695040.13077916,0
CTSI.V,D,20230104,000000,0.10626,0.109256,0.105765,0.106764,2389070.727166759,0
CTSI.V,D,20230105,000000,0.106965,0.108666,0.105356,0.105963,2292768.6944534723,0
CTSI.V,D,20230106,000000,0.105962,0.106162,0.10245,0.105768,3779855.447770578,0
CTSI.V,D,20230107,000000,0.105966,0.106772,0.10438,0.104575,1081510.1911699092,0
CTSI.V,D,20230108,000000,0.104605,0.109484,0.102846,0.109384,3392302.078976294,0
CTSI.V,D,20230109,000000,0.109587,0.116486,0.109279,0.112499,4787307.79254071,0
CTSI.V,D,20230110,000000,0.1125,0.115706,0.110594,0.114816,2693332.002021413,0
CTSI.V,D,20230111,000000,0.114417,0.11521,0.109296,0.1127,2616677.9398698825,0
CTSI.V,D,20230112,000000,0.112791,0.120893,0.11279,0.120313,6543504.406542675,0
CTSI.V,D,20230113,000000,0.11991,0.125908,0.117986,0.123211,3932891.8987852233,0
CTSI.V,D,20230114,000000,0.123911,0.132711,0.122722,0.129106,5991176.810501006,0
CTSI.V,D,20230115,000000,0.129213,0.131022,0.123414,0.130439,3744787.3319185735,0
CTSI.V,D,20230116,000000,0.130239,0.133951,0.124507,0.129103,5943238.946206051,0
CTSI.V,D,20230117,000000,0.129004,0.1333,0.126406,0.129513,7654355.960379483,0
CTSI.V,D,20230118,000000,0.129913,0.132813,0.117298,0.118793,5903903.351603523,0
CTSI.V,D,20230119,000000,0.118893,0.119888,0.114691,0.117996,2971428.4991121897,0
CTSI.V,D,20230120,000000,0.118107,0.13332,0.115997,0.132022,8662716.458898103,0
CTSI.V,D,20230121,000000,0.132124,0.13622,0.130281,0.130325,7360209.146163585,0
CTSI.V,D,20230122,000000,0.130221,0.17443,0.128922,0.143727,105757334.79765384,0
CTSI.V,D,20230123,000000,0.144029,0.15332,0.141331,0.149124,19185266.238929067,0
CTSI.V,D,20230124,000000,0.149524,0.153926,0.138821,0.142803,5209909.464405838,0
CTSI.V,D,20230125,000000,0.142703,0.158927,0.137225,0.150426,12440208.912257234,0
CTSI.V,D,20230126,000000,0.150526,0.157708,0.147809,0.155414,13077326.933863085,0
CTSI.V,D,20230127,000000,0.155312,0.158344,0.149634,0.154559,10637700.338185012,0
CTSI.V,D,20230128,000000,0.154553,0.15994,0.149027,0.15003,9371547.760427956,0
CTSI.V,D,20230129,000000,0.14993,0.156528,0.149831,0.154409,4321153.07101612,0
CTSI.V,D,20230130,000000,0.155108,0.15891,0.1399,0.14401,5652509.520543861,0
CTSI.V,D,20230131,000000,0.143909,0.153089,0.143807,0.147613,9091986.862378806,0
CTSI.V,D,20230201,000000,0.147009,0.163218,0.140701,0.15931,5981815.449779099,0
CTSI.V,D,20230202,000000,0.159208,0.163534,0.154309,0.156131,4872448.326866736,0
CTSI.V,D,20230203,000000,0.156133,0.161824,0.154223,0.161611,3159285.406259822,0
CTSI.V,D,20230204,000000,0.161613,0.165412,0.157613,0.164715,3859293.674901014,0
CTSI.V,D,20230205,000000,0.164013,0.169534,0.15544,0.15874,12231036.706567178,0
CTSI.V,D,20230206,000000,0.158841,0.166237,0.152995,0.157505,17499004.443271637,0
CTSI.V,D,20230207,000000,0.157506,0.180696,0.154114,0.176212,69237752.52222115,0
CTSI.V,D,20230208,000000,0.176212,0.181595,0.168525,0.176212,21214786.72295372,0
CTSI.V,D,20230209,000000,0.175411,0.179105,0.141534,0.143814,5444223.451554937,0
CTSI.V,D,20230210,000000,0.143813,0.161511,0.143224,0.152823,23748920.484379712,0
CTSI.V,D,20230211,000000,0.1525,0.164613,0.151921,0.162016,28924485.965931308,0
CTSI.V,D,20230212,000000,0.162132,0.163516,0.152123,0.154215,11707298.980719801,0
CTSI.V,D,20230213,000000,0.154215,0.155228,0.144605,0.149981,7642551.889372251,0
CTSI.V,D,20230214,000000,0.150183,0.15496,0.147772,0.153246,6178296.258871937,0
CTSI.V,D,20230215,000000,0.153683,0.167722,0.15316,0.166632,7980315.35213232,0
CTSI.V,D,20230216,000000,0.16653,0.173916,0.161518,0.161655,12878314.95389434,0
CTSI.V,D,20230217,000000,0.161423,0.170607,0.159718,0.168117,4248907.884404931,0
CTSI.V,D,20230218,000000,0.168025,0.171634,0.166247,0.169529,4873115.238749843,0
CTSI.V,D,20230219,000000,0.169627,0.174526,0.165728,0.17204,5658751.042383182,0
CTSI.V,D,20230220,000000,0.171434,0.186421,0.166548,0.182607,18667849.513578493,0
CTSI.V,D,20230221,000000,0.182707,0.196316,0.177518,0.188534,27207896.71658611,0
CTSI.V,D,20230222,000000,0.189234,0.20202,0.179522,0.186315,17478035.239759,0
CTSI.V,D,20230223,000000,0.186198,0.189019,0.17713,0.178523,7216134.140777301,0
CTSI.V,D,20230224,000000,0.178829,0.188132,0.166012,0.167798,11005435.178180696,0
CTSI.V,D,20230225,000000,0.168098,0.171517,0.157116,0.161111,4129815.0014839824,0
CTSI.V,D,20230226,000000,0.16091,0.170114,0.16081,0.167013,3053306.3577233935,0
CTSI.V,D,20230227,000000,0.167417,0.169405,0.16282,0.166708,2739689.503686422,0
CTSI.V,D,20230228,000000,0.16661,0.168598,0.156413,0.159235,3322014.0075363144,0
CTSI.V,D,20230301,000000,0.159332,0.167113,0.158814,0.167022,5994123.075000116,0
CTSI.V,D,20230302,000000,0.167123,0.167917,0.158997,0.163115,2394796.6168784294,0
CTSI.V,D,20230303,000000,0.162913,0.163211,0.146119,0.148913,6191144.8852647105,0
CTSI.V,D,20230304,000000,0.149212,0.152208,0.141007,0.143511,2319992.1789088715,0
CTSI.V,D,20230305,000000,0.14371,0.150215,0.14361,0.144916,7125075.743657257,0
CTSI.V,D,20230306,000000,0.144816,0.146191,0.14112,0.146191,5050997.764663862,0
CTSI.V,D,20230307,000000,0.145884,0.1468,0.137481,0.138407,2558434.7509219865,0
CTSI.V,D,20230308,000000,0.138694,0.141299,0.127794,0.129095,3857566.5523902737,0
CTSI.V,D,20230309,000000,0.129085,0.135365,0.120576,0.121111,4342157.489046808,0
CTSI.V,D,20230310,000000,0.120618,0.12275,0.112691,0.122641,3554869.3511411883,0
CTSI.V,D,20230311,000000,0.122737,0.127054,0.11315,0.117718,7780450.728617153,0
CTSI.V,D,20230312,000000,0.117758,0.129861,0.117145,0.128614,3847013.057832241,0
CTSI.V,D,20230313,000000,0.128715,0.139748,0.126401,0.139269,5413155.853526168,0
CTSI.V,D,20230314,000000,0.139453,0.153516,0.134628,0.148062,7030614.368586451,0
CTSI.V,D,20230315,000000,0.148217,0.152131,0.131586,0.140997,19194438.97269112,0
CTSI.V,D,20230316,000000,0.140486,0.147693,0.139626,0.144847,15657201.378769921,0
CTSI.V,D,20230317,000000,0.145159,0.154709,0.142226,0.152155,7664630.32652634,0
CTSI.V,D,20230318,000000,0.152856,0.159565,0.149803,0.150992,6106750.435654619,0
CTSI.V,D,20230319,000000,0.150751,0.157275,0.148423,0.15486,3692148.533338558,0
CTSI.V,D,20230320,000000,0.154664,0.182123,0.151743,0.154358,66365268.71389689,0
CTSI.V,D,20230321,000000,0.154664,0.160235,0.146143,0.154092,10897854.133748965,0
CTSI.V,D,20230322,000000,0.15409,0.156405,0.141711,0.147214,4623703.850654815,0
CTSI.V,D,20230323,000000,0.147002,0.1543,0.14621,0.151328,3609453.8655367508,0
CTSI.V,D,20230324,000000,0.151414,0.154609,0.144257,0.147852,7115118.085007688,0
CTSI.V,D,20230325,000000,0.14787,0.148687,0.14114,0.145441,9063268.294229148,0
CTSI.V,D,20230326,000000,0.145041,0.149134,0.143422,0.144263,3468541.817137461,0
CTSI.V,D,20230327,000000,0.144459,0.146436,0.133291,0.135163,5069745.972975663,0
CTSI.V,D,20230328,000000,0.135264,0.139139,0.132542,0.138154,2420847.749037795,0
CTSI.V,D,20230329,000000,0.137752,0.145444,0.137037,0.144919,3557749.6574861724,0
CTSI.V,D,20230330,000000,0.144343,0.147334,0.137926,0.140439,2948373.323864447,0
CTSI.V,D,20230331,000000,0.140538,0.145104,0.13874,0.143829,2944906.396042215,0
CTSI.V,D,20230401,000000,0.14393,0.147643,0.142671,0.144453,2823220.2376641156,0
CTSI.V,D,20230402,000000,0.144459,0.147162,0.138186,0.138486,2751349.408131012,0
CTSI.V,D,20230403,000000,0.138686,0.143017,0.135957,0.139753,3098126.073241024,0
CTSI.V,D,20230404,000000,0.139754,0.146054,0.139428,0.144472,5708141.847437729,0
CTSI.V,D,20230405,000000,0.144172,0.149263,0.142753,0.145552,4174123.071278667,0
CTSI.V,D,20230406,000000,0.145246,0.14746,0.141559,0.144849,4177701.29422469,0
CTSI.V,D,20230407,000000,0.145052,0.146675,0.140779,0.142307,1449587.3670199204,0
CTSI.V,D,20230408,000000,0.142505,0.145175,0.141706,0.144256,1101026.6481264788,0
CTSI.V,D,20230409,000000,0.144456,0.152802,0.143786,0.151791,8255479.604534003,0
CTSI.V,D,20230410,000000,0.151602,0.153905,0.147496,0.153324,4176861.1528615085,0
CTSI.V,D,20230411,000000,0.153426,0.155632,0.152446,0.153952,5629912.268964192,0
CTSI.V,D,20230412,000000,0.153652,0.158636,0.147263,0.157223,5176035.505979523,0
CTSI.V,D,20230413,000000,0.156722,0.159175,0.152951,0.157551,4082906.756036244,0
CTSI.V,D,20230414,000000,0.157449,0.164646,0.157352,0.159941,5474720.576774741,0
CTSI.V,D,20230415,000000,0.160131,0.186186,0.156234,0.176057,48330119.96890692,0
CTSI.V,D,20230416,000000,0.175858,0.273438,0.175858,0.256574,640328307.4749058,0
CTSI.V,D,20230417,000000,0.257475,0.332663,0.22859,0.234441,261637514.26385346,0
CTSI.V,D,20230418,000000,0.234638,0.335101,0.229458,0.323755,320340239.6498804,0
CTSI.V,D,20230419,000000,0.325155,0.361394,0.275887,0.293461,319486125.11309797,0
CTSI.V,D,20230420,000000,0.292958,0.356082,0.284336,0.301924,223727829.3153213,0
CTSI.V,D,20230421,000000,0.301821,0.304327,0.243776,0.250272,102354120.39828236,0
CTSI.V,D,20230422,000000,0.250672,0.287403,0.250672,0.265924,106353510.1591374,0
CTSI.V,D,20230423,000000,0.266424,0.268524,0.230412,0.234512,51492206.68236798,0
CTSI.V,D,20230424,000000,0.234812,0.242195,0.2255,0.238305,46271780.34674058,0
CTSI.V,D,20230425,000000,0.237207,0.247917,0.226523,0.234354,42433474.299570836,0
CTSI.V,D,20230426,000000,0.234754,0.255454,0.229428,0.237876,49000485.42503306,0
CTSI.V,D,20230427,000000,0.237576,0.251578,0.232791,0.242385,28239230.857508425,0
CTSI.V,D,20230428,000000,0.24278,0.243788,0.218716,0.223574,31880532.457226235,0
CTSI.V,D,20230429,000000,0.223472,0.224882,0.215649,0.22113,12630901.469887413,0
CTSI.V,D,20230430,000000,0.22103,0.242704,0.212815,0.226229,51763551.02165693,0
CTSI.V,D,20230501,000000,0.225929,0.247377,0.222336,0.222962,93673758.63279465,0
CTSI.V,D,20230502,000000,0.223358,0.225559,0.207014,0.208127,24661339.156379398,0
CTSI.V,D,20230503,000000,0.208327,0.22707,0.204586,0.219059,41058351.1490046,0
CTSI.V,D,20230504,000000,0.219457,0.231342,0.211893,0.212877,17819962.751871306,0
CTSI.V,D,20230505,000000,0.212877,0.217148,0.208475,0.215396,16599055.078598997,0
CTSI.V,D,20230506,000000,0.215596,0.217833,0.194039,0.196944,37808363.204232424,0
CTSI.V,D,20230507,000000,0.197435,0.206889,0.192026,0.192625,21703174.811492514,0
CTSI.V,D,20230508,000000,0.192625,0.194988,0.172319,0.173832,23507214.57979504,0
CTSI.V,D,20230509,000000,0.174032,0.176476,0.166883,0.171371,13578871.516996788,0
CTSI.V,D,20230510,000000,0.171577,0.18332,0.165682,0.177277,26503942.320549726,0
CTSI.V,D,20230511,000000,0.177177,0.180162,0.162546,0.165849,19880251.3025384,0
CTSI.V,D,20230512,000000,0.165866,0.167917,0.157279,0.167534,12923635.006318605,0
CTSI.V,D,20230513,000000,0.168134,0.169619,0.162381,0.163282,8076770.272809367,0
CTSI.V,D,20230514,000000,0.162798,0.174487,0.160696,0.168301,7176935.0539208865,0
CTSI.V,D,20230515,000000,0.168484,0.175823,0.164098,0.172821,10471039.520106904,0
CTSI.V,D,20230516,000000,0.172621,0.180208,0.1675,0.172486,11333207.136701513,0
CTSI.V,D,20230517,000000,0.172586,0.220388,0.165583,0.204902,186356835.78137636,0
CTSI.V,D,20230518,000000,0.205082,0.216587,0.190876,0.193577,55779449.52949841,0
CTSI.V,D,20230519,000000,0.193577,0.208104,0.185328,0.191157,32207236.080501646,0
CTSI.V,D,20230520,000000,0.191396,0.193197,0.185911,0.187988,12837672.965445127,0
CTSI.V,D,20230521,000000,0.18857,0.189051,0.181009,0.181809,8310810.137306756,0
CTSI.V,D,20230522,000000,0.181691,0.185693,0.176988,0.181491,10383321.103304965,0
CTSI.V,D,20230523,000000,0.181425,0.188438,0.179245,0.180911,9542138.194399245,0
CTSI.V,D,20230524,000000,0.18099,0.181516,0.16749,0.171991,10071719.397827305,0
CTSI.V,D,20230525,000000,0.171891,0.176989,0.167497,0.170403,8612778.359850677,0
CTSI.V,D,20230526,000000,0.170905,0.173345,0.167812,0.172738,5331374.663873756,0
CTSI.V,D,20230527,000000,0.172752,0.173754,0.169946,0.171465,4716695.940689896,0
CTSI.V,D,20230528,000000,0.171669,0.175988,0.171086,0.174638,6853028.971260644,0
CTSI.V,D,20230529,000000,0.175039,0.197255,0.17395,0.180654,54868239.3174623,0
CTSI.V,D,20230530,000000,0.180954,0.202981,0.177553,0.193777,61975582.55960229,0
CTSI.V,D,20230531,000000,0.193876,0.194862,0.176944,0.179436,18075597.741439085,0
CTSI.V,D,20230601,000000,0.179334,0.183935,0.178527,0.181251,6277615.410735971,0
CTSI.V,D,20230602,000000,0.180951,0.188743,0.176823,0.184048,9952042.191289136,0
CTSI.V,D,20230603,000000,0.183948,0.185758,0.179354,0.180372,5593568.679405305,0
CTSI.V,D,20230604,000000,0.180669,0.188541,0.180667,0.184659,4367461.425287209,0
CTSI.V,D,20230605,000000,0.184859,0.186161,0.153648,0.158347,9816386.979729023,0
CTSI.V,D,20230606,000000,0.158347,0.166828,0.154126,0.164448,8054133.23691793,0
CTSI.V,D,20230607,000000,0.164346,0.164844,0.150832,0.151506,6034801.096918754,0
CTSI.V,D,20230608,000000,0.151517,0.154715,0.1481,0.152627,4360913.537878929,0
CTSI.V,D,20230609,000000,0.152427,0.155794,0.143571,0.148672,6626182.803521451,0
CTSI.V,D,20230610,000000,0.148773,0.149173,0.107021,0.122271,11058155.92627709,0
CTSI.V,D,20230611,000000,0.122171,0.135157,0.12036,0.127251,27634122.01329726,0
CTSI.V,D,20230612,000000,0.127352,0.128913,0.121342,0.128012,8043761.155211918,0
CTSI.V,D,20230613,000000,0.128404,0.131301,0.122863,0.124884,5626873.188266264,0
CTSI.V,D,20230614,000000,0.124786,0.139779,0.123574,0.131588,16149986.54519808,0
CTSI.V,D,20230615,000000,0.131588,0.135874,0.118669,0.127392,16267527.850147136,0
CTSI.V,D,20230616,000000,0.127694,0.132756,0.122654,0.129797,9608419.287962243,0
CTSI.V,D,20230617,000000,0.129999,0.133697,0.127512,0.129047,5019093.809513003,0
CTSI.V,D,20230618,000000,0.129446,0.133167,0.126947,0.127972,5681750.698444189,0
CTSI.V,D,20230619,000000,0.127871,0.130654,0.124865,0.12986,3058701.957008606,0
CTSI.V,D,20230620,000000,0.13006,0.137606,0.123849,0.13542,6661129.124856099,0
CTSI.V,D,20230621,000000,0.13582,0.148806,0.135416,0.14581,18762241.77886487,0
CTSI.V,D,20230622,000000,0.145606,0.151606,0.14212,0.143229,4585332.861525924,0
CTSI.V,D,20230623,000000,0.14313,0.15304,0.141124,0.149987,7339452.612115517,0
CTSI.V,D,20230624,000000,0.149988,0.154579,0.146275,0.147393,4860943.59947255,0
CTSI.V,D,20230625,000000,0.147692,0.15876,0.147187,0.153252,5089789.060810839,0
CTSI.V,D,20230626,000000,0.153449,0.154242,0.142528,0.14253,5694906.608537893,0
CTSI.V,D,20230627,000000,0.142637,0.162313,0.142637,0.152329,21019699.924802106,0
CTSI.V,D,20230628,000000,0.152529,0.153123,0.138503,0.142497,5607128.0536414515,0
CTSI.V,D,20230629,000000,0.142189,0.145875,0.139779,0.141887,4632327.810449492,0
CTSI.V,D,20230630,000000,0.142183,0.155135,0.140472,0.152442,9869528.294674166,0
CTSI.V,D,20230701,000000,0.152946,0.154877,0.150343,0.1523,3088668.0623158733,0
CTSI.V,D,20230702,000000,0.1526,0.153785,0.148587,0.152208,3584307.6340325675,0
CTSI.V,D,20230703,000000,0.152315,0.161087,0.152205,0.15901,6806856.417598353,0
CTSI.V,D,20230704,000000,0.159111,0.162439,0.157419,0.161836,3568371.5762561196,0
CTSI.V,D,20230705,000000,0.161832,0.166903,0.151521,0.152623,12243820.677979108,0
CTSI.V,D,20230706,000000,0.152423,0.159998,0.147516,0.148394,5257385.571542444,0
CTSI.V,D,20230707,000000,0.148487,0.150998,0.145806,0.149604,2107301.24684729,0
CTSI.V,D,20230708,000000,0.149315,0.154514,0.149104,0.150514,2891205.880854393,0
CTSI.V,D,20230709,000000,0.150817,0.154922,0.150427,0.150427,3033714.835509084,0
CTSI.V,D,20230710,000000,0.150527,0.192519,0.143914,0.184013,102128591.00295475,0
CTSI.V,D,20230711,000000,0.18402,0.18492,0.157113,0.157403,67775137.27711177,0
CTSI.V,D,20230712,000000,0.157806,0.168688,0.156597,0.159987,21836980.718037758,0
CTSI.V,D,20230713,000000,0.159995,0.1688,0.154288,0.167265,17305969.496007163,0
CTSI.V,D,20230714,000000,0.167365,0.172036,0.157269,0.159777,9634431.352778263,0
CTSI.V,D,20230715,000000,0.159278,0.163451,0.158058,0.160146,3290370.4282798907,0
CTSI.V,D,20230716,000000,0.160146,0.161648,0.154376,0.155973,2016250.147637135,0
CTSI.V,D,20230717,000000,0.156073,0.158851,0.150936,0.157428,2790251.474343938,0
CTSI.V,D,20230718,000000,0.157528,0.158827,0.149709,0.152634,2727078.7948660273,0
CTSI.V,D,20230719,000000,0.152635,0.156028,0.151798,0.153798,1828162.020036155,0
CTSI.V,D,20230720,000000,0.153798,0.157,0.149787,0.152298,2514214.9666098943,0
CTSI.V,D,20230721,000000,0.152386,0.154391,0.150597,0.151202,1863404.6336315877,0
CTSI.V,D,20230722,000000,0.151502,0.1529,0.150515,0.151417,1331958.0097324813,0
CTSI.V,D,20230723,000000,0.151415,0.153697,0.147822,0.151297,1497060.7463966978,0
CTSI.V,D,20230724,000000,0.151197,0.152891,0.142671,0.143983,3235924.9438511357,0
CTSI.V,D,20230725,000000,0.144184,0.144683,0.141283,0.14249,1768686.3261459935,0
CTSI.V,D,20230726,000000,0.142887,0.146596,0.140075,0.144999,1630822.9084949312,0
CTSI.V,D,20230727,000000,0.145004,0.149594,0.144604,0.148761,1711927.3889331017,0
CTSI.V,D,20230728,000000,0.14836,0.150547,0.147654,0.148896,1394782.9127056294,0
CTSI.V,D,20230729,000000,0.148797,0.149597,0.147291,0.1486,972229.8928372895,0
CTSI.V,D,20230730,000000,0.148799,0.1488,0.141601,0.144288,2949420.729910918,0
CTSI.V,D,20230731,000000,0.143788,0.146278,0.140773,0.142376,2817775.9214214482,0
CTSI.V,D,20230801,000000,0.142277,0.148466,0.137874,0.144626,8291908.807072568,0
CTSI.V,D,20230802,000000,0.144528,0.148051,0.141622,0.142819,2103636.964095321,0
CTSI.V,D,20230803,000000,0.142918,0.145145,0.141657,0.143982,1623426.792782983,0
CTSI.V,D,20230804,000000,0.143983,0.144699,0.140009,0.140808,2078972.0004554496,0
CTSI.V,D,20230805,000000,0.140708,0.141552,0.139209,0.140568,811187.3729591856,0
CTSI.V,D,20230806,000000,0.140228,0.1495,0.140228,0.144679,5474559.378358129,0
CTSI.V,D,20230807,000000,0.144665,0.147023,0.140824,0.144943,3554447.5478705885,0
CTSI.V,D,20230808,000000,0.145527,0.148567,0.144218,0.147778,1902272.7942586301,0
CTSI.V,D,20230809,000000,0.147878,0.150113,0.145888,0.14747,2937937.207758547,0
CTSI.V,D,20230810,000000,0.147372,0.150039,0.145957,0.148841,5224849.71945934,0
CTSI.V,D,20230811,000000,0.148642,0.150581,0.148015,0.149836,1588720.7906491477,0
CTSI.V,D,20230812,000000,0.149935,0.15208,0.14935,0.150114,1961906.6964260354,0
CTSI.V,D,20230813,000000,0.150114,0.156073,0.148494,0.152881,2264195.9187052557,0
CTSI.V,D,20230814,000000,0.15318,0.159397,0.152081,0.156721,6070495.2268219665,0
CTSI.V,D,20230815,000000,0.156919,0.157826,0.141246,0.143939,5021691.823151751,0
CTSI.V,D,20230816,000000,0.143742,0.144148,0.130763,0.132352,4050928.8773222966,0
CTSI.V,D,20230817,000000,0.132551,0.137932,0.107297,0.118832,5009266.84792022,0
CTSI.V,D,20230818,000000,0.118644,0.125365,0.116918,0.11885,7614459.01543691,0
CTSI.V,D,20230819,000000,0.118841,0.121856,0.11805,0.120265,4528554.832767935,0
CTSI.V,D,20230820,000000,0.120165,0.123574,0.120078,0.121994,2270085.23266111,0
CTSI.V,D,20230821,000000,0.121994,0.122196,0.116591,0.119882,2799501.9059412824,0
CTSI.V,D,20230822,000000,0.119783,0.120182,0.113269,0.115462,1995840.657839937,0
CTSI.V,D,20230823,000000,0.115661,0.123845,0.11546,0.121377,2126308.141702239,0
CTSI.V,D,20230824,000000,0.121876,0.122779,0.118838,0.119239,1868027.5673540407,0
CTSI.V,D,20230825,000000,0.119339,0.122731,0.117755,0.122731,1757225.7258749127,0
CTSI.V,D,20230826,000000,0.122735,0.123235,0.118837,0.119336,1294047.016147944,0
CTSI.V,D,20230827,000000,0.119439,0.122542,0.118942,0.119944,1021117.5913458717,0
CTSI.V,D,20230828,000000,0.119942,0.122528,0.117216,0.120439,1622203.3349934751,0
CTSI.V,D,20230829,000000,0.120437,0.127808,0.118118,0.12591,3022265.01588344,0
CTSI.V,D,20230830,000000,0.126123,0.12672,0.121823,0.122094,2388204.866118671,0
CTSI.V,D,20230831,000000,0.122199,0.124289,0.116494,0.11818,2010390.9992167705,0
CTSI.V,D,20230901,000000,0.118085,0.119468,0.114168,0.116441,1872228.7532900998,0
CTSI.V,D,20230902,000000,0.116154,0.12987,0.114855,0.123088,18126896.21557485,0
CTSI.V,D,20230903,000000,0.123286,0.127577,0.117985,0.120078,5310470.3244798,0
CTSI.V,D,20230904,000000,0.120378,0.134958,0.120278,0.125662,15974195.716079833,0
CTSI.V,D,20230905,000000,0.125565,0.129203,0.124038,0.128433,3256746.5331883603,0
CTSI.V,D,20230906,000000,0.128637,0.12934,0.122252,0.125025,2884319.8115183953,0
CTSI.V,D,20230907,000000,0.124731,0.126934,0.122422,0.126237,2097378.0342562194,0
CTSI.V,D,20230908,000000,0.126432,0.127444,0.12245,0.12409,2368759.1208117846,0
CTSI.V,D,20230909,000000,0.124283,0.148952,0.124186,0.127762,74839887.990593,0
CTSI.V,D,20230910,000000,0.127962,0.12826,0.119577,0.122655,8282394.493219021,0
CTSI.V,D,20230911,000000,0.123054,0.123054,0.115463,0.117461,3049814.043608866,0
CTSI.V,D,20230912,000000,0.117462,0.123351,0.117462,0.118691,2028340.5459907155,0
CTSI.V,D,20230913,000000,0.118589,0.126225,0.117991,0.125125,11534673.872924708,0
CTSI.V,D,20230914,000000,0.126025,0.127914,0.124291,0.125336,6668070.762508051,0
CTSI.V,D,20230915,000000,0.125535,0.130205,0.124299,0.128996,28203822.379538056,0
CTSI.V,D,20230916,000000,0.128395,0.131289,0.125899,0.129612,20273990.506124854,0
CTSI.V,D,20230917,000000,0.129213,0.129716,0.123525,0.124931,4506036.028349306,0
CTSI.V,D,20230918,000000,0.12473,0.129021,0.124219,0.126925,2495500.414320639,0
CTSI.V,D,20230919,000000,0.127219,0.130331,0.125624,0.128817,3456485.0227157758,0
CTSI.V,D,20230920,000000,0.128918,0.131424,0.127022,0.129412,2572361.9843549947,0
CTSI.V,D,20230921,000000,0.129505,0.131703,0.126311,0.128495,3838298.8956059637,0
CTSI.V,D,20230922,000000,0.128596,0.128785,0.125892,0.127991,1919929.3257568253,0
CTSI.V,D,20230923,000000,0.128291,0.128595,0.124201,0.125508,2080281.5382989713,0
CTSI.V,D,20230924,000000,0.125809,0.126606,0.124206,0.124505,1335592.373373462,0
CTSI.V,D,20230925,000000,0.124706,0.126562,0.120811,0.125369,2727526.5823560557,0
CTSI.V,D,20230926,000000,0.125394,0.12617,0.12426,0.125046,852405.9181486405,0
CTSI.V,D,20230927,000000,0.124836,0.126618,0.123715,0.1244,1415024.593888635,0
CTSI.V,D,20230928,000000,0.124706,0.129033,0.124706,0.1273,1035308.6689044756,0
CTSI.V,D,20230929,000000,0.12749,0.128977,0.126295,0.127886,320704.6058219551,0
CTSI.V,D,20230930,000000,0.127786,0.132317,0.12769,0.130426,1632346.451682467,0
CTSI.V,D,20231001,000000,0.130526,0.135816,0.129312,0.135716,1639289.8139948805,0
CTSI.V,D,20231002,000000,0.135715,0.138522,0.130438,0.131838,1980717.7249528198,0
CTSI.V,D,20231003,000000,0.13194,0.133808,0.128901,0.129595,791519.8864361993,0
CTSI.V,D,20231004,000000,0.129609,0.129906,0.123907,0.128103,1221937.7043599735,0
CTSI.V,D,20231005,000000,0.128105,0.128594,0.125128,0.126834,1138210.899056111,0
CTSI.V,D,20231006,000000,0.126634,0.12845,0.125519,0.128251,1201700.075018536,0
CTSI.V,D,20231007,000000,0.128155,0.130984,0.12468,0.129974,6550070.5436956305,0
CTSI.V,D,20231008,000000,0.129874,0.14238,0.127789,0.131175,22043376.290146194,0
CTSI.V,D,20231009,000000,0.131075,0.131743,0.124532,0.126827,3518298.746959703,0
CTSI.V,D,20231010,000000,0.126927,0.134411,0.126508,0.128314,3821774.910223783,0
CTSI.V,D,20231011,000000,0.128413,0.128715,0.121113,0.123764,1261848.5840892894,0
CTSI.V,D,20231012,000000,0.124465,0.126068,0.123063,0.124854,902598.1386385494,0
CTSI.V,D,20231013,000000,0.124855,0.130151,0.124553,0.129072,1644588.1382106447,0
CTSI.V,D,20231014,000000,0.129372,0.132491,0.128173,0.131392,1474443.0565505477,0
CTSI.V,D,20231015,000000,0.131392,0.132893,0.1289,0.129506,1387992.1650938012,0
CTSI.V,D,20231016,000000,0.129605,0.13763,0.128512,0.130655,1960993.4485077157,0
CTSI.V,D,20231017,000000,0.130655,0.131056,0.124547,0.127343,1231853.6737315622,0
CTSI.V,D,20231018,000000,0.126947,0.12794,0.124353,0.125329,1018378.1081669943,0
CTSI.V,D,20231019,000000,0.125526,0.126629,0.123346,0.123549,625672.3449807847,0
CTSI.V,D,20231020,000000,0.123548,0.129969,0.123053,0.127252,836108.8485631549,0
CTSI.V,D,20231021,000000,0.127454,0.132333,0.126457,0.130965,686049.641095476,0
CTSI.V,D,20231022,000000,0.131164,0.132365,0.127469,0.128442,819932.2064596192,0
CTSI.V,D,20231023,000000,0.128939,0.13397,0.128828,0.133768,1559287.6780356702,0
CTSI.V,D,20231024,000000,0.133768,0.147913,0.133668,0.143083,4801026.806227592,0
CTSI.V,D,20231025,000000,0.142991,0.149637,0.141711,0.145938,996312.1773997179,0
CTSI.V,D,20231026,000000,0.146934,0.153931,0.141824,0.147504,2402918.8440020173,0
CTSI.V,D,20231027,000000,0.148103,0.149716,0.142318,0.144933,1067605.3196306645,0
CTSI.V,D,20231028,000000,0.145132,0.14953,0.14483,0.149325,683036.5043325608,0
CTSI.V,D,20231029,000000,0.149325,0.153232,0.146829,0.151344,1034680.1215835158,0
CTSI.V,D,20231030,000000,0.150953,0.153518,0.148977,0.15205,1807626.487181202,0
CTSI.V,D,20231031,000000,0.152252,0.154748,0.143242,0.146158,1532411.6840977666,0
CTSI.V,D,20231101,000000,0.146061,0.150381,0.140141,0.148246,2495874.853914391,0
CTSI.V,D,20231102,000000,0.148447,0.152279,0.142629,0.146921,2081452.6849787098,0
CTSI.V,D,20231103,000000,0.146719,0.151162,0.141039,0.150859,2686227.631030173,0
CTSI.V,D,20231104,000000,0.151159,0.153863,0.149573,0.153791,1233116.282292856,0
CTSI.V,D,20231105,000000,0.154089,0.178516,0.153597,0.160228,11787048.88750057,0
CTSI.V,D,20231106,000000,0.160328,0.164646,0.157124,0.164544,1720924.9683208375,0
CTSI.V,D,20231107,000000,0.164546,0.164646,0.152929,0.159673,2059453.1544103117,0
CTSI.V,D,20231108,000000,0.159373,0.163441,0.158576,0.162137,1558037.280341509,0
CTSI.V,D,20231109,000000,0.162137,0.171168,0.145723,0.15673,5166789.908663699,0
CTSI.V,D,20231110,000000,0.15683,0.168187,0.156628,0.167786,2298744.581278012,0
CTSI.V,D,20231111,000000,0.167687,0.171745,0.160598,0.168644,2513233.9061491448,0
CTSI.V,D,20231112,000000,0.16864,0.176556,0.158448,0.172469,4855292.219669229,0
CTSI.V,D,20231113,000000,0.172969,0.174703,0.160543,0.160543,2966237.5141253113,0
CTSI.V,D,20231114,000000,0.160743,0.162344,0.148728,0.154122,1983195.490549712,0
CTSI.V,D,20231115,000000,0.154323,0.16397,0.153628,0.162981,1337104.4281728906,0
CTSI.V,D,20231116,000000,0.16377,0.165641,0.151014,0.153815,2733939.20897506,0
CTSI.V,D,20231117,000000,0.153817,0.156892,0.14321,0.15055,2840399.5780103947,0
CTSI.V,D,20231118,000000,0.151051,0.151051,0.13866,0.145473,7478504.858160555,0
CTSI.V,D,20231119,000000,0.145173,0.150777,0.141678,0.147965,1413893.1587615698,0
CTSI.V,D,20231120,000000,0.148362,0.153691,0.145528,0.148903,6032399.89271401,0
CTSI.V,D,20231121,000000,0.149103,0.151098,0.132845,0.134251,3465634.8980871635,0
CTSI.V,D,20231122,000000,0.133851,0.144349,0.132952,0.143046,1834187.2979704712,0
CTSI.V,D,20231123,000000,0.143044,0.144755,0.138635,0.14252,966026.47217755,0
CTSI.V,D,20231124,000000,0.14262,0.160796,0.141917,0.153124,9995775.774102917,0
CTSI.V,D,20231125,000000,0.152728,0.159607,0.151694,0.155592,3310621.5158581464,0
CTSI.V,D,20231126,000000,0.155792,0.157379,0.14906,0.155858,3313560.641272359,0
CTSI.V,D,20231127,000000,0.155759,0.156661,0.145728,0.148703,1606351.1981994067,0
CTSI.V,D,20231128,000000,0.148901,0.152097,0.144013,0.150287,949739.6665409094,0
CTSI.V,D,20231129,000000,0.150189,0.155288,0.149143,0.150118,2815257.762690688,0
CTSI.V,D,20231130,000000,0.149919,0.158724,0.149525,0.151914,4459741.811323752,0
CTSI.V,D,20231201,000000,0.151529,0.157344,0.151229,0.15356,2441401.8976716083,0
CTSI.V,D,20231202,000000,0.153561,0.159848,0.15346,0.158073,1545764.2180435362,0
CTSI.V,D,20231203,000000,0.158571,0.162452,0.155157,0.159756,2559948.429000831,0
CTSI.V,D,20231204,000000,0.159257,0.166995,0.153868,0.162716,4963631.930777594,0
CTSI.V,D,20231205,000000,0.163008,0.168092,0.157816,0.162616,4130515.7102312436,0
CTSI.V,D,20231206,000000,0.16342,0.166235,0.154615,0.157319,2077473.8136214183,0
CTSI.V,D,20231207,000000,0.158508,0.16802,0.15292,0.164758,4492997.846897093,0
CTSI.V,D,20231208,000000,0.164759,0.171719,0.164043,0.169556,5047412.525907752,0
CTSI.V,D,20231209,000000,0.169756,0.174461,0.166345,0.171446,6567069.426215423,0
CTSI.V,D,20231210,000000,0.172046,0.173105,0.165932,0.173105,3528840.516798229,0
CTSI.V,D,20231211,000000,0.173312,0.173491,0.148616,0.160118,5934450.184737547,0
CTSI.V,D,20231212,000000,0.159925,0.188053,0.15932,0.170423,27372238.831311423,0
CTSI.V,D,20231213,000000,0.170525,0.175009,0.158735,0.17214,6468697.179228913,0
CTSI.V,D,20231214,000000,0.172133,0.180029,0.169315,0.176128,4530034.322513487,0
CTSI.V,D,20231215,000000,0.176528,0.17683,0.1667,0.170415,2535263.6752583734,0
CTSI.V,D,20231216,000000,0.170117,0.177472,0.16629,0.170663,2755186.19085676,0
CTSI.V,D,20231217,000000,0.170663,0.175933,0.164847,0.170524,4607649.940814326,0
CTSI.V,D,20231218,000000,0.170423,0.171547,0.151775,0.167751,4422323.558195821,0
CTSI.V,D,20231219,000000,0.16785,0.182333,0.16677,0.175011,7254467.7336891135,0
CTSI.V,D,20231220,000000,0.175112,0.18112,0.170859,0.175105,5755362.677535204,0
CTSI.V,D,20231221,000000,0.175505,0.179498,0.172605,0.177532,1938709.7044629427,0
CTSI.V,D,20231222,000000,0.177634,0.207139,0.177534,0.200861,18206623.07350217,0
CTSI.V,D,20231223,000000,0.20066,0.205683,0.192708,0.201701,5421160.851164621,0
CTSI.V,D,20231224,000000,0.201599,0.217028,0.196086,0.208237,14111866.340922616,0
CTSI.V,D,20231225,000000,0.208033,0.226716,0.206528,0.222142,11698362.599038994,0
CTSI.V,D,20231226,000000,0.221847,0.229582,0.201943,0.225875,10260571.476551523,0
CTSI.V,D,20231227,000000,0.225677,0.247516,0.213596,0.243751,16949811.46358393,0
CTSI.V,D,20231228,000000,0.244561,0.246463,0.22352,0.227211,8720081.854761383,0
CTSI.V,D,20231229,000000,0.227098,0.242653,0.213828,0.214741,6286985.224829664,0
CTSI.V,D,20231230,000000,0.215243,0.21912,0.208587,0.210496,2823729.4575463403,0
CTSI.V,D,20231231,000000,0.210896,0.220114,0.206967,0.210147,2347046.660749,0
CTSI.V,D,20240101,000000,0.210445,0.221753,0.206681,0.219644,2647981.9695565496,0
CTSI.V,D,20240102,000000,0.219955,0.227477,0.211073,0.220382,6068519.922280703,0
CTSI.V,D,20240103,000000,0.220384,0.241763,0.187221,0.222182,23705099.636681862,0
CTSI.V,D,20240104,000000,0.222887,0.240971,0.215853,0.233091,16083346.305808263,0
CTSI.V,D,20240105,000000,0.232874,0.256454,0.224258,0.226477,22239564.66027142,0
CTSI.V,D,20240106,000000,0.227477,0.231606,0.200682,0.205323,15279230.798852883,0
CTSI.V,D,20240107,000000,0.205323,0.211122,0.191034,0.192723,7028674.041266653,0
CTSI.V,D,20240108,000000,0.193124,0.203281,0.180097,0.203281,4787088.467766425,0
CTSI.V,D,20240109,000000,0.203381,0.203865,0.181844,0.190359,2247346.4877622593,0
CTSI.V,D,20240110,000000,0.190259,0.213551,0.18997,0.213453,11110429.242350196,0
CTSI.V,D,20240111,000000,0.213658,0.226918,0.210782,0.218611,6690040.010839407,0
CTSI.V,D,20240112,000000,0.218317,0.225007,0.204149,0.209868,3670392.977851551,0
CTSI.V,D,20240113,000000,0.20977,0.216452,0.203953,0.215255,2924390.7973982496,0
CTSI.V,D,20240114,000000,0.214349,0.214848,0.201879,0.2033,1886395.742810426,0
CTSI.V,D,20240115,000000,0.2032,0.209899,0.199073,0.203712,1282056.8923131495,0
CTSI.V,D,20240116,000000,0.203912,0.212672,0.200785,0.211566,1666093.4168223082,0
CTSI.V,D,20240117,000000,0.211668,0.212266,0.199432,0.201199,1157017.7019445125,0
CTSI.V,D,20240118,000000,0.201199,0.201908,0.183086,0.186513,3844599.4879624797,0
CTSI.V,D,20240119,000000,0.186313,0.186413,0.168933,0.178523,3103455.933536282,0
CTSI.V,D,20240120,000000,0.178325,0.186251,0.176841,0.184049,1462199.531168001,0
CTSI.V,D,20240121,000000,0.183749,0.311101,0.181664,0.279027,230877589.77777046,0
CTSI.V,D,20240122,000000,0.278624,0.298334,0.226069,0.247035,142863935.1978053,0
CTSI.V,D,20240123,000000,0.247335,0.282317,0.229828,0.23869,67657095.87330674,0
CTSI.V,D,20240124,000000,0.238687,0.246802,0.218162,0.220985,17622614.06449448,0
CTSI.V,D,20240125,000000,0.220885,0.222189,0.201863,0.220878,14248042.739963733,0
CTSI.V,D,20240126,000000,0.220281,0.253543,0.217081,0.227352,33908699.26387601,0
CTSI.V,D,20240127,000000,0.227357,0.247868,0.222551,0.242298,16430078.568194702,0
CTSI.V,D,20240128,000000,0.2415,0.246502,0.228284,0.230163,8328951.050845456,0
CTSI.V,D,20240129,000000,0.230265,0.264355,0.22887,0.2468,26409851.4488614,0
CTSI.V,D,20240130,000000,0.2466,0.263887,0.241432,0.2542,31427275.14355348,0
CTSI.V,D,20240131,000000,0.254997,0.265354,0.231765,0.234269,11392607.578391083,0
CTSI.V,D,20240201,000000,0.234471,0.237557,0.22707,0.232233,4220833.179894347,0
CTSI.V,D,20240202,000000,0.231733,0.240822,0.231036,0.237881,5795114.019077854,0
CTSI.V,D,20240203,000000,0.238371,0.247691,0.237098,0.241318,7402412.600716571,0
CTSI.V,D,20240204,000000,0.242015,0.245594,0.235903,0.2375,1586821.828957976,0
CTSI.V,D,20240205,000000,0.237898,0.245245,0.232281,0.23659,5899737.426524691,0
CTSI.V,D,20240206,000000,0.235995,0.281593,0.235995,0.278414,25372448.280218817,0
CTSI.V,D,20240207,000000,0.278311,0.30869,0.275638,0.288939,24596542.273681328,0
CTSI.V,D,20240208,000000,0.289642,0.307668,0.286111,0.29896,13141555.51497602,0
CTSI.V,D,20240209,000000,0.29806,0.319206,0.287978,0.289268,9855990.359990364,0
CTSI.V,D,20240210,000000,0.289471,0.293223,0.281603,0.28638,6759990.470688117,0
CTSI.V,D,20240211,000000,0.28668,0.290339,0.275683,0.27738,5685962.263630495,0
CTSI.V,D,20240212,000000,0.277678,0.288118,0.274385,0.285626,6033105.160912628,0
CTSI.V,D,20240213,000000,0.285423,0.340789,0.279395,0.30772,46092406.07077697,0
CTSI.V,D,20240214,000000,0.307923,0.317058,0.298454,0.310388,12464626.432749782,0
CTSI.V,D,20240215,000000,0.310188,0.324066,0.306632,0.311971,13779174.678796079,0
CTSI.V,D,20240216,000000,0.312068,0.320136,0.29096,0.300628,9366294.600967478,0
CTSI.V,D,20240217,000000,0.300531,0.300923,0.285414,0.293073,3901618.656288994,0
CTSI.V,D,20240218,000000,0.293067,0.303233,0.287415,0.302733,6569850.349032147,0
CTSI.V,D,20240219,000000,0.302536,0.308471,0.297448,0.307274,3141167.0238616006,0
CTSI.V,D,20240220,000000,0.307374,0.332427,0.281165,0.307758,13143366.563722111,0
CTSI.V,D,20240221,000000,0.307865,0.32429,0.290894,0.3031,10331397.03337781,0
CTSI.V,D,20240222,000000,0.3029,0.372188,0.291413,0.326695,62417837.135514654,0
CTSI.V,D,20240223,000000,0.326592,0.35147,0.315097,0.328557,14403072.21314846,0
CTSI.V,D,20240224,000000,0.328751,0.33699,0.322519,0.3332,3383560.5981050683,0
CTSI.V,D,20240225,000000,0.333497,0.368689,0.331193,0.360486,11011528.471778372,0
CTSI.V,D,20240226,000000,0.360493,0.395345,0.347265,0.355731,20707798.183438536,0
CTSI.V,D,20240227,000000,0.354931,0.363518,0.342534,0.355342,6002365.7148805,0
CTSI.V,D,20240228,000000,0.355742,0.461812,0.352573,0.419594,38722882.821061596,0
CTSI.V,D,20240229,000000,0.419794,0.428779,0.385142,0.38973,13085561.942818876,0
CTSI.V,D,20240301,000000,0.39053,0.431541,0.389883,0.422329,14476877.44857004,0
CTSI.V,D,20240302,000000,0.422325,0.430919,0.403804,0.41089,7735895.325344737,0
CTSI.V,D,20240303,000000,0.411002,0.433517,0.367263,0.42319,5981161.584105224,0
CTSI.V,D,20240304,000000,0.42329,0.425691,0.381398,0.40054,6020808.080036723,0
CTSI.V,D,20240305,000000,0.400136,0.408763,0.316982,0.349541,9420949.274243215,0
CTSI.V,D,20240306,000000,0.348637,0.378289,0.340079,0.375807,4436400.48536865,0
CTSI.V,D,20240307,000000,0.375388,0.384103,0.359962,0.374034,6064214.801406377,0
CTSI.V,D,20240308,000000,0.374234,0.378491,0.345476,0.367523,5892053.604405062,0
CTSI.V,D,20240309,000000,0.367415,0.396632,0.365464,0.38244,8996151.828283336,0
CTSI.V,D,20240310,000000,0.382244,0.39223,0.368285,0.371141,3355034.153942926,0
CTSI.V,D,20240311,000000,0.372721,0.38309,0.355564,0.376175,5741754.344142714,0
CTSI.V,D,20240312,000000,0.376875,0.398324,0.352635,0.387731,10086807.89605446,0
CTSI.V,D,20240313,000000,0.387827,0.418934,0.3836,0.395033,12613656.295815254,0
CTSI.V,D,20240314,000000,0.395521,0.400996,0.366715,0.382762,3059105.3695106525,0
CTSI.V,D,20240315,000000,0.382762,0.386795,0.323954,0.348431,6637373.906814782,0
CTSI.V,D,20240316,000000,0.348731,0.351911,0.302812,0.311007,4025942.949586856,0
CTSI.V,D,20240317,000000,0.311416,0.332427,0.295111,0.329026,3901519.976916983,0
CTSI.V,D,20240318,000000,0.329035,0.330505,0.300934,0.306779,3946809.57423034,0
CTSI.V,D,20240319,000000,0.307278,0.311569,0.261911,0.270262,3585206.4321010867,0
CTSI.V,D,20240320,000000,0.270959,0.302227,0.256067,0.300109,5533670.812683732,0
CTSI.V,D,20240321,000000,0.3023,0.312819,0.295876,0.306226,2203798.1352052577,0
CTSI.V,D,20240322,000000,0.307129,0.314581,0.285251,0.288661,3368733.1433761297,0
CTSI.V,D,20240323,000000,0.289064,0.304,0.288761,0.2958,1882384.217102723,0
CTSI.V,D,20240324,000000,0.2955,0.313369,0.291438,0.311881,2407123.7782465704,0
CTSI.V,D,20240325,000000,0.311781,0.323571,0.307678,0.320961,3017587.1071325117,0
CTSI.V,D,20240326,000000,0.320635,0.332963,0.316657,0.326003,9052132.412464015,0
CTSI.V,D,20240327,000000,0.325707,0.337436,0.311713,0.316986,9987926.353913985,0
CTSI.V,D,20240328,000000,0.316683,0.324458,0.307718,0.321664,4239549.388604873,0
CTSI.V,D,20240329,000000,0.321564,0.337954,0.319269,0.324356,14372305.118336728,0
CTSI.V,D,20240330,000000,0.324352,0.329818,0.315245,0.315323,5495044.249813073,0
CTSI.V,D,20240331,000000,0.315223,0.320326,0.308437,0.309337,7286816.952177944,0
CTSI.V,D,20240401,000000,0.309637,0.317886,0.281686,0.288707,9114877.137006002,0
CTSI.V,D,20240402,000000,0.288807,0.292517,0.261226,0.268807,6692456.895499143,0
CTSI.V,D,20240403,000000,0.268707,0.277441,0.258652,0.269981,7110632.334399961,0
CTSI.V,D,20240404,000000,0.269678,0.287186,0.263847,0.275466,6894938.43465999,0
CTSI.V,D,20240405,000000,0.275528,0.279023,0.262366,0.272106,2903229.8867522897,0
CTSI.V,D,20240406,000000,0.272176,0.276811,0.270095,0.273666,1727316.7404342182,0
CTSI.V,D,20240407,000000,0.27386,0.289287,0.273566,0.276922,12088383.731383178,0
CTSI.V,D,20240408,000000,0.276825,0.293609,0.272095,0.290283,4831460.247682361,0
CTSI.V,D,20240409,000000,0.290283,0.2948,0.275072,0.279271,6282157.922881621,0
CTSI.V,D,20240410,000000,0.279571,0.281073,0.261456,0.272992,2231139.6644678437,0
CTSI.V,D,20240411,000000,0.272895,0.278883,0.267744,0.269019,1439256.2760827616,0
CTSI.V,D,20240412,000000,0.268822,0.277733,0.207276,0.217265,5298736.618834946,0
CTSI.V,D,20240413,000000,0.216965,0.226643,0.15665,0.170738,12544239.35856934,0
CTSI.V,D,20240414,000000,0.170038,0.201901,0.168838,0.190857,7587281.442694652,0
CTSI.V,D,20240415,000000,0.191657,0.213375,0.185993,0.193033,3021410.6228243792,0
CTSI.V,D,20240416,000000,0.192833,0.200928,0.183199,0.20034,1723248.4617895773,0
CTSI.V,D,20240417,000000,0.20004,0.20076,0.1832,0.191779,3524807.97638672,0
CTSI.V,D,20240418,000000,0.191281,0.198833,0.183737,0.198059,1523521.5555691319,0
CTSI.V,D,20240419,000000,0.198159,0.205433,0.18222,0.202563,2141686.7955060718,0
CTSI.V,D,20240420,000000,0.202967,0.218766,0.197281,0.217565,1169964.1265106124,0
CTSI.V,D,20240421,000000,0.217565,0.219866,0.210246,0.214434,1180235.9384704044,0
CTSI.V,D,20240422,000000,0.213736,0.224806,0.213043,0.219164,1959359.8928804838,0
CTSI.V,D,20240423,000000,0.219164,0.221887,0.212498,0.2171,1114030.1768553199,0
CTSI.V,D,20240424,000000,0.217496,0.224282,0.204214,0.20641,2415569.606076701,0
CTSI.V,D,20240425,000000,0.20641,0.20661,0.193048,0.204981,1954236.4329550338,0
CTSI.V,D,20240426,000000,0.204781,0.205182,0.193358,0.1986,1401228.2976803288,0
CTSI.V,D,20240427,000000,0.198421,0.2509,0.188025,0.213686,83665791.22033845,0
CTSI.V,D,20240428,000000,0.214107,0.219878,0.206834,0.2125,12348686.22021537,0
CTSI.V,D,20240429,000000,0.212651,0.212821,0.193126,0.194342,3830987.1378897103,0
CTSI.V,D,20240430,000000,0.194542,0.201246,0.17794,0.183761,4911753.068433276,0
CTSI.V,D,20240501,000000,0.183561,0.188803,0.175591,0.18632,3474731.8872941122,0
CTSI.V,D,20240502,000000,0.18662,0.194504,0.181317,0.19411,910147.1862978472,0
CTSI.V,D,20240503,000000,0.194008,0.201483,0.190279,0.199586,1558100.7456185166,0
CTSI.V,D,20240504,000000,0.200084,0.20461,0.197944,0.202318,1385485.0842230872,0
CTSI.V,D,20240505,000000,0.202318,0.2099,0.197426,0.204825,4965513.858125275,0
CTSI.V,D,20240506,000000,0.204522,0.210798,0.198492,0.201404,3586634.259375704,0
CTSI.V,D,20240507,000000,0.201502,0.205698,0.19669,0.200194,1725102.6001851752,0
CTSI.V,D,20240508,000000,0.200594,0.201852,0.191967,0.195238,2336725.2617746694,0
CTSI.V,D,20240509,000000,0.195839,0.202657,0.192521,0.20197,1077623.7664616918,0
CTSI.V,D,20240510,000000,0.20167,0.204671,0.190812,0.192342,910706.7836981226,0
CTSI.V,D,20240511,000000,0.19304,0.197094,0.191742,0.193357,678653.659261294,0
CTSI.V,D,20240512,000000,0.193559,0.195814,0.188342,0.190018,1391616.1500089937,0
CTSI.V,D,20240513,000000,0.18972,0.194563,0.180144,0.189079,1358094.9140957992,0
CTSI.V,D,20240514,000000,0.188979,0.190664,0.181591,0.182834,1415789.4436847707,0
CTSI.V,D,20240515,000000,0.182532,0.196751,0.180571,0.195415,1843441.7869305583,0
CTSI.V,D,20240516,000000,0.195415,0.198976,0.188557,0.192615,1770872.482238015,0
CTSI.V,D,20240517,000000,0.192617,0.202183,0.191317,0.200368,2430255.68314236,0
CTSI.V,D,20240518,000000,0.20027,0.203257,0.197483,0.199834,775528.6449318755,0
CTSI.V,D,20240519,000000,0.199634,0.201834,0.191598,0.192988,737907.3667854246,0
CTSI.V,D,20240520,000000,0.192988,0.211184,0.19,0.210782,1093448.9480501357,0
CTSI.V,D,20240521,000000,0.210982,0.219047,0.206525,0.211453,2641448.3726259386,0
CTSI.V,D,20240522,000000,0.211345,0.214455,0.206271,0.211411,1195305.1672404588,0
CTSI.V,D,20240523,000000,0.211309,0.217585,0.19476,0.208267,3311356.652986934,0
CTSI.V,D,20240524,000000,0.208067,0.230162,0.199744,0.221273,21743644.418312185,0
CTSI.V,D,20240525,000000,0.221273,0.272878,0.220367,0.25165,74692036.02175313,0
CTSI.V,D,20240526,000000,0.251147,0.254457,0.235756,0.237729,11308972.564107614,0
CTSI.V,D,20240527,000000,0.237505,0.245649,0.232437,0.242552,8176407.912563892,0
CTSI.V,D,20240528,000000,0.242353,0.248703,0.233711,0.240984,9159554.664064825,0
CTSI.V,D,20240529,000000,0.240704,0.242158,0.232286,0.23424,2767072.5417670063,0
CTSI.V,D,20240530,000000,0.23414,0.240368,0.226087,0.22912,1518440.5504166284,0
CTSI.V,D,20240531,000000,0.22902,0.233295,0.221318,0.226632,4472925.137305573,0
CTSI.V,D,20240601,000000,0.22623,0.231687,0.221503,0.228297,2703722.1991129383,0
CTSI.V,D,20240602,000000,0.228397,0.234208,0.223966,0.225181,7674337.096670552,0
CTSI.V,D,20240603,000000,0.225278,0.258146,0.224467,0.245861,18281158.988371547,0
CTSI.V,D,20240604,000000,0.245958,0.247428,0.2389,0.2422,1288458.085984079,0
CTSI.V,D,20240605,000000,0.2423,0.249202,0.241005,0.245225,1467656.4236583444,0
CTSI.V,D,20240606,000000,0.245222,0.253903,0.23532,0.240123,2860783.134588945,0
CTSI.V,D,20240607,000000,0.239623,0.247712,0.206535,0.219619,2160517.481119321,0
CTSI.V,D,20240608,000000,0.219419,0.223304,0.206659,0.208175,1865382.5438516045,0
CTSI.V,D,20240609,000000,0.207875,0.210879,0.204784,0.208973,889844.5175292306,0
CTSI.V,D,20240610,000000,0.208569,0.209571,0.200342,0.202645,1494762.2357842298,0
CTSI.V,D,20240611,000000,0.202545,0.203302,0.189004,0.194963,1630540.1759845496,0
CTSI.V,D,20240612,000000,0.194759,0.206079,0.189083,0.199834,1686819.68895994,0
CTSI.V,D,20240613,000000,0.199534,0.200446,0.186231,0.188824,1846180.478718512,0
CTSI.V,D,20240614,000000,0.188023,0.191552,0.175493,0.18297,1782239.1600680577,0
CTSI.V,D,20240615,000000,0.18267,0.185385,0.179994,0.181796,694121.6936627706,0
CTSI.V,D,20240616,000000,0.181796,0.185228,0.178589,0.183651,1691378.6800091926,0
CTSI.V,D,20240617,000000,0.183753,0.186464,0.167498,0.173918,2939090.344546625,0
CTSI.V,D,20240618,000000,0.17392,0.174218,0.152545,0.158608,3435716.182145304,0
CTSI.V,D,20240619,000000,0.158413,0.166573,0.157042,0.164634,1830740.4828965473,0
CTSI.V,D,20240620,000000,0.164734,0.172931,0.162936,0.16858,1997390.0821907113,0
CTSI.V,D,20240621,000000,0.168778,0.172286,0.16619,0.167396,1571376.1084449815,0
CTSI.V,D,20240622,000000,0.167696,0.168099,0.1638,0.166333,1618246.9954076568,0
CTSI.V,D,20240623,000000,0.166717,0.173193,0.159996,0.163487,1053621.4569433916,0
CTSI.V,D,20240624,000000,0.163487,0.163887,0.153103,0.163887,1315376.128333956,0
CTSI.V,D,20240625,000000,0.16418,0.17184,0.16349,0.170469,613234.9059748153,0
CTSI.V,D,20240626,000000,0.170469,0.171647,0.162851,0.166187,1744263.8518619551,0
CTSI.V,D,20240627,000000,0.16599,0.171634,0.162449,0.171546,1251470.2245550058,0
CTSI.V,D,20240628,000000,0.17147,0.174997,0.167481,0.167968,1675579.3079632123,0
CTSI.V,D,20240629,000000,0.167865,0.168687,0.161198,0.162122,1034925.3244155482,0
CTSI.V,D,20240630,000000,0.161725,0.166042,0.158842,0.164856,803342.8994600949,0
CTSI.V,D,20240701,000000,0.165645,0.170058,0.163084,0.165017,879029.2078154029,0
CTSI.V,D,20240702,000000,0.165221,0.165321,0.158817,0.161543,1310242.69662312,0
CTSI.V,D,20240703,000000,0.161541,0.162449,0.154032,0.156426,686365.374374553,0
CTSI.V,D,20240704,000000,0.156526,0.157327,0.139186,0.143018,2261535.2166779903,0
CTSI.V,D,20240705,000000,0.143318,0.14332,0.120058,0.136508,3316108.9105527354,0
CTSI.V,D,20240706,000000,0.136511,0.146003,0.136118,0.146003,931879.0786360999,0
CTSI.V,D,20240707,000000,0.146103,0.14721,0.137588,0.139785,884981.2679180198,0
CTSI.V,D,20240708,000000,0.139885,0.144874,0.132088,0.140587,1089154.483341424,0
CTSI.V,D,20240709,000000,0.140487,0.14489,0.138879,0.143099,1224434.7491237961,0
CTSI.V,D,20240710,000000,0.142999,0.145872,0.141304,0.143988,1042837.24635081,0
CTSI.V,D,20240711,000000,0.143988,0.147485,0.142596,0.143697,1033146.1967586011,0
CTSI.V,D,20240712,000000,0.143897,0.145001,0.1405,0.143729,1675528.6600276602,0
CTSI.V,D,20240713,000000,0.143829,0.147129,0.143629,0.145726,1536464.6533729287,0
CTSI.V,D,20240714,000000,0.145926,0.150456,0.145026,0.150256,1442453.2881008051,0
CTSI.V,D,20240715,000000,0.150456,0.156078,0.149342,0.155876,2014075.7029975445,0
CTSI.V,D,20240716,000000,0.155886,0.161966,0.152444,0.15974,2633254.4817469222,0
CTSI.V,D,20240717,000000,0.15964,0.163036,0.155933,0.159514,1957242.4827912245,0
CTSI.V,D,20240718,000000,0.159214,0.172797,0.157605,0.162166,9923084.690462619,0
CTSI.V,D,20240719,000000,0.162166,0.168259,0.156669,0.16737,4832267.58586355,0
CTSI.V,D,20240720,000000,0.16717,0.170677,0.163872,0.16757,2188438.7546262266,0
CTSI.V,D,20240721,000000,0.167971,0.173533,0.158084,0.171736,6126271.189652034,0
CTSI.V,D,20240722,000000,0.171836,0.174191,0.160018,0.160748,3693702.8063402073,0
CTSI.V,D,20240723,000000,0.161247,0.163195,0.154514,0.155219,2249978.9530863063,0
CTSI.V,D,20240724,000000,0.155219,0.157005,0.148784,0.150068,1589200.5509753309,0
CTSI.V,D,20240725,000000,0.149973,0.15047,0.141166,0.146058,1396029.0534624232,0
CTSI.V,D,20240726,000000,0.146262,0.157075,0.145755,0.1561,4011523.8319773893,0
CTSI.V,D,20240727,000000,0.1563,0.158608,0.152715,0.157797,2046098.7501102916,0
CTSI.V,D,20240728,000000,0.157816,0.157816,0.148796,0.148987,2660571.491812739,0
CTSI.V,D,20240729,000000,0.149285,0.154378,0.147799,0.150482,2035128.3340546018,0
CTSI.V,D,20240730,000000,0.149982,0.152559,0.146456,0.148154,1618903.4954884455,0
CTSI.V,D,20240731,000000,0.147956,0.151753,0.141643,0.142846,1285924.8242523517,0
CTSI.V,D,20240801,000000,0.142649,0.14312,0.133672,0.141871,2727298.981486681,0
CTSI.V,D,20240802,000000,0.141485,0.143369,0.132277,0.136544,2786935.2509610895,0
CTSI.V,D,20240803,000000,0.136245,0.137356,0.126628,0.128418,2198701.5885828845,0
CTSI.V,D,20240804,000000,0.128318,0.132015,0.120796,0.125264,2359703.6308112354,0
CTSI.V,D,20240805,000000,0.125264,0.126763,0.102599,0.117922,5494428.173675597,0
CTSI.V,D,20240806,000000,0.118022,0.124273,0.115932,0.122547,2153457.918120191,0
CTSI.V,D,20240807,000000,0.122845,0.12545,0.116221,0.117811,1505287.3320321324,0
CTSI.V,D,20240808,000000,0.118012,0.129539,0.116133,0.129538,722159.4429898316,0
CTSI.V,D,20240809,000000,0.129639,0.137425,0.128133,0.12954,3840187.438990512,0
CTSI.V,D,20240810,000000,0.12964,0.132925,0.127837,0.132825,1487653.7570385651,0
CTSI.V,D,20240811,000000,0.132725,0.135018,0.123114,0.124211,2202217.1499206894,0
CTSI.V,D,20240812,000000,0.123912,0.131425,0.122306,0.128413,1229749.2529593818,0
CTSI.V,D,20240813,000000,0.128313,0.130727,0.125024,0.130016,1467183.8742262095,0
CTSI.V,D,20240814,000000,0.130314,0.130314,0.123138,0.124411,1436117.146997802,0
CTSI.V,D,20240815,000000,0.124311,0.126297,0.117522,0.118021,1508633.8355279667,0
CTSI.V,D,20240816,000000,0.117922,0.121506,0.115922,0.118133,857743.7047055826,0
CTSI.V,D,20240817,000000,0.118183,0.127508,0.116628,0.124111,4388468.827559316,0
CTSI.V,D,20240818,000000,0.124111,0.125518,0.12241,0.124624,1986189.4209255956,0
CTSI.V,D,20240819,000000,0.124925,0.141138,0.122312,0.132329,23219692.043052755,0
CTSI.V,D,20240820,000000,0.132329,0.138354,0.131629,0.1339,4881192.461236903,0
CTSI.V,D,20240821,000000,0.134303,0.138536,0.132407,0.137612,1602127.3805436064,0
CTSI.V,D,20240822,000000,0.137612,0.140217,0.136927,0.138101,708149.94277726,0
CTSI.V,D,20240823,000000,0.138407,0.148118,0.137908,0.148018,2390475.961517499,0
CTSI.V,D,20240824,000000,0.148217,0.156147,0.144259,0.145349,7903614.051489044,0
CTSI.V,D,20240825,000000,0.146644,0.152459,0.14165,0.148552,5525899.867189728,0
CTSI.V,D,20240826,000000,0.148252,0.149615,0.137726,0.138725,1863159.5998028668,0
CTSI.V,D,20240827,000000,0.138525,0.141911,0.12799,0.130101,1841452.6420060385,0
CTSI.V,D,20240828,000000,0.130001,0.1331,0.12341,0.127111,2927158.8162122266,0
CTSI.V,D,20240829,000000,0.127111,0.136027,0.125411,0.129599,2390093.635286671,0
CTSI.V,D,20240830,000000,0.128896,0.131399,0.123373,0.127883,1486706.5640587383,0
CTSI.V,D,20240831,000000,0.128382,0.12977,0.123795,0.124976,919118.8948514482,0
CTSI.V,D,20240901,000000,0.125012,0.128677,0.121878,0.125279,3158864.823121537,0
CTSI.V,D,20240902,000000,0.124578,0.129277,0.120486,0.128379,1432461.307124442,0
CTSI.V,D,20240903,000000,0.128574,0.130491,0.122658,0.124065,1004109.2003773093,0
CTSI.V,D,20240904,000000,0.123865,0.1272,0.116469,0.125184,1166653.0686406349,0
CTSI.V,D,20240905,000000,0.125587,0.125987,0.120065,0.121056,1107216.6945777193,0
CTSI.V,D,20240906,000000,0.121356,0.123274,0.111242,0.114941,1132632.0464846762,0
CTSI.V,D,20240907,000000,0.115241,0.119788,0.114462,0.116787,844310.3775000426,0
CTSI.V,D,20240908,000000,0.116687,0.124189,0.115487,0.121688,2737805.650018124,0
CTSI.V,D,20240909,000000,0.122049,0.127817,0.121539,0.127223,940426.2375977255,0
CTSI.V,D,20240910,000000,0.127164,0.129887,0.124496,0.12769,730439.8825401408,0
CTSI.V,D,20240911,000000,0.127791,0.128994,0.122479,0.127211,894646.1874469173,0
CTSI.V,D,20240912,000000,0.127411,0.13109,0.126711,0.13049,2204170.503891617,0
CTSI.V,D,20240913,000000,0.13049,0.133091,0.129314,0.131553,1595489.7086504123,0
CTSI.V,D,20240914,000000,0.131553,0.131855,0.128544,0.130423,753134.5596321184,0
CTSI.V,D,20240915,000000,0.130325,0.132224,0.127114,0.1278,900674.3074589553,0
CTSI.V,D,20240916,000000,0.127801,0.127801,0.120176,0.120976,1219755.6799358965,0
CTSI.V,D,20240917,000000,0.121188,0.1295,0.120477,0.124711,2250593.012356421,0
CTSI.V,D,20240918,000000,0.124811,0.1273,0.120499,0.125805,1971831.3323158429,0
CTSI.V,D,20240919,000000,0.125763,0.137917,0.125704,0.134113,4102895.3443694133,0
CTSI.V,D,20240920,000000,0.133612,0.141303,0.132317,0.137511,3806655.9065239523,0
CTSI.V,D,20240921,000000,0.137512,0.140111,0.135699,0.137914,774293.2444339496,0
CTSI.V,D,20240922,000000,0.138114,0.140611,0.132799,0.1335,805923.3187771783,0
CTSI.V,D,20240923,000000,0.133187,0.145177,0.131707,0.139694,6138139.583918027,0
CTSI.V,D,20240924,000000,0.139694,0.145584,0.136574,0.143693,2947766.8053806755,0
CTSI.V,D,20240925,000000,0.143991,0.145696,0.141075,0.142076,2680980.947395865,0
CTSI.V,D,20240926,000000,0.142077,0.146799,0.137364,0.142714,3252786.585155767,0
CTSI.V,D,20240927,000000,0.143214,0.148813,0.142209,0.147827,2095167.3516812765,0
CTSI.V,D,20240928,000000,0.147927,0.148718,0.139714,0.140817,1365557.618542443,0
CTSI.V,D,20240929,000000,0.140972,0.145215,0.137569,0.144401,3031334.1998022045,0
CTSI.V,D,20240930,000000,0.144271,0.144958,0.136275,0.138456,1432241.5545949438,0
CTSI.V,D,20241001,000000,0.138357,0.139779,0.118867,0.122768,2010288.9947833614,0
CTSI.V,D,20241002,000000,0.122168,0.128872,0.116892,0.120569,1550396.4969414794,0
CTSI.V,D,20241003,000000,0.120268,0.123981,0.113269,0.116886,2405752.614799929,0
CTSI.V,D,20241004,000000,0.116586,0.123691,0.115881,0.122399,1965945.1762603456,0
CTSI.V,D,20241005,000000,0.122298,0.124294,0.118082,0.119982,465607.92168201547,0
CTSI.V,D,20241006,000000,0.1196,0.140276,0.1196,0.132278,15958177.444584513,0
CTSI.V,D,20241007,000000,0.132613,0.135273,0.129466,0.131059,2242848.501861399,0
CTSI.V,D,20241008,000000,0.130361,0.130959,0.12473,0.128707,1261068.747627533,0
CTSI.V,D,20241009,000000,0.128661,0.128661,0.122291,0.123988,1339755.2290486617,0
CTSI.V,D,20241010,000000,0.123997,0.126643,0.119745,0.121868,921327.8520444598,0
CTSI.V,D,20241011,000000,0.122667,0.130283,0.122168,0.129582,3467430.126809925,0
CTSI.V,D,20241012,000000,0.130083,0.134461,0.128843,0.133059,1424875.3265393444,0
CTSI.V,D,20241013,000000,0.13256,0.134357,0.125737,0.128447,1250086.9024618026,0
CTSI.V,D,20241014,000000,0.129334,0.136723,0.126647,0.134678,3240418.3950267513,0
CTSI.V,D,20241015,000000,0.13498,0.13696,0.127566,0.131666,2407398.8664173456,0
CTSI.V,D,20241016,000000,0.131467,0.133773,0.12536,0.127471,1827200.8916547792,0
CTSI.V,D,20241017,000000,0.127373,0.130265,0.123459,0.125156,1189740.9883583311,0
CTSI.V,D,20241018,000000,0.125455,0.128885,0.125455,0.126285,1672139.287428193,0
CTSI.V,D,20241019,000000,0.126584,0.131883,0.126285,0.13087,2770725.1866852543,0
CTSI.V,D,20241020,000000,0.130739,0.141373,0.127774,0.137455,12651269.65805305,0
CTSI.V,D,20241021,000000,0.137641,0.140854,0.132646,0.134545,6375649.358897515,0
CTSI.V,D,20241022,000000,0.134545,0.143098,0.129886,0.140499,6543529.990293363,0
CTSI.V,D,20241023,000000,0.140599,0.17037,0.134788,0.144345,126970140.0447445,0
CTSI.V,D,20241024,000000,0.144547,0.152812,0.139558,0.14261,25656864.861812796,0
CTSI.V,D,20241025,000000,0.142543,0.145414,0.133982,0.136753,9226275.329603571,0
CTSI.V,D,20241026,000000,0.136853,0.137153,0.121838,0.128332,3139519.8299837103,0
CTSI.V,D,20241027,000000,0.127832,0.128642,0.12544,0.127923,1704054.3130428258,0
CTSI.V,D,20241028,000000,0.12781,0.128085,0.119045,0.125612,9444545.480701247,0
CTSI.V,D,20241029,000000,0.125813,0.136764,0.124918,0.130456,9761619.907801941,0
CTSI.V,D,20241030,000000,0.130859,0.13165,0.127344,0.129357,2663969.567370168,0
CTSI.V,D,20241031,000000,0.129658,0.130456,0.122298,0.123838,2866648.524870532,0
CTSI.V,D,20241101,000000,0.124036,0.125412,0.119027,0.120518,3110999.138442304,0
CTSI.V,D,20241102,000000,0.120717,0.126662,0.118056,0.121066,4156502.2798033003,0
CTSI.V,D,20241103,000000,0.121066,0.121066,0.109363,0.114353,3624400.8174359296,0
CTSI.V,D,20241104,000000,0.114354,0.116726,0.108322,0.111413,2872940.381948133,0
CTSI.V,D,20241105,000000,0.111113,0.119845,0.11053,0.117285,3069954.638754446,0
CTSI.V,D,20241106,000000,0.117386,0.128577,0.116594,0.128477,5203307.319859982,0
CTSI.V,D,20241107,000000,0.128677,0.131564,0.125768,0.129265,4184720.169034074,0
CTSI.V,D,20241108,000000,0.129565,0.131483,0.124902,0.130485,3701783.88598597,0
CTSI.V,D,20241109,000000,0.130585,0.161348,0.128681,0.139742,54675962.479888365,0
CTSI.V,D,20241110,000000,0.139742,0.148991,0.13635,0.142879,16991802.347734053,0
CTSI.V,D,20241111,000000,0.142979,0.149661,0.139008,0.148269,13449075.356190702,0
CTSI.V,D,20241112,000000,0.148772,0.150836,0.133816,0.144294,14575489.6829518,0
CTSI.V,D,20241113,000000,0.144194,0.145046,0.130878,0.137351,6541262.761954686,0
CTSI.V,D,20241114,000000,0.137354,0.144553,0.131225,0.135116,7847667.281975772,0
CTSI.V,D,20241115,000000,0.135015,0.141364,0.128835,0.139942,3829841.8565608882,0
CTSI.V,D,20241116,000000,0.139942,0.154931,0.13934,0.14835,12820576.783136697,0
CTSI.V,D,20241117,000000,0.148152,0.157587,0.1442,0.145806,12464861.464582367,0
CTSI.V,D,20241118,000000,0.145106,0.163147,0.144906,0.162648,16329494.424718173,0
CTSI.V,D,20241119,000000,0.162947,0.162947,0.15041,0.151791,5599596.533569858,0
CTSI.V,D,20241120,000000,0.15179,0.155415,0.143734,0.147101,4754462.612185118,0
CTSI.V,D,20241121,000000,0.147201,0.162226,0.14092,0.158851,7005623.38128504,0
CTSI.V,D,20241122,000000,0.15935,0.162472,0.154634,0.161266,4197357.08991448,0
CTSI.V,D,20241123,000000,0.161568,0.181696,0.161566,0.179794,9282632.503351433,0
CTSI.V,D,20241124,000000,0.179794,0.195415,0.171396,0.192793,8104445.616724466,0
CTSI.V,D,20241125,000000,0.192692,0.196977,0.180259,0.186946,5012888.257989827,0
CTSI.V,D,20241126,000000,0.185857,0.195643,0.172852,0.181531,5056684.538969889,0
CTSI.V,D,20241127,000000,0.181633,0.195258,0.178413,0.193093,4844724.384834554,0
CTSI.V,D,20241128,000000,0.193293,0.19813,0.185935,0.19721,4468402.431905288,0
CTSI.V,D,20241129,000000,0.19751,0.202202,0.188817,0.201445,6103500.090003005,0
CTSI.V,D,20241130,000000,0.201547,0.218283,0.196475,0.213785,9639471.13304227,0
CTSI.V,D,20241201,000000,0.213886,0.215666,0.205607,0.211108,3439153.297502295,0
CTSI.V,D,20241202,000000,0.211308,0.213662,0.195859,0.213175,5315589.4408596475,0
CTSI.V,D,20241203,000000,0.212777,0.23206,0.199896,0.231455,9340932.931088138,0
CTSI.V,D,20241204,000000,0.231951,0.248126,0.228453,0.243128,7465656.915345999,0
CTSI.V,D,20241205,000000,0.243128,0.248569,0.227111,0.235526,4781568.114766518,0
CTSI.V,D,20241206,000000,0.233862,0.24902,0.23166,0.246049,5385072.274286702,0
CTSI.V,D,20241207,000000,0.245849,0.249226,0.236401,0.237066,4283061.280057001,0
CTSI.V,D,20241208,000000,0.236866,0.241435,0.229515,0.241435,3473905.7006494333,0
CTSI.V,D,20241209,000000,0.240835,0.241633,0.177789,0.192358,6286340.404348614,0
CTSI.V,D,20241210,000000,0.192258,0.197651,0.16902,0.187992,7464151.521130412,0
CTSI.V,D,20241211,000000,0.187894,0.209036,0.18099,0.207904,5951543.4866228,0
CTSI.V,D,20241212,000000,0.207704,0.220393,0.204437,0.215947,5081576.073951364,0
CTSI.V,D,20241213,000000,0.21595,0.218033,0.205808,0.206837,3793886.5654977504,0
CTSI.V,D,20241214,000000,0.206539,0.212719,0.194486,0.198682,3427686.789678538,0
CTSI.V,D,20241215,000000,0.198782,0.207298,0.192362,0.199582,2935626.8275692915,0
CTSI.V,D,20241216,000000,0.200264,0.210746,0.193221,0.201054,3811535.959510082,0
CTSI.V,D,20241217,000000,0.201156,0.201955,0.184991,0.186281,2856148.3330387967,0
CTSI.V,D,20241218,000000,0.185183,0.187311,0.166545,0.167531,3804719.154356513,0
CTSI.V,D,20241219,000000,0.167633,0.171006,0.147782,0.157158,2723909.1280839616,0
CTSI.V,D,20241220,000000,0.156857,0.160987,0.133579,0.158292,3261993.6256509535,0
CTSI.V,D,20241221,000000,0.157596,0.167116,0.147829,0.149011,1459627.1836400658,0
CTSI.V,D,20241222,000000,0.148911,0.154493,0.145048,0.149622,1042956.8863723599,0
CTSI.V,D,20241223,000000,0.149821,0.161871,0.145782,0.161285,1328319.4593918424,0
CTSI.V,D,20241224,000000,0.161583,0.170055,0.155871,0.166973,1122276.1194593792,0
CTSI.V,D,20241225,000000,0.167488,0.169644,0.163954,0.165453,1201293.3529664355,0
CTSI.V,D,20241226,000000,0.165553,0.167859,0.153569,0.155533,1704897.8305363995,0
CTSI.V,D,20241227,000000,0.154828,0.163608,0.152354,0.155872,1066380.30211876,0
CTSI.V,D,20241228,000000,0.155974,0.172498,0.155173,0.168782,3406165.0603875173,0
CTSI.V,D,20241229,000000,0.168582,0.169212,0.157787,0.15849,1464254.34393368,0
CTSI.V,D,20241230,000000,0.158392,0.163742,0.151112,0.157215,1724788.2500211927,0
CTSI.V,D,20241231,000000,0.156614,0.160874,0.152015,0.152215,1973989.4535732823,0
CTSI.V,D,20250101,000000,0.152414,0.15788,0.148708,0.157771,1665191.684964261,0
CTSI.V,D,20250102,000000,0.157372,0.164852,0.156769,0.161435,932282.2230236707,0
CTSI.V,D,20250103,000000,0.161434,0.173136,0.160665,0.172533,907534.138369057,0
CTSI.V,D,20250104,000000,0.172522,0.175247,0.170371,0.172071,2268005.9301838726,0
CTSI.V,D,20250105,000000,0.171766,0.17526,0.170168,0.174956,1109555.5856486105,0
CTSI.V,D,20250106,000000,0.175056,0.1789,0.171064,0.17405,1655402.609003936,0
CTSI.V,D,20250107,000000,0.17345,0.175467,0.154947,0.156477,1520181.8980089144,0
CTSI.V,D,20250108,000000,0.155978,0.157072,0.140627,0.148454,1230071.589642626,0
CTSI.V,D,20250109,000000,0.148059,0.15085,0.140873,0.144291,1070702.1682748836,0
CTSI.V,D,20250110,000000,0.144091,0.149576,0.142984,0.147268,581167.7634587835,0
CTSI.V,D,20250111,000000,0.147268,0.148667,0.142489,0.145532,431708.41325221193,0
CTSI.V,D,20250112,000000,0.14593,0.146228,0.141027,0.141515,544501.2334833737,0
CTSI.V,D,20250113,000000,0.141715,0.146206,0.128734,0.139441,1325657.7327066527,0
CTSI.V,D,20250114,000000,0.139241,0.145442,0.138038,0.145442,637246.433179135,0
CTSI.V,D,20250115,000000,0.145139,0.151947,0.140024,0.151508,1618249.3355873602,0
CTSI.V,D,20250116,000000,0.151805,0.153469,0.145953,0.14847,1716205.2003249673,0
CTSI.V,D,20250117,000000,0.149072,0.162066,0.148069,0.161952,1693059.1579619916,0
CTSI.V,D,20250118,000000,0.161752,0.163954,0.148102,0.149264,2542812.439097935,0
CTSI.V,D,20250119,000000,0.149364,0.15443,0.13658,0.138151,2161876.648380438,0
CTSI.V,D,20250120,000000,0.139054,0.148154,0.131403,0.13582,3730322.69905654,0
CTSI.V,D,20250121,000000,0.135343,0.143791,0.129051,0.141621,941008.1235991376,0
CTSI.V,D,20250122,000000,0.140635,0.142671,0.137768,0.137768,693889.3895238552,0
CTSI.V,D,20250123,000000,0.137668,0.139945,0.132438,0.136829,899927.7089133585,0
CTSI.V,D,20250124,000000,0.136431,0.140596,0.132285,0.133407,641698.1425086919,0
CTSI.V,D,20250125,000000,0.133408,0.136271,0.131493,0.135576,409452.3540071485,0
CTSI.V,D,20250126,000000,0.135374,0.140473,0.134476,0.137478,690146.1398740947,0
CTSI.V,D,20250127,000000,0.137479,0.137479,0.121643,0.134066,3212397.736233604,0
CTSI.V,D,20250128,000000,0.133568,0.134889,0.123436,0.124819,761223.0501814298,0
CTSI.V,D,20250129,000000,0.124518,0.131696,0.123131,0.128096,2584331.748099531,0
CTSI.V,D,20250130,000000,0.128097,0.137022,0.125597,0.136412,995807.9336342405,0
CTSI.V,D,20250131,000000,0.136508,0.138817,0.132491,0.13318,1314681.7184285643,0
CTSI.V,D,20250201,000000,0.133263,0.136266,0.12377,0.12377,794177.0389726706,0
CTSI.V,D,20250202,000000,0.12377,0.126177,0.104505,0.106868,2208143.1129271807,0
CTSI.V,D,20250203,000000,0.107668,0.110731,0.0874035,0.11031,6952990.809295967,0
CTSI.V,D,20250204,000000,0.110025,0.110911,0.0977791,0.1012506,1907099.8111611323,0
CTSI.V,D,20250205,000000,0.1013496,0.105738,0.100011,0.100508,883462.1265242004,0
CTSI.V,D,20250206,000000,0.100507,0.104023,0.0960221,0.0981069,1070951.846293279,0
CTSI.V,D,20250207,000000,0.0978068,0.105231,0.0964067,0.0972058,4116734.451223487,0
CTSI.V,D,20250208,000000,0.0976039,0.107109,0.0976039,0.105708,1332569.8542254565,0
CTSI.V,D,20250209,000000,0.105711,0.110421,0.10101,0.105115,1309262.5059530623,0
CTSI.V,D,20250210,000000,0.105312,0.110012,0.102519,0.109116,1171355.8736309211,0
CTSI.V,D,20250211,000000,0.108919,0.116714,0.107485,0.108087,1364016.4036465194,0
CTSI.V,D,20250212,000000,0.108687,0.118299,0.106196,0.116607,2400610.3301864043,0
CTSI.V,D,20250213,000000,0.116507,0.116813,0.110203,0.112702,896666.1361940101,0
CTSI.V,D,20250214,000000,0.11271,0.118234,0.112209,0.11502,1224548.0708446235,0
CTSI.V,D,20250215,000000,0.116116,0.117708,0.11231,0.11231,849476.6675871069,0
