<TICKER>,<PER>,<DATE>,<TIME>,<OPEN>,<HIGH>,<LOW>,<CLOSE>,<VOL>,<OPENINT>
DGB.V,D,20220514,000000,0.0125673,0.0128008,0.0111277,0.0125724,61324797.581533,0
DGB.V,D,20220515,000000,0.0125923,0.013354,0.0123028,0.013354,27857894.547318,0
DGB.V,D,20220516,000000,0.0133526,0.0137848,0.0118222,0.0121542,49848544.590113,0
DGB.V,D,20220517,000000,0.0122141,0.0132741,0.0117723,0.0129731,21896564.202599,0
DGB.V,D,20220518,000000,0.0130031,0.0133926,0.0113452,0.0114251,27581320.42725,0
DGB.V,D,20220519,000000,0.011424,0.0124088,0.0109358,0.0122477,20227144.79945,0
DGB.V,D,20220520,000000,0.012209,0.0129058,0.0112454,0.0114662,26061875.210049,0
DGB.V,D,20220521,000000,0.0114851,0.0125537,0.0113164,0.0120843,33603866.928626,0
DGB.V,D,20220522,000000,0.0120431,0.0129644,0.0120132,0.0126648,28157165.273689,0
DGB.V,D,20220523,000000,0.0127147,0.0134665,0.0123252,0.012515,26409679.070901,0
DGB.V,D,20220524,000000,0.0124351,0.0126661,0.0115673,0.0121841,26314454.833569,0
DGB.V,D,20220525,000000,0.0121742,0.0125649,0.011817,0.0121953,30612255.866954,0
DGB.V,D,20220526,000000,0.0122265,0.0122265,0.0106971,0.0113586,36295524.969557,0
DGB.V,D,20220527,000000,0.0113475,0.0114186,0.0105994,0.010969,23317753.533123,0
DGB.V,D,20220528,000000,0.0109175,0.0112565,0.0107084,0.0110172,33248214.019094,0
DGB.V,D,20220529,000000,0.0110069,0.0118569,0.0107292,0.0118379,31153110.24405,0
DGB.V,D,20220530,000000,0.0118468,0.012791,0.011787,0.0126599,25134671.507641,0
DGB.V,D,20220531,000000,0.0126499,0.0129496,0.0121303,0.0126798,21473224.225381,0
DGB.V,D,20220601,000000,0.0127001,0.0129608,0.0111888,0.0112399,25711456.934179,0
DGB.V,D,20220602,000000,0.0112203,0.0115896,0.0110201,0.0112499,33538752.197462,0
DGB.V,D,20220603,000000,0.0112499,0.0114814,0.0105716,0.0110205,24765364.05197,0
DGB.V,D,20220604,000000,0.0110105,0.0113308,0.010569,0.0110516,138577165.15136,0
DGB.V,D,20220605,000000,0.0110718,0.0114508,0.0108625,0.0113293,166949709.46179,0
DGB.V,D,20220606,000000,0.0113193,0.0121002,0.0111494,0.0116502,355415425.71998,0
DGB.V,D,20220607,000000,0.0116502,0.0135678,0.0107908,0.0127196,321884974.39082,0
DGB.V,D,20220608,000000,0.0127194,0.0129603,0.0116717,0.0120522,194917071.5565,0
DGB.V,D,20220609,000000,0.0120322,0.0128901,0.0117213,0.0121898,172071424.32076,0
DGB.V,D,20220610,000000,0.0121696,0.012439,0.0112281,0.0116652,368269651.20218,0
DGB.V,D,20220611,000000,0.011665,0.0118672,0.0102182,0.0105179,112755413.24887,0
DGB.V,D,20220612,000000,0.010518,0.0108654,0.0096782,0.0102074,55709181.977905,0
DGB.V,D,20220613,000000,0.0101775,0.0102275,0.0086143,0.009337,478954071.82326,0
DGB.V,D,20220614,000000,0.0093471,0.0102346,0.008647,0.0090791,883217424.30541,0
DGB.V,D,20220615,000000,0.0090691,0.0097773,0.0085654,0.0097154,517910312.51263,0
DGB.V,D,20220616,000000,0.0097154,0.00985914,0.00901916,0.00917805,285525168.32327,0
DGB.V,D,20220617,000000,0.00893756,0.0095275,0.00884777,0.00922891,233301395.74852,0
DGB.V,D,20220618,000000,0.00922891,0.00942886,0.00800813,0.00868591,693626600.36942,0
DGB.V,D,20220619,000000,0.00867592,0.00964841,0.00852634,0.00946768,162159666.18755,0
DGB.V,D,20220620,000000,0.00946862,0.00980019,0.0089883,0.00949954,128468233.30425,0
DGB.V,D,20220621,000000,0.00952855,0.01056942,0.00938872,0.0100789,76994000.954004,0
DGB.V,D,20220622,000000,0.01012986,0.01036962,0.0093906,0.00951048,74244576.372286,0
DGB.V,D,20220623,000000,0.00956043,0.01037961,0.0093906,0.01020978,55208577.758356,0
DGB.V,D,20220624,000000,0.01022976,0.01136113,0.0101898,0.01131117,300741706.83422,0
DGB.V,D,20220625,000000,0.01130868,0.01137203,0.01037284,0.01133206,187136144.09417,0
DGB.V,D,20220626,000000,0.01133206,0.01146209,0.01053368,0.01078342,135781616.25838,0
DGB.V,D,20220627,000000,0.01078342,0.01078342,0.0099908,0.01013108,39481670.238437,0
DGB.V,D,20220628,000000,0.01019102,0.01035005,0.00942029,0.00944836,56988488.742734,0
DGB.V,D,20220629,000000,0.00945816,0.00949878,0.00893604,0.00935876,150058892.63376,0
DGB.V,D,20220630,000000,0.00937873,0.0094086,0.00857935,0.00903914,92894642.503439,0
DGB.V,D,20220701,000000,0.00903914,0.00945054,0.00879855,0.00913902,219316455.56611,0
DGB.V,D,20220702,000000,0.0091699,0.00927978,0.00891019,0.00924889,272026810.6489,0
DGB.V,D,20220703,000000,0.00924889,0.00948765,0.00888843,0.00931787,126897561.24467,0
DGB.V,D,20220704,000000,0.00931787,0.00958848,0.00903824,0.00946862,29413897.290758,0
DGB.V,D,20220705,000000,0.00945864,0.00967934,0.00904913,0.00950953,34580742.718749,0
DGB.V,D,20220706,000000,0.00951856,0.00986913,0.00920986,0.00963939,44278319.178449,0
DGB.V,D,20220707,000000,0.00964841,0.01064361,0.00964841,0.01042374,44695510.332561,0
DGB.V,D,20220708,000000,0.01037377,0.01084349,0.0101639,0.01057365,55760665.224202,0
DGB.V,D,20220709,000000,0.01059364,0.01093344,0.01033276,0.01085348,34023361.937304,0
DGB.V,D,20220710,000000,0.01085348,0.01091345,0.00997401,0.01014391,19290686.955272,0
DGB.V,D,20220711,000000,0.01014513,0.01018389,0.00931161,0.00934159,47119587.497761,0
DGB.V,D,20220712,000000,0.00934159,0.00935064,0.00894105,0.00894105,141273190.91305,0
DGB.V,D,20220713,000000,0.00894141,0.00920079,0.0084407,0.0089919,775718212.35259,0
DGB.V,D,20220714,000000,0.0089919,0.00940435,0.00885291,0.00923446,580698684.19131,0
DGB.V,D,20220715,000000,0.00923446,0.01042687,0.00922354,0.01042687,775916093.81295,0
DGB.V,D,20220716,000000,0.01041687,0.01172648,0.00993602,0.010157,2502651338.2893,0
DGB.V,D,20220717,000000,0.010158,0.0106076,0.0099681,0.0101273,875874905.79588,0
DGB.V,D,20220718,000000,0.0101273,0.011069,0.0099767,0.0106376,958321669.49531,0
DGB.V,D,20220719,000000,0.0106376,0.01159,0.0106374,0.0115518,508898629.39218,0
DGB.V,D,20220720,000000,0.01152,0.0120616,0.0107505,0.0110306,590204568.99789,0
DGB.V,D,20220721,000000,0.0110306,0.011152,0.0105305,0.0110827,664071708.258,0
DGB.V,D,20220722,000000,0.0111227,0.0116834,0.0106314,0.0106523,885067982.20404,0
DGB.V,D,20220723,000000,0.01067,0.0109924,0.0104014,0.010642,755310436.66461,0
DGB.V,D,20220724,000000,0.0106211,0.0109491,0.0105707,0.010742,578263856.86406,0
DGB.V,D,20220725,000000,0.0107521,0.0109909,0.0101916,0.0104508,1001814370.8458,0
DGB.V,D,20220726,000000,0.0104508,0.010461,0.0095604,0.0099015,894023445.41557,0
DGB.V,D,20220727,000000,0.0099,0.0105527,0.0098407,0.0105124,625812072.92074,0
DGB.V,D,20220728,000000,0.0105325,0.0112637,0.0104617,0.0111222,651776574.63833,0
DGB.V,D,20220729,000000,0.0110929,0.0118141,0.0110829,0.0113046,892833150.92306,0
DGB.V,D,20220730,000000,0.0113046,0.0120542,0.0111644,0.0115838,717708613.86033,0
DGB.V,D,20220731,000000,0.0115939,0.0132727,0.0112531,0.0127529,1141853456.0595,0
DGB.V,D,20220801,000000,0.0125538,0.012555,0.0112821,0.0113532,885170052.71482,0
DGB.V,D,20220802,000000,0.0114534,0.0115443,0.0107731,0.0112519,657528095.5415,0
DGB.V,D,20220803,000000,0.0112521,0.0116129,0.0108729,0.0114929,983696937.56475,0
DGB.V,D,20220804,000000,0.0114626,0.0119511,0.0110823,0.0116904,753783763.86446,0
DGB.V,D,20220805,000000,0.0116704,0.0127117,0.0115703,0.0125924,1160243471.5185,0
DGB.V,D,20220806,000000,0.0125924,0.0126304,0.012252,0.0126229,814200530.21492,0
DGB.V,D,20220807,000000,0.0126128,0.0128632,0.0121915,0.0124722,907346532.85419,0
DGB.V,D,20220808,000000,0.0124724,0.0127518,0.0122415,0.0125816,557259841.06343,0
DGB.V,D,20220809,000000,0.0125915,0.0168329,0.0123721,0.0130826,3706906213.0047,0
DGB.V,D,20220810,000000,0.0130726,0.0131034,0.0122024,0.0128737,1342815171.8055,0
DGB.V,D,20220811,000000,0.0128639,0.013246,0.0128337,0.0131362,744372532.99436,0
DGB.V,D,20220812,000000,0.0131362,0.0138469,0.0126763,0.0133862,673180989.53169,0
DGB.V,D,20220813,000000,0.0133862,0.0135681,0.0131658,0.0133552,679576067.4967,0
DGB.V,D,20220814,000000,0.0133852,0.0139038,0.0129734,0.0134342,698731277.99693,0
DGB.V,D,20220815,000000,0.0134342,0.0135637,0.012412,0.0126129,741999546.17917,0
DGB.V,D,20220816,000000,0.0126232,0.0130417,0.0124017,0.0126311,670246752.63964,0
DGB.V,D,20220817,000000,0.0126311,0.013111,0.0117109,0.0117109,615211499.73584,0
DGB.V,D,20220818,000000,0.0117508,0.0122602,0.0117311,0.0120704,468682947.79579,0
DGB.V,D,20220819,000000,0.0120712,0.0121112,0.01044,0.0105311,688086602.23625,0
DGB.V,D,20220820,000000,0.0105305,0.0134909,0.0102092,0.0104099,1400074883.2708,0
DGB.V,D,20220821,000000,0.0103198,0.0108797,0.0103095,0.0108398,460317321.20434,0
DGB.V,D,20220822,000000,0.0108498,0.0129995,0.010159,0.0106482,1679052011.6154,0
DGB.V,D,20220823,000000,0.0106481,0.0111684,0.0105097,0.0110002,851484740.06053,0
DGB.V,D,20220824,000000,0.0109989,0.0112207,0.0108392,0.011161,615887008.1365,0
DGB.V,D,20220825,000000,0.0111509,0.0115798,0.0108505,0.0112303,898788155.34617,0
DGB.V,D,20220826,000000,0.0112303,0.0112603,0.0102791,0.010321,660974562.6729,0
DGB.V,D,20220827,000000,0.0103709,0.0103809,0.0098804,0.0099803,643961561.21592,0
DGB.V,D,20220828,000000,0.0099803,0.0102703,0.0099588,0.01022,665939026.27431,0
DGB.V,D,20220829,000000,0.01022,0.0104011,0.009769,0.0103206,613024344.29819,0
DGB.V,D,20220830,000000,0.010311,0.0115798,0.0098801,0.0101908,1626899683.533,0
DGB.V,D,20220831,000000,0.0102008,0.0109099,0.0101307,0.0107499,827771917.1743,0
DGB.V,D,20220901,000000,0.0107498,0.0107703,0.0101397,0.0104895,840958666.79083,0
DGB.V,D,20220902,000000,0.0104895,0.0106305,0.0103016,0.0103115,754617890.23878,0
DGB.V,D,20220903,000000,0.0103116,0.0105111,0.0103115,0.01039,593646497.80199,0
DGB.V,D,20220904,000000,0.01039,0.0106911,0.01022,0.01057,584530766.47722,0
DGB.V,D,20220905,000000,0.01063,0.0107811,0.01032,0.010381,606861244.43093,0
DGB.V,D,20220906,000000,0.010371,0.0106511,0.0094991,0.00962,632786431.24152,0
DGB.V,D,20220907,000000,0.00962,0.0099407,0.0092794,0.0099207,770330562.8068,0
DGB.V,D,20220908,000000,0.0099307,0.0100418,0.0097101,0.0100315,817387628.47547,0
DGB.V,D,20220909,000000,0.01003,0.010813,0.009991,0.0106236,791445728.96643,0
DGB.V,D,20220910,000000,0.0106238,0.0108655,0.0105535,0.010712,585676152.20828,0
DGB.V,D,20220911,000000,0.0106621,0.0109735,0.0106528,0.0107827,765759258.13067,0
DGB.V,D,20220912,000000,0.0107927,0.0111622,0.0105522,0.010922,734540484.78232,0
DGB.V,D,20220913,000000,0.0109233,0.0110922,0.0099501,0.0099702,810072348.77566,0
DGB.V,D,20220914,000000,0.009971,0.0100814,0.00978,0.0100125,583131637.53383,0
DGB.V,D,20220915,000000,0.0100125,0.0101527,0.0096576,0.0097191,889141905.27103,0
DGB.V,D,20220916,000000,0.0097194,0.00978,0.009519,0.00969903,499494401.22246,0
DGB.V,D,20220917,000000,0.00971,0.010031,0.00970903,0.009981,720583062.76314,0
DGB.V,D,20220918,000000,0.00998,0.010031,0.00908909,0.00916,874407113.30256,0
DGB.V,D,20220919,000000,0.00916,0.00941188,0.00891911,0.00940188,699868046.57968,0
DGB.V,D,20220920,000000,0.00940094,0.0094819,0.00917,0.00922092,638433635.62563,0
DGB.V,D,20220921,000000,0.00921018,0.00959096,0.00886,0.00886,578907102.97154,0
DGB.V,D,20220922,000000,0.00886,0.00949,0.00883,0.00948,605611151.62128,0
DGB.V,D,20220923,000000,0.00946095,0.00979,0.00917908,0.00939,591780004.8159,0
DGB.V,D,20220924,000000,0.00952933,0.00964,0.00943953,0.00952076,666260736.78388,0
DGB.V,D,20220925,000000,0.00952,0.00953057,0.00922972,0.00923,482475538.93498,0
DGB.V,D,20220926,000000,0.00923,0.00927093,0.00899,0.00921,483256680.99963,0
DGB.V,D,20220927,000000,0.00921,0.01006,0.00916908,0.00935906,823317591.9983,0
DGB.V,D,20220928,000000,0.00935906,0.00955,0.0090491,0.00954,473416156.02962,0
DGB.V,D,20220929,000000,0.00954,0.00955,0.00924907,0.00945095,555859546.80294,0
DGB.V,D,20220930,000000,0.00946,0.00964096,0.00938,0.00949,644895049.85305,0
DGB.V,D,20221001,000000,0.00949,0.00956096,0.00938,0.00942,633614998.24103,0
DGB.V,D,20221002,000000,0.00942,0.00950095,0.00917,0.00939,675756951.46925,0
DGB.V,D,20221003,000000,0.00939094,0.00950095,0.00912,0.00947095,742051005.86631,0
DGB.V,D,20221004,000000,0.00947095,0.00978293,0.00947095,0.00978293,951410376.52878,0
DGB.V,D,20221005,000000,0.00978293,0.00978293,0.00936,0.0095119,653168988.29445,0
DGB.V,D,20221006,000000,0.0095119,0.00967145,0.00946066,0.00948161,503652421.50003,0
DGB.V,D,20221007,000000,0.00948171,0.00952181,0.00924009,0.00929139,718267561.87233,0
DGB.V,D,20221008,000000,0.00929093,0.00940179,0.00920202,0.00920239,450646984.70082,0
DGB.V,D,20221009,000000,0.00932242,0.00933187,0.0092,0.00922184,535469832.7512,0
DGB.V,D,20221010,000000,0.00922184,0.00923185,0.009,0.00914908,520267041.16671,0
DGB.V,D,20221011,000000,0.00915,0.00915,0.00869913,0.0088492,782160848.91669,0
DGB.V,D,20221012,000000,0.00884912,0.00894982,0.00877921,0.00881026,421086698.56097,0
DGB.V,D,20221013,000000,0.00881026,0.00885991,0.00789953,0.0087307,696756662.10148,0
DGB.V,D,20221014,000000,0.0087307,0.0089208,0.00849059,0.00852026,566728088.29896,0
DGB.V,D,20221015,000000,0.00852034,0.00878061,0.00837067,0.00876044,761697997.37524,0
DGB.V,D,20221016,000000,0.00876,0.0088107,0.00861052,0.00876044,740457025.39979,0
DGB.V,D,20221017,000000,0.00876044,0.00891009,0.00864043,0.00890018,688235028.08313,0
DGB.V,D,20221018,000000,0.0089,0.00904072,0.00868043,0.00877053,875999038.37449,0
DGB.V,D,20221019,000000,0.00875044,0.00881026,0.00860974,0.00866,535952732.80379,0
DGB.V,D,20221020,000000,0.00866,0.00866026,0.00834917,0.00835916,720466905.50814,0
DGB.V,D,20221021,000000,0.00835941,0.00849068,0.00807927,0.00844068,803776416.17883,0
DGB.V,D,20221022,000000,0.00846059,0.00849068,0.00838008,0.00841067,689032598.94455,0
DGB.V,D,20221023,000000,0.00841076,0.0085612,0.0083595,0.00854102,791287765.29281,0
DGB.V,D,20221024,000000,0.00854102,0.00867061,0.00835033,0.00841042,893452735.00172,0
DGB.V,D,20221025,000000,0.00840034,0.00875236,0.00838017,0.00866303,1004756776.7521,0
DGB.V,D,20221026,000000,0.00864302,0.00888266,0.00860181,0.00881247,935743468.94733,0
DGB.V,D,20221027,000000,0.00881247,0.00908218,0.00867026,0.00875061,1042013278.7816,0
DGB.V,D,20221028,000000,0.00875053,0.00912219,0.00865,0.009102,870000716.38747,0
DGB.V,D,20221029,000000,0.00910164,0.00936431,0.00899171,0.00931223,802066347.01353,0
DGB.V,D,20221030,000000,0.00930223,0.00943245,0.00902153,0.00902189,804644829.37861,0
DGB.V,D,20221031,000000,0.0090118,0.00928,0.00894884,0.00894928,848877866.88778,0
DGB.V,D,20221101,000000,0.00895946,0.009089,0.00879806,0.00880903,550329643.59569,0
DGB.V,D,20221102,000000,0.00880912,0.00889875,0.00850991,0.00859948,822228988.4432,0
DGB.V,D,20221103,000000,0.00859957,0.00912991,0.00859948,0.00900991,825531418.95935,0
DGB.V,D,20221104,000000,0.00900991,0.01093087,0.00898973,0.0100308,1164944458.6613,0
DGB.V,D,20221105,000000,0.0100308,0.01027134,0.00988049,0.00988059,839266809.1611667,0
DGB.V,D,20221106,000000,0.0098804,0.0100304,0.00947076,0.00948066,795806012.2625251,0
DGB.V,D,20221107,000000,0.00948076,0.00949085,0.00900081,0.00901117,616768459.8094915,0
DGB.V,D,20221108,000000,0.0090127,0.00918459,0.00703914,0.00764286,999950132.5328422,0
DGB.V,D,20221109,000000,0.00764286,0.00789597,0.00621276,0.00647616,845015570.8092762,0
DGB.V,D,20221110,000000,0.00652336,0.008244,0.00639203,0.00763664,764459159.1706982,0
DGB.V,D,20221111,000000,0.00763268,0.0086002,0.00680952,0.00712783,676389374.333712,0
DGB.V,D,20221112,000000,0.00709496,0.00740843,0.00688758,0.00690754,462387398.64882195,0
DGB.V,D,20221113,000000,0.0068776,0.00705223,0.00658671,0.00674055,618888763.5759119,0
DGB.V,D,20221114,000000,0.0067419,0.00683179,0.0062606,0.00668995,640150317.5263168,0
DGB.V,D,20221115,000000,0.00668961,0.00720423,0.00668961,0.00704295,556854068.3852463,0
DGB.V,D,20221116,000000,0.00702142,0.00711452,0.00673259,0.0068038,632876808.1814879,0
DGB.V,D,20221117,000000,0.0068038,0.00696505,0.00680333,0.00686464,603241139.553124,0
DGB.V,D,20221118,000000,0.00686464,0.00715434,0.00680224,0.00689207,592443991.8569694,0
DGB.V,D,20221119,000000,0.00689207,0.00712237,0.00685136,0.00707257,552565096.3174487,0
DGB.V,D,20221120,000000,0.00707264,0.007132,0.00662977,0.00662991,482238357.2680835,0
DGB.V,D,20221121,000000,0.00662991,0.00670181,0.00644966,0.0065721,694403154.5770789,0
DGB.V,D,20221122,000000,0.0065721,0.00675283,0.00647164,0.00672186,593546168.6218686,0
DGB.V,D,20221123,000000,0.00670134,0.00739156,0.00670094,0.00728205,475449962.8411558,0
DGB.V,D,20221124,000000,0.00728205,0.00744255,0.00710339,0.00724391,311272219.6393249,0
DGB.V,D,20221125,000000,0.00724384,0.00778416,0.00717426,0.00752571,281257030.88689876,0
DGB.V,D,20221126,000000,0.00752571,0.00759544,0.00732472,0.00732568,195068535.91394594,0
DGB.V,D,20221127,000000,0.00732575,0.00775488,0.00732568,0.00766517,151206556.60405445,0
DGB.V,D,20221128,000000,0.00766509,0.00766616,0.00712636,0.00722718,302564062.8482228,0
DGB.V,D,20221129,000000,0.00722718,0.00759757,0.00717663,0.00735728,135141495.95306438,0
DGB.V,D,20221130,000000,0.00735728,0.00765168,0.0073375,0.00760038,201562471.34516546,0
DGB.V,D,20221201,000000,0.00760023,0.00773077,0.0075603,0.00767046,206139575.6140659,0
DGB.V,D,20221202,000000,0.00767046,0.0078107,0.00761053,0.00777047,223574322.52296725,0
DGB.V,D,20221203,000000,0.00777047,0.00790079,0.00766153,0.00770154,332846243.0520714,0
DGB.V,D,20221204,000000,0.00770077,0.00779156,0.00755076,0.00765076,355296717.2144434,0
DGB.V,D,20221205,000000,0.00765153,0.00783157,0.0074897,0.00750022,295466959.68102103,0
DGB.V,D,20221206,000000,0.00750075,0.00777078,0.00750015,0.00756985,225746764.5183063,0
DGB.V,D,20221207,000000,0.00757,0.00763,0.00722029,0.00733007,215973319.2608931,0
DGB.V,D,20221208,000000,0.00732022,0.00742156,0.00725956,0.00742052,193741416.40524164,0
DGB.V,D,20221209,000000,0.00742074,0.00758045,0.00740985,0.00752023,250595811.36990657,0
DGB.V,D,20221210,000000,0.00752023,0.00787,0.0075097,0.00760985,373428366.7477435,0
DGB.V,D,20221211,000000,0.00763,0.00795008,0.00762985,0.00776078,333605684.15719426,0
DGB.V,D,20221212,000000,0.00776155,0.00777093,0.00742074,0.0077707,219642123.3251352,0
DGB.V,D,20221213,000000,0.00777054,0.01015233,0.00769108,0.00802799,1144004428.937825,0
DGB.V,D,20221214,000000,0.00802807,0.01076065,0.00794833,0.00958067,1760732840.824932,0
DGB.V,D,20221215,000000,0.00960067,0.00962096,0.00860086,0.00865086,659017304.2279916,0
DGB.V,D,20221216,000000,0.00865173,0.00916092,0.00784078,0.0079508,527136404.8283586,0
DGB.V,D,20221217,000000,0.0079508,0.00860095,0.00776078,0.00838109,424857736.2724621,0
DGB.V,D,20221218,000000,0.00836117,0.00836117,0.00819016,0.00819106,95680046.80936494,0
DGB.V,D,20221219,000000,0.00818131,0.00862,0.00773023,0.00782,237537690.14255896,0
DGB.V,D,20221220,000000,0.00781992,0.00853009,0.00781992,0.00830033,314232571.1532896,0
DGB.V,D,20221221,000000,0.00831042,0.00835017,0.00804992,0.00812032,247401204.8407203,0
DGB.V,D,20221222,000000,0.00813041,0.00817016,0.00786913,0.00811862,317786027.1169837,0
DGB.V,D,20221223,000000,0.00811862,0.0081391,0.00789913,0.00792921,320649575.78560394,0
DGB.V,D,20221224,000000,0.00792913,0.00799936,0.00779945,0.00779945,206275813.89562246,0
DGB.V,D,20221225,000000,0.00780945,0.00784874,0.00754917,0.00758901,271580631.8540593,0
DGB.V,D,20221226,000000,0.00758909,0.00767869,0.00755826,0.00767846,213198692.75559303,0
DGB.V,D,20221227,000000,0.00767854,0.00771869,0.00741688,0.00749707,226977778.16121835,0
DGB.V,D,20221228,000000,0.00749707,0.00773667,0.00743769,0.0075859,360858307.1474774,0
DGB.V,D,20221229,000000,0.00758598,0.00770615,0.00749677,0.00757651,238117507.5274836,0
DGB.V,D,20221230,000000,0.00757666,0.00768669,0.00757644,0.00765617,236784218.48126504,0
DGB.V,D,20221231,000000,0.00765609,0.00779633,0.00765609,0.00774613,210155994.31540442,0
DGB.V,D,20230101,000000,0.00769615,0.00787645,0.00766593,0.0078663,212385460.46949098,0
DGB.V,D,20230102,000000,0.0078663,0.00798688,0.00774659,0.00793746,316618854.31721944,0
DGB.V,D,20230103,000000,0.00793738,0.0080076,0.00777681,0.00778696,345902683.69491947,0
DGB.V,D,20230104,000000,0.00778696,0.00802719,0.00778673,0.00795737,174463010.01726854,0
DGB.V,D,20230105,000000,0.00796729,0.00811756,0.00796729,0.0080471,231881908.72122958,0
DGB.V,D,20230106,000000,0.00804718,0.00819779,0.00788605,0.00819746,319643844.56474024,0
DGB.V,D,20230107,000000,0.00819738,0.00821803,0.00815739,0.00817804,176833434.4512786,0
DGB.V,D,20230108,000000,0.00817804,0.00820893,0.00808846,0.00819902,169808629.67936227,0
DGB.V,D,20230109,000000,0.00819836,0.00883991,0.00818844,0.00860991,248719884.08364925,0
DGB.V,D,20230110,000000,0.00861,0.00878965,0.00851915,0.00868122,275588128.4166794,0
DGB.V,D,20230111,000000,0.00868139,0.00880009,0.00851872,0.00872913,296526557.6077681,0
DGB.V,D,20230112,000000,0.00872921,0.00946076,0.00872904,0.00937084,329886190.2705011,0
DGB.V,D,20230113,000000,0.00937094,0.00984118,0.00917982,0.00981088,316343421.586334,0
DGB.V,D,20230114,000000,0.00981088,0.01022184,0.00934149,0.00965048,395353959.0389656,0
DGB.V,D,20230115,000000,0.00965048,0.01015365,0.0096499,0.01005302,319451991.27396894,0
DGB.V,D,20230116,000000,0.01005302,0.01046418,0.0099701,0.0102301,293613476.2015461,0
DGB.V,D,20230117,000000,0.0102501,0.0102501,0.00995,0.0101411,263850446.7309355,0
DGB.V,D,20230118,000000,0.010141,0.0101512,0.0091555,0.0093195,339978473.0114986,0
DGB.V,D,20230119,000000,0.0093194,0.0094192,0.0089493,0.0090896,299417868.443796,0
DGB.V,D,20230120,000000,0.0090896,0.0095819,0.0089294,0.0095616,256646603.76484996,0
DGB.V,D,20230121,000000,0.0095617,0.0103619,0.0094914,0.0103521,385244062.1266455,0
DGB.V,D,20230122,000000,0.010342,0.0107221,0.0100108,0.010392,294443081.9448198,0
DGB.V,D,20230123,000000,0.010392,0.010681,0.010392,0.0106516,245850957.20406926,0
DGB.V,D,20230124,000000,0.0106515,0.0110119,0.0104111,0.0104303,262919541.02631915,0
DGB.V,D,20230125,000000,0.0104303,0.0109621,0.0100713,0.0107417,227359915.0382841,0
DGB.V,D,20230126,000000,0.0107618,0.0112222,0.0106818,0.0110709,277167015.1400161,0
DGB.V,D,20230127,000000,0.0110809,0.011201,0.010732,0.0110354,239605580.0693525,0
DGB.V,D,20230128,000000,0.0110339,0.0111525,0.010572,0.0105721,225806118.52802533,0
DGB.V,D,20230129,000000,0.0105721,0.0110106,0.0105324,0.0109805,256799702.65786898,0
DGB.V,D,20230130,000000,0.0109804,0.011091,0.00994,0.0101307,322196157.15885943,0
DGB.V,D,20230131,000000,0.0101307,0.0105705,0.0100808,0.0102809,204907631.43505397,0
DGB.V,D,20230201,000000,0.0102807,0.0108811,0.0099001,0.0108607,309692176.1635003,0
DGB.V,D,20230202,000000,0.0108705,0.0114123,0.0108008,0.0108122,307508804.07736444,0
DGB.V,D,20230203,000000,0.0108122,0.0112211,0.0106701,0.0110709,261113670.33749467,0
DGB.V,D,20230204,000000,0.011071,0.0113408,0.0110208,0.011141,246043289.45701876,0
DGB.V,D,20230205,000000,0.0111409,0.011161,0.0103426,0.0103826,234590397.13475505,0
DGB.V,D,20230206,000000,0.0103826,0.0106698,0.0103419,0.0105404,218394667.8767527,0
DGB.V,D,20230207,000000,0.0105404,0.0115801,0.0102501,0.0114608,433694318.36529845,0
DGB.V,D,20230208,000000,0.0114607,0.011591,0.0107605,0.0110609,255066211.82868314,0
DGB.V,D,20230209,000000,0.0110609,0.0112302,0.0095709,0.0096109,551679047.7420596,0
DGB.V,D,20230210,000000,0.009611,0.00990129,0.0095609,0.00975146,294076730.7722867,0
DGB.V,D,20230211,000000,0.00975146,0.00990119,0.00973078,0.00986089,352765120.56812334,0
DGB.V,D,20230212,000000,0.00986197,0.01014051,0.00969068,0.00970097,288383184.4844961,0
DGB.V,D,20230213,000000,0.00970097,0.00982894,0.00929938,0.00955516,270469027.55020726,0
DGB.V,D,20230214,000000,0.00955525,0.00989445,0.00942509,0.00988356,176438349.0117315,0
DGB.V,D,20230215,000000,0.00988405,0.01065192,0.00982304,0.01064202,248217591.23204932,0
DGB.V,D,20230216,000000,0.01064192,0.01103099,0.01035103,0.01037332,224822271.12671667,0
DGB.V,D,20230217,000000,0.01037353,0.0109811,0.01024102,0.01073097,193170899.73161507,0
DGB.V,D,20230218,000000,0.01074183,0.01121213,0.01074161,0.01088185,177709956.21601528,0
DGB.V,D,20230219,000000,0.01089174,0.01123191,0.01082249,0.01109244,185532647.01191717,0
DGB.V,D,20230220,000000,0.01109222,0.01163163,0.01068278,0.01151046,196436103.91282967,0
DGB.V,D,20230221,000000,0.01151046,0.0134813,0.01145069,0.0120721,834199274.5762223,0
DGB.V,D,20230222,000000,0.0120922,0.0123217,0.011521,0.01191,194865529.4825065,0
DGB.V,D,20230223,000000,0.0119098,0.0125614,0.0118998,0.0120216,219411618.13260671,0
DGB.V,D,20230224,000000,0.0120217,0.0122823,0.0112598,0.0112899,169682961.42796722,0
DGB.V,D,20230225,000000,0.0112899,0.011411,0.0108111,0.0111408,176989561.38488027,0
DGB.V,D,20230226,000000,0.0111407,0.0116616,0.0110121,0.0115107,169966362.18869337,0
DGB.V,D,20230227,000000,0.011521,0.0116704,0.0112202,0.0112707,107721739.81968439,0
DGB.V,D,20230228,000000,0.0112706,0.01143,0.0108922,0.0109219,147457524.08600372,0
DGB.V,D,20230301,000000,0.0109222,0.0114716,0.0109221,0.0113815,154345645.83599722,0
DGB.V,D,20230302,000000,0.0113815,0.0114715,0.0109399,0.011171,139902723.99933198,0
DGB.V,D,20230303,000000,0.0111709,0.0112208,0.0101207,0.0103107,152563354.1195127,0
DGB.V,D,20230304,000000,0.0103108,0.0105212,0.0100307,0.0100708,120977187.97381337,0
DGB.V,D,20230305,000000,0.0100707,0.010451,0.0100707,0.0103912,140412014.28211337,0
DGB.V,D,20230306,000000,0.0103911,0.0103912,0.01004,0.0101994,132469604.44764614,0
DGB.V,D,20230307,000000,0.0101994,0.0102999,0.0098886,0.0099795,115209000.84308729,0
DGB.V,D,20230308,000000,0.0099296,0.01012,0.0095496,0.0095794,173321463.04312855,0
DGB.V,D,20230309,000000,0.009579,0.0098986,0.0088181,0.0089508,162505989.98314193,0
DGB.V,D,20230310,000000,0.0089709,0.0089802,0.0084399,0.0087013,201967080.28753188,0
DGB.V,D,20230311,000000,0.0087009,0.0091186,0.0084184,0.0087038,131608744.18624294,0
DGB.V,D,20230312,000000,0.0087038,0.00953449,0.00870085,0.00952996,150893451.21198562,0
DGB.V,D,20230313,000000,0.00952996,0.01024682,0.00937553,0.01021058,185558462.4640843,0
DGB.V,D,20230314,000000,0.01020976,0.01087484,0.01011901,0.01027205,246342263.94868705,0
DGB.V,D,20230315,000000,0.01027276,0.01037722,0.00903825,0.00903825,366884786.4510291,0
DGB.V,D,20230316,000000,0.0090378,0.00910824,0.00873578,0.00901212,279099848.0546363,0
DGB.V,D,20230317,000000,0.00901221,0.0096695,0.00895045,0.00966882,218965960.90348297,0
DGB.V,D,20230318,000000,0.00967895,0.01012707,0.00953568,0.00983933,198935430.41759354,0
DGB.V,D,20230319,000000,0.00983943,0.01011054,0.00963748,0.00996009,160128157.53246158,0
DGB.V,D,20230320,000000,0.00996009,0.0100634,0.00966207,0.00977565,159354090.88988426,0
DGB.V,D,20230321,000000,0.00977555,0.0099897,0.00940223,0.00994161,176203681.8429056,0
DGB.V,D,20230322,000000,0.00994171,0.00996178,0.00919659,0.00931545,227020900.5023687,0
DGB.V,D,20230323,000000,0.00931545,0.00979868,0.00930561,0.00976026,234216524.41226557,0
DGB.V,D,20230324,000000,0.00976026,0.00986057,0.00935944,0.00935944,207420448.59793448,0
DGB.V,D,20230325,000000,0.00936038,0.00953953,0.00934775,0.00939911,103553595.66064517,0
DGB.V,D,20230326,000000,0.00939911,0.0096787,0.00939901,0.00955078,111077281.85392648,0
DGB.V,D,20230327,000000,0.00955049,0.00966966,0.00912611,0.00919441,126661152.34783323,0
DGB.V,D,20230328,000000,0.00919432,0.00932401,0.00908136,0.00932363,136818338.16180044,0
DGB.V,D,20230329,000000,0.00932363,0.00970165,0.00928241,0.00964183,160423533.46664742,0
DGB.V,D,20230330,000000,0.00965289,0.0097134,0.00936047,0.00944255,168757031.17069548,0
DGB.V,D,20230331,000000,0.00944255,0.00961557,0.00935281,0.00960192,138373582.72830456,0
DGB.V,D,20230401,000000,0.00960192,0.00996369,0.00958393,0.00988356,223073933.07882708,0
DGB.V,D,20230402,000000,0.00988366,0.01001681,0.00940639,0.00941593,174399762.28098378,0
DGB.V,D,20230403,000000,0.00941583,0.00952419,0.00918202,0.00925361,184725607.36452737,0
DGB.V,D,20230404,000000,0.00928371,0.00974399,0.00928362,0.00969485,229922334.01186943,0
DGB.V,D,20230405,000000,0.00968494,0.00983433,0.00950418,0.00956344,178613464.83240408,0
DGB.V,D,20230406,000000,0.00956344,0.00958287,0.00941348,0.00946331,200999623.36397013,0
DGB.V,D,20230407,000000,0.00946331,0.00949522,0.00928464,0.00934691,154905786.14118803,0
DGB.V,D,20230408,000000,0.00934691,0.00947568,0.00932531,0.00936365,139655703.1169782,0
DGB.V,D,20230409,000000,0.00936365,0.00957574,0.0092952,0.00957574,131927215.2394428,0
DGB.V,D,20230410,000000,0.0095564,0.00982805,0.00955573,0.00981804,184045481.4014859,0
DGB.V,D,20230411,000000,0.00981804,0.00990842,0.00963953,0.00965946,193741466.98028633,0
DGB.V,D,20230412,000000,0.00965946,0.00965955,0.00934981,0.00952743,232739623.41561356,0
DGB.V,D,20230413,000000,0.00952743,0.00978309,0.00944953,0.00973934,294699774.376042,0
DGB.V,D,20230414,000000,0.00973934,0.01019805,0.00973924,0.01013841,317488341.9570915,0
DGB.V,D,20230415,000000,0.01013821,0.01015995,0.00994805,0.01010899,232019315.87782705,0
DGB.V,D,20230416,000000,0.01010899,0.0104786,0.00995896,0.0103871,295521866.16998714,0
DGB.V,D,20230417,000000,0.010397,0.0104183,0.0099959,0.0103261,298985430.5347,0
DGB.V,D,20230418,000000,0.0103061,0.0105936,0.0102047,0.0105218,288459205.760524,0
DGB.V,D,20230419,000000,0.0105317,0.0106547,0.0096645,0.0096753,290346682.4815755,0
DGB.V,D,20230420,000000,0.0096752,0.0098851,0.0094308,0.0094909,215243330.15025106,0
DGB.V,D,20230421,000000,0.0095007,0.0097784,0.0092681,0.009299,170823295.39896908,0
DGB.V,D,20230422,000000,0.009299,0.0094009,0.00927,0.0093908,123797297.23878361,0
DGB.V,D,20230423,000000,0.0093908,0.0094209,0.0090114,0.0090805,161194905.08785683,0
DGB.V,D,20230424,000000,0.0090805,0.009272,0.0090408,0.0091302,194799499.901278,0
DGB.V,D,20230425,000000,0.0091303,0.0093222,0.0090195,0.0093221,139870014.09729403,0
DGB.V,D,20230426,000000,0.0093221,0.0097214,0.0088312,0.0090432,170426925.3750514,0
DGB.V,D,20230427,000000,0.0091229,0.0094845,0.009122,0.0094831,119010078.47271982,0
DGB.V,D,20230428,000000,0.0094831,0.0094932,0.0092535,0.0093372,123966146.90184449,0
DGB.V,D,20230429,000000,0.0093372,0.0095667,0.0093365,0.0095556,101961434.49824758,0
DGB.V,D,20230430,000000,0.0095555,0.0095562,0.0092048,0.0092052,121171896.47576168,0
DGB.V,D,20230501,000000,0.0092052,0.0092747,0.0089493,0.0089823,101134057.21671936,0
DGB.V,D,20230502,000000,0.0089823,0.00911629,0.0089722,0.00911556,67071668.172051445,0
DGB.V,D,20230503,000000,0.00911556,0.00912502,0.00885195,0.00899243,112585417.99717508,0
DGB.V,D,20230504,000000,0.00899243,0.00916321,0.00890223,0.0089032,169484995.4253698,0
DGB.V,D,20230505,000000,0.0089233,0.00909845,0.0089032,0.00905824,124026416.16124938,0
DGB.V,D,20230506,000000,0.00905824,0.00913931,0.00864415,0.00878535,167083195.10392737,0
DGB.V,D,20230507,000000,0.00878491,0.00878535,0.00866133,0.00870017,97651647.04717295,0
DGB.V,D,20230508,000000,0.00870025,0.00873291,0.00774526,0.007896,128235090.31356281,0
DGB.V,D,20230509,000000,0.00789592,0.00803964,0.00788552,0.00795795,154288036.92906854,0
DGB.V,D,20230510,000000,0.00790356,0.00810972,0.00759759,0.00796716,133091519.29917532,0
DGB.V,D,20230511,000000,0.00796796,0.008008,0.00750675,0.00752677,152559792.1046272,0
DGB.V,D,20230512,000000,0.00752752,0.00772618,0.00740296,0.0076261,152136109.7396469,0
DGB.V,D,20230513,000000,0.00765535,0.00781469,0.00750375,0.00755377,112770020.20441769,0
DGB.V,D,20230514,000000,0.00755377,0.00771463,0.00751375,0.00762457,78174922.15239152,0
DGB.V,D,20230515,000000,0.0076138,0.00791554,0.00754377,0.00787551,123342583.0650824,0
DGB.V,D,20230516,000000,0.00787551,0.00794397,0.00774464,0.00785392,134802542.92494342,0
DGB.V,D,20230517,000000,0.00785314,0.00804402,0.00770308,0.00804402,136813646.47766772,0
DGB.V,D,20230518,000000,0.00804402,0.00804402,0.00773232,0.00783313,130018883.10950519,0
DGB.V,D,20230519,000000,0.00783313,0.0080721,0.00782898,0.00805242,121630612.6058479,0
DGB.V,D,20230520,000000,0.00805402,0.00821739,0.0080064,0.00805724,243305325.28618982,0
DGB.V,D,20230521,000000,0.00805724,0.00805805,0.00779389,0.00780468,190376845.96133286,0
DGB.V,D,20230522,000000,0.0078039,0.00790395,0.00769384,0.00790395,246464433.7137676,0
DGB.V,D,20230523,000000,0.00786393,0.00804177,0.00783008,0.00783039,161855499.43082213,0
DGB.V,D,20230524,000000,0.00783039,0.00783086,0.0074997,0.00761954,148121662.69885674,0
DGB.V,D,20230525,000000,0.00761962,0.00782977,0.00753902,0.00774015,204846786.7443812,0
DGB.V,D,20230526,000000,0.0077431,0.00776303,0.00767992,0.00775155,170809730.22012696,0
DGB.V,D,20230527,000000,0.00775233,0.00777264,0.00770216,0.00770285,138264807.12758073,0
DGB.V,D,20230528,000000,0.00770285,0.00788394,0.00770231,0.00785181,124830273.03271356,0
DGB.V,D,20230529,000000,0.00785173,0.00801176,0.00778218,0.00781234,173959869.94320208,0
DGB.V,D,20230530,000000,0.00781234,0.00788433,0.00777179,0.00779304,88273754.8302985,0
DGB.V,D,20230531,000000,0.00779312,0.00781305,0.00751075,0.00753113,54511029.567157865,0
DGB.V,D,20230601,000000,0.00754121,0.00763229,0.0075309,0.00763221,161685819.0262659,0
DGB.V,D,20230602,000000,0.00761213,0.00805201,0.00759091,0.00803209,210003127.37156937,0
DGB.V,D,20230603,000000,0.00803209,0.00808283,0.00796167,0.00798311,114637711.70496646,0
DGB.V,D,20230604,000000,0.00798319,0.00819328,0.00798239,0.00809259,271646365.40542626,0
DGB.V,D,20230605,000000,0.00809259,0.00815269,0.00712263,0.00727218,257339599.43414938,0
DGB.V,D,20230606,000000,0.00727218,0.00769131,0.00723993,0.00763221,185838407.32149312,0
DGB.V,D,20230607,000000,0.00763214,0.0076623,0.00723971,0.0072408,190063715.34331816,0
DGB.V,D,20230608,000000,0.00724072,0.00731219,0.00709993,0.00726131,134431623.11235952,0
DGB.V,D,20230609,000000,0.00725131,0.00732007,0.00717036,0.00723862,191400673.7128963,0
DGB.V,D,20230610,000000,0.0072387,0.00727,0.00596149,0.00646375,310413981.0356829,0
DGB.V,D,20230611,000000,0.00646375,0.006663,0.00643148,0.00661271,145260794.56827986,0
DGB.V,D,20230612,000000,0.00662271,0.0066634,0.00635121,0.00642006,131332057.7400045,0
DGB.V,D,20230613,000000,0.00642019,0.00665007,0.00642019,0.00650915,229087695.21812844,0
DGB.V,D,20230614,000000,0.00650915,0.0066388,0.0061987,0.00620944,249892267.96035874,0
DGB.V,D,20230615,000000,0.0062795,0.0063095,0.00601338,0.00622477,249696532.03088433,0
DGB.V,D,20230616,000000,0.00622483,0.00622483,0.00591124,0.00598527,327922842.9087239,0
DGB.V,D,20230617,000000,0.00598533,0.00613748,0.00584655,0.00612749,325915841.2297854,0
DGB.V,D,20230618,000000,0.00613742,0.00613742,0.00596875,0.00598862,211245906.06248152,0
DGB.V,D,20230619,000000,0.00597856,0.00619752,0.00595827,0.00615809,298341233.9517452,0
DGB.V,D,20230620,000000,0.00615809,0.00625106,0.00604782,0.00625094,233403234.76013854,0
DGB.V,D,20230621,000000,0.00623093,0.00674054,0.00620068,0.00671034,336921302.297705,0
DGB.V,D,20230622,000000,0.00671074,0.00693152,0.00659072,0.00661139,232022938.44276133,0
DGB.V,D,20230623,000000,0.00661139,0.00693409,0.00655124,0.00693402,189453106.79468003,0
DGB.V,D,20230624,000000,0.00693409,0.00705564,0.00684342,0.00695438,210496222.33463678,0
DGB.V,D,20230625,000000,0.00695438,0.0071928,0.00688323,0.00707226,185595319.23634693,0
DGB.V,D,20230626,000000,0.00704225,0.00717308,0.00690014,0.00696146,168220525.30080277,0
DGB.V,D,20230627,000000,0.00696146,0.00696153,0.00684062,0.00693125,128281588.50731191,0
DGB.V,D,20230628,000000,0.00693132,0.00700203,0.0065502,0.00661,183397135.34783438,0
DGB.V,D,20230629,000000,0.00660993,0.00683973,0.00660921,0.00672872,158570906.1052444,0
DGB.V,D,20230630,000000,0.00672919,0.00730854,0.00665794,0.00717756,270527324.2781901,0
DGB.V,D,20230701,000000,0.00717749,0.00755887,0.00717684,0.00733993,181661847.97726557,0
DGB.V,D,20230702,000000,0.00733993,0.00734,0.00710972,0.00720065,182240735.7342577,0
DGB.V,D,20230703,000000,0.00720065,0.00914991,0.00720022,0.00806056,1198244865.4266129,0
DGB.V,D,20230704,000000,0.00806048,0.00933177,0.00795095,0.00812179,1507701849.9882712,0
DGB.V,D,20230705,000000,0.00812162,0.00827108,0.00777016,0.00793127,435899278.0667029,0
DGB.V,D,20230706,000000,0.00796119,0.00855068,0.00782055,0.00792929,455915851.83254987,0
DGB.V,D,20230707,000000,0.00792929,0.00809081,0.00777117,0.00799128,265031883.43226242,0
DGB.V,D,20230708,000000,0.00799072,0.00839117,0.00798864,0.00809129,336420214.3756801,0
DGB.V,D,20230709,000000,0.00809129,0.00818188,0.00803137,0.00810146,210324760.7672391,0
DGB.V,D,20230710,000000,0.00810138,0.00810154,0.00766908,0.00801016,244120462.6194863,0
DGB.V,D,20230711,000000,0.00801152,0.00802016,0.00782977,0.00791008,239599905.89821845,0
DGB.V,D,20230712,000000,0.00791016,0.00814073,0.00790921,0.00791976,231224087.52145454,0
DGB.V,D,20230713,000000,0.00791984,0.00853691,0.00791842,0.00847339,170785464.42947507,0
DGB.V,D,20230714,000000,0.0084733,0.00864173,0.00803281,0.00807387,293887783.4203338,0
DGB.V,D,20230715,000000,0.00807395,0.00842295,0.00807395,0.0083525,177306116.1830074,0
DGB.V,D,20230716,000000,0.00835242,0.0083525,0.00801304,0.00804378,111714139.29672164,0
DGB.V,D,20230717,000000,0.00802377,0.00807452,0.00772085,0.00779132,192067620.2097861,0
DGB.V,D,20230718,000000,0.00779132,0.00797167,0.00777023,0.00787173,155084145.43777046,0
DGB.V,D,20230719,000000,0.00787173,0.00805161,0.00787165,0.00798992,151435455.2035029,0
DGB.V,D,20230720,000000,0.00797992,0.00819066,0.00797872,0.00799992,237905121.88704345,0
DGB.V,D,20230721,000000,0.00805927,0.00808968,0.00798992,0.00806016,217051469.65531427,0
DGB.V,D,20230722,000000,0.00806008,0.00835134,0.00802072,0.00824082,276570627.2363005,0
DGB.V,D,20230723,000000,0.00824091,0.00828083,0.00808065,0.00820975,331189946.5702801,0
DGB.V,D,20230724,000000,0.00819984,0.00819984,0.00752917,0.00761916,307372007.20264083,0
DGB.V,D,20230725,000000,0.00761916,0.00766946,0.00754879,0.00765946,212123260.3461853,0
DGB.V,D,20230726,000000,0.00765946,0.00793008,0.00757871,0.00792024,199575114.50877964,0
DGB.V,D,20230727,000000,0.00792024,0.00809,0.00790786,0.00796785,167117287.6027199,0
DGB.V,D,20230728,000000,0.00793786,0.00817861,0.0079377,0.00807976,194873821.85468665,0
DGB.V,D,20230729,000000,0.00807976,0.00814984,0.00803944,0.00812992,169306253.1951203,0
DGB.V,D,20230730,000000,0.00812992,0.00816,0.00794928,0.00794928,262543042.03528175,0
DGB.V,D,20230731,000000,0.00795928,0.00829942,0.00795928,0.00809862,266237034.23476258,0
DGB.V,D,20230801,000000,0.00810862,0.00814535,0.00781805,0.00812577,204152084.68006864,0
DGB.V,D,20230802,000000,0.00812585,0.00825777,0.00791461,0.0079254,181295213.36363614,0
DGB.V,D,20230803,000000,0.0079254,0.0079553,0.00782186,0.00791351,200971871.8956742,0
DGB.V,D,20230804,000000,0.00791358,0.00796578,0.00786182,0.00789487,186817625.37210074,0
DGB.V,D,20230805,000000,0.00787488,0.00787488,0.00782981,0.00783138,166371568.76250827,0
DGB.V,D,20230806,000000,0.00784235,0.008024,0.00780942,0.00782331,257139478.55089244,0
DGB.V,D,20230807,000000,0.00782645,0.00802472,0.0077825,0.0079208,242525912.31796908,0
DGB.V,D,20230808,000000,0.00792072,0.00809895,0.00791866,0.0080288,193756565.33740517,0
DGB.V,D,20230809,000000,0.00803879,0.00809798,0.00797306,0.00803301,133798934.18923758,0
DGB.V,D,20230810,000000,0.00803301,0.00804155,0.00795148,0.00802149,262986283.15703255,0
DGB.V,D,20230811,000000,0.00802141,0.00805154,0.00795077,0.00802125,175834685.547715,0
DGB.V,D,20230812,000000,0.00802117,0.00803502,0.00783553,0.00791549,192038742.44411597,0
DGB.V,D,20230813,000000,0.00791549,0.00791549,0.00776417,0.00785387,219077308.78222743,0
DGB.V,D,20230814,000000,0.00785379,0.00798193,0.00780983,0.0079009,199855446.98285943,0
DGB.V,D,20230815,000000,0.00790098,0.00790249,0.00720387,0.00755161,421990729.8207409,0
DGB.V,D,20230816,000000,0.00755168,0.00757098,0.00719136,0.00719194,193351088.9388842,0
DGB.V,D,20230817,000000,0.00719194,0.00728023,0.00600922,0.00646631,238295973.69976717,0
DGB.V,D,20230818,000000,0.00646644,0.00684884,0.00644716,0.00682693,208659644.51336122,0
DGB.V,D,20230819,000000,0.00682659,0.00694958,0.00680666,0.00694819,168981446.06262773,0
DGB.V,D,20230820,000000,0.0069082,0.00694875,0.00686869,0.00687966,138400045.95658126,0
DGB.V,D,20230821,000000,0.00687959,0.00691979,0.00663867,0.006669,315262152.2527725,0
DGB.V,D,20230822,000000,0.006669,0.0066992,0.00637789,0.00644781,176620626.7227652,0
DGB.V,D,20230823,000000,0.00644781,0.00689952,0.00637649,0.0068287,174509769.28298464,0
DGB.V,D,20230824,000000,0.00689869,0.00689945,0.00669558,0.00669658,127155166.38491729,0
DGB.V,D,20230825,000000,0.00671657,0.00674708,0.00656531,0.00674429,199990563.95532966,0
DGB.V,D,20230826,000000,0.00674436,0.00680491,0.00671864,0.00676528,154965526.11462492,0
DGB.V,D,20230827,000000,0.00676528,0.00691868,0.00675235,0.00690775,143692155.14413306,0
DGB.V,D,20230828,000000,0.00691275,0.00691954,0.00677625,0.00689248,151241191.36796772,0
DGB.V,D,20230829,000000,0.00689241,0.00709264,0.00682122,0.00707834,168029410.27775773,0
DGB.V,D,20230830,000000,0.00708127,0.00709614,0.00696461,0.00700007,150076962.3137536,0
DGB.V,D,20230831,000000,0.007,0.00700221,0.00660075,0.0066542,162459202.90565166,0
DGB.V,D,20230901,000000,0.00664414,0.00670419,0.00653653,0.00660956,143192632.73420563,0
DGB.V,D,20230902,000000,0.00661163,0.00676192,0.00660136,0.00671726,131242979.00171354,0
DGB.V,D,20230903,000000,0.00671926,0.00678378,0.00654589,0.00658281,181096154.71380925,0
DGB.V,D,20230904,000000,0.00657982,0.00673459,0.00657488,0.00661115,151929138.20914444,0
DGB.V,D,20230905,000000,0.00660915,0.00668199,0.00652382,0.00663475,119152104.39287767,0
DGB.V,D,20230906,000000,0.00663475,0.00670618,0.00653482,0.00662995,114022194.1800691,0
DGB.V,D,20230907,000000,0.00663002,0.00670265,0.00656945,0.00669758,223151346.32126626,0
DGB.V,D,20230908,000000,0.00668586,0.00681466,0.00661316,0.00668513,267065265.06223378,0
DGB.V,D,20230909,000000,0.00668506,0.00670985,0.00663914,0.00667193,191415636.49797,0
DGB.V,D,20230910,000000,0.006672,0.00671205,0.00629236,0.00634359,155817704.04620558,0
DGB.V,D,20230911,000000,0.00634365,0.00638857,0.00599802,0.00600502,200252105.6577984,0
DGB.V,D,20230912,000000,0.00601501,0.00631404,0.00601501,0.0062655,275687178.52053237,0
DGB.V,D,20230913,000000,0.00626544,0.00646319,0.00618183,0.00641228,158932327.75030965,0
DGB.V,D,20230914,000000,0.00641628,0.00675001,0.00641628,0.00669787,232108364.57054153,0
DGB.V,D,20230915,000000,0.00670388,0.00670594,0.006597,0.0066128,247738989.47292072,0
DGB.V,D,20230916,000000,0.0066128,0.0068513,0.00653859,0.00655059,225267743.62179714,0
DGB.V,D,20230917,000000,0.00655059,0.00657485,0.0062525,0.00627851,177164472.53060597,0
DGB.V,D,20230918,000000,0.00628151,0.00659745,0.00622287,0.00652611,201678682.24413648,0
DGB.V,D,20230919,000000,0.00652298,0.00666053,0.00649096,0.00663993,173937801.02859986,0
DGB.V,D,20230920,000000,0.00663993,0.00670067,0.00652333,0.00654539,198576616.024467,0
DGB.V,D,20230921,000000,0.00654539,0.00660586,0.00633143,0.00633475,177757859.10374188,0
DGB.V,D,20230922,000000,0.00633681,0.00643474,0.00629237,0.00640555,206713930.41642857,0
DGB.V,D,20230923,000000,0.00640762,0.00644813,0.00636413,0.00640645,180752823.63470247,0
DGB.V,D,20230924,000000,0.00640345,0.00648445,0.00636845,0.00642126,128570448.30781789,0
DGB.V,D,20230925,000000,0.00641632,0.00643265,0.00627056,0.00641468,189046131.73462835,0
DGB.V,D,20230926,000000,0.00641462,0.00644326,0.00623807,0.00624331,196010867.76805186,0
DGB.V,D,20230927,000000,0.00631029,0.00633524,0.00620159,0.00622539,156781878.07740578,0
DGB.V,D,20230928,000000,0.00623238,0.00636168,0.00621065,0.00633387,117315110.32666235,0
DGB.V,D,20230929,000000,0.00633487,0.00635798,0.00625587,0.0063443,149129442.4976155,0
DGB.V,D,20230930,000000,0.0063443,0.00646061,0.00619375,0.00632326,281615765.00215876,0
DGB.V,D,20231001,000000,0.00632426,0.00646958,0.00625938,0.00641271,156235950.50108832,0
DGB.V,D,20231002,000000,0.00641177,0.00656928,0.00629664,0.00632984,173346101.72633204,0
DGB.V,D,20231003,000000,0.00634984,0.00642794,0.00626487,0.006276,207789527.66658354,0
DGB.V,D,20231004,000000,0.0062755,0.00628263,0.00606355,0.00622431,182555267.35595542,0
DGB.V,D,20231005,000000,0.00621119,0.00624519,0.00614772,0.00615472,131438850.75863485,0
DGB.V,D,20231006,000000,0.00615472,0.00634843,0.00615366,0.00631959,159228542.35356155,0
DGB.V,D,20231007,000000,0.00631959,0.00637114,0.00628821,0.00633061,185289240.42155764,0
DGB.V,D,20231008,000000,0.00633061,0.00636201,0.00624562,0.0063246,137872645.93552196,0
DGB.V,D,20231009,000000,0.00631954,0.00637774,0.00603315,0.00610722,140252576.07883534,0
DGB.V,D,20231010,000000,0.00610728,0.00617568,0.00607615,0.00617468,110114140.86318962,0
DGB.V,D,20231011,000000,0.00617462,0.00622768,0.00604703,0.00608478,227834544.4701867,0
DGB.V,D,20231012,000000,0.0060863,0.00612796,0.00603377,0.00604476,129503452.30866355,0
DGB.V,D,20231013,000000,0.00605976,0.00621882,0.00605334,0.00621457,141469961.24960792,0
DGB.V,D,20231014,000000,0.00621676,0.00622582,0.00612639,0.00615457,148244959.9686862,0
DGB.V,D,20231015,000000,0.00615463,0.00632406,0.00614551,0.00631325,142650930.55455005,0
DGB.V,D,20231016,000000,0.00630132,0.00682632,0.00628919,0.00670475,373131184.670719,0
DGB.V,D,20231017,000000,0.00670375,0.00680893,0.00661292,0.00662038,235510794.3466218,0
DGB.V,D,20231018,000000,0.00661345,0.00669648,0.00647123,0.00647449,189402829.60173193,0
DGB.V,D,20231019,000000,0.00647836,0.00656182,0.00634139,0.00654755,217092884.81970733,0
DGB.V,D,20231020,000000,0.00654455,0.00673278,0.00652787,0.00668181,177000317.11053073,0
DGB.V,D,20231021,000000,0.00667774,0.00673816,0.00663125,0.00665426,199642457.3717174,0
DGB.V,D,20231022,000000,0.00663725,0.00665826,0.00636212,0.00642512,218937338.91942355,0
DGB.V,D,20231023,000000,0.00642425,0.00680047,0.00635853,0.00677946,203242253.88654327,0
DGB.V,D,20231024,000000,0.00677652,0.00725287,0.00676852,0.00705215,237138539.3167039,0
DGB.V,D,20231025,000000,0.00702309,0.00727467,0.00696956,0.00716572,135654896.21691573,0
DGB.V,D,20231026,000000,0.00716558,0.00732617,0.006964,0.007124,159726677.44792548,0
DGB.V,D,20231027,000000,0.00708407,0.00717457,0.00697684,0.00698754,147576017.82845485,0
DGB.V,D,20231028,000000,0.00698668,0.00717843,0.00698654,0.00712914,190092656.0014979,0
DGB.V,D,20231029,000000,0.00713114,0.00720266,0.00703934,0.0071325,132929627.26969782,0
DGB.V,D,20231030,000000,0.00713357,0.00727096,0.00708397,0.00715829,151779280.11636087,0
DGB.V,D,20231031,000000,0.00715636,0.00726419,0.00683712,0.00699087,210078333.43762174,0
DGB.V,D,20231101,000000,0.00699093,0.00731363,0.00688289,0.00726132,155083820.624561,0
DGB.V,D,20231102,000000,0.00727025,0.00742015,0.00710992,0.00725187,175388172.48004144,0
DGB.V,D,20231103,000000,0.00725087,0.00730292,0.00707363,0.00722982,154625855.44907022,0
DGB.V,D,20231104,000000,0.00722882,0.00739892,0.0072286,0.00739336,172413568.1831931,0
DGB.V,D,20231105,000000,0.00739306,0.0075074,0.00731973,0.00734131,147200987.01841784,0
DGB.V,D,20231106,000000,0.00733386,0.00759805,0.00731683,0.00759005,141963570.0344917,0
DGB.V,D,20231107,000000,0.00757412,0.00764922,0.00734151,0.00754639,148262969.8027436,0
DGB.V,D,20231108,000000,0.00754639,0.0078278,0.00751876,0.00777679,142166760.68033683,0
DGB.V,D,20231109,000000,0.00777271,0.00839035,0.00747787,0.0082174,180125623.25678068,0
DGB.V,D,20231110,000000,0.00821456,0.00855753,0.0082002,0.00852935,164933567.4877736,0
DGB.V,D,20231111,000000,0.00852535,0.00869313,0.00835284,0.00851513,155573178.5716597,0
DGB.V,D,20231112,000000,0.00851604,0.00876659,0.00842745,0.0087525,167191227.58450878,0
DGB.V,D,20231113,000000,0.00875259,0.0087945,0.00809035,0.00811819,165529428.52053112,0
DGB.V,D,20231114,000000,0.00811862,0.00822381,0.00770954,0.00803204,198817505.72910836,0
DGB.V,D,20231115,000000,0.00802512,0.00842053,0.00802512,0.008333,158306949.21940732,0
DGB.V,D,20231116,000000,0.00833508,0.00841944,0.00781878,0.00791079,172742535.15233785,0
DGB.V,D,20231117,000000,0.00790587,0.00803128,0.00756321,0.00780865,117087483.40429217,0
DGB.V,D,20231118,000000,0.00781065,0.00796077,0.00759727,0.00791996,161086927.7921483,0
DGB.V,D,20231119,000000,0.00790187,0.00807579,0.00776358,0.00805054,99078143.08631667,0
DGB.V,D,20231120,000000,0.00804554,0.00812996,0.00793476,0.00795248,150353723.2681087,0
DGB.V,D,20231121,000000,0.00796149,0.00805155,0.00727977,0.00727977,201281418.86434987,0
DGB.V,D,20231122,000000,0.00727584,0.00757195,0.00713271,0.00752941,158931395.63929594,0
DGB.V,D,20231123,000000,0.00752333,0.00761467,0.00743282,0.00744704,134228208.9502003,0
DGB.V,D,20231124,000000,0.00744904,0.00770693,0.00740089,0.00765712,160657684.93654606,0
DGB.V,D,20231125,000000,0.00766035,0.00784363,0.00757183,0.00776058,111925937.97173755,0
DGB.V,D,20231126,000000,0.00775958,0.00783392,0.00745631,0.00757888,159763192.6763821,0
DGB.V,D,20231127,000000,0.0075758,0.00759504,0.00720786,0.00725315,163026231.1875309,0
DGB.V,D,20231128,000000,0.00725515,0.00761203,0.00718586,0.00754545,123216601.25619876,0
DGB.V,D,20231129,000000,0.00754637,0.00771709,0.0074554,0.00748597,164810430.21973738,0
DGB.V,D,20231130,000000,0.00749597,0.00762737,0.00744904,0.00760276,168112457.64335328,0
DGB.V,D,20231201,000000,0.00760429,0.00770516,0.00754943,0.00767207,157922121.98069108,0
DGB.V,D,20231202,000000,0.00767007,0.00792156,0.00764967,0.00791964,132570002.07063164,0
DGB.V,D,20231203,000000,0.00792064,0.00802457,0.00781459,0.00788976,196676939.5749385,0
DGB.V,D,20231204,000000,0.00791416,0.00825583,0.00782677,0.00822033,195368257.75628805,0
DGB.V,D,20231205,000000,0.00821833,0.008479,0.00813098,0.00846393,145042478.3378722,0
DGB.V,D,20231206,000000,0.00846902,0.00877688,0.00824348,0.00864095,189160127.38896993,0
DGB.V,D,20231207,000000,0.00863795,0.00886606,0.00841426,0.00869904,216664333.68265378,0
DGB.V,D,20231208,000000,0.00869395,0.00881115,0.0086125,0.0087819,162028667.7365976,0
DGB.V,D,20231209,000000,0.0087779,0.00906627,0.00876615,0.00882329,146713768.23480684,0
DGB.V,D,20231210,000000,0.00881338,0.00886333,0.00854262,0.00880609,133525371.39701098,0
DGB.V,D,20231211,000000,0.00880762,0.00880962,0.00763076,0.00810819,157745699.1809178,0
DGB.V,D,20231212,000000,0.0080882,0.00849754,0.0080882,0.0081844,168550696.86162475,0
DGB.V,D,20231213,000000,0.0081824,0.00845869,0.0079132,0.00844694,119821891.44650507,0
DGB.V,D,20231214,000000,0.00842994,0.00862298,0.00822474,0.00856737,150369078.6847856,0
DGB.V,D,20231215,000000,0.00856846,0.0085812,0.00827875,0.00827875,116753138.9119048,0
DGB.V,D,20231216,000000,0.00825283,0.00853156,0.00815318,0.00844824,122647783.20533556,0
DGB.V,D,20231217,000000,0.00844415,0.00861186,0.00826114,0.00850323,133458448.00043193,0
DGB.V,D,20231218,000000,0.0084512,0.00845645,0.00791647,0.00841947,166029184.39511356,0
DGB.V,D,20231219,000000,0.00842156,0.00862072,0.00815619,0.00819082,155167087.06352016,0
DGB.V,D,20231220,000000,0.0081939,0.00858946,0.00809395,0.00849225,156408320.99162441,0
DGB.V,D,20231221,000000,0.00849534,0.00903628,0.00849534,0.0088776,177380204.42131716,0
DGB.V,D,20231222,000000,0.00887869,0.0098629,0.00887177,0.00960468,271580911.96311164,0
DGB.V,D,20231223,000000,0.00960768,0.00982762,0.00931933,0.0098008,160637000.40567604,0
DGB.V,D,20231224,000000,0.0097978,0.010363,0.00966606,0.0100076,226549646.55345324,0
DGB.V,D,20231225,000000,0.0099974,0.01008533,0.00957515,0.00973214,192910051.80660397,0
DGB.V,D,20231226,000000,0.00973604,0.0099522,0.00922042,0.00980492,149319621.94797245,0
DGB.V,D,20231227,000000,0.00980112,0.0102028,0.00940538,0.0101013,164331908.3173689,0
DGB.V,D,20231228,000000,0.0100986,0.0101716,0.00968384,0.00968716,144742601.17824954,0
DGB.V,D,20231229,000000,0.00968716,0.01003001,0.00931419,0.0094869,158932163.6979954,0
DGB.V,D,20231230,000000,0.00948299,0.00971219,0.00945872,0.00946172,94725499.31733362,0
DGB.V,D,20231231,000000,0.00946172,0.00966171,0.00926189,0.0092677,127522183.11032699,0
DGB.V,D,20240101,000000,0.00929358,0.00982057,0.00929358,0.00981286,139971934.08043426,0
DGB.V,D,20240102,000000,0.00981286,0.01004703,0.00958697,0.00964466,130197860.02511285,0
DGB.V,D,20240103,000000,0.00964857,0.01015135,0.00806188,0.00883627,149808958.1902657,0
DGB.V,D,20240104,000000,0.00883553,0.00895762,0.00860181,0.00887908,148073019.67400005,0
DGB.V,D,20240105,000000,0.00887938,0.00889059,0.00835693,0.00854566,137647532.68700883,0
DGB.V,D,20240106,000000,0.00855267,0.00872724,0.00820037,0.00844206,108440205.4658759,0
DGB.V,D,20240107,000000,0.00844907,0.00866542,0.00804807,0.00805315,137765422.9095903,0
DGB.V,D,20240108,000000,0.00805015,0.00840147,0.00754107,0.00833641,108764821.60201876,0
DGB.V,D,20240109,000000,0.00833841,0.00843425,0.00782655,0.00796547,106413448.67007141,0
DGB.V,D,20240110,000000,0.00796903,0.00872035,0.00789537,0.00872009,149693027.55401692,0
DGB.V,D,20240111,000000,0.00872227,0.00924701,0.00854937,0.00887544,156360362.19295913,0
DGB.V,D,20240112,000000,0.00890071,0.00912409,0.00814022,0.00820458,119870797.45121609,0
DGB.V,D,20240113,000000,0.0082259,0.00857489,0.00814074,0.00855295,127694549.13746391,0
DGB.V,D,20240114,000000,0.00855186,0.00856837,0.00821564,0.00830093,122755089.09246816,0
DGB.V,D,20240115,000000,0.00830893,0.00844637,0.00813901,0.00834523,130259839.74319956,0
DGB.V,D,20240116,000000,0.00834532,0.00850668,0.00825163,0.00842474,142743855.5822135,0
DGB.V,D,20240117,000000,0.0084393,0.00845739,0.00826281,0.00826672,130930091.09020168,0
DGB.V,D,20240118,000000,0.00825482,0.0083394,0.00777981,0.00786005,146707886.14117128,0
DGB.V,D,20240119,000000,0.00787512,0.0079309,0.00746246,0.00780527,141452437.65526024,0
DGB.V,D,20240120,000000,0.00780434,0.00807637,0.00780397,0.00807637,98463188.78201692,0
DGB.V,D,20240121,000000,0.00807537,0.00819441,0.00804428,0.00812196,123278084.4305167,0
DGB.V,D,20240122,000000,0.00812188,0.00812188,0.0076379,0.00772972,150081187.77918422,0
DGB.V,D,20240123,000000,0.00770375,0.00779743,0.0071736,0.0073825,112133696.64501138,0
DGB.V,D,20240124,000000,0.00737743,0.00760207,0.00735078,0.00740344,105694710.12325463,0
DGB.V,D,20240125,000000,0.00740815,0.00749393,0.00724365,0.00737894,87445874.62851998,0
DGB.V,D,20240126,000000,0.00738201,0.00766516,0.00732775,0.00756741,93893386.60313751,0
DGB.V,D,20240127,000000,0.00756856,0.00769177,0.00747376,0.00768092,160403349.9978826,0
DGB.V,D,20240128,000000,0.00767892,0.00781314,0.00758201,0.00762378,133510187.34589583,0
DGB.V,D,20240129,000000,0.00762186,0.00777069,0.00755358,0.007757,162921914.2959779,0
DGB.V,D,20240130,000000,0.00775908,0.00791792,0.00775516,0.00779584,163155029.1577845,0
DGB.V,D,20240131,000000,0.00779292,0.00779292,0.00737801,0.00738586,133890890.9701066,0
DGB.V,D,20240201,000000,0.00738594,0.00753481,0.00734031,0.00748683,141442857.3447442,0
DGB.V,D,20240202,000000,0.00748483,0.00764302,0.00748483,0.00757598,132212555.28236389,0
DGB.V,D,20240203,000000,0.00758498,0.00763772,0.00747301,0.00751045,112044308.17741449,0
DGB.V,D,20240204,000000,0.00751344,0.00751344,0.00734499,0.00742588,96024781.85552014,0
DGB.V,D,20240205,000000,0.00742481,0.00744614,0.00722886,0.0073204,88728394.07859947,0
DGB.V,D,20240206,000000,0.00733038,0.00751672,0.00731056,0.00750767,114730291.9169127,0
DGB.V,D,20240207,000000,0.0075046,0.00767423,0.00743853,0.00766447,100721007.93695888,0
DGB.V,D,20240208,000000,0.00766847,0.00779947,0.00766831,0.00774855,136068034.41498047,0
DGB.V,D,20240209,000000,0.00774955,0.00816024,0.00774739,0.00811579,171497904.4829976,0
DGB.V,D,20240210,000000,0.00811487,0.00815175,0.00791437,0.00806134,104155783.68620187,0
DGB.V,D,20240211,000000,0.00806526,0.00811457,0.00772224,0.00773917,209753351.22654524,0
DGB.V,D,20240212,000000,0.00773724,0.00809332,0.00765831,0.00807055,150409055.03723556,0
DGB.V,D,20240213,000000,0.00806755,0.00817153,0.00791063,0.00806714,117937413.4669681,0
DGB.V,D,20240214,000000,0.00806723,0.00834325,0.0079631,0.00832623,185743134.69178414,0
DGB.V,D,20240215,000000,0.00833283,0.0088946,0.00832974,0.00865444,185824797.29435644,0
DGB.V,D,20240216,000000,0.00865853,0.00899031,0.00853541,0.0085836,175026002.57558796,0
DGB.V,D,20240217,000000,0.00858752,0.00867051,0.00828757,0.00828791,121031818.46928194,0
DGB.V,D,20240218,000000,0.00940169,0.00940169,0.00921203,0.00934103,10356163.13439286,0
DGB.V,D,20240219,000000,0.00932103,0.0095511,0.00922301,0.00953519,94553236.80034631,0
DGB.V,D,20240220,000000,0.00952128,0.00954129,0.00864278,0.00907581,169388304.9057573,0
DGB.V,D,20240221,000000,0.00909682,0.00924794,0.00861969,0.009114,109196946.4823754,0
DGB.V,D,20240222,000000,0.00911,0.0103401,0.00909982,0.0100538,262933338.0055713,0
DGB.V,D,20240223,000000,0.0100597,0.0101389,0.00953866,0.00989161,121256276.0389923,0
DGB.V,D,20240224,000000,0.00988862,0.0102787,0.00973544,0.010272,98101550.77994384,0
DGB.V,D,20240225,000000,0.010264,0.0133656,0.0102182,0.0125055,620414526.9837989,0
DGB.V,D,20240226,000000,0.0124754,0.0138614,0.0124179,0.0126381,433904537.89031374,0
DGB.V,D,20240227,000000,0.0126382,0.013122,0.0120587,0.0123139,191671449.96050033,0
DGB.V,D,20240228,000000,0.0122918,0.01267,0.0110716,0.0121915,185806444.29099977,0
DGB.V,D,20240229,000000,0.0121765,0.0127842,0.0119022,0.011932,62309023.9704973,0
DGB.V,D,20240301,000000,0.01193,0.0136877,0.0118911,0.0136635,114336081.7400256,0
DGB.V,D,20240302,000000,0.0136405,0.016011,0.0136342,0.0146738,220508403.39794895,0
DGB.V,D,20240303,000000,0.0146604,0.0148664,0.0128297,0.0144824,139903066.9765259,0
DGB.V,D,20240304,000000,0.0144005,0.0162188,0.014069,0.0161367,171771263.78239566,0
DGB.V,D,20240305,000000,0.0161077,0.0162907,0.0113796,0.0133842,195798009.8085235,0
DGB.V,D,20240306,000000,0.0134012,0.0145797,0.0130436,0.0142618,115150196.30416399,0
DGB.V,D,20240307,000000,0.0142121,0.0150711,0.013914,0.0149966,147861337.23793483,0
DGB.V,D,20240308,000000,0.0149246,0.0152466,0.0142477,0.0150327,150252022.50366873,0
DGB.V,D,20240309,000000,0.015028,0.0156258,0.0149692,0.0155667,147780704.6741859,0
DGB.V,D,20240310,000000,0.0155601,0.0157272,0.0148195,0.0148526,101305274.13745269,0
DGB.V,D,20240311,000000,0.0148659,0.017694,0.0143461,0.0165963,215915608.52703834,0
DGB.V,D,20240312,000000,0.0166003,0.0168994,0.0154007,0.0163631,149072793.7803756,0
DGB.V,D,20240313,000000,0.0163631,0.0171206,0.0160147,0.01667,156850634.19635138,0
DGB.V,D,20240314,000000,0.0163782,0.0166955,0.0152082,0.0162623,36685172.37968201,0
DGB.V,D,20240315,000000,0.0162591,0.0165699,0.0144047,0.0153314,113022368.28853063,0
DGB.V,D,20240316,000000,0.0153654,0.016953,0.0144834,0.0146384,179959189.0855907,0
DGB.V,D,20240317,000000,0.0146287,0.0156314,0.013855,0.0149329,84960713.0788754,0
DGB.V,D,20240318,000000,0.0149319,0.014961,0.0133174,0.0135641,81257576.37981823,0
DGB.V,D,20240319,000000,0.013576,0.013754,0.012039,0.0124184,66483896.2675903,0
DGB.V,D,20240320,000000,0.012391,0.0141171,0.0119256,0.0139889,112512785.33175229,0
DGB.V,D,20240321,000000,0.0139547,0.0140919,0.0134541,0.0137078,63062290.96691325,0
DGB.V,D,20240322,000000,0.0137047,0.0141254,0.0130353,0.0130679,104317487.17443205,0
DGB.V,D,20240323,000000,0.0131339,0.013953,0.0130989,0.0138669,107961832.64988178,0
DGB.V,D,20240324,000000,0.0138729,0.0145114,0.0136021,0.014492,95220134.90549392,0
DGB.V,D,20240325,000000,0.0144851,0.0149972,0.0142936,0.0148082,125685073.68173197,0
DGB.V,D,20240326,000000,0.0148012,0.015133,0.0140683,0.0140931,222606910.86338705,0
DGB.V,D,20240327,000000,0.0141283,0.0145164,0.0134522,0.0137532,204385536.6303047,0
DGB.V,D,20240328,000000,0.0137399,0.0142066,0.013575,0.0141178,181339695.99328628,0
DGB.V,D,20240329,000000,0.014121,0.0145857,0.0134723,0.0143799,294707015.3954519,0
DGB.V,D,20240330,000000,0.0143799,0.016745,0.0143037,0.0155349,787799710.0508273,0
DGB.V,D,20240331,000000,0.015499,0.0169424,0.0154446,0.0157379,763579620.3533794,0
DGB.V,D,20240401,000000,0.0157487,0.0225506,0.0155573,0.0195604,3598550571.5188284,0
DGB.V,D,20240402,000000,0.0195142,0.0202459,0.0163553,0.0168487,974739121.1356316,0
DGB.V,D,20240403,000000,0.0168727,0.0186055,0.0156429,0.0157716,765468813.6695572,0
DGB.V,D,20240404,000000,0.0157706,0.0168269,0.0154242,0.0162659,390815321.52638745,0
DGB.V,D,20240405,000000,0.0162659,0.0162745,0.0150234,0.0158094,510164160.08243865,0
DGB.V,D,20240406,000000,0.0158244,0.0168112,0.015646,0.016802,332321887.4249335,0
DGB.V,D,20240407,000000,0.0167782,0.0176519,0.0165472,0.0169434,482634045.1573864,0
DGB.V,D,20240408,000000,0.0169404,0.0177187,0.0168062,0.0173341,349021214.8169904,0
DGB.V,D,20240409,000000,0.017337,0.0174461,0.0158397,0.0158828,278004423.0384021,0
DGB.V,D,20240410,000000,0.0158847,0.0159606,0.0153574,0.0157595,122033239.00925103,0
DGB.V,D,20240411,000000,0.0157735,0.016305,0.015315,0.0153471,131340693.27405824,0
DGB.V,D,20240412,000000,0.0153862,0.015677,0.0118146,0.0131229,177287010.2188831,0
DGB.V,D,20240413,000000,0.0131109,0.0136237,0.0105007,0.01106,198268337.4495433,0
DGB.V,D,20240414,000000,0.0109639,0.012656,0.0109638,0.0121505,169450583.6294144,0
DGB.V,D,20240415,000000,0.0121396,0.0136589,0.0121167,0.0126081,225456381.89242762,0
DGB.V,D,20240416,000000,0.0126041,0.0130691,0.0118239,0.0122605,267020274.04595408,0
DGB.V,D,20240417,000000,0.0125595,0.0126473,0.0117044,0.0122017,202922132.7964896,0
DGB.V,D,20240418,000000,0.0122117,0.0126628,0.0117982,0.0126558,149502819.25102544,0
DGB.V,D,20240419,000000,0.0126568,0.0131614,0.0116762,0.012962,119686916.37156501,0
DGB.V,D,20240420,000000,0.0129153,0.0136425,0.0125536,0.0135631,134858495.83158147,0
DGB.V,D,20240421,000000,0.0135931,0.0136568,0.012896,0.0132112,114048969.4062344,0
DGB.V,D,20240422,000000,0.0132112,0.0135511,0.0131246,0.0133019,103626379.68231857,0
DGB.V,D,20240423,000000,0.0133389,0.0135152,0.0131299,0.0132606,95038196.95572007,0
DGB.V,D,20240424,000000,0.0132607,0.0136397,0.0123606,0.0123856,125375494.09172045,0
DGB.V,D,20240425,000000,0.0123796,0.0124141,0.0118884,0.0122049,125165229.14253624,0
DGB.V,D,20240426,000000,0.0121919,0.0122469,0.0116064,0.0118407,111578177.86160904,0
DGB.V,D,20240427,000000,0.0118898,0.0121122,0.011269,0.0119452,132081157.31764954,0
DGB.V,D,20240428,000000,0.0119372,0.0120104,0.0117003,0.0117479,92743915.12653024,0
DGB.V,D,20240429,000000,0.0117459,0.0117592,0.01088,0.0111207,124258856.40652257,0
DGB.V,D,20240430,000000,0.0110537,0.0113181,0.010151,0.0103465,155731491.1713574,0
DGB.V,D,20240501,000000,0.0103455,0.0107203,0.0100392,0.0104273,166509963.85540518,0
DGB.V,D,20240502,000000,0.0104363,0.0110126,0.0102022,0.0109614,116568994.72143224,0
DGB.V,D,20240503,000000,0.0109294,0.0113761,0.010633,0.0113748,137785807.6624131,0
DGB.V,D,20240504,000000,0.0114088,0.0116809,0.0113301,0.011581,115646344.5057481,0
DGB.V,D,20240505,000000,0.0115792,0.0115902,0.0112133,0.0113282,110547365.8588177,0
DGB.V,D,20240506,000000,0.0113302,0.015099,0.0113119,0.0132483,1234096626.9272554,0
DGB.V,D,20240507,000000,0.0132961,0.0139267,0.0121689,0.0122698,327722947.31097156,0
DGB.V,D,20240508,000000,0.0122796,0.0125884,0.0118816,0.0121082,152560748.9587068,0
DGB.V,D,20240509,000000,0.0121142,0.0127297,0.0120729,0.0126001,157393422.4532118,0
DGB.V,D,20240510,000000,0.0126181,0.0127982,0.0120494,0.0121274,110192978.63823693,0
DGB.V,D,20240511,000000,0.0121224,0.0124339,0.012096,0.0122573,120321706.99390031,0
DGB.V,D,20240512,000000,0.0122573,0.0122603,0.0116513,0.011681,88578304.28523777,0
DGB.V,D,20240513,000000,0.011652,0.011848,0.0111078,0.0114957,159166893.0683362,0
DGB.V,D,20240514,000000,0.0114957,0.0115237,0.011007,0.011236,134190055.84374471,0
DGB.V,D,20240515,000000,0.01124,0.0119352,0.0110782,0.011917,132381040.36058265,0
DGB.V,D,20240516,000000,0.011917,0.0120825,0.0115523,0.011601,131075385.03107017,0
DGB.V,D,20240517,000000,0.011595,0.012132,0.0115539,0.011913,125736107.48267473,0
DGB.V,D,20240518,000000,0.011882,0.0120893,0.0116703,0.011816,104293521.62735564,0
DGB.V,D,20240519,000000,0.011819,0.011824,0.0110613,0.0111102,133616599.77183373,0
DGB.V,D,20240520,000000,0.0111103,0.0116784,0.0109549,0.0116004,98768760.52074523,0
DGB.V,D,20240521,000000,0.0116734,0.012267,0.0115744,0.0122257,157348520.16520032,0
DGB.V,D,20240522,000000,0.0122288,0.0122627,0.0118474,0.011933,105033110.21613614,0
DGB.V,D,20240523,000000,0.0119329,0.0120853,0.0112099,0.0114836,120273090.50048366,0
DGB.V,D,20240524,000000,0.0114727,0.0117356,0.0111802,0.0116966,118202751.73088227,0
DGB.V,D,20240525,000000,0.0117306,0.0118473,0.0116067,0.0117996,97517478.87237562,0
DGB.V,D,20240526,000000,0.0117956,0.0118175,0.0114637,0.0114748,101720448.79711773,0
DGB.V,D,20240527,000000,0.0114696,0.011781,0.0111671,0.0115932,200898732.3969285,0
DGB.V,D,20240528,000000,0.0116631,0.0116691,0.0111081,0.0114339,206783749.0648743,0
DGB.V,D,20240529,000000,0.0114349,0.0126235,0.0113093,0.0114794,351644158.17572004,0
DGB.V,D,20240530,000000,0.0114752,0.0117695,0.0112063,0.011468,139567161.0536805,0
DGB.V,D,20240531,000000,0.01147,0.0116158,0.0112135,0.0112737,164759404.42909256,0
DGB.V,D,20240601,000000,0.0112716,0.0115194,0.0112345,0.0112879,128663180.95862277,0
DGB.V,D,20240602,000000,0.0112829,0.0113424,0.0107544,0.0109112,157456236.3279519,0
DGB.V,D,20240603,000000,0.0109102,0.0111997,0.0108516,0.0111901,105489138.94260944,0
DGB.V,D,20240604,000000,0.0111751,0.011246,0.0109162,0.011193,107564340.88295187,0
DGB.V,D,20240605,000000,0.0111939,0.0116218,0.011193,0.011576,117323297.64092897,0
DGB.V,D,20240606,000000,0.011591,0.0117528,0.0114099,0.0115893,107180636.6990521,0
DGB.V,D,20240607,000000,0.0115813,0.0115823,0.0101708,0.010446,161178156.4619773,0
DGB.V,D,20240608,000000,0.010445,0.0107384,0.0102648,0.0103239,150853725.160979,0
DGB.V,D,20240609,000000,0.0103218,0.0104792,0.010086,0.0102975,124612479.93650389,0
DGB.V,D,20240610,000000,0.0103434,0.0103533,0.00993812,0.00997031,129694428.09252344,0
DGB.V,D,20240611,000000,0.00996631,0.01004354,0.00948544,0.00970496,198704401.2135384,0
DGB.V,D,20240612,000000,0.00970896,0.0101748,0.00932307,0.00980876,167025141.43598285,0
DGB.V,D,20240613,000000,0.00980676,0.00987625,0.00923005,0.00932927,148177956.7432352,0
DGB.V,D,20240614,000000,0.00933327,0.0096405,0.00889266,0.00917857,175926207.21650377,0
DGB.V,D,20240615,000000,0.00917158,0.00945709,0.00905938,0.00915578,148122000.42877567,0
DGB.V,D,20240616,000000,0.0091238,0.00922372,0.00893655,0.00917366,108307027.30507866,0
DGB.V,D,20240617,000000,0.00917166,0.00919791,0.00807423,0.00848909,158365303.25513962,0
DGB.V,D,20240618,000000,0.0084851,0.00856132,0.00745024,0.00773075,242853915.53873885,0
DGB.V,D,20240619,000000,0.00773374,0.00794693,0.00750347,0.0077419,159529905.3302353,0
DGB.V,D,20240620,000000,0.0077489,0.00849726,0.007677,0.00806827,131972789.67416938,0
DGB.V,D,20240621,000000,0.00807019,0.00830468,0.00780631,0.00802602,188771782.55702147,0
DGB.V,D,20240622,000000,0.00803901,0.00803901,0.00786212,0.00790292,126162609.29293194,0
DGB.V,D,20240623,000000,0.00790605,0.0082483,0.00775027,0.00783551,106398863.41637176,0
DGB.V,D,20240624,000000,0.00783259,0.00796549,0.00742939,0.00790922,148068520.4113718,0
DGB.V,D,20240625,000000,0.00791322,0.00849214,0.00791322,0.0083265,225102698.9209803,0
DGB.V,D,20240626,000000,0.00832442,0.00832442,0.00791899,0.00804764,179887569.79017633,0
DGB.V,D,20240627,000000,0.00804688,0.00836738,0.00793334,0.00827174,147645093.6756144,0
DGB.V,D,20240628,000000,0.00827906,0.008483,0.00815998,0.0081638,131336617.90475787,0
DGB.V,D,20240629,000000,0.00819566,0.00827524,0.00787451,0.00787459,149058214.2811766,0
DGB.V,D,20240630,000000,0.00786453,0.0082685,0.00773652,0.00822615,160647176.34538156,0
DGB.V,D,20240701,000000,0.00822814,0.00838708,0.00786208,0.00797414,223572872.11485988,0
DGB.V,D,20240702,000000,0.00797114,0.00798253,0.00766625,0.00775765,198130059.79739118,0
DGB.V,D,20240703,000000,0.00775357,0.00783617,0.0074017,0.00740777,136442803.88748032,0
DGB.V,D,20240704,000000,0.00740769,0.00749267,0.00700325,0.00715299,149039822.64762172,0
DGB.V,D,20240705,000000,0.00715499,0.00727414,0.00615677,0.00681041,253975051.1612457,0
DGB.V,D,20240706,000000,0.00681054,0.00741474,0.00677059,0.00736722,158446710.27740696,0
DGB.V,D,20240707,000000,0.00735215,0.00744967,0.00688314,0.00703523,147743770.65249535,0
DGB.V,D,20240708,000000,0.00689531,0.00725255,0.0066184,0.00706336,172366377.38176382,0
DGB.V,D,20240709,000000,0.00704337,0.00717593,0.00688669,0.00709586,149348244.82071885,0
DGB.V,D,20240710,000000,0.00709586,0.00725723,0.00706807,0.0071755,119250312.26099443,0
DGB.V,D,20240711,000000,0.00717643,0.00744448,0.00711815,0.00715379,137282164.63758382,0
DGB.V,D,20240712,000000,0.00715379,0.00719437,0.00695756,0.00714436,151010271.85121185,0
DGB.V,D,20240713,000000,0.00714636,0.0072293,0.00710863,0.00718429,126726004.50708978,0
DGB.V,D,20240714,000000,0.00718515,0.00732634,0.00714586,0.00724968,135008593.59728387,0
DGB.V,D,20240715,000000,0.00719459,0.00817069,0.00719459,0.00806503,203849841.31465027,0
DGB.V,D,20240716,000000,0.00806703,0.00846338,0.00799732,0.0084171,225413754.89668635,0
DGB.V,D,20240717,000000,0.0084161,0.00872449,0.00833492,0.00835575,201176276.75973916,0
DGB.V,D,20240718,000000,0.00835475,0.00865409,0.00824227,0.00824227,147864406.22362238,0
DGB.V,D,20240719,000000,0.00825027,0.00854536,0.00812837,0.00852558,136278727.41198587,0
DGB.V,D,20240720,000000,0.00851666,0.00857912,0.00828215,0.00837151,123436724.58539352,0
DGB.V,D,20240721,000000,0.0083736,0.00842428,0.00801344,0.00841177,124817866.33822705,0
DGB.V,D,20240722,000000,0.00841277,0.00856263,0.00813173,0.00816545,141288219.98430395,0
DGB.V,D,20240723,000000,0.00816845,0.00817045,0.00737666,0.0075189,193878944.05844036,0
DGB.V,D,20240724,000000,0.0075329,0.00756436,0.00726547,0.00728169,220389262.6890797,0
DGB.V,D,20240725,000000,0.00728369,0.00732346,0.00702145,0.0072369,178165817.4797726,0
DGB.V,D,20240726,000000,0.00719413,0.00757179,0.00717706,0.00751492,153652874.25803143,0
DGB.V,D,20240727,000000,0.007518,0.00764284,0.00736204,0.00752485,145869337.1011309,0
DGB.V,D,20240728,000000,0.00752575,0.0081861,0.00736919,0.00738134,343317774.94203854,0
DGB.V,D,20240729,000000,0.00737726,0.00775637,0.00736593,0.00747718,183431547.16601646,0
DGB.V,D,20240730,000000,0.00747718,0.00751635,0.00720933,0.00725382,139445070.3623361,0
DGB.V,D,20240731,000000,0.00725945,0.00735654,0.00688711,0.00691337,106503678.4283249,0
DGB.V,D,20240801,000000,0.00691451,0.0070195,0.00668237,0.0069453,139042819.7739537,0
DGB.V,D,20240802,000000,0.00694544,0.00715227,0.00666633,0.00680616,146037834.5763862,0
DGB.V,D,20240803,000000,0.00676628,0.00685093,0.00649642,0.00651989,184089912.32486925,0
DGB.V,D,20240804,000000,0.00651689,0.00671564,0.00618249,0.00661308,194984887.58479577,0
DGB.V,D,20240805,000000,0.00657509,0.00663228,0.00530553,0.00591512,255558801.48087534,0
DGB.V,D,20240806,000000,0.00591512,0.00631789,0.0058317,0.00621336,251075795.9170929,0
DGB.V,D,20240807,000000,0.00614533,0.00633053,0.00596595,0.0060126,174691753.43263564,0
DGB.V,D,20240808,000000,0.0060086,0.00674077,0.00595271,0.00670701,95877524.64440109,0
DGB.V,D,20240809,000000,0.00674902,0.00683891,0.00653959,0.00659604,123714105.47170301,0
DGB.V,D,20240810,000000,0.00659304,0.00691624,0.0065755,0.00688431,134808993.29219204,0
DGB.V,D,20240811,000000,0.00688644,0.00699926,0.00650772,0.00654765,153829670.434381,0
DGB.V,D,20240812,000000,0.00650765,0.00687396,0.00641996,0.00670967,165118932.86736646,0
DGB.V,D,20240813,000000,0.00670474,0.00697563,0.00661111,0.00692383,165931392.12123197,0
DGB.V,D,20240814,000000,0.00693783,0.0076259,0.00690493,0.0074796,321187890.34567565,0
DGB.V,D,20240815,000000,0.00747267,0.008114,0.00716107,0.0072493,347377441.24234974,0
DGB.V,D,20240816,000000,0.00724938,0.00740767,0.0069984,0.0072451,186746215.7996911,0
DGB.V,D,20240817,000000,0.00724507,0.00726274,0.00710814,0.00713364,132151650.673464,0
DGB.V,D,20240818,000000,0.00713364,0.00735232,0.00709857,0.00722337,114796666.55558276,0
DGB.V,D,20240819,000000,0.00722089,0.00754366,0.00706734,0.00751865,163020475.84893924,0
DGB.V,D,20240820,000000,0.00751865,0.00752669,0.00707906,0.00713107,153166080.0730899,0
DGB.V,D,20240821,000000,0.00713007,0.00742352,0.00703263,0.00737166,127545465.21873502,0
DGB.V,D,20240822,000000,0.00737159,0.00748967,0.00728609,0.00735907,115759077.02750109,0
DGB.V,D,20240823,000000,0.00736537,0.00793642,0.00736237,0.00790332,130357596.84655654,0
DGB.V,D,20240824,000000,0.00792133,0.0081265,0.00780973,0.00780973,139295186.4394979,0
DGB.V,D,20240825,000000,0.00788376,0.00792177,0.00760659,0.00763367,140335911.46611613,0
DGB.V,D,20240826,000000,0.00763267,0.00770993,0.00713228,0.00714329,129687133.87850861,0
DGB.V,D,20240827,000000,0.00714529,0.00720128,0.006578,0.006633,144376800.24487525,0
DGB.V,D,20240828,000000,0.00658707,0.00713685,0.00617749,0.00638457,169497272.58068618,0
DGB.V,D,20240829,000000,0.00638757,0.00672974,0.00635063,0.00647987,130089077.43719898,0
DGB.V,D,20240830,000000,0.00647487,0.00660133,0.00623769,0.00641417,136742311.38176647,0
DGB.V,D,20240831,000000,0.00641317,0.0064799,0.00632656,0.00635479,109083493.67310391,0
DGB.V,D,20240901,000000,0.00634963,0.00641191,0.00628887,0.00638985,93772457.12799188,0
DGB.V,D,20240902,000000,0.00639091,0.00648396,0.0061707,0.00646097,121130663.94214645,0
DGB.V,D,20240903,000000,0.00646371,0.00653367,0.00624494,0.00634122,112863648.10563104,0
DGB.V,D,20240904,000000,0.00633873,0.00647694,0.0060122,0.0063933,132484465.29900044,0
DGB.V,D,20240905,000000,0.0063933,0.00774176,0.00621876,0.00622276,106049243.45220196,0
DGB.V,D,20240906,000000,0.00622076,0.00771699,0.0059934,0.00601087,129634561.95154269,0
DGB.V,D,20240907,000000,0.00601087,0.00629443,0.00600787,0.00621938,95938226.35614885,0
DGB.V,D,20240908,000000,0.00623331,0.00832167,0.0061707,0.00625037,115521329.11994593,0
DGB.V,D,20240909,000000,0.00625087,0.00659819,0.00624375,0.00657418,151733655.61463317,0
DGB.V,D,20240910,000000,0.00655218,0.00657929,0.00637781,0.00643455,135746899.76270854,0
DGB.V,D,20240911,000000,0.00643857,0.00844939,0.006252,0.00641751,108881190.05783752,0
DGB.V,D,20240912,000000,0.00639672,0.00908591,0.00634786,0.00895919,131446725.7990586,0
DGB.V,D,20240913,000000,0.00636449,0.00654796,0.00632562,0.0065146,94378576.19208536,0
DGB.V,D,20240914,000000,0.0065136,0.00670427,0.0065126,0.00667527,119778674.92216487,0
DGB.V,D,20240915,000000,0.00670267,0.00682689,0.00654152,0.00655707,98291180.15106407,0
DGB.V,D,20240916,000000,0.00655762,0.00656728,0.00625075,0.00627881,62905010.98660607,0
DGB.V,D,20240917,000000,0.0062988,0.00653,0.00623175,0.00644958,70770586.59958552,0
DGB.V,D,20240918,000000,0.00645258,0.00660607,0.00628581,0.00645026,118518867.87746255,0
DGB.V,D,20240919,000000,0.00645523,0.00695046,0.00645126,0.00688569,111481267.3749422,0
DGB.V,D,20240920,000000,0.00688576,0.0152226,0.0067104,0.00687155,91310844.10041746,0
DGB.V,D,20240921,000000,0.00689238,0.00697863,0.00677,0.00691569,69896423.69036087,0
DGB.V,D,20240922,000000,0.00691069,0.00698184,0.0067468,0.006792,80322654.68517329,0
DGB.V,D,20240923,000000,0.006792,0.0126295,0.0066626,0.0068597,103016242.73930761,0
DGB.V,D,20240924,000000,0.0068617,0.00695168,0.00676898,0.00692865,102243818.98208879,0
DGB.V,D,20240925,000000,0.00692858,0.00701558,0.00690183,0.00692482,101311675.13324146,0
DGB.V,D,20240926,000000,0.00690483,0.00714036,0.00690483,0.0070417,110066091.11204952,0
DGB.V,D,20240927,000000,0.00704663,0.00729982,0.0070347,0.00716029,132965691.24782725,0
DGB.V,D,20240928,000000,0.00716029,0.010213,0.00703098,0.00712778,103468689.62027021,0
DGB.V,D,20240929,000000,0.00712457,0.0109215,0.00705135,0.00722911,89465228.88290675,0
DGB.V,D,20240930,000000,0.00724006,0.00727764,0.00694837,0.00704175,105664411.21861543,0
DGB.V,D,20241001,000000,0.00704674,0.00827518,0.00640227,0.00644832,134691370.6558571,0
DGB.V,D,20241002,000000,0.00638034,0.00655156,0.00618433,0.00620439,155993007.88076228,0
DGB.V,D,20241003,000000,0.00620232,0.00627612,0.00602104,0.00617032,144076122.75665453,0
DGB.V,D,20241004,000000,0.00617026,0.00866809,0.00610502,0.00636694,95840368.66893427,0
DGB.V,D,20241005,000000,0.00636787,0.0065308,0.00632943,0.00651496,76300316.80432896,0
DGB.V,D,20241006,000000,0.00651002,0.00677159,0.00650796,0.00665387,108978673.05157167,0
DGB.V,D,20241007,000000,0.00665487,0.00684208,0.00663187,0.006663,108086667.7683808,0
DGB.V,D,20241008,000000,0.006668,0.00677815,0.00662368,0.0066582,105475299.93561429,0
DGB.V,D,20241009,000000,0.00665614,0.0066562,0.00638119,0.00645631,107537000.05483589,0
DGB.V,D,20241010,000000,0.00645232,0.00645364,0.00621591,0.00627921,100824016.17440444,0
DGB.V,D,20241011,000000,0.00628221,0.00661207,0.00628221,0.00660707,86406077.93682998,0
DGB.V,D,20241012,000000,0.00660714,0.00676804,0.0065685,0.00668299,75706579.90909009,0
DGB.V,D,20241013,000000,0.00669067,0.00675603,0.0064951,0.00660729,87982207.52669488,0
DGB.V,D,20241014,000000,0.00660966,0.00683091,0.00660803,0.00681091,109748718.06343184,0
DGB.V,D,20241015,000000,0.00681098,0.00689807,0.00668299,0.00670726,124763134.11571723,0
DGB.V,D,20241016,000000,0.00670732,0.00690514,0.00668033,0.00680457,92303741.5553296,0
DGB.V,D,20241017,000000,0.00680057,0.00681775,0.00657851,0.00660962,72892053.16065516,0
DGB.V,D,20241018,000000,0.00661398,0.00674932,0.00659416,0.00672513,46728586.30819476,0
DGB.V,D,20241019,000000,0.00672713,0.00683738,0.00671013,0.00672239,78026733.280284,0
DGB.V,D,20241020,000000,0.006724,0.00708794,0.00671966,0.00704767,84292901.1520431,0
DGB.V,D,20241021,000000,0.00699769,0.00713108,0.00687918,0.00691916,80182671.63663834,0
DGB.V,D,20241022,000000,0.00692216,0.0138215,0.00676585,0.00692508,127820638.14197479,0
DGB.V,D,20241023,000000,0.006942,0.00699261,0.00634362,0.00649304,103490716.62606452,0
DGB.V,D,20241024,000000,0.00649511,0.00649511,0.00618962,0.00625318,138053649.37654814,0
DGB.V,D,20241025,000000,0.00625325,0.00630046,0.00608685,0.00614692,127180292.9701525,0
DGB.V,D,20241026,000000,0.00614791,0.00617187,0.00579947,0.006098,92745830.65165156,0
DGB.V,D,20241027,000000,0.006099,0.00624031,0.00603185,0.00617147,64141266.68628492,0
DGB.V,D,20241028,000000,0.00617682,0.00621041,0.0058382,0.00608074,93520864.56729876,0
DGB.V,D,20241029,000000,0.00608074,0.0062535,0.00606357,0.00613697,154775864.60489327,0
DGB.V,D,20241030,000000,0.00614509,0.00628461,0.00600436,0.00608105,112150644.6068899,0
DGB.V,D,20241031,000000,0.00608205,0.00612055,0.00581606,0.00584933,127157054.17483288,0
DGB.V,D,20241101,000000,0.00584933,0.00593504,0.00567387,0.00577201,93917697.02415681,0
DGB.V,D,20241102,000000,0.00578201,0.00588841,0.00565919,0.00569035,81558352.9055453,0
DGB.V,D,20241103,000000,0.00569041,0.00569141,0.00514084,0.00528594,152634867.81152603,0
DGB.V,D,20241104,000000,0.00528189,0.010845,0.00498361,0.00501509,151988086.93254772,0
DGB.V,D,20241105,000000,0.00503299,0.00559078,0.00501364,0.00539835,158664053.5638726,0
DGB.V,D,20241106,000000,0.00539835,0.00598659,0.00538746,0.00598559,198291061.61004555,0
DGB.V,D,20241107,000000,0.00599059,0.00628401,0.00596038,0.00623812,107504589.77671959,0
DGB.V,D,20241108,000000,0.00619827,0.00629772,0.00606093,0.00628002,85001687.79850607,0
DGB.V,D,20241109,000000,0.00628202,0.00658491,0.00621386,0.00657391,125466186.41947486,0
DGB.V,D,20241110,000000,0.00659698,0.00729667,0.00656915,0.00695582,153666100.20382375,0
DGB.V,D,20241111,000000,0.00695689,0.00727065,0.00689223,0.00725233,112327830.32565778,0
DGB.V,D,20241112,000000,0.00725641,0.0114118,0.00657896,0.00696352,145723154.9055259,0
DGB.V,D,20241113,000000,0.00696052,0.00843735,0.00640947,0.00739012,333392822.4161896,0
DGB.V,D,20241114,000000,0.00738905,0.00768382,0.00666927,0.00704285,123211698.01681338,0
DGB.V,D,20241115,000000,0.00706078,0.00973117,0.00681907,0.0089666,1205329752.3005376,0
DGB.V,D,20241116,000000,0.00895068,0.00927536,0.00816796,0.00862702,464412856.8093056,0
DGB.V,D,20241117,000000,0.00862902,0.00955385,0.00806368,0.00808224,330179282.5476495,0
DGB.V,D,20241118,000000,0.00808232,0.00930916,0.00804224,0.00874286,221977344.01303607,0
DGB.V,D,20241119,000000,0.00875396,0.00876009,0.00835017,0.00839265,169325721.01300228,0
DGB.V,D,20241120,000000,0.00839064,0.0131982,0.00837437,0.0109175,3061977853.945491,0
DGB.V,D,20241121,000000,0.0109445,0.0121873,0.00979194,0.0104689,1006335460.5669758,0
DGB.V,D,20241122,000000,0.0104688,0.0116187,0.0102271,0.0111635,554781635.2581705,0
DGB.V,D,20241123,000000,0.0111356,0.0118528,0.0107073,0.0117056,362869245.87139034,0
DGB.V,D,20241124,000000,0.0116956,0.0123852,0.0103149,0.0115335,284259718.605676,0
DGB.V,D,20241125,000000,0.0115325,0.01202,0.0105586,0.0108379,195429084.83763814,0
DGB.V,D,20241126,000000,0.0108343,0.0113464,0.009986,0.0105001,194781453.82942212,0
DGB.V,D,20241127,000000,0.010539,0.0112492,0.0104341,0.010967,170296226.38938558,0
DGB.V,D,20241128,000000,0.0110279,0.013537,0.0106531,0.0110156,121098857.33733056,0
DGB.V,D,20241129,000000,0.0110356,0.0135987,0.010756,0.0112861,129881232.66402403,0
DGB.V,D,20241130,000000,0.0113133,0.017881,0.0111911,0.0160924,3583040524.181853,0
DGB.V,D,20241201,000000,0.0160844,0.0171018,0.0146143,0.0152528,597433776.5771002,0
DGB.V,D,20241202,000000,0.0152219,0.0162261,0.0147049,0.0156756,482396001.5552185,0
DGB.V,D,20241203,000000,0.0157045,0.0211605,0.0154635,0.0190938,1103126450.5088925,0
DGB.V,D,20241204,000000,0.0190474,0.0219129,0.0183881,0.0206178,549960224.6350582,0
DGB.V,D,20241205,000000,0.0206468,0.0207521,0.018116,0.0188803,190105338.5858098,0
DGB.V,D,20241206,000000,0.0188759,0.0194196,0.0176011,0.0180978,163941726.91289747,0
DGB.V,D,20241207,000000,0.0180549,0.0229236,0.0176173,0.0177254,103866246.98800725,0
DGB.V,D,20241208,000000,0.0177274,0.0192212,0.0171696,0.0177119,191225088.8068277,0
DGB.V,D,20241209,000000,0.0177109,0.0222861,0.0131897,0.0145324,198252367.26543695,0
DGB.V,D,20241210,000000,0.0145824,0.0152787,0.0130107,0.0146912,187437601.92549294,0
DGB.V,D,20241211,000000,0.0146853,0.0186552,0.0139051,0.0154487,120405432.53108433,0
DGB.V,D,20241212,000000,0.0154317,0.0174113,0.0147651,0.0149463,284755409.1274111,0
DGB.V,D,20241213,000000,0.0149824,0.0151472,0.0143976,0.0146808,88178309.17530903,0
DGB.V,D,20241214,000000,0.0146788,0.016351,0.0146665,0.0151116,227703299.1236366,0
DGB.V,D,20241215,000000,0.0151126,0.0159666,0.0145099,0.0152828,124473537.33052261,0
DGB.V,D,20241216,000000,0.0152888,0.0196885,0.01422,0.0149062,114882527.45793831,0
DGB.V,D,20241217,000000,0.0148892,0.0149252,0.0136496,0.0136666,95332577.88379434,0
DGB.V,D,20241218,000000,0.0136646,0.0138856,0.0123119,0.0125179,101898677.57374352,0
DGB.V,D,20241219,000000,0.012503,0.012763,0.0112759,0.0115775,114473889.77492343,0
DGB.V,D,20241220,000000,0.0115746,0.0211065,0.00964226,0.0121249,160335971.19442326,0
DGB.V,D,20241221,000000,0.012134,0.0125391,0.0111985,0.0113173,211405505.00676093,0
DGB.V,D,20241222,000000,0.0113114,0.0123523,0.0110923,0.0115243,368223729.1922221,0
DGB.V,D,20241223,000000,0.0115193,0.0126812,0.0113864,0.0125533,119249652.12930146,0
DGB.V,D,20241224,000000,0.0125753,0.0129579,0.0120962,0.0128123,203589061.70718727,0
DGB.V,D,20241225,000000,0.0128202,0.0226603,0.0127174,0.0128436,124591463.48140503,0
DGB.V,D,20241226,000000,0.0128665,0.012981,0.011927,0.01216,68849495.88523349,0
DGB.V,D,20241227,000000,0.0121314,0.0251345,0.011678,0.0116929,75608963.54537334,0
DGB.V,D,20241228,000000,0.011688,0.0120477,0.0114229,0.0120043,97399795.04240628,0
DGB.V,D,20241229,000000,0.0120134,0.0121644,0.011582,0.0116153,43344018.770816594,0
DGB.V,D,20241230,000000,0.0116163,0.0120703,0.0109113,0.0110828,97525175.33176641,0
DGB.V,D,20241231,000000,0.0110797,0.0111726,0.0104844,0.0104885,59659136.14761192,0
DGB.V,D,20250101,000000,0.0104903,0.0137989,0.0103001,0.0126375,655135707.1924237,0
DGB.V,D,20250102,000000,0.0126395,0.0147892,0.0123239,0.013689,966900289.4319887,0
DGB.V,D,20250103,000000,0.013694,0.015115,0.0136905,0.0143514,390341110.11604357,0
DGB.V,D,20250104,000000,0.0143425,0.0159786,0.0143013,0.0150631,388253096.9149198,0
DGB.V,D,20250105,000000,0.015057,0.0154026,0.0141512,0.0144612,153079836.38012236,0
DGB.V,D,20250106,000000,0.0144454,0.0155797,0.0140832,0.0149423,164151643.20477396,0
DGB.V,D,20250107,000000,0.0149513,0.0149979,0.0133009,0.0133411,96074745.43630043,0
DGB.V,D,20250108,000000,0.01337,0.01373,0.011711,0.0125822,103197032.29231156,0
DGB.V,D,20250109,000000,0.0126152,0.0126242,0.0118515,0.0122831,62614923.69564251,0
DGB.V,D,20250110,000000,0.0122793,0.0126982,0.012032,0.0125274,59914289.861044526,0
DGB.V,D,20250111,000000,0.0125274,0.0127508,0.0122305,0.0126039,59881301.69311892,0
DGB.V,D,20250112,000000,0.0125989,0.0126051,0.0117828,0.0118028,86765089.43371493,0
DGB.V,D,20250113,000000,0.0118009,0.0123203,0.0106616,0.0115831,93790517.25031269,0
DGB.V,D,20250114,000000,0.0115651,0.0223203,0.0114664,0.0122029,102605642.05398266,0
DGB.V,D,20250115,000000,0.0122089,0.0188987,0.0116904,0.0128245,94613302.99948163,0
DGB.V,D,20250116,000000,0.0128174,0.0183963,0.0123022,0.012703,88027514.75492811,0
DGB.V,D,20250117,000000,0.012702,0.0136264,0.0126561,0.0136194,88467420.73152581,0
DGB.V,D,20250118,000000,0.0136324,0.0137836,0.0119609,0.0122249,95079569.68911074,0
DGB.V,D,20250119,000000,0.0122139,0.0125399,0.0106404,0.0106534,107729648.33178557,0
DGB.V,D,20250120,000000,0.0107728,0.0115901,0.0105128,0.0109151,128485505.84442994,0
DGB.V,D,20250121,000000,0.0109282,0.0117594,0.0104284,0.0115078,79744538.902307,0
DGB.V,D,20250122,000000,0.011499,0.014804,0.0107507,0.0109734,113803419.34437644,0
DGB.V,D,20250123,000000,0.0109784,0.0111634,0.0100845,0.0106162,92662185.03271393,0
DGB.V,D,20250124,000000,0.0106073,0.0109394,0.0102956,0.0105485,68779199.08332172,0
DGB.V,D,20250125,000000,0.0105597,0.0120522,0.0102678,0.0116249,240978777.40829557,0
DGB.V,D,20250126,000000,0.0116258,0.0118827,0.0107807,0.0108613,105045155.92141269,0
DGB.V,D,20250127,000000,0.0108674,0.0108913,0.0099902,0.0108112,62500599.09267067,0
DGB.V,D,20250128,000000,0.0108165,0.0113361,0.0102023,0.0102234,92087247.71900551,0
DGB.V,D,20250129,000000,0.0102124,0.0110121,0.0102006,0.0107237,78689854.10940976,0
DGB.V,D,20250130,000000,0.0107218,0.0178213,0.0104105,0.010798,114460192.03312741,0
DGB.V,D,20250131,000000,0.0107991,0.0170446,0.0103853,0.0107829,85592639.62039842,0
DGB.V,D,20250201,000000,0.0107669,0.0109234,0.0099791,0.0100096,56949779.11145657,0
DGB.V,D,20250202,000000,0.0100095,0.0102527,0.00823674,0.00854644,109076378.13892856,0
DGB.V,D,20250203,000000,0.00854352,0.0135239,0.00658216,0.00913513,159532079.12770393,0
DGB.V,D,20250204,000000,0.00911811,0.0157109,0.00821048,0.00865924,79348690.67452091,0
DGB.V,D,20250205,000000,0.00869735,0.0168122,0.0082965,0.00831066,45149401.90262587,0
DGB.V,D,20250206,000000,0.00829866,0.0170762,0.00808318,0.00835658,99561891.79840052,0
DGB.V,D,20250207,000000,0.00835658,0.00877486,0.00803056,0.00804332,85243411.80955255,0
DGB.V,D,20250208,000000,0.00804432,0.00855257,0.00803356,0.00847468,100677356.37543587,0
DGB.V,D,20250209,000000,0.00847068,0.0148418,0.00817174,0.008302,83328916.35492413,0
DGB.V,D,20250210,000000,0.008302,0.00859229,0.00805145,0.00845444,49895282.567388445,0
DGB.V,D,20250211,000000,0.00845652,0.0145296,0.00830284,0.00834208,124661045.30473645,0
DGB.V,D,20250212,000000,0.00834508,0.00882653,0.00815992,0.00882653,92349435.07722947,0
DGB.V,D,20250213,000000,0.00882662,0.0194658,0.00840225,0.00855417,83920276.74441633,0
DGB.V,D,20250214,000000,0.00852617,0.00897342,0.00848468,0.00873148,73941150.84751691,0
DGB.V,D,20250215,000000,0.00872148,0.00878279,0.00847168,0.00850685,52622687.03219182,0
