<TICKER>,<PER>,<DATE>,<TIME>,<OPEN>,<HIGH>,<LOW>,<CLOSE>,<VOL>,<OPENINT>
ELF.V,D,20220515,000000,0.15986,0.164852,0.155551,0.164303,1246450.5700875,0
ELF.V,D,20220516,000000,0.164003,0.168814,0.14989,0.155098,1057805.1935618,0
ELF.V,D,20220517,000000,0.155198,0.162621,0.154998,0.161406,1470736.5706976,0
ELF.V,D,20220518,000000,0.16169,0.177769,0.148107,0.149605,2427678.1332223,0
ELF.V,D,20220519,000000,0.14959,0.15566,0.137535,0.151663,7344142.6756008,0
ELF.V,D,20220520,000000,0.151763,0.173709,0.145511,0.152302,19343307.250843,0
ELF.V,D,20220521,000000,0.152317,0.155697,0.148422,0.153001,1675728.2468598,0
ELF.V,D,20220522,000000,0.153101,0.166899,0.152701,0.161106,4818035.6269429,0
ELF.V,D,20220523,000000,0.161206,0.17033,0.161206,0.164885,7173199.208186,0
ELF.V,D,20220524,000000,0.162788,0.162804,0.147223,0.158594,1947141.3161873,0
ELF.V,D,20220525,000000,0.158494,0.162173,0.154015,0.159908,1516220.111409,0
ELF.V,D,20220526,000000,0.160008,0.162305,0.145126,0.153946,2131378.4380406,0
ELF.V,D,20220527,000000,0.154046,0.237538,0.148052,0.154645,47300154.608021,0
ELF.V,D,20220528,000000,0.154822,0.15824,0.146339,0.151424,11474476.999011,0
ELF.V,D,20220529,000000,0.151619,0.153231,0.147652,0.150333,2713614.5823558,0
ELF.V,D,20220530,000000,0.150631,0.163685,0.150239,0.16207,11116942.956154,0
ELF.V,D,20220531,000000,0.16177,0.165468,0.157874,0.160871,4326468.6492307,0
ELF.V,D,20220601,000000,0.161479,0.183246,0.158541,0.158541,9773826.8022279,0
ELF.V,D,20220602,000000,0.158564,0.252572,0.157358,0.174643,52098621.452346,0
ELF.V,D,20220603,000000,0.174842,0.187857,0.169639,0.174348,6919323.7319339,0
ELF.V,D,20220604,000000,0.17435,0.189412,0.170265,0.170572,13289000.014584,0
ELF.V,D,20220605,000000,0.17067,0.210119,0.166865,0.179931,23917918.244527,0
ELF.V,D,20220606,000000,0.179731,0.20191,0.179049,0.187442,47809115.561894,0
ELF.V,D,20220607,000000,0.18824,0.197634,0.171463,0.18186,27384466.009204,0
ELF.V,D,20220608,000000,0.182054,0.184291,0.172383,0.174287,19224054.830181,0
ELF.V,D,20220609,000000,0.174387,0.209624,0.172772,0.175652,16518354.097591,0
ELF.V,D,20220610,000000,0.175451,0.179446,0.159025,0.16369,16564647.142681,0
ELF.V,D,20220611,000000,0.163692,0.167519,0.145419,0.151028,3968024.119794,0
ELF.V,D,20220612,000000,0.151627,0.152627,0.137629,0.142723,4252662.2143729,0
ELF.V,D,20220613,000000,0.142724,0.145315,0.119421,0.124327,39485032.142739,0
ELF.V,D,20220614,000000,0.124427,0.128804,0.116823,0.121554,75070004.995288,0
ELF.V,D,20220615,000000,0.121555,0.142378,0.1184,0.132601,90508857.803262,0
ELF.V,D,20220616,000000,0.132714,0.14133,0.126448,0.132514,54486178.018834,0
ELF.V,D,20220617,000000,0.128721,0.141219,0.127622,0.134838,50976624.833276,0
ELF.V,D,20220618,000000,0.134838,0.137438,0.117928,0.1234,80815909.748533,0
ELF.V,D,20220619,000000,0.1233,0.135138,0.122818,0.132527,13774013.953351,0
ELF.V,D,20220620,000000,0.132541,0.136949,0.128333,0.133853,10142713.666137,0
ELF.V,D,20220621,000000,0.133753,0.151863,0.132641,0.142258,7296363.2873479,0
ELF.V,D,20220622,000000,0.142443,0.142757,0.133553,0.134465,3474128.3541821,0
ELF.V,D,20220623,000000,0.134465,0.141558,0.134252,0.138861,2711022.1867548,0
ELF.V,D,20220624,000000,0.137362,0.145074,0.137263,0.143487,34037073.562894,0
ELF.V,D,20220625,000000,0.143188,0.177481,0.141104,0.151294,30604798.072092,0
ELF.V,D,20220626,000000,0.151494,0.151895,0.143512,0.14461,12822028.829947,0
ELF.V,D,20220627,000000,0.143414,0.15667,0.140015,0.146668,4268118.7017524,0
ELF.V,D,20220628,000000,0.150263,0.15566,0.144927,0.14652,4311097.8679918,0
ELF.V,D,20220629,000000,0.146317,0.146618,0.139212,0.144525,7995548.2388434,0
ELF.V,D,20220630,000000,0.142228,0.195451,0.135826,0.144926,25078070.322264,0
ELF.V,D,20220701,000000,0.145226,0.189235,0.142115,0.160523,20256369.655039,0
ELF.V,D,20220702,000000,0.160623,0.171811,0.14962,0.14992,23742323.282935,0
ELF.V,D,20220703,000000,0.15002,0.16878,0.143214,0.160891,23014794.559773,0
ELF.V,D,20220704,000000,0.16129,0.25377,0.156396,0.201558,75326270.685728,0
ELF.V,D,20220705,000000,0.200859,0.201857,0.188374,0.189491,6120123.2531152,0
ELF.V,D,20220706,000000,0.189891,0.193187,0.182599,0.186495,2567066.719319,0
ELF.V,D,20220707,000000,0.187793,0.192488,0.171611,0.190086,2647375.4152234,0
ELF.V,D,20220708,000000,0.182672,0.277733,0.180519,0.219168,38161308.637687,0
ELF.V,D,20220709,000000,0.219668,0.229639,0.210873,0.212872,2612379.6610939,0
ELF.V,D,20220710,000000,0.212972,0.241755,0.207975,0.226864,7258745.5806396,0
ELF.V,D,20220711,000000,0.227463,0.294793,0.217847,0.256169,45884091.332042,0
ELF.V,D,20220712,000000,0.256169,0.310489,0.206194,0.206194,96426979.823493,0
ELF.V,D,20220713,000000,0.205503,0.2056,0.176323,0.182336,21696894.438888,0
ELF.V,D,20220714,000000,0.182036,0.190029,0.173361,0.180192,11332173.022222,0
ELF.V,D,20220715,000000,0.180292,0.185289,0.175894,0.180046,5178445.9325363,0
ELF.V,D,20220716,000000,0.180346,0.183963,0.176329,0.181664,4312268.9608624,0
ELF.V,D,20220717,000000,0.181751,0.183065,0.176267,0.178552,2748713.5180667,0
ELF.V,D,20220718,000000,0.178652,0.187477,0.177142,0.181058,7040495.9174964,0
ELF.V,D,20220719,000000,0.181057,0.1884,0.178987,0.18803,4471766.3238103,0
ELF.V,D,20220720,000000,0.188,0.201822,0.181898,0.187009,11539560.101635,0
ELF.V,D,20220721,000000,0.186922,0.18783,0.172517,0.180038,5008823.959751,0
ELF.V,D,20220722,000000,0.180245,0.180934,0.173433,0.175539,3714142.9803398,0
ELF.V,D,20220723,000000,0.1752,0.177218,0.171585,0.173335,2701142.6915579,0
ELF.V,D,20220724,000000,0.173435,0.176309,0.173302,0.174335,2377479.967303,0
ELF.V,D,20220725,000000,0.174733,0.176133,0.161718,0.164613,3962565.8437624,0
ELF.V,D,20220726,000000,0.164415,0.165707,0.151905,0.155523,6579742.2474838,0
ELF.V,D,20220727,000000,0.155623,0.166242,0.155523,0.16514,2819887.9345952,0
ELF.V,D,20220728,000000,0.16514,0.171838,0.162818,0.169532,3773123.6488972,0
ELF.V,D,20220729,000000,0.169636,0.17101,0.164233,0.166068,4238660.1489812,0
ELF.V,D,20220730,000000,0.166168,0.177166,0.166066,0.169858,5454980.8376451,0
ELF.V,D,20220731,000000,0.169951,0.17786,0.167245,0.171339,7658108.0955193,0
ELF.V,D,20220801,000000,0.171441,0.18485,0.168864,0.177953,8792938.5104635,0
ELF.V,D,20220802,000000,0.177852,0.182571,0.165963,0.171629,5939046.2107578,0
ELF.V,D,20220803,000000,0.171634,0.172654,0.166742,0.171843,3757389.4519525,0
ELF.V,D,20220804,000000,0.171739,0.17513,0.168951,0.169805,4649384.5277167,0
ELF.V,D,20220805,000000,0.169607,0.176333,0.169607,0.174533,3405840.580249,0
ELF.V,D,20220806,000000,0.174535,0.177807,0.174335,0.176941,1969096.183852,0
ELF.V,D,20220807,000000,0.177241,0.177934,0.173828,0.177132,1511331.7850598,0
ELF.V,D,20220808,000000,0.177034,0.179634,0.174624,0.177521,1869846.3270732,0
ELF.V,D,20220809,000000,0.177428,0.180132,0.168925,0.171134,2553224.7159585,0
ELF.V,D,20220810,000000,0.170836,0.178643,0.166547,0.178152,2344478.774614,0
ELF.V,D,20220811,000000,0.178052,0.202459,0.17755,0.181785,16992881.266545,0
ELF.V,D,20220812,000000,0.182273,0.185285,0.178589,0.185285,2692321.168124,0
ELF.V,D,20220813,000000,0.185585,0.185893,0.181782,0.183071,1405520.2855295,0
ELF.V,D,20220814,000000,0.183162,0.189457,0.180441,0.182357,2577887.7640125,0
ELF.V,D,20220815,000000,0.181058,0.192152,0.178543,0.181742,5039598.6750431,0
ELF.V,D,20220816,000000,0.181642,0.201514,0.179339,0.186117,12642049.573243,0
ELF.V,D,20220817,000000,0.186017,0.190425,0.175398,0.177314,5446230.5545562,0
ELF.V,D,20220818,000000,0.177814,0.183509,0.175282,0.176005,3899232.5032581,0
ELF.V,D,20220819,000000,0.176018,0.176418,0.150215,0.150915,3907140.096548,0
ELF.V,D,20220820,000000,0.151408,0.155216,0.145588,0.146499,3343565.6940628,0
ELF.V,D,20220821,000000,0.146496,0.154255,0.1463,0.152495,3982605.5887588,0
ELF.V,D,20220822,000000,0.152397,0.152902,0.14229,0.145574,3503821.5398342,0
ELF.V,D,20220823,000000,0.145678,0.148915,0.144596,0.148503,2720138.7232021,0
ELF.V,D,20220824,000000,0.148599,0.151111,0.14579,0.150414,2919352.9309737,0
ELF.V,D,20220825,000000,0.150511,0.160795,0.148699,0.154705,9294526.5850183,0
ELF.V,D,20220826,000000,0.154702,0.156313,0.143513,0.143813,3464565.7746103,0
ELF.V,D,20220827,000000,0.143514,0.143814,0.138019,0.138703,2251488.0245565,0
ELF.V,D,20220828,000000,0.138901,0.154402,0.138803,0.1417,9229852.9468754,0
ELF.V,D,20220829,000000,0.1416,0.14462,0.137892,0.14301,2392547.4287197,0
ELF.V,D,20220830,000000,0.143014,0.1473,0.139115,0.141713,2844851.0357531,0
ELF.V,D,20220831,000000,0.141611,0.146303,0.14151,0.145,2355289.5270067,0
ELF.V,D,20220901,000000,0.144901,0.144996,0.139004,0.142394,1894153.0489971,0
ELF.V,D,20220902,000000,0.142493,0.145699,0.140308,0.141624,3098888.8112778,0
ELF.V,D,20220903,000000,0.141823,0.141924,0.1401,0.141514,1659620.2676281,0
ELF.V,D,20220904,000000,0.1416,0.1422,0.1394,0.141414,1320134.6992752,0
ELF.V,D,20220905,000000,0.1413,0.1424,0.1396,0.140514,1685510.4426885,0
ELF.V,D,20220906,000000,0.1402,0.1427,0.134087,0.1346,3705027.8955976,0
ELF.V,D,20220907,000000,0.134608,0.1356,0.129994,0.135409,2826340.7237552,0
ELF.V,D,20220908,000000,0.135409,0.155214,0.135101,0.142021,26480629.428411,0
ELF.V,D,20220909,000000,0.142023,0.147429,0.141517,0.146048,5101890.7849358,0
ELF.V,D,20220910,000000,0.146161,0.148255,0.145454,0.147128,3152054.1357279,0
ELF.V,D,20220911,000000,0.147431,0.155747,0.146545,0.151938,5610656.1912108,0
ELF.V,D,20220912,000000,0.152038,0.165528,0.14973,0.153631,10572688.668457,0
ELF.V,D,20220913,000000,0.153528,0.154629,0.13951,0.140303,4467123.8769158,0
ELF.V,D,20220914,000000,0.140203,0.144396,0.139203,0.141335,4830913.6722166,0
ELF.V,D,20220915,000000,0.141037,0.142421,0.135474,0.136986,3399459.8268164,0
ELF.V,D,20220916,000000,0.136993,0.137196,0.134873,0.136386,3202406.3949156,0
ELF.V,D,20220917,000000,0.136586,0.138714,0.136086,0.138314,2012300.5899684,0
ELF.V,D,20220918,000000,0.1382,0.138814,0.1319,0.1322,3141049.4409478,0
ELF.V,D,20220919,000000,0.131987,0.133127,0.126887,0.132613,3505196.3369828,0
ELF.V,D,20220920,000000,0.132226,0.133327,0.1296,0.129713,3237886.5263349,0
ELF.V,D,20220921,000000,0.129713,0.134313,0.1279,0.1284,7853020.6873353,0
ELF.V,D,20220922,000000,0.128113,0.1329,0.1278,0.132,3424781.7652076,0
ELF.V,D,20220923,000000,0.1321,0.134987,0.129787,0.1324,3579824.6820863,0
ELF.V,D,20220924,000000,0.132592,0.133904,0.131999,0.132611,1689843.2118404,0
ELF.V,D,20220925,000000,0.132613,0.133408,0.130099,0.1301,1700776.5407905,0
ELF.V,D,20220926,000000,0.130101,0.131,0.128,0.1299,2775596.4344307,0
ELF.V,D,20220927,000000,0.1299,0.1339,0.129187,0.129487,4832263.8636345,0
ELF.V,D,20220928,000000,0.129487,0.1308,0.127087,0.1307,3082000.6496048,0
ELF.V,D,20220929,000000,0.1303,0.1308,0.128013,0.1301,3395593.6212642,0
ELF.V,D,20220930,000000,0.1301,0.131713,0.1292,0.1292,3000874.9725134,0
ELF.V,D,20221001,000000,0.1292,0.132113,0.1291,0.1302,2364652.7161547,0
ELF.V,D,20221002,000000,0.1304,0.130513,0.1285,0.1291,1442388.8612505,0
ELF.V,D,20221003,000000,0.1291,0.130313,0.1281,0.130026,2092286.3472604,0
ELF.V,D,20221004,000000,0.130013,0.13274,0.1299,0.13254,2324474.667084,0
ELF.V,D,20221005,000000,0.13244,0.13274,0.1301,0.131526,1982940.3820512,0
ELF.V,D,20221006,000000,0.131618,0.133124,0.131317,0.131322,2520569.4242928,0
ELF.V,D,20221007,000000,0.131322,0.132304,0.129701,0.13172,2305125.1734516,0
ELF.V,D,20221008,000000,0.132009,0.139917,0.131711,0.133736,7726424.2687201,0
ELF.V,D,20221009,000000,0.133735,0.134127,0.1329,0.133327,1306515.0298204,0
ELF.V,D,20221010,000000,0.133327,0.133727,0.130174,0.1303,1627464.6900693,0
ELF.V,D,20221011,000000,0.1303,0.1303,0.126981,0.126989,1966578.1394912,0
ELF.V,D,20221012,000000,0.127185,0.127696,0.126491,0.126704,1498107.8634566,0
ELF.V,D,20221013,000000,0.126704,0.127099,0.118489,0.12431,2893357.1484962,0
ELF.V,D,20221014,000000,0.124311,0.126514,0.123707,0.124102,2235401.7187114,0
ELF.V,D,20221015,000000,0.124105,0.124511,0.123309,0.123506,1273559.5216387,0
ELF.V,D,20221016,000000,0.123487,0.128899,0.123295,0.126905,5563571.3664328,0
ELF.V,D,20221017,000000,0.126706,0.131303,0.125701,0.128703,6949616.0892965,0
ELF.V,D,20221018,000000,0.128604,0.131309,0.128204,0.129308,2922782.1036615,0
ELF.V,D,20221019,000000,0.129404,0.129606,0.126492,0.1267,1678161.619951,0
ELF.V,D,20221020,000000,0.126801,0.126804,0.124889,0.125486,1571218.2300589,0
ELF.V,D,20221021,000000,0.125489,0.125492,0.121389,0.123909,2799884.605697,0
ELF.V,D,20221022,000000,0.124009,0.125609,0.123706,0.125211,1465572.2400125,0
ELF.V,D,20221023,000000,0.12501,0.126914,0.123704,0.126616,1981632.1034519,0
ELF.V,D,20221024,000000,0.126916,0.127912,0.125306,0.127105,2584257.8547545,0
ELF.V,D,20221025,000000,0.127004,0.132945,0.127004,0.131542,3985157.8221275,0
ELF.V,D,20221026,000000,0.131342,0.13395,0.130229,0.132636,2744617.1271476,0
ELF.V,D,20221027,000000,0.132536,0.135731,0.132205,0.132608,3325309.5800605,0
ELF.V,D,20221028,000000,0.132508,0.133127,0.129709,0.132828,2184286.2060607,0
ELF.V,D,20221029,000000,0.132724,0.134251,0.132524,0.133231,2481820.7957107,0
ELF.V,D,20221030,000000,0.133232,0.13364,0.131324,0.131626,1654200.3070839,0
ELF.V,D,20221031,000000,0.131626,0.1322,0.129686,0.13049,2846947.4491408,0
ELF.V,D,20221101,000000,0.130492,0.132067,0.130288,0.131187,1274770.1593654,0
ELF.V,D,20221102,000000,0.131286,0.131874,0.127692,0.127892,4183465.2575162,0
ELF.V,D,20221103,000000,0.127792,0.131296,0.127792,0.1301,2532032.9442733,0
ELF.V,D,20221104,000000,0.130099,0.135504,0.129486,0.135208,3557324.7166317,0
ELF.V,D,20221105,000000,0.135111,0.138114,0.134712,0.135807,2460277.853097029,0
ELF.V,D,20221106,000000,0.135804,0.135805,0.133704,0.134011,1528511.3973544089,0
ELF.V,D,20221107,000000,0.133809,0.133811,0.129813,0.130114,2671017.333653101,0
ELF.V,D,20221108,000000,0.130139,0.1308,0.110644,0.114944,4693659.980720566,0
ELF.V,D,20221109,000000,0.114944,0.116719,0.104326,0.109432,7420602.179836394,0
ELF.V,D,20221110,000000,0.109417,0.133045,0.107532,0.117209,8550162.597277274,0
ELF.V,D,20221111,000000,0.117101,0.133791,0.109438,0.111022,2443867.301096047,0
ELF.V,D,20221112,000000,0.111122,0.113545,0.108305,0.109403,2989091.996932719,0
ELF.V,D,20221113,000000,0.109203,0.117647,0.107393,0.113541,7771569.755722903,0
ELF.V,D,20221114,000000,0.113364,0.119357,0.108726,0.117224,5142080.424299748,0
ELF.V,D,20221115,000000,0.117224,0.125674,0.116537,0.122378,3975860.8932892233,0
ELF.V,D,20221116,000000,0.122351,0.12275,0.117075,0.118989,1375161.293408052,0
ELF.V,D,20221117,000000,0.119089,0.1195,0.116589,0.118008,946749.7960017645,0
ELF.V,D,20221118,000000,0.117908,0.123599,0.117904,0.12146,2587879.8822488305,0
ELF.V,D,20221119,000000,0.12156,0.124366,0.120756,0.124269,1517224.02412506,0
ELF.V,D,20221120,000000,0.124371,0.125456,0.118621,0.118819,2247392.8836855516,0
ELF.V,D,20221121,000000,0.118918,0.120719,0.117422,0.119057,1615566.036056703,0
ELF.V,D,20221122,000000,0.119156,0.121552,0.117747,0.121352,1635997.5351408105,0
ELF.V,D,20221123,000000,0.121544,0.123957,0.12124,0.123864,1282864.5919444088,0
ELF.V,D,20221124,000000,0.123963,0.125175,0.121995,0.123097,1834134.693171085,0
ELF.V,D,20221125,000000,0.123095,0.126509,0.122893,0.12423,6337266.926227855,0
ELF.V,D,20221126,000000,0.124327,0.124836,0.124017,0.124227,1036398.5548214742,0
ELF.V,D,20221127,000000,0.124028,0.12652,0.122327,0.123122,2657422.1292546922,0
ELF.V,D,20221128,000000,0.123021,0.124929,0.117335,0.120554,4395889.607894127,0
ELF.V,D,20221129,000000,0.120453,0.122335,0.119651,0.120955,1043292.422348057,0
ELF.V,D,20221130,000000,0.121054,0.124626,0.120759,0.124405,1231722.0983289275,0
ELF.V,D,20221201,000000,0.124405,0.125012,0.120613,0.121707,1054241.761994215,0
ELF.V,D,20221202,000000,0.121607,0.122112,0.118912,0.121005,1378110.142385554,0
ELF.V,D,20221203,000000,0.121007,0.122012,0.118812,0.119112,1355849.2275841008,0
ELF.V,D,20221204,000000,0.119124,0.121136,0.118912,0.120224,873783.8059612855,0
ELF.V,D,20221205,000000,0.120224,0.122904,0.120012,0.122802,2261454.348147329,0
ELF.V,D,20221206,000000,0.122802,0.1317,0.1228,0.129897,7556509.455647304,0
ELF.V,D,20221207,000000,0.129797,0.1301,0.1269,0.1283,3957435.4363671322,0
ELF.V,D,20221208,000000,0.1283,0.131818,0.128201,0.130509,3442983.1260452154,0
ELF.V,D,20221209,000000,0.130713,0.133208,0.129699,0.129905,3413037.7976224506,0
ELF.V,D,20221210,000000,0.130107,0.137301,0.129592,0.135597,6172690.88442269,0
ELF.V,D,20221211,000000,0.135599,0.1378,0.132513,0.132613,3308196.321700358,0
ELF.V,D,20221212,000000,0.132727,0.132827,0.1306,0.131512,1074025.8729752349,0
ELF.V,D,20221213,000000,0.131609,0.134544,0.131425,0.134468,1233483.819003658,0
ELF.V,D,20221214,000000,0.134457,0.1367,0.134372,0.135709,1124941.8907088945,0
ELF.V,D,20221215,000000,0.1357,0.140528,0.135214,0.140228,2284198.512991812,0
ELF.V,D,20221216,000000,0.140128,0.144114,0.138714,0.139814,3292994.9994793697,0
ELF.V,D,20221217,000000,0.139814,0.145313,0.137214,0.138418,2198225.935322316,0
ELF.V,D,20221218,000000,0.138519,0.143617,0.138203,0.142118,1499274.7936152357,0
ELF.V,D,20221219,000000,0.141818,0.145703,0.1345,0.1456,2336376.6497177724,0
ELF.V,D,20221220,000000,0.1453,0.147703,0.139406,0.139806,2497649.6371249245,0
ELF.V,D,20221221,000000,0.139806,0.145301,0.1388,0.144706,1225494.2500563157,0
ELF.V,D,20221222,000000,0.144907,0.146194,0.144586,0.145077,898012.2389878198,0
ELF.V,D,20221223,000000,0.145078,0.150885,0.144981,0.150483,2908933.214520345,0
ELF.V,D,20221224,000000,0.150383,0.150886,0.149982,0.150189,1009235.4366318623,0
ELF.V,D,20221225,000000,0.150151,0.152575,0.149876,0.152017,1948135.3982334018,0
ELF.V,D,20221226,000000,0.152182,0.152486,0.149862,0.14991,822991.8291759744,0
ELF.V,D,20221227,000000,0.15,0.150488,0.141649,0.141945,6173844.022374686,0
ELF.V,D,20221228,000000,0.141943,0.149245,0.141639,0.14722,6168677.605804054,0
ELF.V,D,20221229,000000,0.147222,0.158018,0.145211,0.150732,9908061.81991756,0
ELF.V,D,20221230,000000,0.150532,0.165417,0.149932,0.154621,17615614.155052554,0
ELF.V,D,20221231,000000,0.154621,0.16032,0.149827,0.15642,14445787.184259303,0
ELF.V,D,20230101,000000,0.15642,0.157813,0.153512,0.157026,3973996.889120056,0
ELF.V,D,20230102,000000,0.157026,0.169131,0.155136,0.16215,10399234.634661911,0
ELF.V,D,20230103,000000,0.162146,0.164747,0.159834,0.162437,3775338.1471512746,0
ELF.V,D,20230104,000000,0.162437,0.169244,0.160734,0.169144,6158239.51179083,0
ELF.V,D,20230105,000000,0.168844,0.169244,0.164641,0.167241,2536518.6010773224,0
ELF.V,D,20230106,000000,0.16734,0.175928,0.16724,0.169248,5328687.086264735,0
ELF.V,D,20230107,000000,0.169146,0.170549,0.16595,0.16766,2344135.879697777,0
ELF.V,D,20230108,000000,0.167671,0.167671,0.163882,0.165175,1270706.424183501,0
ELF.V,D,20230109,000000,0.165472,0.170668,0.165472,0.168998,3066756.9854152026,0
ELF.V,D,20230110,000000,0.169,0.17048,0.167682,0.169124,2633636.0252184947,0
ELF.V,D,20230111,000000,0.16913,0.1717,0.168398,0.171397,1323562.0924698776,0
ELF.V,D,20230112,000000,0.171388,0.172283,0.166788,0.170617,1415711.754727562,0
ELF.V,D,20230113,000000,0.170817,0.175721,0.169876,0.174716,1611512.7906830213,0
ELF.V,D,20230114,000000,0.174716,0.184531,0.174614,0.180209,2399050.8859315645,0
ELF.V,D,20230115,000000,0.180613,0.189528,0.178028,0.186156,5962235.011400856,0
ELF.V,D,20230116,000000,0.186154,0.189357,0.179011,0.181404,2473194.29766999,0
ELF.V,D,20230117,000000,0.181404,0.182402,0.178898,0.18022,1542099.318143712,0
ELF.V,D,20230118,000000,0.180218,0.18422,0.173576,0.174591,3887651.212085969,0
ELF.V,D,20230119,000000,0.17459,0.181004,0.172898,0.180493,2136507.1382679297,0
ELF.V,D,20230120,000000,0.180311,0.185135,0.178096,0.184931,2092750.5056941013,0
ELF.V,D,20230121,000000,0.184931,0.186635,0.182455,0.184235,1741249.688616725,0
ELF.V,D,20230122,000000,0.183429,0.184117,0.180336,0.180436,1009434.0237310776,0
ELF.V,D,20230123,000000,0.180534,0.181725,0.178916,0.180929,1543686.612419449,0
ELF.V,D,20230124,000000,0.180925,0.186222,0.180222,0.181405,2115729.4875628008,0
ELF.V,D,20230125,000000,0.181305,0.184133,0.174628,0.180929,4373679.167310652,0
ELF.V,D,20230126,000000,0.180731,0.182335,0.177525,0.178714,1511155.8201606073,0
ELF.V,D,20230127,000000,0.178614,0.195855,0.177416,0.18397,8799760.689444823,0
ELF.V,D,20230128,000000,0.18377,0.224258,0.183762,0.192238,11478557.74488812,0
ELF.V,D,20230129,000000,0.192138,0.193044,0.186243,0.188408,1655097.467806802,0
ELF.V,D,20230130,000000,0.187409,0.188317,0.175396,0.175712,1386067.2717415537,0
ELF.V,D,20230131,000000,0.175812,0.177809,0.175418,0.176918,1113820.400122567,0
ELF.V,D,20230201,000000,0.176812,0.184809,0.175402,0.183911,2134722.9113436886,0
ELF.V,D,20230202,000000,0.183911,0.187519,0.183122,0.183937,1313765.0338828077,0
ELF.V,D,20230203,000000,0.183939,0.190117,0.183528,0.190115,1699711.0314643967,0
ELF.V,D,20230204,000000,0.189915,0.205514,0.189615,0.201416,4183136.4191114823,0
ELF.V,D,20230205,000000,0.201718,0.215143,0.191852,0.193948,6808744.765065315,0
ELF.V,D,20230206,000000,0.193948,0.196141,0.191092,0.193206,1940358.054482141,0
ELF.V,D,20230207,000000,0.192908,0.201908,0.189506,0.201712,3841295.717886001,0
ELF.V,D,20230208,000000,0.201808,0.219398,0.196826,0.202314,2888371.524068863,0
ELF.V,D,20230209,000000,0.202312,0.246598,0.19341,0.214821,13731855.29130892,0
ELF.V,D,20230210,000000,0.214019,0.234947,0.205018,0.225832,10976236.003466256,0
ELF.V,D,20230211,000000,0.225434,0.234921,0.220913,0.222622,6656104.629181311,0
ELF.V,D,20230212,000000,0.22252,0.224127,0.214917,0.217115,2048798.1838230765,0
ELF.V,D,20230213,000000,0.217222,0.236678,0.216637,0.224921,11972281.70788721,0
ELF.V,D,20230214,000000,0.224724,0.233882,0.224521,0.22989,4608333.915363909,0
ELF.V,D,20230215,000000,0.229696,0.23664,0.224181,0.236345,2068254.6695774214,0
ELF.V,D,20230216,000000,0.236438,0.241248,0.231176,0.231176,2992589.3799428674,0
ELF.V,D,20230217,000000,0.23103,0.238724,0.228027,0.238724,2580432.2715690844,0
ELF.V,D,20230218,000000,0.238736,0.243554,0.238333,0.241041,1734358.5420802624,0
ELF.V,D,20230219,000000,0.241639,0.243036,0.239117,0.242456,1267656.9502270469,0
ELF.V,D,20230220,000000,0.242156,0.259129,0.236669,0.251108,16473688.96646708,0
ELF.V,D,20230221,000000,0.25071,0.255046,0.244122,0.255046,4208589.353202875,0
ELF.V,D,20230222,000000,0.254246,0.276239,0.249345,0.255203,4240804.991547513,0
ELF.V,D,20230223,000000,0.255213,0.268443,0.2552,0.267435,3289532.0352481073,0
ELF.V,D,20230224,000000,0.26754,0.274844,0.26415,0.268595,4831043.922452836,0
ELF.V,D,20230225,000000,0.2686,0.33412,0.2685,0.297321,51319897.35812536,0
ELF.V,D,20230226,000000,0.297218,0.298724,0.277525,0.281625,7823811.983403067,0
ELF.V,D,20230227,000000,0.281714,0.282611,0.267727,0.271514,3110629.216295521,0
ELF.V,D,20230228,000000,0.271516,0.282511,0.270911,0.279247,6343642.373877477,0
ELF.V,D,20230301,000000,0.279256,0.284137,0.277725,0.279736,3256070.848841676,0
ELF.V,D,20230302,000000,0.279739,0.3189,0.273449,0.293023,26473854.116810273,0
ELF.V,D,20230303,000000,0.292923,0.297589,0.274433,0.290917,8957829.950208036,0
ELF.V,D,20230304,000000,0.290923,0.292135,0.283114,0.28542,1421533.4342124637,0
ELF.V,D,20230305,000000,0.28552,0.286429,0.278714,0.281534,1596441.3618983924,0
ELF.V,D,20230306,000000,0.281634,0.2935,0.281631,0.285983,5089951.377221271,0
ELF.V,D,20230307,000000,0.285869,0.285994,0.269062,0.272914,2635609.332028462,0
ELF.V,D,20230308,000000,0.272892,0.284577,0.2725,0.278486,5597960.0611501075,0
ELF.V,D,20230309,000000,0.278467,0.283129,0.276461,0.282525,1645527.946612336,0
ELF.V,D,20230310,000000,0.282425,0.297694,0.276653,0.283101,8318750.413497374,0
ELF.V,D,20230311,000000,0.282912,0.318785,0.2808,0.314866,10976585.484761393,0
ELF.V,D,20230312,000000,0.315814,0.334298,0.300487,0.313762,11256305.172626676,0
ELF.V,D,20230313,000000,0.314267,0.345975,0.310853,0.345573,3971095.1621932858,0
ELF.V,D,20230314,000000,0.345068,0.37618,0.337342,0.350122,6422768.131666736,0
ELF.V,D,20230315,000000,0.350341,0.352188,0.305252,0.313612,2716157.6844631042,0
ELF.V,D,20230316,000000,0.313097,0.324729,0.309652,0.31397,1924038.668751776,0
ELF.V,D,20230317,000000,0.314265,0.325855,0.308259,0.323367,1798308.983548259,0
ELF.V,D,20230318,000000,0.324034,0.325851,0.308531,0.309813,1807262.3269132413,0
ELF.V,D,20230319,000000,0.309924,0.313738,0.303599,0.310538,2074830.153943984,0
ELF.V,D,20230320,000000,0.310529,0.31235,0.30232,0.303704,1673112.5107930014,0
ELF.V,D,20230321,000000,0.303704,0.319852,0.299147,0.307578,5331641.944540247,0
ELF.V,D,20230322,000000,0.308882,0.319887,0.302478,0.304031,3453959.033852391,0
ELF.V,D,20230323,000000,0.304854,0.30929,0.299406,0.307037,1480225.1961022778,0
ELF.V,D,20230324,000000,0.306737,0.318288,0.304359,0.308111,2435530.565454864,0
ELF.V,D,20230325,000000,0.307941,0.319431,0.303843,0.306797,1598145.338381279,0
ELF.V,D,20230326,000000,0.306697,0.307777,0.304058,0.304944,939517.823318115,0
ELF.V,D,20230327,000000,0.304835,0.307395,0.294897,0.29714,1977901.1823760788,0
ELF.V,D,20230328,000000,0.29704,0.29798,0.291608,0.296115,2050036.2036431695,0
ELF.V,D,20230329,000000,0.296015,0.297619,0.28889,0.29655,1669176.3627988382,0
ELF.V,D,20230330,000000,0.296689,0.303615,0.2935,0.29568,1756398.9244220855,0
ELF.V,D,20230331,000000,0.295783,0.362825,0.294532,0.325065,42362729.35308475,0
ELF.V,D,20230401,000000,0.324665,0.325124,0.306735,0.309211,3520496.708784276,0
ELF.V,D,20230402,000000,0.309127,0.311328,0.295901,0.298585,2216507.682284961,0
ELF.V,D,20230403,000000,0.298585,0.30614,0.296351,0.303012,1899537.21147011,0
ELF.V,D,20230404,000000,0.302918,0.319493,0.302627,0.317359,5024152.504586823,0
ELF.V,D,20230405,000000,0.316858,0.322794,0.312128,0.314813,1997275.652427821,0
ELF.V,D,20230406,000000,0.314816,0.324659,0.31159,0.321813,3725412.0252841655,0
ELF.V,D,20230407,000000,0.321816,0.336565,0.313382,0.315536,7463055.023846068,0
ELF.V,D,20230408,000000,0.315633,0.317907,0.310055,0.310524,889488.7283283551,0
ELF.V,D,20230409,000000,0.310421,0.312409,0.307781,0.312409,894851.1662773346,0
ELF.V,D,20230410,000000,0.312612,0.312681,0.306401,0.311455,1026956.3268072777,0
ELF.V,D,20230411,000000,0.311555,0.316078,0.309973,0.311808,901298.6938880027,0
ELF.V,D,20230412,000000,0.311602,0.317211,0.306573,0.316547,2045985.9084240908,0
ELF.V,D,20230413,000000,0.316544,0.321431,0.315733,0.320908,1336249.722433508,0
ELF.V,D,20230414,000000,0.320908,0.331825,0.317945,0.321163,3259354.1615288947,0
ELF.V,D,20230415,000000,0.321166,0.323013,0.318899,0.319487,724840.6139133915,0
ELF.V,D,20230416,000000,0.319584,0.321764,0.317273,0.320618,614079.384974379,0
ELF.V,D,20230417,000000,0.320146,0.320553,0.310677,0.312881,907568.1965093571,0
ELF.V,D,20230418,000000,0.313088,0.319137,0.31038,0.317157,927244.2538901313,0
ELF.V,D,20230419,000000,0.31706,0.318134,0.30481,0.307463,1094498.395569315,0
ELF.V,D,20230420,000000,0.307469,0.30762,0.301591,0.30363,1435856.3101814652,0
ELF.V,D,20230421,000000,0.303721,0.305634,0.295967,0.29647,1202398.1049509707,0
ELF.V,D,20230422,000000,0.296867,0.297906,0.291626,0.295427,869535.2482536092,0
ELF.V,D,20230423,000000,0.296227,0.299115,0.291244,0.292815,692160.2238149007,0
ELF.V,D,20230424,000000,0.292815,0.295397,0.284954,0.287606,622563.3557240505,0
ELF.V,D,20230425,000000,0.287609,0.289875,0.280025,0.288466,823366.2149486261,0
ELF.V,D,20230426,000000,0.289567,0.299881,0.279553,0.288601,2127279.4569949955,0
ELF.V,D,20230427,000000,0.288192,0.295012,0.285406,0.292299,796064.2126106536,0
ELF.V,D,20230428,000000,0.292394,0.301997,0.289195,0.298229,2949780.7269568113,0
ELF.V,D,20230429,000000,0.29843,0.298518,0.294103,0.295274,971399.0661789224,0
ELF.V,D,20230430,000000,0.295674,0.295674,0.288676,0.289765,864125.5364912165,0
ELF.V,D,20230501,000000,0.289762,0.291022,0.276025,0.277875,778303.4731333606,0
ELF.V,D,20230502,000000,0.277772,0.299471,0.27615,0.297181,1799593.1082708675,0
ELF.V,D,20230503,000000,0.297384,0.3042,0.296939,0.303882,3163059.3444155734,0
ELF.V,D,20230504,000000,0.303582,0.305492,0.298337,0.299408,1100946.1504319292,0
ELF.V,D,20230505,000000,0.299608,0.306936,0.298814,0.305778,826283.2770496466,0
ELF.V,D,20230506,000000,0.305578,0.307004,0.29275,0.294812,993252.0458055694,0
ELF.V,D,20230507,000000,0.2949,0.295993,0.292191,0.293343,557866.3293397443,0
ELF.V,D,20230508,000000,0.293343,0.293846,0.27599,0.27701,975410.4556629373,0
ELF.V,D,20230509,000000,0.276905,0.28048,0.276131,0.27998,794384.6657956266,0
ELF.V,D,20230510,000000,0.279826,0.292334,0.278434,0.288159,1138921.6457151778,0
ELF.V,D,20230511,000000,0.288188,0.303073,0.288159,0.292993,3372606.832013726,0
ELF.V,D,20230512,000000,0.292692,0.292692,0.274565,0.282926,1249175.222854275,0
ELF.V,D,20230513,000000,0.282826,0.28357,0.27984,0.281369,635436.8699029447,0
ELF.V,D,20230514,000000,0.281369,0.283742,0.279139,0.28277,628232.4868768542,0
ELF.V,D,20230515,000000,0.28287,0.2856,0.279668,0.284199,748567.5318492929,0
ELF.V,D,20230516,000000,0.284299,0.284599,0.277111,0.27954,728942.102938452,0
ELF.V,D,20230517,000000,0.279312,0.282941,0.27401,0.282513,821921.7541266078,0
ELF.V,D,20230518,000000,0.282513,0.290845,0.277311,0.280812,1292906.5956672512,0
ELF.V,D,20230519,000000,0.280712,0.282641,0.27862,0.281182,675763.4576931042,0
ELF.V,D,20230520,000000,0.281341,0.282454,0.279112,0.281553,568195.2797953213,0
ELF.V,D,20230521,000000,0.281653,0.284099,0.279568,0.281569,690743.5824494737,0
ELF.V,D,20230522,000000,0.281441,0.287672,0.28034,0.285343,921574.853231796,0
ELF.V,D,20230523,000000,0.285334,0.291358,0.284771,0.290317,745071.9824203021,0
ELF.V,D,20230524,000000,0.290317,0.292526,0.276408,0.279683,908370.636549228,0
ELF.V,D,20230525,000000,0.279586,0.282166,0.275594,0.281906,724023.7190994875,0
ELF.V,D,20230526,000000,0.281908,0.285611,0.280706,0.283957,660174.3875627784,0
ELF.V,D,20230527,000000,0.283957,0.284197,0.28179,0.284111,627678.0862853196,0
ELF.V,D,20230528,000000,0.284185,0.291279,0.284014,0.290967,742180.3087791887,0
ELF.V,D,20230529,000000,0.291016,0.294488,0.289278,0.290987,733041.8092115382,0
ELF.V,D,20230530,000000,0.290984,0.293294,0.289878,0.291817,796158.8088289708,0
ELF.V,D,20230531,000000,0.292017,0.292988,0.287363,0.289655,738181.4670556781,0
ELF.V,D,20230601,000000,0.289452,0.298948,0.289452,0.297283,1271143.544846895,0
ELF.V,D,20230602,000000,0.29738,0.302079,0.296268,0.302079,1125379.9543247411,0
ELF.V,D,20230603,000000,0.302188,0.303791,0.300899,0.301117,898205.4974841159,0
ELF.V,D,20230604,000000,0.301414,0.302097,0.299887,0.302097,623941.0074246761,0
ELF.V,D,20230605,000000,0.301697,0.316395,0.290484,0.291585,3806814.2392857424,0
ELF.V,D,20230606,000000,0.291487,0.295883,0.284997,0.295883,1266294.870578163,0
ELF.V,D,20230607,000000,0.295786,0.299875,0.292473,0.295936,1477260.2921618752,0
ELF.V,D,20230608,000000,0.296333,0.299733,0.294197,0.298754,928653.5002179996,0
ELF.V,D,20230609,000000,0.298757,0.298957,0.295238,0.295941,701747.0990087618,0
ELF.V,D,20230610,000000,0.295847,0.29615,0.267644,0.268456,3040057.9644663176,0
ELF.V,D,20230611,000000,0.268358,0.271046,0.264232,0.270408,1114295.0137402501,0
ELF.V,D,20230612,000000,0.270011,0.270038,0.267151,0.268976,910616.0528937723,0
ELF.V,D,20230613,000000,0.269611,0.2724,0.268792,0.270765,950812.2977509808,0
ELF.V,D,20230614,000000,0.270573,0.271351,0.259579,0.260577,954653.6843412238,0
ELF.V,D,20230615,000000,0.260477,0.260673,0.252397,0.260184,733234.758784751,0
ELF.V,D,20230616,000000,0.260181,0.264351,0.254174,0.262792,595335.9281430222,0
ELF.V,D,20230617,000000,0.262892,0.265561,0.260628,0.261593,821912.9809514742,0
ELF.V,D,20230618,000000,0.26169,0.262621,0.259751,0.260643,649982.7122431587,0
ELF.V,D,20230619,000000,0.260532,0.262035,0.256948,0.260019,498143.1026724718,0
ELF.V,D,20230620,000000,0.259917,0.26364,0.253711,0.262839,768278.901514457,0
ELF.V,D,20230621,000000,0.262937,0.274603,0.262542,0.272414,949856.8992770406,0
ELF.V,D,20230622,000000,0.27323,0.279028,0.272733,0.274458,832374.5727874099,0
ELF.V,D,20230623,000000,0.274466,0.28079,0.272733,0.278061,793131.6644645748,0
ELF.V,D,20230624,000000,0.277958,0.289645,0.27676,0.28528,1339640.4940596805,0
ELF.V,D,20230625,000000,0.285468,0.287583,0.279214,0.279689,1067194.8263476018,0
ELF.V,D,20230626,000000,0.279876,0.280618,0.273405,0.273855,774259.4114911994,0
ELF.V,D,20230627,000000,0.27336,0.277353,0.272178,0.27735,671019.4116562401,0
ELF.V,D,20230628,000000,0.277453,0.277453,0.268948,0.2699,735963.1079604612,0
ELF.V,D,20230629,000000,0.270497,0.274381,0.26857,0.272962,685588.7580148914,0
ELF.V,D,20230630,000000,0.272965,0.27905,0.269976,0.275906,819774.0062658957,0
ELF.V,D,20230701,000000,0.276178,0.277964,0.272346,0.2773,848459.5591247666,0
ELF.V,D,20230702,000000,0.276097,0.279369,0.2734,0.274425,976013.5192783267,0
ELF.V,D,20230703,000000,0.274611,0.290497,0.274608,0.284109,3357782.2409669072,0
ELF.V,D,20230704,000000,0.284123,0.285329,0.278564,0.279959,832868.115145494,0
ELF.V,D,20230705,000000,0.280559,0.281811,0.273795,0.274044,724153.382536275,0
ELF.V,D,20230706,000000,0.273941,0.279062,0.271295,0.272465,823739.3184907405,0
ELF.V,D,20230707,000000,0.273062,0.273089,0.267133,0.269805,548124.8776425442,0
ELF.V,D,20230708,000000,0.269922,0.272722,0.268608,0.270446,780664.7088515986,0
ELF.V,D,20230709,000000,0.270535,0.273338,0.269635,0.271049,830690.5684917227,0
ELF.V,D,20230710,000000,0.271149,0.279431,0.270424,0.276022,950255.7476459609,0
ELF.V,D,20230711,000000,0.276628,0.279583,0.275003,0.278303,728917.7583494398,0
ELF.V,D,20230712,000000,0.278853,0.282,0.277797,0.277878,608350.4861008641,0
ELF.V,D,20230713,000000,0.277917,0.288988,0.27557,0.286612,689587.7637231331,0
ELF.V,D,20230714,000000,0.288424,0.291255,0.280098,0.282839,1147254.4422292581,0
ELF.V,D,20230715,000000,0.282149,0.288186,0.281349,0.286886,1282778.945039542,0
ELF.V,D,20230716,000000,0.286883,0.300684,0.286237,0.287332,4503730.262472174,0
ELF.V,D,20230717,000000,0.287132,0.294435,0.281362,0.284751,1160492.6864967013,0
ELF.V,D,20230718,000000,0.284848,0.288738,0.280511,0.282462,1171519.9219591836,0
ELF.V,D,20230719,000000,0.282562,0.285666,0.281008,0.281897,1426262.818045528,0
ELF.V,D,20230720,000000,0.281897,0.286717,0.280183,0.281175,1445614.0914450458,0
ELF.V,D,20230721,000000,0.281397,0.282497,0.279492,0.279906,1336398.6113953837,0
ELF.V,D,20230722,000000,0.279806,0.2832,0.279803,0.280828,1302754.4711590796,0
ELF.V,D,20230723,000000,0.280831,0.287194,0.279242,0.285791,1473691.985081314,0
ELF.V,D,20230724,000000,0.285794,0.3068,0.285591,0.290465,9879215.01495523,0
ELF.V,D,20230725,000000,0.290468,0.292465,0.281158,0.28288,2093778.9752225007,0
ELF.V,D,20230726,000000,0.282877,0.28358,0.27765,0.280411,1521550.8435744771,0
ELF.V,D,20230727,000000,0.280411,0.281303,0.275928,0.276725,1261818.142963823,0
ELF.V,D,20230728,000000,0.276525,0.279105,0.275626,0.278194,1478242.2344033169,0
ELF.V,D,20230729,000000,0.278194,0.281392,0.277897,0.2813,1235689.8379610123,0
ELF.V,D,20230730,000000,0.2814,0.284406,0.2791,0.280075,1594294.8902868312,0
ELF.V,D,20230731,000000,0.280075,0.283138,0.279478,0.280252,1231890.6641441947,0
ELF.V,D,20230801,000000,0.280372,0.282269,0.276936,0.279857,1626306.753925821,0
ELF.V,D,20230802,000000,0.279957,0.282556,0.275637,0.277042,1437648.1547160791,0
ELF.V,D,20230803,000000,0.277042,0.289745,0.276839,0.287467,4044252.502927924,0
ELF.V,D,20230804,000000,0.287067,0.287167,0.28073,0.281917,1713855.7784464562,0
ELF.V,D,20230805,000000,0.282117,0.283116,0.279318,0.280291,1398660.3798374943,0
ELF.V,D,20230806,000000,0.280756,0.28342,0.278039,0.27855,1374018.6626921378,0
ELF.V,D,20230807,000000,0.278981,0.280996,0.273124,0.280272,1432728.3367450554,0
ELF.V,D,20230808,000000,0.280072,0.286531,0.27892,0.285057,1741712.7566102867,0
ELF.V,D,20230809,000000,0.285157,0.291657,0.282307,0.285451,1961833.7795185219,0
ELF.V,D,20230810,000000,0.285451,0.293906,0.285089,0.29239,1923470.8802372837,0
ELF.V,D,20230811,000000,0.292786,0.293165,0.287843,0.288283,1149077.3037831173,0
ELF.V,D,20230812,000000,0.288283,0.297232,0.287983,0.293333,1864988.3066662864,0
ELF.V,D,20230813,000000,0.293433,0.294491,0.291796,0.292472,1121364.0637582592,0
ELF.V,D,20230814,000000,0.292469,0.293621,0.288637,0.292563,840540.2068899745,0
ELF.V,D,20230815,000000,0.293063,0.301265,0.29133,0.301065,1975063.4452431097,0
ELF.V,D,20230816,000000,0.301168,0.310905,0.296068,0.304658,5608947.385410099,0
ELF.V,D,20230817,000000,0.305857,0.308139,0.269657,0.270384,1803144.7300115966,0
ELF.V,D,20230818,000000,0.271188,0.280213,0.270257,0.278275,1677475.7574405188,0
ELF.V,D,20230819,000000,0.278461,0.282721,0.278103,0.279627,987218.2077384221,0
ELF.V,D,20230820,000000,0.279627,0.282077,0.277669,0.279686,1099651.031730665,0
ELF.V,D,20230821,000000,0.279786,0.28018,0.274693,0.277958,1776536.9053206928,0
ELF.V,D,20230822,000000,0.277658,0.305553,0.277236,0.302697,4362988.907584705,0
ELF.V,D,20230823,000000,0.302897,0.308067,0.297078,0.305842,2745630.9810667653,0
ELF.V,D,20230824,000000,0.305939,0.307838,0.296437,0.296948,1769827.995759864,0
ELF.V,D,20230825,000000,0.296849,0.298139,0.285643,0.288041,1705358.5875415045,0
ELF.V,D,20230826,000000,0.287947,0.290675,0.286499,0.288541,1195104.7605735522,0
ELF.V,D,20230827,000000,0.288441,0.290743,0.288044,0.289864,1084734.7480755548,0
ELF.V,D,20230828,000000,0.290061,0.30502,0.289483,0.302043,2873747.092391669,0
ELF.V,D,20230829,000000,0.302243,0.310241,0.297568,0.306258,2166396.947263114,0
ELF.V,D,20230830,000000,0.306255,0.323781,0.305373,0.3209,3506808.8092368566,0
ELF.V,D,20230831,000000,0.3211,0.334446,0.302249,0.303261,2956576.3095263788,0
ELF.V,D,20230901,000000,0.303261,0.305805,0.297414,0.303342,1864189.443590208,0
ELF.V,D,20230902,000000,0.303345,0.321368,0.301973,0.320365,2628002.6720085144,0
ELF.V,D,20230903,000000,0.320065,0.320971,0.306751,0.308245,2064822.7499370861,0
ELF.V,D,20230904,000000,0.308644,0.314196,0.302876,0.304115,2128917.362070477,0
ELF.V,D,20230905,000000,0.304015,0.308143,0.302358,0.30605,979745.8510802973,0
ELF.V,D,20230906,000000,0.30605,0.308024,0.303094,0.306813,573011.4964454265,0
ELF.V,D,20230907,000000,0.306516,0.322236,0.306453,0.321636,5986776.375925486,0
ELF.V,D,20230908,000000,0.321549,0.322977,0.317847,0.320855,1136884.7960177963,0
ELF.V,D,20230909,000000,0.320555,0.320871,0.315399,0.316902,895568.96666519,0
ELF.V,D,20230910,000000,0.317098,0.33447,0.31528,0.331874,2492050.5195686687,0
ELF.V,D,20230911,000000,0.331474,0.337499,0.322793,0.326396,2606867.9996782267,0
ELF.V,D,20230912,000000,0.326882,0.361549,0.325892,0.348872,7200158.293125113,0
ELF.V,D,20230913,000000,0.348769,0.374048,0.344069,0.370974,5832372.025157936,0
ELF.V,D,20230914,000000,0.371174,0.374778,0.35926,0.364202,1714037.548755179,0
ELF.V,D,20230915,000000,0.364502,0.366962,0.349907,0.355489,1612533.1399191136,0
ELF.V,D,20230916,000000,0.355389,0.359893,0.351739,0.353535,920604.4322347605,0
ELF.V,D,20230917,000000,0.353832,0.399292,0.352146,0.388993,8083843.869157869,0
ELF.V,D,20230918,000000,0.387493,0.402968,0.366951,0.371167,6042165.970037308,0
ELF.V,D,20230919,000000,0.371259,0.384169,0.36697,0.380853,2121212.2520656083,0
ELF.V,D,20230920,000000,0.380453,0.381353,0.357021,0.366022,2035747.1641203545,0
ELF.V,D,20230921,000000,0.366022,0.385304,0.364718,0.376785,3446254.3814613824,0
ELF.V,D,20230922,000000,0.376789,0.379096,0.370867,0.373974,1442115.8151510102,0
ELF.V,D,20230923,000000,0.374078,0.385,0.3659,0.369926,3187015.939868865,0
ELF.V,D,20230924,000000,0.369526,0.40932,0.363529,0.370715,7233043.047187737,0
ELF.V,D,20230925,000000,0.371419,0.372434,0.359392,0.370681,1511057.0734375229,0
ELF.V,D,20230926,000000,0.370681,0.375277,0.361741,0.362344,519412.2836278797,0
ELF.V,D,20230927,000000,0.361944,0.370304,0.359652,0.363131,1635866.9387919796,0
ELF.V,D,20230928,000000,0.363231,0.370693,0.362442,0.368893,1481172.2258886113,0
ELF.V,D,20230929,000000,0.368493,0.372393,0.362827,0.36556,1666366.7558590618,0
ELF.V,D,20230930,000000,0.36546,0.366563,0.360769,0.361169,1043024.4577793026,0
ELF.V,D,20231001,000000,0.361272,0.362229,0.357029,0.36074,612807.8178148816,0
ELF.V,D,20231002,000000,0.36074,0.365607,0.354503,0.354503,2311742.7080549314,0
ELF.V,D,20231003,000000,0.354685,0.354692,0.343507,0.343686,381772.990986965,0
ELF.V,D,20231004,000000,0.34142,0.350521,0.340841,0.347707,415576.12718637456,0
ELF.V,D,20231005,000000,0.347017,0.349514,0.341465,0.343196,351486.3930645857,0
ELF.V,D,20231006,000000,0.343093,0.344638,0.338604,0.344541,302163.54785048956,0
ELF.V,D,20231007,000000,0.344041,0.3448,0.339066,0.340694,482184.9680145294,0
ELF.V,D,20231008,000000,0.340594,0.341305,0.337706,0.340794,379569.4795805611,0
ELF.V,D,20231009,000000,0.340694,0.345266,0.329592,0.332466,1028677.4316403709,0
ELF.V,D,20231010,000000,0.33267,0.334854,0.330736,0.331937,632980.3870962246,0
ELF.V,D,20231011,000000,0.331733,0.340254,0.330269,0.335433,1571014.7989359475,0
ELF.V,D,20231012,000000,0.335306,0.336906,0.331174,0.332274,749348.1949055732,0
ELF.V,D,20231013,000000,0.332277,0.337095,0.331071,0.336823,959761.883349575,0
ELF.V,D,20231014,000000,0.336826,0.337553,0.333173,0.333677,370137.1909215313,0
ELF.V,D,20231015,000000,0.33368,0.335697,0.332373,0.335013,514638.4883118171,0
ELF.V,D,20231016,000000,0.335013,0.363969,0.333737,0.357647,6114692.455550816,0
ELF.V,D,20231017,000000,0.357346,0.359054,0.34372,0.345028,2316211.583079204,0
ELF.V,D,20231018,000000,0.344527,0.347049,0.336461,0.336477,769757.7846888538,0
ELF.V,D,20231019,000000,0.337381,0.339756,0.331876,0.338232,1111168.4597592351,0
ELF.V,D,20231020,000000,0.339036,0.348809,0.337649,0.348346,506810.20388593606,0
ELF.V,D,20231021,000000,0.348067,0.350484,0.343837,0.347974,479572.9284142674,0
ELF.V,D,20231022,000000,0.347874,0.348753,0.343824,0.344514,331373.4588231434,0
ELF.V,D,20231023,000000,0.344591,0.358336,0.344386,0.357686,2142460.1381753846,0
ELF.V,D,20231024,000000,0.357586,0.371982,0.353886,0.359657,3351433.36643178,0
ELF.V,D,20231025,000000,0.359257,0.367229,0.356936,0.360483,2532028.6603809525,0
ELF.V,D,20231026,000000,0.360483,0.366273,0.350086,0.353904,2980799.593016741,0
ELF.V,D,20231027,000000,0.354004,0.363536,0.352167,0.360979,2504929.007252917,0
ELF.V,D,20231028,000000,0.361083,0.363322,0.357668,0.362658,1376133.5118750096,0
ELF.V,D,20231029,000000,0.362762,0.368129,0.358068,0.367829,726098.2254719312,0
ELF.V,D,20231030,000000,0.367725,0.369337,0.361587,0.368221,1985608.421579642,0
ELF.V,D,20231031,000000,0.368225,0.369048,0.355603,0.360351,2796091.493637886,0
ELF.V,D,20231101,000000,0.360551,0.364882,0.352581,0.363012,3384767.094103831,0
ELF.V,D,20231102,000000,0.362912,0.36619,0.354867,0.360947,3711420.108801697,0
ELF.V,D,20231103,000000,0.360443,0.380068,0.356143,0.363342,6289239.482726016,0
ELF.V,D,20231104,000000,0.363345,0.36596,0.360073,0.365916,1572335.7920356374,0
ELF.V,D,20231105,000000,0.365901,0.368046,0.361396,0.364391,1819959.578536268,0
ELF.V,D,20231106,000000,0.364692,0.369388,0.362253,0.365602,2481251.8853224358,0
ELF.V,D,20231107,000000,0.365599,0.370333,0.360826,0.365968,5021503.283427487,0
ELF.V,D,20231108,000000,0.366068,0.373971,0.364064,0.373286,4335982.073105636,0
ELF.V,D,20231109,000000,0.373382,0.388251,0.368441,0.377772,3495262.466364955,0
ELF.V,D,20231110,000000,0.377472,0.386635,0.372156,0.380998,2637217.2494122474,0
ELF.V,D,20231111,000000,0.381098,0.383495,0.375117,0.378895,2832686.419948883,0
ELF.V,D,20231112,000000,0.379299,0.381088,0.373808,0.378851,2128426.9238360133,0
ELF.V,D,20231113,000000,0.378755,0.394775,0.376526,0.39251,2264264.139660876,0
ELF.V,D,20231114,000000,0.39261,0.421405,0.385881,0.402352,4666477.275597582,0
ELF.V,D,20231115,000000,0.403681,0.471727,0.403256,0.454718,15700868.407242542,0
ELF.V,D,20231116,000000,0.455041,0.469944,0.434404,0.441549,8599761.779917622,0
ELF.V,D,20231117,000000,0.441349,0.476976,0.437757,0.472861,3851561.0522231115,0
ELF.V,D,20231118,000000,0.472761,0.512566,0.469202,0.51055,7568901.754151977,0
ELF.V,D,20231119,000000,0.51085,0.600276,0.48399,0.543639,12629292.815884566,0
ELF.V,D,20231120,000000,0.54584,0.608992,0.538385,0.572094,7166470.111709364,0
ELF.V,D,20231121,000000,0.571894,0.593215,0.453577,0.453972,6102844.6587658655,0
ELF.V,D,20231122,000000,0.453777,0.470469,0.438614,0.46895,2752634.199316602,0
ELF.V,D,20231123,000000,0.468941,0.470837,0.44839,0.453063,1570341.9219262232,0
ELF.V,D,20231124,000000,0.452963,0.45686,0.446494,0.453858,1157474.29453482,0
ELF.V,D,20231125,000000,0.453658,0.45465,0.446512,0.450165,850004.5462315906,0
ELF.V,D,20231126,000000,0.450065,0.452167,0.443068,0.44807,732212.6254219556,0
ELF.V,D,20231127,000000,0.44807,0.450095,0.424792,0.428809,1663507.3141987086,0
ELF.V,D,20231128,000000,0.429309,0.453135,0.421125,0.450761,1511304.139381705,0
ELF.V,D,20231129,000000,0.450661,0.525473,0.447115,0.50046,13589966.631481012,0
ELF.V,D,20231130,000000,0.502165,0.542065,0.466393,0.522457,13190007.218532363,0
ELF.V,D,20231201,000000,0.521489,0.557406,0.491093,0.532013,14963872.580144506,0
ELF.V,D,20231202,000000,0.532107,0.554472,0.471017,0.472517,2540894.9574652542,0
ELF.V,D,20231203,000000,0.472717,0.490186,0.468455,0.482569,6915115.106718274,0
ELF.V,D,20231204,000000,0.482769,0.488556,0.460815,0.466123,2418789.720820238,0
ELF.V,D,20231205,000000,0.465623,0.650959,0.465419,0.628969,21132707.30728172,0
ELF.V,D,20231206,000000,0.629676,0.669234,0.572891,0.615768,5632554.738394486,0
ELF.V,D,20231207,000000,0.570963,0.60002,0.549866,0.568599,4498419.701113594,0
ELF.V,D,20231208,000000,0.568705,0.598469,0.563958,0.597497,2038520.299225492,0
ELF.V,D,20231209,000000,0.597497,0.625419,0.57639,0.618161,2754833.210029996,0
ELF.V,D,20231210,000000,0.618167,0.660459,0.612959,0.623519,3754987.2632383993,0
ELF.V,D,20231211,000000,0.623444,0.665347,0.608952,0.660996,3180008.8119124174,0
ELF.V,D,20231212,000000,0.661989,0.750962,0.659696,0.750962,2445705.565097503,0
ELF.V,D,20231213,000000,0.74987,0.852117,0.733302,0.847695,6200273.555194376,0
ELF.V,D,20231214,000000,0.849261,0.924213,0.804272,0.845835,3877809.744684028,0
ELF.V,D,20231215,000000,0.846244,0.862166,0.77364,0.814173,4753406.317310777,0
ELF.V,D,20231216,000000,0.813381,0.882065,0.784853,0.808453,3689289.331679129,0
ELF.V,D,20231217,000000,0.673561,0.775792,0.669864,0.760516,2013108.6983529683,0
ELF.V,D,20231218,000000,0.759709,0.772714,0.690771,0.768769,2162589.9663990024,0
ELF.V,D,20231219,000000,0.769077,0.808487,0.724588,0.787598,2724562.5508040786,0
ELF.V,D,20231220,000000,0.786706,0.82298,0.761971,0.813133,2471646.4738549152,0
ELF.V,D,20231221,000000,0.813024,0.819133,0.783937,0.815355,2122381.0404796614,0
ELF.V,D,20231222,000000,0.815255,0.840069,0.769792,0.810448,2060702.529671643,0
ELF.V,D,20231223,000000,0.810748,1.059472,0.779024,0.94097,32175997.859041255,0
ELF.V,D,20231224,000000,0.94097,1.16534,0.670429,0.706866,71708812.21905339,0
ELF.V,D,20231225,000000,0.709861,0.732617,0.683603,0.694953,15248003.16720615,0
ELF.V,D,20231226,000000,0.694146,0.702862,0.62783,0.639136,3729235.784783668,0
ELF.V,D,20231227,000000,0.639236,0.639949,0.605388,0.61368,2512919.7470642244,0
ELF.V,D,20231228,000000,0.613731,0.640974,0.600428,0.621667,3137946.4285783246,0
ELF.V,D,20231229,000000,0.621467,0.63134,0.606103,0.607215,2731151.80187251,0
ELF.V,D,20231230,000000,0.606927,0.62275,0.560189,0.596182,8658619.182609312,0
ELF.V,D,20231231,000000,0.595882,0.601448,0.576702,0.577456,1270461.9537916065,0
ELF.V,D,20240101,000000,0.577456,0.590006,0.567738,0.584111,1719275.5795632482,0
ELF.V,D,20240102,000000,0.584011,0.620236,0.584011,0.591525,3329324.481009634,0
ELF.V,D,20240103,000000,0.590618,0.604493,0.527037,0.535998,4009060.361677625,0
ELF.V,D,20240104,000000,0.536109,0.543361,0.527822,0.536638,3764369.5022535566,0
ELF.V,D,20240105,000000,0.536632,0.561521,0.52237,0.558141,5285688.964775704,0
ELF.V,D,20240106,000000,0.558241,0.609099,0.547832,0.576346,10328157.393755497,0
ELF.V,D,20240107,000000,0.576446,0.583727,0.528538,0.529939,3945188.324176119,0
ELF.V,D,20240108,000000,0.528833,0.550089,0.484881,0.549889,3846700.8265011273,0
ELF.V,D,20240109,000000,0.549589,0.580206,0.542087,0.552971,4082520.888022113,0
ELF.V,D,20240110,000000,0.551771,0.566208,0.524542,0.563041,2656809.199807682,0
ELF.V,D,20240111,000000,0.563141,0.575763,0.549368,0.560034,3276429.0008587483,0
ELF.V,D,20240112,000000,0.559834,0.567625,0.532492,0.547638,3064733.4707585326,0
ELF.V,D,20240113,000000,0.54766,0.574856,0.546961,0.567264,2703798.48466611,0
ELF.V,D,20240114,000000,0.567164,0.580493,0.557199,0.575624,1776439.4270194236,0
ELF.V,D,20240115,000000,0.575823,0.585484,0.564523,0.582863,2514224.2501224563,0
ELF.V,D,20240116,000000,0.582863,0.601767,0.575318,0.592811,2538200.1997580784,0
ELF.V,D,20240117,000000,0.592705,0.597009,0.57778,0.580419,1240643.387312017,0
ELF.V,D,20240118,000000,0.580019,0.613924,0.554589,0.584109,4403207.699882303,0
ELF.V,D,20240119,000000,0.584209,0.584309,0.551437,0.557947,1549845.1870368046,0
ELF.V,D,20240120,000000,0.557947,0.596157,0.557298,0.567035,1751549.210966846,0
ELF.V,D,20240121,000000,0.567135,0.584737,0.556882,0.583938,1546178.7911707656,0
ELF.V,D,20240122,000000,0.583891,0.585319,0.551482,0.572687,1731821.6552769605,0
ELF.V,D,20240123,000000,0.573086,0.584968,0.533489,0.560101,3642109.1381287565,0
ELF.V,D,20240124,000000,0.560101,0.566735,0.554067,0.55791,1216329.8518486286,0
ELF.V,D,20240125,000000,0.557904,0.593873,0.551307,0.577188,2174061.0520912833,0
ELF.V,D,20240126,000000,0.576788,0.583931,0.568253,0.579278,817418.6841903238,0
ELF.V,D,20240127,000000,0.579278,0.603622,0.575279,0.601194,1722527.9832462794,0
ELF.V,D,20240128,000000,0.6009,0.603294,0.582459,0.582907,727327.4064899005,0
ELF.V,D,20240129,000000,0.583013,0.5892,0.571823,0.5865,967831.6961734209,0
ELF.V,D,20240130,000000,0.586406,0.587865,0.574289,0.574489,712322.6315937145,0
ELF.V,D,20240131,000000,0.574394,0.592116,0.556033,0.558087,1380626.8206288086,0
ELF.V,D,20240201,000000,0.558087,0.55897,0.537562,0.545942,1124396.9155101487,0
ELF.V,D,20240202,000000,0.546247,0.580116,0.543112,0.574495,1465586.6677973405,0
ELF.V,D,20240203,000000,0.574595,0.579322,0.557194,0.55821,656670.7731143471,0
ELF.V,D,20240204,000000,0.55861,0.564178,0.548513,0.563558,603189.3619885523,0
ELF.V,D,20240205,000000,0.563663,0.578121,0.561242,0.573448,939738.7876586064,0
ELF.V,D,20240206,000000,0.573548,0.59483,0.564833,0.588018,1545780.5648549332,0
ELF.V,D,20240207,000000,0.588518,0.589911,0.571354,0.581084,801815.263176673,0
ELF.V,D,20240208,000000,0.581484,0.589024,0.573451,0.588824,698829.074138529,0
ELF.V,D,20240209,000000,0.588924,0.605976,0.588106,0.600748,1274946.789220612,0
ELF.V,D,20240210,000000,0.600754,0.602619,0.591579,0.595573,466160.023510828,0
ELF.V,D,20240211,000000,0.595573,0.613027,0.593472,0.602075,991365.2210500565,0
ELF.V,D,20240212,000000,0.602175,0.609772,0.593118,0.607767,906486.3398852755,0
ELF.V,D,20240213,000000,0.608261,0.610293,0.585859,0.594732,658329.6853516436,0
ELF.V,D,20240214,000000,0.594438,0.617417,0.590472,0.615572,1076934.6472808397,0
ELF.V,D,20240215,000000,0.616079,0.618538,0.603124,0.607728,1030551.0404734359,0
ELF.V,D,20240216,000000,0.607728,0.62026,0.606157,0.612271,961894.29448097,0
ELF.V,D,20240217,000000,0.612371,0.652548,0.611942,0.642141,2857288.2524919943,0
ELF.V,D,20240218,000000,0.641748,0.644793,0.622124,0.63197,915072.928344559,0
ELF.V,D,20240219,000000,0.631695,0.643619,0.622862,0.642654,1394766.286829325,0
ELF.V,D,20240220,000000,0.642854,0.682793,0.628738,0.665426,3916703.969252733,0
ELF.V,D,20240221,000000,0.665733,0.679649,0.622681,0.6356,2704680.1708640326,0
ELF.V,D,20240222,000000,0.6354,0.639958,0.621206,0.637296,1515245.6455687783,0
ELF.V,D,20240223,000000,0.637889,0.642633,0.62675,0.630212,1213570.4603013033,0
ELF.V,D,20240224,000000,0.630212,0.630287,0.620245,0.6246,413570.81627446605,0
ELF.V,D,20240225,000000,0.6251,0.64101,0.6243,0.640568,635840.731717849,0
ELF.V,D,20240226,000000,0.640674,0.66331,0.631538,0.659522,1065998.4770316565,0
ELF.V,D,20240227,000000,0.659555,0.671177,0.641477,0.645558,840808.5792988684,0
ELF.V,D,20240228,000000,0.645658,0.661633,0.628658,0.639547,1101524.2915868284,0
ELF.V,D,20240229,000000,0.639047,0.663673,0.635867,0.642479,1579140.2074024691,0
ELF.V,D,20240301,000000,0.64195,0.673866,0.64195,0.673025,544822.4999339906,0
ELF.V,D,20240302,000000,0.672911,0.685437,0.664209,0.685271,816117.9949080269,0
ELF.V,D,20240303,000000,0.686065,0.74021,0.670964,0.717516,3990093.2065127594,0
ELF.V,D,20240304,000000,0.719324,0.727342,0.694989,0.706076,885925.9072316528,0
ELF.V,D,20240305,000000,0.707384,0.715593,0.623854,0.636039,1388002.463355349,0
ELF.V,D,20240306,000000,0.635945,0.664232,0.622166,0.660963,1620567.0353550708,0
ELF.V,D,20240307,000000,0.66093,0.673388,0.648431,0.672467,1376936.850189543,0
ELF.V,D,20240308,000000,0.672173,0.686132,0.65597,0.67808,1323475.0940866757,0
ELF.V,D,20240309,000000,0.677378,0.686133,0.671013,0.680625,1174928.3020564467,0
ELF.V,D,20240310,000000,0.680117,0.684086,0.665027,0.669576,748584.6602314491,0
ELF.V,D,20240311,000000,0.668728,0.696667,0.654773,0.696439,1098974.3952484454,0
ELF.V,D,20240312,000000,0.695439,0.700126,0.658746,0.691848,1189258.415216583,0
ELF.V,D,20240313,000000,0.691548,0.715035,0.684965,0.711627,844080.4766806928,0
ELF.V,D,20240314,000000,0.711556,0.714857,0.656063,0.679055,717860.4766723169,0
ELF.V,D,20240315,000000,0.679455,0.690393,0.618836,0.636438,1752851.2247714032,0
ELF.V,D,20240316,000000,0.635557,0.645465,0.600074,0.601845,1336253.519356241,0
ELF.V,D,20240317,000000,0.602862,0.613362,0.576237,0.60987,1579112.263687749,0
ELF.V,D,20240318,000000,0.60987,0.613503,0.586818,0.596064,968176.8986234195,0
ELF.V,D,20240319,000000,0.596164,0.59974,0.554917,0.556876,1145101.1825365247,0
ELF.V,D,20240320,000000,0.556804,0.619328,0.54717,0.6076,3466955.211008732,0
ELF.V,D,20240321,000000,0.609203,0.610644,0.597016,0.605761,321535.81540706457,0
ELF.V,D,20240322,000000,0.605055,0.66976,0.594575,0.629338,5594661.483988111,0
ELF.V,D,20240323,000000,0.629238,0.634306,0.606139,0.6235,2235241.539932055,0
ELF.V,D,20240324,000000,0.622694,0.6272,0.606264,0.626762,1129160.0476019133,0
ELF.V,D,20240325,000000,0.626462,0.643886,0.620992,0.642896,1239500.3497630996,0
ELF.V,D,20240326,000000,0.642996,0.662626,0.639628,0.652207,2550888.463617187,0
ELF.V,D,20240327,000000,0.652913,0.68599,0.631477,0.63807,4362778.286652084,0
ELF.V,D,20240328,000000,0.638057,0.668827,0.62663,0.663139,2885715.2891732566,0
ELF.V,D,20240329,000000,0.662139,0.680854,0.650058,0.656515,2277412.8260133695,0
ELF.V,D,20240330,000000,0.657115,0.674832,0.647111,0.648553,2192500.9826438543,0
ELF.V,D,20240331,000000,0.648953,0.653222,0.643577,0.644477,1474578.0904754477,0
ELF.V,D,20240401,000000,0.644577,0.651346,0.609112,0.623937,2182542.6407174557,0
ELF.V,D,20240402,000000,0.623937,0.625619,0.568984,0.583233,1818858.4462004835,0
ELF.V,D,20240403,000000,0.583233,0.591172,0.568614,0.582969,2176998.781111317,0
ELF.V,D,20240404,000000,0.582569,0.608816,0.578204,0.593842,2505839.014460828,0
ELF.V,D,20240405,000000,0.594243,0.603966,0.578816,0.594402,2239619.963736771,0
ELF.V,D,20240406,000000,0.594784,0.610253,0.587458,0.609352,2530537.5484384345,0
ELF.V,D,20240407,000000,0.609452,0.632125,0.60827,0.626256,1955338.0312738123,0
ELF.V,D,20240408,000000,0.626956,0.647642,0.621994,0.644868,2085326.3352015556,0
ELF.V,D,20240409,000000,0.644761,0.657134,0.621426,0.626512,1649703.4094874472,0
ELF.V,D,20240410,000000,0.626112,0.634253,0.598747,0.621181,1100796.5002495465,0
ELF.V,D,20240411,000000,0.621081,0.636655,0.621081,0.632944,1362401.2423741263,0
ELF.V,D,20240412,000000,0.632551,0.672365,0.580951,0.596479,3298593.4006024,0
ELF.V,D,20240413,000000,0.597279,0.616823,0.498553,0.515317,3427031.7555900076,0
ELF.V,D,20240414,000000,0.515117,0.570285,0.49963,0.551765,2684869.619816679,0
ELF.V,D,20240415,000000,0.552266,0.594535,0.545178,0.557395,1277478.8105630658,0
ELF.V,D,20240416,000000,0.557895,0.568014,0.530786,0.566413,1295820.9105830044,0
ELF.V,D,20240417,000000,0.566413,0.56858,0.535495,0.54784,1467754.4221423701,0
ELF.V,D,20240418,000000,0.54784,0.560859,0.541368,0.557767,1221730.0446450613,0
ELF.V,D,20240419,000000,0.557567,0.572721,0.550661,0.565175,3210751.0971153965,0
ELF.V,D,20240420,000000,0.564886,0.579903,0.554805,0.578473,1351281.9923595958,0
ELF.V,D,20240421,000000,0.578373,0.584817,0.567625,0.575498,2512306.021144754,0
ELF.V,D,20240422,000000,0.573798,0.590801,0.56988,0.58527,1838778.2909554807,0
ELF.V,D,20240423,000000,0.58497,0.604094,0.577437,0.603788,2285587.0407846337,0
ELF.V,D,20240424,000000,0.603788,0.610876,0.577574,0.580765,3001439.7970066583,0
ELF.V,D,20240425,000000,0.580765,0.634207,0.556172,0.595454,7546063.527371169,0
ELF.V,D,20240426,000000,0.595354,0.61573,0.573613,0.612445,2902438.98156638,0
ELF.V,D,20240427,000000,0.611716,0.669133,0.604716,0.624338,8845008.596681247,0
ELF.V,D,20240428,000000,0.626336,0.661071,0.602776,0.633819,3411878.3557971893,0
ELF.V,D,20240429,000000,0.6353,0.6353,0.576842,0.5796,2289432.1185163436,0
ELF.V,D,20240430,000000,0.579126,0.67507,0.532769,0.546783,8491919.278017823,0
ELF.V,D,20240501,000000,0.547487,0.553491,0.494221,0.521017,1975175.2620713967,0
ELF.V,D,20240502,000000,0.520219,0.586155,0.518542,0.553328,4077860.2374524786,0
ELF.V,D,20240503,000000,0.552722,0.558446,0.527847,0.557334,2652908.714309961,0
ELF.V,D,20240504,000000,0.55764,0.567957,0.545815,0.565451,1404963.273973065,0
ELF.V,D,20240505,000000,0.565251,0.565457,0.548366,0.558861,2440851.8020003354,0
ELF.V,D,20240506,000000,0.558561,0.5707,0.546216,0.555211,1151826.899166975,0
ELF.V,D,20240507,000000,0.554106,0.563506,0.544273,0.548384,1249595.251460975,0
ELF.V,D,20240508,000000,0.548284,0.558306,0.53211,0.541732,903569.4632664234,0
ELF.V,D,20240509,000000,0.541732,0.549018,0.527878,0.547212,1675245.1779817196,0
ELF.V,D,20240510,000000,0.547112,0.553228,0.524759,0.526442,2201330.313851165,0
ELF.V,D,20240511,000000,0.526042,0.538533,0.524543,0.531483,4301426.886195668,0
ELF.V,D,20240512,000000,0.532083,0.541983,0.525111,0.531971,3234601.8237824105,0
ELF.V,D,20240513,000000,0.532271,0.533239,0.504364,0.518543,1332491.2591558432,0
ELF.V,D,20240514,000000,0.518543,0.547471,0.499035,0.50002,3271366.3349275407,0
ELF.V,D,20240515,000000,0.49992,0.526394,0.496102,0.523509,1703607.7561745807,0
ELF.V,D,20240516,000000,0.523509,0.5281,0.509548,0.519247,1088558.0425622507,0
ELF.V,D,20240517,000000,0.518447,0.530823,0.513731,0.526984,2716911.839021236,0
ELF.V,D,20240518,000000,0.526479,0.5284,0.523394,0.524789,3690461.7975659734,0
ELF.V,D,20240519,000000,0.524689,0.565751,0.524389,0.526663,3354230.4058484156,0
ELF.V,D,20240520,000000,0.526568,0.541827,0.515095,0.539605,2760305.4507242762,0
ELF.V,D,20240521,000000,0.540105,0.546548,0.532824,0.534556,1997134.1216197,0
ELF.V,D,20240522,000000,0.533961,0.546202,0.530242,0.533176,3418469.573118431,0
ELF.V,D,20240523,000000,0.533171,0.53367,0.51334,0.522066,1327735.8674697545,0
ELF.V,D,20240524,000000,0.521766,0.525547,0.512157,0.523942,3242586.3106414042,0
ELF.V,D,20240525,000000,0.523937,0.525353,0.520827,0.522895,551215.916574254,0
ELF.V,D,20240526,000000,0.52249,0.524432,0.517784,0.519355,1838711.8299070054,0
ELF.V,D,20240527,000000,0.519902,0.529612,0.517446,0.525663,4222310.796363153,0
ELF.V,D,20240528,000000,0.525863,0.526478,0.51598,0.521611,1399468.0013663957,0
ELF.V,D,20240529,000000,0.520612,0.528834,0.518338,0.520027,1769135.850813958,0
ELF.V,D,20240530,000000,0.520522,0.522867,0.509146,0.510821,1277502.7780435355,0
ELF.V,D,20240531,000000,0.510521,0.513382,0.507289,0.510392,2429324.0845710915,0
ELF.V,D,20240601,000000,0.510287,0.510587,0.507274,0.508047,2110486.971412494,0
ELF.V,D,20240602,000000,0.508247,0.508996,0.501499,0.502733,2137153.128244028,0
ELF.V,D,20240603,000000,0.502933,0.505402,0.480457,0.483023,2743269.9532130035,0
ELF.V,D,20240604,000000,0.482418,0.48621,0.4755,0.4839,2474093.43033221,0
ELF.V,D,20240605,000000,0.4843,0.488605,0.480776,0.487449,2711778.129358451,0
ELF.V,D,20240606,000000,0.487544,0.489105,0.479832,0.482845,2600499.6123847216,0
ELF.V,D,20240607,000000,0.483045,0.489323,0.462866,0.465923,2718119.473211184,0
ELF.V,D,20240608,000000,0.465923,0.468017,0.457745,0.45835,2952669.2928864798,0
ELF.V,D,20240609,000000,0.458145,0.464258,0.45235,0.461131,2286822.7175906803,0
ELF.V,D,20240610,000000,0.461146,0.46214,0.442241,0.44558,2488988.7467466854,0
ELF.V,D,20240611,000000,0.445675,0.448485,0.416887,0.421611,2895513.9112527776,0
ELF.V,D,20240612,000000,0.421611,0.460554,0.419166,0.435956,4705752.239445617,0
ELF.V,D,20240613,000000,0.435956,0.504059,0.431262,0.463015,7986099.65059009,0
ELF.V,D,20240614,000000,0.463015,0.466908,0.415646,0.426201,4248015.867766689,0
ELF.V,D,20240615,000000,0.426401,0.44356,0.408351,0.412365,4036914.289007271,0
ELF.V,D,20240616,000000,0.412365,0.421726,0.39362,0.393885,3251067.441591034,0
ELF.V,D,20240617,000000,0.394084,0.398225,0.344989,0.353537,3677821.5437196153,0
ELF.V,D,20240618,000000,0.353534,0.489643,0.349867,0.404977,27423038.89493949,0
ELF.V,D,20240619,000000,0.405077,0.412526,0.365868,0.384246,8039930.384408618,0
ELF.V,D,20240620,000000,0.383846,0.401843,0.368549,0.371536,2308614.915542892,0
ELF.V,D,20240621,000000,0.371532,0.439836,0.371233,0.383962,7354931.187698538,0
ELF.V,D,20240622,000000,0.384062,0.388302,0.367572,0.37525,4244493.807880771,0
ELF.V,D,20240623,000000,0.375112,0.387133,0.36467,0.369041,3641669.487374055,0
ELF.V,D,20240624,000000,0.370144,0.375729,0.344683,0.357039,3758924.308362192,0
ELF.V,D,20240625,000000,0.357039,0.367471,0.355587,0.366134,5492575.32326114,0
ELF.V,D,20240626,000000,0.36573,0.371122,0.351894,0.359555,4863716.319094303,0
ELF.V,D,20240627,000000,0.359123,0.37865,0.347432,0.358819,5189460.340242819,0
ELF.V,D,20240628,000000,0.358726,0.364571,0.353527,0.354693,4616663.730213396,0
ELF.V,D,20240629,000000,0.354194,0.358207,0.349808,0.350004,4656868.303530416,0
ELF.V,D,20240630,000000,0.3501,0.357217,0.343598,0.350652,5417012.817451446,0
ELF.V,D,20240701,000000,0.350652,0.357092,0.349294,0.354007,5777142.059422651,0
ELF.V,D,20240702,000000,0.354007,0.354007,0.344073,0.347743,4359202.197354204,0
ELF.V,D,20240703,000000,0.347743,0.357235,0.33036,0.353707,4451285.907681978,0
ELF.V,D,20240704,000000,0.354506,0.355006,0.315441,0.337011,3647279.8771784953,0
ELF.V,D,20240705,000000,0.337111,0.344583,0.29141,0.312819,3857422.260351719,0
ELF.V,D,20240706,000000,0.312725,0.376849,0.310037,0.363711,8380210.12122791,0
ELF.V,D,20240707,000000,0.363811,0.372955,0.341732,0.344762,7439645.905393236,0
ELF.V,D,20240708,000000,0.344766,0.458977,0.338863,0.417362,31568235.761408504,0
ELF.V,D,20240709,000000,0.417362,0.419741,0.388553,0.395792,8591108.1813793,0
ELF.V,D,20240710,000000,0.396092,0.414896,0.392296,0.397768,4447951.029716029,0
ELF.V,D,20240711,000000,0.397768,0.406463,0.377508,0.378489,7346630.550919409,0
ELF.V,D,20240712,000000,0.378292,0.402688,0.367904,0.378572,4372572.1169565115,0
ELF.V,D,20240713,000000,0.378472,0.385869,0.375649,0.383465,4417810.718504188,0
ELF.V,D,20240714,000000,0.383815,0.389105,0.377794,0.387439,2876602.75747494,0
ELF.V,D,20240715,000000,0.387443,0.419526,0.383642,0.4001,6101674.382052231,0
ELF.V,D,20240716,000000,0.3999,0.412702,0.385212,0.4003,5701487.964805568,0
ELF.V,D,20240717,000000,0.4001,0.423603,0.396903,0.406037,4615316.6188035235,0
ELF.V,D,20240718,000000,0.406037,0.414,0.390369,0.395421,3460602.0756110935,0
ELF.V,D,20240719,000000,0.395417,0.406003,0.389295,0.40507,3500002.3903405378,0
ELF.V,D,20240720,000000,0.40507,0.418355,0.400876,0.408071,3800090.668858882,0
ELF.V,D,20240721,000000,0.408071,0.418921,0.398912,0.411586,3431838.9663588023,0
ELF.V,D,20240722,000000,0.411486,0.415225,0.395808,0.39932,3350338.304607031,0
ELF.V,D,20240723,000000,0.39932,0.406722,0.387531,0.390547,3175570.7066546855,0
ELF.V,D,20240724,000000,0.390747,0.400148,0.388596,0.391929,3302001.2485280246,0
ELF.V,D,20240725,000000,0.391629,0.395129,0.374384,0.385688,3523256.9697579877,0
ELF.V,D,20240726,000000,0.3856,0.396688,0.381486,0.3964,3149260.0480418187,0
ELF.V,D,20240727,000000,0.3962,0.400992,0.390443,0.400288,3577532.233364528,0
ELF.V,D,20240728,000000,0.40034,0.400968,0.390392,0.392361,3768100.9170484496,0
ELF.V,D,20240729,000000,0.392461,0.399024,0.391714,0.394857,2826230.0063716844,0
ELF.V,D,20240730,000000,0.394957,0.395621,0.379986,0.384081,2987733.9351699566,0
ELF.V,D,20240731,000000,0.383677,0.385088,0.375065,0.378256,2062793.1728458372,0
ELF.V,D,20240801,000000,0.377664,0.394266,0.354277,0.366699,3300465.237270571,0
ELF.V,D,20240802,000000,0.366606,0.488409,0.351908,0.440293,12231272.794904102,0
ELF.V,D,20240803,000000,0.439894,0.478155,0.393389,0.405344,16907665.880354006,0
ELF.V,D,20240804,000000,0.405245,0.43234,0.356093,0.371489,8609815.56636546,0
ELF.V,D,20240805,000000,0.371292,0.388249,0.290435,0.329263,8667430.716931252,0
ELF.V,D,20240806,000000,0.329263,0.389948,0.329146,0.353634,9440307.281285021,0
ELF.V,D,20240807,000000,0.353538,0.381204,0.350043,0.361336,5075887.640961077,0
ELF.V,D,20240808,000000,0.361236,0.383815,0.359,0.383815,3115611.930494757,0
ELF.V,D,20240809,000000,0.383815,0.460387,0.383115,0.406426,5499411.635790671,0
ELF.V,D,20240810,000000,0.405826,0.420176,0.396515,0.399476,4521387.290616034,0
ELF.V,D,20240811,000000,0.4,0.460624,0.395451,0.414741,7491537.842878111,0
ELF.V,D,20240812,000000,0.414741,0.462851,0.408974,0.419342,8887409.136907378,0
ELF.V,D,20240813,000000,0.419046,0.434074,0.395799,0.410149,4480620.240181553,0
ELF.V,D,20240814,000000,0.410649,0.430929,0.387224,0.390431,5056747.2671134565,0
ELF.V,D,20240815,000000,0.390435,0.400076,0.378949,0.380172,3448735.406238164,0
ELF.V,D,20240816,000000,0.380168,0.386966,0.371582,0.382107,3662380.6417348166,0
ELF.V,D,20240817,000000,0.382267,0.396995,0.377442,0.383334,3304277.6729843304,0
ELF.V,D,20240818,000000,0.3839,0.388566,0.377234,0.385677,2985397.877902479,0
ELF.V,D,20240819,000000,0.385977,0.397036,0.376798,0.386285,3193939.725914708,0
ELF.V,D,20240820,000000,0.385785,0.394193,0.384411,0.388304,2911987.1837567347,0
ELF.V,D,20240821,000000,0.388204,0.39878,0.385215,0.397436,2812035.6293259608,0
ELF.V,D,20240822,000000,0.397299,0.409174,0.391871,0.40192,1638502.8751909633,0
ELF.V,D,20240823,000000,0.40192,0.422859,0.399828,0.421933,1247691.3688879611,0
ELF.V,D,20240824,000000,0.421633,0.4282,0.416137,0.416546,3851530.185072012,0
ELF.V,D,20240825,000000,0.41665,0.428829,0.404542,0.413245,3776570.730298197,0
ELF.V,D,20240826,000000,0.413345,0.415145,0.395779,0.397972,3127619.9403471495,0
ELF.V,D,20240827,000000,0.397972,0.406069,0.386069,0.387,4790124.461865568,0
ELF.V,D,20240828,000000,0.3871,0.3969,0.385,0.390335,2709377.7802039334,0
ELF.V,D,20240829,000000,0.390335,0.396687,0.386443,0.388696,2885602.554906,0
ELF.V,D,20240830,000000,0.388492,0.394239,0.374325,0.38305,4196137.210992251,0
ELF.V,D,20240831,000000,0.383046,0.386346,0.375281,0.377528,1021044.8948124008,0
ELF.V,D,20240901,000000,0.377938,0.387922,0.365634,0.371433,2840240.7547845817,0
ELF.V,D,20240902,000000,0.371233,0.378539,0.359057,0.375836,3420565.6263005873,0
ELF.V,D,20240903,000000,0.37584,0.380473,0.359778,0.364294,3241103.4563017315,0
ELF.V,D,20240904,000000,0.364327,0.372899,0.345507,0.363456,3827947.2325987453,0
ELF.V,D,20240905,000000,0.36346,0.367717,0.348937,0.353073,2815042.2763453578,0
ELF.V,D,20240906,000000,0.352973,0.35866,0.339523,0.34532,3456667.321688698,0
ELF.V,D,20240907,000000,0.34532,0.353965,0.343287,0.349565,2952258.1754659894,0
ELF.V,D,20240908,000000,0.349465,0.357968,0.348058,0.357464,3033064.7330822386,0
ELF.V,D,20240909,000000,0.357743,0.369682,0.356886,0.366866,4708113.28259264,0
ELF.V,D,20240910,000000,0.366966,0.374859,0.359986,0.370874,3725160.4807961024,0
ELF.V,D,20240911,000000,0.370874,0.373815,0.363767,0.368533,3322348.5044723544,0
ELF.V,D,20240912,000000,0.368633,0.3752,0.367829,0.37227,1776128.5850525326,0
ELF.V,D,20240913,000000,0.372366,0.37939,0.369185,0.378551,3107177.4335368755,0
ELF.V,D,20240914,000000,0.378551,0.380524,0.371667,0.374467,2397804.931777984,0
ELF.V,D,20240915,000000,0.374167,0.378771,0.368148,0.368604,2369663.342253533,0
ELF.V,D,20240916,000000,0.368504,0.368504,0.348495,0.350433,3418787.413150219,0
ELF.V,D,20240917,000000,0.35053,0.362864,0.35043,0.359132,2710567.51011518,0
ELF.V,D,20240918,000000,0.359232,0.35934,0.349269,0.355214,1284472.596896996,0
ELF.V,D,20240919,000000,0.355114,0.3704,0.354418,0.369637,1221963.6703060064,0
ELF.V,D,20240920,000000,0.369737,0.387027,0.368848,0.377934,2349960.6877753166,0
ELF.V,D,20240921,000000,0.377934,0.428439,0.377934,0.40104,3864617.302182478,0
ELF.V,D,20240922,000000,0.40094,0.412233,0.384596,0.3861,985943.8146805288,0
ELF.V,D,20240923,000000,0.3855,0.397356,0.383927,0.39378,992306.3531784567,0
ELF.V,D,20240924,000000,0.39378,0.399976,0.39043,0.39938,761521.6767489983,0
ELF.V,D,20240925,000000,0.3995,0.405547,0.390573,0.397332,1152317.5779776939,0
ELF.V,D,20240926,000000,0.397336,0.413788,0.392882,0.40414,1818006.076790373,0
ELF.V,D,20240927,000000,0.40424,0.408857,0.400424,0.406073,859801.376369038,0
ELF.V,D,20240928,000000,0.406173,0.409165,0.397456,0.401644,727430.5553922317,0
ELF.V,D,20240929,000000,0.40172,0.415242,0.397443,0.411135,950153.4325277252,0
ELF.V,D,20240930,000000,0.410718,0.429583,0.399164,0.399872,2239520.451201965,0
ELF.V,D,20241001,000000,0.400076,0.415738,0.374099,0.379101,4263058.84744635,0
ELF.V,D,20241002,000000,0.379601,0.380316,0.363675,0.365305,1337190.7620598553,0
ELF.V,D,20241003,000000,0.365001,0.366745,0.355343,0.358657,946249.4412244844,0
ELF.V,D,20241004,000000,0.358657,0.368696,0.357143,0.368693,621136.8856753525,0
ELF.V,D,20241005,000000,0.368693,0.373778,0.367893,0.370541,565812.6994972356,0
ELF.V,D,20241006,000000,0.370741,0.379924,0.370541,0.378236,550181.6626470011,0
ELF.V,D,20241007,000000,0.378336,0.382639,0.372385,0.377483,705123.0203742498,0
ELF.V,D,20241008,000000,0.376987,0.378594,0.370352,0.37433,732433.4471036481,0
ELF.V,D,20241009,000000,0.374488,0.377336,0.366766,0.368875,569552.7243799596,0
ELF.V,D,20241010,000000,0.369175,0.371691,0.359617,0.362708,657099.6036728213,0
ELF.V,D,20241011,000000,0.363107,0.376151,0.361742,0.375551,580434.265717716,0
ELF.V,D,20241012,000000,0.375951,0.384435,0.374961,0.378786,679313.2787227544,0
ELF.V,D,20241013,000000,0.378686,0.381178,0.372014,0.377845,649483.8641669883,0
ELF.V,D,20241014,000000,0.377938,0.397737,0.375712,0.389138,1972977.2037977094,0
ELF.V,D,20241015,000000,0.389142,0.394462,0.372803,0.379405,1078523.954876448,0
ELF.V,D,20241016,000000,0.379301,0.386868,0.378117,0.385219,1249229.163459181,0
ELF.V,D,20241017,000000,0.385427,0.386919,0.374324,0.378068,593101.2226038711,0
ELF.V,D,20241018,000000,0.377913,0.384158,0.377064,0.38265,631614.5023049557,0
ELF.V,D,20241019,000000,0.38285,0.390153,0.381154,0.384911,743640.9910603128,0
ELF.V,D,20241020,000000,0.384811,0.39257,0.383108,0.39237,452583.52554151526,0
ELF.V,D,20241021,000000,0.392718,0.39507,0.376732,0.379141,726371.5093754316,0
ELF.V,D,20241022,000000,0.378741,0.380971,0.369841,0.373335,722143.3927789357,0
ELF.V,D,20241023,000000,0.373331,0.375937,0.359703,0.365312,834182.6937458199,0
ELF.V,D,20241024,000000,0.365312,0.369438,0.359929,0.368975,872760.578911134,0
ELF.V,D,20241025,000000,0.369152,0.369275,0.353738,0.356457,856697.1629566441,0
ELF.V,D,20241026,000000,0.356557,0.356561,0.345632,0.349242,800899.2189752583,0
ELF.V,D,20241027,000000,0.349442,0.355844,0.349338,0.35431,477002.95209988614,0
ELF.V,D,20241028,000000,0.354845,0.357749,0.348401,0.35755,682794.0251449061,0
ELF.V,D,20241029,000000,0.357649,0.365409,0.356061,0.361384,902859.3787419585,0
ELF.V,D,20241030,000000,0.361388,0.363987,0.358989,0.360581,921922.3012301732,0
ELF.V,D,20241031,000000,0.360884,0.361973,0.347569,0.348643,817834.8673840078,0
ELF.V,D,20241101,000000,0.348643,0.366993,0.347956,0.349359,3621252.348874152,0
ELF.V,D,20241102,000000,0.349459,0.352888,0.342294,0.342301,758450.9331057091,0
ELF.V,D,20241103,000000,0.342804,0.34339,0.330787,0.33397,887865.1733621167,0
ELF.V,D,20241104,000000,0.333866,0.336488,0.317571,0.322948,1109685.350749722,0
ELF.V,D,20241105,000000,0.322971,0.335633,0.321891,0.33116,1037244.4061765033,0
ELF.V,D,20241106,000000,0.33106,0.351811,0.330764,0.351811,1745874.920001097,0
ELF.V,D,20241107,000000,0.351811,0.359964,0.348767,0.357679,1516578.6519509668,0
ELF.V,D,20241108,000000,0.357579,0.359623,0.35114,0.356131,1037873.2375330423,0
ELF.V,D,20241109,000000,0.356131,0.361277,0.353012,0.361208,1081352.2906797614,0
ELF.V,D,20241110,000000,0.361405,0.383926,0.361405,0.377711,4033407.0629327507,0
ELF.V,D,20241111,000000,0.377708,0.386857,0.368176,0.38604,2281528.335608952,0
ELF.V,D,20241112,000000,0.386248,0.408704,0.370433,0.390254,4948874.617797203,0
ELF.V,D,20241113,000000,0.390053,0.449539,0.364595,0.373885,7594793.016865932,0
ELF.V,D,20241114,000000,0.374115,0.381391,0.361501,0.366544,1961950.4661233241,0
ELF.V,D,20241115,000000,0.366466,0.379825,0.358972,0.37951,1184453.1570648844,0
ELF.V,D,20241116,000000,0.379514,0.403561,0.37814,0.400136,1260697.6678775449,0
ELF.V,D,20241117,000000,0.40014,0.406642,0.380096,0.381815,1298463.4675454535,0
ELF.V,D,20241118,000000,0.382015,0.405743,0.381011,0.402862,1983155.7601885872,0
ELF.V,D,20241119,000000,0.402766,0.430415,0.399684,0.411618,3066951.6674989257,0
ELF.V,D,20241120,000000,0.411117,0.427437,0.395203,0.417688,3292103.5452697165,0
ELF.V,D,20241121,000000,0.417684,0.42692,0.401925,0.420095,1125929.5434016304,0
ELF.V,D,20241122,000000,0.419794,0.42502,0.405024,0.41783,773887.5142299414,0
ELF.V,D,20241123,000000,0.418134,0.440701,0.416224,0.432166,1251306.222480921,0
ELF.V,D,20241124,000000,0.432166,0.456606,0.420039,0.443743,1733124.2205373428,0
ELF.V,D,20241125,000000,0.443843,0.834625,0.443143,0.785304,76449107.19371119,0
ELF.V,D,20241126,000000,0.785804,0.822242,0.597179,0.603577,19584082.241014276,0
ELF.V,D,20241127,000000,0.602677,0.610874,0.552185,0.577177,6786360.246087589,0
ELF.V,D,20241128,000000,0.577377,0.587428,0.549004,0.559528,1927224.0046494864,0
ELF.V,D,20241129,000000,0.55845,0.597466,0.556833,0.585721,4975957.716679664,0
ELF.V,D,20241130,000000,0.586222,0.633896,0.570182,0.588835,4649172.541076788,0
ELF.V,D,20241201,000000,0.589136,0.612518,0.570225,0.5885,2983766.339019773,0
ELF.V,D,20241202,000000,0.5889,0.604162,0.540357,0.568999,2926320.9019589736,0
ELF.V,D,20241203,000000,0.568799,0.6038,0.531759,0.58249,5124798.076436487,0
ELF.V,D,20241204,000000,0.58498,0.632209,0.566574,0.619035,3574337.504986517,0
ELF.V,D,20241205,000000,0.619435,0.634306,0.58847,0.600312,2465159.971892562,0
ELF.V,D,20241206,000000,0.599773,0.609633,0.574096,0.605358,2363343.569688047,0
ELF.V,D,20241207,000000,0.605258,0.613325,0.596415,0.608225,1155184.8522779646,0
ELF.V,D,20241208,000000,0.60778,0.613084,0.583392,0.597935,1268893.7424868234,0
ELF.V,D,20241209,000000,0.598435,0.601831,0.488105,0.512954,3109333.7099103206,0
ELF.V,D,20241210,000000,0.512254,0.521235,0.455655,0.49084,2731823.295807103,0
ELF.V,D,20241211,000000,0.491446,0.551465,0.459357,0.541371,4280294.102197601,0
ELF.V,D,20241212,000000,0.541871,0.61221,0.529228,0.536623,10464257.86563605,0
ELF.V,D,20241213,000000,0.536291,0.545882,0.519219,0.530501,2830471.6616757163,0
ELF.V,D,20241214,000000,0.530696,0.538786,0.50063,0.508654,1200930.0036660016,0
ELF.V,D,20241215,000000,0.508454,0.531371,0.5003,0.524379,2654122.2371114236,0
ELF.V,D,20241216,000000,0.524795,0.536994,0.492798,0.508842,1637982.1980072367,0
ELF.V,D,20241217,000000,0.507942,0.530499,0.495175,0.502545,5976581.24080241,0
ELF.V,D,20241218,000000,0.502355,0.50554,0.455231,0.458912,1556820.9929097872,0
ELF.V,D,20241219,000000,0.458916,0.472726,0.427479,0.443891,1930154.114953216,0
ELF.V,D,20241220,000000,0.4439,0.453392,0.403857,0.447,1864045.2774715282,0
ELF.V,D,20241221,000000,0.446505,0.466771,0.42889,0.43314,1086423.2506362323,0
ELF.V,D,20241222,000000,0.432844,0.505421,0.430763,0.463648,5268688.819084588,0
ELF.V,D,20241223,000000,0.461151,0.508481,0.451598,0.486552,4194511.355967747,0
ELF.V,D,20241224,000000,0.48815,0.49187,0.474145,0.48643,1383008.9129445748,0
ELF.V,D,20241225,000000,0.486874,0.492945,0.450831,0.458092,4475431.445943122,0
ELF.V,D,20241226,000000,0.457892,0.469498,0.426052,0.435429,5801233.109119263,0
ELF.V,D,20241227,000000,0.433918,0.450867,0.429871,0.437161,1044319.8408338106,0
ELF.V,D,20241228,000000,0.436562,0.482984,0.435572,0.459929,4379990.405404066,0
ELF.V,D,20241229,000000,0.459634,0.468346,0.441533,0.443334,1696129.7938560983,0
ELF.V,D,20241230,000000,0.444935,0.458979,0.429987,0.437107,1204925.814056688,0
ELF.V,D,20241231,000000,0.436704,0.456264,0.433271,0.440779,2928464.249885404,0
ELF.V,D,20250101,000000,0.440874,0.45928,0.438344,0.44896,2152758.5323839555,0
ELF.V,D,20250102,000000,0.448161,0.477346,0.445022,0.469221,6791962.441301733,0
ELF.V,D,20250103,000000,0.468717,0.501389,0.466533,0.485715,5033727.3889367,0
ELF.V,D,20250104,000000,0.485511,0.505388,0.474705,0.480409,3359793.8296850277,0
ELF.V,D,20250105,000000,0.480104,0.542802,0.478909,0.504569,9341978.85334512,0
ELF.V,D,20250106,000000,0.504769,0.522786,0.492397,0.510648,2986863.0299712205,0
ELF.V,D,20250107,000000,0.510148,0.513605,0.468955,0.472334,1499704.1831794959,0
ELF.V,D,20250108,000000,0.470129,0.4747,0.443371,0.466255,1851091.4123404706,0
ELF.V,D,20250109,000000,0.46596,0.494089,0.450619,0.468767,3977968.514357706,0
ELF.V,D,20250110,000000,0.467772,0.482271,0.449296,0.461898,2346936.104036271,0
ELF.V,D,20250111,000000,0.461903,0.487207,0.461503,0.470074,3507119.988595001,0
ELF.V,D,20250112,000000,0.470274,0.486561,0.467027,0.476709,3022824.3770787967,0
ELF.V,D,20250113,000000,0.477014,0.487732,0.42956,0.452405,2555571.6152936723,0
ELF.V,D,20250114,000000,0.45111,0.479918,0.445795,0.470407,2183851.7071293797,0
ELF.V,D,20250115,000000,0.469707,0.487142,0.453555,0.473814,1577546.3177655772,0
ELF.V,D,20250116,000000,0.473019,0.475843,0.447002,0.452496,1877669.6587657495,0
ELF.V,D,20250117,000000,0.452591,0.461348,0.451814,0.461047,1814200.2077923962,0
ELF.V,D,20250118,000000,0.460747,0.461966,0.420805,0.429009,2794951.4564820365,0
ELF.V,D,20250119,000000,0.429009,0.438018,0.37579,0.383382,3912829.0530903987,0
ELF.V,D,20250120,000000,0.380021,0.399731,0.367563,0.382817,2484179.9253179706,0
ELF.V,D,20250121,000000,0.381449,0.392142,0.37547,0.388862,2608589.239276284,0
ELF.V,D,20250122,000000,0.387689,0.39191,0.381766,0.384811,1216282.9654089503,0
ELF.V,D,20250123,000000,0.384708,0.392944,0.374631,0.381284,2216468.900067173,0
ELF.V,D,20250124,000000,0.38188,0.387831,0.365267,0.381527,2241350.8670348777,0
ELF.V,D,20250125,000000,0.380923,0.385127,0.37527,0.380428,1592801.6332141825,0
ELF.V,D,20250126,000000,0.380528,0.382104,0.37514,0.37514,989977.157202277,0
ELF.V,D,20250127,000000,0.375044,0.375044,0.329645,0.348313,1815273.1661891246,0
ELF.V,D,20250128,000000,0.348116,0.354043,0.343284,0.344776,1443338.6083443745,0
ELF.V,D,20250129,000000,0.344183,0.349562,0.339532,0.348186,1119572.8792127697,0
ELF.V,D,20250130,000000,0.348193,0.358246,0.34429,0.356732,1326558.2244822779,0
ELF.V,D,20250131,000000,0.356836,0.360036,0.350075,0.351298,1045847.7271925567,0
ELF.V,D,20250201,000000,0.351298,0.363705,0.343814,0.343814,1956625.161548449,0
ELF.V,D,20250202,000000,0.343114,0.346069,0.298197,0.306611,2054842.5685187879,0
ELF.V,D,20250203,000000,0.307011,0.31183,0.260622,0.308208,4003226.293743167,0
ELF.V,D,20250204,000000,0.308111,0.31031,0.286832,0.292846,1654833.444992695,0
ELF.V,D,20250205,000000,0.291946,0.298808,0.288729,0.28902,1115710.2101099312,0
ELF.V,D,20250206,000000,0.289123,0.296401,0.280217,0.28152,1183728.5614591646,0
ELF.V,D,20250207,000000,0.28152,0.29156,0.276761,0.281011,1385403.0358585764,0
ELF.V,D,20250208,000000,0.281011,0.290535,0.280972,0.288423,1303720.7201375908,0
ELF.V,D,20250209,000000,0.288623,0.296459,0.285431,0.291035,1383426.064348154,0
ELF.V,D,20250210,000000,0.290232,0.298427,0.283159,0.29515,1317735.8186759898,0
ELF.V,D,20250211,000000,0.29505,0.304043,0.293165,0.293468,1363135.5459777808,0
ELF.V,D,20250212,000000,0.293468,0.304912,0.286148,0.301918,1831528.2966786607,0
ELF.V,D,20250213,000000,0.301921,0.304203,0.292012,0.296406,1279046.1141826913,0
ELF.V,D,20250214,000000,0.296409,0.29923,0.293659,0.29385,1018908.9794579938,0
ELF.V,D,20250215,000000,0.29405,0.297027,0.286229,0.287026,1155989.5861507922,0
