<TICKER>,<PER>,<DATE>,<TIME>,<OPEN>,<HIGH>,<LOW>,<CLOSE>,<VOL>,<OPENINT>
FRAX.V,D,20220515,000000,0.986419,0.992509,0.986419,0.986716,141.181426,0
FRAX.V,D,20220516,000000,0.99071,0.993905,0.97383,0.989712,3911.777861,0
FRAX.V,D,20220517,000000,0.873862,0.9988,0.852804,0.9988,1646.254733,0
FRAX.V,D,20220518,000000,0.9987,0.9987,0.989811,0.995704,13.789951,0
FRAX.V,D,20220519,000000,0.988614,0.995704,0.987012,0.987111,248.715406,0
FRAX.V,D,20220520,000000,0.987111,0.994805,0.78921,0.993806,176.718407,0
FRAX.V,D,20220521,000000,0.993806,0.993806,0.978726,0.978726,187.167152,0
FRAX.V,D,20220522,000000,0.986617,0.986617,0.978824,0.978824,8.051798,0
FRAX.V,D,20220523,000000,0.986814,0.991908,0.986716,0.986716,28.638395,0
FRAX.V,D,20220524,000000,0.982918,0.982918,0.970834,0.982622,47.320542,0
FRAX.V,D,20220525,000000,0.982721,1.044849,0.982721,1.039855,1792.062722,0
FRAX.V,D,20220526,000000,1.004633,1.004734,0.978922,0.992058,1565.44074,0
FRAX.V,D,20220527,000000,0.987931,0.994205,0.980299,0.987931,26.27958609,0
FRAX.V,D,20220528,000000,0.979156,0.988261,0.979156,0.987053,3813.672609,0
FRAX.V,D,20220529,000000,0.987913,0.994784,0.987223,0.992647,1430.770788,0
FRAX.V,D,20220530,000000,0.992747,0.992747,0.982264,0.982264,4565.60902,0
FRAX.V,D,20220531,000000,0.982762,1.01224,0.968405,0.98257,101390.61604379,0
FRAX.V,D,20220601,000000,0.98479,1.00616,0.98222,1.0038,66724.20539752,0
FRAX.V,D,20220602,000000,1.00247,1.01761,0.98275,0.99608,255801.95892334,0
FRAX.V,D,20220603,000000,0.99558,1.00922,0.99222,1.00023,20289.522077829,0
FRAX.V,D,20220604,000000,1.00086,1.00394,0.99585,0.99925,3211.371879,0
FRAX.V,D,20220605,000000,0.99738,1.00018,0.9963,0.998,851.506768,0
FRAX.V,D,20220606,000000,0.99601,1.00136,0.99601,0.99849,5148.650495026,0
FRAX.V,D,20220607,000000,0.99939,1.00134,0.98908,0.99048,12057.951129885,0
FRAX.V,D,20220608,000000,0.99011,0.99504,0.98817,0.9901,2997.708585,0
FRAX.V,D,20220609,000000,0.99005,0.99066,0.986771,0.988039,2909.74534005,0
FRAX.V,D,20220610,000000,0.986761,0.989468,0.986415,0.986504,133.21043,0
FRAX.V,D,20220611,000000,0.986563,0.989191,0.986553,0.988482,12.647035010012,0
FRAX.V,D,20220612,000000,0.988452,0.989013,0.988195,0.988432,265.252754655,0
FRAX.V,D,20220613,000000,0.988373,0.991958,0.984697,0.987555,13343.32424586,0
FRAX.V,D,20220614,000000,0.986109,0.997442,0.986079,0.988862,7127.852339,0
FRAX.V,D,20220615,000000,0.988832,0.996263,0.98801,0.995804,13139.9713402,0
FRAX.V,D,20220616,000000,0.988911,0.995804,0.987634,0.987634,83.538134748,0
FRAX.V,D,20220617,000000,0.986257,0.997834,0.986257,0.991958,6043.512125,0
FRAX.V,D,20220618,000000,0.987684,0.993716,0.982058,0.987318,22563.374570792,0
FRAX.V,D,20220619,000000,0.9864,0.99166,0.981086,0.989722,6808.9655072,0
FRAX.V,D,20220620,000000,0.983508,0.990019,0.98341,0.985685,2746.109790705,0
FRAX.V,D,20220621,000000,0.983508,0.990217,0.983508,0.990217,69.73461119,0
FRAX.V,D,20220622,000000,0.983705,0.987931,0.981469,0.983705,351.408650722,0
FRAX.V,D,20220623,000000,0.952656,0.970688,0.952656,0.960938,36.049093,0
FRAX.V,D,20220624,000000,0.970688,0.982335,0.960938,0.982335,1182.3425901,0
FRAX.V,D,20220625,000000,0.981018,0.990097,0.981018,0.98518,961.897197,0
FRAX.V,D,20220626,000000,0.986109,0.992305,0.981313,0.986178,334.632307,0
FRAX.V,D,20220627,000000,0.981509,0.997082,0.981116,0.997082,270.789342,0
FRAX.V,D,20220628,000000,0.990217,0.990217,0.988772,0.988772,22.538943,0
FRAX.V,D,20220629,000000,0.988782,0.992837,0.981174,0.989751,160.653939,0
FRAX.V,D,20220630,000000,0.981371,0.98995,0.981184,0.989811,374.156866,0
FRAX.V,D,20220701,000000,0.988662,0.988662,0.949669,0.972894,402.055462,0
FRAX.V,D,20220702,000000,0.960842,0.981151,0.960746,0.977176,139.893677,0
FRAX.V,D,20220703,000000,0.968836,0.977176,0.961488,0.972894,318.591523,0
FRAX.V,D,20220704,000000,0.965124,0.972734,0.964744,0.972734,33.116909,0
FRAX.V,D,20220705,000000,0.972831,0.981469,0.972831,0.981469,108.39648,0
FRAX.V,D,20220706,000000,0.981469,0.981469,0.973098,0.981469,10.115974,0
FRAX.V,D,20220707,000000,0.985685,0.985685,0.985685,0.985685,1.313444,0
FRAX.V,D,20220708,000000,0.990296,0.990296,0.98196,0.98196,7.618108,0
FRAX.V,D,20220709,000000,0.977773,0.984969,0.974465,0.974625,415.113634,0
FRAX.V,D,20220710,000000,0.974567,0.996052,0.974485,0.995332,2300.120259,0
FRAX.V,D,20220711,000000,0.995342,0.995492,0.975879,0.978191,1184.70901,0
FRAX.V,D,20220712,000000,0.978319,0.996483,0.977541,0.992497,624.2092212,0
FRAX.V,D,20220713,000000,0.992756,0.995034,0.980618,0.982896,1135.814319,0
FRAX.V,D,20220714,000000,0.987081,0.991964,0.978606,0.984071,1457.175815,0
FRAX.V,D,20220715,000000,0.984979,0.990805,0.974075,0.977999,2018.439918,0
FRAX.V,D,20220716,000000,0.975737,0.996461,0.975217,0.991502,1096.672132,0
FRAX.V,D,20220717,000000,0.991622,0.996691,0.989802,0.993572,675.428449,0
FRAX.V,D,20220718,000000,0.992992,0.99935,0.989693,0.992702,1537.723058,0
FRAX.V,D,20220719,000000,0.993042,0.99715,0.98606,0.989698,738.4901007,0
FRAX.V,D,20220720,000000,0.99249,1.00399,0.983499,1.00344,2423.455239,0
FRAX.V,D,20220721,000000,0.99922,0.99967,0.99199,0.996739,2632.7245073,0
FRAX.V,D,20220722,000000,0.99637,1.00126,0.994438,0.995189,1177.054342,0
FRAX.V,D,20220723,000000,0.99528,0.99623,0.983559,0.986628,1196.291537,0
FRAX.V,D,20220724,000000,0.990378,0.993839,0.987459,0.992999,599.222648,0
FRAX.V,D,20220725,000000,0.993119,0.99407,0.983569,0.9919,1572.900223,0
FRAX.V,D,20220726,000000,0.993279,0.993279,0.99155,0.99195,1603.804782,0
FRAX.V,D,20220727,000000,0.992079,0.99857,0.99185,0.996379,1310.675941,0
FRAX.V,D,20220728,000000,0.997259,1.00181,0.99202,1.00074,740.181123,0
FRAX.V,D,20220729,000000,0.99965,1.00329,0.987666,0.993617,1020.6708609,0
FRAX.V,D,20220730,000000,0.992667,0.996949,0.984035,0.986656,1269.523371,0
FRAX.V,D,20220731,000000,0.983854,0.994229,0.965202,0.977843,1301.009155,0
FRAX.V,D,20220801,000000,0.972583,0.977753,0.96124,0.974882,1590.4520564,0
FRAX.V,D,20220802,000000,0.975393,0.989386,0.975072,0.978047,1075.951066,0
FRAX.V,D,20220803,000000,0.978196,0.994869,0.977843,0.983446,2341.9464418,0
FRAX.V,D,20220804,000000,0.983759,0.986867,0.978068,0.979429,822.958215,0
FRAX.V,D,20220805,000000,0.979348,0.99385,0.960646,0.966834,1197.657267,0
FRAX.V,D,20220806,000000,0.964283,0.970925,0.961619,0.967472,231.539298,0
FRAX.V,D,20220807,000000,0.967352,0.990198,0.965096,0.988748,1421.66948,0
FRAX.V,D,20220808,000000,0.988838,1.00218,0.988048,0.995779,1058.448799,0
FRAX.V,D,20220809,000000,0.995669,0.996449,0.987958,0.988358,995.943544,0
FRAX.V,D,20220810,000000,0.988318,1.008525,0.979555,0.998019,2201.6477667,0
FRAX.V,D,20220811,000000,0.998049,0.99971,0.990826,0.998549,1635.128873,0
FRAX.V,D,20220812,000000,0.998509,1.003071,0.993357,0.994998,1017.433439,0
FRAX.V,D,20220813,000000,0.994877,0.997498,0.990377,0.993798,1091.964957,0
FRAX.V,D,20220814,000000,0.992897,0.996739,0.972604,0.973752,1872.304922677,0
FRAX.V,D,20220815,000000,0.973511,0.984015,0.961593,0.967733,1295.278337,0
FRAX.V,D,20220816,000000,0.969166,0.975117,0.966155,0.970166,1446.425172,0
FRAX.V,D,20220817,000000,0.973218,0.978678,0.966256,0.974478,1815.440147,0
FRAX.V,D,20220818,000000,0.974507,0.99575,0.973782,0.992539,339.029035,0
FRAX.V,D,20220819,000000,0.990099,0.990099,0.962896,0.979788,4247.4112908,0
FRAX.V,D,20220820,000000,0.975921,0.985857,0.969516,0.97742,1692.428602,0
FRAX.V,D,20220821,000000,0.97736,0.99059,0.971974,0.99059,517.663633,0
FRAX.V,D,20220822,000000,0.98708,0.98986,0.982862,0.984813,3990.881544,0
FRAX.V,D,20220823,000000,0.984893,0.99346,0.984713,0.98794,1219.177153,0
FRAX.V,D,20220824,000000,0.98777,0.99673,0.98513,0.99401,802.768173,0
FRAX.V,D,20220825,000000,0.99392,0.9966,0.98698,0.989039,2713.003657,0
FRAX.V,D,20220826,000000,0.988511,0.990369,0.98461,0.986889,3121.2399192,0
FRAX.V,D,20220827,000000,0.987219,0.99423,0.98511,0.99279,1473.21842,0
FRAX.V,D,20220828,000000,0.99227,0.99494,0.97076,0.97835,1028.982658,0
FRAX.V,D,20220829,000000,0.97905,0.982161,0.974862,0.977738,1915.31908,0
FRAX.V,D,20220830,000000,0.977368,0.981939,0.975795,0.979547,1932.617796,0
FRAX.V,D,20220831,000000,0.978728,0.984919,0.977739,0.98042,626.440475,0
FRAX.V,D,20220901,000000,0.981111,0.98486,0.975862,0.980391,1135.857952,0
FRAX.V,D,20220902,000000,0.98018,0.984998,0.974979,0.98282,1179.582724,0
FRAX.V,D,20220903,000000,0.983297,0.98772,0.9812,0.98772,872.901776,0
FRAX.V,D,20220904,000000,0.98666,0.99108,0.98473,0.98931,1008.502487,0
FRAX.V,D,20220905,000000,0.98748,0.9926,0.984988,0.991629,825.804829,0
FRAX.V,D,20220906,000000,0.993949,0.993949,0.984792,0.98502,1707.661396,0
FRAX.V,D,20220907,000000,0.985069,0.995209,0.970078,0.97118,4028.435148,0
FRAX.V,D,20220908,000000,0.972157,0.99868,0.971357,0.995249,3812.824202,0
FRAX.V,D,20220909,000000,0.996099,1.00016,0.990757,0.990757,2995.499056,0
FRAX.V,D,20220910,000000,0.990906,1.0003,0.972039,0.996609,1140.636784,0
FRAX.V,D,20220911,000000,0.997239,0.997239,0.992798,0.992798,816.886662,0
FRAX.V,D,20220912,000000,0.992999,0.993448,0.976896,0.981305,1456.291864,0
FRAX.V,D,20220913,000000,0.981207,0.982608,0.972019,0.975699,1349.246327,0
FRAX.V,D,20220914,000000,0.974957,0.978549,0.969521,0.978126,3609.475082,0
FRAX.V,D,20220915,000000,0.979416,0.98683,0.972302,0.976911,2302.76495,0
FRAX.V,D,20220916,000000,0.97689,0.99434,0.976802,0.993731,3053.3724295,0
FRAX.V,D,20220917,000000,0.993411,0.996,0.98684,0.9874,1364.49451,0
FRAX.V,D,20220918,000000,0.98725,0.99297,0.98693,0.991561,1338.743459,0
FRAX.V,D,20220919,000000,0.990621,0.99853,0.98835,0.99627,1265.502965,0
FRAX.V,D,20220920,000000,0.996939,0.99773,0.978938,0.97908,2206.55602,0
FRAX.V,D,20220921,000000,0.979298,1.00009,0.979118,0.98857,1551.199059,0
FRAX.V,D,20220922,000000,0.988599,0.99286,0.98666,0.99154,1374.065523,0
FRAX.V,D,20220923,000000,0.99152,0.991661,0.983622,0.99015,1355.303999,0
FRAX.V,D,20220924,000000,0.987941,0.99898,0.98738,0.995179,1775.470298,0
FRAX.V,D,20220925,000000,0.993,0.993,0.982179,0.982228,967.2313011,0
FRAX.V,D,20220926,000000,0.982071,0.99565,0.98161,0.99297,806.179919,0
FRAX.V,D,20220927,000000,0.99238,0.994399,0.987901,0.991141,1115.260771,0
FRAX.V,D,20220928,000000,0.990431,0.994041,0.975182,0.97882,1419.333164,0
FRAX.V,D,20220929,000000,0.97908,0.97908,0.977002,0.977608,1479.078214,0
FRAX.V,D,20220930,000000,0.979348,0.979348,0.97676,0.97735,610.368762,0
FRAX.V,D,20221001,000000,0.97772,0.99713,0.97738,0.99449,977.150541,0
FRAX.V,D,20221002,000000,0.99437,0.994479,0.98831,0.99024,432.765641,0
FRAX.V,D,20221003,000000,0.99068,0.994739,0.988469,0.994739,541.097533,0
FRAX.V,D,20221004,000000,0.993599,0.994579,0.991249,0.993649,544.252104,0
FRAX.V,D,20221005,000000,0.993359,1.0002,0.989219,0.994109,2012.939164,0
FRAX.V,D,20221006,000000,0.994879,0.997309,0.993939,0.994389,1049.517041,0
FRAX.V,D,20221007,000000,0.991959,0.994269,0.98832,0.990799,816.710614,0
FRAX.V,D,20221008,000000,0.991849,0.992889,0.989607,0.989607,827.926894,0
FRAX.V,D,20221009,000000,0.991788,0.991788,0.988098,0.988519,925.886117,0
FRAX.V,D,20221010,000000,0.988599,0.988728,0.984812,0.988021,942.569002,0
FRAX.V,D,20221011,000000,0.98592,0.987571,0.981902,0.985221,829.3248248,0
FRAX.V,D,20221012,000000,0.984962,0.98926,0.982142,0.9852,997.805075,0
FRAX.V,D,20221013,000000,0.98503,0.988,0.981321,0.985949,1474.728701,0
FRAX.V,D,20221014,000000,0.986249,0.987059,0.981609,0.98545,1410.072494,0
FRAX.V,D,20221015,000000,0.98428,0.989109,0.984069,0.985309,830.960572,0
FRAX.V,D,20221016,000000,0.98571,1.00098,0.98469,1.00098,1136.479492,0
FRAX.V,D,20221017,000000,0.99801,1.00007,0.99,0.99416,2125.045576,0
FRAX.V,D,20221018,000000,0.99563,0.9979,0.99186,0.99442,1164.28263,0
FRAX.V,D,20221019,000000,0.9941,0.99612,0.99091,0.99577,405.092692,0
FRAX.V,D,20221020,000000,0.99707,0.9978,0.990661,0.992121,1889.510355,0
FRAX.V,D,20221021,000000,0.990271,0.992471,0.977512,0.980039,1302.343443,0
FRAX.V,D,20221022,000000,0.980149,0.990059,0.980149,0.986709,1457.084169,0
FRAX.V,D,20221023,000000,0.986329,0.99743,0.986329,0.991259,1425.703716,0
FRAX.V,D,20221024,000000,0.990939,0.99297,0.989658,0.99297,1215.096057,0
FRAX.V,D,20221025,000000,0.99297,0.996509,0.99217,0.994368,700.386946,0
FRAX.V,D,20221026,000000,0.994208,0.996729,0.984497,0.988117,1036.622548,0
FRAX.V,D,20221027,000000,0.988017,0.992318,0.987897,0.990649,828.235965,0
FRAX.V,D,20221028,000000,0.99041,0.993789,0.988189,0.991508,523.524033,0
FRAX.V,D,20221029,000000,0.990958,0.993878,0.988296,0.991598,1280.287312,0
FRAX.V,D,20221030,000000,0.991518,0.997749,0.982226,0.997749,1041.25343,0
FRAX.V,D,20221031,000000,0.99866,0.99893,0.99115,0.992111,1408.5188862,0
FRAX.V,D,20221101,000000,0.99351,0.995121,0.987832,0.990511,1271.7115763,0
FRAX.V,D,20221102,000000,0.992321,0.992321,0.987793,0.989271,1935.137254,0
FRAX.V,D,20221103,000000,0.988841,0.993551,0.988461,0.991311,496.661774,0
FRAX.V,D,20221104,000000,0.99146,0.99393,0.98949,0.99087,1554.7673427,0
FRAX.V,D,20221105,000000,0.990909,0.99372,0.989559,0.990099,1058.7207169999997,0
FRAX.V,D,20221106,000000,0.99039,0.990649,0.98933,0.990199,1397.645814,0
FRAX.V,D,20221107,000000,0.990439,0.992,0.986849,0.989259,998.931121,0
FRAX.V,D,20221108,000000,0.98947,0.993089,0.98285,0.985058,4887.071509000001,0
FRAX.V,D,20221109,000000,0.986645,1.005339,0.981666,0.990652,1580.744803,0
FRAX.V,D,20221110,000000,0.999131,1.092916,0.97,1.015088,2585.152243999999,0
FRAX.V,D,20221111,000000,1.012638,1.188613,0.988963,0.991468,3586.7778977000003,0
FRAX.V,D,20221112,000000,0.993849,0.998105,0.986222,0.989496,926.4162300000002,0
FRAX.V,D,20221113,000000,0.986222,0.99206,0.974829,0.978335,1638.6017650000001,0
FRAX.V,D,20221114,000000,0.976497,0.993088,0.974137,0.993088,3089.5364890000023,0
FRAX.V,D,20221115,000000,0.993078,0.995274,0.98901,0.991009,1825.09965,0
FRAX.V,D,20221116,000000,0.991599,0.992666,0.989069,0.989499,2844.4361230000018,0
FRAX.V,D,20221117,000000,0.989838,0.996152,0.988219,0.995603,1902.9713795000005,0
FRAX.V,D,20221118,000000,0.995343,0.996292,0.99066,0.991399,2976.162285799997,0
FRAX.V,D,20221119,000000,0.991449,1.004164,0.988822,0.99893,2946.914042999999,0
FRAX.V,D,20221120,000000,0.998291,1.007039,0.996972,1.000138,2103.6651225699998,0
FRAX.V,D,20221121,000000,1.000477,1.008828,0.996473,1.00731,2383.797469,0
FRAX.V,D,20221122,000000,1.009817,1.122233,0.959468,1.076176,2431.9378750000014,0
FRAX.V,D,20221123,000000,1.065931,1.135038,0.980382,1.046768,2199.2040217999997,0
FRAX.V,D,20221124,000000,1.019618,1.099054,0.99865,0.99944,1214.2638083000004,0
FRAX.V,D,20221125,000000,1.002157,1.066899,0.998201,1.062964,999.7674547,0
FRAX.V,D,20221126,000000,1.06693,1.079369,1.004347,1.009313,1222.3331485999997,0
FRAX.V,D,20221127,000000,1.008065,1.071203,1.005336,1.058383,685.5273179999997,0
FRAX.V,D,20221128,000000,1.058383,1.099387,0.989465,1.010496,1418.3519357,0
FRAX.V,D,20221129,000000,1.009886,1.01754,1.00799,1.01579,719.3877433,0
FRAX.V,D,20221130,000000,1.01469,1.08095,0.998,1.07918,551.9235379999998,0
FRAX.V,D,20221201,000000,1.07915,1.0812,1.01076,1.01809,1329.2073790000002,0
FRAX.V,D,20221202,000000,1.01821,1.02231,1.0178,1.02008,6687.174384,0
FRAX.V,D,20221203,000000,1.02189,1.02189,1.02189,1.02189,1044.4766,0
FRAX.V,D,20221204,000000,1.02271,1.02391,1.02245,1.02391,266.91857300000004,0
FRAX.V,D,20221205,000000,1.02331,1.02423,1.02241,1.0225,407.428111,0
FRAX.V,D,20221206,000000,1.02261,1.02359,0.99873,1.00192,1016.0845609999996,0
FRAX.V,D,20221207,000000,1.00232,1.0037,0.99054,0.99177,671.7897036999999,0
FRAX.V,D,20221208,000000,0.99549,0.99752,0.99308,0.99706,1320.8775629999998,0
FRAX.V,D,20221209,000000,0.9964,0.99775,0.99525,0.99671,490.0163380000001,0
FRAX.V,D,20221210,000000,0.98535,0.98767,0.98201,0.98274,437.3246020000001,0
FRAX.V,D,20221211,000000,0.98429,0.98561,0.981109,0.982818,11421.896787000003,0
FRAX.V,D,20221212,000000,0.983667,0.993879,0.97999,0.993299,1188.2100650000002,0
FRAX.V,D,20221213,000000,0.992319,0.993764,0.983782,0.985923,849.2734620000002,0
FRAX.V,D,20221214,000000,0.984645,0.98613,0.981109,0.982239,1423.9246959999996,0
FRAX.V,D,20221215,000000,0.985149,0.986287,0.980888,0.981606,1083.2394079999997,0
FRAX.V,D,20221216,000000,0.982048,0.9869,0.980098,0.982898,1280.5978180000002,0
FRAX.V,D,20221217,000000,0.984467,0.989789,0.981526,0.987119,1260.1177986000002,0
FRAX.V,D,20221218,000000,0.986188,0.991289,0.985809,0.989859,1066.731005,0
FRAX.V,D,20221219,000000,0.989149,0.993149,0.98158,0.98237,703.3658519999999,0
FRAX.V,D,20221220,000000,0.98399,0.98552,0.98249,0.984199,640.189416,0
FRAX.V,D,20221221,000000,0.982888,0.984569,0.98146,0.982279,646.238658,0
FRAX.V,D,20221222,000000,0.982139,0.98469,0.979922,0.983352,1190.664984,0
FRAX.V,D,20221223,000000,0.982203,0.99637,0.981203,0.994011,1153.8194569999996,0
FRAX.V,D,20221224,000000,0.994881,0.99517,0.992901,0.99406,1060.8064920000004,0
FRAX.V,D,20221225,000000,0.99522,0.99532,0.981783,0.982173,1339.4905299999996,0
FRAX.V,D,20221226,000000,0.982502,0.987101,0.982442,0.985823,512.5690030000002,0
FRAX.V,D,20221227,000000,0.984883,0.986812,0.984423,0.986545,167.36998899999998,0
FRAX.V,D,20221228,000000,0.986614,0.986614,0.985096,0.985096,0.2541092,0
FRAX.V,D,20221229,000000,0.984308,0.985736,0.983597,0.984027,361.1253219999998,0
FRAX.V,D,20221230,000000,0.983927,0.986297,0.980958,0.984758,1400.6405979999997,0
FRAX.V,D,20221231,000000,0.984567,0.986306,0.9804,0.9804,9085.444626,0
FRAX.V,D,20230101,000000,0.982089,0.983697,0.980212,0.980989,1286.9459140000006,0
FRAX.V,D,20230102,000000,0.980889,0.983815,0.980638,0.982277,1165.2244359999997,0
FRAX.V,D,20230103,000000,0.981036,0.982765,0.980658,0.982267,4881.106198,0
FRAX.V,D,20230104,000000,0.981767,0.990414,0.981168,0.983035,934.0850796000002,0
FRAX.V,D,20230105,000000,0.985275,0.985734,0.982287,0.985335,1330.9294480000005,0
FRAX.V,D,20230106,000000,0.984276,0.985426,0.981017,0.981017,384.63005819999995,0
FRAX.V,D,20230107,000000,0.987384,0.992002,0.987184,0.989742,594.4681888,0
FRAX.V,D,20230108,000000,0.988303,0.989952,0.981712,0.984262,1206.0395630000003,0
FRAX.V,D,20230109,000000,0.984712,0.98483,0.984712,0.98483,6.647413,0
FRAX.V,D,20230110,000000,0.98523,0.98523,0.98523,0.98523,0.395,0
FRAX.V,D,20230111,000000,0.98481,0.99072,0.98481,0.99037,496.4993820000001,0
FRAX.V,D,20230112,000000,0.991402,0.9972,0.989941,0.99628,2520.538502000001,0
FRAX.V,D,20230113,000000,0.99603,0.99887,0.989421,0.99758,955.513966,0
FRAX.V,D,20230114,000000,0.99759,1.00208,0.99638,1.00144,325.059081,0
FRAX.V,D,20230115,000000,1.00047,1.00158,1.00009,1.0015,16.246489,0
FRAX.V,D,20230116,000000,1.002541,1.003,1.00011,1.00147,960.0681590000004,0
FRAX.V,D,20230117,000000,1.0018,1.01899,1.0018,1.01394,1083.356828,0
FRAX.V,D,20230118,000000,1.0137,1.01454,1.00113,1.0012,1581.7792189999998,0
FRAX.V,D,20230119,000000,1.00011,1.00286,0.9999,1.00195,992.3314190000001,0
FRAX.V,D,20230120,000000,1.00192,1.00771,1.00102,1.00625,1083.011275,0
FRAX.V,D,20230121,000000,1.00562,1.01228,1.00461,1.01228,204.793112,0
FRAX.V,D,20230122,000000,1.01022,1.0106,1.0048,1.00607,441.15001299999994,0
FRAX.V,D,20230123,000000,1.00481,1.01029,1.00326,1.00552,1275.9945652,0
FRAX.V,D,20230124,000000,1.00622,1.01067,1.00457,1.00634,1363.6102300000005,0
FRAX.V,D,20230125,000000,1.00441,1.01515,1.00326,1.01098,1257.910489,0
FRAX.V,D,20230126,000000,1.01233,1.01411,1.00004,1.00655,1283.5068618,0
FRAX.V,D,20230127,000000,1.00754,1.01509,1.00007,1.0088,795.5438058999999,0
FRAX.V,D,20230128,000000,1.01102,1.01426,0.99556,0.99666,1054.5085558999997,0
FRAX.V,D,20230129,000000,0.99691,0.9987,0.987107,0.990349,3243.62304,0
FRAX.V,D,20230130,000000,0.99103,0.991179,0.98585,0.987,593.276688,0
FRAX.V,D,20230131,000000,0.986031,0.989709,0.984931,0.986989,6517.330078000002,0
FRAX.V,D,20230201,000000,0.987319,1.00204,0.98502,0.99887,2048.972607,0
FRAX.V,D,20230202,000000,1.00018,1.015142,0.993529,1.008982,1812.1928400000004,0
FRAX.V,D,20230203,000000,1.011343,1.02004,1.007761,1.01278,1175.6397549,0
FRAX.V,D,20230204,000000,1.01165,1.01913,0.99974,0.99974,959.4220459999999,0
FRAX.V,D,20230205,000000,1.00212,1.01342,0.99146,1.00029,713.4933300000002,0
FRAX.V,D,20230206,000000,0.99299,0.99838,0.99148,0.99315,949.8834570000004,0
FRAX.V,D,20230207,000000,0.99183,1.00368,0.99136,1.00204,2149.6453030000007,0
FRAX.V,D,20230208,000000,1.00878,1.00878,1.00829,1.00838,32.4234197,0
FRAX.V,D,20230210,000000,1.00261,1.00351,0.99965,1.00341,660.571724,0
FRAX.V,D,20230211,000000,1.00255,1.00368,1.00194,1.00278,1433.9393630000004,0
FRAX.V,D,20230212,000000,1.00284,1.00374,1.00262,1.00267,468.70936100000006,0
FRAX.V,D,20230213,000000,1.00281,1.00437,1.00061,1.00356,1052.131587,0
FRAX.V,D,20230214,000000,1.00314,1.01651,1.00005,1.00217,1124.456695,0
FRAX.V,D,20230215,000000,1.00316,1.76141,0.99013,0.99675,2710.2737347,0
FRAX.V,D,20230216,000000,0.99831,1.03964,0.99194,1.00262,2026.2892029999996,0
FRAX.V,D,20230217,000000,1.00345,1.00763,1.00063,1.00102,1320.4977444000003,0
FRAX.V,D,20230218,000000,1.0062,1.00907,1.00184,1.00631,1393.5805549000002,0
FRAX.V,D,20230219,000000,1.00635,1.0174,1.00552,1.01606,468.082757,0
FRAX.V,D,20230220,000000,1.01776,1.02933,1.01565,1.02498,965.3217479999996,0
FRAX.V,D,20230221,000000,1.02102,1.03479,1.01001,1.01113,3000.2902456701004,0
FRAX.V,D,20230222,000000,0.99915,0.99915,0.99156,0.99412,2444.2690039999993,0
FRAX.V,D,20230223,000000,0.99147,1.00011,0.99147,0.99681,5516.706596999999,0
FRAX.V,D,20230224,000000,0.99822,0.99876,0.99,0.99347,4024.2455019999984,0
FRAX.V,D,20230225,000000,0.99544,0.99844,0.99351,0.9957,2431.3683860000006,0
FRAX.V,D,20230226,000000,0.99667,1.00016,0.99259,0.99562,1491.7354200000004,0
FRAX.V,D,20230227,000000,0.99462,0.99833,0.99125,0.99182,2369.1796759999997,0
FRAX.V,D,20230228,000000,0.99235,0.99518,0.99005,0.992568,1128.8658360000002,0
FRAX.V,D,20230301,000000,0.993599,0.99491,0.991509,0.993399,1256.2898390000005,0
FRAX.V,D,20230302,000000,0.993209,0.99652,0.99148,0.995499,1434.4015520000005,0
FRAX.V,D,20230303,000000,0.99395,0.99877,0.992047,0.99237,2186.402992,0
FRAX.V,D,20230304,000000,0.993749,0.99669,0.991789,0.99367,1383.1495179999995,0
FRAX.V,D,20230305,000000,0.994479,0.994479,0.991069,0.992369,1126.2878030000004,0
FRAX.V,D,20230306,000000,0.991279,1.010071,0.991259,1.00395,988.5083409999999,0
FRAX.V,D,20230307,000000,1.00543,1.005809,0.99785,0.99956,1193.4285499999999,0
FRAX.V,D,20230308,000000,0.99998,1.00996,0.99398,0.9996,1316.2977710000005,0
FRAX.V,D,20230309,000000,1.00102,1.008108,0.99964,1.00034,1087.9177650000006,0
FRAX.V,D,20230310,000000,0.99976,1.00668,0.99599,1.003901,2017.6068880000005,0
FRAX.V,D,20230311,000000,1.004421,1.014378,0.943811,0.963543,1939.6691607999994,0
FRAX.V,D,20230312,000000,0.962484,1.020322,0.934206,1.010207,2528.474778099999,0
FRAX.V,D,20230313,000000,1.009554,1.011692,0.900046,0.994636,5759.771827799998,0
FRAX.V,D,20230314,000000,0.993174,0.996732,0.990114,0.992704,3950.869497999998,0
FRAX.V,D,20230315,000000,0.991787,0.995247,0.989848,0.992238,1128.7985330000001,0
FRAX.V,D,20230316,000000,0.991839,0.993098,0.988735,0.990782,1323.5701609999999,0
FRAX.V,D,20230317,000000,0.992406,0.9938,0.988565,0.991395,1393.0254300000001,0
FRAX.V,D,20230318,000000,0.98986,1.000752,0.989562,1.000752,2273.6546809999995,0
FRAX.V,D,20230319,000000,0.999821,0.999821,0.991675,0.994855,1257.2661140000007,0
FRAX.V,D,20230320,000000,0.991355,0.995656,0.990248,0.990914,4573.016026000001,0
FRAX.V,D,20230321,000000,0.991715,1.004705,0.990523,0.998083,2207.006837000001,0
FRAX.V,D,20230322,000000,0.997833,1.008266,0.986094,1.005147,993.5158499999994,0
FRAX.V,D,20230323,000000,1.005688,1.005969,0.987903,0.988983,872.7844449999999,0
FRAX.V,D,20230324,000000,0.991518,0.995125,0.988065,0.99341,6439.801480000001,0
FRAX.V,D,20230325,000000,0.992361,0.993869,0.988158,0.98981,2447.587524000001,0
FRAX.V,D,20230326,000000,0.988078,0.995626,0.983515,0.994464,1292.6466340000006,0
FRAX.V,D,20230327,000000,0.993795,0.994755,0.98057,0.986253,974.5118951407001,0
FRAX.V,D,20230328,000000,0.985654,0.993258,0.982123,0.987576,3152.8583080000008,0
FRAX.V,D,20230329,000000,0.984314,0.992527,0.882638,0.882638,2604.7750579999974,0
FRAX.V,D,20230330,000000,0.916973,0.994538,0.916973,0.977144,2024.924884,0
FRAX.V,D,20230331,000000,0.974413,0.989277,0.974095,0.985247,738.5155570000001,0
FRAX.V,D,20230401,000000,0.983947,0.986126,0.980744,0.981243,2510.2473810000006,0
FRAX.V,D,20230402,000000,0.981402,0.984289,0.980291,0.981248,4379.187229999999,0
FRAX.V,D,20230403,000000,0.981408,0.989198,0.979983,0.981306,2037.8411029999995,0
FRAX.V,D,20230404,000000,0.984154,0.997919,0.979995,0.994117,1444.5601370000002,0
FRAX.V,D,20230405,000000,0.992786,0.993448,0.985978,0.987485,2633.0158680000004,0
FRAX.V,D,20230406,000000,0.987607,0.997019,0.985576,0.988104,3018.5473349999997,0
FRAX.V,D,20230407,000000,0.987785,0.996658,0.987274,0.992264,2961.8738940000003,0
FRAX.V,D,20230408,000000,0.991653,0.995818,0.982033,0.990966,1089.1587090000003,0
FRAX.V,D,20230409,000000,0.990874,0.995907,0.970782,0.971253,697.129565,0
FRAX.V,D,20230410,000000,0.978557,0.978913,0.956418,0.967366,1553.091787,0
FRAX.V,D,20230411,000000,0.968865,0.969049,0.965359,0.966366,1353.657425,0
FRAX.V,D,20230412,000000,0.966079,0.990202,0.963083,0.986088,981.7001020000001,0
FRAX.V,D,20230413,000000,0.986669,0.989557,0.97936,0.989557,991.7826589999997,0
FRAX.V,D,20230414,000000,0.987378,0.989397,0.969326,0.974734,2148.9173180000003,0
FRAX.V,D,20230415,000000,0.97625,0.988768,0.974359,0.979861,1447.3447969999993,0
FRAX.V,D,20230416,000000,0.97816,0.987231,0.97558,0.978475,1284.5484740000002,0
FRAX.V,D,20230417,000000,0.978545,0.980166,0.974968,0.976889,1152.613761,0
FRAX.V,D,20230418,000000,0.976785,0.981943,0.976123,0.978785,1446.7668149999997,0
FRAX.V,D,20230419,000000,0.976356,0.979224,0.974598,0.977188,1229.6266049999997,0
FRAX.V,D,20230420,000000,0.976213,0.992947,0.975283,0.984868,5002.682670000001,0
FRAX.V,D,20230421,000000,0.983689,0.989148,0.980944,0.982492,4247.924293000002,0
FRAX.V,D,20230422,000000,0.982362,0.983469,0.980881,0.982438,1329.7125129999997,0
FRAX.V,D,20230423,000000,0.981118,0.986669,0.961851,0.966548,1095.6464140000003,0
FRAX.V,D,20230424,000000,0.96846,0.973859,0.965848,0.972989,2394.6073249999986,0
FRAX.V,D,20230425,000000,0.972999,0.973768,0.960796,0.963101,1388.6178549999993,0
FRAX.V,D,20230426,000000,0.96408,1.009062,0.962652,1.002011,1449.031075999999,0
FRAX.V,D,20230427,000000,1.00197,1.008773,0.9999,1.00118,1295.7811450000004,0
FRAX.V,D,20230428,000000,1.00173,1.003521,0.998969,1.002952,1138.745075,0
FRAX.V,D,20230429,000000,1.003672,1.004023,1.0005,1.003001,1119.5573929999998,0
FRAX.V,D,20230430,000000,1.0005,1.003782,1.00034,1.003081,1170.1772130000004,0
FRAX.V,D,20230501,000000,1.003161,1.003441,0.99982,1.00059,1403.1879400000012,0
FRAX.V,D,20230502,000000,1.00034,1.00369,0.99968,1.00074,3433.550459,0
FRAX.V,D,20230503,000000,1.00101,1.0035,1.0001,1.00104,1392.9573309999998,0
FRAX.V,D,20230504,000000,1.00043,1.00455,1.00007,1.00315,2488.8805160000006,0
FRAX.V,D,20230505,000000,1.00371,1.00967,1.00238,1.00958,14466.111466,0
FRAX.V,D,20230506,000000,1.00906,1.01063,1.00437,1.00926,9224.817802000003,0
FRAX.V,D,20230507,000000,1.00979,1.00979,1.00281,1.00903,4826.7726440000015,0
FRAX.V,D,20230508,000000,1.01072,1.01123,1.00263,1.00557,4756.352688000001,0
FRAX.V,D,20230509,000000,1.00779,1.0108,1.00565,1.00701,13762.444339000001,0
FRAX.V,D,20230510,000000,1.00701,1.00701,1.00306,1.00543,2978.9772408999993,0
FRAX.V,D,20230511,000000,1.00609,1.00609,0.997,0.99898,9016.093040000002,0
FRAX.V,D,20230512,000000,0.99988,1.0039,0.99708,1.00011,6934.8749099999995,0
FRAX.V,D,20230513,000000,1.00379,1.00379,0.99596,0.99662,6638.657675000001,0
FRAX.V,D,20230514,000000,0.99775,0.99923,0.98818,0.98869,3176.858676000001,0
FRAX.V,D,20230515,000000,0.99271,1.0007,0.98908,0.99624,4649.258711,0
FRAX.V,D,20230516,000000,0.99582,1.002181,0.984088,0.997669,4161.621096000001,0
FRAX.V,D,20230517,000000,0.996478,1.00053,0.992586,0.998779,5812.739041,0
FRAX.V,D,20230518,000000,0.998129,0.998749,0.984435,0.992227,1532.2181860000003,0
FRAX.V,D,20230519,000000,0.993018,0.99927,0.987798,0.997179,617.2734450000002,0
FRAX.V,D,20230520,000000,0.996208,0.997388,0.991423,0.994895,595.105657,0
FRAX.V,D,20230521,000000,0.993583,0.994334,0.98445,0.988393,679.858069,0
FRAX.V,D,20230522,000000,0.987652,0.996648,0.9846,0.990245,3088.132435999998,0
FRAX.V,D,20230523,000000,0.991739,0.996989,0.986989,0.986989,660.8108939999998,0
FRAX.V,D,20230524,000000,0.987589,0.99244,0.981139,0.99244,635.5608957999997,0
FRAX.V,D,20230525,000000,0.99048,0.99578,0.981081,0.99208,1671.4234379999998,0
FRAX.V,D,20230526,000000,0.99135,0.997219,0.983619,0.995509,633.692023,0
FRAX.V,D,20230527,000000,0.994089,0.997259,0.987716,0.994518,699.8126900000003,0
FRAX.V,D,20230528,000000,0.994518,0.997649,0.992546,0.995909,753.2983259999997,0
FRAX.V,D,20230529,000000,0.995999,1.0013,0.995939,0.99876,722.7412629999998,0
FRAX.V,D,20230530,000000,0.998549,1.007662,0.995649,1.00076,676.282566,0
FRAX.V,D,20230531,000000,1.00119,1.003581,0.99824,1.002721,1146.9814759999997,0
FRAX.V,D,20230601,000000,1.00187,1.006751,0.995929,0.997109,679.5069110000003,0
FRAX.V,D,20230602,000000,0.997959,1.003501,0.981686,1.00078,660.8188330000003,0
FRAX.V,D,20230603,000000,0.99979,1.003551,0.992177,0.994418,657.59201,0
FRAX.V,D,20230604,000000,0.993467,0.997189,0.991127,0.996169,652.6039900000001,0
FRAX.V,D,20230605,000000,0.996109,0.997609,0.981591,0.984115,765.8363370000003,0
FRAX.V,D,20230606,000000,0.984735,1.00012,0.984735,0.99752,742.7507469999997,0
FRAX.V,D,20230607,000000,0.99842,0.99903,0.986679,0.987949,675.5810460000002,0
FRAX.V,D,20230608,000000,0.988799,0.995199,0.98411,0.992219,726.962995,0
FRAX.V,D,20230609,000000,0.991748,0.99515,0.982888,0.987752,798.0631900000002,0
FRAX.V,D,20230610,000000,0.987731,0.997369,0.981198,0.996898,614.60579,0
FRAX.V,D,20230611,000000,0.996868,0.998819,0.995509,0.998819,691.9562090000001,0
FRAX.V,D,20230612,000000,0.997108,0.997769,0.989201,0.989959,695.4701129999993,0
FRAX.V,D,20230613,000000,0.99122,0.9999,0.98932,0.991192,622.3093527000001,0
FRAX.V,D,20230614,000000,0.990413,1.0005,0.990413,0.99561,764.8000350000002,0
FRAX.V,D,20230615,000000,0.99571,0.9974,0.979148,0.995613,709.3719512500003,0
FRAX.V,D,20230616,000000,0.997142,0.99894,0.993046,0.995103,685.9563992999999,0
FRAX.V,D,20230617,000000,0.995303,1.00009,0.994683,0.997811,834.9152422000004,0
FRAX.V,D,20230618,000000,0.997761,1.00042,0.993791,0.995571,741.6041950000001,0
FRAX.V,D,20230619,000000,0.997321,0.99816,0.993732,0.997681,709.4984820000001,0
FRAX.V,D,20230620,000000,0.996731,1.010111,0.995192,1.003841,634.7557179999998,0
FRAX.V,D,20230621,000000,1.008201,1.008201,0.987642,0.992509,699.018221,0
FRAX.V,D,20230622,000000,0.994649,0.99905,0.9924,0.996179,721.0530017000004,0
FRAX.V,D,20230623,000000,0.996179,1.007922,0.982394,0.987152,594.1955393,0
FRAX.V,D,20230624,000000,0.989964,0.993976,0.98529,0.992995,786.9176939999996,0
FRAX.V,D,20230625,000000,0.992756,0.997259,0.988657,0.988786,711.0267286999997,0
FRAX.V,D,20230626,000000,0.989987,0.995449,0.988546,0.992869,763.8010309999997,0
FRAX.V,D,20230627,000000,0.990428,1.003291,0.99023,0.9978,730.7369444000001,0
FRAX.V,D,20230628,000000,0.99762,0.99764,0.98695,0.991001,771.2426912999998,0
FRAX.V,D,20230629,000000,0.98887,0.99758,0.987581,0.99193,776.6185049999999,0
FRAX.V,D,20230630,000000,0.991181,0.99779,0.987013,0.994562,539.5608566,0
FRAX.V,D,20230701,000000,0.995382,0.99885,0.990231,0.99651,758.1818319999999,0
FRAX.V,D,20230702,000000,0.99644,0.99829,0.99227,0.99279,582.429345,0
FRAX.V,D,20230703,000000,0.99309,1.00107,0.982401,0.99403,732.4045930000004,0
FRAX.V,D,20230704,000000,0.992379,0.994199,0.984248,0.987667,811.9520019999998,0
FRAX.V,D,20230705,000000,0.990688,0.992078,0.976071,0.976196,1769.190277,0
FRAX.V,D,20230706,000000,0.974857,1.00597,0.971256,1.00466,4741.205574999999,0
FRAX.V,D,20230707,000000,1.00225,1.0059,0.99992,1.00194,722.7051420000004,0
FRAX.V,D,20230708,000000,1.00266,1.00695,0.9994,1.00462,759.1930780000001,0
FRAX.V,D,20230709,000000,1.00251,1.00779,1.00239,1.00482,641.866761,0
FRAX.V,D,20230710,000000,1.00567,1.0078,0.99773,0.99833,838.0536219999998,0
FRAX.V,D,20230711,000000,0.99875,1.00109,0.99688,0.9992,728.560474,0
FRAX.V,D,20230712,000000,0.99817,1.00094,0.99676,1.00034,688.6703310000001,0
FRAX.V,D,20230713,000000,0.99904,1.00154,0.99678,0.99841,601.688026,0
FRAX.V,D,20230714,000000,0.99866,1.00132,0.99661,0.99888,1187.972883,0
FRAX.V,D,20230715,000000,0.9984,0.99961,0.99777,0.999,616.1018739999996,0
FRAX.V,D,20230716,000000,0.99852,0.99952,0.99709,0.99821,817.6685229999999,0
FRAX.V,D,20230717,000000,0.99907,0.99958,0.99646,0.9966,628.3332109999999,0
FRAX.V,D,20230718,000000,0.99849,1.00112,0.99538,0.99764,739.7488770000002,0
FRAX.V,D,20230719,000000,0.99654,0.99852,0.99556,0.99669,788.8875740000001,0
FRAX.V,D,20230720,000000,0.99624,0.99872,0.99565,0.99654,731.2002690000003,0
FRAX.V,D,20230721,000000,0.99687,0.99719,0.99562,0.99719,1038.0673790000003,0
FRAX.V,D,20230722,000000,0.99611,0.99872,0.98874,0.99527,1459.9970889999997,0
FRAX.V,D,20230723,000000,0.994549,0.99893,0.991959,0.99751,1306.3010760000004,0
FRAX.V,D,20230724,000000,0.99808,1.006349,0.99556,1.004359,1302.7358590000001,0
FRAX.V,D,20230725,000000,1.00266,1.005819,0.9994,1.00147,1158.5451569999996,0
FRAX.V,D,20230726,000000,1.00162,1.00319,0.99787,1.00203,1576.9597569999996,0
FRAX.V,D,20230727,000000,1.00071,1.0032,0.99971,1.00094,1062.203937,0
FRAX.V,D,20230728,000000,1.001689,1.00313,0.99953,1.00195,1238.0167150000004,0
FRAX.V,D,20230729,000000,1.00312,1.00589,0.99974,1.00285,1246.575783,0
FRAX.V,D,20230730,000000,1.00072,1.09525,0.99986,1.033617,1055.26164,0
FRAX.V,D,20230731,000000,1.017509,1.017509,0.99944,1.00062,786.3803559999994,0
FRAX.V,D,20230801,000000,0.99819,0.99927,0.994174,0.997201,1120.141514,0
FRAX.V,D,20230802,000000,0.997211,0.997851,0.990855,0.992524,1441.5406919999998,0
FRAX.V,D,20230803,000000,0.993583,0.995983,0.991908,0.992765,1375.6191830000002,0
FRAX.V,D,20230804,000000,0.995403,0.997701,0.992076,0.995353,1028.462344,0
FRAX.V,D,20230805,000000,0.994873,0.996201,0.990131,0.993197,1348.6464530000003,0
FRAX.V,D,20230806,000000,0.993428,0.997112,0.987602,0.989841,1291.7234789999995,0
FRAX.V,D,20230807,000000,0.988011,0.991499,0.972991,0.988042,1328.1413860000002,0
FRAX.V,D,20230808,000000,0.987334,0.987713,0.979407,0.983993,1430.8362819999998,0
FRAX.V,D,20230809,000000,0.981893,0.985687,0.980366,0.984642,1391.6403760000005,0
FRAX.V,D,20230810,000000,0.980635,0.985141,0.979878,0.983286,1705.742636,0
FRAX.V,D,20230811,000000,0.983526,0.984916,0.979853,0.983187,1196.9597409999994,0
FRAX.V,D,20230812,000000,0.982468,0.98533,0.979891,0.98206,1410.2222470000002,0
FRAX.V,D,20230813,000000,0.982799,0.98543,0.980055,0.981414,1230.4258059999997,0
FRAX.V,D,20230814,000000,0.982004,0.985133,0.976862,0.978742,990.0823179999999,0
FRAX.V,D,20230815,000000,0.97878,0.991218,0.977311,0.98909,1107.9613449999997,0
FRAX.V,D,20230816,000000,0.989381,0.991749,0.987595,0.99031,1069.9765499999999,0
FRAX.V,D,20230817,000000,0.991018,0.991629,0.977554,0.98009,1308.075328,0
FRAX.V,D,20230818,000000,0.979777,0.982588,0.978154,0.982029,1672.6216379999996,0
FRAX.V,D,20230819,000000,0.979559,0.982243,0.978269,0.978375,1393.9884179999997,0
FRAX.V,D,20230820,000000,0.978826,0.982422,0.977824,0.981471,1276.3396240000002,0
FRAX.V,D,20230821,000000,0.981521,0.983085,0.978344,0.981393,1551.3519932000002,0
FRAX.V,D,20230822,000000,0.979893,0.982954,0.97814,0.981426,1233.3811030000006,0
FRAX.V,D,20230823,000000,0.982067,0.996091,0.978702,0.986533,1286.3269289999992,0
FRAX.V,D,20230824,000000,0.984803,0.989054,0.979391,0.97973,998.5877389999996,0
FRAX.V,D,20230825,000000,0.98111,0.987434,0.978202,0.980211,1544.7493620000002,0
FRAX.V,D,20230826,000000,0.97964,0.982549,0.978141,0.98111,1357.0154419999994,0
FRAX.V,D,20230827,000000,0.97975,0.982429,0.978191,0.979651,1192.855149,0
FRAX.V,D,20230828,000000,0.979999,0.982069,0.978181,0.981619,1395.5074450000004,0
FRAX.V,D,20230829,000000,0.98107,0.990929,0.977936,0.988898,1214.2734030000004,0
FRAX.V,D,20230830,000000,0.987908,0.990481,0.981491,0.987451,1063.782118,0
FRAX.V,D,20230831,000000,0.985,0.988121,0.981442,0.983953,1538.5963569999997,0
FRAX.V,D,20230901,000000,0.984842,0.995492,0.978108,0.98199,1302.1802309999998,0
FRAX.V,D,20230902,000000,0.982027,0.986502,0.978583,0.980802,1033.3944310000002,0
FRAX.V,D,20230903,000000,0.981412,0.9977,0.979322,0.996041,940.400872,0
FRAX.V,D,20230904,000000,0.995611,0.99793,0.995611,0.997191,1675.0431149999997,0
FRAX.V,D,20230905,000000,0.996721,0.997871,0.993804,0.995862,1853.7506040000007,0
FRAX.V,D,20230906,000000,0.994542,0.997671,0.993933,0.993953,1714.5647249999997,0
FRAX.V,D,20230907,000000,0.995272,0.996871,0.993933,0.996362,2081.9693159999993,0
FRAX.V,D,20230908,000000,0.995892,0.997141,0.993953,0.99446,2055.717355,0
FRAX.V,D,20230909,000000,0.995431,0.997171,0.988974,0.991312,1617.813446,0
FRAX.V,D,20230910,000000,0.992092,0.993142,0.982084,0.982866,1344.9122209999996,0
FRAX.V,D,20230911,000000,0.983976,0.987854,0.978329,0.985105,1929.443066,0
FRAX.V,D,20230912,000000,0.982556,0.992002,0.981596,0.989004,1532.1352610000006,0
FRAX.V,D,20230918,000000,0.983786,0.986648,0.980806,0.986648,582.1558509999998,0
FRAX.V,D,20230919,000000,0.983647,0.986947,0.980717,0.983948,1808.9090780000004,0
FRAX.V,D,20230920,000000,0.983538,0.986708,0.979289,0.981339,2087.6045379999987,0
FRAX.V,D,20230921,000000,0.981119,0.982549,0.974539,0.976191,2403.7164800000005,0
FRAX.V,D,20230922,000000,0.977551,0.980693,0.972792,0.978341,1835.4241580000007,0
FRAX.V,D,20230923,000000,0.980511,0.98108,0.974389,0.980799,2272.6613869999983,0
FRAX.V,D,20230924,000000,0.978308,0.98109,0.974359,0.976109,2205.792112,0
FRAX.V,D,20230925,000000,0.974889,0.985902,0.974889,0.982733,2100.855445000001,0
FRAX.V,D,20230926,000000,0.985001,0.990174,0.97772,0.97989,1766.0357929999993,0
FRAX.V,D,20230927,000000,0.979689,0.985481,0.977605,0.983012,2067.4697450000012,0
FRAX.V,D,20230928,000000,0.982133,1.01521,0.981043,1.00277,2003.5037589999995,0
FRAX.V,D,20230929,000000,1.00666,1.130018,0.977623,0.981902,2019.4235777999993,0
FRAX.V,D,20230930,000000,0.983852,0.993009,0.97588,0.988028,2040.0076919999995,0
FRAX.V,D,20231001,000000,0.990158,0.992409,0.98003,0.989539,1962.8400079999988,0
FRAX.V,D,20231002,000000,0.990409,0.997069,0.971401,0.975272,2388.871919,0
FRAX.V,D,20231003,000000,0.973802,0.98156,0.973198,0.97829,2027.4757389999988,0
FRAX.V,D,20231004,000000,0.97909,0.98118,0.972522,0.974779,1914.2820940000001,0
FRAX.V,D,20231005,000000,0.974899,0.976193,0.9726,0.972992,2010.0503920000008,0
FRAX.V,D,20231006,000000,0.974323,0.980401,0.971586,0.97576,1868.163945000001,0
FRAX.V,D,20231007,000000,0.973859,0.986503,0.973219,0.98188,1929.4091700000008,0
FRAX.V,D,20231008,000000,0.982149,0.985261,0.977977,0.981009,2347.4935959999993,0
FRAX.V,D,20231009,000000,0.980219,0.983821,0.977285,0.979796,2197.758804,0
FRAX.V,D,20231010,000000,0.978886,0.982019,0.971527,0.972227,1431.7546638999997,0
FRAX.V,D,20231011,000000,0.971607,0.972309,0.96707,0.970446,1766.8073500000007,0
FRAX.V,D,20231012,000000,0.971518,0.99957,0.967018,0.997201,1883.8421999999996,0
FRAX.V,D,20231013,000000,0.99973,1.00047,0.996031,0.99931,2170.6795829999974,0
FRAX.V,D,20231014,000000,0.99805,1.00075,0.99564,0.9961,1766.9187499999996,0
FRAX.V,D,20231015,000000,0.99678,1.009929,0.99563,1.00314,1965.9712690000013,0
FRAX.V,D,20231016,000000,1.00419,1.010133,1.00294,1.007503,2217.2971409999996,0
FRAX.V,D,20231017,000000,1.009083,1.010804,1.00037,1.003161,1628.9802310000002,0
FRAX.V,D,20231018,000000,1.002501,1.010982,1.00075,1.009112,1888.884407999999,0
FRAX.V,D,20231019,000000,1.009552,1.014882,0.9989,1.003591,2434.428740999999,0
FRAX.V,D,20231020,000000,1.005012,1.007125,0.99998,1.00141,2766.712432,0
FRAX.V,D,20231021,000000,1.001881,1.007884,1.0003,1.003862,2720.475819999999,0
FRAX.V,D,20231022,000000,1.005082,1.007764,1.002491,1.005352,2533.4484319999997,0
FRAX.V,D,20231023,000000,1.005942,1.009104,1.004771,1.008904,2750.7031940000015,0
FRAX.V,D,20231024,000000,1.007984,1.012741,1.0005,1.00198,2653.9417700000004,0
FRAX.V,D,20231025,000000,1.005029,1.009153,1.00163,1.006512,2517.618228,0
FRAX.V,D,20231026,000000,1.006751,1.010551,1.004901,1.00887,2599.867053000001,0
FRAX.V,D,20231027,000000,1.01007,1.01364,1.00615,1.0094,2555.967831,0
FRAX.V,D,20231028,000000,1.00871,1.03952,1.00763,1.03324,2372.1195390000003,0
FRAX.V,D,20231029,000000,1.0327,1.0475,1.02224,1.02597,3538.290158999999,0
FRAX.V,D,20231030,000000,1.02295,1.02675,1.02109,1.0242,2572.928461000001,0
FRAX.V,D,20231031,000000,1.02362,1.02768,1.02178,1.0257,2667.519618999999,0
FRAX.V,D,20231101,000000,1.02635,1.032,1.02192,1.02599,2602.2283119999997,0
FRAX.V,D,20231102,000000,1.02344,1.02748,0.99981,1.00231,2339.1694920000014,0
FRAX.V,D,20231103,000000,1.00169,1.00388,0.99613,0.99952,2509.5218456,0
FRAX.V,D,20231104,000000,1.0003,1.00197,0.99546,0.99668,2380.669303999999,0
FRAX.V,D,20231105,000000,0.99622,1.00084,0.99171,0.99542,2096.9993280000003,0
FRAX.V,D,20231106,000000,0.9941,1.00985,0.9937,1.0019,2230.453331999999,0
FRAX.V,D,20231107,000000,1.00234,1.0037,0.99984,1.0019,2789.0373770000015,0
FRAX.V,D,20231108,000000,1.00254,1.00355,0.99964,1.00252,2777.3035879999998,0
FRAX.V,D,20231109,000000,1.00237,1.0304,1.00018,1.02272,2817.919569999998,0
FRAX.V,D,20231110,000000,1.02176,1.04037,1.0194,1.02923,3102.829792000002,0
FRAX.V,D,20231111,000000,1.02884,1.03901,1.0287,1.03786,3425.8279009999997,0
FRAX.V,D,20231112,000000,1.03871,1.08543,0.95682,0.96254,1896.173127,0
FRAX.V,D,20231113,000000,0.95356,1.02237,0.93577,0.93577,3166.8216250000005,0
FRAX.V,D,20231114,000000,0.93706,0.98635,0.92398,0.96398,2998.5767026999993,0
FRAX.V,D,20231115,000000,0.9653,0.9682,0.95224,0.95999,2657.0671410000004,0
FRAX.V,D,20231116,000000,0.95885,0.97014,0.95402,0.95668,2506.1481839999997,0
FRAX.V,D,20231117,000000,0.9565,0.96075,0.95159,0.95206,2354.3825359999996,0
FRAX.V,D,20231118,000000,0.95459,0.95459,0.94187,0.94257,1467.620915999999,0
FRAX.V,D,20231119,000000,0.94347,0.95181,0.930456,0.942494,2165.7109750000004,0
FRAX.V,D,20231120,000000,0.945448,0.954252,0.932773,0.937456,2569.941122000001,0
FRAX.V,D,20231121,000000,0.936837,0.941786,0.933098,0.934964,2497.8914870000003,0
FRAX.V,D,20231122,000000,0.936356,0.955773,0.93288,0.951542,2343.6663569999987,0
FRAX.V,D,20231123,000000,0.951876,0.962535,0.936097,0.955424,1952.8051580000001,0
FRAX.V,D,20231124,000000,0.955534,0.959511,0.948059,0.953238,2307.890109000001,0
FRAX.V,D,20231125,000000,0.954001,0.958136,0.952042,0.955473,1821.3921900000005,0
FRAX.V,D,20231126,000000,0.954163,0.97185,0.944759,0.966967,2354.7182779000004,0
FRAX.V,D,20231127,000000,0.9676,0.97341,0.96446,0.971419,2534.8592849999995,0
FRAX.V,D,20231128,000000,0.972719,0.987,0.970681,0.978618,2805.640777999999,0
FRAX.V,D,20231129,000000,0.980578,0.9988,0.975936,0.99673,2137.112992,0
FRAX.V,D,20231130,000000,0.99783,0.99827,0.976766,0.977837,779.3965900000003,0
FRAX.V,D,20231201,000000,0.978886,0.995199,0.972182,0.992397,1781.6623140000013,0
FRAX.V,D,20231202,000000,0.992087,0.99965,0.986974,0.999249,1307.1051019999998,0
FRAX.V,D,20231203,000000,0.998459,1.00089,0.994997,0.997479,2136.288232,0
FRAX.V,D,20231204,000000,0.995888,1.03175,0.995888,1.00124,1440.4484151000004,0
FRAX.V,D,20231205,000000,1.00314,1.043,0.99983,1.03822,1790.5864319999998,0
FRAX.V,D,20231206,000000,1.03352,1.04536,1.01671,1.01671,1992.934298,0
FRAX.V,D,20231207,000000,1.02065,1.05014,1.01198,1.04727,1776.0801353999989,0
FRAX.V,D,20231208,000000,1.04619,1.04876,1.04551,1.04818,555.432738,0
FRAX.V,D,20231209,000000,1.04891,1.04891,1.03597,1.03972,107.16386153999998,0
FRAX.V,D,20231210,000000,1.04669,1.04669,0.995379,0.9995,1337.6046360000007,0
FRAX.V,D,20231211,000000,0.99816,1.003241,0.992523,0.997931,1524.8543670000006,0
FRAX.V,D,20231213,000000,0.99851,0.99851,0.972558,0.980926,1230.9126189999997,0
FRAX.V,D,20231214,000000,0.982587,0.99946,0.974488,0.99864,3459.614181000001,0
FRAX.V,D,20231215,000000,0.99998,0.99998,0.972497,0.98221,2421.8570519999994,0
FRAX.V,D,20231216,000000,0.981398,1.00066,0.979584,0.996222,1251.8221520000002,0
FRAX.V,D,20231217,000000,0.998041,1.000359,0.995744,0.999759,2113.672279,0
FRAX.V,D,20231218,000000,0.99937,1.00908,0.99937,1.00289,1962.9114899999997,0
FRAX.V,D,20231219,000000,1.00281,1.0083,0.9996,1.00319,1708.1828840000003,0
FRAX.V,D,20231220,000000,1.0028,1.0071,0.99867,1.00395,2028.2208490000005,0
FRAX.V,D,20231221,000000,1.00521,1.01317,1.00143,1.01078,2374.8838840000003,0
FRAX.V,D,20231222,000000,1.01089,1.02918,1.00844,1.0193,2055.5429357000007,0
FRAX.V,D,20231223,000000,1.01831,1.02097,1.0173,1.02039,1965.8396439999995,0
FRAX.V,D,20231224,000000,1.0189,1.09233,1.0077,1.0077,1948.6190629999992,0
FRAX.V,D,20231225,000000,1.00136,1.00513,0.99852,1.0015,1388.4400809999997,0
FRAX.V,D,20231226,000000,1.00562,1.00988,0.99832,1.00159,2467.8616119999997,0
FRAX.V,D,20231227,000000,1.0026,1.01945,0.99959,1.01873,2121.2159500000002,0
FRAX.V,D,20231228,000000,1.01814,1.04113,1.00755,1.01039,2481.6635649999994,0
FRAX.V,D,20231229,000000,1.00993,1.01261,1,1.01031,1664.4311040000005,0
FRAX.V,D,20231230,000000,1.01099,1.01725,1.01057,1.0148,1327.0294354000002,0
FRAX.V,D,20231231,000000,1.01417,1.01808,1.01221,1.01226,2253.0159380000005,0
FRAX.V,D,20240101,000000,1.01514,1.02409,0.99087,0.99879,1919.0021929000004,0
FRAX.V,D,20240102,000000,1.00034,1.01711,0.99856,1.01127,2006.634115,0
FRAX.V,D,20240103,000000,1.01016,1.02458,0.99959,0.99959,2688.8033770000006,0
FRAX.V,D,20240104,000000,0.9997,1.00668,0.99831,1.00484,1211.3478610000009,0
FRAX.V,D,20240105,000000,1.01105,1.01262,1.01102,1.01219,1426.1502000000003,0
FRAX.V,D,20240106,000000,1.0114,1.01212,0.992665,0.995997,1550.1361390000004,0
FRAX.V,D,20240107,000000,0.995497,0.996848,0.991335,0.993036,1958.1942449999995,0
FRAX.V,D,20240108,000000,0.992535,0.993934,0.982491,0.98967,1550.5682249999998,0
FRAX.V,D,20240109,000000,0.98948,1.140308,0.977828,0.998389,2718.0609919999997,0
FRAX.V,D,20240110,000000,0.998569,1.00285,0.978581,0.984695,4347.805200999997,0
FRAX.V,D,20240111,000000,0.988997,0.993253,0.987486,0.989389,3115.3681719999986,0
FRAX.V,D,20240112,000000,0.989089,0.99661,0.979708,0.985569,2267.401656000001,0
FRAX.V,D,20240113,000000,0.984009,1.134759,0.973396,0.983193,2127.443342,0
FRAX.V,D,20240114,000000,0.984164,0.984255,0.979512,0.981729,2056.605321,0
FRAX.V,D,20240115,000000,0.981629,0.9864,0.979336,0.984394,3299.6441750000026,0
FRAX.V,D,20240116,000000,0.983763,0.989072,0.970161,0.987652,2602.347020999999,0
FRAX.V,D,20240117,000000,0.987312,1.00095,0.985311,0.997561,3324.5408699999984,0
FRAX.V,D,20240118,000000,0.998011,1.000289,0.98851,0.991298,5206.001077199996,0
FRAX.V,D,20240119,000000,0.990698,1.000208,0.985484,0.997212,2061.92824,0
FRAX.V,D,20240120,000000,0.997511,1.00149,0.996912,1.00079,1424.6154480000002,0
FRAX.V,D,20240121,000000,1.0007,1.00088,1.00061,1.00075,70.52079699999999,0
FRAX.V,D,20240122,000000,1.00064,1.00083,0.994774,0.997741,2663.8348109999984,0
FRAX.V,D,20240123,000000,0.997312,0.9993,0.994555,0.998531,3419.673660999996,0
FRAX.V,D,20240124,000000,0.99871,0.99988,0.969208,0.976002,3140.4882049999997,0
FRAX.V,D,20240125,000000,0.977591,0.991674,0.971751,0.988135,2705.104171000001,0
FRAX.V,D,20240126,000000,0.981861,0.990052,0.977637,0.989392,2791.829745,0
FRAX.V,D,20240127,000000,0.988512,0.989712,0.979826,0.9853,1998.9930620000016,0
FRAX.V,D,20240128,000000,0.986521,0.995641,0.98319,0.993341,1880.4783579999994,0
FRAX.V,D,20240129,000000,0.995671,0.995671,0.971379,0.97659,3905.988482200002,0
FRAX.V,D,20240130,000000,0.97661,0.97839,0.9764,0.97768,3346.3154599999993,0
FRAX.V,D,20240131,000000,0.97778,0.979341,0.973245,0.978232,2575.940089999999,0
FRAX.V,D,20240201,000000,0.977125,0.977125,0.973538,0.975851,1945.5857130000004,0
FRAX.V,D,20240202,000000,0.97588,0.980991,0.975356,0.977431,2141.063093999999,0
FRAX.V,D,20240203,000000,0.977221,0.97891,0.975683,0.977538,1769.5842130000008,0
FRAX.V,D,20240204,000000,0.977558,0.982358,0.976387,0.977789,2130.8355230000006,0
FRAX.V,D,20240205,000000,0.978479,0.97978,0.975442,0.976327,1882.2578579999993,0
FRAX.V,D,20240206,000000,0.977138,0.99933,0.974363,0.99892,1932.2736170000012,0
FRAX.V,D,20240207,000000,0.99848,0.99921,0.995722,0.9975,2416.3957970000015,0
FRAX.V,D,20240208,000000,0.996471,0.99976,0.995901,0.99835,2530.400878999998,0
FRAX.V,D,20240209,000000,0.99821,1.00154,0.996201,0.997298,1983.1951509999997,0
FRAX.V,D,20240210,000000,0.998779,0.99932,0.976202,0.98183,1417.0693959999999,0
FRAX.V,D,20240211,000000,0.979584,0.985295,0.979584,0.985295,2276.0997570000004,0
FRAX.V,D,20240212,000000,0.991168,0.997829,0.984348,0.993817,2572.0162149999996,0
FRAX.V,D,20240213,000000,0.995528,0.995528,0.983967,0.986084,3646.791566000002,0
FRAX.V,D,20240214,000000,0.986183,1.002141,0.984048,1.00169,7606.781783000003,0
FRAX.V,D,20240215,000000,1.00138,1.0027,0.996196,0.997287,2121.6191669999994,0
FRAX.V,D,20240216,000000,0.996656,1.01449,0.996495,1.00336,2213.4481559999995,0
FRAX.V,D,20240217,000000,1.00234,1.00426,1.0005,1.00123,1930.379470999999,0
FRAX.V,D,20240218,000000,1.00223,1.01794,1.00002,1.00091,2287.887227999999,0
FRAX.V,D,20240219,000000,1.00061,1.01508,0.99959,1.00123,2305.751796,0
FRAX.V,D,20240220,000000,1.00274,1.00305,0.99955,1.00305,1555.676397,0
FRAX.V,D,20240221,000000,1.00331,1.01464,1.00331,1.00798,2253.9146170000004,0
FRAX.V,D,20240222,000000,1.00704,1.00819,1.00581,1.00797,823.2412180000001,0
FRAX.V,D,20240223,000000,1.00698,1.0084,1.00566,1.00712,1725.9273740000003,0
FRAX.V,D,20240224,000000,1.00716,1.02068,1.00611,1.0167,1832.8877720000003,0
FRAX.V,D,20240225,000000,1.01399,1.02372,1.01279,1.01976,2210.0442220000014,0
FRAX.V,D,20240226,000000,1.01978,1.05124,0.99777,1.001781,1477.4278729999994,0
FRAX.V,D,20240227,000000,1.00063,1.00195,0.994898,0.99973,1308.2533380000002,0
FRAX.V,D,20240228,000000,0.9994,1.0012,0.996688,1.00034,1530.4085990000005,0
FRAX.V,D,20240229,000000,0.997419,0.998919,0.996549,0.998919,386.56442400000003,0
FRAX.V,D,20240301,000000,0.998289,1.01007,0.996538,1.0094,1727.672294,0
FRAX.V,D,20240302,000000,1.00907,1.09268,0.981873,0.983594,1795.8351130000003,0
FRAX.V,D,20240303,000000,0.982786,0.997799,0.98047,0.995848,2018.3647711999981,0
FRAX.V,D,20240304,000000,0.995248,1.00337,0.995167,1.00306,1388.6504080000002,0
FRAX.V,D,20240305,000000,1.0002,1.00096,0.977568,0.982226,1760.1856550000005,0
FRAX.V,D,20240306,000000,0.981677,0.994114,0.978729,0.979839,2358.973997,0
FRAX.V,D,20240307,000000,0.980492,0.996374,0.978389,0.993389,2316.744097999999,0
FRAX.V,D,20240308,000000,0.992938,0.999316,0.988868,0.994858,2383.9932329999983,0
FRAX.V,D,20240309,000000,0.992972,1.05748,0.991215,1.01523,2325.037483,0
FRAX.V,D,20240310,000000,1.01392,1.01553,1.00117,1.00268,1784.2329620000003,0
FRAX.V,D,20240311,000000,1.00251,1.0034,0.99974,1.0012,1927.1611070999998,0
FRAX.V,D,20240312,000000,1.0015,1.00355,0.995439,0.99921,829.4632350000003,0
FRAX.V,D,20240313,000000,0.99987,1.07014,0.9993,1.06765,1096.6021460000002,0
FRAX.V,D,20240314,000000,1.06859,1.07064,0.99879,1.00029,1076.7872529999997,0
FRAX.V,D,20240315,000000,0.99985,1.00086,0.984139,0.985269,575.0209939999999,0
FRAX.V,D,20240316,000000,0.985689,0.988783,0.979984,0.984441,1022.8413990000001,0
FRAX.V,D,20240317,000000,0.984001,0.985021,0.980753,0.981989,891.4593620000003,0
FRAX.V,D,20240318,000000,0.98242,0.983192,0.979549,0.98,499.8655080000002,0
FRAX.V,D,20240319,000000,0.97998,0.985513,0.97998,0.983955,318.470966,0
FRAX.V,D,20240320,000000,0.983662,0.98651,0.982309,0.984239,656.601128,0
FRAX.V,D,20240321,000000,0.984569,0.994911,0.981743,0.993971,1127.5703860000006,0
FRAX.V,D,20240322,000000,0.995671,0.995671,0.982076,0.985717,1380.5192060000002,0
FRAX.V,D,20240323,000000,0.984917,0.988028,0.9828,0.98469,2014.7874790000005,0
FRAX.V,D,20240324,000000,0.9844,0.9934,0.9844,0.9934,1992.2761159999984,0
FRAX.V,D,20240325,000000,0.9915,0.994378,0.982636,0.983457,1084.318816,0
FRAX.V,D,20240326,000000,0.982798,0.98753,0.981765,0.98502,3446.144363,0
FRAX.V,D,20240327,000000,0.984741,0.98731,0.981312,0.983746,4093.675481000002,0
FRAX.V,D,20240328,000000,0.984136,1.00972,0.98254,1.0022,4192.477398,0
FRAX.V,D,20240329,000000,1.0036,1.00804,1.00053,1.00116,1745.0085370000004,0
FRAX.V,D,20240330,000000,1.00177,1.01026,1.00137,1.007,3737.230180000002,0
FRAX.V,D,20240331,000000,1.0069,1.00714,0.989889,1.0009,2174.710750999999,0
FRAX.V,D,20240401,000000,1.00112,1.00159,0.99824,0.99958,2667.858145,0
FRAX.V,D,20240402,000000,0.99957,1.00051,0.995291,0.998859,2302.021392999998,0
FRAX.V,D,20240403,000000,0.9998,1.0003,0.99864,1.0003,2442.050242999999,0
FRAX.V,D,20240404,000000,0.99998,1.001249,0.99785,0.99878,3372.884740999996,0
FRAX.V,D,20240405,000000,0.99958,1.00124,0.992405,0.996498,2730.7172540000006,0
FRAX.V,D,20240406,000000,0.995489,0.997239,0.990577,0.994249,3059.3321189999992,0
FRAX.V,D,20240407,000000,0.993938,0.996409,0.993929,0.99578,3083.2297339999996,0
FRAX.V,D,20240408,000000,0.99609,0.99773,0.995002,0.995661,2000.9518590000002,0
FRAX.V,D,20240409,000000,0.99502,1.110111,0.987384,0.988325,10257.663063000002,0
FRAX.V,D,20240410,000000,0.988245,0.989041,0.988127,0.98868,719.450107,0
FRAX.V,D,20240411,000000,0.988841,0.99891,0.988491,0.99845,1010.3598379999999,0
FRAX.V,D,20240412,000000,0.99859,0.99977,0.994249,0.998889,1282.1635900000003,0
FRAX.V,D,20240413,000000,0.99889,0.99982,0.923913,0.986489,1275.0172979999998,0
FRAX.V,D,20240414,000000,0.98891,0.994598,0.913274,0.973592,3552.5203519999995,0
FRAX.V,D,20240415,000000,0.973673,0.989045,0.945278,0.988406,2922.808314,0
FRAX.V,D,20240416,000000,0.988596,0.990184,0.980304,0.982396,990.486304,0
FRAX.V,D,20240417,000000,0.982695,0.994989,0.963483,0.988801,1765.166833,0
FRAX.V,D,20240418,000000,0.989201,0.997689,0.988441,0.996999,1250.4879270000004,0
FRAX.V,D,20240419,000000,0.996699,0.997958,0.993479,0.996409,1116.9038749999995,0
FRAX.V,D,20240420,000000,0.996718,0.99901,0.993598,0.994498,1296.9745119999998,0
FRAX.V,D,20240421,000000,0.993548,0.994728,0.99043,0.991159,1670.6013059999998,0
FRAX.V,D,20240422,000000,0.991168,0.991875,0.962089,0.962089,1623.8675930000009,0
FRAX.V,D,20240423,000000,0.961788,0.983287,0.961475,0.98281,1178.7296390000001,0
FRAX.V,D,20240424,000000,0.98298,0.995582,0.980966,0.98849,3034.323188999999,0
FRAX.V,D,20240425,000000,0.98809,0.990072,0.987127,0.987527,1154.7022540000003,0
FRAX.V,D,20240426,000000,0.9883,0.988398,0.985908,0.987795,1408.7495089999998,0
FRAX.V,D,20240427,000000,0.986701,0.9875,0.985612,0.98611,1254.8230419999998,0
FRAX.V,D,20240428,000000,0.985911,0.9876,0.985415,0.9868,1312.6159399999995,0
FRAX.V,D,20240429,000000,0.986301,0.987698,0.983905,0.985104,1511.8129030000002,0
FRAX.V,D,20240430,000000,0.984796,0.985432,0.925167,0.968152,1320.5042409999992,0
FRAX.V,D,20240501,000000,0.969238,0.969565,0.966149,0.966149,1283.1159580000003,0
FRAX.V,D,20240502,000000,0.966078,0.970478,0.966078,0.969019,1465.6065479999997,0
FRAX.V,D,20240503,000000,0.9693,0.970995,0.968797,0.969484,1368.6056879999999,0
FRAX.V,D,20240504,000000,0.970017,0.970704,0.961696,0.961696,1500.9369989999996,0
FRAX.V,D,20240505,000000,0.962396,0.990488,0.962396,0.989709,1566.536564,0
FRAX.V,D,20240506,000000,0.989109,0.990468,0.988949,0.989601,1209.3676040000003,0
FRAX.V,D,20240507,000000,0.98969,0.99045,0.988852,0.99045,423.3993390000001,0
FRAX.V,D,20240508,000000,0.994261,0.994891,0.993392,0.994182,707.077921,0
FRAX.V,D,20240509,000000,0.994092,0.994662,0.988692,0.989652,1024.4443219999998,0
FRAX.V,D,20240510,000000,0.989042,0.994781,0.985762,0.994492,1118.2697119999996,0
FRAX.V,D,20240511,000000,0.991802,0.992302,0.989794,0.990282,1199.9267129999996,0
FRAX.V,D,20240512,000000,0.990292,0.990453,0.988374,0.990174,968.0221250000001,0
FRAX.V,D,20240513,000000,0.989974,0.996601,0.989605,0.99481,1324.7963490000006,0
FRAX.V,D,20240514,000000,0.994291,0.9949,0.96848,0.980896,840.9452020000002,0
FRAX.V,D,20240515,000000,0.980337,0.981012,0.975385,0.975575,891.7934789999996,0
FRAX.V,D,20240516,000000,0.975797,0.986166,0.975005,0.980688,1308.9224759999995,0
FRAX.V,D,20240517,000000,0.980688,0.981267,0.973279,0.974231,1595.7979429999998,0
FRAX.V,D,20240518,000000,0.974531,0.979566,0.974531,0.977376,1574.8011409999995,0
FRAX.V,D,20240519,000000,0.976676,0.977486,0.930872,0.97439,861.261931,0
FRAX.V,D,20240520,000000,0.976132,0.98773,0.958538,0.982693,1168.0882470000001,0
FRAX.V,D,20240521,000000,0.982183,0.983403,0.981439,0.981884,1269.1055760000004,0
FRAX.V,D,20240522,000000,0.982115,1.005209,0.856146,0.979588,3828.2418329999996,0
FRAX.V,D,20240523,000000,0.945793,0.9526,0.945793,0.951805,137.081205,0
FRAX.V,D,20240524,000000,0.953323,0.958128,0.953323,0.957695,346.641936,0
FRAX.V,D,20240525,000000,0.957056,0.959916,0.956457,0.959885,157.186249,0
FRAX.V,D,20240526,000000,0.961557,0.961557,0.960175,0.960716,345.720795,0
FRAX.V,D,20240527,000000,0.960525,0.972916,0.960224,0.966223,2502.255161,0
FRAX.V,D,20240528,000000,0.965115,0.966404,0.96281,0.964184,2067.0365370000004,0
FRAX.V,D,20240529,000000,0.964171,0.973435,0.964171,0.972275,786.8256899999997,0
FRAX.V,D,20240530,000000,0.970836,0.970836,0.96485,0.965862,818.5260770000001,0
FRAX.V,D,20240531,000000,0.965752,0.967023,0.964496,0.96514,1119.818391,0
FRAX.V,D,20240601,000000,0.96534,0.967844,0.964715,0.967538,1464.8717380000005,0
FRAX.V,D,20240602,000000,0.967728,0.968109,0.967238,0.967587,1359.8611179999998,0
FRAX.V,D,20240603,000000,0.968067,0.968426,0.967406,0.967974,1391.8434099999995,0
FRAX.V,D,20240604,000000,0.968126,0.985514,0.967906,0.98199,2095.286229,0
FRAX.V,D,20240605,000000,0.982,0.989831,0.9816,0.985589,1472.5051219999993,0
FRAX.V,D,20240606,000000,0.983088,0.991753,0.982988,0.991583,1469.8773610000005,0
FRAX.V,D,20240607,000000,0.990783,0.991713,0.974559,0.974829,923.634056,0
FRAX.V,D,20240608,000000,0.974629,0.97578,0.969609,0.970584,1355.884036,0
FRAX.V,D,20240609,000000,0.970293,0.971361,0.969793,0.970154,1253.5450050000004,0
FRAX.V,D,20240610,000000,0.970445,0.971274,0.969628,0.971018,1471.097371,0
FRAX.V,D,20240611,000000,0.970341,0.983053,0.966674,0.982113,1140.1461790000003,0
FRAX.V,D,20240612,000000,0.983094,0.983221,0.981828,0.982576,1011.358479,0
FRAX.V,D,20240613,000000,0.982048,0.98449,0.981923,0.983606,1091.7867790000003,0
FRAX.V,D,20240614,000000,0.983706,0.984106,0.979786,0.980368,1329.8700109999997,0
FRAX.V,D,20240615,000000,0.980184,0.981021,0.979322,0.979441,1279.5798149999998,0
FRAX.V,D,20240616,000000,0.980141,0.980677,0.979118,0.980677,1181.3391559999995,0
FRAX.V,D,20240617,000000,0.979627,0.980321,0.977084,0.979598,1421.8860530000004,0
FRAX.V,D,20240618,000000,0.97875,0.979773,0.978452,0.97921,1253.6370610000004,0
FRAX.V,D,20240619,000000,0.978961,0.979802,0.978371,0.978808,1290.8674370000008,0
FRAX.V,D,20240620,000000,0.979108,0.979647,0.978338,0.979294,1435.353882,0
FRAX.V,D,20240621,000000,0.979414,0.979612,0.978278,0.978583,1011.49371,0
FRAX.V,D,20240622,000000,0.978422,0.97953,0.963734,0.964014,1031.069383,0
FRAX.V,D,20240623,000000,0.964514,0.989366,0.95564,0.987358,1217.6338079999998,0
FRAX.V,D,20240624,000000,0.986998,0.986998,0.961313,0.961336,1111.7704420000002,0
FRAX.V,D,20240625,000000,0.961617,0.962447,0.960304,0.960727,1000.2003440000001,0
FRAX.V,D,20240626,000000,0.960879,0.962698,0.960381,0.961317,1297.2019940000005,0
FRAX.V,D,20240627,000000,0.961811,0.962168,0.950967,0.951228,1896.9674030000003,0
FRAX.V,D,20240628,000000,0.951333,0.95742,0.950543,0.95742,1471.1922420000005,0
FRAX.V,D,20240629,000000,0.956593,0.957565,0.953125,0.954665,2061.661913000001,0
FRAX.V,D,20240630,000000,0.953776,0.958721,0.953776,0.958721,1432.3663460000002,0
FRAX.V,D,20240701,000000,0.95875,0.988971,0.95755,0.987072,1268.014186,0
FRAX.V,D,20240703,000000,0.986407,0.989387,0.986407,0.986794,336.38595300000003,0
FRAX.V,D,20240704,000000,0.986993,0.987786,0.986594,0.987537,864.351338,0
FRAX.V,D,20240705,000000,0.987237,0.989799,0.987237,0.988949,787.3553310000002,0
FRAX.V,D,20240706,000000,0.989169,0.989799,0.988679,0.98882,1351.9837619999996,0
FRAX.V,D,20240707,000000,0.988869,0.990302,0.98856,0.989842,1492.636080000001,0
FRAX.V,D,20240708,000000,0.989171,0.99048,0.989091,0.99018,954.1738940000001,0
FRAX.V,D,20240709,000000,0.989871,0.990559,0.989001,0.98998,1299.5431970000006,0
FRAX.V,D,20240710,000000,0.98928,0.990678,0.986361,0.986361,572.4812940000003,0
FRAX.V,D,20240712,000000,0.99082,0.994159,0.982988,0.983387,750.162637,0
FRAX.V,D,20240713,000000,0.983697,0.986468,0.982639,0.983477,1621.9934320000007,0
FRAX.V,D,20240714,000000,0.983877,0.989386,0.982816,0.983444,1624.9667519999996,0
FRAX.V,D,20240715,000000,0.983064,0.98901,0.983046,0.987894,1224.8365079999999,0
FRAX.V,D,20240716,000000,0.992496,0.996458,0.988584,0.996458,209.402322,0
FRAX.V,D,20240717,000000,0.997667,0.997667,0.9939,0.99468,121.05383900000001,0
FRAX.V,D,20240718,000000,0.99479,0.99488,0.969316,0.969316,1117.4265060000002,0
FRAX.V,D,20240719,000000,0.970096,0.972496,0.969006,0.972428,1021.9975360000001,0
FRAX.V,D,20240720,000000,0.971666,0.972728,0.971501,0.971818,1755.9078822000004,0
FRAX.V,D,20240721,000000,0.971718,0.986255,0.969691,0.986255,1084.7642049999993,0
FRAX.V,D,20240722,000000,0.995999,0.99665,0.9812,0.981637,1253.4277361000006,0
FRAX.V,D,20240723,000000,0.977988,0.979447,0.976017,0.976217,243.9620941,0
FRAX.V,D,20240724,000000,0.976217,0.976446,0.971981,0.972087,963.7934779999997,0
FRAX.V,D,20240725,000000,0.966397,0.966826,0.965897,0.966378,291.24551099999996,0
FRAX.V,D,20240726,000000,0.984393,0.984393,0.979833,0.9833,136.178116,0
FRAX.V,D,20240727,000000,0.9838,0.984467,0.983108,0.983961,289.362504,0
FRAX.V,D,20240728,000000,0.983911,0.98419,0.980241,0.982982,253.16969500000002,0
FRAX.V,D,20240729,000000,0.98397,0.98788,0.98359,0.987521,440.99599099999995,0
FRAX.V,D,20240730,000000,0.989702,0.989702,0.987854,0.989293,308.16736799999995,0
FRAX.V,D,20240731,000000,0.989423,0.989723,0.988092,0.988384,322.574565,0
FRAX.V,D,20240801,000000,0.988684,0.992734,0.974249,0.975102,280.87061500000004,0
FRAX.V,D,20240802,000000,0.974522,0.9826,0.974283,0.977574,247.211425,0
FRAX.V,D,20240803,000000,0.977248,0.977606,0.96313,0.965092,368.06828950000005,0
FRAX.V,D,20240804,000000,0.963812,0.965433,0.963541,0.965433,278.097042,0
FRAX.V,D,20240805,000000,0.96402,0.965565,0.95631,0.960044,353.93394,0
FRAX.V,D,20240806,000000,0.97957,0.97957,0.97957,0.97957,2.46879,0
FRAX.V,D,20240812,000000,0.981849,0.984377,0.981849,0.984377,128.98678,0
FRAX.V,D,20240813,000000,0.981787,0.981787,0.981787,0.981787,1072.8061,0
FRAX.V,D,20240815,000000,0.981688,0.981688,0.979588,0.979588,3288.69395,0
FRAX.V,D,20240816,000000,0.979266,0.979967,0.972185,0.975173,4189.387787999998,0
FRAX.V,D,20240817,000000,0.988788,0.988788,0.988788,0.988788,664.25379,0
FRAX.V,D,20240818,000000,0.984067,0.984067,0.984067,0.984067,2141.1859,0
FRAX.V,D,20240819,000000,0.988798,0.988798,0.983889,0.983889,3432.3006,0
FRAX.V,D,20240820,000000,0.987583,0.987583,0.987583,0.987583,1295.0934,0
FRAX.V,D,20240821,000000,0.987039,0.987217,0.987039,0.987217,6663.522712,0
FRAX.V,D,20240822,000000,0.987178,0.987188,0.987168,0.987178,2331.345459,0
FRAX.V,D,20240823,000000,0.987,0.987,0.971882,0.974897,3047.700482,0
FRAX.V,D,20240824,000000,0.978985,0.981804,0.978985,0.981804,18.851521,0
FRAX.V,D,20240825,000000,0.979533,0.984822,0.979513,0.984704,5034.3325110000005,0
FRAX.V,D,20240826,000000,0.979572,0.984526,0.979308,0.979435,6717.801387,0
FRAX.V,D,20240827,000000,0.96999,0.99255,0.96999,0.99255,2496.118311,0
FRAX.V,D,20240828,000000,0.990889,0.991068,0.989939,0.989939,1755.9504889999998,0
FRAX.V,D,20240829,000000,0.989989,0.989989,0.988789,0.988789,3392.73698,0
FRAX.V,D,20240830,000000,0.98867,0.98872,0.971119,0.971119,3427.4946950000003,0
FRAX.V,D,20240831,000000,0.970864,0.978251,0.970461,0.970461,3941.8159619999997,0
FRAX.V,D,20240901,000000,0.978104,0.978114,0.970928,0.978114,968.647813,0
FRAX.V,D,20240902,000000,0.971125,0.978241,0.971125,0.978241,3581.3517020000004,0
FRAX.V,D,20240903,000000,0.970783,0.978202,0.97057,0.970677,4826.072035000001,0
FRAX.V,D,20240904,000000,0.974217,0.98379,0.974217,0.978673,1815.803251,0
FRAX.V,D,20240905,000000,0.983692,0.983692,0.974149,0.974149,4462.558065,0
FRAX.V,D,20240906,000000,0.974286,1.00094,0.974286,1.00094,2335.792839,0
FRAX.V,D,20240907,000000,0.993802,0.993802,0.993802,0.993802,1515.7447,0
FRAX.V,D,20240909,000000,1.0006,1.00081,0.996821,1.00081,1660.7800410000002,0
FRAX.V,D,20240910,000000,1.00087,1.00087,0.99399,0.99399,1046.333323,0
FRAX.V,D,20240911,000000,1.001,1.001,0.9976,0.9976,4256.0371000000005,0
FRAX.V,D,20240912,000000,0.99765,1.00095,0.99765,1.00095,1723.1261,0
FRAX.V,D,20240913,000000,0.99764,0.99781,0.99764,0.99781,5107.948899999999,0
FRAX.V,D,20240914,000000,0.994179,0.994179,0.994179,0.994179,1.009818,0
FRAX.V,D,20240915,000000,0.996989,1.00103,0.994129,1.00094,521.681229,0
FRAX.V,D,20240916,000000,0.9981,1.0011,0.994497,1.00071,3415.107626,0
FRAX.V,D,20240917,000000,1.00071,1.00081,0.99393,1.00079,4753.495975000001,0
FRAX.V,D,20240918,000000,1.0008,1.0008,0.99397,0.99397,613.8187429999999,0
FRAX.V,D,20240919,000000,0.99732,1.00097,0.993499,0.9999,2479.1902750000004,0
FRAX.V,D,20240920,000000,0.99984,0.99984,0.99331,0.99697,3828.537329,0
FRAX.V,D,20240921,000000,0.989989,1.00168,0.989989,1.00168,106.670495,0
FRAX.V,D,20240922,000000,0.979178,1.02078,0.97908,1.01263,6534.441062900001,0
FRAX.V,D,20240923,000000,1.0122,1.0122,0.993981,1.00731,3963.812699999999,0
FRAX.V,D,20240924,000000,1.00746,1.00986,0.978953,0.979863,231.32136500000001,0
FRAX.V,D,20240925,000000,0.979051,0.988451,0.972471,0.983662,4636.315928,0
FRAX.V,D,20240926,000000,0.983623,0.983623,0.97229,0.974497,2092.7920299999996,0
FRAX.V,D,20240927,000000,0.979178,0.979178,0.972385,0.972465,4246.810048,0
FRAX.V,D,20240928,000000,0.984738,0.984738,0.979088,0.979088,2179.8273799999997,0
FRAX.V,D,20240929,000000,0.976493,0.979296,0.972008,0.979198,1267.044179,0
FRAX.V,D,20240930,000000,0.986094,0.986094,0.977824,0.977824,5745.614254,0
FRAX.V,D,20241001,000000,0.978697,0.983611,0.973913,0.973913,487.570056,0
FRAX.V,D,20241002,000000,0.969848,0.978095,0.969848,0.969896,3198.397577,0
FRAX.V,D,20241003,000000,0.973947,0.974283,0.966116,0.974283,5229.043288999999,0
FRAX.V,D,20241004,000000,0.970874,0.974108,0.966136,0.974108,3123.799139,0
FRAX.V,D,20241005,000000,0.966281,0.974342,0.966155,0.966155,3400.0147090000005,0
FRAX.V,D,20241006,000000,0.969842,0.974371,0.966145,0.970032,2476.510045,0
FRAX.V,D,20241007,000000,0.974215,1.006,0.96602,1.006,1862.4469970000002,0
FRAX.V,D,20241008,000000,1.0057,1.01198,1.00112,1.00112,2870.553866,0
FRAX.V,D,20241009,000000,1.00109,1.00159,0.997311,1.00159,364.435773,0
FRAX.V,D,20241010,000000,1.00239,1.00239,0.99919,1.0013,2566.320961,0
FRAX.V,D,20241011,000000,0.993116,0.993842,0.993116,0.993842,2550.47224,0
FRAX.V,D,20241012,000000,0.997611,1.0023,0.995911,1.0023,1033.223186,0
FRAX.V,D,20241013,000000,0.99859,1.0021,0.995702,0.99979,2038.3302179999998,0
FRAX.V,D,20241014,000000,1.00208,1.00208,0.995482,0.995851,1648.704305,0
FRAX.V,D,20241015,000000,0.99821,1.00205,0.998051,1.00142,1421.376783,0
FRAX.V,D,20241016,000000,0.995761,1.00241,0.99515,0.99515,2223.0132150000004,0
FRAX.V,D,20241017,000000,0.983906,0.983906,0.982476,0.982476,1562.1354900000001,0
FRAX.V,D,20241018,000000,0.982387,0.982762,0.982387,0.982762,1626.9977,0
FRAX.V,D,20241019,000000,0.983672,0.983672,0.982731,0.982731,3446.225199,0
FRAX.V,D,20241020,000000,0.982603,0.982703,0.978516,0.978516,4283.8069350000005,0
FRAX.V,D,20241023,000000,0.991596,0.991596,0.981642,0.981642,3991.3876,0
FRAX.V,D,20241024,000000,0.973377,0.982993,0.973377,0.977045,82.848078,0
FRAX.V,D,20241025,000000,0.973786,0.990155,0.971183,0.989206,3804.9107839999992,0
FRAX.V,D,20241026,000000,0.978445,0.982501,0.973382,0.974622,2500.2957929999993,0
FRAX.V,D,20241027,000000,0.973713,0.987665,0.971976,0.987665,3133.7239969999996,0
FRAX.V,D,20241028,000000,0.983418,0.986919,0.982816,0.983161,1271.8412150000001,0
FRAX.V,D,20241029,000000,0.983111,0.983239,0.977752,0.980833,2405.278446,0
FRAX.V,D,20241030,000000,0.977918,0.980496,0.977909,0.978104,912.497443,0
FRAX.V,D,20241031,000000,0.977958,0.983505,0.976979,0.976979,4306.069616999999,0
FRAX.V,D,20241101,000000,0.976784,0.98317,0.973728,0.973728,339.359576,0
FRAX.V,D,20241102,000000,0.991604,0.991624,0.972743,0.978816,5811.293464,0
FRAX.V,D,20241103,000000,0.978806,0.983965,0.974761,0.983887,1365.134291,0
FRAX.V,D,20241104,000000,0.983338,0.983639,0.974259,0.983151,1835.45032,0
FRAX.V,D,20241105,000000,0.983072,0.983111,0.972667,0.976683,3194.30083,0
FRAX.V,D,20241106,000000,0.973339,0.979151,0.973339,0.979035,1499.329208,0
FRAX.V,D,20241107,000000,0.98388,0.984961,0.974634,0.984961,2505.973241,0
FRAX.V,D,20241108,000000,0.984489,0.984754,0.978089,0.978126,4323.610309000001,0
FRAX.V,D,20241109,000000,0.981359,1.022,0.981192,1.00639,1701.5501940000001,0
FRAX.V,D,20241110,000000,1.00839,1.00992,0.98025,0.98025,1164.0968029999997,0
FRAX.V,D,20241111,000000,0.980874,0.985461,0.979854,0.985461,2547.1035104999996,0
FRAX.V,D,20241112,000000,0.998077,1.003783,0.972342,0.973172,859.568859,0
FRAX.V,D,20241113,000000,0.97405,0.97405,0.97405,0.97405,1772.9986,0
FRAX.V,D,20241115,000000,0.972569,0.972569,0.971681,0.972118,2963.817331,0
FRAX.V,D,20241116,000000,0.97203,0.978564,0.97203,0.978564,1.119697,0
FRAX.V,D,20241117,000000,0.991327,0.99962,0.971101,0.971691,104.66568600000001,0
FRAX.V,D,20241118,000000,0.978059,0.9906,0.978059,0.9886,453.13797699999986,0
FRAX.V,D,20241119,000000,0.980882,0.980882,0.980882,0.980882,1865.2612,0
FRAX.V,D,20241122,000000,0.971299,0.985432,0.971299,0.985432,4064.35769,0
FRAX.V,D,20241123,000000,0.992391,0.992391,0.99207,0.99207,3151.0092,0
FRAX.V,D,20241124,000000,0.985383,0.985383,0.985383,0.985383,32.933772,0
FRAX.V,D,20241125,000000,0.991089,0.991089,0.991089,0.991089,0,0
FRAX.V,D,20241127,000000,0.981665,0.991392,0.981665,0.984981,4847.8597,0
FRAX.V,D,20241128,000000,0.985255,0.985255,0.985255,0.985255,20.240366,0
FRAX.V,D,20241129,000000,0.984408,0.984408,0.984408,0.984408,1541.7304,0
FRAX.V,D,20241130,000000,0.983015,0.991446,0.983015,0.991436,18.731792,0
FRAX.V,D,20241201,000000,0.984753,0.991505,0.984753,0.991505,0.03997961,0
FRAX.V,D,20241203,000000,0.992909,0.992909,0.992909,0.992909,1.159872,0
FRAX.V,D,20241204,000000,1.00334,1.00388,1.00334,1.00388,1751.434394,0
FRAX.V,D,20241205,000000,1.00459,1.00475,1.00459,1.00475,1568.644258,0
FRAX.V,D,20241206,000000,1.00429,1.00841,1.0036,1.0036,1878.92604,0
FRAX.V,D,20241207,000000,1.00089,1.0084,0.970379,0.970388,4535.562643,0
FRAX.V,D,20241208,000000,0.97877,0.97877,0.974692,0.974751,1708.471257,0
FRAX.V,D,20241209,000000,0.973331,0.979364,0.972358,0.979364,80.275057,0
FRAX.V,D,20241211,000000,0.980539,0.982444,0.980539,0.982444,2908.1630050000003,0
FRAX.V,D,20241212,000000,0.98523,0.996049,0.984348,0.990036,48.857677,0
FRAX.V,D,20241214,000000,0.979131,0.988531,0.979131,0.988531,563.029403,0
FRAX.V,D,20241215,000000,0.975946,0.984093,0.975946,0.984093,1321.312512,0
FRAX.V,D,20241216,000000,0.984005,0.984005,0.97982,0.97982,326.28005800000005,0
FRAX.V,D,20241217,000000,0.990491,0.990491,0.990491,0.990491,0,0
FRAX.V,D,20241218,000000,0.981357,0.987908,0.981357,0.987908,10.127088,0
FRAX.V,D,20241219,000000,0.983288,0.983288,0.982202,0.982202,161.3185791,0
FRAX.V,D,20241220,000000,0.982856,0.982856,0.973806,0.973806,173.347316,0
FRAX.V,D,20241221,000000,0.973932,0.980709,0.973932,0.980709,30.66521,0
FRAX.V,D,20241223,000000,1.0035,1.0035,1.0035,1.0035,0.9111754,0
FRAX.V,D,20241225,000000,1.00441,1.00441,1.00441,1.00441,0,0
FRAX.V,D,20241226,000000,0.992267,0.995831,0.992267,0.995831,292.72415,0
FRAX.V,D,20241227,000000,0.988683,0.988683,0.988683,0.988683,0,0
FRAX.V,D,20241228,000000,0.994646,0.994646,0.976578,0.976578,1872.465408,0
FRAX.V,D,20241229,000000,0.970357,0.972744,0.970357,0.972744,29.970845999999998,0
FRAX.V,D,20241231,000000,0.968448,0.968448,0.968448,0.968448,5207.0912,0
FRAX.V,D,20250101,000000,0.9885,0.9885,0.975068,0.975068,72.251639,0
FRAX.V,D,20250102,000000,0.981088,0.981108,0.981088,0.981108,2027.437824,0
FRAX.V,D,20250103,000000,0.977556,0.977556,0.977556,0.977556,3.642768,0
FRAX.V,D,20250104,000000,0.978219,0.978219,0.978219,0.978219,2523.1592,0
FRAX.V,D,20250106,000000,0.983534,0.984203,0.983534,0.984203,2209.785618,0
FRAX.V,D,20250107,000000,0.979521,0.979521,0.97402,0.97402,46.06135,0
FRAX.V,D,20250108,000000,0.978007,0.978007,0.978007,0.978007,0,0
FRAX.V,D,20250109,000000,0.983298,0.983298,0.973981,0.973981,624.57856,0
FRAX.V,D,20250110,000000,0.983692,0.983692,0.983692,0.983692,0,0
FRAX.V,D,20250113,000000,0.977821,0.977821,0.969408,0.977556,2648.2772200000004,0
FRAX.V,D,20250114,000000,0.966484,0.966484,0.966484,0.966484,479.64624,0
FRAX.V,D,20250115,000000,0.976641,0.976641,0.96909,0.96909,1882.473774,0
FRAX.V,D,20250116,000000,0.96939,0.9744,0.96939,0.9744,432.06,0
FRAX.V,D,20250117,000000,0.970127,1.00086,0.970127,1.00086,3999.0819,0
FRAX.V,D,20250118,000000,0.990428,0.997022,0.990428,0.997022,470.27085999999997,0
FRAX.V,D,20250119,000000,0.995495,0.995923,0.995495,0.995923,1075.7036779999999,0
FRAX.V,D,20250123,000000,0.990501,0.990917,0.990501,0.990917,314.85924,0
FRAX.V,D,20250128,000000,0.966961,0.973461,0.966961,0.973461,2.320092,0
FRAX.V,D,20250129,000000,0.97,0.97,0.97,0.97,148.93,0
FRAX.V,D,20250201,000000,0.985435,0.985435,0.984034,0.984034,30.931314,0
FRAX.V,D,20250203,000000,0.98659,0.98659,0.98659,0.98659,3.730037,0
FRAX.V,D,20250208,000000,0.988511,0.99329,0.988373,0.9886,638.737373,0
FRAX.V,D,20250209,000000,0.993399,0.993489,0.988738,0.988738,545.926267,0
FRAX.V,D,20250210,000000,0.99663,0.99663,0.99663,0.99663,69.827905,0
FRAX.V,D,20250211,000000,0.99674,0.99674,0.9967,0.9967,23.307537,0
FRAX.V,D,20250212,000000,0.990673,0.99656,0.990673,0.99654,954.191195,0
FRAX.V,D,20250213,000000,0.99664,0.99664,0.989949,0.989949,319.951927,0
FRAX.V,D,20250215,000000,0.989969,0.989969,0.984889,0.984889,142.309901,0
