<TICKER>,<PER>,<DATE>,<TIME>,<OPEN>,<HIGH>,<LOW>,<CLOSE>,<VOL>,<OPENINT>
FUN.V,D,20220514,000000,0.00895385,0.00895385,0.00895385,0.00895385,11283.309,0
FUN.V,D,20220515,000000,0.00894656,0.0092979,0.00891661,0.00920894,5614730.86927,0
FUN.V,D,20220516,000000,0.00926886,0.00932973,0.00889663,0.00895834,5186273.38938,0
FUN.V,D,20220517,000000,0.00895834,0.00919803,0.00890751,0.00919803,4715653.8258,0
FUN.V,D,20220518,000000,0.00922891,0.00923798,0.00893747,0.00895834,5749533.7138,0
FUN.V,D,20220519,000000,0.00897741,0.00899829,0.00867957,0.00887112,13898992.5299,0
FUN.V,D,20220520,000000,0.00886113,0.00916266,0.00886113,0.00903914,7727677.54206,0
FUN.V,D,20220521,000000,0.00902915,0.00911813,0.00897921,0.00908817,6827107.52312,0
FUN.V,D,20220522,000000,0.00908817,0.00926794,0.00902825,0.00917897,5347422.96544,0
FUN.V,D,20220523,000000,0.00920894,0.00928977,0.00908999,0.00912903,4836128.10317,0
FUN.V,D,20220524,000000,0.00907909,0.00976924,0.00883938,0.00905821,26145246.72825,0
FUN.V,D,20220525,000000,0.00908817,0.00911813,0.00886934,0.0089901,6092642.9844961,0
FUN.V,D,20220526,000000,0.00901916,0.00903006,0.00874038,0.00885114,4591319.04578,0
FUN.V,D,20220527,000000,0.00886113,0.0088911,0.00874125,0.00884115,2483614.7434,0
FUN.V,D,20220528,000000,0.00882046,0.00887907,0.00871917,0.00881976,2780064.6055925,0
FUN.V,D,20220529,000000,0.00881949,0.00894051,0.00876035,0.00886086,1575395.812462,0
FUN.V,D,20220530,000000,0.00887032,0.00920355,0.00885043,0.00919264,3250758.54438,0
FUN.V,D,20220531,000000,0.00921355,0.0092735,0.00913177,0.00925259,5108547.04453,0
FUN.V,D,20220601,000000,0.00926305,0.00926305,0.00893195,0.00896103,2796111.67782,0
FUN.V,D,20220602,000000,0.00897192,0.00905185,0.00895194,0.00902187,2745097.9836,0
FUN.V,D,20220603,000000,0.00902187,0.00905339,0.00879173,0.00890225,2142281.64288,0
FUN.V,D,20220604,000000,0.00890225,0.00899298,0.00887281,0.00898317,49624393.312555,0
FUN.V,D,20220605,000000,0.00898335,0.00905185,0.00891206,0.00899154,52231073.865863,0
FUN.V,D,20220606,000000,0.00899154,0.0091226,0.0089712,0.00909236,189230765.57314,0
FUN.V,D,20220607,000000,0.00909236,0.00911225,0.00882249,0.00899253,104964517.35956,0
FUN.V,D,20220608,000000,0.00899262,0.0090939,0.0089142,0.00903412,72955397.31681,0
FUN.V,D,20220609,000000,0.00903412,0.00921309,0.00901278,0.00906238,66679046.501634,0
FUN.V,D,20220610,000000,0.00906238,0.00910198,0.00870068,0.00873898,51445657.26511,0
FUN.V,D,20220611,000000,0.0087388,0.00888049,0.00856996,0.0086001,8243668.23218,0
FUN.V,D,20220612,000000,0.00860027,0.00866872,0.00846796,0.00857935,6929398.0132886,0
FUN.V,D,20220613,000000,0.00856936,0.00856936,0.0078302,0.00798904,325220811.13603,0
FUN.V,D,20220614,000000,0.00799879,0.00808793,0.00773868,0.00787054,339629487.03394,0
FUN.V,D,20220615,000000,0.00787054,0.00798033,0.00736042,0.00784136,483567661.11873,0
FUN.V,D,20220616,000000,0.00782824,0.00795045,0.00770152,0.00777909,3609004.7392,0
FUN.V,D,20220617,000000,0.00765926,0.00780976,0.00763929,0.00773079,69268336.888912,0
FUN.V,D,20220618,000000,0.00773079,0.00776068,0.00708871,0.00731805,634850835.22005,0
FUN.V,D,20220619,000000,0.00732811,0.00763083,0.00726915,0.00762008,127527415.9972,0
FUN.V,D,20220620,000000,0.00764082,0.00773071,0.00747028,0.0075709,94958419.08539,0
FUN.V,D,20220621,000000,0.00756167,0.00784136,0.00756167,0.00764158,42246420.67542,0
FUN.V,D,20220622,000000,0.00766233,0.00774225,0.00748176,0.00750249,44825179.827647,0
FUN.V,D,20220623,000000,0.00750249,0.00763236,0.00749175,0.00758241,4629014.00321,0
FUN.V,D,20220624,000000,0.00758241,0.00777401,0.00758241,0.00776394,88348347.733907,0
FUN.V,D,20220625,000000,0.00776223,0.00780477,0.00765464,0.00777455,113174725.77354,0
FUN.V,D,20220626,000000,0.00776472,0.00787535,0.00770537,0.00774558,29416736.017026,0
FUN.V,D,20220627,000000,0.00772552,0.00794483,0.00759552,0.00770306,17217607.16118,0
FUN.V,D,20220628,000000,0.00771251,0.00782295,0.00754056,0.00756069,8894126.64366,0
FUN.V,D,20220629,000000,0.00756069,0.0076293,0.00750947,0.00756969,21257800.001568,0
FUN.V,D,20220630,000000,0.00756084,0.0076184,0.00721162,0.00730123,39487322.59683,0
FUN.V,D,20220701,000000,0.00729124,0.00752172,0.00729051,0.00736116,45386317.6824,0
FUN.V,D,20220702,000000,0.00737188,0.00744106,0.0073212,0.0074111,17294304.94612,0
FUN.V,D,20220703,000000,0.00740111,0.00752021,0.00737965,0.00748026,13061864.10073,0
FUN.V,D,20220704,000000,0.00747028,0.00759088,0.00742034,0.00754094,1379400.821283,0
FUN.V,D,20220705,000000,0.00756092,0.00783059,0.00742108,0.00758165,13586184.30728,0
FUN.V,D,20220706,000000,0.00757166,0.00758165,0.00740185,0.0075417,6984219.3966036,0
FUN.V,D,20220707,000000,0.0075417,0.00774148,0.00745179,0.00769538,6340780.8727,0
FUN.V,D,20220708,000000,0.00770537,0.00792524,0.00758469,0.00774535,7528780.13328,0
FUN.V,D,20220709,000000,0.00775534,0.0078253,0.00768539,0.00772536,3950775.87835,0
FUN.V,D,20220710,000000,0.00770537,0.00772536,0.00757545,0.00760543,2384060.19564,0
FUN.V,D,20220711,000000,0.00761543,0.00762542,0.0074925,0.0074925,1895543.17362,0
FUN.V,D,20220712,000000,0.00748251,0.00750249,0.00731195,0.00731195,3758406.0370899,0
FUN.V,D,20220713,000000,0.00729248,0.0076923,0.00721278,0.0075532,7112994.17932,0
FUN.V,D,20220714,000000,0.00756319,0.00768539,0.0074333,0.0076654,7419182.786956,0
FUN.V,D,20220715,000000,0.0076654,0.0078253,0.00758469,0.00769692,9415363.82696,0
FUN.V,D,20220716,000000,0.00771768,0.00784843,0.00758772,0.00780844,4942992.03626,0
FUN.V,D,20220717,000000,0.00781797,0.00789739,0.00763771,0.00772791,8099080.5417756,0
FUN.V,D,20220718,000000,0.00774783,0.00951848,0.00770746,0.00845805,477675899.26772,0
FUN.V,D,20220719,000000,0.00845746,0.00865,0.00833942,0.0085017,60825968.78136,0
FUN.V,D,20220720,000000,0.00847,0.00859009,0.00816024,0.00834042,55016808.56965,0
FUN.V,D,20220721,000000,0.008321,0.00840983,0.00816992,0.00829182,18785986.814059,0
FUN.V,D,20220722,000000,0.00829166,0.00845161,0.00817082,0.00824124,7418425.77817,0
FUN.V,D,20220723,000000,0.0082419,0.0083005,0.00813927,0.00817106,3363668.70255,0
FUN.V,D,20220724,000000,0.00818164,0.00830158,0.00818164,0.00828166,3888932.07476,0
FUN.V,D,20220725,000000,0.00828166,0.00836159,0.00806089,0.00813065,8548561.0353,0
FUN.V,D,20220726,000000,0.00810073,0.00811122,0.00781039,0.00790111,16382997.59939,0
FUN.V,D,20220727,000000,0.00790119,0.0082428,0.00790103,0.00820189,14836879.24315,0
FUN.V,D,20220728,000000,0.00820197,0.00850187,0.00813967,0.00838159,17554903.77309,0
FUN.V,D,20220729,000000,0.0083921,0.00846254,0.00827248,0.00835334,10517500.022198,0
FUN.V,D,20220730,000000,0.00836343,0.00848314,0.00831216,0.00834284,8331367.81891,0
FUN.V,D,20220731,000000,0.00833317,0.00843253,0.00827182,0.00827198,5650630.2880156,0
FUN.V,D,20220801,000000,0.00826248,0.00836268,0.0081622,0.00819246,7164231.97669,0
FUN.V,D,20220802,000000,0.00819246,0.00833217,0.00810308,0.00821148,7889619.55714,0
FUN.V,D,20220803,000000,0.00821197,0.00828232,0.00810113,0.00826223,6472454.4108677,0
FUN.V,D,20220804,000000,0.00822181,0.00827141,0.00809032,0.00811073,9887305.3059,0
FUN.V,D,20220805,000000,0.00813033,0.00832166,0.00811024,0.00827157,6234670.6109118,0
FUN.V,D,20220806,000000,0.00825157,0.00832158,0.00823049,0.00825182,9530486.63927,0
FUN.V,D,20220807,000000,0.00825182,0.00835159,0.00815171,0.00828157,16189415.115513,0
FUN.V,D,20220808,000000,0.00826157,0.0084722,0.00813122,0.0082314,33087362.6775,0
FUN.V,D,20220809,000000,0.00827091,0.00839134,0.00806177,0.00816163,23235525.20149,0
FUN.V,D,20220810,000000,0.00816163,0.00995458,0.00808186,0.0083425,470944112.24881,0
FUN.V,D,20220811,000000,0.00837251,0.00848373,0.00832216,0.00838394,27891843.542795,0
FUN.V,D,20220812,000000,0.0083942,0.00843422,0.0083039,0.00837377,5309797.84095,0
FUN.V,D,20220813,000000,0.00836359,0.00857454,0.00836326,0.00850331,12533889.29595,0
FUN.V,D,20220814,000000,0.00850331,0.00860335,0.0083525,0.0083826,9789159.497603,0
FUN.V,D,20220815,000000,0.00839252,0.0085323,0.00831191,0.00833175,13051858.04709,0
FUN.V,D,20220816,000000,0.00834192,0.00839076,0.008311,0.00839076,4705023.6074325,0
FUN.V,D,20220817,000000,0.0083405,0.0084411,0.0081622,0.00820057,11494838.80542,0
FUN.V,D,20220818,000000,0.00819057,0.008309,0.00816016,0.00823016,7215713.68586,0
FUN.V,D,20220819,000000,0.00823,0.00825082,0.00785078,0.00787,23468956.55986,0
FUN.V,D,20220820,000000,0.00786945,0.00797976,0.00771969,0.00781992,15835444.38576,0
FUN.V,D,20220821,000000,0.00782977,0.00796,0.0077993,0.00791976,4271132.78842,0
FUN.V,D,20220822,000000,0.00788032,0.00793008,0.00773961,0.00781883,7280273.62509,0
FUN.V,D,20220823,000000,0.00782836,0.00794944,0.00777984,0.00790016,5645959.96834,0
FUN.V,D,20220824,000000,0.00794,0.00830125,0.00780969,0.00813081,161727565.03958,0
FUN.V,D,20220825,000000,0.00813065,0.00817041,0.00795056,0.00812919,32053381.84804,0
FUN.V,D,20220826,000000,0.00811992,0.00812984,0.0077593,0.00789071,31280978.44096,0
FUN.V,D,20220827,000000,0.00791079,0.00791079,0.00765084,0.00769031,7522000.10103,0
FUN.V,D,20220828,000000,0.00766023,0.00776031,0.00766023,0.00770992,1583427.27971,0
FUN.V,D,20220829,000000,0.00770008,0.00800024,0.0075897,0.00786047,22019208.94076,0
FUN.V,D,20220830,000000,0.00788055,0.00794056,0.00767023,0.00782086,11152294.273166,0
FUN.V,D,20220831,000000,0.0077707,0.0079,0.00776961,0.00782,5673738.27083,0
FUN.V,D,20220901,000000,0.00783992,0.00787921,0.00773923,0.00784953,6593287.54962,0
FUN.V,D,20220902,000000,0.00783992,0.00796096,0.00778047,0.00781133,9993089.8298799,0
FUN.V,D,20220903,000000,0.00783133,0.00783133,0.00770069,0.00776,12715344.03857,0
FUN.V,D,20220904,000000,0.00778078,0.00780078,0.00771077,0.00778,4300235.54752,0
FUN.V,D,20220905,000000,0.00776,0.00781078,0.00772,0.00777078,3096684.00753,0
FUN.V,D,20220906,000000,0.00777078,0.00793079,0.0076,0.00762,13759930.053799,0
FUN.V,D,20220907,000000,0.00764061,0.00774023,0.00752962,0.00773039,7140873.94502,0
FUN.V,D,20220908,000000,0.00774054,0.00776008,0.00765015,0.00770139,6460991.83813,0
FUN.V,D,20220909,000000,0.00770116,0.00798239,0.00770116,0.0079427,9113852.98555,0
FUN.V,D,20220910,000000,0.00794326,0.00803281,0.007893,0.00802144,8872680.02044,0
FUN.V,D,20220911,000000,0.00802225,0.00806298,0.00796223,0.00797223,6341305.22587,0
FUN.V,D,20220912,000000,0.00798192,0.00810219,0.00792127,0.00800176,7064903.50825,0
FUN.V,D,20220913,000000,0.00800136,0.00812195,0.00769008,0.00772015,13682819.824868,0
FUN.V,D,20220914,000000,0.00770008,0.00780078,0.00766946,0.00772039,5368042.05324,0
FUN.V,D,20220915,000000,0.00776225,0.00784149,0.00757924,0.00757924,6548326.84895,0
FUN.V,D,20220916,000000,0.00757955,0.0076097,0.0074785,0.00757,6094910.29282,0
FUN.V,D,20220917,000000,0.00755924,0.0076,0.00752,0.00757076,3898460.707,0
FUN.V,D,20220918,000000,0.00758,0.00759076,0.0074,0.00742,4645916.9158,0
FUN.V,D,20220919,000000,0.00741926,0.00746075,0.00720072,0.00743149,29365152.542085,0
FUN.V,D,20220920,000000,0.00744149,0.00758076,0.00728073,0.00732073,37398845.17679,0
FUN.V,D,20220921,000000,0.00733073,0.0075,0.00721072,0.00722,12389218.903922,0
FUN.V,D,20220922,000000,0.00723,0.00738,0.00715072,0.00736,8193420.2868,0
FUN.V,D,20220923,000000,0.00735,0.00742,0.00724928,0.00731927,5491554.7966309,0
FUN.V,D,20220924,000000,0.00732956,0.00738933,0.00731971,0.00733081,3652732.50542,0
FUN.V,D,20220925,000000,0.00732073,0.00742993,0.00727,0.00727,2527323.08193,0
FUN.V,D,20220926,000000,0.00728007,0.00742,0.00718993,0.00733,6671544.930922,0
FUN.V,D,20220927,000000,0.00733,0.00748,0.00726,0.00730927,11672976.077,0
FUN.V,D,20220928,000000,0.00729927,0.00743,0.00717928,0.00737,8340630.58461,0
FUN.V,D,20220929,000000,0.00737,0.00740074,0.00723,0.00733073,8021996.45391,0
FUN.V,D,20220930,000000,0.00735073,0.00748,0.00732,0.00734,7666513.16649,0
FUN.V,D,20221001,000000,0.00732,0.00735073,0.00726,0.00729073,2415322.07977,0
FUN.V,D,20221002,000000,0.00731,0.00733073,0.00728,0.00728,3432466.50234,0
FUN.V,D,20221003,000000,0.0073,0.00737074,0.00724,0.0073522,5289631.2306828,0
FUN.V,D,20221004,000000,0.00734073,0.00745223,0.00734073,0.00743223,5317762.65569,0
FUN.V,D,20221005,000000,0.00743223,0.00746149,0.00733073,0.00740074,4396517.33523,0
FUN.V,D,20221006,000000,0.00741119,0.00746134,0.00738111,0.00738111,4542004.6819325,0
FUN.V,D,20221007,000000,0.00739089,0.00741104,0.00731015,0.00732102,4168919.37961,0
FUN.V,D,20221008,000000,0.00732088,0.00735096,0.00726073,0.00727182,2637495.33973,0
FUN.V,D,20221009,000000,0.00727124,0.00734147,0.00727109,0.00733147,2236432.94305,0
FUN.V,D,20221010,000000,0.00732073,0.00733147,0.00718,0.0073,5291140.8376569,0
FUN.V,D,20221011,000000,0.00728,0.0072992,0.00718,0.00720928,10184230.84702,0
FUN.V,D,20221012,000000,0.00719935,0.00728978,0.00719935,0.00725014,3698392.55509,0
FUN.V,D,20221013,000000,0.00727,0.00731058,0.0070788,0.00729066,11972576.224876,0
FUN.V,D,20221014,000000,0.00728051,0.00737081,0.00723014,0.00727029,15790527.36241,0
FUN.V,D,20221015,000000,0.00727036,0.00731037,0.00718043,0.00720043,6115824.96321,0
FUN.V,D,20221016,000000,0.00720036,0.00731993,0.00717043,0.00725029,15771009.25301,0
FUN.V,D,20221017,000000,0.00724029,0.00737066,0.00722986,0.00731015,5915503.39103,0
FUN.V,D,20221018,000000,0.00730007,0.00741119,0.00722014,0.00725044,10767871.99068,0
FUN.V,D,20221019,000000,0.00726036,0.00727065,0.00715043,0.00722,9431061.108,0
FUN.V,D,20221020,000000,0.0072,0.00727,0.00715936,0.00717928,9344048.7611,0
FUN.V,D,20221021,000000,0.00718935,0.00727044,0.00715943,0.00724022,5365975.68702,0
FUN.V,D,20221022,000000,0.00724036,0.00725065,0.0071905,0.00725065,3285612.31221,0
FUN.V,D,20221023,000000,0.00727058,0.00732073,0.00716072,0.00729095,7273588.56286,0
FUN.V,D,20221024,000000,0.00731073,0.00735073,0.00722043,0.00730102,5651660.14234,0
FUN.V,D,20221025,000000,0.00729036,0.00752173,0.00725007,0.0074426,6355246.479564,0
FUN.V,D,20221026,000000,0.00743238,0.00759258,0.00740185,0.00755196,7503326.41035,0
FUN.V,D,20221027,000000,0.00755211,0.00765176,0.00746022,0.00749045,11703795.24683,0
FUN.V,D,20221028,000000,0.0074906,0.00762152,0.00741067,0.00750157,13724375.48055,0
FUN.V,D,20221029,000000,0.00753136,0.00766291,0.00750157,0.00764183,13092176.06823,0
FUN.V,D,20221030,000000,0.00764183,0.00765191,0.00754204,0.00755128,4788809.86389,0
FUN.V,D,20221031,000000,0.00756151,0.00761038,0.00747955,0.00750925,8262929.17917,0
FUN.V,D,20221101,000000,0.00750955,0.00756902,0.00749865,0.0075291,3997508.2062,0
FUN.V,D,20221102,000000,0.00751917,0.00757038,0.00740956,0.00741955,7631673.04261,0
FUN.V,D,20221103,000000,0.00741955,0.00754902,0.00741911,0.00745,9652889.98124,0
FUN.V,D,20221104,000000,0.00745993,0.00768023,0.0074397,0.00765061,10219950.06623,0
FUN.V,D,20221105,000000,0.00764053,0.00769108,0.00760015,0.00764038,5069658.9680408,0
FUN.V,D,20221106,000000,0.00762038,0.00765992,0.00757076,0.00762046,4602927.98304,0
FUN.V,D,20221107,000000,0.00758076,0.00770054,0.00733037,0.0074909,51858051.484698564,0
FUN.V,D,20221108,000000,0.0074915,0.00758136,0.00680102,0.00708118,28644910.413817514,0
FUN.V,D,20221109,000000,0.00708118,0.00714919,0.00633709,0.0064654,26727991.79576581,0
FUN.V,D,20221110,000000,0.00645477,0.0076838,0.0063567,0.00705089,18611342.59198659,0
FUN.V,D,20221111,000000,0.0070812,0.0082869,0.00667594,0.00689758,11672804.010690004,0
FUN.V,D,20221112,000000,0.00689069,0.00695175,0.00681771,0.00686762,3512016.188760001,0
FUN.V,D,20221113,000000,0.00684765,0.00697742,0.00665334,0.00670061,21317169.39569003,0
FUN.V,D,20221114,000000,0.00669196,0.00689172,0.00644033,0.00667065,18063024.48044002,0
FUN.V,D,20221115,000000,0.00666998,0.00687312,0.00666998,0.00674325,13372438.961683806,0
FUN.V,D,20221116,000000,0.00678172,0.00688208,0.00658321,0.00665381,13216872.062789999,0
FUN.V,D,20221117,000000,0.00666406,0.00675412,0.00654555,0.00665481,26476494.730830017,0
FUN.V,D,20221118,000000,0.006665,0.00678457,0.00661523,0.00664235,16583688.52179,0
FUN.V,D,20221119,000000,0.00664222,0.00673306,0.006602,0.006723,21664682.925350014,0
FUN.V,D,20221120,000000,0.006723,0.00674237,0.00638284,0.00645031,45436467.11896997,0
FUN.V,D,20221121,000000,0.00647009,0.00755025,0.00613257,0.00620261,358693951.9501047,0
FUN.V,D,20221122,000000,0.00620249,0.00631317,0.00603275,0.00627202,52413421.58090004,0
FUN.V,D,20221123,000000,0.00627234,0.00644245,0.00624181,0.006353,34971500.29595005,0
FUN.V,D,20221124,000000,0.00640295,0.00663449,0.00640295,0.00660445,60195000.985757984,0
FUN.V,D,20221125,000000,0.00659439,0.00663456,0.00648481,0.00653627,35213615.49175002,0
FUN.V,D,20221126,000000,0.00653621,0.00666593,0.00639674,0.00640628,66645673.93621008,0
FUN.V,D,20221127,000000,0.00640622,0.00648617,0.00639578,0.00642588,30057472.450450025,0
FUN.V,D,20221128,000000,0.00641602,0.00707604,0.00617648,0.00625762,141448991.16900966,0
FUN.V,D,20221129,000000,0.00624756,0.00645632,0.00622745,0.00639763,34245482.98462995,0
FUN.V,D,20221130,000000,0.00639757,0.00672034,0.00638776,0.00672034,27745247.628049992,0
FUN.V,D,20221201,000000,0.00672054,0.00675068,0.00658033,0.00662046,12293629.870920002,0
FUN.V,D,20221202,000000,0.00661053,0.00686069,0.00656059,0.0067104,84729130.41714992,0
FUN.V,D,20221203,000000,0.0067304,0.00674061,0.00648065,0.00648065,73929898.14599004,0
FUN.V,D,20221204,000000,0.00650065,0.00670201,0.00647065,0.00661132,21799780.92732998,0
FUN.V,D,20221205,000000,0.00661066,0.00671081,0.00648974,0.0065302,21287448.224000014,0
FUN.V,D,20221206,000000,0.00653013,0.00656007,0.00642987,0.00644987,24860616.706118535,0
FUN.V,D,20221207,000000,0.00646,0.00655007,0.00632038,0.00637006,29475828.491889935,0
FUN.V,D,20221208,000000,0.00636,0.00660079,0.00633,0.00655046,34278410.044829994,0
FUN.V,D,20221209,000000,0.00655046,0.00673027,0.00641026,0.00647019,63673447.39087001,0
FUN.V,D,20221210,000000,0.00648026,0.00943009,0.00645006,0.00655993,1101429937.2147403,0
FUN.V,D,20221211,000000,0.00655987,0.00736985,0.00646987,0.00653065,177653215.56185678,0
FUN.V,D,20221212,000000,0.0065213,0.00654065,0.00638026,0.00647045,23562282.02930001,0
FUN.V,D,20221213,000000,0.00646058,0.0066702,0.00639038,0.00657842,21382787.12021999,0
FUN.V,D,20221214,000000,0.00658789,0.00672,0.00656039,0.00656039,6664224.501329996,0
FUN.V,D,20221215,000000,0.00656066,0.00658132,0.00641064,0.00641128,4799187.81218,0
FUN.V,D,20221216,000000,0.00640064,0.00645064,0.0060106,0.00609122,12801348.228068294,0
FUN.V,D,20221217,000000,0.00609061,0.00638045,0.0060006,0.00611079,41728733.17643,0
FUN.V,D,20221218,000000,0.00610079,0.00613037,0.00607055,0.00610073,8138779.749459988,0
FUN.V,D,20221219,000000,0.00611,0.00613092,0.00597006,0.00600024,6906635.742000005,0
FUN.V,D,20221220,000000,0.00602006,0.00621025,0.00598994,0.00616025,6672418.959210005,0
FUN.V,D,20221221,000000,0.00614018,0.00615049,0.00609,0.00610024,2797111.9887799933,0
FUN.V,D,20221222,000000,0.00611024,0.00616975,0.00600946,0.00612914,5545489.013009998,0
FUN.V,D,20221223,000000,0.00612902,0.00614902,0.00608903,0.00608933,2612931.6543300007,0
FUN.V,D,20221224,000000,0.00608939,0.00702958,0.00600952,0.00614957,81018406.11950012,0
FUN.V,D,20221225,000000,0.00614957,0.00639962,0.00609939,0.0061392,25271331.82474001,0
FUN.V,D,20221226,000000,0.00613926,0.00618932,0.00610859,0.00615858,6532309.388620009,0
FUN.V,D,20221227,000000,0.00614883,0.00616883,0.00606763,0.00608775,6831258.536710004,0
FUN.V,D,20221228,000000,0.00608744,0.00610817,0.00599652,0.00601675,7229933.357380003,0
FUN.V,D,20221229,000000,0.00601681,0.00606739,0.00599688,0.00603722,11575965.956160013,0
FUN.V,D,20221230,000000,0.00603722,0.00605721,0.00595696,0.00602686,13479974.38493001,0
FUN.V,D,20221231,000000,0.00601699,0.00604716,0.00598695,0.00601687,7264645.864639995,0
FUN.V,D,20230101,000000,0.006007,0.00603734,0.00596672,0.00599724,4767382.122929993,0
FUN.V,D,20230102,000000,0.0059873,0.00608756,0.00598724,0.00603801,3234587.572290002,0
FUN.V,D,20230103,000000,0.00603807,0.00604812,0.00598748,0.00600766,4033541.5628800043,0
FUN.V,D,20230104,000000,0.00600772,0.00616753,0.00600748,0.00610798,7797510.462840005,0
FUN.V,D,20230105,000000,0.00610798,0.00612828,0.00606745,0.00608787,5389466.066409998,0
FUN.V,D,20230106,000000,0.00608787,0.00616809,0.00603638,0.00614809,7329074.797570004,0
FUN.V,D,20230107,000000,0.00614809,0.0061584,0.00608842,0.00608848,5538403.692800008,0
FUN.V,D,20230108,000000,0.00609817,0.00620876,0.00607891,0.00616907,11481407.416470004,0
FUN.V,D,20230109,000000,0.00615877,0.00632956,0.00615877,0.00625994,7679732.226844202,0
FUN.V,D,20230110,000000,0.00625,0.00631057,0.006229,0.00629088,10662045.30754,0
FUN.V,D,20230111,000000,0.00629094,0.00634,0.00622931,0.00632994,4162292.551070002,0
FUN.V,D,20230112,000000,0.00632937,0.00665066,0.00632937,0.00660066,15691344.036300004,0
FUN.V,D,20230113,000000,0.00660066,0.00682075,0.00653902,0.00675061,7819930.584965968,0
FUN.V,D,20230114,000000,0.00676054,0.00734139,0.00673074,0.00708035,52728939.04054662,0
FUN.V,D,20230115,000000,0.00708035,0.00712256,0.00694069,0.00708205,8972132.411217997,0
FUN.V,D,20230116,000000,0.00708212,0.00721978,0.00698035,0.00711014,5459864.713531186,0
FUN.V,D,20230117,000000,0.00710021,0.00719007,0.00703077,0.00710078,8992297.037499132,0
FUN.V,D,20230118,000000,0.00710071,0.00839,0.00682966,0.00694958,180466181.80835697,0
FUN.V,D,20230119,000000,0.00694965,0.00707993,0.00690965,0.00702979,15502577.208569998,0
FUN.V,D,20230120,000000,0.00703042,0.00747105,0.00696993,0.00743141,30862796.231159993,0
FUN.V,D,20230121,000000,0.00743149,0.00908227,0.00741178,0.00760114,789288155.0508144,0
FUN.V,D,20230122,000000,0.00760114,0.00760144,0.00715129,0.00722137,105511743.70819004,0
FUN.V,D,20230123,000000,0.00722144,0.0073111,0.00714064,0.00724116,28969173.565780006,0
FUN.V,D,20230124,000000,0.00728102,0.00733125,0.00700105,0.00707021,20585272.590040002,0
FUN.V,D,20230125,000000,0.0070507,0.00728131,0.00694111,0.00710121,16994256.564190008,0
FUN.V,D,20230126,000000,0.00710142,0.00720137,0.00705014,0.00709071,9955928.631779991,0
FUN.V,D,20230127,000000,0.00709064,0.0071833,0.00692055,0.00708276,8587163.874729995,0
FUN.V,D,20230128,000000,0.00708269,0.00715179,0.00701133,0.0070114,7003032.637000993,0
FUN.V,D,20230129,000000,0.00701154,0.00730088,0.00700154,0.00722043,11998027.22373999,0
FUN.V,D,20230130,000000,0.00724036,0.00729044,0.00687007,0.00692048,36959632.23339995,0
FUN.V,D,20230131,000000,0.00692048,0.00705979,0.00691952,0.0070307,8160087.904299997,0
FUN.V,D,20230201,000000,0.00702042,0.00726407,0.00695007,0.00720029,17081273.616170026,0
FUN.V,D,20230202,000000,0.00719043,0.00736059,0.0071005,0.00715129,14722597.207539983,0
FUN.V,D,20230203,000000,0.00717165,0.0072313,0.00707986,0.0071705,12763896.233019989,0
FUN.V,D,20230204,000000,0.00717065,0.00726087,0.00715043,0.00720079,7666967.1299800025,0
FUN.V,D,20230205,000000,0.00720058,0.00724181,0.00698188,0.00707184,12377394.58005999,0
FUN.V,D,20230206,000000,0.00706184,0.00719137,0.00689124,0.00704028,43212502.38905998,0
FUN.V,D,20230207,000000,0.00704028,0.00721029,0.00699049,0.00719029,28320027.157229964,0
FUN.V,D,20230208,000000,0.00719043,0.00725065,0.00698105,0.0070905,20850760.828340024,0
FUN.V,D,20230209,000000,0.00707042,0.00715007,0.0066906,0.006691,6438580.110445311,0
FUN.V,D,20230210,000000,0.0066606,0.00685185,0.0066606,0.006691,13804126.964569997,0
FUN.V,D,20230211,000000,0.00669074,0.00681068,0.0066806,0.00681068,5845387.000890007,0
FUN.V,D,20230212,000000,0.00681068,0.00685062,0.00665093,0.00668047,5823785.796500002,0
FUN.V,D,20230213,000000,0.00667067,0.00677108,0.00653464,0.00663365,6660450.29469191,0
FUN.V,D,20230214,000000,0.00663365,0.00688282,0.00663331,0.00678244,9108863.042040009,0
FUN.V,D,20230215,000000,0.00678231,0.00719093,0.00675135,0.00717129,7169589.885789993,0
FUN.V,D,20230216,000000,0.00716115,0.00741074,0.00708071,0.00708227,29696848.728740018,0
FUN.V,D,20230217,000000,0.00709085,0.00731066,0.00708085,0.00723065,15102586.421540946,0
FUN.V,D,20230218,000000,0.00726094,0.00732146,0.00722173,0.00724116,10127893.28018,0
FUN.V,D,20230219,000000,0.00724116,0.00736096,0.00718144,0.00723166,19287840.365266856,0
FUN.V,D,20230220,000000,0.00722144,0.00742096,0.00713185,0.00732029,32892555.254890002,0
FUN.V,D,20230221,000000,0.00732993,0.00743111,0.00716136,0.0072313,22980244.396770015,0
FUN.V,D,20230222,000000,0.0072213,0.00731095,0.00697132,0.0071105,19566848.03642997,0
FUN.V,D,20230223,000000,0.00713021,0.00735081,0.00711107,0.00719093,41105844.08998994,0
FUN.V,D,20230224,000000,0.00718108,0.00725138,0.00691069,0.00700993,22271054.310370047,0
FUN.V,D,20230225,000000,0.00701007,0.00708071,0.00687048,0.00697042,7843843.8361499915,0
FUN.V,D,20230226,000000,0.00697049,0.00711064,0.00693118,0.00706042,11982160.672594905,0
FUN.V,D,20230227,000000,0.00706078,0.0072105,0.00698035,0.00704042,14186337.009691363,0
FUN.V,D,20230228,000000,0.00704035,0.00708064,0.00693139,0.00698119,7311486.679470002,0
FUN.V,D,20230301,000000,0.00698119,0.00715072,0.00692111,0.00713093,10315361.825309994,0
FUN.V,D,20230302,000000,0.00714107,0.00719086,0.00694993,0.00709057,8940376.71211,0
FUN.V,D,20230303,000000,0.00708014,0.00712064,0.00671074,0.00677047,13890194.77834,0
FUN.V,D,20230304,000000,0.00679054,0.00687041,0.00664033,0.00675047,12251474.803600013,0
FUN.V,D,20230305,000000,0.00674054,0.00685048,0.00667067,0.00674081,10101864.288109979,0
FUN.V,D,20230306,000000,0.00671074,0.00681945,0.0066702,0.0067096,12562005.462729994,0
FUN.V,D,20230307,000000,0.00669933,0.00680986,0.00658908,0.00664013,12187711.353473945,0
FUN.V,D,20230308,000000,0.00665973,0.00673,0.00658901,0.00658967,6533342.5634400025,0
FUN.V,D,20230309,000000,0.00658934,0.00661795,0.0061687,0.00624056,8430519.338519998,0
FUN.V,D,20230310,000000,0.00623093,0.00631006,0.00607951,0.00628254,14469680.710419,0
FUN.V,D,20230311,000000,0.0062826,0.00643995,0.00612617,0.00628337,5487190.565162997,0
FUN.V,D,20230312,000000,0.00628599,0.00668408,0.00627217,0.00664284,4774300.665657693,0
FUN.V,D,20230313,000000,0.00664271,0.00684817,0.00632224,0.00670732,103799243.57914984,0
FUN.V,D,20230314,000000,0.0067266,0.00702565,0.00663869,0.00677767,27390094.078720022,0
FUN.V,D,20230315,000000,0.00678893,0.00684473,0.00646406,0.0065678,15114642.888009995,0
FUN.V,D,20230316,000000,0.00658729,0.00670565,0.00653285,0.00664638,6781371.130950001,0
FUN.V,D,20230317,000000,0.00665126,0.00706105,0.00662434,0.00702802,9490930.401537992,0
FUN.V,D,20230318,000000,0.00702895,0.00714762,0.00694847,0.00699881,11290741.400768898,0
FUN.V,D,20230319,000000,0.00699686,0.00716235,0.00691278,0.00707337,5804369.561232,0
FUN.V,D,20230320,000000,0.00708319,0.00713625,0.00691436,0.00696125,7211380.317655413,0
FUN.V,D,20230321,000000,0.00694934,0.00713752,0.00687804,0.00700728,10207868.200200003,0
FUN.V,D,20230322,000000,0.00700227,0.0070742,0.00675159,0.00682888,11925108.845300004,0
FUN.V,D,20230323,000000,0.00684839,0.00699973,0.00681134,0.00688336,13237259.05584999,0
FUN.V,D,20230324,000000,0.00689071,0.00691677,0.00668001,0.00671745,10722242.498489993,0
FUN.V,D,20230325,000000,0.00671458,0.00673601,0.00661848,0.00663336,7505765.069909998,0
FUN.V,D,20230326,000000,0.00662856,0.00671704,0.00660541,0.00661547,5701477.784914709,0
FUN.V,D,20230327,000000,0.00661527,0.00669455,0.00645645,0.00650005,10566801.180934003,0
FUN.V,D,20230328,000000,0.00649605,0.00657871,0.00644348,0.00651554,6327539.64017001,0
FUN.V,D,20230329,000000,0.00651454,0.00662299,0.00650341,0.00657618,8081779.858270009,0
FUN.V,D,20230330,000000,0.00655997,0.00661245,0.00642122,0.00652483,12856872.527419997,0
FUN.V,D,20230331,000000,0.00652176,0.00654892,0.00644719,0.00647036,7114110.351399998,0
FUN.V,D,20230401,000000,0.00646836,0.00650012,0.00642648,0.00643138,6924588.1861950075,0
FUN.V,D,20230402,000000,0.00643764,0.00647672,0.00636032,0.00639496,3979997.513602182,0
FUN.V,D,20230403,000000,0.00639403,0.0066574,0.00634941,0.00643544,29506606.114690017,0
FUN.V,D,20230404,000000,0.00644051,0.00647859,0.00637478,0.0064062,12623552.078169988,0
FUN.V,D,20230405,000000,0.00640326,0.00647646,0.00634627,0.00637329,9329446.794972003,0
FUN.V,D,20230406,000000,0.00637723,0.00648272,0.0063341,0.00637123,15683433.348199992,0
FUN.V,D,20230407,000000,0.00637229,0.00639526,0.00627995,0.00630566,5480762.743750002,0
FUN.V,D,20230408,000000,0.00630573,0.00633423,0.00627708,0.00633253,6937400.379390006,0
FUN.V,D,20230409,000000,0.00633347,0.0063979,0.00628321,0.00635275,6061467.200917995,0
FUN.V,D,20230410,000000,0.00635738,0.00641843,0.00630015,0.0063412,7474483.191608002,0
FUN.V,D,20230411,000000,0.0063422,0.00638762,0.00629572,0.00630117,11210550.501729997,0
FUN.V,D,20230412,000000,0.00630824,0.00669362,0.00622785,0.00627389,32493805.013580017,0
FUN.V,D,20230413,000000,0.0062859,0.00640135,0.00624162,0.00632801,11029189.296459997,0
FUN.V,D,20230414,000000,0.006323,0.00655015,0.00630524,0.00640312,29937973.362370007,0
FUN.V,D,20230415,000000,0.00639036,0.00645645,0.00636004,0.00642778,4755431.124999997,0
FUN.V,D,20230416,000000,0.00642578,0.00649245,0.00635478,0.0064529,15095292.153499987,0
FUN.V,D,20230417,000000,0.00645332,0.00645332,0.0063034,0.00632278,7376153.358920003,0
FUN.V,D,20230418,000000,0.00631234,0.00650112,0.00628614,0.00635714,22075580.833409984,0
FUN.V,D,20230419,000000,0.00635908,0.00639596,0.00616302,0.00628946,21674063.647639994,0
FUN.V,D,20230420,000000,0.0062984,0.0062984,0.00594087,0.0060136,32064034.691390015,0
FUN.V,D,20230421,000000,0.0060173,0.00602719,0.00582589,0.00586935,10465515.71284999,0
FUN.V,D,20230422,000000,0.00587212,0.00594918,0.00583953,0.00593059,3292769.1149899997,0
FUN.V,D,20230423,000000,0.00593553,0.00597926,0.00582834,0.00587429,4513075.554899999,0
FUN.V,D,20230424,000000,0.00587123,0.005938,0.0058037,0.00581812,9746940.224649994,0
FUN.V,D,20230425,000000,0.00582217,0.00595155,0.00581394,0.00593807,13947642.193200003,0
FUN.V,D,20230426,000000,0.00594137,0.0059882,0.00580328,0.00584404,7577570.791871997,0
FUN.V,D,20230427,000000,0.00586488,0.00605521,0.00585811,0.00590466,17087350.996758,0
FUN.V,D,20230428,000000,0.00590301,0.00590624,0.00583992,0.00585397,4045391.5366599998,0
FUN.V,D,20230429,000000,0.00585933,0.00591614,0.00581112,0.00585539,15297844.527499996,0
FUN.V,D,20230430,000000,0.00585728,0.00593921,0.00580542,0.00580819,5785356.581939997,0
FUN.V,D,20230501,000000,0.0058142,0.00583151,0.00568942,0.00576456,7489374.689590001,0
FUN.V,D,20230502,000000,0.0057685,0.00578641,0.00566746,0.00566746,18353362.087619994,0
FUN.V,D,20230503,000000,0.00568647,0.00569636,0.00561925,0.00568948,5267969.2560883,0
FUN.V,D,20230504,000000,0.00569071,0.0057082,0.00560185,0.00563008,3247342.0385768013,0
FUN.V,D,20230505,000000,0.00563008,0.00565432,0.00548485,0.00549746,22469417.288500004,0
FUN.V,D,20230506,000000,0.00549195,0.00552973,0.00543113,0.00543113,8638738.064830003,0
FUN.V,D,20230507,000000,0.00543519,0.00567353,0.00542234,0.00555029,15192399.824189993,0
FUN.V,D,20230508,000000,0.00553653,0.00554448,0.00527049,0.00531902,20946336.960579988,0
FUN.V,D,20230509,000000,0.00532067,0.00541405,0.00528601,0.00529039,21826626.64422002,0
FUN.V,D,20230510,000000,0.00529578,0.00535318,0.00512949,0.00527382,13206237.273690015,0
FUN.V,D,20230511,000000,0.00523333,0.00526946,0.00474564,0.00493103,72735484.4079,0
FUN.V,D,20230512,000000,0.00495525,0.00509846,0.00481673,0.00509207,18797185.779680006,0
FUN.V,D,20230513,000000,0.00509626,0.00509626,0.00497409,0.00501321,5977132.624087001,0
FUN.V,D,20230514,000000,0.0050096,0.00506303,0.00496388,0.00498829,1862890.9790900003,0
FUN.V,D,20230515,000000,0.004994,0.00508847,0.00496058,0.00503032,4127764.867469999,0
FUN.V,D,20230516,000000,0.00504333,0.00512906,0.00499725,0.00508494,10330454.927679999,0
FUN.V,D,20230517,000000,0.00507883,0.00510365,0.00501361,0.00505373,6573108.756410002,0
FUN.V,D,20230518,000000,0.00505443,0.00506213,0.00497389,0.00504762,3938608.2995399996,0
FUN.V,D,20230519,000000,0.00504761,0.00513807,0.00502676,0.00503066,11665899.238840004,0
FUN.V,D,20230520,000000,0.00502811,0.00639175,0.00502402,0.00540586,729455172.4408109,0
FUN.V,D,20230521,000000,0.00541341,0.00632379,0.00538384,0.00544026,820295390.2751198,0
FUN.V,D,20230522,000000,0.00544426,0.00546027,0.00529017,0.00529217,62252714.07245999,0
FUN.V,D,20230523,000000,0.00530658,0.00534759,0.00514246,0.00519631,40637146.25406002,0
FUN.V,D,20230524,000000,0.0051946,0.00523558,0.0050811,0.00514674,29598124.75079,0
FUN.V,D,20230525,000000,0.00513859,0.00520295,0.00511218,0.00512515,12445930.664969996,0
FUN.V,D,20230526,000000,0.00512415,0.00518373,0.00508046,0.00515018,2099461.99256,0
FUN.V,D,20230527,000000,0.00515583,0.0051587,0.00507807,0.00511024,5424556.545366828,0
FUN.V,D,20230528,000000,0.00510414,0.00517645,0.00509133,0.00515583,3485312.3106600023,0
FUN.V,D,20230529,000000,0.00516959,0.00521078,0.00512033,0.00514749,3945726.874251008,0
FUN.V,D,20230530,000000,0.00514549,0.0051575,0.00506012,0.00509999,6828523.2808699915,0
FUN.V,D,20230531,000000,0.00509999,0.00512054,0.00500995,0.00501395,5310680.08124,0
FUN.V,D,20230601,000000,0.00501505,0.00513051,0.0050051,0.00507542,10609737.543610008,0
FUN.V,D,20230602,000000,0.00508437,0.00512218,0.00505966,0.00510633,3770401.2127174013,0
FUN.V,D,20230603,000000,0.00511248,0.00511253,0.00503601,0.00504402,5977890.300410001,0
FUN.V,D,20230604,000000,0.00504792,0.00511643,0.00503581,0.00505862,2163975.2889900007,0
FUN.V,D,20230605,000000,0.00506362,0.00507862,0.00455237,0.00456832,16067328.375190016,0
FUN.V,D,20230606,000000,0.00456937,0.00474885,0.00453554,0.00469636,4507721.233140003,0
FUN.V,D,20230607,000000,0.00470327,0.00471313,0.00440222,0.00440222,7312161.624250005,0
FUN.V,D,20230608,000000,0.0043994,0.00443475,0.004335,0.00440379,4711124.540610002,0
FUN.V,D,20230609,000000,0.00440079,0.0044616,0.00431414,0.00431414,7391299.493740145,0
FUN.V,D,20230610,000000,0.0043117,0.0043117,0.00372675,0.00383122,7677126.47121,0
FUN.V,D,20230611,000000,0.00383426,0.00406863,0.00382749,0.00405966,10741490.973240001,0
FUN.V,D,20230612,000000,0.00402261,0.00403065,0.00375289,0.00379715,12226093.434189973,0
FUN.V,D,20230613,000000,0.00380015,0.00388477,0.003778,0.00378651,8891765.962830001,0
FUN.V,D,20230614,000000,0.00378262,0.00387419,0.00361528,0.00365867,4626672.701329998,0
FUN.V,D,20230615,000000,0.00365371,0.00371014,0.00360282,0.00368664,8229106.855690005,0
FUN.V,D,20230616,000000,0.00369193,0.0038556,0.00365569,0.00381498,10441027.627480008,0
FUN.V,D,20230617,000000,0.00381199,0.00388082,0.0037724,0.00379141,7193637.767099998,0
FUN.V,D,20230618,000000,0.00378845,0.00380433,0.00371244,0.00371515,3863607.153729999,0
FUN.V,D,20230619,000000,0.00371767,0.00376005,0.00369806,0.00372934,5155642.851189996,0
FUN.V,D,20230620,000000,0.00373221,0.00382917,0.00365011,0.00382547,5879612.204380001,0
FUN.V,D,20230621,000000,0.00383758,0.00406604,0.00383357,0.0040132,6537600.40694,0
FUN.V,D,20230622,000000,0.0040184,0.00414888,0.00401644,0.00404085,5630544.759100006,0
FUN.V,D,20230623,000000,0.00405001,0.00416237,0.00400276,0.00409141,10958217.221219998,0
FUN.V,D,20230624,000000,0.00411042,0.00428365,0.00410938,0.00414957,19491395.737591732,0
FUN.V,D,20230625,000000,0.00415753,0.00428163,0.00415057,0.00416933,12634318.176650008,0
FUN.V,D,20230626,000000,0.00416917,0.00419413,0.00405185,0.00405485,7233263.616989996,0
FUN.V,D,20230627,000000,0.00405177,0.00423161,0.00405177,0.00414079,6239562.696299997,0
FUN.V,D,20230628,000000,0.00415142,0.00417358,0.00390869,0.00392688,10442547.977359997,0
FUN.V,D,20230629,000000,0.0039358,0.0040426,0.00391769,0.0039816,4867194.647170001,0
FUN.V,D,20230630,000000,0.00397352,0.00415825,0.00396709,0.0041236,10649667.273860002,0
FUN.V,D,20230701,000000,0.00412331,0.0042177,0.00403846,0.004141,7975523.471250009,0
FUN.V,D,20230702,000000,0.00414438,0.00424487,0.00410304,0.00411116,4153399.4832999976,0
FUN.V,D,20230703,000000,0.00412112,0.00858715,0.00412112,0.00726544,6784607458.808815,0
FUN.V,D,20230704,000000,0.00730951,0.00759905,0.00525716,0.00532317,2391173624.4650016,0
FUN.V,D,20230705,000000,0.00533312,0.00589953,0.00509969,0.0053208,433388470.745326,0
FUN.V,D,20230706,000000,0.0053528,0.00563939,0.00508107,0.00521979,319681636.3403297,0
FUN.V,D,20230707,000000,0.00521984,0.00540954,0.00510577,0.00517116,134491460.32919994,0
FUN.V,D,20230708,000000,0.00516546,0.00527547,0.00503025,0.00505445,47370035.167732485,0
FUN.V,D,20230709,000000,0.00505866,0.00608003,0.00500365,0.00550594,897252708.1751797,0
FUN.V,D,20230710,000000,0.00550494,0.00558878,0.00509485,0.00514731,91462490.21551695,0
FUN.V,D,20230711,000000,0.00510787,0.00520369,0.00499055,0.0050177,63540322.8890962,0
FUN.V,D,20230712,000000,0.0050232,0.00507515,0.00476448,0.00483761,56133088.322689936,0
FUN.V,D,20230713,000000,0.00483086,0.00505671,0.00468486,0.00493998,54115345.65479003,0
FUN.V,D,20230714,000000,0.00493993,0.00498924,0.00459207,0.00473422,36404137.95505999,0
FUN.V,D,20230715,000000,0.00473741,0.00504256,0.00472041,0.00475143,41191931.22067999,0
FUN.V,D,20230716,000000,0.00475638,0.00479244,0.00460507,0.00462613,9270254.064372899,0
FUN.V,D,20230717,000000,0.00462613,0.0047025,0.00443289,0.00450581,11029802.49455,0
FUN.V,D,20230718,000000,0.00451277,0.00473914,0.00436431,0.00444498,87821169.06735,0
FUN.V,D,20230719,000000,0.00443902,0.00463183,0.00441933,0.00446696,16363697.274261994,0
FUN.V,D,20230720,000000,0.004471,0.00468433,0.00438561,0.00441996,46958059.416470006,0
FUN.V,D,20230721,000000,0.00442191,0.00444378,0.00433883,0.00434204,8600270.920759995,0
FUN.V,D,20230722,000000,0.00434404,0.00457573,0.00434404,0.00439244,29707886.14033999,0
FUN.V,D,20230723,000000,0.00438748,0.00450668,0.004377,0.004445,12787766.67356,0
FUN.V,D,20230724,000000,0.00444091,0.00447673,0.00412355,0.00412355,24341001.76130998,0
FUN.V,D,20230725,000000,0.00413455,0.00542875,0.00408131,0.00501965,1867755039.460358,0
FUN.V,D,20230726,000000,0.0050206,0.00588882,0.00462444,0.00487319,1911503730.4405432,0
FUN.V,D,20230727,000000,0.00487415,0.00497295,0.00458727,0.00461475,118029029.79538023,0
FUN.V,D,20230728,000000,0.00461475,0.0046237,0.00447652,0.00450386,59308453.82169003,0
FUN.V,D,20230729,000000,0.00450486,0.00462314,0.00446287,0.004518,35092716.530080006,0
FUN.V,D,20230730,000000,0.004518,0.00554361,0.00451495,0.00513454,1692619746.4563673,0
FUN.V,D,20230731,000000,0.00516059,0.00542557,0.00459913,0.00462826,348281743.25336987,0
FUN.V,D,20230801,000000,0.00463721,0.00473153,0.0044984,0.00461564,57699274.04825003,0
FUN.V,D,20230802,000000,0.00461165,0.00592198,0.00458857,0.00529992,1755139131.802141,0
FUN.V,D,20230803,000000,0.00529992,0.00535462,0.00483589,0.00490882,308822824.1435999,0
FUN.V,D,20230804,000000,0.00489503,0.00508317,0.00477746,0.00490381,119906148.81897007,0
FUN.V,D,20230805,000000,0.00489582,0.00543147,0.00489282,0.00509156,360918065.13112015,0
FUN.V,D,20230806,000000,0.00509102,0.00513683,0.00490525,0.00491375,46992199.436999984,0
FUN.V,D,20230807,000000,0.00491621,0.00504469,0.00486689,0.00499715,55041837.12556999,0
FUN.V,D,20230808,000000,0.00498916,0.00512108,0.00496887,0.00498425,69751803.23967,0
FUN.V,D,20230809,000000,0.00498625,0.00498725,0.00484967,0.00486676,19798931.211460017,0
FUN.V,D,20230810,000000,0.0048719,0.00515069,0.0048719,0.00502167,77517783.09284002,0
FUN.V,D,20230811,000000,0.00501763,0.00506337,0.00481921,0.00483767,33208862.081840005,0
FUN.V,D,20230812,000000,0.00483368,0.00487649,0.0048237,0.00483224,12056902.76844,0
FUN.V,D,20230813,000000,0.00483524,0.00489876,0.00481087,0.00483028,12866558.027168995,0
FUN.V,D,20230814,000000,0.00482519,0.00484364,0.00468585,0.00472556,12062271.080871008,0
FUN.V,D,20230815,000000,0.00471961,0.00492904,0.00445718,0.00446204,38882335.87693997,0
FUN.V,D,20230816,000000,0.0044719,0.00448397,0.00420458,0.00420932,36860231.666671984,0
FUN.V,D,20230817,000000,0.00420903,0.00537122,0.00405354,0.00410352,916937864.9184371,0
FUN.V,D,20230818,000000,0.00409666,0.00429732,0.00404461,0.00426821,92536111.39786993,0
FUN.V,D,20230819,000000,0.00425121,0.00434756,0.00422327,0.00426989,26605664.310170002,0
FUN.V,D,20230820,000000,0.00426876,0.00432861,0.00420471,0.00423475,26387046.580939975,0
FUN.V,D,20230821,000000,0.0042307,0.00424741,0.00414184,0.0041855,14340205.047770001,0
FUN.V,D,20230822,000000,0.00418746,0.00422831,0.00403187,0.00404367,23054953.042829998,0
FUN.V,D,20230823,000000,0.00403963,0.00429681,0.00403963,0.00420916,24905786.628624022,0
FUN.V,D,20230824,000000,0.00421016,0.0049846,0.00420881,0.00423784,308920267.3932403,0
FUN.V,D,20230825,000000,0.00423784,0.00430355,0.0041146,0.00419261,33048387.425330006,0
FUN.V,D,20230826,000000,0.00419165,0.00421947,0.00414784,0.00415471,10679583.167719996,0
FUN.V,D,20230827,000000,0.00416887,0.00490854,0.00413306,0.00426295,748635525.2918726,0
FUN.V,D,20230828,000000,0.004256,0.00434683,0.00417187,0.00424483,50807976.91088131,0
FUN.V,D,20230829,000000,0.00423575,0.00437304,0.00417374,0.00430582,24374198.86181001,0
FUN.V,D,20230830,000000,0.00431073,0.00460759,0.00424185,0.00437791,96298023.99594994,0
FUN.V,D,20230831,000000,0.00437296,0.00472129,0.00425666,0.00430444,217999020.29590005,0
FUN.V,D,20230901,000000,0.00430944,0.00454818,0.00430188,0.0044147,95957620.31781997,0
FUN.V,D,20230902,000000,0.00442474,0.00445613,0.00428861,0.00432557,14256338.202819994,0
FUN.V,D,20230903,000000,0.00433061,0.00433978,0.00424245,0.00426028,19841092.793760017,0
FUN.V,D,20230904,000000,0.00426328,0.00440577,0.0042403,0.00433179,30444077.21098002,0
FUN.V,D,20230905,000000,0.00433279,0.00439415,0.0042021,0.00426291,50648055.51480005,0
FUN.V,D,20230906,000000,0.00426291,0.00435239,0.00425815,0.00427044,24110786.134579998,0
FUN.V,D,20230907,000000,0.00427278,0.00431214,0.00418969,0.00423184,43743797.168349996,0
FUN.V,D,20230908,000000,0.00423571,0.00433626,0.00422548,0.0042924,18820452.618830018,0
FUN.V,D,20230909,000000,0.0042904,0.00431879,0.00422918,0.00427867,49517073.23414,0
FUN.V,D,20230910,000000,0.00428863,0.00446106,0.00406323,0.00419241,124513822.9915,0
FUN.V,D,20230911,000000,0.00418545,0.00418545,0.00382397,0.00385281,21839395.42211499,0
FUN.V,D,20230912,000000,0.00385973,0.00412535,0.00385465,0.003904,18653819.024359997,0
FUN.V,D,20230913,000000,0.00389484,0.00400208,0.00384838,0.00390774,11924864.784000002,0
FUN.V,D,20230914,000000,0.00390966,0.00397312,0.00390945,0.00393863,6246111.309200001,0
FUN.V,D,20230915,000000,0.00396451,0.004122,0.00394924,0.00400916,11348606.353399994,0
FUN.V,D,20230916,000000,0.0040212,0.00404988,0.00397564,0.00401024,9204203.796500001,0
FUN.V,D,20230917,000000,0.0040144,0.00405453,0.00390994,0.00390994,11533324.890700001,0
FUN.V,D,20230918,000000,0.00390778,0.00403621,0.00388858,0.00397772,12453761.665479999,0
FUN.V,D,20230919,000000,0.00397864,0.00401592,0.00396879,0.00398056,3964466.49729,0
FUN.V,D,20230920,000000,0.00398056,0.0040382,0.00394147,0.0039612,12689239.888409998,0
FUN.V,D,20230921,000000,0.003962,0.00398712,0.00385127,0.00385565,11604751.05803999,0
FUN.V,D,20230922,000000,0.00386488,0.00391876,0.00385573,0.00389077,5776499.0997662,0
FUN.V,D,20230923,000000,0.00389073,0.00393976,0.00386504,0.00389227,10667218.988130003,0
FUN.V,D,20230924,000000,0.00389627,0.00412425,0.00386008,0.00397116,92933955.2971301,0
FUN.V,D,20230925,000000,0.0039772,0.00415242,0.0039332,0.0039678,68232108.98851998,0
FUN.V,D,20230926,000000,0.00397576,0.00397576,0.0038683,0.00388133,9080424.27072999,0
FUN.V,D,20230927,000000,0.00388717,0.00391982,0.00380141,0.00381321,11288191.057130009,0
FUN.V,D,20230928,000000,0.00380994,0.00392923,0.00380817,0.00388496,4660163.356369995,0
FUN.V,D,20230929,000000,0.00388,0.0042784,0.00387295,0.00421554,97246749.74921007,0
FUN.V,D,20230930,000000,0.00420954,0.00444744,0.00413475,0.00436687,125311548.02866992,0
FUN.V,D,20231001,000000,0.00436887,0.00447636,0.00423838,0.00438853,60541920.47256003,0
FUN.V,D,20231002,000000,0.00439053,0.0044859,0.00428407,0.00441632,34152109.91552998,0
FUN.V,D,20231003,000000,0.00442528,0.00447796,0.00424079,0.00443282,46734147.165990025,0
FUN.V,D,20231004,000000,0.00442696,0.00457805,0.00430557,0.00438909,57777723.48024004,0
FUN.V,D,20231005,000000,0.00439474,0.00443349,0.00428081,0.00432617,16347602.691029988,0
FUN.V,D,20231006,000000,0.00431221,0.00442484,0.00431221,0.00435579,13172769.334470002,0
FUN.V,D,20231007,000000,0.00435992,0.00440229,0.00430279,0.00435548,8278939.339829998,0
FUN.V,D,20231008,000000,0.00434447,0.00440982,0.00433586,0.00436249,6860068.61192,0
FUN.V,D,20231009,000000,0.00436044,0.00437444,0.00408186,0.00410078,10208841.66979,0
FUN.V,D,20231010,000000,0.00410286,0.00426247,0.00407128,0.00408461,9494360.501349995,0
FUN.V,D,20231011,000000,0.00407641,0.00473428,0.00407453,0.00416279,138896244.91835004,0
FUN.V,D,20231012,000000,0.00416683,0.00419612,0.00390748,0.0039447,12683084.825039994,0
FUN.V,D,20231013,000000,0.00395054,0.00406917,0.00395054,0.00401008,7432646.265149998,0
FUN.V,D,20231014,000000,0.00401216,0.00420266,0.00398932,0.00412371,12848677.251829999,0
FUN.V,D,20231015,000000,0.00412475,0.0042427,0.00412475,0.00421308,7079515.801739997,0
FUN.V,D,20231016,000000,0.00421404,0.00428894,0.00412624,0.00415178,9702622.363440001,0
FUN.V,D,20231017,000000,0.0041377,0.00425574,0.00413316,0.00413949,9110394.701960005,0
FUN.V,D,20231018,000000,0.00413353,0.00413861,0.00401164,0.00404481,5837232.885429999,0
FUN.V,D,20231019,000000,0.00404389,0.00573152,0.00400372,0.00465186,1829983837.0582042,0
FUN.V,D,20231020,000000,0.00465186,0.00495213,0.00415499,0.00435783,212026340.05127025,0
FUN.V,D,20231021,000000,0.00434978,0.00442586,0.00415616,0.00423207,35126882.70587002,0
FUN.V,D,20231022,000000,0.00423011,0.00526589,0.00418801,0.00449748,454673021.0300196,0
FUN.V,D,20231023,000000,0.00451858,0.00472403,0.00432491,0.00441129,57494362.64007014,0
FUN.V,D,20231024,000000,0.00441229,0.00475843,0.00440925,0.00461945,39373304.01743007,0
FUN.V,D,20231025,000000,0.00462677,0.00465202,0.00450436,0.00462116,8366095.530009997,0
FUN.V,D,20231026,000000,0.00461706,0.00477372,0.00446576,0.00455405,17841061.927150015,0
FUN.V,D,20231027,000000,0.00455509,0.00461451,0.00446062,0.00451504,4515726.617830001,0
FUN.V,D,20231028,000000,0.00451799,0.00463674,0.00449699,0.00460478,9790382.114110004,0
FUN.V,D,20231029,000000,0.00459778,0.005266,0.00458282,0.00482169,208405525.51839048,0
FUN.V,D,20231030,000000,0.00482664,0.00486749,0.00472137,0.00479458,12798059.655399993,0
FUN.V,D,20231031,000000,0.00479682,0.00483293,0.004554,0.00466596,8721577.163830005,0
FUN.V,D,20231101,000000,0.00466996,0.00476638,0.00455532,0.00473961,16888967.489076003,0
FUN.V,D,20231102,000000,0.00474247,0.00479549,0.00457719,0.00462255,13048992.885300009,0
FUN.V,D,20231103,000000,0.0046226,0.00466144,0.00450441,0.00465481,6635491.4008500045,0
FUN.V,D,20231104,000000,0.00464777,0.00477753,0.00463018,0.00475671,18086783.51341998,0
FUN.V,D,20231105,000000,0.00476562,0.00497327,0.00474842,0.00496397,28187167.461680003,0
FUN.V,D,20231106,000000,0.00497143,0.00498494,0.00492128,0.00497444,17294173.126950018,0
FUN.V,D,20231107,000000,0.0050015,0.00507537,0.00489554,0.00498219,27241151.132890027,0
FUN.V,D,20231108,000000,0.00498239,0.00509212,0.00497689,0.00508117,28445309.004910007,0
FUN.V,D,20231109,000000,0.00507817,0.00516317,0.00483829,0.00493294,18766027.571640003,0
FUN.V,D,20231110,000000,0.00493994,0.00509855,0.00489706,0.0050985,17296544.566739995,0
FUN.V,D,20231111,000000,0.00510265,0.00525752,0.00500495,0.0052112,26043642.42459403,0
FUN.V,D,20231112,000000,0.00521135,0.0054777,0.00506087,0.00537715,42935785.20236296,0
FUN.V,D,20231113,000000,0.0053692,0.00545182,0.00510753,0.00511733,46944161.42976006,0
FUN.V,D,20231114,000000,0.00511243,0.00512849,0.00485153,0.00493964,20799619.28613002,0
FUN.V,D,20231115,000000,0.00494299,0.00510889,0.00493399,0.00508349,21134239.305530015,0
FUN.V,D,20231116,000000,0.00508875,0.00510628,0.00480953,0.00487029,14182390.65958,0
FUN.V,D,20231117,000000,0.00485663,0.00492069,0.00469647,0.00475057,18111304.600029994,0
FUN.V,D,20231118,000000,0.00474861,0.00475652,0.00457278,0.00462631,44609649.92651005,0
FUN.V,D,20231119,000000,0.00462631,0.00470144,0.00459275,0.00466005,8962473.542409992,0
FUN.V,D,20231120,000000,0.00465705,0.00472446,0.00465223,0.00468428,16217244.756220007,0
FUN.V,D,20231121,000000,0.00468118,0.00495034,0.00458374,0.00458679,93512806.41204989,0
FUN.V,D,20231122,000000,0.00458879,0.00471842,0.00453304,0.0046845,21458072.547930002,0
FUN.V,D,20231123,000000,0.00468145,0.0047329,0.00460701,0.00466856,12836134.640330007,0
FUN.V,D,20231124,000000,0.00467665,0.00477672,0.00466456,0.00470714,12403470.379599994,0
FUN.V,D,20231125,000000,0.00470271,0.00477277,0.00468323,0.0047468,12245035.441240005,0
FUN.V,D,20231126,000000,0.00476681,0.00483879,0.00470093,0.00475876,14753253.203999989,0
FUN.V,D,20231127,000000,0.0047498,0.00478487,0.00456391,0.00461809,16175485.48552999,0
FUN.V,D,20231128,000000,0.00462105,0.00471519,0.00456841,0.00465975,13708825.971140003,0
FUN.V,D,20231129,000000,0.0046597,0.00470854,0.00461675,0.00465351,4706583.470109998,0
FUN.V,D,20231130,000000,0.00465761,0.00470561,0.00462274,0.00466847,6266987.520374005,0
FUN.V,D,20231201,000000,0.00466679,0.00474504,0.00464893,0.00471689,6772512.550070001,0
FUN.V,D,20231202,000000,0.00471088,0.00477491,0.00467329,0.00473518,6159773.904040004,0
FUN.V,D,20231203,000000,0.00475109,0.00477115,0.00467668,0.00470565,6042119.58977,0
FUN.V,D,20231204,000000,0.00469464,0.0048404,0.00467115,0.00474624,8710287.926549999,0
FUN.V,D,20231205,000000,0.00474519,0.00482948,0.00471528,0.00478691,9603328.694619998,0
FUN.V,D,20231206,000000,0.00478653,0.00513346,0.00477067,0.00497055,56150877.741620004,0
FUN.V,D,20231207,000000,0.00497155,0.0051821,0.00484182,0.00494073,41914007.117840774,0
FUN.V,D,20231208,000000,0.00493568,0.00542454,0.00493333,0.00526674,57603193.93193995,0
FUN.V,D,20231209,000000,0.00526174,0.00531159,0.00515934,0.00517635,22061466.80899512,0
FUN.V,D,20231210,000000,0.00517024,0.00525347,0.00505796,0.0051,13731412.639390014,0
FUN.V,D,20231211,000000,0.00511136,0.00511631,0.00479383,0.00490255,17968034.21638999,0
FUN.V,D,20231212,000000,0.00490269,0.00497885,0.00478003,0.00481883,14895032.839869987,0
FUN.V,D,20231213,000000,0.00481888,0.01262992,0.00471998,0.00902508,6415397746.1449995,0
FUN.V,D,20231214,000000,0.00905308,0.011297,0.0076119,0.00863138,3978776951.7763724,0
FUN.V,D,20231215,000000,0.00864038,0.01135793,0.00829341,0.00862478,1976932289.801952,0
FUN.V,D,20231216,000000,0.00857986,0.0092761,0.00732426,0.00759207,485883520.58273953,0
FUN.V,D,20231217,000000,0.00759792,0.00790832,0.00694452,0.00700278,197691616.76718044,0
FUN.V,D,20231218,000000,0.00699679,0.00706589,0.00606708,0.00660708,209060519.97443023,0
FUN.V,D,20231219,000000,0.00660402,0.00710652,0.00634108,0.00639873,160567040.4140406,0
FUN.V,D,20231220,000000,0.00639873,0.00665973,0.00620489,0.00650326,95334409.9109871,0
FUN.V,D,20231221,000000,0.00648919,0.00896719,0.00643513,0.00803453,1860954298.5968442,0
FUN.V,D,20231222,000000,0.00800152,0.00841126,0.00686213,0.00721069,444389129.56730163,0
FUN.V,D,20231223,000000,0.00721069,0.00725915,0.00671089,0.00688444,158968588.25318387,0
FUN.V,D,20231224,000000,0.00690038,0.00700315,0.00662023,0.00663931,77314766.08156002,0
FUN.V,D,20231225,000000,0.00665526,0.00729815,0.00662411,0.00704134,85972939.20390007,0
FUN.V,D,20231226,000000,0.00701654,0.00709142,0.00670325,0.00685618,41863831.59939001,0
FUN.V,D,20231227,000000,0.00685738,0.0075209,0.00675686,0.00708346,132679279.90328993,0
FUN.V,D,20231228,000000,0.00711441,0.00721311,0.00670114,0.00678746,67234265.67124,0
FUN.V,D,20231229,000000,0.00678692,0.00709113,0.00669721,0.00677922,58287710.224440046,0
FUN.V,D,20231230,000000,0.00678142,0.00688803,0.00659721,0.00664687,33025425.40580098,0
FUN.V,D,20231231,000000,0.0066698,0.00682127,0.00638885,0.00647283,30894572.979499973,0
FUN.V,D,20240101,000000,0.00646032,0.00671528,0.00635362,0.00670827,30867871.150738098,0
FUN.V,D,20240102,000000,0.00672961,0.00674546,0.00653163,0.00662152,17833499.489900004,0
FUN.V,D,20240103,000000,0.0065845,0.00687606,0.00563798,0.00571511,80206648.0993879,0
FUN.V,D,20240104,000000,0.00571317,0.00593399,0.00564778,0.00583758,32425750.460960027,0
FUN.V,D,20240105,000000,0.00584566,0.00586392,0.00557129,0.00563534,19178221.53294643,0
FUN.V,D,20240106,000000,0.00565246,0.0059159,0.00545712,0.0056624,132461849.60822009,0
FUN.V,D,20240107,000000,0.0056634,0.00658529,0.00560925,0.00581272,570729197.7410303,0
FUN.V,D,20240108,000000,0.00581072,0.00602579,0.00536036,0.00565503,111351357.056309,0
FUN.V,D,20240109,000000,0.00566492,0.00571831,0.00535428,0.00544158,54184378.03825812,0
FUN.V,D,20240110,000000,0.00547202,0.00584947,0.00536875,0.00581457,39843418.32294524,0
FUN.V,D,20240111,000000,0.00581651,0.00596263,0.00568667,0.00582823,25973139.35857504,0
FUN.V,D,20240112,000000,0.00582458,0.00594758,0.0054857,0.0055495,13340593.93897206,0
FUN.V,D,20240113,000000,0.00555361,0.00577809,0.00550162,0.00571963,22705978.93618202,0
FUN.V,D,20240114,000000,0.00572163,0.00581155,0.00561698,0.00570026,29630731.986971717,0
FUN.V,D,20240115,000000,0.00570726,0.00588676,0.00564201,0.00571268,41016147.002395056,0
FUN.V,D,20240116,000000,0.00573266,0.00668777,0.00572122,0.00609302,225529764.047401,0
FUN.V,D,20240117,000000,0.00609302,0.00679472,0.00602593,0.00617582,308679044.8925577,0
FUN.V,D,20240118,000000,0.00617682,0.00710589,0.00596756,0.00611282,567673920.1369393,0
FUN.V,D,20240119,000000,0.00611788,0.00634463,0.00561493,0.00584621,188659986.60363224,0
FUN.V,D,20240120,000000,0.00584762,0.00601806,0.00579029,0.00593107,38195463.57433999,0
FUN.V,D,20240121,000000,0.00591914,0.00611072,0.00583967,0.00594131,47621128.73680001,0
FUN.V,D,20240122,000000,0.00594713,0.00601492,0.00561515,0.00568385,43096897.81354198,0
FUN.V,D,20240123,000000,0.00569179,0.00610057,0.00544704,0.005611,105312813.24902795,0
FUN.V,D,20240124,000000,0.005611,0.00571679,0.00552835,0.00558632,20566133.14687001,0
FUN.V,D,20240125,000000,0.00558709,0.00567279,0.00545907,0.00556694,31697030.912943978,0
FUN.V,D,20240126,000000,0.00556993,0.00572968,0.00554117,0.00569169,24432366.028689012,0
FUN.V,D,20240127,000000,0.0056958,0.00574825,0.00563187,0.00571594,9363735.751210008,0
FUN.V,D,20240128,000000,0.005713,0.00587512,0.00561021,0.0056401,10529061.514280003,0
FUN.V,D,20240129,000000,0.0056341,0.00575512,0.00559455,0.005731,16630105.927324235,0
FUN.V,D,20240130,000000,0.00573006,0.00573594,0.00563853,0.00567389,19449916.37975,0
FUN.V,D,20240131,000000,0.00566394,0.00568989,0.00547072,0.00550886,23286963.604907982,0
FUN.V,D,20240201,000000,0.00550092,0.0055951,0.00541752,0.0055304,7404370.67599401,0
FUN.V,D,20240202,000000,0.0055244,0.00572148,0.0055244,0.00568798,16446585.222939996,0
FUN.V,D,20240203,000000,0.00568698,0.00568698,0.00552912,0.00553512,8036741.986200006,0
FUN.V,D,20240204,000000,0.00553612,0.00558282,0.00546403,0.00547065,19846171.273279984,0
FUN.V,D,20240205,000000,0.0054767,0.0056695,0.00542753,0.00546084,19728215.82463001,0
FUN.V,D,20240206,000000,0.00543287,0.00556488,0.00541994,0.00554928,14080057.605179997,0
FUN.V,D,20240207,000000,0.00555322,0.00561093,0.00546913,0.00559088,28108857.659603983,0
FUN.V,D,20240208,000000,0.00559188,0.0056288,0.00548211,0.0054931,17958005.570134,0
FUN.V,D,20240209,000000,0.0054941,0.00565307,0.00548104,0.00560225,24539198.049039,0
FUN.V,D,20240210,000000,0.00562043,0.00566362,0.00552603,0.00559462,14510138.725092,0
FUN.V,D,20240211,000000,0.00559557,0.00564837,0.0055296,0.00556861,21958294.06267602,0
FUN.V,D,20240212,000000,0.00556461,0.00602252,0.00554144,0.0056875,155351951.6922498,0
FUN.V,D,20240213,000000,0.00567344,0.00573664,0.00550055,0.00552916,48635873.133569986,0
FUN.V,D,20240214,000000,0.00552521,0.0056532,0.00548047,0.00563423,37475870.14947009,0
FUN.V,D,20240215,000000,0.00563429,0.00584984,0.00556884,0.00571897,79472456.32292914,0
FUN.V,D,20240216,000000,0.00572998,0.00592137,0.0056088,0.00575237,135815538.35676998,0
FUN.V,D,20240217,000000,0.00574925,0.00633002,0.00569628,0.0059253,285674812.85638505,0
FUN.V,D,20240218,000000,0.0059283,0.00603791,0.00585634,0.00591965,64384250.82079004,0
FUN.V,D,20240219,000000,0.00592183,0.00599766,0.00586888,0.00596543,29468049.676113978,0
FUN.V,D,20240220,000000,0.00596337,0.00596437,0.0055515,0.00572514,43382384.459849976,0
FUN.V,D,20240221,000000,0.00572114,0.00576981,0.00549928,0.005609,26589706.67698998,0
FUN.V,D,20240222,000000,0.005616,0.0062733,0.00555306,0.00585713,241621738.09164008,0
FUN.V,D,20240223,000000,0.00583807,0.00584661,0.00556489,0.00560622,51056167.95016997,0
FUN.V,D,20240224,000000,0.00560721,0.00574922,0.00557722,0.005663,31770993.985147968,0
FUN.V,D,20240225,000000,0.005663,0.00573083,0.00560906,0.00566477,35258420.98159001,0
FUN.V,D,20240226,000000,0.00566689,0.0058348,0.00560956,0.00581872,76920776.36673,0
FUN.V,D,20240227,000000,0.00581478,0.00599071,0.00574442,0.00579732,47858155.12631003,0
FUN.V,D,20240228,000000,0.00579732,0.00599453,0.00562826,0.00576303,71822919.96586592,0
FUN.V,D,20240229,000000,0.00576603,0.00601148,0.0057104,0.00574439,60503948.66920302,0
FUN.V,D,20240301,000000,0.00573975,0.0059416,0.00573975,0.00592256,43113880.32893002,0
FUN.V,D,20240302,000000,0.00591449,0.00626501,0.00590448,0.00615302,151037213.3277103,0
FUN.V,D,20240303,000000,0.00616303,0.00633548,0.00590784,0.00609374,126550048.06744002,0
FUN.V,D,20240304,000000,0.00607873,0.00615447,0.00578095,0.00590148,143304859.882431,0
FUN.V,D,20240305,000000,0.00590649,0.00600018,0.00519634,0.0053647,118398115.10648726,0
FUN.V,D,20240306,000000,0.00535269,0.00561903,0.0052769,0.00555505,83717808.21400554,0
FUN.V,D,20240307,000000,0.00554477,0.00575087,0.00550119,0.00568924,83928748.77461399,0
FUN.V,D,20240308,000000,0.00568523,0.00589292,0.00551024,0.00583211,52033864.323785864,0
FUN.V,D,20240309,000000,0.00584621,0.00682418,0.00581623,0.00637441,309493833.13968515,0
FUN.V,D,20240310,000000,0.00639438,0.0078693,0.00627866,0.00651735,890426861.4490076,0
FUN.V,D,20240311,000000,0.00651017,0.00694633,0.00634968,0.00659932,196133054.38158485,0
FUN.V,D,20240312,000000,0.00661946,0.00699861,0.00641509,0.00681455,137090842.65436906,0
FUN.V,D,20240313,000000,0.00680448,0.00723816,0.00673057,0.0071703,94283020.34263729,0
FUN.V,D,20240314,000000,0.00717058,0.00719002,0.00644323,0.00674957,44378852.90644301,0
FUN.V,D,20240315,000000,0.00673964,0.0068162,0.00609381,0.00650765,58575041.66160009,0
FUN.V,D,20240316,000000,0.00650359,0.00668273,0.00590775,0.00593932,57410199.80232006,0
FUN.V,D,20240317,000000,0.00592668,0.00622814,0.00568953,0.00618972,41357521.57830999,0
FUN.V,D,20240318,000000,0.00617866,0.00639622,0.00577821,0.00592664,60387699.25027503,0
FUN.V,D,20240319,000000,0.00592964,0.00598916,0.005565,0.00562372,34336169.09267998,0
FUN.V,D,20240320,000000,0.00562804,0.00606946,0.00550681,0.0059976,49458283.293420024,0
FUN.V,D,20240321,000000,0.00610808,0.006227,0.00596861,0.0060876,29080776.18207097,0
FUN.V,D,20240322,000000,0.0060906,0.00638032,0.00598216,0.00620136,75849028.43349,0
FUN.V,D,20240323,000000,0.0062143,0.00653987,0.00617436,0.006381,97802832.37240984,0
FUN.V,D,20240324,000000,0.006374,0.006432,0.00615535,0.00643055,72895224.26059006,0
FUN.V,D,20240325,000000,0.00643461,0.00673697,0.00629527,0.006647,135677468.3492529,0
FUN.V,D,20240326,000000,0.006663,0.00687303,0.00648223,0.00655307,90934927.00958008,0
FUN.V,D,20240327,000000,0.00656913,0.006648,0.00634073,0.00647167,78620796.04400311,0
FUN.V,D,20240328,000000,0.00646861,0.0071794,0.0064097,0.00690945,257053236.7786758,0
FUN.V,D,20240329,000000,0.00690045,0.00757071,0.00678068,0.0075036,552244253.6119906,0
FUN.V,D,20240330,000000,0.00752754,0.0077037,0.0066668,0.00672362,276187029.08630157,0
FUN.V,D,20240331,000000,0.00672262,0.00694582,0.00665466,0.00682475,62695015.740960024,0
FUN.V,D,20240401,000000,0.00682282,0.00696132,0.00642668,0.0065925,90001170.02006108,0
FUN.V,D,20240402,000000,0.00659551,0.00667787,0.0060527,0.0062455,45582984.06491208,0
FUN.V,D,20240403,000000,0.0062445,0.00654062,0.00610377,0.00642193,62932534.91556602,0
FUN.V,D,20240404,000000,0.00643186,0.00712493,0.00638604,0.00658658,254895717.4528796,0
FUN.V,D,20240405,000000,0.00658558,0.00704982,0.0062605,0.00669327,152748194.17499995,0
FUN.V,D,20240406,000000,0.00669421,0.00842644,0.00669421,0.00701468,1701465251.63609,0
FUN.V,D,20240407,000000,0.00702876,0.00727183,0.00676461,0.00680961,294062340.68668,0
FUN.V,D,20240408,000000,0.00681455,0.00735948,0.0066818,0.00733956,163122350.69556987,0
FUN.V,D,20240409,000000,0.00730956,0.00760954,0.00707412,0.00740559,227487264.89850783,0
FUN.V,D,20240410,000000,0.00739774,0.0075044,0.00679728,0.00735178,178507541.79412007,0
FUN.V,D,20240411,000000,0.00735278,0.00764708,0.00694547,0.00706557,82408352.34090014,0
FUN.V,D,20240412,000000,0.00705256,0.00729251,0.00592924,0.0060021,86316234.68720992,0
FUN.V,D,20240413,000000,0.0059978,0.00609473,0.00487468,0.00505109,51873754.03741194,0
FUN.V,D,20240414,000000,0.0050641,0.00554777,0.00501806,0.00535361,47011833.41503,0
FUN.V,D,20240415,000000,0.00535961,0.0057023,0.00523862,0.00530685,39040246.22421092,0
FUN.V,D,20240416,000000,0.0053239,0.00544109,0.00509429,0.00543509,20941277.123590026,0
FUN.V,D,20240417,000000,0.00544109,0.0055515,0.00515505,0.00534441,54762144.75521004,0
FUN.V,D,20240418,000000,0.00533136,0.00557762,0.00525305,0.00552366,37709372.102341995,0
FUN.V,D,20240419,000000,0.00553166,0.00589695,0.00525711,0.00583281,45760309.62385005,0
FUN.V,D,20240420,000000,0.00582192,0.00605512,0.0056741,0.00593478,62865355.570562884,0
FUN.V,D,20240421,000000,0.00593378,0.00593678,0.00565924,0.00572497,61372562.03206305,0
FUN.V,D,20240422,000000,0.00572497,0.00585176,0.00568864,0.00583469,26646719.624380022,0
FUN.V,D,20240423,000000,0.00582969,0.00590954,0.00569962,0.00584682,30324663.562749997,0
FUN.V,D,20240424,000000,0.00586188,0.00606924,0.00564099,0.00568776,51905036.64578097,0
FUN.V,D,20240425,000000,0.00571274,0.00571973,0.00545667,0.00569569,31098947.801913008,0
FUN.V,D,20240426,000000,0.00570269,0.00572368,0.00528341,0.00535714,51432963.69148721,0
FUN.V,D,20240427,000000,0.00535246,0.00552334,0.005201,0.00535518,39620335.90510001,0
FUN.V,D,20240428,000000,0.00536417,0.00548915,0.00531921,0.00539476,23728500.433650002,0
FUN.V,D,20240429,000000,0.00539576,0.0054959,0.00522548,0.00530941,65956143.444359995,0
FUN.V,D,20240430,000000,0.0053164,0.00543426,0.00493778,0.00506541,40307618.54355,0
FUN.V,D,20240501,000000,0.00505142,0.00516738,0.00487414,0.00504642,40173889.675000995,0
FUN.V,D,20240502,000000,0.00504742,0.00527047,0.00497147,0.00524626,19402117.705160003,0
FUN.V,D,20240503,000000,0.00524921,0.00551443,0.00523595,0.00543028,61413386.19213097,0
FUN.V,D,20240504,000000,0.00544128,0.00563556,0.00541219,0.0055755,51060105.96326997,0
FUN.V,D,20240505,000000,0.0055855,0.00560856,0.0054087,0.00555867,49641575.18882988,0
FUN.V,D,20240506,000000,0.00556367,0.00574483,0.005393,0.00544711,83691169.23573998,0
FUN.V,D,20240507,000000,0.00543805,0.00552806,0.00534684,0.00535884,35493660.38704,0
FUN.V,D,20240508,000000,0.00535484,0.00537478,0.00516443,0.00527836,37047172.67714999,0
FUN.V,D,20240509,000000,0.00528336,0.00532418,0.00497961,0.00514418,56450239.324530005,0
FUN.V,D,20240510,000000,0.00514718,0.00530442,0.00500055,0.00506348,31557536.645569924,0
FUN.V,D,20240511,000000,0.00506348,0.00519339,0.00504089,0.00504589,24075388.36016,0
FUN.V,D,20240512,000000,0.00504489,0.00519318,0.005005,0.0051228,25278382.743510034,0
FUN.V,D,20240513,000000,0.00512779,0.00519212,0.00497661,0.00512544,38912471.774883986,0
FUN.V,D,20240514,000000,0.00512044,0.00513244,0.00481906,0.00496921,35237327.17256,0
FUN.V,D,20240515,000000,0.00496821,0.0052927,0.00489765,0.00522808,46448596.43921998,0
FUN.V,D,20240516,000000,0.00522013,0.00537808,0.00507847,0.00515546,49334157.004390016,0
FUN.V,D,20240517,000000,0.00515746,0.00542784,0.00511846,0.00541384,54264816.36342999,0
FUN.V,D,20240518,000000,0.00540689,0.00554855,0.00520094,0.00522389,69980186.47334297,0
FUN.V,D,20240519,000000,0.00521989,0.00523589,0.00499065,0.00499765,44791794.33193996,0
FUN.V,D,20240520,000000,0.00499265,0.00517015,0.00488895,0.00516496,69531810.73798999,0
FUN.V,D,20240521,000000,0.00515696,0.00525232,0.00507832,0.00510088,72806774.08124998,0
FUN.V,D,20240522,000000,0.00510862,0.00514218,0.00504029,0.00512685,32817359.219129935,0
FUN.V,D,20240523,000000,0.00511785,0.0051732,0.00485455,0.00502963,36168177.90691997,0
FUN.V,D,20240524,000000,0.00503882,0.00504878,0.00485676,0.0049964,17333798.570759997,0
FUN.V,D,20240525,000000,0.0049944,0.00507558,0.00496711,0.00503799,13857668.490399992,0
FUN.V,D,20240526,000000,0.00505299,0.00510353,0.00502798,0.00505159,13389045.509769993,0
FUN.V,D,20240527,000000,0.00505103,0.00517162,0.00502998,0.00514275,23557400.62068999,0
FUN.V,D,20240528,000000,0.00514375,0.00533946,0.0050643,0.00518615,46871672.28543995,0
FUN.V,D,20240529,000000,0.00518515,0.00520836,0.00500484,0.00502447,25310595.235183008,0
FUN.V,D,20240530,000000,0.00502641,0.00514607,0.00489311,0.00507722,23641723.266229972,0
FUN.V,D,20240531,000000,0.00508417,0.00529488,0.00501399,0.00505498,42935405.71628001,0
FUN.V,D,20240601,000000,0.00505203,0.00506392,0.0049491,0.00502153,33236439.698489983,0
FUN.V,D,20240602,000000,0.00502353,0.0050618,0.00495697,0.00505632,11836801.625800004,0
FUN.V,D,20240603,000000,0.00505227,0.00528051,0.00503503,0.00513813,25984904.022644013,0
FUN.V,D,20240604,000000,0.00513518,0.00531795,0.00512913,0.005308,20787030.312060006,0
FUN.V,D,20240605,000000,0.005297,0.00545945,0.00525142,0.00538254,44756512.09603002,0
FUN.V,D,20240606,000000,0.00538048,0.00555806,0.00533048,0.00545425,40389677.07537082,0
FUN.V,D,20240607,000000,0.0054502,0.00561369,0.00501693,0.00507507,58104541.34218991,0
FUN.V,D,20240608,000000,0.00506807,0.00508901,0.00489941,0.00491546,31668024.198222995,0
FUN.V,D,20240609,000000,0.00491241,0.00508564,0.00485251,0.00503924,30114590.900060005,0
FUN.V,D,20240610,000000,0.0050445,0.00508429,0.00489697,0.00490967,35276449.49561003,0
FUN.V,D,20240611,000000,0.00492462,0.00493378,0.0046086,0.00473401,33619152.75618995,0
FUN.V,D,20240612,000000,0.00472901,0.0050204,0.00461854,0.00490838,36279391.08542002,0
FUN.V,D,20240613,000000,0.00490033,0.00494366,0.00465728,0.00477309,32131692.35078003,0
FUN.V,D,20240614,000000,0.00476209,0.00489818,0.00448443,0.00459478,66481717.13179457,0
FUN.V,D,20240615,000000,0.00459478,0.00480217,0.00455027,0.00471831,34044115.65451323,0
FUN.V,D,20240616,000000,0.00471931,0.00479369,0.00464212,0.00476219,41541508.21795994,0
FUN.V,D,20240617,000000,0.00477118,0.00480673,0.00417545,0.00429502,57457971.63434001,0
FUN.V,D,20240618,000000,0.00429702,0.00431302,0.00385065,0.0040058,45045606.79553993,0
FUN.V,D,20240619,000000,0.0040068,0.00415,0.00381724,0.00387345,49641066.22146908,0
FUN.V,D,20240620,000000,0.00387445,0.00410732,0.0038325,0.00396518,28328824.020720005,0
FUN.V,D,20240621,000000,0.00396314,0.00407066,0.00389837,0.00396154,44004277.86214803,0
FUN.V,D,20240622,000000,0.00396654,0.00398065,0.00387245,0.00394742,22204511.180439964,0
FUN.V,D,20240623,000000,0.00394642,0.00411719,0.00363329,0.00367043,51630513.42235995,0
FUN.V,D,20240624,000000,0.00366947,0.00375825,0.00349776,0.00375726,39236313.54435007,0
FUN.V,D,20240625,000000,0.00376025,0.00392545,0.00376022,0.00391729,37695957.31028012,0
FUN.V,D,20240626,000000,0.00391526,0.00393178,0.0036799,0.00375203,38651831.63035008,0
FUN.V,D,20240627,000000,0.00375311,0.00396225,0.00364568,0.0039404,31658766.941411026,0
FUN.V,D,20240628,000000,0.00394071,0.00413874,0.00376649,0.00376649,108933962.18334009,0
FUN.V,D,20240629,000000,0.00376549,0.00379197,0.00359384,0.00359384,31813437.01431005,0
FUN.V,D,20240630,000000,0.00359588,0.00378198,0.0034851,0.00375613,33580797.41897001,0
FUN.V,D,20240701,000000,0.00375314,0.00391843,0.00374486,0.00386171,36027448.86076,0
FUN.V,D,20240702,000000,0.00385372,0.00385983,0.00372012,0.00376696,22710944.343356002,0
FUN.V,D,20240703,000000,0.00375997,0.00379522,0.00357399,0.003597,12465011.791940005,0
FUN.V,D,20240704,000000,0.00359697,0.003603,0.00334569,0.00336511,16003467.384999968,0
FUN.V,D,20240705,000000,0.00336608,0.00336908,0.00280824,0.00311325,33979702.441670045,0
FUN.V,D,20240706,000000,0.00311125,0.0034291,0.00310728,0.0034181,15727241.27686,0
FUN.V,D,20240707,000000,0.0034231,0.00343627,0.00326418,0.00328964,17339328.68269999,0
FUN.V,D,20240708,000000,0.00329167,0.00346958,0.00316765,0.00340669,50000396.041820005,0
FUN.V,D,20240709,000000,0.00339869,0.00348593,0.0033564,0.00347097,29091041.46476996,0
FUN.V,D,20240710,000000,0.00347593,0.00354467,0.00342779,0.00345872,25760549.560870003,0
FUN.V,D,20240711,000000,0.00346072,0.00357986,0.00345876,0.00350789,26248552.27801001,0
FUN.V,D,20240712,000000,0.00349993,0.00352381,0.0033513,0.0035067,41193942.89852003,0
FUN.V,D,20240713,000000,0.00351167,0.00356243,0.00348749,0.00352563,17920071.874349996,0
FUN.V,D,20240714,000000,0.00352206,0.00365031,0.0035076,0.00364631,23584067.824588988,0
FUN.V,D,20240715,000000,0.00364935,0.00390157,0.00364931,0.00389295,21733367.59354201,0
FUN.V,D,20240716,000000,0.00388294,0.00393828,0.00372386,0.00386897,22898315.686650023,0
FUN.V,D,20240717,000000,0.00387497,0.00396444,0.00383303,0.00391531,12821558.332721991,0
FUN.V,D,20240718,000000,0.00391335,0.00397792,0.00375066,0.00378424,13061110.032620005,0
FUN.V,D,20240719,000000,0.00378424,0.00399788,0.00377325,0.00398767,16930397.118669983,0
FUN.V,D,20240720,000000,0.00398071,0.00400792,0.00390048,0.0039577,12211781.836903004,0
FUN.V,D,20240721,000000,0.00395366,0.0039768,0.00380502,0.00396379,19572363.80785631,0
FUN.V,D,20240722,000000,0.00395983,0.003992,0.00377313,0.00377313,35132954.12217995,0
FUN.V,D,20240723,000000,0.00377813,0.00378938,0.00350142,0.00355343,44356881.47775,0
FUN.V,D,20240724,000000,0.00354943,0.00363773,0.00345565,0.00348337,24851742.47012999,0
FUN.V,D,20240725,000000,0.00348137,0.00348437,0.00333893,0.003459,18537839.867050003,0
FUN.V,D,20240726,000000,0.00345907,0.003599,0.0034521,0.003584,17207380.295990005,0
FUN.V,D,20240727,000000,0.003589,0.003612,0.00351939,0.00359089,11453418.69842,0
FUN.V,D,20240728,000000,0.00358536,0.00367356,0.00352396,0.00361367,38682891.06225,0
FUN.V,D,20240729,000000,0.00361364,0.00371459,0.00356072,0.00357761,29017874.549099986,0
FUN.V,D,20240730,000000,0.00358261,0.00367112,0.00351395,0.00352994,32032202.93899999,0
FUN.V,D,20240731,000000,0.00353171,0.003582,0.00342039,0.00344976,14769131.289350003,0
FUN.V,D,20240801,000000,0.00345276,0.00346744,0.00325004,0.00337423,22283523.18673998,0
FUN.V,D,20240802,000000,0.00337423,0.00340583,0.00319149,0.00322029,22819982.8614,0
FUN.V,D,20240803,000000,0.00322329,0.00325846,0.00306925,0.00310504,19571809.761699993,0
FUN.V,D,20240804,000000,0.00310501,0.00316226,0.00297744,0.00304112,16669542.91293,0
FUN.V,D,20240805,000000,0.00304109,0.00306287,0.00271076,0.00287952,70637693.70529002,0
FUN.V,D,20240806,000000,0.00287452,0.00298437,0.0028568,0.00295215,16089374.525621992,0
FUN.V,D,20240807,000000,0.00295212,0.0030122,0.00288,0.00292126,10633101.783359997,0
FUN.V,D,20240808,000000,0.00292829,0.0031189,0.00288678,0.0031189,18406182.817489985,0
FUN.V,D,20240809,000000,0.0031169,0.00316466,0.00310359,0.00314097,12361695.93135,0
FUN.V,D,20240810,000000,0.00314497,0.00320961,0.0031149,0.00320961,12629422.891879996,0
FUN.V,D,20240811,000000,0.00320961,0.00323694,0.00312534,0.00312931,21781316.06799999,0
FUN.V,D,20240812,000000,0.00313831,0.00325959,0.00310425,0.00318435,19248810.993670005,0
FUN.V,D,20240813,000000,0.00318135,0.00328033,0.0031686,0.00327739,14756056.552690001,0
FUN.V,D,20240814,000000,0.00327836,0.00329191,0.00318826,0.00319329,13786061.779860005,0
FUN.V,D,20240815,000000,0.00319226,0.00321845,0.00301554,0.00301654,30753316.733179983,0
FUN.V,D,20240816,000000,0.00301957,0.00304258,0.00290158,0.00294983,22194395.527992006,0
FUN.V,D,20240817,000000,0.00294082,0.00304024,0.00290173,0.00302624,15872966.426110016,0
FUN.V,D,20240818,000000,0.00302727,0.0031436,0.00298127,0.00310862,28408596.312729973,0
FUN.V,D,20240819,000000,0.00311062,0.00328172,0.00305124,0.00325668,35146734.39462,0
FUN.V,D,20240820,000000,0.00326972,0.00336067,0.00323223,0.00325803,49630525.84291997,0
FUN.V,D,20240821,000000,0.00326803,0.0034628,0.00326603,0.00341927,26789396.91656002,0
FUN.V,D,20240822,000000,0.00342327,0.00346942,0.00336581,0.00344003,23606301.810509983,0
FUN.V,D,20240823,000000,0.00344417,0.00364291,0.00342924,0.00364288,30407996.339749992,0
FUN.V,D,20240824,000000,0.00363987,0.00372412,0.00357561,0.00360226,31835651.81620002,0
FUN.V,D,20240825,000000,0.00360726,0.00367006,0.00348336,0.00351323,56472944.550009996,0
FUN.V,D,20240826,000000,0.00351123,0.00365137,0.00345766,0.00346666,61350917.19562709,0
FUN.V,D,20240827,000000,0.00347262,0.00348163,0.00319,0.00319,61834402.476349995,0
FUN.V,D,20240828,000000,0.003192,0.00326671,0.0031336,0.00317425,26537518.95289001,0
FUN.V,D,20240829,000000,0.00317129,0.00328569,0.00314031,0.00319897,32251539.300699998,0
FUN.V,D,20240830,000000,0.00319794,0.00323806,0.00313134,0.00320858,16701828.397160007,0
FUN.V,D,20240831,000000,0.00320658,0.00321836,0.00312188,0.0031414,18343210.232189983,0
FUN.V,D,20240901,000000,0.00314231,0.00318443,0.00311235,0.00314543,36253427.82657,0
FUN.V,D,20240902,000000,0.00314647,0.00324045,0.00307663,0.00323648,22216283.000060007,0
FUN.V,D,20240903,000000,0.00323248,0.00327864,0.00313896,0.00319307,30563310.73139999,0
FUN.V,D,20240904,000000,0.00318936,0.00324094,0.00308123,0.00321965,34153004.52317003,0
FUN.V,D,20240905,000000,0.00321465,0.00323468,0.00311844,0.00313987,22831043.00986,0
FUN.V,D,20240906,000000,0.00314587,0.00321542,0.00304005,0.00308243,34864493.63255996,0
FUN.V,D,20240907,000000,0.0030804,0.00316865,0.00306499,0.00309269,17139878.88231001,0
FUN.V,D,20240908,000000,0.00309569,0.00319949,0.00307866,0.00318471,15285706.161749998,0
FUN.V,D,20240909,000000,0.00318928,0.00334533,0.00317773,0.0033366,24600012.52250999,0
FUN.V,D,20240910,000000,0.00334567,0.00340666,0.00328077,0.00339273,22543778.47118998,0
FUN.V,D,20240911,000000,0.00338376,0.00340683,0.00327948,0.0033603,19058352.892780017,0
FUN.V,D,20240912,000000,0.0033473,0.00341176,0.0033454,0.00340073,16096100.973190004,0
FUN.V,D,20240913,000000,0.00339636,0.00347749,0.00337786,0.00347439,15371625.84087999,0
FUN.V,D,20240914,000000,0.00347239,0.00348339,0.00338802,0.00342362,15846279.017259983,0
FUN.V,D,20240915,000000,0.00342262,0.00344665,0.0033473,0.00335303,9977625.360030016,0
FUN.V,D,20240916,000000,0.00335834,0.00335834,0.00319155,0.00320936,21379935.89435998,0
FUN.V,D,20240917,000000,0.00321068,0.00326203,0.00318684,0.00322129,13481657.532780034,0
FUN.V,D,20240918,000000,0.00322032,0.0032841,0.00316103,0.00328013,12827545.577929977,0
FUN.V,D,20240919,000000,0.00328364,0.00343393,0.00324042,0.00341334,28302705.35647001,0
FUN.V,D,20240920,000000,0.00341338,0.00353728,0.00339144,0.00352132,24846989.974300012,0
FUN.V,D,20240921,000000,0.00351832,0.00358329,0.003466,0.00352335,14232291.466760006,0
FUN.V,D,20240922,000000,0.00352335,0.00357732,0.00344397,0.003446,11382387.241779989,0
FUN.V,D,20240923,000000,0.00344166,0.00356164,0.00342717,0.00349483,22442293.80514,0
FUN.V,D,20240924,000000,0.00349483,0.00359578,0.00345434,0.00358082,11647659.443219995,0
FUN.V,D,20240925,000000,0.00358489,0.00364253,0.00355036,0.00359239,15049891.100480009,0
FUN.V,D,20240926,000000,0.00358443,0.00362018,0.00350209,0.00358732,18212723.47398,0
FUN.V,D,20240927,000000,0.00358736,0.00368644,0.00358136,0.00363665,14264147.851010006,0
FUN.V,D,20240928,000000,0.00363465,0.00368944,0.00350135,0.00350939,16105124.301319985,0
FUN.V,D,20240929,000000,0.0035103,0.00363654,0.00347996,0.00361355,15456738.175799968,0
FUN.V,D,20240930,000000,0.00361455,0.00363518,0.00345186,0.00348089,17086890.189279996,0
FUN.V,D,20241001,000000,0.00348388,0.0035499,0.00327415,0.00330914,20943052.54211001,0
FUN.V,D,20241002,000000,0.00330714,0.0033473,0.00312534,0.00318114,67536472.35867006,0
FUN.V,D,20241003,000000,0.00317014,0.00319146,0.00308617,0.00314365,20098349.280610006,0
FUN.V,D,20241004,000000,0.00313862,0.00321645,0.00312247,0.00319194,9446286.123100018,0
FUN.V,D,20241005,000000,0.0031919,0.00321574,0.0031475,0.00320049,8114680.452889996,0
FUN.V,D,20241006,000000,0.003191,0.00332747,0.003191,0.00326944,28155357.786589995,0
FUN.V,D,20241007,000000,0.00327348,0.00340901,0.00327048,0.00336699,14889317.239300003,0
FUN.V,D,20241008,000000,0.00336599,0.00347089,0.00333097,0.00342353,42820724.765490055,0
FUN.V,D,20241009,000000,0.00342397,0.00344686,0.00331005,0.00336604,19054033.722440034,0
FUN.V,D,20241010,000000,0.00336604,0.00336929,0.00326837,0.00335038,31410991.540439997,0
FUN.V,D,20241011,000000,0.00334938,0.00350523,0.00333053,0.00348855,20551469.785760008,0
FUN.V,D,20241012,000000,0.00349855,0.00357268,0.00349651,0.00355093,21323052.70536998,0
FUN.V,D,20241013,000000,0.00354993,0.00356054,0.00344828,0.00355854,32861904.97030001,0
FUN.V,D,20241014,000000,0.00355854,0.00366983,0.00351452,0.00361142,21986312.853460014,0
FUN.V,D,20241015,000000,0.00361442,0.00368471,0.00352705,0.00356511,23369234.049440008,0
FUN.V,D,20241016,000000,0.00356211,0.00360521,0.0034379,0.00347131,15325493.539542997,0
FUN.V,D,20241017,000000,0.00347534,0.00350805,0.00334793,0.00336382,10952520.827669978,0
FUN.V,D,20241018,000000,0.00335901,0.00342266,0.00334456,0.00340159,11593306.509910004,0
FUN.V,D,20241019,000000,0.00340256,0.00345427,0.00335073,0.00337919,11299354.334060004,0
FUN.V,D,20241020,000000,0.00336833,0.00348292,0.00333866,0.00346386,22646598.651030008,0
FUN.V,D,20241021,000000,0.00346604,0.00352852,0.00335459,0.00341357,28775042.03251001,0
FUN.V,D,20241022,000000,0.00341157,0.00341843,0.00331961,0.0033276,17868665.984759983,0
FUN.V,D,20241023,000000,0.0033266,0.00335458,0.00318959,0.00324256,18277522.01967,0
FUN.V,D,20241024,000000,0.00324153,0.00327207,0.00313343,0.003165,26303533.448519994,0
FUN.V,D,20241025,000000,0.0031641,0.003229,0.00306036,0.00309445,66339425.24266888,0
FUN.V,D,20241026,000000,0.00308943,0.00309046,0.00295198,0.00301005,32868187.593320016,0
FUN.V,D,20241027,000000,0.00300206,0.00317893,0.00295398,0.00299386,159670731.04051998,0
FUN.V,D,20241028,000000,0.0029939,0.00306092,0.00292261,0.00305286,59733454.28889004,0
FUN.V,D,20241029,000000,0.00305286,0.00316049,0.00304287,0.00314193,37583070.089340016,0
FUN.V,D,20241030,000000,0.00314502,0.00319327,0.00312316,0.00316899,52563458.364280045,0
FUN.V,D,20241031,000000,0.00316899,0.00317889,0.00303166,0.003049,57770751.67590002,0
FUN.V,D,20241101,000000,0.00305,0.00309789,0.00300716,0.00301892,61220656.07006004,0
FUN.V,D,20241102,000000,0.00302391,0.00305659,0.00297314,0.00299216,40793679.39025003,0
FUN.V,D,20241103,000000,0.00298416,0.00299504,0.00283298,0.00287788,38116568.33232998,0
FUN.V,D,20241104,000000,0.00287185,0.002926569,0.00283995,0.00287775,61326926.04335995,0
FUN.V,D,20241105,000000,0.00288175,0.00297102,0.00285928,0.00296664,73038538.04584001,0
FUN.V,D,20241106,000000,0.00296664,0.00321593,0.00295173,0.00321293,82917221.71874982,0
FUN.V,D,20241107,000000,0.00321593,0.0032666,0.00313153,0.0032016,63617744.20698003,0
FUN.V,D,20241108,000000,0.0032036,0.00324754,0.00315005,0.0032391,59370175.82315999,0
FUN.V,D,20241109,000000,0.00324211,0.003343,0.00321602,0.003342,74062918.52485006,0
FUN.V,D,20241110,000000,0.00334497,0.00348545,0.00328418,0.0033909,82141521.14599004,0
FUN.V,D,20241111,000000,0.00338686,0.00349479,0.00326855,0.00345897,139533778.2448802,0
FUN.V,D,20241112,000000,0.00346501,0.00350831,0.0032239,0.00336919,46276815.71449998,0
FUN.V,D,20241113,000000,0.00336118,0.00336519,0.0030725,0.00315747,40033566.66494103,0
FUN.V,D,20241114,000000,0.00315447,0.0032015,0.00306261,0.00313838,23972376.786853116,0
FUN.V,D,20241115,000000,0.00314335,0.00321239,0.00304179,0.00317595,38690814.857080035,0
FUN.V,D,20241116,000000,0.00317595,0.00333417,0.00316389,0.00328615,22704734.998299986,0
FUN.V,D,20241117,000000,0.00328915,0.00351051,0.00320903,0.0032451,120686011.50128,0
FUN.V,D,20241118,000000,0.00323813,0.00348795,0.0032261,0.00346311,72609395.63511,0
FUN.V,D,20241119,000000,0.00346311,0.00426141,0.00336992,0.00348038,745387023.8645669,0
FUN.V,D,20241120,000000,0.00348943,0.00355275,0.00321563,0.00328426,81316796.57678995,0
FUN.V,D,20241121,000000,0.00328426,0.00390443,0.00319988,0.00341037,460882889.4400198,0
FUN.V,D,20241122,000000,0.00342049,0.00359713,0.00339453,0.00348559,94089912.44219303,0
FUN.V,D,20241123,000000,0.00347962,0.00372258,0.00347958,0.00363292,68517310.70584998,0
FUN.V,D,20241124,000000,0.00361787,0.0037845,0.00354783,0.00373773,61461846.57330993,0
FUN.V,D,20241125,000000,0.00372872,0.00380997,0.00363447,0.00369522,50625457.31532003,0
FUN.V,D,20241126,000000,0.00369222,0.0037868,0.00351806,0.00363066,38543615.114559986,0
FUN.V,D,20241127,000000,0.00362762,0.00382858,0.00362062,0.00381781,33922314.082710035,0
FUN.V,D,20241128,000000,0.00381481,0.00382597,0.0037103,0.00379915,17729846.27488999,0
FUN.V,D,20241129,000000,0.00380315,0.00397364,0.00377241,0.00381879,58379498.97125999,0
FUN.V,D,20241130,000000,0.00381178,0.00409059,0.00377743,0.00402661,45783063.31548601,0
FUN.V,D,20241201,000000,0.00403461,0.00418918,0.00394997,0.00417713,68705948.20762996,0
FUN.V,D,20241202,000000,0.00418513,0.004488,0.00397003,0.00435157,189070774.683913,0
FUN.V,D,20241203,000000,0.00435652,0.00749607,0.00435352,0.00624518,3218690804.8171754,0
FUN.V,D,20241204,000000,0.00624105,0.00673089,0.0056752,0.0057838,695677196.3823601,0
FUN.V,D,20241205,000000,0.00579481,0.00580483,0.00520816,0.00537501,170174802.87699,0
FUN.V,D,20241206,000000,0.00537051,0.00573982,0.00530151,0.00554492,135924680.45117992,0
FUN.V,D,20241207,000000,0.00553407,0.00561935,0.00535955,0.00550585,56304109.83766989,0
FUN.V,D,20241208,000000,0.00549484,0.00647169,0.00548733,0.00564939,521054109.95596904,0
FUN.V,D,20241209,000000,0.00564016,0.00566011,0.00470734,0.00485346,109087860.78860983,0
FUN.V,D,20241210,000000,0.00484345,0.00498735,0.00446549,0.0047013,121269290.11181101,0
FUN.V,D,20241211,000000,0.00470035,0.00502351,0.00459862,0.0049995,55863106.04450001,0
FUN.V,D,20241212,000000,0.00499249,0.00537407,0.00493821,0.00517214,53749040.91633704,0
FUN.V,D,20241213,000000,0.00517778,0.00579094,0.00508132,0.00523794,180210438.42506036,0
FUN.V,D,20241214,000000,0.00522699,0.00531079,0.00497665,0.0050475,35769313.571219936,0
FUN.V,D,20241215,000000,0.00504955,0.00526179,0.00490353,0.00507578,49122162.88654297,0
FUN.V,D,20241216,000000,0.00507493,0.00533044,0.00496296,0.00527448,36691586.46237003,0
FUN.V,D,20241217,000000,0.00525447,0.00568749,0.0048911,0.00494041,209659511.67584002,0
FUN.V,D,20241218,000000,0.00494051,0.00537176,0.00467051,0.00469312,212930037.40644985,0
FUN.V,D,20241219,000000,0.0046885,0.00477485,0.00429241,0.00441094,57274464.88094005,0
FUN.V,D,20241220,000000,0.00440503,0.00447075,0.00412111,0.00444402,33381401.83827002,0
FUN.V,D,20241221,000000,0.00445519,0.00678528,0.00440006,0.00544673,1136994666.71124,0
FUN.V,D,20241222,000000,0.00544784,0.00604271,0.00495753,0.00513388,791285250.6150434,0
FUN.V,D,20241223,000000,0.00512889,0.00549213,0.0048296,0.00518315,201691045.25683513,0
FUN.V,D,20241224,000000,0.00520002,0.00526031,0.00500339,0.00507409,92492103.77486621,0
FUN.V,D,20241225,000000,0.00504967,0.00529444,0.00504967,0.00523434,45303470.28985195,0
FUN.V,D,20241226,000000,0.00526631,0.00558347,0.00471699,0.0048578,188797685.19886008,0
FUN.V,D,20241227,000000,0.00482764,0.00509726,0.00473607,0.00496674,56938497.40997072,0
FUN.V,D,20241228,000000,0.00495575,0.00526262,0.00494014,0.00499255,85800832.38226396,0
FUN.V,D,20241229,000000,0.00498361,0.00518696,0.00476968,0.00479838,130013490.83071996,0
FUN.V,D,20241230,000000,0.00477472,0.00491078,0.00463724,0.00469349,24718929.268089995,0
FUN.V,D,20241231,000000,0.00468945,0.00481734,0.00464186,0.00471616,12447309.159003014,0
FUN.V,D,20250101,000000,0.00470723,0.00486247,0.00465054,0.00480693,25114149.398713984,0
FUN.V,D,20250102,000000,0.0048,0.00493556,0.00477462,0.00487802,17344553.69123001,0
FUN.V,D,20250103,000000,0.00486603,0.0049921,0.00482208,0.00498515,31866638.20759995,0
FUN.V,D,20250104,000000,0.00497571,0.00507382,0.00489802,0.00490812,21911138.777569976,0
FUN.V,D,20250105,000000,0.00490407,0.00490902,0.00478771,0.00485774,38123203.005459994,0
FUN.V,D,20250106,000000,0.00486478,0.00495402,0.00477924,0.00486236,26372609.313185982,0
FUN.V,D,20250107,000000,0.00486141,0.0048658,0.00455368,0.00459631,13775025.91244999,0
FUN.V,D,20250108,000000,0.00458436,0.00461917,0.00439563,0.0044996,12570789.05583999,0
FUN.V,D,20250109,000000,0.00448083,0.0045156,0.00432827,0.00442573,20169413.11356998,0
FUN.V,D,20250110,000000,0.00442369,0.00458762,0.00438356,0.00443003,31910738.968890004,0
FUN.V,D,20250111,000000,0.00442307,0.00457299,0.00437512,0.00452783,36179012.88548003,0
FUN.V,D,20250112,000000,0.00451488,0.00474244,0.00449629,0.00451529,121830584.50254008,0
FUN.V,D,20250113,000000,0.00451929,0.00454073,0.00427411,0.00438112,45108782.14385998,0
FUN.V,D,20250114,000000,0.00437812,0.00449743,0.00434922,0.00448116,19551155.633674964,0
FUN.V,D,20250115,000000,0.00448016,0.00463005,0.00438172,0.00458318,50790108.04414999,0
FUN.V,D,20250116,000000,0.00458318,0.00472601,0.00449806,0.00451296,38973771.931079976,0
FUN.V,D,20250117,000000,0.00450901,0.00464744,0.00447111,0.00464249,35803461.00265999,0
FUN.V,D,20250118,000000,0.00464344,0.00465858,0.00431068,0.00432806,26285857.84818999,0
FUN.V,D,20250119,000000,0.00431698,0.00440815,0.00394474,0.00394474,41724581.050219975,0
FUN.V,D,20250120,000000,0.0039429,0.00412475,0.00382755,0.00394678,57517552.19673,0
FUN.V,D,20250121,000000,0.00394103,0.00401338,0.00356864,0.00376353,202711333.55215994,0
FUN.V,D,20250122,000000,0.00375598,0.00381977,0.00360817,0.00360817,46233408.08451999,0
FUN.V,D,20250123,000000,0.00361117,0.00384185,0.00360384,0.00375883,100435773.78939009,0
FUN.V,D,20250124,000000,0.0037469,0.00376194,0.00357857,0.00366104,37668433.22304995,0
FUN.V,D,20250125,000000,0.00364829,0.00378598,0.00358279,0.00374833,27611787.44988,0
FUN.V,D,20250126,000000,0.00375329,0.00375836,0.00363905,0.00369619,33953989.654920004,0
FUN.V,D,20250127,000000,0.00368241,0.00368241,0.00338514,0.00353912,33988895.3235,0
FUN.V,D,20250128,000000,0.00353312,0.00371796,0.00343414,0.00347474,32653235.948510002,0
FUN.V,D,20250129,000000,0.00347281,0.00351989,0.00338085,0.00350086,42797686.54525003,0
FUN.V,D,20250130,000000,0.0034949,0.00361986,0.00349103,0.00356418,20882579.807400033,0
FUN.V,D,20250131,000000,0.00355636,0.00364611,0.00351918,0.00354815,25706019.123239994,0
FUN.V,D,20250201,000000,0.00354897,0.00357339,0.00338229,0.00347113,25862910.96616,0
FUN.V,D,20250202,000000,0.00346817,0.00350075,0.00305418,0.00305814,35747366.47581002,0
FUN.V,D,20250203,000000,0.00307008,0.00309713,0.00272482,0.00303703,26508017.56447998,0
FUN.V,D,20250204,000000,0.00301744,0.00303106,0.00287633,0.00294044,27417347.84058997,0
FUN.V,D,20250205,000000,0.00294044,0.00304194,0.00294044,0.00296321,12315719.210069995,0
FUN.V,D,20250206,000000,0.00296915,0.00301963,0.0028622,0.00287217,11650718.992810007,0
FUN.V,D,20250207,000000,0.0028702,0.00301369,0.00285017,0.00287211,20652812.477720004,0
FUN.V,D,20250208,000000,0.00287011,0.00299224,0.00285497,0.00297524,19585725.306079976,0
FUN.V,D,20250209,000000,0.00297524,0.0030116,0.00290032,0.00295535,26903741.48448,0
FUN.V,D,20250210,000000,0.00295432,0.00300245,0.00287758,0.00298645,16122363.433109997,0
FUN.V,D,20250211,000000,0.00299154,0.00318852,0.00295956,0.00296267,84074035.48375995,0
FUN.V,D,20250212,000000,0.00297164,0.00308203,0.00289933,0.00305918,33880117.31884002,0
FUN.V,D,20250213,000000,0.00305321,0.00307637,0.00302115,0.00304097,11419948.510010008,0
FUN.V,D,20250214,000000,0.00304127,0.00315088,0.00303621,0.00309956,22781988.41188001,0
FUN.V,D,20250215,000000,0.0031025,0.00312925,0.00306131,0.00308131,17983509.068090003,0
