<TICKER>,<PER>,<DATE>,<TIME>,<OPEN>,<HIGH>,<LOW>,<CLOSE>,<VOL>,<OPENINT>
GLM.V,D,20220513,000000,0.238594,0.238594,0.238546,0.23857,0,0
GLM.V,D,20220514,000000,0.229463,0.24985,0.229463,0.248152,35872.638378787866,0
GLM.V,D,20220515,000000,0.247253,0.264482,0.244757,0.264456,39068.58127304,0
GLM.V,D,20220516,000000,0.26668,0.274398,0.247828,0.25644,134382.0839501252,0
GLM.V,D,20220517,000000,0.256966,0.266979,0.252246,0.266979,169946.85856931153,0
GLM.V,D,20220518,000000,0.268178,0.333766,0.265927,0.279636,2120962.2927550776,0
GLM.V,D,20220519,000000,0.280934,0.283831,0.233995,0.258741,478850.060727694,0
GLM.V,D,20220520,000000,0.259167,0.267532,0.241909,0.250299,140107.0024343702,0
GLM.V,D,20220521,000000,0.2496,0.254594,0.243483,0.25357,155436.62217571048,0
GLM.V,D,20220522,000000,0.252146,0.273471,0.250748,0.263284,278180.27830196556,0
GLM.V,D,20220523,000000,0.265381,0.291679,0.264782,0.26598,1521663.97219182,0
GLM.V,D,20220524,000000,0.264056,0.264083,0.240811,0.25377,116917.7598962204,0
GLM.V,D,20220525,000000,0.259436,0.263157,0.248601,0.257317,572070.7430732172,0
GLM.V,D,20220526,000000,0.257516,0.270902,0.235641,0.250524,608905.7144386974,0
GLM.V,D,20220527,000000,0.24935,0.263536,0.23654,0.246953,281812.53880814643,0
GLM.V,D,20220528,000000,0.245617,0.249925,0.242796,0.249508,59491.922845847585,0
GLM.V,D,20220529,000000,0.248324,0.253244,0.242823,0.249126,84075.6164269689,0
GLM.V,D,20220530,000000,0.252015,0.277805,0.251933,0.275707,164942.71043967927,0
GLM.V,D,20220531,000000,0.276179,0.28737,0.264388,0.271782,139702.96698211267,0
GLM.V,D,20220601,000000,0.271907,0.342891,0.262111,0.264635,1960859.2024587456,0
GLM.V,D,20220602,000000,0.264861,0.404036,0.264835,0.360076,7841977.520134567,0
GLM.V,D,20220603,000000,0.360675,0.365171,0.306293,0.314326,1351985.0361968172,0
GLM.V,D,20220604,000000,0.315026,0.339843,0.293935,0.300574,213532.1732302769,0
GLM.V,D,20220605,000000,0.302527,0.315947,0.28824,0.299818,313453.44841854105,0
GLM.V,D,20220606,000000,0.299824,0.3155,0.2946,0.3048,669476.9854709968,0
GLM.V,D,20220607,000000,0.3048,0.3119,0.2815,0.2978,1656408.397871883,0
GLM.V,D,20220608,000000,0.2988,0.2994,0.2831,0.288013,2827783.9906310695,0
GLM.V,D,20220609,000000,0.286414,0.304659,0.286414,0.295052,2167727.5570343602,0
GLM.V,D,20220610,000000,0.297553,0.297556,0.268234,0.274251,12025905.791507995,0
GLM.V,D,20220611,000000,0.272853,0.2801,0.243415,0.250015,517004.4599025824,0
GLM.V,D,20220612,000000,0.25172,0.253913,0.227277,0.240801,154463.54378661545,0
GLM.V,D,20220613,000000,0.238404,0.241105,0.1914,0.2013,21741878.252533965,0
GLM.V,D,20220614,000000,0.2027,0.2084,0.1736,0.1949,41123412.77433841,0
GLM.V,D,20220615,000000,0.1931,0.2194,0.1746,0.2144,33909573.05847255,0
GLM.V,D,20220616,000000,0.213401,0.245729,0.204854,0.211703,17440543.61842473,0
GLM.V,D,20220617,000000,0.201524,0.2249,0.201524,0.218637,26995875.848948803,0
GLM.V,D,20220618,000000,0.2192,0.224335,0.187385,0.198079,24452086.230098512,0
GLM.V,D,20220619,000000,0.197679,0.219436,0.187221,0.215941,1650081.974889415,0
GLM.V,D,20220620,000000,0.217339,0.225674,0.20743,0.220757,529609.5993816303,0
GLM.V,D,20220621,000000,0.220635,0.250224,0.219059,0.235964,2197481.594175774,0
GLM.V,D,20220622,000000,0.2326,0.2362,0.2242,0.2261,759453.4302344569,0
GLM.V,D,20220623,000000,0.2265,0.240259,0.2258,0.23946,508999.8939470434,0
GLM.V,D,20220624,000000,0.23956,0.251009,0.23956,0.250804,15281151.056976236,0
GLM.V,D,20220625,000000,0.24995,0.254645,0.241631,0.250924,12999773.258592043,0
GLM.V,D,20220626,000000,0.251331,0.253328,0.243256,0.24635,5462022.399785471,0
GLM.V,D,20220627,000000,0.245553,0.263989,0.237852,0.24468,537896.0745444893,0
GLM.V,D,20220628,000000,0.244965,0.26356,0.240864,0.24351,645438.8374757529,0
GLM.V,D,20220629,000000,0.243797,0.245198,0.225286,0.232918,3062326.7223837245,0
GLM.V,D,20220630,000000,0.232521,0.246004,0.207815,0.217838,2992303.0073482124,0
GLM.V,D,20220701,000000,0.218138,0.252371,0.217239,0.229547,4359315.440547747,0
GLM.V,D,20220702,000000,0.230047,0.231345,0.219936,0.226927,5524058.5934050465,0
GLM.V,D,20220703,000000,0.226927,0.237091,0.218216,0.231798,4302275.139402131,0
GLM.V,D,20220704,000000,0.231199,0.248177,0.224508,0.240112,702885.902097027,0
GLM.V,D,20220705,000000,0.239812,0.2496,0.232421,0.241934,338702.0416956305,0
GLM.V,D,20220706,000000,0.241634,0.244031,0.234342,0.238937,436334.04081230704,0
GLM.V,D,20220707,000000,0.24131,0.248526,0.237738,0.247751,128691.92047036019,0
GLM.V,D,20220708,000000,0.247177,0.258045,0.242454,0.250624,205376.83107388404,0
GLM.V,D,20220709,000000,0.24975,0.254547,0.242954,0.253848,113349.40126005092,0
GLM.V,D,20220710,000000,0.253722,0.257545,0.243654,0.251849,241264.60555610925,0
GLM.V,D,20220711,000000,0.250949,0.257845,0.240807,0.243481,292778.95212862524,0
GLM.V,D,20220712,000000,0.242581,0.24945,0.22937,0.230569,374453.67602941254,0
GLM.V,D,20220713,000000,0.232458,0.234265,0.219181,0.229793,384155.3059799007,0
GLM.V,D,20220714,000000,0.230462,0.242035,0.219714,0.235708,253755.1106258709,0
GLM.V,D,20220715,000000,0.235708,0.245677,0.228,0.239058,326901.9542262303,0
GLM.V,D,20220716,000000,0.239078,0.247071,0.230271,0.241442,136276.94781729812,0
GLM.V,D,20220717,000000,0.241437,0.245963,0.232633,0.238716,200485.00680324392,0
GLM.V,D,20220718,000000,0.234983,0.254412,0.231899,0.245873,300390.47886263597,0
GLM.V,D,20220719,000000,0.245821,0.261473,0.239966,0.257641,325598.1559597846,0
GLM.V,D,20220720,000000,0.25682,0.267017,0.247608,0.250873,551269.8781350636,0
GLM.V,D,20220721,000000,0.25088,0.256924,0.237482,0.252278,140575.17090861243,0
GLM.V,D,20220722,000000,0.25131,0.260516,0.24299,0.254736,287325.32619759033,0
GLM.V,D,20220723,000000,0.25467,0.260847,0.244007,0.25251,123225.92392508428,0
GLM.V,D,20220724,000000,0.252435,0.259905,0.246005,0.254831,191205.53497820612,0
GLM.V,D,20220725,000000,0.254878,0.258153,0.231933,0.238429,264114.72714579635,0
GLM.V,D,20220726,000000,0.237861,0.246925,0.223574,0.233025,491719.7049123626,0
GLM.V,D,20220727,000000,0.233125,0.251178,0.229711,0.245056,401536.5414731629,0
GLM.V,D,20220728,000000,0.245309,0.259826,0.23779,0.254661,320414.74487513903,0
GLM.V,D,20220729,000000,0.254663,0.26048,0.243224,0.250873,207727.87685549486,0
GLM.V,D,20220730,000000,0.250883,0.267067,0.247156,0.260066,223748.2781157286,0
GLM.V,D,20220731,000000,0.259998,0.275296,0.249957,0.264531,342935.19674247695,0
GLM.V,D,20220801,000000,0.264986,0.281634,0.253809,0.273747,382793.0640104293,0
GLM.V,D,20220802,000000,0.27503,0.28109,0.254539,0.263605,354579.7482105229,0
GLM.V,D,20220803,000000,0.263605,0.269659,0.24993,0.263586,123303.99052982408,0
GLM.V,D,20220804,000000,0.263591,0.266506,0.256164,0.259513,140341.47391592278,0
GLM.V,D,20220805,000000,0.259448,0.272064,0.258531,0.266921,325315.4345672063,0
GLM.V,D,20220806,000000,0.266923,0.276659,0.266417,0.271462,140801.65762323578,0
GLM.V,D,20220807,000000,0.27151,0.27605,0.262939,0.272779,114180.5724348523,0
GLM.V,D,20220808,000000,0.272189,0.276056,0.266765,0.273623,129751.3464233249,0
GLM.V,D,20220809,000000,0.272923,0.27694,0.25103,0.261282,301068.06357927306,0
GLM.V,D,20220810,000000,0.259845,0.272474,0.251298,0.272469,1389712.3451514777,0
GLM.V,D,20220811,000000,0.270458,0.415399,0.269191,0.314848,22259588.908046585,0
GLM.V,D,20220812,000000,0.314057,0.316558,0.288715,0.296136,1296689.2240564509,0
GLM.V,D,20220813,000000,0.296095,0.297832,0.287695,0.289233,345255.77741313,0
GLM.V,D,20220814,000000,0.289393,0.313751,0.281336,0.287306,1459816.2489393065,0
GLM.V,D,20220815,000000,0.287162,0.318519,0.277177,0.284958,1938386.1020137933,0
GLM.V,D,20220816,000000,0.284941,0.31469,0.279019,0.297947,1518145.8202290703,0
GLM.V,D,20220817,000000,0.297617,0.315006,0.281504,0.286833,1187494.385384259,0
GLM.V,D,20220818,000000,0.28681,0.310022,0.283541,0.293026,1937722.0189142632,0
GLM.V,D,20220819,000000,0.293139,0.29669,0.25299,0.253725,1595082.2263441167,0
GLM.V,D,20220820,000000,0.255073,0.265069,0.249868,0.252267,661620.9633982523,0
GLM.V,D,20220821,000000,0.252255,0.268897,0.251557,0.264322,981134.1617060339,0
GLM.V,D,20220822,000000,0.264255,0.264946,0.244488,0.251475,791007.7645261028,0
GLM.V,D,20220823,000000,0.25204,0.258057,0.246318,0.254435,478734.99160032166,0
GLM.V,D,20220824,000000,0.254697,0.262153,0.249873,0.259551,503733.71896285086,0
GLM.V,D,20220825,000000,0.259513,0.269057,0.25387,0.261708,709459.9276270736,0
GLM.V,D,20220826,000000,0.26166,0.265414,0.245602,0.248802,519990.8619778836,0
GLM.V,D,20220827,000000,0.248125,0.265241,0.234336,0.241127,452428.0423257771,0
GLM.V,D,20220828,000000,0.237317,0.254083,0.237317,0.244788,634151.4624799917,0
GLM.V,D,20220829,000000,0.24506,0.258977,0.232138,0.246347,1165607.5326382024,0
GLM.V,D,20220830,000000,0.247295,0.25258,0.237827,0.242709,538922.5426295646,0
GLM.V,D,20220831,000000,0.242799,0.250523,0.241699,0.245288,326062.4843493956,0
GLM.V,D,20220901,000000,0.245505,0.25462,0.233893,0.240338,491507.3071628623,0
GLM.V,D,20220902,000000,0.24039,0.253585,0.235884,0.240746,741288.767282879,0
GLM.V,D,20220903,000000,0.240799,0.243014,0.2342,0.239044,205703.77692371546,0
GLM.V,D,20220904,000000,0.23913,0.24241,0.2313,0.238174,210154.09229490373,0
GLM.V,D,20220905,000000,0.23815,0.24231,0.22989,0.235484,297207.14361770696,0
GLM.V,D,20220906,000000,0.235524,0.245325,0.21981,0.22473,488889.99686914374,0
GLM.V,D,20220907,000000,0.224776,0.232468,0.216161,0.230676,482353.5948581531,0
GLM.V,D,20220908,000000,0.23065,0.438835,0.226624,0.307546,17988992.034480028,0
GLM.V,D,20220909,000000,0.307243,0.338658,0.266561,0.271692,4390348.769893816,0
GLM.V,D,20220910,000000,0.270911,0.30906,0.269695,0.279556,2489929.59983654,0
GLM.V,D,20220911,000000,0.279753,0.409567,0.274602,0.323178,9300381.895964164,0
GLM.V,D,20220912,000000,0.324481,0.54007,0.305373,0.410282,18632245.036681272,0
GLM.V,D,20220913,000000,0.409782,0.414791,0.324948,0.350107,3281912.6839809706,0
GLM.V,D,20220914,000000,0.346207,0.34959,0.3029,0.310201,1253220.3775286088,0
GLM.V,D,20220915,000000,0.310562,0.399124,0.290806,0.343099,4075631.570460373,0
GLM.V,D,20220916,000000,0.336893,0.355282,0.291242,0.2974,5824017.579346558,0
GLM.V,D,20220917,000000,0.29757,0.314269,0.2962,0.30363,2368425.9815230872,0
GLM.V,D,20220918,000000,0.30294,0.30908,0.270173,0.27329,1855326.2425798574,0
GLM.V,D,20220919,000000,0.273193,0.30311,0.265743,0.283908,3716707.0141887027,0
GLM.V,D,20220920,000000,0.284757,0.292659,0.272917,0.27597,879515.5286688041,0
GLM.V,D,20220921,000000,0.27663,0.29871,0.269427,0.27218,1478455.8490575494,0
GLM.V,D,20220922,000000,0.27364,0.28426,0.2656,0.278092,484905.7466898704,0
GLM.V,D,20220923,000000,0.278118,0.28998,0.266343,0.274333,859654.5538822375,0
GLM.V,D,20220924,000000,0.273838,0.285141,0.26939,0.276512,411676.2590483372,0
GLM.V,D,20220925,000000,0.276548,0.278946,0.26763,0.26844,438697.3243244642,0
GLM.V,D,20220926,000000,0.268903,0.277258,0.254895,0.2688,1259983.6722371588,0
GLM.V,D,20220927,000000,0.26881,0.28003,0.25792,0.262674,690530.3813124489,0
GLM.V,D,20220928,000000,0.26278,0.266753,0.254435,0.26363,166097.51980333126,0
GLM.V,D,20220929,000000,0.26361,0.264914,0.25492,0.261426,231313.64662253,0
GLM.V,D,20220930,000000,0.261426,0.267047,0.256056,0.25994,229335.3953399245,0
GLM.V,D,20221001,000000,0.25962,0.30418,0.25684,0.2769,3630520.579250762,0
GLM.V,D,20221002,000000,0.2768,0.27863,0.25832,0.26212,525359.4338201287,0
GLM.V,D,20221003,000000,0.26188,0.271647,0.25361,0.262996,366313.3664886964,0
GLM.V,D,20221004,000000,0.263436,0.267904,0.257486,0.26601,271695.4277003195,0
GLM.V,D,20221005,000000,0.26603,0.26789,0.257556,0.263256,232193.52571370034,0
GLM.V,D,20221006,000000,0.263303,0.271335,0.261581,0.264435,437149.9514508878,0
GLM.V,D,20221007,000000,0.265195,0.280263,0.258865,0.26624,1049364.545961178,0
GLM.V,D,20221008,000000,0.266247,0.293108,0.263616,0.271381,866856.0180744599,0
GLM.V,D,20221009,000000,0.271441,0.274687,0.261716,0.268684,76558.87606797526,0
GLM.V,D,20221010,000000,0.268704,0.28333,0.263774,0.267103,341602.690501188,0
GLM.V,D,20221011,000000,0.267133,0.26719,0.253587,0.256097,139195.10613176436,0
GLM.V,D,20221012,000000,0.256139,0.258866,0.250815,0.25645,154048.97914723374,0
GLM.V,D,20221013,000000,0.256458,0.258217,0.230505,0.24977,612966.2546531116,0
GLM.V,D,20221014,000000,0.25005,0.258916,0.248072,0.253678,260246.54219920078,0
GLM.V,D,20221015,000000,0.253708,0.25925,0.248552,0.252558,109673.1850709294,0
GLM.V,D,20221016,000000,0.25249,0.254565,0.247682,0.252583,235259.42425127685,0
GLM.V,D,20221017,000000,0.25227,0.295973,0.242333,0.263705,2672468.5174714243,0
GLM.V,D,20221018,000000,0.263685,0.283541,0.256593,0.260503,523443.5714435536,0
GLM.V,D,20221019,000000,0.261743,0.27719,0.258183,0.26284,436289.97241092136,0
GLM.V,D,20221020,000000,0.263477,0.263958,0.250872,0.253252,358654.1020926905,0
GLM.V,D,20221021,000000,0.253522,0.265509,0.244413,0.25591,356347.9456951042,0
GLM.V,D,20221022,000000,0.257821,0.259628,0.25196,0.25434,192636.53945873163,0
GLM.V,D,20221023,000000,0.25504,0.262894,0.249662,0.257226,325446.7918975749,0
GLM.V,D,20221024,000000,0.256768,0.261236,0.251243,0.258203,152831.41632321166,0
GLM.V,D,20221025,000000,0.258148,0.268274,0.25487,0.266013,224634.43959974177,0
GLM.V,D,20221026,000000,0.265065,0.28608,0.262082,0.272856,475859.1605598905,0
GLM.V,D,20221027,000000,0.272684,0.277165,0.267534,0.269976,158565.5591990478,0
GLM.V,D,20221028,000000,0.269916,0.273577,0.260946,0.270224,111022.75681603524,0
GLM.V,D,20221029,000000,0.270154,0.276705,0.267141,0.272363,204914.15533415313,0
GLM.V,D,20221030,000000,0.272785,0.274825,0.266503,0.271047,321501.75127433287,0
GLM.V,D,20221031,000000,0.27106,0.282486,0.263678,0.274438,393190.1195655669,0
GLM.V,D,20221101,000000,0.274484,0.280327,0.273645,0.274913,399886.8685151969,0
GLM.V,D,20221102,000000,0.273645,0.273745,0.261984,0.264981,322576.8127423956,0
GLM.V,D,20221103,000000,0.265387,0.285366,0.264687,0.272397,801988.6591828229,0
GLM.V,D,20221104,000000,0.2719,0.28772,0.271173,0.287617,104792.20326066365,0
GLM.V,D,20221105,000000,0.289226,0.291835,0.284803,0.285714,88491.18770320414,0
GLM.V,D,20221106,000000,0.284617,0.286114,0.278317,0.278608,102290.80602314186,0
GLM.V,D,20221107,000000,0.278028,0.279025,0.270614,0.272333,276685.95664816693,0
GLM.V,D,20221108,000000,0.272682,0.2762,0.213577,0.231091,616564.1622139271,0
GLM.V,D,20221109,000000,0.23069,0.239335,0.179483,0.185877,787458.1413632417,0
GLM.V,D,20221110,000000,0.184077,0.225802,0.175611,0.215903,378663.479595002,0
GLM.V,D,20221111,000000,0.215599,0.243633,0.192759,0.202422,215909.13676886502,0
GLM.V,D,20221112,000000,0.203181,0.211885,0.195647,0.200339,112679.2756042873,0
GLM.V,D,20221113,000000,0.203733,0.209191,0.186788,0.193029,343724.6136054023,0
GLM.V,D,20221114,000000,0.191931,0.196405,0.176053,0.191531,374642.0024849242,0
GLM.V,D,20221115,000000,0.19273,0.222377,0.192711,0.204295,224014.7031259867,0
GLM.V,D,20221116,000000,0.204552,0.221922,0.202381,0.205209,207099.7191615588,0
GLM.V,D,20221117,000000,0.208312,0.20962,0.196231,0.202238,97601.80438236725,0
GLM.V,D,20221118,000000,0.202935,0.219917,0.201932,0.20836,294426.65473773674,0
GLM.V,D,20221119,000000,0.208456,0.219456,0.20676,0.218273,95960.7172216056,0
GLM.V,D,20221120,000000,0.218168,0.23263,0.202538,0.203293,700933.2271010939,0
GLM.V,D,20221121,000000,0.202987,0.205487,0.193805,0.199061,166257.09578591154,0
GLM.V,D,20221122,000000,0.19966,0.204556,0.190969,0.204552,118529.46631179606,0
GLM.V,D,20221123,000000,0.206032,0.217063,0.206032,0.216761,201685.94511928185,0
GLM.V,D,20221124,000000,0.217267,0.224253,0.203125,0.218916,147670.74567277377,0
GLM.V,D,20221125,000000,0.218912,0.227734,0.214543,0.220876,182182.0587510504,0
GLM.V,D,20221126,000000,0.223768,0.225067,0.218766,0.218969,71072.22845446703,0
GLM.V,D,20221127,000000,0.221769,0.221969,0.217356,0.218864,77545.8378711513,0
GLM.V,D,20221128,000000,0.216789,0.216802,0.208281,0.210318,85307.78004405764,0
GLM.V,D,20221129,000000,0.211902,0.218717,0.211902,0.217917,47779.586974693964,0
GLM.V,D,20221130,000000,0.21773,0.236436,0.216928,0.227914,178510.73692026184,0
GLM.V,D,20221201,000000,0.227516,0.229123,0.221909,0.223813,59620.05283535148,0
GLM.V,D,20221202,000000,0.224716,0.228223,0.218522,0.227109,132516.97329157044,0
GLM.V,D,20221203,000000,0.227014,0.228323,0.223145,0.223522,114751.94768541658,0
GLM.V,D,20221204,000000,0.223045,0.225045,0.221422,0.224045,137263.96304344758,0
GLM.V,D,20221205,000000,0.223945,0.226523,0.220802,0.221807,108964.04237012246,0
GLM.V,D,20221206,000000,0.221807,0.25002,0.2191,0.228195,529032.4424840618,0
GLM.V,D,20221207,000000,0.224998,0.226209,0.210111,0.2173,108719.72297071632,0
GLM.V,D,20221208,000000,0.219004,0.225105,0.216996,0.221918,120299.36066017779,0
GLM.V,D,20221209,000000,0.222418,0.228502,0.219811,0.219907,49974.265159382296,0
GLM.V,D,20221210,000000,0.222485,0.2463,0.220296,0.229595,600140.0574821515,0
GLM.V,D,20221211,000000,0.2316,0.233498,0.226898,0.227323,468911.4067251202,0
GLM.V,D,20221212,000000,0.225445,0.225945,0.215619,0.21922,99521.77525265017,0
GLM.V,D,20221213,000000,0.221524,0.230136,0.215686,0.228645,130963.06164814325,0
GLM.V,D,20221214,000000,0.228247,0.232953,0.226818,0.227116,101246.72774990047,0
GLM.V,D,20221215,000000,0.227623,0.228746,0.219722,0.222122,137004.67897489347,0
GLM.V,D,20221216,000000,0.222022,0.222622,0.206841,0.208242,295625.56951773615,0
GLM.V,D,20221217,000000,0.204741,0.210127,0.185011,0.193625,258994.6635266106,0
GLM.V,D,20221218,000000,0.19611,0.205016,0.189813,0.193023,95472.22439884642,0
GLM.V,D,20221219,000000,0.196528,0.200322,0.185196,0.185206,236597.60761921763,0
GLM.V,D,20221220,000000,0.184994,0.205812,0.180796,0.195708,152407.8400460626,0
GLM.V,D,20221221,000000,0.193008,0.2041,0.1924,0.19511,168700.86822883188,0
GLM.V,D,20221222,000000,0.195304,0.2045,0.194075,0.19797,93112.11903938929,0
GLM.V,D,20221223,000000,0.196674,0.20097,0.196169,0.198978,140565.5317866976,0
GLM.V,D,20221224,000000,0.199584,0.202482,0.19658,0.197986,124878.88346780615,0
GLM.V,D,20221225,000000,0.196588,0.199482,0.194367,0.196171,222386.31767965716,0
GLM.V,D,20221226,000000,0.196282,0.196582,0.189877,0.192162,195709.57672218716,0
GLM.V,D,20221227,000000,0.193261,0.193955,0.188426,0.188628,122423.36109680515,0
GLM.V,D,20221228,000000,0.19052,0.19052,0.177804,0.177806,168049.28436373468,0
GLM.V,D,20221229,000000,0.178111,0.179528,0.173103,0.175021,244904.86841009752,0
GLM.V,D,20221230,000000,0.177017,0.191322,0.172714,0.182305,288273.2161673202,0
GLM.V,D,20221231,000000,0.179014,0.179616,0.174413,0.17911,128959.41211512618,0
GLM.V,D,20230101,000000,0.177809,0.180428,0.17361,0.179317,161091.4689404766,0
GLM.V,D,20230102,000000,0.180119,0.183134,0.176726,0.182442,194678.2248739982,0
GLM.V,D,20230103,000000,0.182044,0.182044,0.177627,0.178332,194704.3468212839,0
GLM.V,D,20230104,000000,0.17863,0.185226,0.178429,0.184039,171072.2259838321,0
GLM.V,D,20230105,000000,0.183541,0.184846,0.181942,0.184032,156958.53325439047,0
GLM.V,D,20230106,000000,0.182829,0.185126,0.180106,0.183643,54934.43859033477,0
GLM.V,D,20230107,000000,0.183051,0.18675,0.182866,0.184454,82919.93411173357,0
GLM.V,D,20230108,000000,0.185272,0.186774,0.182164,0.18607,163287.12317318463,0
GLM.V,D,20230109,000000,0.187466,0.1956,0.187466,0.192398,93367.75876916508,0
GLM.V,D,20230110,000000,0.1928,0.206881,0.1915,0.198728,289166.7314833539,0
GLM.V,D,20230111,000000,0.198428,0.199306,0.193688,0.199298,151417.7828066642,0
GLM.V,D,20230112,000000,0.199182,0.207919,0.19798,0.20182,134037.47194374996,0
GLM.V,D,20230113,000000,0.203414,0.213423,0.20112,0.212019,96360.01011063757,0
GLM.V,D,20230114,000000,0.213817,0.225495,0.210523,0.220209,201861.508117151,0
GLM.V,D,20230115,000000,0.220122,0.260139,0.216522,0.225365,754946.315777775,0
GLM.V,D,20230116,000000,0.225168,0.237293,0.219202,0.226705,247102.97218825313,0
GLM.V,D,20230117,000000,0.227307,0.228611,0.221802,0.226725,171741.05941804315,0
GLM.V,D,20230118,000000,0.225025,0.268324,0.211775,0.212289,638440.3492859873,0
GLM.V,D,20230119,000000,0.212589,0.225993,0.210394,0.218493,233716.9520259767,0
GLM.V,D,20230120,000000,0.218315,0.229746,0.214998,0.229539,115325.86532061068,0
GLM.V,D,20230121,000000,0.229741,0.242265,0.227768,0.234335,145133.72630008555,0
GLM.V,D,20230122,000000,0.233847,0.234845,0.227036,0.229144,215748.25731808177,0
GLM.V,D,20230123,000000,0.229344,0.235614,0.228721,0.23324,156120.44397665982,0
GLM.V,D,20230124,000000,0.232837,0.248427,0.232637,0.234312,159269.7288038323,0
GLM.V,D,20230125,000000,0.233819,0.238343,0.216524,0.23684,124146.63738519372,0
GLM.V,D,20230126,000000,0.23564,0.238643,0.232905,0.236919,137974.0167660678,0
GLM.V,D,20230127,000000,0.236321,0.266953,0.233668,0.246696,254328.7099991595,0
GLM.V,D,20230128,000000,0.247384,0.259044,0.239755,0.244349,135662.14614693116,0
GLM.V,D,20230129,000000,0.244651,0.249207,0.243168,0.248417,105471.78619955141,0
GLM.V,D,20230130,000000,0.248505,0.249412,0.228402,0.229516,152212.48568616767,0
GLM.V,D,20230131,000000,0.229214,0.235102,0.227786,0.232721,80345.54612056765,0
GLM.V,D,20230201,000000,0.232512,0.240222,0.225705,0.239612,138837.7372909103,0
GLM.V,D,20230202,000000,0.239412,0.251225,0.238436,0.242849,93483.3435360429,0
GLM.V,D,20230203,000000,0.242751,0.257341,0.241741,0.248017,195109.32260817417,0
GLM.V,D,20230204,000000,0.24802,0.273919,0.24762,0.267124,290864.3632708476,0
GLM.V,D,20230205,000000,0.267421,0.304461,0.249355,0.255364,738859.557321829,0
GLM.V,D,20230206,000000,0.254266,0.267654,0.251697,0.255008,107373.3229841604,0
GLM.V,D,20230207,000000,0.255508,0.263582,0.243505,0.257015,199175.09177065568,0
GLM.V,D,20230208,000000,0.257013,0.270122,0.25701,0.262421,309640.363409951,0
GLM.V,D,20230209,000000,0.262216,0.266584,0.246437,0.247325,143779.27914975956,0
GLM.V,D,20230210,000000,0.248117,0.255549,0.239448,0.243734,119069.90285817624,0
GLM.V,D,20230211,000000,0.244429,0.247722,0.244427,0.247622,139402.96664006135,0
GLM.V,D,20230212,000000,0.248125,0.24873,0.241734,0.242724,188555.0790895743,0
GLM.V,D,20230213,000000,0.241424,0.2451,0.228007,0.233424,182956.82256744598,0
GLM.V,D,20230214,000000,0.233829,0.242697,0.229987,0.240391,161974.0052433163,0
GLM.V,D,20230215,000000,0.241277,0.259047,0.239389,0.258947,329970.7784924134,0
GLM.V,D,20230216,000000,0.257741,0.263824,0.253941,0.255279,245936.38483095405,0
GLM.V,D,20230217,000000,0.255136,0.267421,0.252825,0.264324,159405.1045313898,0
GLM.V,D,20230218,000000,0.262734,0.265772,0.259936,0.264724,83429.62577895404,0
GLM.V,D,20230219,000000,0.265242,0.266243,0.257362,0.26206,101235.56446125716,0
GLM.V,D,20230220,000000,0.262476,0.280736,0.252976,0.271608,455052.7958125613,0
GLM.V,D,20230221,000000,0.271311,0.291932,0.26075,0.271546,677554.8926624537,0
GLM.V,D,20230222,000000,0.272038,0.288249,0.259021,0.270719,242981.9430184795,0
GLM.V,D,20230223,000000,0.271003,0.276914,0.26505,0.267938,144889.29261335896,0
GLM.V,D,20230224,000000,0.26774,0.295156,0.267729,0.276897,246960.69171927418,0
GLM.V,D,20230225,000000,0.2763,0.291517,0.266724,0.273019,358928.3077418074,0
GLM.V,D,20230226,000000,0.272919,0.278622,0.268951,0.276322,208568.37026556485,0
GLM.V,D,20230227,000000,0.276114,0.278733,0.263424,0.270222,96382.09425582281,0
GLM.V,D,20230228,000000,0.270116,0.271505,0.263353,0.264253,157820.17857410666,0
GLM.V,D,20230301,000000,0.264456,0.274705,0.26241,0.270532,498254.49031107564,0
GLM.V,D,20230302,000000,0.272138,0.273933,0.260797,0.267724,204850.2261973925,0
GLM.V,D,20230303,000000,0.267924,0.268211,0.24419,0.247015,127355.83828953338,0
GLM.V,D,20230304,000000,0.24702,0.265313,0.24571,0.251918,323681.1012497305,0
GLM.V,D,20230305,000000,0.252418,0.252418,0.246315,0.248527,156237.37150569513,0
GLM.V,D,20230306,000000,0.24853,0.2526,0.2407,0.244985,181183.3744710024,0
GLM.V,D,20230307,000000,0.244973,0.24858,0.231965,0.236812,155492.22545608063,0
GLM.V,D,20230308,000000,0.236598,0.237409,0.222289,0.222391,355624.5534063637,0
GLM.V,D,20230309,000000,0.222273,0.222676,0.204723,0.205221,131687.2107095609,0
GLM.V,D,20230310,000000,0.205118,0.20606,0.195398,0.206045,236982.91036591475,0
GLM.V,D,20230311,000000,0.205834,0.215626,0.196359,0.210359,237070.8058762698,0
GLM.V,D,20230312,000000,0.210039,0.224038,0.204803,0.219672,184541.94053117256,0
GLM.V,D,20230313,000000,0.219921,0.237857,0.21606,0.236062,153887.28677069643,0
GLM.V,D,20230314,000000,0.236038,0.24922,0.230097,0.242864,181739.28763192182,0
GLM.V,D,20230315,000000,0.244136,0.249662,0.225597,0.230277,286555.1877020005,0
GLM.V,D,20230316,000000,0.230149,0.25659,0.22961,0.253006,555759.797702809,0
GLM.V,D,20230317,000000,0.252617,0.26089,0.245855,0.257871,435711.086687848,0
GLM.V,D,20230318,000000,0.257668,0.262167,0.244605,0.25162,1392100.0632072263,0
GLM.V,D,20230319,000000,0.250449,0.255472,0.245278,0.253566,281714.8254467474,0
GLM.V,D,20230320,000000,0.252866,0.264692,0.246716,0.249402,672852.5155323689,0
GLM.V,D,20230321,000000,0.248303,0.250012,0.235382,0.246484,291032.3486250273,0
GLM.V,D,20230322,000000,0.246684,0.248891,0.233949,0.234951,216884.86561943352,0
GLM.V,D,20230323,000000,0.235054,0.244671,0.235054,0.241623,290321.92809515307,0
GLM.V,D,20230324,000000,0.241499,0.242907,0.233273,0.234383,401491.12491022545,0
GLM.V,D,20230325,000000,0.234469,0.238333,0.232632,0.234525,199700.49907252414,0
GLM.V,D,20230326,000000,0.234634,0.237614,0.233326,0.236667,252884.17361816615,0
GLM.V,D,20230327,000000,0.23666,0.238131,0.22021,0.223605,514025.77998360427,0
GLM.V,D,20230328,000000,0.222891,0.250498,0.217981,0.225588,1959171.6078418791,0
GLM.V,D,20230329,000000,0.224588,0.241172,0.224588,0.237343,929417.1967110245,0
GLM.V,D,20230330,000000,0.236447,0.242468,0.231114,0.242468,844272.3309045079,0
GLM.V,D,20230331,000000,0.241065,0.248117,0.230287,0.239445,1213727.4693191384,0
GLM.V,D,20230401,000000,0.239248,0.24449,0.239248,0.24439,269866.33622818324,0
GLM.V,D,20230402,000000,0.24449,0.255605,0.23566,0.237147,679945.0265313792,0
GLM.V,D,20230403,000000,0.237247,0.239015,0.22968,0.230992,352390.6642651169,0
GLM.V,D,20230404,000000,0.23149,0.243268,0.231067,0.240723,599688.4063310451,0
GLM.V,D,20230405,000000,0.24102,0.256595,0.239289,0.25129,1510305.9417061256,0
GLM.V,D,20230406,000000,0.251093,0.276708,0.249072,0.260891,3613230.0968855256,0
GLM.V,D,20230407,000000,0.261592,0.271035,0.248749,0.250588,1213498.6168079085,0
GLM.V,D,20230408,000000,0.250886,0.253732,0.248186,0.2513,274608.42104688124,0
GLM.V,D,20230409,000000,0.251098,0.252129,0.242353,0.248346,420965.9547146588,0
GLM.V,D,20230410,000000,0.248371,0.27633,0.243658,0.250598,2772367.5461740703,0
GLM.V,D,20230411,000000,0.250593,0.256931,0.250593,0.254049,402532.5104976686,0
GLM.V,D,20230412,000000,0.253751,0.254046,0.244542,0.248994,205849.58127264923,0
GLM.V,D,20230413,000000,0.248394,0.266837,0.247791,0.256646,2406209.486224705,0
GLM.V,D,20230414,000000,0.256946,0.260686,0.254085,0.25813,711420.200549708,0
GLM.V,D,20230415,000000,0.258309,0.259151,0.254924,0.256428,270161.3336813503,0
GLM.V,D,20230416,000000,0.25623,0.261185,0.254206,0.261175,765471.0296915217,0
GLM.V,D,20230417,000000,0.260775,0.260898,0.251143,0.254012,250445.66975687622,0
GLM.V,D,20230418,000000,0.253567,0.261555,0.250915,0.257764,576965.857324558,0
GLM.V,D,20230419,000000,0.257744,0.258949,0.240149,0.241423,233648.85510422496,0
GLM.V,D,20230420,000000,0.241118,0.259134,0.234391,0.24692,3396003.2788078384,0
GLM.V,D,20230421,000000,0.247817,0.272948,0.239074,0.239476,6132307.468777788,0
GLM.V,D,20230422,000000,0.239674,0.25128,0.232746,0.238221,862018.107276718,0
GLM.V,D,20230423,000000,0.238521,0.241919,0.231772,0.235212,206428.4306641516,0
GLM.V,D,20230424,000000,0.235212,0.237014,0.226907,0.231805,425270.4248601202,0
GLM.V,D,20230425,000000,0.232207,0.233726,0.222713,0.232754,266639.3772315159,0
GLM.V,D,20230426,000000,0.233754,0.240295,0.22507,0.22938,419954.2215243746,0
GLM.V,D,20230427,000000,0.230474,0.245579,0.229776,0.236992,945423.9699560141,0
GLM.V,D,20230428,000000,0.236876,0.240179,0.233815,0.236982,250365.5334670138,0
GLM.V,D,20230429,000000,0.236477,0.239179,0.235693,0.23744,195215.70242830616,0
GLM.V,D,20230430,000000,0.237333,0.237933,0.233943,0.236335,328404.33377033845,0
GLM.V,D,20230501,000000,0.23663,0.236632,0.225011,0.227761,530390.6774727452,0
GLM.V,D,20230502,000000,0.228259,0.230138,0.225177,0.22994,136138.25748057835,0
GLM.V,D,20230503,000000,0.23044,0.23445,0.224458,0.229762,340305.94186491874,0
GLM.V,D,20230504,000000,0.230553,0.237271,0.229066,0.234187,539509.3329343102,0
GLM.V,D,20230505,000000,0.234484,0.240603,0.231695,0.238116,880957.3354411281,0
GLM.V,D,20230506,000000,0.238019,0.240138,0.227948,0.2301,595668.5417981645,0
GLM.V,D,20230507,000000,0.230601,0.232381,0.228938,0.23067,53907.09036585358,0
GLM.V,D,20230508,000000,0.230772,0.231075,0.214535,0.215666,366550.208215004,0
GLM.V,D,20230509,000000,0.215562,0.219363,0.215337,0.218118,155025.81361436658,0
GLM.V,D,20230510,000000,0.217198,0.224447,0.216438,0.220799,481475.79987353785,0
GLM.V,D,20230511,000000,0.220821,0.223423,0.212212,0.213192,172402.85934117698,0
GLM.V,D,20230512,000000,0.212913,0.214193,0.207204,0.211269,186690.29650305162,0
GLM.V,D,20230513,000000,0.211169,0.217731,0.210948,0.215629,270905.0952495581,0
GLM.V,D,20230514,000000,0.215029,0.215129,0.211406,0.213128,79451.38060668705,0
GLM.V,D,20230515,000000,0.212427,0.216652,0.211406,0.21653,163916.86292945573,0
GLM.V,D,20230516,000000,0.216393,0.21743,0.213607,0.214486,65589.68806995542,0
GLM.V,D,20230517,000000,0.214686,0.218409,0.212406,0.218187,120306.92174778951,0
GLM.V,D,20230518,000000,0.217609,0.218509,0.212285,0.214886,368461.35995837883,0
GLM.V,D,20230519,000000,0.215286,0.216808,0.213432,0.214864,74209.92248120856,0
GLM.V,D,20230520,000000,0.214607,0.216351,0.214207,0.215594,64889.07172973714,0
GLM.V,D,20230521,000000,0.215515,0.219275,0.210926,0.211127,77076.81264460934,0
GLM.V,D,20230522,000000,0.211406,0.213028,0.207024,0.210826,266835.30266650143,0
GLM.V,D,20230523,000000,0.211023,0.217915,0.20995,0.214213,198238.45044649494,0
GLM.V,D,20230524,000000,0.214019,0.214724,0.203088,0.20469,288614.68860666023,0
GLM.V,D,20230525,000000,0.205484,0.209267,0.20118,0.205104,183250.21352702135,0
GLM.V,D,20230526,000000,0.205102,0.207164,0.203922,0.207052,127118.60082300579,0
GLM.V,D,20230527,000000,0.207466,0.208167,0.206066,0.206977,68079.23646207426,0
GLM.V,D,20230528,000000,0.206983,0.211049,0.206483,0.211046,128380.95899266156,0
GLM.V,D,20230529,000000,0.211246,0.215165,0.209746,0.210461,264051.6102106745,0
GLM.V,D,20230530,000000,0.210061,0.211761,0.20894,0.210582,211537.23276530797,0
GLM.V,D,20230531,000000,0.210484,0.210484,0.202957,0.204739,143583.71364363417,0
GLM.V,D,20230601,000000,0.205147,0.206054,0.201444,0.204255,139031.44084270156,0
GLM.V,D,20230602,000000,0.204157,0.206954,0.202026,0.206352,113091.65461049786,0
GLM.V,D,20230603,000000,0.206458,0.208873,0.205072,0.207081,94658.7670212586,0
GLM.V,D,20230604,000000,0.207177,0.208875,0.205066,0.208167,76770.11995171686,0
GLM.V,D,20230605,000000,0.208567,0.209067,0.189857,0.190555,288268.28894658823,0
GLM.V,D,20230606,000000,0.191257,0.196635,0.186222,0.196255,301560.72160160134,0
GLM.V,D,20230607,000000,0.196157,0.200942,0.186307,0.186307,551321.6199070829,0
GLM.V,D,20230608,000000,0.186717,0.189455,0.184117,0.189334,160124.55188423343,0
GLM.V,D,20230609,000000,0.189436,0.189979,0.184724,0.186563,121106.16624644502,0
GLM.V,D,20230610,000000,0.186785,0.187996,0.163777,0.166897,397287.05901115545,0
GLM.V,D,20230611,000000,0.167097,0.17348,0.166982,0.172069,145359.94297607202,0
GLM.V,D,20230612,000000,0.172086,0.172086,0.164449,0.16791,337190.7924775475,0
GLM.V,D,20230613,000000,0.168513,0.17179,0.1673,0.168678,174577.51913384366,0
GLM.V,D,20230614,000000,0.168983,0.174274,0.161265,0.162585,406890.05566334905,0
GLM.V,D,20230615,000000,0.16258,0.164477,0.158383,0.16446,194533.57858399072,0
GLM.V,D,20230616,000000,0.164154,0.166563,0.160285,0.165669,211933.7299566287,0
GLM.V,D,20230617,000000,0.165669,0.170865,0.164691,0.168029,107509.1890694698,0
GLM.V,D,20230618,000000,0.168031,0.168956,0.166662,0.166863,74089.61260812114,0
GLM.V,D,20230619,000000,0.166758,0.168509,0.165131,0.167648,140588.27064841258,0
GLM.V,D,20230620,000000,0.167746,0.171928,0.165544,0.171926,118290.99762207268,0
GLM.V,D,20230621,000000,0.171929,0.180971,0.171821,0.178109,324480.2101701892,0
GLM.V,D,20230622,000000,0.178205,0.184009,0.175393,0.180536,321509.8938002852,0
GLM.V,D,20230623,000000,0.180945,0.186808,0.178139,0.18571,643621.0555589244,0
GLM.V,D,20230624,000000,0.185708,0.221108,0.185209,0.193422,11348400.958167365,0
GLM.V,D,20230625,000000,0.19322,0.207814,0.187467,0.18896,2248726.187126206,0
GLM.V,D,20230626,000000,0.189351,0.19045,0.181027,0.181138,425774.20431127475,0
GLM.V,D,20230627,000000,0.180945,0.193017,0.180545,0.186335,615854.0522841464,0
GLM.V,D,20230628,000000,0.186519,0.186906,0.175688,0.176298,314735.8109860821,0
GLM.V,D,20230629,000000,0.176489,0.181075,0.175684,0.178982,295010.22100004647,0
GLM.V,D,20230630,000000,0.178371,0.185363,0.177075,0.182645,314764.62138023827,0
GLM.V,D,20230701,000000,0.183038,0.189077,0.181644,0.186698,232331.8022223616,0
GLM.V,D,20230702,000000,0.187,0.19678,0.185202,0.186909,557700.2130871972,0
GLM.V,D,20230703,000000,0.187206,0.192833,0.187106,0.191511,382996.2496695829,0
GLM.V,D,20230704,000000,0.191715,0.194939,0.188423,0.192742,265920.90333072667,0
GLM.V,D,20230705,000000,0.19264,0.196418,0.185709,0.187428,231545.13499229267,0
GLM.V,D,20230706,000000,0.187028,0.189798,0.181302,0.182395,294689.96715563687,0
GLM.V,D,20230707,000000,0.182085,0.183793,0.179989,0.182504,195904.6804417388,0
GLM.V,D,20230708,000000,0.182915,0.185109,0.180211,0.181929,94440.41625671828,0
GLM.V,D,20230709,000000,0.181718,0.19003,0.181705,0.183833,341844.72102911683,0
GLM.V,D,20230710,000000,0.183535,0.185815,0.180111,0.184124,244616.4175989046,0
GLM.V,D,20230711,000000,0.184031,0.243937,0.182827,0.195512,17467864.6697654,0
GLM.V,D,20230712,000000,0.195508,0.205904,0.193286,0.195084,1879956.84807847,0
GLM.V,D,20230713,000000,0.194594,0.20839,0.191087,0.199292,1050898.4476063752,0
GLM.V,D,20230714,000000,0.19967,0.221562,0.199084,0.205999,1578344.1990964767,0
GLM.V,D,20230715,000000,0.206707,0.214967,0.201679,0.209061,605298.1182286058,0
GLM.V,D,20230716,000000,0.209261,0.21596,0.202769,0.203896,398750.1153951867,0
GLM.V,D,20230717,000000,0.204396,0.20556,0.199242,0.202636,156869.30847306273,0
GLM.V,D,20230718,000000,0.203039,0.204541,0.1967,0.199146,231853.55156998313,0
GLM.V,D,20230719,000000,0.199446,0.202934,0.198742,0.202,202684.43330976416,0
GLM.V,D,20230720,000000,0.2022,0.203902,0.198682,0.199362,156117.78322165966,0
GLM.V,D,20230721,000000,0.199386,0.2013,0.196696,0.200502,189961.5065502832,0
GLM.V,D,20230722,000000,0.201502,0.2041,0.201202,0.20262,260048.55058505258,0
GLM.V,D,20230723,000000,0.20252,0.219998,0.202032,0.2068,2471746.889165242,0
GLM.V,D,20230724,000000,0.206996,0.211987,0.195259,0.196076,502120.5012051147,0
GLM.V,D,20230725,000000,0.196478,0.197555,0.191681,0.195386,384977.41743937327,0
GLM.V,D,20230726,000000,0.195582,0.199048,0.193967,0.198694,308469.86209863605,0
GLM.V,D,20230727,000000,0.198806,0.200606,0.196349,0.198045,246719.07807712228,0
GLM.V,D,20230728,000000,0.197845,0.202255,0.195933,0.201494,225809.02697545997,0
GLM.V,D,20230729,000000,0.201598,0.207996,0.200994,0.205594,299416.0601685545,0
GLM.V,D,20230730,000000,0.2059,0.208204,0.197384,0.197684,271628.14247865137,0
GLM.V,D,20230731,000000,0.197282,0.209952,0.197282,0.204365,647554.5910890186,0
GLM.V,D,20230801,000000,0.20398,0.209275,0.199752,0.206095,445181.1546228618,0
GLM.V,D,20230802,000000,0.206097,0.211879,0.203753,0.207779,555647.6325352442,0
GLM.V,D,20230803,000000,0.20748,0.213576,0.206381,0.209924,356568.5178662249,0
GLM.V,D,20230804,000000,0.209845,0.209845,0.204767,0.205266,110681.58278417557,0
GLM.V,D,20230805,000000,0.206466,0.217459,0.206366,0.212673,953790.0678378859,0
GLM.V,D,20230806,000000,0.212442,0.216149,0.204175,0.206097,513565.65504457813,0
GLM.V,D,20230807,000000,0.20651,0.207151,0.196035,0.200783,374077.3551616552,0
GLM.V,D,20230808,000000,0.200761,0.313187,0.197132,0.232665,54938083.70968837,0
GLM.V,D,20230809,000000,0.232965,0.261866,0.215577,0.226803,48840036.00115542,0
GLM.V,D,20230810,000000,0.227702,0.253564,0.220839,0.228957,10947184.415635837,0
GLM.V,D,20230811,000000,0.229354,0.231053,0.215433,0.217361,1800936.144376702,0
GLM.V,D,20230812,000000,0.216763,0.21738,0.208188,0.20968,1818262.7731648686,0
GLM.V,D,20230813,000000,0.21008,0.211475,0.205995,0.206737,672456.9254432126,0
GLM.V,D,20230814,000000,0.207036,0.208435,0.204716,0.205763,1230050.239917355,0
GLM.V,D,20230815,000000,0.206092,0.208094,0.197193,0.198178,1109684.4252198488,0
GLM.V,D,20230816,000000,0.198276,0.200397,0.181397,0.181696,880298.432898021,0
GLM.V,D,20230817,000000,0.181496,0.182466,0.162387,0.163507,982023.7320159152,0
GLM.V,D,20230818,000000,0.163533,0.168333,0.161432,0.167221,534869.0438262256,0
GLM.V,D,20230819,000000,0.16683,0.172371,0.166657,0.17065,285500.22708934016,0
GLM.V,D,20230820,000000,0.170451,0.193783,0.169964,0.177189,7893243.798547984,0
GLM.V,D,20230821,000000,0.177191,0.182789,0.171954,0.174874,1643873.3310277963,0
GLM.V,D,20230822,000000,0.174774,0.177272,0.168931,0.169341,641596.6721549386,0
GLM.V,D,20230823,000000,0.169439,0.176212,0.169346,0.174165,274537.31670878775,0
GLM.V,D,20230824,000000,0.174358,0.175767,0.171888,0.172812,346898.3768197054,0
GLM.V,D,20230825,000000,0.172912,0.173108,0.167996,0.170103,480754.2746543588,0
GLM.V,D,20230826,000000,0.170108,0.173196,0.170108,0.171109,119726.303934893,0
GLM.V,D,20230827,000000,0.170813,0.171313,0.169414,0.170322,95322.57146888346,0
GLM.V,D,20230828,000000,0.17012,0.172317,0.165877,0.167018,264237.89974592923,0
GLM.V,D,20230829,000000,0.166911,0.173909,0.164187,0.171531,531230.1524257524,0
GLM.V,D,20230830,000000,0.171627,0.178789,0.169402,0.1731,1174730.1940887028,0
GLM.V,D,20230831,000000,0.1731,0.173197,0.162479,0.16318,614790.7625795706,0
GLM.V,D,20230901,000000,0.162977,0.163961,0.158056,0.160513,168344.9247553633,0
GLM.V,D,20230902,000000,0.160017,0.173065,0.158835,0.164784,1077242.1967602298,0
GLM.V,D,20230903,000000,0.164782,0.16797,0.162772,0.164372,555070.9027685891,0
GLM.V,D,20230904,000000,0.164172,0.165374,0.162446,0.163154,178140.42153752543,0
GLM.V,D,20230905,000000,0.162656,0.164978,0.161126,0.163621,401477.96683738165,0
GLM.V,D,20230906,000000,0.163425,0.170111,0.16253,0.164901,603918.2665185401,0
GLM.V,D,20230907,000000,0.165401,0.167405,0.164106,0.166615,154241.16336342302,0
GLM.V,D,20230908,000000,0.16661,0.168123,0.164423,0.166077,159030.01046263534,0
GLM.V,D,20230909,000000,0.165982,0.167728,0.163754,0.16525,682922.13797133,0
GLM.V,D,20230910,000000,0.165647,0.168078,0.162761,0.164139,187959.10197645082,0
GLM.V,D,20230911,000000,0.164339,0.165637,0.157957,0.158949,348740.18651953747,0
GLM.V,D,20230912,000000,0.158448,0.163577,0.157959,0.16229,283749.76546659484,0
GLM.V,D,20230913,000000,0.162685,0.167395,0.16089,0.166452,194870.36716752956,0
GLM.V,D,20230914,000000,0.166518,0.172012,0.16621,0.169753,264186.15780331125,0
GLM.V,D,20230915,000000,0.170848,0.174909,0.1686,0.174307,447367.4897174941,0
GLM.V,D,20230916,000000,0.174895,0.176632,0.173621,0.176616,234337.8527531255,0
GLM.V,D,20230917,000000,0.176223,0.178141,0.170941,0.170941,349025.87763937126,0
GLM.V,D,20230918,000000,0.171233,0.176037,0.168727,0.173633,308830.66919152706,0
GLM.V,D,20230919,000000,0.174228,0.176237,0.173338,0.174617,132485.7359174196,0
GLM.V,D,20230920,000000,0.175023,0.179816,0.173007,0.177911,510722.362793549,0
GLM.V,D,20230921,000000,0.178107,0.178902,0.17289,0.175884,472701.72950954264,0
GLM.V,D,20230922,000000,0.175598,0.180587,0.174593,0.179987,262723.10415683326,0
GLM.V,D,20230923,000000,0.180087,0.181391,0.179104,0.179811,208177.4368204228,0
GLM.V,D,20230924,000000,0.179911,0.19111,0.175507,0.176509,1357317.4382909096,0
GLM.V,D,20230925,000000,0.176709,0.181451,0.170662,0.175089,668614.464349021,0
GLM.V,D,20230926,000000,0.175289,0.179942,0.172124,0.17321,578512.6530160795,0
GLM.V,D,20230927,000000,0.173417,0.175695,0.172581,0.173373,201501.81711554923,0
GLM.V,D,20230928,000000,0.17337,0.1783,0.173063,0.177696,147087.52281075006,0
GLM.V,D,20230929,000000,0.177698,0.181384,0.176891,0.17808,453392.1239705027,0
GLM.V,D,20230930,000000,0.177975,0.185013,0.177882,0.182335,327675.81853809534,0
GLM.V,D,20231001,000000,0.182837,0.187917,0.182235,0.184722,512745.24205195374,0
GLM.V,D,20231002,000000,0.184522,0.187502,0.180052,0.180052,192606.524222067,0
GLM.V,D,20231003,000000,0.180243,0.189398,0.178023,0.182493,1020514.494395924,0
GLM.V,D,20231004,000000,0.182615,0.184694,0.178121,0.179804,445926.26681708667,0
GLM.V,D,20231005,000000,0.1794,0.192523,0.178989,0.182449,1057816.9742779997,0
GLM.V,D,20231006,000000,0.182149,0.18347,0.177634,0.183273,292778.9737405275,0
GLM.V,D,20231007,000000,0.182779,0.186619,0.182779,0.185105,260031.09326386356,0
GLM.V,D,20231008,000000,0.184605,0.191115,0.183021,0.188908,934745.3508637815,0
GLM.V,D,20231009,000000,0.188806,0.190174,0.178159,0.179136,457166.91783206444,0
GLM.V,D,20231010,000000,0.179539,0.181234,0.177712,0.17932,184469.525295216,0
GLM.V,D,20231011,000000,0.179518,0.180304,0.170966,0.173152,290802.04842733766,0
GLM.V,D,20231012,000000,0.172752,0.175644,0.171733,0.174036,160846.2509195986,0
GLM.V,D,20231013,000000,0.174437,0.177632,0.173315,0.176459,274676.4989591834,0
GLM.V,D,20231014,000000,0.176863,0.176863,0.174781,0.175288,60441.022717901695,0
GLM.V,D,20231015,000000,0.174996,0.180007,0.174797,0.179907,180142.9347447235,0
GLM.V,D,20231016,000000,0.180205,0.185541,0.178625,0.183977,307938.4986793762,0
GLM.V,D,20231017,000000,0.183775,0.194823,0.183572,0.186069,2677139.444351978,0
GLM.V,D,20231018,000000,0.186069,0.196959,0.182568,0.187741,2647806.996280064,0
GLM.V,D,20231019,000000,0.187334,0.202679,0.184544,0.196677,5795307.00613309,0
GLM.V,D,20231020,000000,0.196379,0.214461,0.196098,0.206487,3924285.412913062,0
GLM.V,D,20231021,000000,0.206985,0.212504,0.196743,0.203502,1298645.3226814764,0
GLM.V,D,20231022,000000,0.2039,0.205676,0.194409,0.199666,570610.9709566459,0
GLM.V,D,20231023,000000,0.198768,0.225761,0.19876,0.208806,3066799.9507491337,0
GLM.V,D,20231024,000000,0.208406,0.223213,0.208014,0.221873,2029086.7633698862,0
GLM.V,D,20231025,000000,0.220276,0.239614,0.216415,0.21905,2026464.636517034,0
GLM.V,D,20231026,000000,0.21925,0.221455,0.20779,0.2102,1157341.3510465256,0
GLM.V,D,20231027,000000,0.211404,0.21194,0.206541,0.208148,260059.2897127209,0
GLM.V,D,20231028,000000,0.208748,0.21293,0.20804,0.211934,177190.5792848019,0
GLM.V,D,20231029,000000,0.211936,0.218022,0.21044,0.216161,182723.7832832134,0
GLM.V,D,20231030,000000,0.215876,0.229569,0.212866,0.225272,823476.3864170869,0
GLM.V,D,20231031,000000,0.225877,0.226486,0.211357,0.21879,309716.7761364667,0
GLM.V,D,20231101,000000,0.21869,0.222404,0.211155,0.220671,349051.9837000665,0
GLM.V,D,20231102,000000,0.220968,0.226604,0.218439,0.223329,543233.7481259521,0
GLM.V,D,20231103,000000,0.222929,0.227341,0.21506,0.22459,1064052.4851167956,0
GLM.V,D,20231104,000000,0.22509,0.230731,0.221186,0.230536,612535.9614636838,0
GLM.V,D,20231105,000000,0.230827,0.232142,0.224584,0.226802,318911.3351412211,0
GLM.V,D,20231106,000000,0.227677,0.231653,0.222678,0.231365,532998.8413999657,0
GLM.V,D,20231107,000000,0.231465,0.23317,0.224752,0.230506,239928.906381208,0
GLM.V,D,20231108,000000,0.230585,0.247874,0.228908,0.243856,1989891.4717592073,0
GLM.V,D,20231109,000000,0.243168,0.249492,0.232314,0.242849,997958.4842835465,0
GLM.V,D,20231110,000000,0.242746,0.254525,0.239255,0.24963,2689523.3144668574,0
GLM.V,D,20231111,000000,0.249627,0.250725,0.237445,0.245056,528637.0010493298,0
GLM.V,D,20231112,000000,0.245859,0.252701,0.239872,0.249502,563245.0708389954,0
GLM.V,D,20231113,000000,0.2491,0.273974,0.24319,0.264374,2865403.234788942,0
GLM.V,D,20231114,000000,0.264774,0.294394,0.250973,0.266635,4990986.536525058,0
GLM.V,D,20231115,000000,0.265537,0.291914,0.263545,0.291202,2204871.9054325414,0
GLM.V,D,20231116,000000,0.291248,0.304367,0.282382,0.293321,3143579.845208667,0
GLM.V,D,20231117,000000,0.293432,0.331263,0.285831,0.308602,7194699.420550483,0
GLM.V,D,20231118,000000,0.310706,0.372245,0.253106,0.269532,21091134.102195915,0
GLM.V,D,20231119,000000,0.269432,0.272945,0.253114,0.257018,3217671.862525099,0
GLM.V,D,20231120,000000,0.257111,0.265533,0.253477,0.253477,1699146.3939546559,0
GLM.V,D,20231121,000000,0.254673,0.258778,0.226188,0.226488,1458475.2667889681,0
GLM.V,D,20231122,000000,0.226486,0.242495,0.216619,0.239877,948600.450007183,0
GLM.V,D,20231123,000000,0.240174,0.24057,0.233258,0.236933,443328.15317218186,0
GLM.V,D,20231124,000000,0.236933,0.244996,0.236228,0.242094,676343.6372647422,0
GLM.V,D,20231125,000000,0.241793,0.245447,0.238867,0.243446,441263.37410438986,0
GLM.V,D,20231126,000000,0.243141,0.24994,0.241738,0.246394,629333.9828416359,0
GLM.V,D,20231127,000000,0.246594,0.246594,0.231216,0.233202,519871.9869275938,0
GLM.V,D,20231128,000000,0.233405,0.246032,0.228798,0.241442,1540081.302298714,0
GLM.V,D,20231129,000000,0.24154,0.253945,0.237523,0.243029,1618310.0672435449,0
GLM.V,D,20231130,000000,0.242829,0.245429,0.236626,0.239634,640849.3422311185,0
GLM.V,D,20231201,000000,0.239331,0.242692,0.237445,0.241096,323565.1273991904,0
GLM.V,D,20231202,000000,0.241296,0.246999,0.240718,0.245508,1095392.386867975,0
GLM.V,D,20231203,000000,0.244913,0.246991,0.239793,0.244388,762749.8552407055,0
GLM.V,D,20231204,000000,0.244085,0.248657,0.236521,0.24311,619342.7209352779,0
GLM.V,D,20231205,000000,0.24301,0.256913,0.242002,0.250153,2175341.8206410035,0
GLM.V,D,20231206,000000,0.250348,0.256656,0.241729,0.245727,1021405.1699746646,0
GLM.V,D,20231207,000000,0.246217,0.249047,0.238031,0.245486,1363221.287926208,0
GLM.V,D,20231208,000000,0.245888,0.253586,0.245671,0.252781,378741.4324896063,0
GLM.V,D,20231209,000000,0.252783,0.258275,0.252171,0.257269,733487.1030610253,0
GLM.V,D,20231210,000000,0.257267,0.259513,0.247049,0.2575,978461.5377762532,0
GLM.V,D,20231211,000000,0.257713,0.261505,0.229223,0.241187,2100279.205993742,0
GLM.V,D,20231212,000000,0.240487,0.24362,0.235523,0.239495,797340.8848737933,0
GLM.V,D,20231213,000000,0.239292,0.243893,0.232326,0.242956,504724.7783634851,0
GLM.V,D,20231214,000000,0.242639,0.247925,0.23891,0.247137,577538.1878856813,0
GLM.V,D,20231215,000000,0.24734,0.247942,0.240945,0.241924,309586.1479468796,0
GLM.V,D,20231216,000000,0.241927,0.241927,0.236681,0.239706,351314.6429265939,0
GLM.V,D,20231217,000000,0.239308,0.26228,0.235076,0.243049,3675928.471163735,0
GLM.V,D,20231218,000000,0.243047,0.244577,0.224296,0.237229,1446782.1445019806,0
GLM.V,D,20231219,000000,0.237529,0.250597,0.237353,0.242776,1492679.7598117697,0
GLM.V,D,20231220,000000,0.243378,0.249855,0.239221,0.246307,554632.0188329885,0
GLM.V,D,20231221,000000,0.246307,0.248225,0.242805,0.247445,951703.4735665579,0
GLM.V,D,20231222,000000,0.247247,0.248874,0.243629,0.248196,347006.0188803894,0
GLM.V,D,20231223,000000,0.248499,0.2564,0.245821,0.254725,1053687.1269564827,0
GLM.V,D,20231224,000000,0.254725,0.258314,0.244793,0.245962,1021962.7301794683,0
GLM.V,D,20231225,000000,0.24606,0.253708,0.244918,0.252856,519146.64415651234,0
GLM.V,D,20231226,000000,0.252753,0.253758,0.240135,0.246475,563466.8887967708,0
GLM.V,D,20231227,000000,0.246475,0.250533,0.238295,0.250057,864047.4950632951,0
GLM.V,D,20231228,000000,0.250258,0.252346,0.24258,0.244722,921106.3062680732,0
GLM.V,D,20231229,000000,0.244405,0.249845,0.237926,0.240546,580698.8170378625,0
GLM.V,D,20231230,000000,0.240748,0.242193,0.236598,0.239595,541673.3094595592,0
GLM.V,D,20231231,000000,0.239593,0.244602,0.23676,0.237841,471000.7888944989,0
GLM.V,D,20240101,000000,0.237238,0.244559,0.234488,0.243246,1019004.5651813245,0
GLM.V,D,20240102,000000,0.242749,0.250515,0.242749,0.245691,834492.3063523376,0
GLM.V,D,20240103,000000,0.245891,0.24965,0.219005,0.235587,1162323.1690170255,0
GLM.V,D,20240104,000000,0.236392,0.242809,0.230859,0.237685,397017.8948785814,0
GLM.V,D,20240105,000000,0.23778,0.239539,0.227123,0.232781,503822.47434416873,0
GLM.V,D,20240106,000000,0.232383,0.258746,0.229504,0.241245,3253861.362882644,0
GLM.V,D,20240107,000000,0.241545,0.243519,0.220732,0.220841,1252295.040555678,0
GLM.V,D,20240108,000000,0.220841,0.228801,0.205811,0.227602,2321857.074080098,0
GLM.V,D,20240109,000000,0.2271,0.228658,0.214347,0.217968,659779.6980344381,0
GLM.V,D,20240110,000000,0.217783,0.226552,0.209256,0.226057,1215331.6709801853,0
GLM.V,D,20240111,000000,0.225559,0.233745,0.221346,0.227811,1044018.6394372953,0
GLM.V,D,20240112,000000,0.226814,0.232316,0.215962,0.218354,1006676.6298653198,0
GLM.V,D,20240113,000000,0.217965,0.228973,0.216972,0.224651,3224139.414691771,0
GLM.V,D,20240114,000000,0.224546,0.22745,0.218766,0.220192,954329.1168040767,0
GLM.V,D,20240115,000000,0.219195,0.24564,0.216794,0.225293,3718803.0830087797,0
GLM.V,D,20240116,000000,0.22529,0.228079,0.222813,0.227666,572690.5095934963,0
GLM.V,D,20240117,000000,0.227157,0.228659,0.223275,0.227273,463445.47248683986,0
GLM.V,D,20240118,000000,0.227173,0.227175,0.21284,0.216082,868302.8199847203,0
GLM.V,D,20240119,000000,0.215982,0.216991,0.209097,0.215986,354313.18344924523,0
GLM.V,D,20240120,000000,0.215289,0.218607,0.214806,0.217721,413301.72865060664,0
GLM.V,D,20240121,000000,0.217821,0.244504,0.215645,0.223561,7066364.359317004,0
GLM.V,D,20240122,000000,0.223459,0.225653,0.208354,0.209376,995474.8567925366,0
GLM.V,D,20240123,000000,0.209176,0.211505,0.194468,0.200322,843571.6253408286,0
GLM.V,D,20240124,000000,0.200421,0.205483,0.19926,0.204102,535627.6113842842,0
GLM.V,D,20240125,000000,0.204192,0.207194,0.201683,0.205389,668154.2784831534,0
GLM.V,D,20240126,000000,0.205589,0.213321,0.204094,0.211753,758777.029309323,0
GLM.V,D,20240127,000000,0.21166,0.229831,0.20956,0.216498,2294321.4530681823,0
GLM.V,D,20240128,000000,0.216485,0.219282,0.210271,0.211066,663847.0485171806,0
GLM.V,D,20240129,000000,0.210868,0.216907,0.208844,0.215902,380871.60691181134,0
GLM.V,D,20240130,000000,0.216,0.216198,0.211685,0.214102,358841.29634841223,0
GLM.V,D,20240131,000000,0.213696,0.213898,0.205185,0.205881,504744.6122934892,0
GLM.V,D,20240201,000000,0.205785,0.207344,0.201798,0.20624,621685.3101735123,0
GLM.V,D,20240202,000000,0.20624,0.207609,0.204681,0.20709,241443.68337669433,0
GLM.V,D,20240203,000000,0.20739,0.209114,0.202185,0.20533,2241732.8947958057,0
GLM.V,D,20240204,000000,0.20533,0.205918,0.202125,0.202515,254028.5380743792,0
GLM.V,D,20240205,000000,0.202213,0.205401,0.198197,0.200637,239916.91951990064,0
GLM.V,D,20240206,000000,0.200541,0.207196,0.200541,0.204836,416289.12178743916,0
GLM.V,D,20240207,000000,0.205136,0.206194,0.200462,0.205859,411819.30349348753,0
GLM.V,D,20240208,000000,0.205757,0.209062,0.205414,0.207041,222316.94112195857,0
GLM.V,D,20240209,000000,0.206841,0.213591,0.206737,0.212325,437220.67367459,0
GLM.V,D,20240210,000000,0.212327,0.216876,0.210549,0.213262,610325.0420132597,0
GLM.V,D,20240211,000000,0.213462,0.224099,0.211389,0.216563,2205811.3359947596,0
GLM.V,D,20240212,000000,0.216563,0.222885,0.211002,0.219694,483465.153475857,0
GLM.V,D,20240213,000000,0.219794,0.219794,0.21213,0.215184,449955.0989844549,0
GLM.V,D,20240214,000000,0.215286,0.22174,0.213247,0.220105,741265.1523694866,0
GLM.V,D,20240215,000000,0.219806,0.222718,0.217467,0.220994,719493.9712060347,0
GLM.V,D,20240216,000000,0.221292,0.225508,0.218925,0.223372,1272253.8494742075,0
GLM.V,D,20240217,000000,0.223272,0.253784,0.221108,0.230151,9668904.285162978,0
GLM.V,D,20240218,000000,0.230353,0.252878,0.230251,0.245527,5842377.863244417,0
GLM.V,D,20240219,000000,0.244727,0.246257,0.229928,0.246059,7286747.853493767,0
GLM.V,D,20240220,000000,0.245659,0.388861,0.244349,0.353667,107281477.45227025,0
GLM.V,D,20240221,000000,0.354067,0.426998,0.322058,0.3648,56506675.54673672,0
GLM.V,D,20240222,000000,0.3661,0.388023,0.351404,0.372977,22844113.9160159,0
GLM.V,D,20240223,000000,0.372781,0.374264,0.332397,0.337353,6364127.367712469,0
GLM.V,D,20240224,000000,0.337453,0.3503,0.31499,0.3492,4807377.766770902,0
GLM.V,D,20240225,000000,0.348797,0.414396,0.344297,0.397784,29633106.35764963,0
GLM.V,D,20240226,000000,0.398092,0.43493,0.390853,0.41517,19169000.9412442,0
GLM.V,D,20240227,000000,0.415682,0.422157,0.377859,0.386354,5291929.192138232,0
GLM.V,D,20240228,000000,0.386555,0.40822,0.365247,0.388472,9879370.569152305,0
GLM.V,D,20240229,000000,0.389168,0.423131,0.360292,0.363714,8142533.303195495,0
GLM.V,D,20240301,000000,0.363414,0.40236,0.363411,0.398911,8239900.50521585,0
GLM.V,D,20240302,000000,0.399407,0.446419,0.384046,0.440531,9987652.650432115,0
GLM.V,D,20240303,000000,0.439931,0.773571,0.437028,0.725726,137885054.1978619,0
GLM.V,D,20240304,000000,0.727027,0.747388,0.636205,0.662928,42492790.645424254,0
GLM.V,D,20240305,000000,0.662728,0.675209,0.474557,0.55078,13559147.139622185,0
GLM.V,D,20240306,000000,0.551881,0.690542,0.531137,0.615308,14168351.25604133,0
GLM.V,D,20240307,000000,0.616508,0.680974,0.59445,0.61439,10749954.990345152,0
GLM.V,D,20240308,000000,0.614177,0.691235,0.604821,0.65632,9432486.103799578,0
GLM.V,D,20240309,000000,0.657222,0.733418,0.6464,0.69365,14693723.858149007,0
GLM.V,D,20240310,000000,0.693242,0.729106,0.63212,0.6377,18517797.148096684,0
GLM.V,D,20240311,000000,0.638331,0.654198,0.605555,0.633727,5399025.292533505,0
GLM.V,D,20240312,000000,0.63422,0.665627,0.598672,0.650052,6643000.1040150765,0
GLM.V,D,20240313,000000,0.647745,0.652894,0.616719,0.63298,2267155.1423314414,0
GLM.V,D,20240314,000000,0.632867,0.65432,0.576594,0.61178,2927267.548742479,0
GLM.V,D,20240315,000000,0.610386,0.641883,0.512415,0.553855,7341168.5099791,0
GLM.V,D,20240316,000000,0.553255,0.573482,0.48575,0.489701,5556883.4869705895,0
GLM.V,D,20240317,000000,0.488921,0.554967,0.468487,0.542107,10342986.346459024,0
GLM.V,D,20240318,000000,0.541907,0.551203,0.488422,0.49197,3414187.719184234,0
GLM.V,D,20240319,000000,0.493065,0.50005,0.425043,0.437367,4632448.08997322,0
GLM.V,D,20240320,000000,0.43831,0.496114,0.416533,0.487295,4630058.223214642,0
GLM.V,D,20240321,000000,0.481228,0.487522,0.460002,0.476781,709787.7558340307,0
GLM.V,D,20240322,000000,0.475686,0.496195,0.44208,0.447698,2592921.0881300536,0
GLM.V,D,20240323,000000,0.448299,0.50132,0.448212,0.4823,7123489.191961374,0
GLM.V,D,20240324,000000,0.482,0.49961,0.472037,0.499065,1850708.7819405615,0
GLM.V,D,20240325,000000,0.49927,0.52759,0.493275,0.521499,3303291.9768345165,0
GLM.V,D,20240326,000000,0.521178,0.559906,0.520199,0.545705,6088456.62202692,0
GLM.V,D,20240327,000000,0.545611,0.594394,0.5317,0.561198,26797945.296046913,0
GLM.V,D,20240328,000000,0.561192,0.642449,0.554856,0.588123,25210956.655366957,0
GLM.V,D,20240329,000000,0.587223,0.710836,0.580487,0.626901,62997484.36155763,0
GLM.V,D,20240330,000000,0.626601,0.636099,0.583568,0.584128,10915768.407958446,0
GLM.V,D,20240331,000000,0.584428,0.626088,0.582527,0.607673,6155146.9356684815,0
GLM.V,D,20240401,000000,0.607273,0.611518,0.541073,0.557612,6148154.296941446,0
GLM.V,D,20240402,000000,0.558507,0.604072,0.513789,0.529312,10382687.623549277,0
GLM.V,D,20240403,000000,0.529212,0.536515,0.494399,0.516155,6289458.1572937835,0
GLM.V,D,20240404,000000,0.515549,0.546819,0.495489,0.533128,3431359.9092673515,0
GLM.V,D,20240405,000000,0.533153,0.572858,0.502426,0.528806,8183741.783622271,0
GLM.V,D,20240406,000000,0.528648,0.538624,0.522535,0.533828,2366947.085890733,0
GLM.V,D,20240407,000000,0.534334,0.560923,0.534218,0.553644,4265604.7639852725,0
GLM.V,D,20240408,000000,0.554344,0.58127,0.546584,0.578571,5104996.652171577,0
GLM.V,D,20240409,000000,0.578165,0.60487,0.541851,0.549547,5198246.175513607,0
GLM.V,D,20240410,000000,0.550452,0.562875,0.506011,0.523984,2687998.698842785,0
GLM.V,D,20240411,000000,0.52439,0.535352,0.502394,0.508836,1540500.581537328,0
GLM.V,D,20240412,000000,0.508836,0.532321,0.382147,0.421126,7299728.4578446625,0
GLM.V,D,20240413,000000,0.420926,0.424527,0.311646,0.339975,5839780.030361334,0
GLM.V,D,20240414,000000,0.340275,0.382268,0.33337,0.369411,3302683.1686230768,0
GLM.V,D,20240415,000000,0.369711,0.402686,0.351576,0.364162,2506262.273066249,0
GLM.V,D,20240416,000000,0.363758,0.374112,0.346656,0.367373,1546106.1787021544,0
GLM.V,D,20240417,000000,0.367173,0.367744,0.335797,0.354061,1729910.1580392972,0
GLM.V,D,20240418,000000,0.353761,0.373346,0.339883,0.371211,1241851.3365781377,0
GLM.V,D,20240419,000000,0.371111,0.378274,0.337397,0.37442,1197376.2282604254,0
GLM.V,D,20240420,000000,0.374435,0.405538,0.362849,0.39962,1326001.765353746,0
GLM.V,D,20240421,000000,0.40072,0.411577,0.387281,0.403469,1346415.864917702,0
GLM.V,D,20240422,000000,0.403769,0.44102,0.401864,0.426124,2686235.194759673,0
GLM.V,D,20240423,000000,0.425928,0.431673,0.412637,0.415,1144782.5612456074,0
GLM.V,D,20240424,000000,0.415492,0.421121,0.390523,0.397338,882587.0290285437,0
GLM.V,D,20240425,000000,0.397334,0.397538,0.375217,0.394871,1235478.2554293037,0
GLM.V,D,20240426,000000,0.394371,0.394458,0.376662,0.3868,615126.2882373111,0
GLM.V,D,20240427,000000,0.386984,0.59564,0.379848,0.486961,119951029.83196712,0
GLM.V,D,20240428,000000,0.487661,0.603958,0.461961,0.539376,77071760.5781129,0
GLM.V,D,20240429,000000,0.538377,0.583425,0.493253,0.5135,39289172.965019286,0
GLM.V,D,20240430,000000,0.5142,0.54562,0.478412,0.490861,13390889.848188573,0
GLM.V,D,20240501,000000,0.490561,0.502662,0.435889,0.456315,6766871.649369837,0
GLM.V,D,20240502,000000,0.457013,0.46812,0.432189,0.447522,5406622.467624594,0
GLM.V,D,20240503,000000,0.448022,0.474362,0.435444,0.455491,5510174.816881907,0
GLM.V,D,20240504,000000,0.457292,0.583558,0.447594,0.576758,32070245.28024559,0
GLM.V,D,20240505,000000,0.576152,0.6676,0.557267,0.615574,38709754.972330876,0
GLM.V,D,20240506,000000,0.616074,0.642619,0.583988,0.595412,13274066.536119439,0
GLM.V,D,20240507,000000,0.595406,0.613049,0.574089,0.576583,8092804.235431991,0
GLM.V,D,20240508,000000,0.577477,0.583942,0.53947,0.544826,4305236.45658403,0
GLM.V,D,20240509,000000,0.544331,0.578857,0.540627,0.559816,4464574.294715756,0
GLM.V,D,20240510,000000,0.56021,0.640923,0.555844,0.576021,10939525.370607143,0
GLM.V,D,20240511,000000,0.575727,0.583372,0.546814,0.549779,4372281.241449314,0
GLM.V,D,20240512,000000,0.549779,0.559176,0.5264,0.532576,2781807.120284916,0
GLM.V,D,20240513,000000,0.532476,0.553773,0.502359,0.534747,4809766.215596654,0
GLM.V,D,20240514,000000,0.534847,0.541597,0.497946,0.505313,4238659.639259916,0
GLM.V,D,20240515,000000,0.505318,0.545203,0.494893,0.540024,3298599.9398527667,0
GLM.V,D,20240516,000000,0.540624,0.556478,0.520494,0.531448,2358269.1627298347,0
GLM.V,D,20240517,000000,0.531448,0.54703,0.522831,0.540484,1484116.3579356924,0
GLM.V,D,20240518,000000,0.540189,0.548359,0.533281,0.535596,1342690.0159117319,0
GLM.V,D,20240519,000000,0.535291,0.536691,0.501695,0.50617,1132434.8265515661,0
GLM.V,D,20240520,000000,0.50647,0.557234,0.50577,0.551009,7939875.644259652,0
GLM.V,D,20240521,000000,0.551615,0.58039,0.548366,0.563482,4472196.215532433,0
GLM.V,D,20240522,000000,0.563154,0.567135,0.53562,0.55866,1442186.6507453416,0
GLM.V,D,20240523,000000,0.55836,0.558465,0.501539,0.526268,2146276.414209896,0
GLM.V,D,20240524,000000,0.525963,0.529109,0.504754,0.521043,1349032.9595192294,0
GLM.V,D,20240525,000000,0.520438,0.532083,0.519022,0.523695,694076.8605128408,0
GLM.V,D,20240526,000000,0.52389,0.526647,0.513195,0.523143,712804.4476129729,0
GLM.V,D,20240527,000000,0.523496,0.535453,0.511749,0.527667,2372097.626503992,0
GLM.V,D,20240528,000000,0.525369,0.527567,0.503937,0.518315,1851206.2809283943,0
GLM.V,D,20240529,000000,0.518315,0.536606,0.51375,0.520027,1831999.8806034613,0
GLM.V,D,20240530,000000,0.519123,0.531303,0.498905,0.508617,1609050.2689845583,0
GLM.V,D,20240531,000000,0.506917,0.511065,0.494499,0.507301,974899.9251769393,0
GLM.V,D,20240601,000000,0.506891,0.50799,0.494964,0.497552,682104.0514796996,0
GLM.V,D,20240602,000000,0.498056,0.500799,0.4837,0.485942,566311.3394230956,0
GLM.V,D,20240603,000000,0.486342,0.495891,0.476119,0.484622,642531.8002848172,0
GLM.V,D,20240604,000000,0.484422,0.484422,0.460706,0.4721,1515226.4690327789,0
GLM.V,D,20240605,000000,0.4729,0.516107,0.472095,0.503745,4138798.1205368675,0
GLM.V,D,20240606,000000,0.503245,0.514415,0.477538,0.485844,1227471.0470749494,0
GLM.V,D,20240607,000000,0.484745,0.500589,0.422158,0.464628,1826449.201442928,0
GLM.V,D,20240608,000000,0.463928,0.465918,0.430514,0.434152,1557912.7978634865,0
GLM.V,D,20240609,000000,0.434252,0.448846,0.426466,0.447833,808664.4779063017,0
GLM.V,D,20240610,000000,0.447845,0.451605,0.428276,0.440976,784926.8921832232,0
GLM.V,D,20240611,000000,0.440677,0.44639,0.410786,0.424211,1075837.0115169089,0
GLM.V,D,20240612,000000,0.424507,0.474491,0.416263,0.455545,3672018.5708659505,0
GLM.V,D,20240613,000000,0.456749,0.462452,0.422561,0.42563,1222439.0501791001,0
GLM.V,D,20240614,000000,0.425126,0.449798,0.405552,0.418399,4121892.4841497205,0
GLM.V,D,20240615,000000,0.418007,0.439832,0.410857,0.429455,1624417.9250658515,0
GLM.V,D,20240616,000000,0.429155,0.438732,0.422338,0.427358,1601480.9448980854,0
GLM.V,D,20240617,000000,0.427658,0.432493,0.367376,0.379222,2576235.4722056454,0
GLM.V,D,20240618,000000,0.379225,0.410369,0.351174,0.364,15838043.30698879,0
GLM.V,D,20240619,000000,0.3636,0.378303,0.356668,0.371351,2854302.9046537085,0
GLM.V,D,20240620,000000,0.370948,0.391339,0.362442,0.367739,2008085.7977614151,0
GLM.V,D,20240621,000000,0.367839,0.378812,0.35817,0.368272,2447080.1587274447,0
GLM.V,D,20240622,000000,0.368075,0.386423,0.359627,0.383247,1678656.557699966,0
GLM.V,D,20240623,000000,0.383508,0.384235,0.359366,0.366547,724627.7845566954,0
GLM.V,D,20240624,000000,0.365548,0.365548,0.33899,0.354941,1662224.122059634,0
GLM.V,D,20240625,000000,0.355034,0.377517,0.352688,0.375932,1482309.062677886,0
GLM.V,D,20240626,000000,0.376029,0.378183,0.354294,0.358759,805090.9453441399,0
GLM.V,D,20240627,000000,0.358624,0.365131,0.343987,0.361286,1150288.509986961,0
GLM.V,D,20240628,000000,0.36022,0.365003,0.349428,0.350804,510842.43221852666,0
GLM.V,D,20240629,000000,0.350102,0.356111,0.337752,0.33842,929240.0027060842,0
GLM.V,D,20240630,000000,0.33832,0.352656,0.329965,0.348156,1352120.958678448,0
GLM.V,D,20240701,000000,0.348156,0.359697,0.346763,0.353104,997230.5475623191,0
GLM.V,D,20240702,000000,0.352918,0.352918,0.339754,0.345446,730832.7366429168,0
GLM.V,D,20240703,000000,0.345646,0.348046,0.322342,0.327436,1229233.635650954,0
GLM.V,D,20240704,000000,0.327037,0.327636,0.288466,0.294332,1574878.831086572,0
GLM.V,D,20240705,000000,0.294435,0.295631,0.239135,0.266813,2461600.812163585,0
GLM.V,D,20240706,000000,0.266221,0.302339,0.264234,0.295209,2928868.943853978,0
GLM.V,D,20240707,000000,0.294806,0.350661,0.291829,0.306954,16746274.434860459,0
GLM.V,D,20240708,000000,0.306569,0.338083,0.294647,0.308872,10491713.256006999,0
GLM.V,D,20240709,000000,0.308572,0.327361,0.308169,0.315494,2539842.5259241117,0
GLM.V,D,20240710,000000,0.315994,0.323984,0.310403,0.315978,1712113.1972460607,0
GLM.V,D,20240711,000000,0.316078,0.322668,0.305994,0.306891,1478500.926278896,0
GLM.V,D,20240712,000000,0.306894,0.3202,0.303518,0.310174,829585.9751292885,0
GLM.V,D,20240713,000000,0.310462,0.317454,0.310259,0.316157,386469.0522824604,0
GLM.V,D,20240714,000000,0.315457,0.31999,0.312391,0.319015,478006.6718320628,0
GLM.V,D,20240715,000000,0.318615,0.331696,0.318615,0.331662,1535385.0172115285,0
GLM.V,D,20240716,000000,0.331082,0.366272,0.331082,0.354089,6207288.250297455,0
GLM.V,D,20240717,000000,0.353688,0.358068,0.341972,0.347328,1372465.7450315629,0
GLM.V,D,20240718,000000,0.347431,0.354728,0.330274,0.336533,3193478.2449402777,0
GLM.V,D,20240719,000000,0.336633,0.354674,0.334333,0.350947,1475718.5736340417,0
GLM.V,D,20240720,000000,0.351548,0.357361,0.345852,0.351051,1160473.6568110553,0
GLM.V,D,20240721,000000,0.351351,0.37781,0.338066,0.359772,2605857.4356776094,0
GLM.V,D,20240722,000000,0.360876,0.369218,0.343145,0.344603,1274828.4808912533,0
GLM.V,D,20240723,000000,0.344703,0.346104,0.325429,0.33524,1245414.4922356904,0
GLM.V,D,20240724,000000,0.33464,0.369496,0.333507,0.348137,6509020.157143351,0
GLM.V,D,20240725,000000,0.346438,0.346438,0.310725,0.325406,911923.175080078,0
GLM.V,D,20240726,000000,0.325815,0.34269,0.321948,0.3424,478528.997454826,0
GLM.V,D,20240727,000000,0.3424,0.349424,0.336337,0.347597,1094045.127819176,0
GLM.V,D,20240728,000000,0.348335,0.350172,0.332573,0.33297,440011.76462094556,0
GLM.V,D,20240729,000000,0.333167,0.348558,0.330791,0.33426,704959.0693698683,0
GLM.V,D,20240730,000000,0.333963,0.336829,0.322903,0.326002,557480.2362738525,0
GLM.V,D,20240731,000000,0.326465,0.333993,0.316502,0.319475,487621.4010036869,0
GLM.V,D,20240801,000000,0.320201,0.326296,0.286225,0.307423,1649579.9306491856,0
GLM.V,D,20240802,000000,0.306954,0.359915,0.297973,0.314538,7035493.512697941,0
GLM.V,D,20240803,000000,0.315237,0.323757,0.288007,0.296213,5369208.963611001,0
GLM.V,D,20240804,000000,0.29731,0.302334,0.269968,0.287114,1362857.626562246,0
GLM.V,D,20240805,000000,0.287217,0.289893,0.225098,0.254646,4078040.28139408,0
GLM.V,D,20240806,000000,0.255346,0.278108,0.255346,0.269903,1777822.8857336713,0
GLM.V,D,20240807,000000,0.269702,0.279409,0.260144,0.262724,1646190.2876760224,0
GLM.V,D,20240808,000000,0.261044,0.288684,0.256831,0.288186,667614.7743596177,0
GLM.V,D,20240809,000000,0.288386,0.30126,0.284688,0.29189,1344224.2120698155,0
GLM.V,D,20240810,000000,0.293091,0.298757,0.287783,0.297857,418783.4950647924,0
GLM.V,D,20240811,000000,0.297657,0.364095,0.293153,0.318632,18817072.296407297,0
GLM.V,D,20240812,000000,0.318532,0.348121,0.309556,0.313831,7562668.828927395,0
GLM.V,D,20240813,000000,0.314335,0.322855,0.303267,0.316438,1634600.9369841968,0
GLM.V,D,20240814,000000,0.316335,0.319196,0.303294,0.304727,1737557.0291347208,0
GLM.V,D,20240815,000000,0.304624,0.313213,0.295156,0.299754,986146.6322947867,0
GLM.V,D,20240816,000000,0.299457,0.308018,0.294056,0.302388,798613.2097736772,0
GLM.V,D,20240817,000000,0.302582,0.308674,0.29523,0.298024,869533.6848651007,0
GLM.V,D,20240818,000000,0.2984,0.303752,0.295524,0.29836,580247.7902950821,0
GLM.V,D,20240819,000000,0.29826,0.29946,0.287658,0.296362,975745.9648856736,0
GLM.V,D,20240820,000000,0.296365,0.310255,0.294662,0.302,1109507.3945004507,0
GLM.V,D,20240821,000000,0.301703,0.318689,0.299115,0.315428,840454.8884378915,0
GLM.V,D,20240822,000000,0.315928,0.327739,0.309156,0.317716,2488598.909964555,0
GLM.V,D,20240823,000000,0.317316,0.333884,0.315319,0.332566,698079.0701328089,0
GLM.V,D,20240824,000000,0.333453,0.346342,0.329512,0.330516,1816049.9428579647,0
GLM.V,D,20240825,000000,0.331299,0.341499,0.322213,0.329415,1534224.4384309757,0
GLM.V,D,20240826,000000,0.330516,0.330816,0.301257,0.304555,1250410.5105416274,0
GLM.V,D,20240827,000000,0.304055,0.311725,0.283697,0.287803,765476.7769303342,0
GLM.V,D,20240828,000000,0.285903,0.295512,0.278322,0.286826,486078.59631091333,0
GLM.V,D,20240829,000000,0.286526,0.296265,0.281717,0.284494,524762.1123072827,0
GLM.V,D,20240830,000000,0.283794,0.287206,0.270543,0.28276,473316.0927131255,0
GLM.V,D,20240831,000000,0.282563,0.285946,0.277086,0.279847,696889.4221456664,0
GLM.V,D,20240901,000000,0.279447,0.280444,0.268652,0.272154,380729.9491361192,0
GLM.V,D,20240902,000000,0.272354,0.280947,0.262968,0.278855,402505.33403394563,0
GLM.V,D,20240903,000000,0.278455,0.285777,0.269708,0.273024,715741.2517060791,0
GLM.V,D,20240904,000000,0.273026,0.2792,0.255631,0.277264,508654.9393132178,0
GLM.V,D,20240905,000000,0.277572,0.279169,0.263526,0.264902,472349.2628642221,0
GLM.V,D,20240906,000000,0.265804,0.273842,0.24567,0.252369,1959799.46009506,0
GLM.V,D,20240907,000000,0.252469,0.260274,0.250917,0.253475,406130.01428449096,0
GLM.V,D,20240908,000000,0.253672,0.262155,0.252172,0.261274,481896.5403641484,0
GLM.V,D,20240909,000000,0.261505,0.274836,0.261252,0.272852,1134160.707309746,0
GLM.V,D,20240910,000000,0.272749,0.2777,0.266592,0.275678,432717.79199730715,0
GLM.V,D,20240911,000000,0.27571,0.276486,0.262858,0.271024,620048.141471602,0
GLM.V,D,20240912,000000,0.271024,0.276372,0.269651,0.275878,630545.4521087331,0
GLM.V,D,20240913,000000,0.276278,0.286049,0.273489,0.285011,620345.7165930993,0
GLM.V,D,20240914,000000,0.285214,0.286966,0.277656,0.280951,683129.3726709295,0
GLM.V,D,20240915,000000,0.280751,0.283554,0.271024,0.272422,359331.12798484357,0
GLM.V,D,20240916,000000,0.272403,0.276483,0.265447,0.267646,918603.0081595931,0
GLM.V,D,20240917,000000,0.266749,0.278414,0.265849,0.273825,1298679.9287225227,0
GLM.V,D,20240918,000000,0.273127,0.280728,0.2635,0.272708,1066056.0689281072,0
GLM.V,D,20240919,000000,0.272908,0.29518,0.272908,0.294529,919774.6499409733,0
GLM.V,D,20240920,000000,0.294727,0.322723,0.293829,0.311022,3735413.931647334,0
GLM.V,D,20240921,000000,0.312031,0.376423,0.310828,0.338934,16831159.31194825,0
GLM.V,D,20240922,000000,0.339634,0.347831,0.3148,0.3148,1970992.503010988,0
GLM.V,D,20240923,000000,0.314968,0.330487,0.3119,0.325187,2030779.336001735,0
GLM.V,D,20240924,000000,0.324587,0.325232,0.314846,0.322181,1342570.8307967132,0
GLM.V,D,20240925,000000,0.322587,0.360053,0.321881,0.346445,5046392.365565543,0
GLM.V,D,20240926,000000,0.346441,0.348006,0.33391,0.346435,1500115.3732237325,0
GLM.V,D,20240927,000000,0.346335,0.358461,0.341244,0.35536,1184881.2551916926,0
GLM.V,D,20240928,000000,0.356364,0.36254,0.342348,0.347042,917349.3652836104,0
GLM.V,D,20240929,000000,0.347104,0.381491,0.342207,0.357657,8135654.122728216,0
GLM.V,D,20240930,000000,0.357329,0.411934,0.353371,0.380978,16667024.34229744,0
GLM.V,D,20241001,000000,0.380678,0.381893,0.321413,0.330714,3188254.1157708815,0
GLM.V,D,20241002,000000,0.331114,0.34137,0.306679,0.313015,1374140.9473296343,0
GLM.V,D,20241003,000000,0.312816,0.314853,0.299919,0.311863,1120765.7988266044,0
GLM.V,D,20241004,000000,0.311663,0.332893,0.311163,0.331093,907174.7582579289,0
GLM.V,D,20241005,000000,0.331093,0.343369,0.326751,0.33005,1702495.0464849186,0
GLM.V,D,20241006,000000,0.329751,0.337832,0.327061,0.333243,564591.2594021128,0
GLM.V,D,20241007,000000,0.335046,0.347341,0.3322,0.336799,1476124.1447664236,0
GLM.V,D,20241008,000000,0.335596,0.336899,0.322516,0.329363,589235.4591243083,0
GLM.V,D,20241009,000000,0.328663,0.330492,0.313424,0.317917,665116.076370669,0
GLM.V,D,20241010,000000,0.317636,0.330732,0.306486,0.315159,2196551.584350193,0
GLM.V,D,20241011,000000,0.315459,0.342052,0.314092,0.341856,2646643.1059410907,0
GLM.V,D,20241012,000000,0.342056,0.350849,0.338571,0.340698,1638783.2098091918,0
GLM.V,D,20241013,000000,0.340534,0.342294,0.322036,0.329365,631531.0685073935,0
GLM.V,D,20241014,000000,0.329833,0.345879,0.322938,0.341849,1109734.8215497145,0
GLM.V,D,20241015,000000,0.342445,0.344945,0.319717,0.334213,1496722.0794351564,0
GLM.V,D,20241016,000000,0.333917,0.337829,0.32708,0.328724,634489.513757165,0
GLM.V,D,20241017,000000,0.329334,0.335109,0.320594,0.323487,1043689.4888368871,0
GLM.V,D,20241018,000000,0.323284,0.33448,0.323284,0.33266,595840.8164829266,0
GLM.V,D,20241019,000000,0.332257,0.354772,0.33176,0.348116,5092535.3984058555,0
GLM.V,D,20241020,000000,0.34802,0.360464,0.344042,0.350581,2083464.827945434,0
GLM.V,D,20241021,000000,0.350905,0.355361,0.334966,0.339861,1019921.6882434495,0
GLM.V,D,20241022,000000,0.339357,0.34044,0.328953,0.336761,855292.0684363848,0
GLM.V,D,20241023,000000,0.336657,0.340971,0.315648,0.323064,702040.7856624379,0
GLM.V,D,20241024,000000,0.32395,0.335494,0.322954,0.3283,1084384.81838517,0
GLM.V,D,20241025,000000,0.328499,0.329392,0.30813,0.314333,824337.7918369788,0
GLM.V,D,20241026,000000,0.314533,0.315032,0.291421,0.302682,894628.863088422,0
GLM.V,D,20241027,000000,0.303199,0.311476,0.3029,0.310271,438091.35103063704,0
GLM.V,D,20241028,000000,0.310882,0.314089,0.29837,0.310483,1166114.0894919634,0
GLM.V,D,20241029,000000,0.311282,0.324319,0.309396,0.320094,869498.5582205111,0
GLM.V,D,20241030,000000,0.31982,0.3216,0.313665,0.315496,846154.6312825033,0
GLM.V,D,20241031,000000,0.316199,0.316699,0.29449,0.295715,843578.5660927119,0
GLM.V,D,20241101,000000,0.296109,0.301746,0.28926,0.291799,893125.5496642005,0
GLM.V,D,20241102,000000,0.292698,0.303354,0.283892,0.286814,2205416.8280836893,0
GLM.V,D,20241103,000000,0.285626,0.287505,0.267404,0.276592,1012739.3360354849,0
GLM.V,D,20241104,000000,0.276389,0.278954,0.26381,0.271691,619931.317817938,0
GLM.V,D,20241105,000000,0.270988,0.288628,0.26983,0.281763,1048709.8615132316,0
GLM.V,D,20241106,000000,0.282866,0.310286,0.282175,0.310086,1627422.0711677165,0
GLM.V,D,20241107,000000,0.310186,0.314554,0.302245,0.308154,1447879.2542469357,0
GLM.V,D,20241108,000000,0.309151,0.313188,0.300944,0.312103,1107589.5822910033,0
GLM.V,D,20241109,000000,0.312103,0.322151,0.307193,0.320396,1020732.2319607319,0
GLM.V,D,20241110,000000,0.319996,0.344741,0.315417,0.331686,4901972.814654936,0
GLM.V,D,20241111,000000,0.331986,0.349428,0.324653,0.349104,2545092.4897812214,0
GLM.V,D,20241112,000000,0.348797,0.373926,0.326184,0.35373,5598646.368124247,0
GLM.V,D,20241113,000000,0.351528,0.373847,0.325716,0.341175,4767955.58711585,0
GLM.V,D,20241114,000000,0.340574,0.352612,0.317592,0.326536,2087752.5279045163,0
GLM.V,D,20241115,000000,0.326036,0.341709,0.310581,0.340102,1129132.6621011384,0
GLM.V,D,20241116,000000,0.340402,0.364046,0.338395,0.361226,1458780.3094537659,0
GLM.V,D,20241117,000000,0.361226,0.364528,0.333697,0.33701,1678458.5691819538,0
GLM.V,D,20241118,000000,0.335413,0.378047,0.33531,0.371334,3071310.709150363,0
GLM.V,D,20241119,000000,0.371534,0.403001,0.356799,0.360654,6906842.09936069,0
GLM.V,D,20241120,000000,0.360647,0.367199,0.338214,0.34774,1568368.8670286457,0
GLM.V,D,20241121,000000,0.34744,0.364327,0.335805,0.361343,763205.005865955,0
GLM.V,D,20241122,000000,0.36164,0.368262,0.347174,0.36598,1759223.7155325296,0
GLM.V,D,20241123,000000,0.366781,0.392254,0.36522,0.382913,2305038.879985945,0
GLM.V,D,20241124,000000,0.382212,0.407587,0.367606,0.403903,4112663.224220808,0
GLM.V,D,20241125,000000,0.404504,0.523976,0.403403,0.467583,47917261.15926059,0
GLM.V,D,20241126,000000,0.466202,0.668433,0.458273,0.486015,72956055.11020346,0
GLM.V,D,20241127,000000,0.48612,0.524985,0.470279,0.486086,19683782.960748773,0
GLM.V,D,20241128,000000,0.485585,0.486838,0.459387,0.474824,4541482.262128577,0
GLM.V,D,20241129,000000,0.474419,0.528221,0.465042,0.498759,8288744.192081157,0
GLM.V,D,20241130,000000,0.497763,0.51429,0.487746,0.494898,4299607.430174978,0
GLM.V,D,20241201,000000,0.494898,0.497974,0.475247,0.493852,2262165.506410302,0
GLM.V,D,20241202,000000,0.495057,0.501901,0.450231,0.476467,3035169.4428884536,0
GLM.V,D,20241203,000000,0.476071,0.507641,0.448487,0.497128,7546135.556704482,0
GLM.V,D,20241204,000000,0.497718,0.534108,0.487307,0.517798,8703699.779253775,0
GLM.V,D,20241205,000000,0.517598,0.543189,0.486669,0.507339,8385873.192012392,0
GLM.V,D,20241206,000000,0.504487,0.530836,0.495797,0.528054,4825968.279847169,0
GLM.V,D,20241207,000000,0.527548,0.534147,0.509911,0.51406,1582812.2016696797,0
GLM.V,D,20241208,000000,0.513759,0.522123,0.499049,0.508685,1327367.3467466428,0
GLM.V,D,20241209,000000,0.50958,0.513482,0.366849,0.418926,4071117.3773204745,0
GLM.V,D,20241210,000000,0.418125,0.428416,0.36754,0.407904,2996644.157977492,0
GLM.V,D,20241211,000000,0.408104,0.438106,0.388121,0.435913,1844935.9513706807,0
GLM.V,D,20241212,000000,0.436418,0.451686,0.429583,0.437996,1788018.2855068373,0
GLM.V,D,20241213,000000,0.437161,0.441762,0.423859,0.428581,855782.2806062793,0
GLM.V,D,20241214,000000,0.427681,0.438622,0.408571,0.416862,783673.8526855019,0
GLM.V,D,20241215,000000,0.417662,0.426991,0.404523,0.416612,628319.9761638538,0
GLM.V,D,20241216,000000,0.417025,0.453341,0.417025,0.442224,6483741.803512129,0
GLM.V,D,20241217,000000,0.44392,0.451822,0.414683,0.41665,1535655.3410162928,0
GLM.V,D,20241218,000000,0.414463,0.415696,0.367027,0.371248,2021212.731404459,0
GLM.V,D,20241219,000000,0.371451,0.380502,0.338109,0.361649,1883890.0126335216,0
GLM.V,D,20241220,000000,0.36187,0.368572,0.313055,0.366166,1363800.2428884252,0
GLM.V,D,20241221,000000,0.365559,0.383608,0.339037,0.341595,602628.3242759396,0
GLM.V,D,20241222,000000,0.341702,0.384734,0.338114,0.353083,5231850.347917302,0
GLM.V,D,20241223,000000,0.353579,0.372707,0.340111,0.372707,836264.0289550414,0
GLM.V,D,20241224,000000,0.372804,0.386371,0.36267,0.382809,1309308.7656889125,0
GLM.V,D,20241225,000000,0.383946,0.386522,0.36762,0.369871,676490.3296965092,0
GLM.V,D,20241226,000000,0.37007,0.374185,0.339939,0.344731,823978.7246544884,0
GLM.V,D,20241227,000000,0.344014,0.362746,0.340481,0.352987,446336.53944490233,0
GLM.V,D,20241228,000000,0.352987,0.380759,0.351982,0.37499,3367359.5954512814,0
GLM.V,D,20241229,000000,0.375293,0.398897,0.3563,0.357591,3317087.3103892547,0
GLM.V,D,20241230,000000,0.357801,0.373373,0.348689,0.359049,636395.2838863744,0
GLM.V,D,20241231,000000,0.357049,0.370229,0.349016,0.360229,592810.9983470754,0
GLM.V,D,20250101,000000,0.360824,0.421235,0.360229,0.378311,16215374.973463226,0
GLM.V,D,20250102,000000,0.378208,0.386755,0.367323,0.376715,2542726.314504553,0
GLM.V,D,20250103,000000,0.376516,0.3991,0.376516,0.397353,1380828.4854846448,0
GLM.V,D,20250104,000000,0.398117,0.400488,0.390453,0.397932,1121802.0154412305,0
GLM.V,D,20250105,000000,0.39762,0.427397,0.394593,0.42369,7415722.132627267,0
GLM.V,D,20250106,000000,0.422794,0.435948,0.411814,0.42932,1400805.02023652,0
GLM.V,D,20250107,000000,0.427824,0.430677,0.38117,0.385546,1213601.0313361513,0
GLM.V,D,20250108,000000,0.384042,0.38893,0.363013,0.385284,1180718.0386873556,0
GLM.V,D,20250109,000000,0.384192,0.413656,0.384096,0.40808,1800278.2179770723,0
GLM.V,D,20250110,000000,0.406872,0.414175,0.382696,0.402411,1056742.8852086316,0
GLM.V,D,20250111,000000,0.401916,0.434413,0.395913,0.409803,6266149.609161766,0
GLM.V,D,20250112,000000,0.410007,0.424375,0.394799,0.395962,1684360.306076325,0
GLM.V,D,20250113,000000,0.396862,0.414959,0.346813,0.372344,1681489.115169993,0
GLM.V,D,20250114,000000,0.373043,0.396389,0.363936,0.38964,1310058.6761851313,0
GLM.V,D,20250115,000000,0.389336,0.403925,0.373598,0.402816,908461.9126719923,0
GLM.V,D,20250116,000000,0.403216,0.403924,0.385769,0.38981,553375.7797302005,0
GLM.V,D,20250117,000000,0.391014,0.404906,0.38813,0.402329,538120.7576337439,0
GLM.V,D,20250118,000000,0.402321,0.405242,0.368853,0.372757,1557311.9251117704,0
GLM.V,D,20250119,000000,0.37276,0.38458,0.338038,0.346722,1595441.4262178482,0
GLM.V,D,20250120,000000,0.345099,0.372976,0.331925,0.349766,1272614.2686592608,0
GLM.V,D,20250121,000000,0.349559,0.361189,0.334318,0.356754,507639.9611043363,0
GLM.V,D,20250122,000000,0.353817,0.355904,0.344521,0.344521,223385.74352534654,0
GLM.V,D,20250123,000000,0.344617,0.348311,0.331667,0.342275,479902.2126310905,0
GLM.V,D,20250124,000000,0.342375,0.349303,0.32987,0.33592,330938.82258179993,0
GLM.V,D,20250125,000000,0.33552,0.342008,0.333087,0.340639,216573.9132990352,0
GLM.V,D,20250126,000000,0.340835,0.34842,0.337343,0.340329,273142.1686749187,0
GLM.V,D,20250127,000000,0.337049,0.337233,0.307288,0.326918,427838.3645797038,0
GLM.V,D,20250128,000000,0.326841,0.33069,0.309845,0.312697,152377.4067824508,0
GLM.V,D,20250129,000000,0.312822,0.325664,0.307635,0.319187,354603.4164100827,0
GLM.V,D,20250130,000000,0.319594,0.332483,0.313994,0.32923,173216.23564677453,0
GLM.V,D,20250131,000000,0.32923,0.335147,0.320781,0.323906,230889.93383855623,0
GLM.V,D,20250201,000000,0.324109,0.330944,0.308923,0.308926,441542.13078162953,0
GLM.V,D,20250202,000000,0.308523,0.314156,0.259813,0.26602,892578.7086872284,0
GLM.V,D,20250203,000000,0.266525,0.273476,0.216937,0.272572,1420289.1752509095,0
GLM.V,D,20250204,000000,0.272875,0.273787,0.245056,0.249225,584677.9319908541,0
GLM.V,D,20250205,000000,0.249922,0.256677,0.241531,0.243924,602152.388537855,0
GLM.V,D,20250206,000000,0.244617,0.252253,0.234316,0.237517,331677.61806843115,0
GLM.V,D,20250207,000000,0.237717,0.252937,0.231516,0.233016,475202.92273179337,0
GLM.V,D,20250208,000000,0.234616,0.25073,0.234616,0.25022,241097.2853166419,0
GLM.V,D,20250209,000000,0.25022,0.261552,0.239919,0.249232,391207.13290077966,0
GLM.V,D,20250210,000000,0.24823,0.258926,0.243749,0.258139,361234.51272122416,0
GLM.V,D,20250211,000000,0.257844,0.267935,0.251465,0.256172,392455.6896242985,0
GLM.V,D,20250212,000000,0.256569,0.281492,0.25036,0.273416,1493557.7217885926,0
GLM.V,D,20250213,000000,0.273919,0.281308,0.26121,0.264797,531364.4864751004,0
GLM.V,D,20250214,000000,0.264905,0.273958,0.262853,0.263553,533961.140900708,0
GLM.V,D,20250215,000000,0.264342,0.267413,0.259929,0.260423,158708.146932521,0
