<TICKER>,<PER>,<DATE>,<TIME>,<OPEN>,<HIGH>,<LOW>,<CLOSE>,<VOL>,<OPENINT>
GLMR.V,D,20220402,000000,4.34674,5.37801,4.22577,4.88966,21077420.55979225,0
GLMR.V,D,20220403,000000,4.89556,5.35214,4.41512,4.85085,38441779.20589972,0
GLMR.V,D,20220404,000000,4.85896,5.9912,4.81724,5.35531,31529906.137433022,0
GLMR.V,D,20220405,000000,5.35851,5.45944,4.4975,4.63083,10125812.27235132,0
GLMR.V,D,20220406,000000,4.63133,4.75075,3.81738,4.0188,9189039.896076435,0
GLMR.V,D,20220407,000000,4.017,4.18682,3.71,3.87329,7568824.118330042,0
GLMR.V,D,20220408,000000,3.87779,4.19592,3.70197,3.83653,9055294.508024111,0
GLMR.V,D,20220409,000000,3.84165,3.97309,3.68287,3.85916,3379088.619943589,0
GLMR.V,D,20220410,000000,3.85986,4.4908,3.85446,4.15083,11101622.81840608,0
GLMR.V,D,20220411,000000,4.14863,4.14931,3.43333,3.46644,6827871.177302502,0
GLMR.V,D,20220412,000000,3.46739,3.78726,3.36841,3.52966,7407409.443449686,0
GLMR.V,D,20220413,000000,3.52906,4.23655,3.43429,3.9957,11642250.094270125,0
GLMR.V,D,20220414,000000,3.9967,4.17845,3.70541,3.83507,8991594.191381186,0
GLMR.V,D,20220415,000000,3.83557,4.14983,3.75215,3.9961,7819970.303878762,0
GLMR.V,D,20220416,000000,3.9954,4.31216,3.96419,4.13973,6493821.861838421,0
GLMR.V,D,20220417,000000,4.13713,4.28086,3.86787,3.93549,3463789.2261988632,0
GLMR.V,D,20220418,000000,3.93659,4.16125,3.65507,4.06452,6822539.838234496,0
GLMR.V,D,20220419,000000,4.06272,4.31086,3.9979,4.15783,8169829.9211323345,0
GLMR.V,D,20220420,000000,4.15913,4.49045,4.0254,4.12562,7430750.428079738,0
GLMR.V,D,20220421,000000,4.12502,4.24942,3.80778,3.88238,4355171.486323738,0
GLMR.V,D,20220422,000000,3.88239,3.9807,3.63983,3.75758,3668615.8974051196,0
GLMR.V,D,20220423,000000,3.75575,3.77916,3.57071,3.70544,2976773.54585396,0
GLMR.V,D,20220424,000000,3.70664,3.71454,3.33487,3.34827,3406499.9069796563,0
GLMR.V,D,20220425,000000,3.34927,3.45069,3.0691,3.40438,5019050.6852045795,0
GLMR.V,D,20220426,000000,3.40378,3.58112,3.0268,3.06261,4134248.092738075,0
GLMR.V,D,20220427,000000,3.06411,3.10469,2.9185,2.9851,4773091.942964579,0
GLMR.V,D,20220428,000000,2.9864,3.22842,2.9703,2.9973,6609349.223095781,0
GLMR.V,D,20220429,000000,3.0053,3.0298,2.58366,2.58796,6019404.48812801,0
GLMR.V,D,20220430,000000,2.58486,2.82158,2.47195,2.5112,5101948.353558894,0
GLMR.V,D,20220501,000000,2.5102,2.55526,2.3088,2.4822,4400203.748530199,0
GLMR.V,D,20220502,000000,2.48235,2.65617,2.43824,2.536,4663387.398859374,0
GLMR.V,D,20220503,000000,2.53645,2.58026,2.41342,2.44696,2467714.174437495,0
GLMR.V,D,20220504,000000,2.44696,2.8523,2.41752,2.7504,4737916.300515806,0
GLMR.V,D,20220505,000000,2.75427,2.91002,2.34963,2.43591,4931060.84636441,0
GLMR.V,D,20220506,000000,2.43606,2.44746,2.25787,2.32517,4023560.2508634985,0
GLMR.V,D,20220507,000000,2.32517,2.35206,2.21246,2.21356,2094383.6851157367,0
GLMR.V,D,20220508,000000,2.21696,2.23268,2.08367,2.15945,2394221.5977399047,0
GLMR.V,D,20220509,000000,2.15895,2.15895,1.72018,1.84293,6062150.161520493,0
GLMR.V,D,20220510,000000,1.82913,1.9815,1.61651,1.72501,3606127.14519238,0
GLMR.V,D,20220511,000000,1.72251,1.79,1.06922,1.11873,5617773.3181674415,0
GLMR.V,D,20220512,000000,1.11924,1.29089,1.04378,1.08775,6557711.156066468,0
GLMR.V,D,20220513,000000,1.08785,1.41096,1.08407,1.27563,6973682.813253208,0
GLMR.V,D,20220514,000000,1.2755,1.28528,1.07485,1.18594,4636199.502484086,0
GLMR.V,D,20220515,000000,1.18783,1.32238,1.17675,1.31299,4307544.115455456,0
GLMR.V,D,20220516,000000,1.31309,1.42709,1.23737,1.32857,3704303.3444334962,0
GLMR.V,D,20220517,000000,1.33157,1.44371,1.28153,1.39608,2350972.555079066,0
GLMR.V,D,20220518,000000,1.39678,1.42858,1.16558,1.17667,3708122.80179965,0
GLMR.V,D,20220519,000000,1.17827,1.26106,1.08858,1.19293,4832672.348770253,0
GLMR.V,D,20220520,000000,1.19233,1.25092,1.08052,1.12535,3294455.3606600817,0
GLMR.V,D,20220521,000000,1.12964,1.20783,1.09957,1.16488,2827255.9016140597,0
GLMR.V,D,20220522,000000,1.16309,1.25776,1.15578,1.22713,3367358.394246971,0
GLMR.V,D,20220523,000000,1.22653,1.31016,1.21184,1.22703,2971600.9163601953,0
GLMR.V,D,20220524,000000,1.2268,1.47368,1.12495,1.37052,10637546.52482625,0
GLMR.V,D,20220525,000000,1.36942,1.57437,1.273,1.31422,12315794.000719659,0
GLMR.V,D,20220526,000000,1.31355,1.3333,1.14872,1.19131,1941305.5386496133,0
GLMR.V,D,20220527,000000,1.19071,1.24116,1.12767,1.18801,2362440.7622989053,0
GLMR.V,D,20220528,000000,1.18643,1.23265,1.16362,1.1938,1331236.7144132655,0
GLMR.V,D,20220529,000000,1.19337,1.22952,1.16688,1.20437,1182602.6042653886,0
GLMR.V,D,20220530,000000,1.20419,1.42336,1.20201,1.39312,3444582.5083206855,0
GLMR.V,D,20220531,000000,1.39438,1.41067,1.2801,1.34223,3323242.009104082,0
GLMR.V,D,20220601,000000,1.34302,1.3718,1.21398,1.23379,1724903.9930778544,0
GLMR.V,D,20220602,000000,1.23339,1.38395,1.22108,1.36807,2546307.633512152,0
GLMR.V,D,20220603,000000,1.37146,1.39113,1.25062,1.29647,3252482.5219533364,0
GLMR.V,D,20220604,000000,1.29617,1.34012,1.28302,1.3156,2659626.5242057084,0
GLMR.V,D,20220605,000000,1.316,1.36436,1.29425,1.34623,2824921.580997191,0
GLMR.V,D,20220606,000000,1.34633,1.43512,1.31875,1.34745,6635851.890913757,0
GLMR.V,D,20220607,000000,1.34837,1.35065,1.22598,1.31112,4434211.352866202,0
GLMR.V,D,20220608,000000,1.31124,1.35533,1.25129,1.26907,4329454.568455078,0
GLMR.V,D,20220609,000000,1.27087,1.30926,1.2514,1.27273,3116313.7604972883,0
GLMR.V,D,20220610,000000,1.27262,1.27949,1.16895,1.19237,7442302.909207922,0
GLMR.V,D,20220611,000000,1.19237,1.19828,1.04379,1.07139,3889558.474990332,0
GLMR.V,D,20220612,000000,1.07008,1.08219,0.9987,1.01275,4523366.143247201,0
GLMR.V,D,20220613,000000,1.01275,1.01275,0.8011,0.87608,18399498.692069527,0
GLMR.V,D,20220614,000000,0.87868,0.9273,0.80779,0.87005,15322212.70074412,0
GLMR.V,D,20220615,000000,0.86855,0.9084,0.77116,0.90474,13667156.162152158,0
GLMR.V,D,20220616,000000,0.90684,0.91461,0.78256,0.815139,5139721.165312416,0
GLMR.V,D,20220617,000000,0.818361,0.821265,0.672791,0.685077,15793446.244617749,0
GLMR.V,D,20220618,000000,0.685676,0.712958,0.549685,0.599328,25362357.499273118,0
GLMR.V,D,20220619,000000,0.599627,0.666999,0.577978,0.651552,6977679.499481862,0
GLMR.V,D,20220620,000000,0.651717,0.692007,0.62189,0.660672,4194679.389807093,0
GLMR.V,D,20220621,000000,0.660407,0.707263,0.646118,0.659773,7455953.32070812,0
GLMR.V,D,20220622,000000,0.659474,0.661138,0.601198,0.60939,4030352.2722260943,0
GLMR.V,D,20220623,000000,0.60939,0.672327,0.600099,0.636563,5730003.064194285,0
GLMR.V,D,20220624,000000,0.636399,0.683446,0.634964,0.680369,6153306.049623771,0
GLMR.V,D,20220625,000000,0.683616,0.725214,0.663135,0.702908,6731051.685898748,0
GLMR.V,D,20220626,000000,0.703001,0.814937,0.689324,0.727856,11899692.84194127,0
GLMR.V,D,20220627,000000,0.727856,0.738135,0.677469,0.688886,3402758.5347062033,0
GLMR.V,D,20220628,000000,0.689093,0.712751,0.65417,0.670474,2652047.5723919165,0
GLMR.V,D,20220629,000000,0.670567,0.671886,0.622134,0.643826,2818231.695685441,0
GLMR.V,D,20220630,000000,0.645218,0.645225,0.579845,0.597083,3348811.1963595347,0
GLMR.V,D,20220701,000000,0.597582,0.740662,0.595385,0.645889,5412403.527275234,0
GLMR.V,D,20220702,000000,0.645989,0.708549,0.625311,0.677286,5066258.385556571,0
GLMR.V,D,20220703,000000,0.678085,0.697063,0.651886,0.672624,1140575.3425455205,0
GLMR.V,D,20220704,000000,0.672425,0.704953,0.654748,0.689871,2499295.4961111504,0
GLMR.V,D,20220705,000000,0.690071,0.708748,0.656477,0.682548,2471915.1143972483,0
GLMR.V,D,20220706,000000,0.682548,0.683947,0.651982,0.669663,1508738.3179374945,0
GLMR.V,D,20220707,000000,0.670761,0.700809,0.655079,0.691285,2497170.665216542,0
GLMR.V,D,20220708,000000,0.691285,0.710302,0.664501,0.68269,2128623.0987627935,0
GLMR.V,D,20220709,000000,0.682622,0.698481,0.674795,0.687687,1091535.6732992334,0
GLMR.V,D,20220710,000000,0.687618,0.690485,0.639852,0.654607,1077330.0620674908,0
GLMR.V,D,20220711,000000,0.654607,0.654607,0.611349,0.611349,1406665.7238829343,0
GLMR.V,D,20220712,000000,0.611149,0.611149,0.582858,0.586713,2121504.2354382263,0
GLMR.V,D,20220713,000000,0.58673,0.605394,0.555289,0.58787,2660065.0479460573,0
GLMR.V,D,20220714,000000,0.58807,0.618828,0.57394,0.602139,2060525.8299971346,0
GLMR.V,D,20220715,000000,0.602238,0.630721,0.601239,0.616615,2091857.4931332422,0
GLMR.V,D,20220716,000000,0.615315,0.639172,0.589964,0.619614,1315613.8793517721,0
GLMR.V,D,20220717,000000,0.617539,0.629362,0.60813,0.617739,1270358.0090571265,0
GLMR.V,D,20220718,000000,0.617939,0.692538,0.609087,0.660448,3953598.6567851566,0
GLMR.V,D,20220719,000000,0.660348,0.8079,0.656929,0.768723,7998410.344037044,0
GLMR.V,D,20220720,000000,0.768623,0.796708,0.693286,0.718736,4794956.4144951,0
GLMR.V,D,20220721,000000,0.718736,0.738255,0.676234,0.732383,2387730.950573181,0
GLMR.V,D,20220722,000000,0.732383,0.780164,0.712035,0.722559,3363829.980888566,0
GLMR.V,D,20220723,000000,0.723266,0.734573,0.677439,0.689931,2292291.3585342523,0
GLMR.V,D,20220724,000000,0.690169,0.735532,0.689931,0.727846,1539830.3383463807,0
GLMR.V,D,20220725,000000,0.729146,0.740341,0.666273,0.688055,1946606.6580557092,0
GLMR.V,D,20220726,000000,0.688055,0.688055,0.62675,0.633695,1512338.5861194895,0
GLMR.V,D,20220727,000000,0.6337,0.698893,0.6337,0.684864,2194887.8300808994,0
GLMR.V,D,20220728,000000,0.684864,0.768969,0.684678,0.753751,3134269.693416882,0
GLMR.V,D,20220729,000000,0.753858,0.790855,0.730783,0.762212,3742788.2693454074,0
GLMR.V,D,20220730,000000,0.762212,0.880908,0.759304,0.822671,7516987.082850153,0
GLMR.V,D,20220731,000000,0.820946,0.860086,0.792622,0.822489,4130419.1023607473,0
GLMR.V,D,20220801,000000,0.822947,0.850613,0.777025,0.786036,3871775.344400733,0
GLMR.V,D,20220802,000000,0.785936,0.810308,0.598179,0.70772,34198052.853132695,0
GLMR.V,D,20220803,000000,0.70692,0.72516,0.670174,0.692173,5377628.877453301,0
GLMR.V,D,20220804,000000,0.692408,0.73651,0.678275,0.710928,4502707.173191971,0
GLMR.V,D,20220805,000000,0.710921,0.78451,0.708328,0.73904,5011164.132104541,0
GLMR.V,D,20220806,000000,0.73944,0.791242,0.737925,0.766676,8048609.643614582,0
GLMR.V,D,20220807,000000,0.766769,0.774847,0.742778,0.767846,5358815.105495863,0
GLMR.V,D,20220808,000000,0.767646,0.806526,0.757836,0.771693,4910630.279863987,0
GLMR.V,D,20220809,000000,0.771793,0.775832,0.695818,0.720044,4514983.957213923,0
GLMR.V,D,20220810,000000,0.720044,0.770839,0.693787,0.756919,2480085.460414934,0
GLMR.V,D,20220811,000000,0.756919,0.789239,0.745728,0.748752,3015951.438560829,0
GLMR.V,D,20220812,000000,0.749552,0.7496,0.712385,0.731436,3531883.526411685,0
GLMR.V,D,20220813,000000,0.731429,0.771817,0.729785,0.738188,3684405.9895565184,0
GLMR.V,D,20220814,000000,0.738188,0.744375,0.686758,0.702918,6791236.993155727,0
GLMR.V,D,20220815,000000,0.702981,0.72929,0.676476,0.70837,2630045.5692025707,0
GLMR.V,D,20220816,000000,0.708477,0.739948,0.692966,0.700363,2466529.310023054,0
GLMR.V,D,20220817,000000,0.700363,0.719658,0.660774,0.670047,2548097.818387201,0
GLMR.V,D,20220818,000000,0.670147,0.686141,0.655139,0.666407,2934312.887505346,0
GLMR.V,D,20220819,000000,0.666367,0.669867,0.5972,0.6044,3306269.0093351314,0
GLMR.V,D,20220820,000000,0.603318,0.638428,0.59424,0.603,2261303.787724834,0
GLMR.V,D,20220821,000000,0.603088,0.643381,0.603088,0.638081,1840329.4125902,0
GLMR.V,D,20220822,000000,0.638087,0.6411,0.598558,0.606697,1262609.0760223405,0
GLMR.V,D,20220823,000000,0.606709,0.624463,0.596,0.613412,1901024.585699491,0
GLMR.V,D,20220824,000000,0.613339,0.624637,0.585359,0.605554,2621030.133644503,0
GLMR.V,D,20220825,000000,0.605655,0.613369,0.59676,0.600618,2142678.7492364794,0
GLMR.V,D,20220826,000000,0.600618,0.603706,0.555356,0.556256,2329962.7525983653,0
GLMR.V,D,20220827,000000,0.55625,0.562989,0.535248,0.544416,2129436.1496752836,0
GLMR.V,D,20220828,000000,0.544111,0.556617,0.539962,0.5449,919191.2184143105,0
GLMR.V,D,20220829,000000,0.5449,0.562584,0.523063,0.548933,1432921.6868103766,0
GLMR.V,D,20220830,000000,0.548944,0.560294,0.513641,0.524147,2003885.0986438636,0
GLMR.V,D,20220831,000000,0.524142,0.534805,0.513179,0.533595,1432391.1916279201,0
GLMR.V,D,20220901,000000,0.533695,0.534316,0.511115,0.524169,1325702.1557480055,0
GLMR.V,D,20220902,000000,0.524169,0.573603,0.5194,0.53568,2429896.765440072,0
GLMR.V,D,20220903,000000,0.536086,0.539997,0.5204,0.525953,1557496.1798214784,0
GLMR.V,D,20220904,000000,0.5259,0.5297,0.5175,0.5248,976618.4804361988,0
GLMR.V,D,20220905,000000,0.5248,0.529453,0.5104,0.516052,1101562.131502985,0
GLMR.V,D,20220906,000000,0.516052,0.5272,0.480452,0.4844,1441251.8032472911,0
GLMR.V,D,20220907,000000,0.4844,0.504866,0.470509,0.500825,1338610.5064328508,0
GLMR.V,D,20220908,000000,0.501335,0.504371,0.481243,0.493474,1823658.5798725025,0
GLMR.V,D,20220909,000000,0.4936,0.574895,0.490654,0.570594,5876899.24202687,0
GLMR.V,D,20220910,000000,0.570014,0.625375,0.542606,0.560707,15263686.563832065,0
GLMR.V,D,20220911,000000,0.560606,0.612878,0.560606,0.588647,5313991.810749409,0
GLMR.V,D,20220912,000000,0.586647,0.628526,0.568114,0.568114,5533957.168010141,0
GLMR.V,D,20220913,000000,0.568102,0.571237,0.515726,0.52211,3788310.990730074,0
GLMR.V,D,20220914,000000,0.521852,0.52371,0.49272,0.510428,3396229.7134123775,0
GLMR.V,D,20220915,000000,0.513028,0.517645,0.484618,0.493456,1946523.283725906,0
GLMR.V,D,20220916,000000,0.493456,0.49555,0.475452,0.493451,2305967.324009079,0
GLMR.V,D,20220917,000000,0.4935,0.5297,0.4862,0.510651,3531746.0874612303,0
GLMR.V,D,20220918,000000,0.5106,0.5231,0.4731,0.4771,3103535.8455148647,0
GLMR.V,D,20220919,000000,0.4771,0.4851,0.454645,0.475895,2633013.966002159,0
GLMR.V,D,20220920,000000,0.475548,0.480296,0.4567,0.4651,2034060.3848282562,0
GLMR.V,D,20220921,000000,0.464909,0.4765,0.4378,0.4396,2667363.8538593277,0
GLMR.V,D,20220922,000000,0.4395,0.467247,0.4359,0.4603,1965483.6510768773,0
GLMR.V,D,20220923,000000,0.4603,0.4745,0.445355,0.4621,1661942.8535484134,0
GLMR.V,D,20220924,000000,0.462054,0.468714,0.454291,0.455141,1128120.2834827772,0
GLMR.V,D,20220925,000000,0.4551,0.48882,0.4507,0.465,2348495.4668846936,0
GLMR.V,D,20220926,000000,0.465,0.4813,0.446145,0.461354,2595760.367163544,0
GLMR.V,D,20220927,000000,0.4614,0.488349,0.451055,0.456954,2137928.5541580464,0
GLMR.V,D,20220928,000000,0.456954,0.462,0.439656,0.4533,2053832.165846242,0
GLMR.V,D,20220929,000000,0.4533,0.471553,0.444,0.452245,3570000.9958304325,0
GLMR.V,D,20220930,000000,0.452245,0.4582,0.4249,0.4396,3667018.8295162143,0
GLMR.V,D,20221001,000000,0.439644,0.4722,0.4375,0.4551,2015275.958106204,0
GLMR.V,D,20221002,000000,0.4547,0.4855,0.4509,0.4543,9861647.755262606,0
GLMR.V,D,20221003,000000,0.4543,0.463993,0.4385,0.462046,2718132.9663195196,0
GLMR.V,D,20221004,000000,0.462046,0.481296,0.455891,0.472942,2484092.443476224,0
GLMR.V,D,20221005,000000,0.472942,0.473542,0.452245,0.465893,2129528.322235057,0
GLMR.V,D,20221006,000000,0.465993,0.538375,0.465993,0.485683,16447091.665326584,0
GLMR.V,D,20221007,000000,0.485683,0.487893,0.462323,0.470566,2677594.7482156293,0
GLMR.V,D,20221008,000000,0.470666,0.50952,0.470661,0.484421,4194845.256291823,0
GLMR.V,D,20221009,000000,0.484426,0.505851,0.483263,0.495299,2452263.62509377,0
GLMR.V,D,20221010,000000,0.49525,0.5,0.472,0.484752,1664534.004861376,0
GLMR.V,D,20221011,000000,0.4848,0.4848,0.451855,0.454059,2175473.437500986,0
GLMR.V,D,20221012,000000,0.454059,0.46454,0.447664,0.459114,1304982.5521925623,0
GLMR.V,D,20221013,000000,0.459114,0.459614,0.416146,0.440235,3038559.5543913343,0
GLMR.V,D,20221014,000000,0.44024,0.449104,0.427534,0.429309,1265215.5718881462,0
GLMR.V,D,20221015,000000,0.429117,0.466023,0.426734,0.452623,2940500.4430776574,0
GLMR.V,D,20221016,000000,0.452227,0.550817,0.448422,0.467319,13251677.671244107,0
GLMR.V,D,20221017,000000,0.467319,0.486849,0.454014,0.48071,4077464.7126347963,0
GLMR.V,D,20221018,000000,0.480814,0.483519,0.462437,0.478529,2332218.9185854862,0
GLMR.V,D,20221019,000000,0.478448,0.484419,0.467509,0.474505,2407387.092560208,0
GLMR.V,D,20221020,000000,0.474495,0.475071,0.459663,0.469053,1818207.8069257552,0
GLMR.V,D,20221021,000000,0.469067,0.474372,0.445496,0.452536,2106916.6678451183,0
GLMR.V,D,20221022,000000,0.452532,0.463342,0.452236,0.458337,1197022.4698722628,0
GLMR.V,D,20221023,000000,0.458341,0.462642,0.449736,0.46096,1418101.6991808254,0
GLMR.V,D,20221024,000000,0.46096,0.463946,0.450632,0.454318,971065.7455396993,0
GLMR.V,D,20221025,000000,0.454414,0.47821,0.447704,0.467063,2717315.1185867093,0
GLMR.V,D,20221026,000000,0.467159,0.495603,0.461825,0.478534,2755622.3170088283,0
GLMR.V,D,20221027,000000,0.478639,0.492908,0.463928,0.464833,1603091.2595838492,0
GLMR.V,D,20221028,000000,0.464528,0.471299,0.453136,0.468594,1482861.8223268588,0
GLMR.V,D,20221029,000000,0.468589,0.497414,0.468584,0.496914,1682775.89123585,0
GLMR.V,D,20221030,000000,0.496919,0.498125,0.472313,0.481496,2479632.436103284,0
GLMR.V,D,20221031,000000,0.481096,0.490005,0.470804,0.477462,2164839.1697951364,0
GLMR.V,D,20221101,000000,0.477471,0.492662,0.470206,0.485751,1502189.524733579,0
GLMR.V,D,20221102,000000,0.485851,0.488622,0.467281,0.468872,1809108.255446571,0
GLMR.V,D,20221103,000000,0.469677,0.505534,0.468872,0.496495,2219560.7319796504,0
GLMR.V,D,20221104,000000,0.4965,0.540049,0.491185,0.532143,3940563.6326255114,0
GLMR.V,D,20221105,000000,0.532537,0.543027,0.521321,0.539427,2877059.687612964,0
GLMR.V,D,20221106,000000,0.539422,0.539427,0.506215,0.507035,1652863.3879417381,0
GLMR.V,D,20221107,000000,0.506935,0.513015,0.489549,0.505666,2041360.2934565677,0
GLMR.V,D,20221108,000000,0.505852,0.517759,0.405627,0.442724,3446020.130060433,0
GLMR.V,D,20221109,000000,0.442423,0.450347,0.358541,0.373327,4163777.9951834735,0
GLMR.V,D,20221110,000000,0.37258,0.441945,0.366169,0.409328,2142177.6074073026,0
GLMR.V,D,20221111,000000,0.409795,0.459824,0.3623,0.369774,1956405.579930491,0
GLMR.V,D,20221112,000000,0.369848,0.381013,0.35506,0.375223,2507521.9113505045,0
GLMR.V,D,20221113,000000,0.375124,0.377919,0.353405,0.354403,1156180.6391174388,0
GLMR.V,D,20221114,000000,0.354374,0.366596,0.336161,0.351672,1406574.7361613698,0
GLMR.V,D,20221115,000000,0.351554,0.384115,0.351554,0.373826,1024441.3682202741,0
GLMR.V,D,20221116,000000,0.366145,0.367687,0.351313,0.358384,915245.5754060352,0
GLMR.V,D,20221117,000000,0.35847,0.361358,0.352072,0.356322,1051425.007851045,0
GLMR.V,D,20221118,000000,0.356525,0.363213,0.355408,0.357984,716303.5764668869,0
GLMR.V,D,20221119,000000,0.358188,0.363603,0.353204,0.357628,905256.3662811517,0
GLMR.V,D,20221120,000000,0.357778,0.36602,0.336691,0.337187,1618521.3795774612,0
GLMR.V,D,20221121,000000,0.336884,0.337383,0.319613,0.323411,1510978.1178813654,0
GLMR.V,D,20221122,000000,0.323411,0.355266,0.315795,0.331379,1651481.681827919,0
GLMR.V,D,20221123,000000,0.331395,0.366959,0.329997,0.34482,3615937.9042607932,0
GLMR.V,D,20221124,000000,0.344824,0.359861,0.343732,0.352008,1672776.3027218834,0
GLMR.V,D,20221125,000000,0.352097,0.354819,0.340521,0.345706,767314.8993317886,0
GLMR.V,D,20221126,000000,0.345699,0.355372,0.342687,0.346096,1343208.209283347,0
GLMR.V,D,20221127,000000,0.345996,0.373961,0.345699,0.362372,2875779.989600988,0
GLMR.V,D,20221128,000000,0.362068,0.362068,0.336112,0.340371,2127236.3605794795,0
GLMR.V,D,20221129,000000,0.340274,0.355205,0.337462,0.35167,2014104.6798547874,0
GLMR.V,D,20221130,000000,0.351566,0.362651,0.351167,0.358722,1580084.1097715301,0
GLMR.V,D,20221201,000000,0.359311,0.373196,0.353665,0.368322,3201184.1353897504,0
GLMR.V,D,20221202,000000,0.368318,0.475352,0.365233,0.405424,18482248.406043045,0
GLMR.V,D,20221203,000000,0.405416,0.45585,0.39804,0.39978,7964701.646972696,0
GLMR.V,D,20221204,000000,0.39964,0.410682,0.394139,0.40024,1910873.1999845768,0
GLMR.V,D,20221205,000000,0.40024,0.421542,0.397004,0.399112,2311188.131578859,0
GLMR.V,D,20221206,000000,0.399508,0.44684,0.397912,0.413892,4240151.182430264,0
GLMR.V,D,20221207,000000,0.4137,0.431709,0.395924,0.4162,6314968.103845516,0
GLMR.V,D,20221208,000000,0.4158,0.434852,0.413158,0.420329,3687219.061734929,0
GLMR.V,D,20221209,000000,0.420629,0.424321,0.406924,0.408912,6281383.201117974,0
GLMR.V,D,20221210,000000,0.409016,0.4157,0.402396,0.405092,1283968.365346709,0
GLMR.V,D,20221211,000000,0.405192,0.412308,0.40304,0.40304,778958.8067652907,0
GLMR.V,D,20221212,000000,0.40224,0.4026,0.381834,0.391035,1317367.375555785,0
GLMR.V,D,20221213,000000,0.390931,0.410098,0.374501,0.390302,2805249.4849778805,0
GLMR.V,D,20221214,000000,0.390083,0.393,0.381089,0.384027,1312158.99739666,0
GLMR.V,D,20221215,000000,0.384038,0.384577,0.365873,0.367337,1456072.8697360426,0
GLMR.V,D,20221216,000000,0.367473,0.3728,0.341234,0.341668,1296524.025922537,0
GLMR.V,D,20221217,000000,0.341434,0.347345,0.338544,0.347245,1262321.1053420661,0
GLMR.V,D,20221218,000000,0.347245,0.353032,0.345135,0.350045,635806.4456457525,0
GLMR.V,D,20221219,000000,0.350246,0.351742,0.334113,0.3354,725449.3887492194,0
GLMR.V,D,20221220,000000,0.3356,0.350493,0.3355,0.343514,1156920.3158200213,0
GLMR.V,D,20221221,000000,0.343514,0.34461,0.335297,0.336117,1005722.2236517749,0
GLMR.V,D,20221222,000000,0.336117,0.339646,0.332353,0.339449,679716.1034620092,0
GLMR.V,D,20221223,000000,0.339542,0.341235,0.333273,0.335163,1055478.1678577664,0
GLMR.V,D,20221224,000000,0.335266,0.337183,0.333263,0.335876,680027.3929154888,0
GLMR.V,D,20221225,000000,0.335983,0.34179,0.332863,0.33635,1077501.2022984645,0
GLMR.V,D,20221226,000000,0.336466,0.356332,0.336366,0.353329,2216939.919366109,0
GLMR.V,D,20221227,000000,0.353429,0.356229,0.346761,0.348164,886367.8602671648,0
GLMR.V,D,20221228,000000,0.348064,0.349849,0.341712,0.342318,716093.8229508667,0
GLMR.V,D,20221229,000000,0.342418,0.34979,0.335656,0.337648,1318874.8389360874,0
GLMR.V,D,20221230,000000,0.337648,0.345338,0.332657,0.334929,907869.9939129851,0
GLMR.V,D,20221231,000000,0.334733,0.336538,0.328836,0.328836,993358.2554747507,0
GLMR.V,D,20230101,000000,0.329332,0.331228,0.324728,0.329348,927056.8980043437,0
GLMR.V,D,20230102,000000,0.329049,0.340467,0.32516,0.33329,1146388.830673009,0
GLMR.V,D,20230103,000000,0.33319,0.3341,0.317966,0.319875,1590924.27522232,0
GLMR.V,D,20230104,000000,0.319875,0.334916,0.319875,0.329591,2715749.635321965,0
GLMR.V,D,20230105,000000,0.329591,0.333996,0.319169,0.320788,1772992.3520273487,0
GLMR.V,D,20230106,000000,0.320688,0.321375,0.311938,0.319101,1468368.723451269,0
GLMR.V,D,20230107,000000,0.319098,0.323606,0.315802,0.316524,1200700.3452277074,0
GLMR.V,D,20230108,000000,0.316221,0.327851,0.314059,0.327761,1431387.4404601073,0
GLMR.V,D,20230109,000000,0.327734,0.346776,0.326728,0.328997,3090103.3396090106,0
GLMR.V,D,20230110,000000,0.3291,0.3418,0.328697,0.337747,2388066.65048875,0
GLMR.V,D,20230111,000000,0.337751,0.340586,0.328144,0.337466,1836055.943188002,0
GLMR.V,D,20230112,000000,0.338963,0.356736,0.33346,0.356736,2905013.68510238,0
GLMR.V,D,20230113,000000,0.355736,0.377642,0.353689,0.372137,2779102.5142247877,0
GLMR.V,D,20230114,000000,0.37223,0.411662,0.371348,0.39722,3346704.6595826712,0
GLMR.V,D,20230115,000000,0.39782,0.444138,0.389874,0.409223,6634956.312623162,0
GLMR.V,D,20230116,000000,0.408723,0.416658,0.383727,0.396408,3719879.2756839376,0
GLMR.V,D,20230117,000000,0.396108,0.413754,0.391786,0.405345,2646047.4013953083,0
GLMR.V,D,20230118,000000,0.405345,0.422334,0.375989,0.381777,3312198.128570815,0
GLMR.V,D,20230119,000000,0.381681,0.393588,0.3778,0.392984,1755012.5970180153,0
GLMR.V,D,20230120,000000,0.392924,0.415287,0.388592,0.410074,1665065.9098253057,0
GLMR.V,D,20230121,000000,0.410374,0.446749,0.409982,0.433669,3370470.551677398,0
GLMR.V,D,20230122,000000,0.432869,0.476295,0.419584,0.447785,5180586.926986459,0
GLMR.V,D,20230123,000000,0.446789,0.511751,0.446789,0.481072,4876309.658813603,0
GLMR.V,D,20230124,000000,0.480877,0.486283,0.445771,0.449113,2052203.3550285343,0
GLMR.V,D,20230125,000000,0.449013,0.482092,0.437079,0.454773,3615608.3634864995,0
GLMR.V,D,20230126,000000,0.455377,0.478743,0.455377,0.478438,3139312.898754758,0
GLMR.V,D,20230127,000000,0.478838,0.490193,0.463942,0.480235,2539609.470313352,0
GLMR.V,D,20230128,000000,0.480563,0.489727,0.456982,0.458492,1633663.7288979,0
GLMR.V,D,20230129,000000,0.458392,0.482824,0.45641,0.482824,3036897.561194664,0
GLMR.V,D,20230130,000000,0.483024,0.48591,0.4282,0.43573,3874871.97880635,0
GLMR.V,D,20230131,000000,0.43573,0.449722,0.43377,0.44454,1842124.3468038382,0
GLMR.V,D,20230201,000000,0.444227,0.465042,0.423308,0.461328,3689195.5732934363,0
GLMR.V,D,20230202,000000,0.461723,0.492249,0.459564,0.464884,4796367.243255607,0
GLMR.V,D,20230203,000000,0.464893,0.505471,0.457473,0.493739,5304434.70698899,0
GLMR.V,D,20230204,000000,0.493644,0.495245,0.475824,0.485339,2126386.5587693416,0
GLMR.V,D,20230205,000000,0.485444,0.493399,0.449421,0.459515,3213071.646408367,0
GLMR.V,D,20230206,000000,0.459519,0.468517,0.448745,0.457218,2235517.7107783877,0
GLMR.V,D,20230207,000000,0.456818,0.483719,0.450132,0.481929,3826444.5267213476,0
GLMR.V,D,20230208,000000,0.483124,0.544495,0.479714,0.50294,12270055.286681615,0
GLMR.V,D,20230209,000000,0.502535,0.557911,0.440088,0.440844,12069738.715353735,0
GLMR.V,D,20230210,000000,0.44134,0.465007,0.439344,0.444167,3775482.4580823407,0
GLMR.V,D,20230211,000000,0.442966,0.451336,0.440348,0.44804,2630369.704178477,0
GLMR.V,D,20230212,000000,0.44814,0.456209,0.430365,0.434126,3878906.4689133894,0
GLMR.V,D,20230213,000000,0.433043,0.434839,0.399792,0.410922,3921647.549728655,0
GLMR.V,D,20230214,000000,0.410626,0.453877,0.4005,0.44737,7614984.425696494,0
GLMR.V,D,20230215,000000,0.44761,0.475986,0.435526,0.467884,6677286.406556098,0
GLMR.V,D,20230216,000000,0.468675,0.479743,0.433952,0.43654,7623519.003813864,0
GLMR.V,D,20230217,000000,0.436561,0.496995,0.425251,0.473943,9387094.584870303,0
GLMR.V,D,20230218,000000,0.474147,0.522199,0.469747,0.50258,13222315.17785097,0
GLMR.V,D,20230219,000000,0.50248,0.535286,0.488737,0.504116,6642390.806366758,0
GLMR.V,D,20230220,000000,0.503316,0.570857,0.484845,0.548722,9822765.778940616,0
GLMR.V,D,20230221,000000,0.548022,0.550555,0.490979,0.499085,6135975.521619752,0
GLMR.V,D,20230222,000000,0.49869,0.509351,0.463146,0.4942,3970860.1296367566,0
GLMR.V,D,20230223,000000,0.49461,0.510346,0.482792,0.492654,3944819.0235624905,0
GLMR.V,D,20230224,000000,0.492079,0.501555,0.448031,0.452595,3652944.7719243364,0
GLMR.V,D,20230225,000000,0.452695,0.459346,0.417079,0.433426,8430512.616972046,0
GLMR.V,D,20230226,000000,0.43323,0.464833,0.43213,0.455446,3934265.6250281027,0
GLMR.V,D,20230227,000000,0.45605,0.463614,0.434522,0.444327,3081326.6283738245,0
GLMR.V,D,20230228,000000,0.444127,0.448613,0.421638,0.425089,2630825.944167605,0
GLMR.V,D,20230301,000000,0.425989,0.44244,0.422459,0.429756,3271511.230838714,0
GLMR.V,D,20230302,000000,0.430465,0.436052,0.416483,0.434039,2024985.6831356278,0
GLMR.V,D,20230303,000000,0.434539,0.435831,0.401852,0.410429,2564533.4719332783,0
GLMR.V,D,20230304,000000,0.411229,0.412033,0.39502,0.402432,2746058.54060679,0
GLMR.V,D,20230305,000000,0.403132,0.417638,0.402528,0.407545,1356463.92519488,0
GLMR.V,D,20230306,000000,0.407745,0.409404,0.396428,0.402876,1414104.898538928,0
GLMR.V,D,20230307,000000,0.40256,0.405996,0.382446,0.39048,2138427.927289066,0
GLMR.V,D,20230308,000000,0.39028,0.395496,0.378781,0.380981,1495011.3977611342,0
GLMR.V,D,20230309,000000,0.382739,0.388126,0.359921,0.366737,1824568.5798483556,0
GLMR.V,D,20230310,000000,0.365433,0.370426,0.335773,0.356683,3024727.6756993067,0
GLMR.V,D,20230311,000000,0.356081,0.372512,0.340944,0.352981,2717142.447601906,0
GLMR.V,D,20230312,000000,0.353153,0.373603,0.348001,0.37009,1490293.5954160457,0
GLMR.V,D,20230313,000000,0.37119,0.415442,0.370567,0.406817,3508962.3473407836,0
GLMR.V,D,20230314,000000,0.407315,0.442675,0.391771,0.424712,5171335.68743623,0
GLMR.V,D,20230315,000000,0.424806,0.433198,0.40165,0.40873,2576925.977528343,0
GLMR.V,D,20230316,000000,0.408191,0.410673,0.388188,0.399452,3076401.6362033356,0
GLMR.V,D,20230317,000000,0.397973,0.425141,0.394963,0.423567,2545629.557487102,0
GLMR.V,D,20230318,000000,0.424265,0.445834,0.415118,0.416361,3791033.196958618,0
GLMR.V,D,20230319,000000,0.416446,0.435302,0.410117,0.425167,1867105.8575365052,0
GLMR.V,D,20230320,000000,0.425272,0.43047,0.389084,0.394226,2207113.583612515,0
GLMR.V,D,20230321,000000,0.393937,0.401986,0.381823,0.397267,2058967.4293821722,0
GLMR.V,D,20230322,000000,0.397665,0.401252,0.365282,0.376922,3199312.9175118436,0
GLMR.V,D,20230323,000000,0.380139,0.398379,0.375757,0.391856,2359311.8274583896,0
GLMR.V,D,20230324,000000,0.392222,0.393802,0.373503,0.376487,1111960.7509659634,0
GLMR.V,D,20230325,000000,0.376925,0.379566,0.365112,0.367856,1508349.285241018,0
GLMR.V,D,20230326,000000,0.367556,0.381139,0.367256,0.377526,1499675.3318660217,0
GLMR.V,D,20230327,000000,0.377515,0.382425,0.356339,0.36267,1200306.0769662927,0
GLMR.V,D,20230328,000000,0.36267,0.364498,0.350891,0.35904,1909931.6577002215,0
GLMR.V,D,20230329,000000,0.35944,0.376694,0.35914,0.375168,2003470.0378429384,0
GLMR.V,D,20230330,000000,0.375471,0.379876,0.359436,0.365402,1993447.5207334892,0
GLMR.V,D,20230331,000000,0.365099,0.3834,0.362105,0.38268,1526652.948894509,0
GLMR.V,D,20230401,000000,0.382176,0.386635,0.375094,0.37774,1469396.3019702595,0
GLMR.V,D,20230402,000000,0.378436,0.385862,0.366553,0.368532,2020780.7939078652,0
GLMR.V,D,20230403,000000,0.368829,0.380253,0.361172,0.369344,1494739.8404090952,0
GLMR.V,D,20230404,000000,0.369644,0.389671,0.369644,0.387694,1575329.997221287,0
GLMR.V,D,20230405,000000,0.387994,0.391625,0.380114,0.390441,1651909.3519905142,0
GLMR.V,D,20230406,000000,0.390344,0.39178,0.377232,0.380233,1187495.7301976145,0
GLMR.V,D,20230407,000000,0.379837,0.382191,0.369106,0.371378,706418.4743031708,0
GLMR.V,D,20230408,000000,0.370778,0.376073,0.368925,0.369544,889294.5267744891,0
GLMR.V,D,20230409,000000,0.369644,0.375536,0.364715,0.37265,1611165.832204012,0
GLMR.V,D,20230410,000000,0.373157,0.377541,0.368125,0.376597,1843800.9084461823,0
GLMR.V,D,20230411,000000,0.377009,0.383687,0.375323,0.379275,1665412.7946899962,0
GLMR.V,D,20230412,000000,0.379275,0.385185,0.368112,0.376994,1510527.724933687,0
GLMR.V,D,20230413,000000,0.376493,0.394514,0.375426,0.388773,2481475.1768292002,0
GLMR.V,D,20230414,000000,0.389073,0.402843,0.380369,0.390424,4190083.3489661133,0
GLMR.V,D,20230415,000000,0.39052,0.41358,0.38286,0.403963,5274856.87394849,0
GLMR.V,D,20230416,000000,0.404059,0.411929,0.399739,0.409678,2100387.620146206,0
GLMR.V,D,20230417,000000,0.409478,0.413397,0.390832,0.401137,2970967.7611356843,0
GLMR.V,D,20230418,000000,0.401141,0.409206,0.394473,0.404585,2320212.131713593,0
GLMR.V,D,20230419,000000,0.404861,0.406502,0.367587,0.371004,1903594.9775953114,0
GLMR.V,D,20230420,000000,0.3711,0.372212,0.349337,0.352735,2308074.2769094794,0
GLMR.V,D,20230421,000000,0.352621,0.397668,0.338736,0.380258,10684161.914581364,0
GLMR.V,D,20230422,000000,0.380058,0.381811,0.356714,0.368437,10309975.620810553,0
GLMR.V,D,20230423,000000,0.368733,0.369937,0.352978,0.357918,1334449.1080275285,0
GLMR.V,D,20230424,000000,0.357714,0.363896,0.349266,0.354707,1176307.4329518597,0
GLMR.V,D,20230425,000000,0.354796,0.360969,0.346321,0.360783,1586296.0740208428,0
GLMR.V,D,20230426,000000,0.360883,0.36877,0.341344,0.353413,1961548.3428736294,0
GLMR.V,D,20230427,000000,0.352513,0.359243,0.349554,0.356432,1457484.7462423495,0
GLMR.V,D,20230428,000000,0.356514,0.356621,0.345473,0.351681,1172506.3352976772,0
GLMR.V,D,20230429,000000,0.35166,0.357025,0.349451,0.355209,1009992.3795734486,0
GLMR.V,D,20230430,000000,0.355209,0.356446,0.343903,0.346197,764136.1736560207,0
GLMR.V,D,20230501,000000,0.346094,0.350368,0.327933,0.331286,2036243.6377564643,0
GLMR.V,D,20230502,000000,0.331193,0.335698,0.329356,0.334004,792227.5966531907,0
GLMR.V,D,20230503,000000,0.333803,0.33469,0.32402,0.33419,1531626.8912158692,0
GLMR.V,D,20230504,000000,0.33468,0.335904,0.326621,0.326821,700214.3905244523,0
GLMR.V,D,20230505,000000,0.326818,0.33853,0.326143,0.334004,1166395.8169300535,0
GLMR.V,D,20230506,000000,0.333807,0.335131,0.3171,0.321562,1362550.9727108153,0
GLMR.V,D,20230507,000000,0.321061,0.324531,0.317626,0.32278,674500.9256907623,0
GLMR.V,D,20230508,000000,0.32258,0.324082,0.287498,0.293626,3283468.0181712513,0
GLMR.V,D,20230509,000000,0.293723,0.29709,0.290519,0.294294,1336783.7675488566,0
GLMR.V,D,20230510,000000,0.294494,0.303333,0.288817,0.294895,1294675.0169231296,0
GLMR.V,D,20230511,000000,0.295265,0.296596,0.277049,0.281481,1048613.794370925,0
GLMR.V,D,20230512,000000,0.281581,0.288053,0.273947,0.2879,1908103.1695542168,0
GLMR.V,D,20230513,000000,0.28793,0.291455,0.286643,0.289754,1306848.0698852453,0
GLMR.V,D,20230514,000000,0.289674,0.295497,0.289023,0.293076,628046.8029785976,0
GLMR.V,D,20230515,000000,0.293276,0.297708,0.291404,0.292004,1408983.9806265112,0
GLMR.V,D,20230516,000000,0.292173,0.295318,0.286715,0.289445,1540313.3396361012,0
GLMR.V,D,20230517,000000,0.289745,0.294147,0.283113,0.292746,1759109.8652909182,0
GLMR.V,D,20230518,000000,0.292546,0.294218,0.280584,0.285914,2633373.9366150983,0
GLMR.V,D,20230519,000000,0.286014,0.290145,0.28187,0.283882,847841.0752969838,0
GLMR.V,D,20230520,000000,0.283642,0.286558,0.281669,0.284156,937519.9035397945,0
GLMR.V,D,20230521,000000,0.284456,0.285228,0.278667,0.280068,778929.4405896553,0
GLMR.V,D,20230522,000000,0.27994,0.28347,0.277439,0.281169,840419.8346795975,0
GLMR.V,D,20230523,000000,0.280464,0.287432,0.27985,0.283817,689749.1262473773,0
GLMR.V,D,20230524,000000,0.28322,0.283728,0.269403,0.270884,1830072.0682256352,0
GLMR.V,D,20230525,000000,0.270884,0.272073,0.265195,0.269508,907492.4955531674,0
GLMR.V,D,20230526,000000,0.269808,0.273801,0.267921,0.27366,1245341.6116975127,0
GLMR.V,D,20230527,000000,0.273555,0.278484,0.271779,0.276202,932103.0702708857,0
GLMR.V,D,20230528,000000,0.276383,0.286663,0.276183,0.285363,970256.6290185892,0
GLMR.V,D,20230529,000000,0.285463,0.289143,0.282576,0.286086,1256460.9707700592,0
GLMR.V,D,20230530,000000,0.286186,0.289193,0.283382,0.286812,813405.2326806462,0
GLMR.V,D,20230531,000000,0.286812,0.286812,0.27496,0.276044,604186.8112033907,0
GLMR.V,D,20230601,000000,0.276244,0.279561,0.273555,0.273777,528137.8549314336,0
GLMR.V,D,20230602,000000,0.273477,0.276764,0.269754,0.275372,862453.7716728078,0
GLMR.V,D,20230603,000000,0.275472,0.277394,0.273885,0.27601,365537.4665409119,0
GLMR.V,D,20230604,000000,0.276105,0.288163,0.276105,0.285691,1204523.887932532,0
GLMR.V,D,20230605,000000,0.285991,0.292091,0.263519,0.266477,1812646.0691137477,0
GLMR.V,D,20230606,000000,0.26638,0.275555,0.256641,0.270078,2124538.417224227,0
GLMR.V,D,20230607,000000,0.269976,0.270465,0.260413,0.260713,1304432.4724205565,0
GLMR.V,D,20230608,000000,0.260626,0.264413,0.257641,0.261347,893092.7747427304,0
GLMR.V,D,20230609,000000,0.261147,0.262092,0.255449,0.258151,669975.4582217513,0
GLMR.V,D,20230610,000000,0.258356,0.258382,0.211648,0.226031,2184936.375206001,0
GLMR.V,D,20230611,000000,0.226033,0.229694,0.222596,0.229092,817829.1844932663,0
GLMR.V,D,20230612,000000,0.229092,0.229117,0.218385,0.221422,1738067.141906788,0
GLMR.V,D,20230613,000000,0.222018,0.2261,0.217959,0.219971,1316276.7348434404,0
GLMR.V,D,20230614,000000,0.220976,0.222522,0.210758,0.213281,1628723.1277433427,0
GLMR.V,D,20230615,000000,0.213774,0.214557,0.207469,0.212521,1134604.0866597695,0
GLMR.V,D,20230616,000000,0.212621,0.216622,0.208154,0.215829,1435410.3544751573,0
GLMR.V,D,20230617,000000,0.216229,0.234885,0.21493,0.229806,2128787.4111050507,0
GLMR.V,D,20230618,000000,0.230003,0.294685,0.229806,0.25864,28683572.552198324,0
GLMR.V,D,20230619,000000,0.258541,0.263126,0.246657,0.252219,2544683.12635096,0
GLMR.V,D,20230620,000000,0.251622,0.257936,0.243607,0.255038,2340846.834230726,0
GLMR.V,D,20230621,000000,0.255138,0.269608,0.255138,0.267511,2077844.12591413,0
GLMR.V,D,20230622,000000,0.267927,0.289772,0.2639,0.281956,5248789.473489326,0
GLMR.V,D,20230623,000000,0.282059,0.293097,0.272846,0.287166,3091511.5901780813,0
GLMR.V,D,20230624,000000,0.287369,0.29038,0.274148,0.275774,1020931.1576016601,0
GLMR.V,D,20230625,000000,0.27656,0.283585,0.273101,0.275891,858759.6963372865,0
GLMR.V,D,20230626,000000,0.275888,0.276675,0.261952,0.262655,1403821.5917938068,0
GLMR.V,D,20230627,000000,0.261955,0.266029,0.254141,0.265851,3301637.119360013,0
GLMR.V,D,20230628,000000,0.265627,0.265627,0.248605,0.249998,1205682.8315204098,0
GLMR.V,D,20230629,000000,0.250177,0.257074,0.245968,0.246678,1603082.609301877,0
GLMR.V,D,20230630,000000,0.246758,0.258453,0.241908,0.257902,1252745.5702461805,0
GLMR.V,D,20230701,000000,0.257912,0.265957,0.254503,0.263397,1139382.26406559,0
GLMR.V,D,20230702,000000,0.263363,0.264074,0.2563,0.262913,693226.3941705228,0
GLMR.V,D,20230703,000000,0.262924,0.272995,0.262505,0.269116,1726366.435892168,0
GLMR.V,D,20230704,000000,0.268922,0.270719,0.259047,0.261758,1147555.7289081584,0
GLMR.V,D,20230705,000000,0.261852,0.264824,0.253792,0.254641,1138179.5406276204,0
GLMR.V,D,20230706,000000,0.254241,0.261297,0.245788,0.24588,1119095.5238729871,0
GLMR.V,D,20230707,000000,0.24588,0.246693,0.240181,0.242107,916238.6543737302,0
GLMR.V,D,20230708,000000,0.242019,0.245615,0.239312,0.241041,588432.4355550405,0
GLMR.V,D,20230709,000000,0.241039,0.245342,0.24006,0.240843,648755.1613937177,0
GLMR.V,D,20230710,000000,0.240741,0.243727,0.235674,0.239322,938907.5906376238,0
GLMR.V,D,20230711,000000,0.240141,0.241812,0.237519,0.238733,629920.1301256875,0
GLMR.V,D,20230712,000000,0.23869,0.242115,0.236176,0.236991,1079557.172953242,0
GLMR.V,D,20230713,000000,0.237395,0.254255,0.236281,0.251901,1702438.3223393506,0
GLMR.V,D,20230714,000000,0.252098,0.26092,0.244288,0.249415,1554545.7760025181,0
GLMR.V,D,20230715,000000,0.249227,0.25128,0.24287,0.24297,1578601.8256600262,0
GLMR.V,D,20230716,000000,0.24287,0.244168,0.239715,0.241313,1104500.1752242115,0
GLMR.V,D,20230717,000000,0.240913,0.242085,0.235049,0.241844,1150053.3688220794,0
GLMR.V,D,20230718,000000,0.241441,0.246747,0.238205,0.239155,916708.3036334079,0
GLMR.V,D,20230719,000000,0.239055,0.243446,0.237993,0.239598,750793.128382536,0
GLMR.V,D,20230720,000000,0.2395,0.24481,0.237581,0.240398,1494891.2168490605,0
GLMR.V,D,20230721,000000,0.240298,0.266884,0.239588,0.250705,3618405.8850037493,0
GLMR.V,D,20230722,000000,0.251005,0.252513,0.240038,0.243024,1502813.5311355696,0
GLMR.V,D,20230723,000000,0.243024,0.253892,0.239136,0.244598,1892047.4391940264,0
GLMR.V,D,20230724,000000,0.244795,0.245583,0.229345,0.231075,1273844.43489209,0
GLMR.V,D,20230725,000000,0.231072,0.232068,0.227789,0.229884,1570128.907327529,0
GLMR.V,D,20230726,000000,0.229879,0.2312,0.227259,0.230307,861021.7934881818,0
GLMR.V,D,20230727,000000,0.230509,0.234979,0.22668,0.228038,2373133.842450414,0
GLMR.V,D,20230728,000000,0.228138,0.231921,0.227032,0.230793,754084.1315759347,0
GLMR.V,D,20230729,000000,0.230895,0.2346,0.229791,0.232598,815546.6041960556,0
GLMR.V,D,20230730,000000,0.232598,0.234198,0.226802,0.228879,1141910.63480947,0
GLMR.V,D,20230731,000000,0.228882,0.232474,0.226657,0.229363,1204374.134941461,0
GLMR.V,D,20230801,000000,0.229679,0.231996,0.225048,0.229983,1191122.8586914432,0
GLMR.V,D,20230802,000000,0.229885,0.233225,0.227443,0.22827,592615.9229300393,0
GLMR.V,D,20230803,000000,0.22837,0.229677,0.224952,0.228013,708414.546406985,0
GLMR.V,D,20230804,000000,0.228113,0.230081,0.225054,0.227752,1372301.391783282,0
GLMR.V,D,20230805,000000,0.228152,0.229451,0.224854,0.227613,892997.6690358178,0
GLMR.V,D,20230806,000000,0.227045,0.230744,0.225213,0.226428,1577581.4542371654,0
GLMR.V,D,20230807,000000,0.226959,0.234354,0.223292,0.231629,2856549.312879861,0
GLMR.V,D,20230808,000000,0.231624,0.233645,0.229609,0.231065,1445285.7341517967,0
GLMR.V,D,20230809,000000,0.231065,0.241077,0.229229,0.236592,3105356.532029899,0
GLMR.V,D,20230810,000000,0.236592,0.242976,0.233738,0.234651,2816020.8964180467,0
GLMR.V,D,20230811,000000,0.234649,0.235375,0.232038,0.232943,747222.5170467433,0
GLMR.V,D,20230812,000000,0.233146,0.235578,0.232268,0.232367,1135146.153289996,0
GLMR.V,D,20230813,000000,0.23237,0.234326,0.231354,0.233018,633326.8366724437,0
GLMR.V,D,20230814,000000,0.232916,0.232916,0.227701,0.229138,1828981.4418311385,0
GLMR.V,D,20230815,000000,0.229138,0.229282,0.211882,0.218959,1832199.3320294695,0
GLMR.V,D,20230816,000000,0.218557,0.21927,0.204385,0.20527,1850671.8160585025,0
GLMR.V,D,20230817,000000,0.205969,0.210655,0.191708,0.194789,1556030.5624524532,0
GLMR.V,D,20230818,000000,0.19532,0.201899,0.1937,0.20091,1479887.5400801073,0
GLMR.V,D,20230819,000000,0.200716,0.202668,0.198127,0.201939,1268858.9840723262,0
GLMR.V,D,20230820,000000,0.202347,0.202647,0.199082,0.200888,823420.5433621615,0
GLMR.V,D,20230821,000000,0.201088,0.20109,0.195345,0.19687,548216.3389917772,0
GLMR.V,D,20230822,000000,0.19677,0.197429,0.189145,0.189934,919446.0544053261,0
GLMR.V,D,20230823,000000,0.189934,0.19978,0.189934,0.196463,947925.9997215696,0
GLMR.V,D,20230824,000000,0.197664,0.198944,0.192894,0.193002,786306.9295454345,0
GLMR.V,D,20230825,000000,0.193401,0.195065,0.191641,0.194693,567415.3281662597,0
GLMR.V,D,20230826,000000,0.195,0.200676,0.194509,0.198693,1014257.2857378137,0
GLMR.V,D,20230827,000000,0.198799,0.199918,0.196506,0.198307,1267859.6600551957,0
GLMR.V,D,20230828,000000,0.198305,0.200727,0.196596,0.197811,800957.2459483711,0
GLMR.V,D,20230829,000000,0.198097,0.209048,0.197993,0.204037,1304930.244942098,0
GLMR.V,D,20230830,000000,0.204233,0.204604,0.195386,0.195798,1463932.129889405,0
GLMR.V,D,20230831,000000,0.1961,0.197182,0.188575,0.190675,1311770.2685737263,0
GLMR.V,D,20230901,000000,0.190575,0.191448,0.182489,0.184606,1348408.844606144,0
GLMR.V,D,20230902,000000,0.184611,0.187425,0.18282,0.18538,1225992.0804510312,0
GLMR.V,D,20230903,000000,0.185381,0.187166,0.183972,0.184967,562660.6800726776,0
GLMR.V,D,20230904,000000,0.185067,0.187764,0.181942,0.182047,1078248.423398043,0
GLMR.V,D,20230905,000000,0.181849,0.183116,0.18039,0.182005,909216.3383686701,0
GLMR.V,D,20230906,000000,0.182011,0.184982,0.17948,0.182191,2442024.7593635633,0
GLMR.V,D,20230907,000000,0.182191,0.193286,0.17989,0.185106,5174750.3048307365,0
GLMR.V,D,20230908,000000,0.185213,0.186229,0.181427,0.182674,913536.46863803,0
GLMR.V,D,20230909,000000,0.182773,0.184441,0.181649,0.181845,656724.24320079,0
GLMR.V,D,20230910,000000,0.182745,0.182749,0.174958,0.177834,3031821.6258038715,0
GLMR.V,D,20230911,000000,0.178134,0.179237,0.162635,0.163049,5326728.6128189815,0
GLMR.V,D,20230912,000000,0.163148,0.169478,0.162758,0.167587,1630827.9146261055,0
GLMR.V,D,20230913,000000,0.167387,0.168668,0.164075,0.165333,760610.0982042633,0
GLMR.V,D,20230914,000000,0.165633,0.16823,0.163789,0.166147,1008618.3882275891,0
GLMR.V,D,20230915,000000,0.166247,0.168907,0.164395,0.168802,856782.843780321,0
GLMR.V,D,20230916,000000,0.168905,0.171914,0.168705,0.171615,877027.0204892568,0
GLMR.V,D,20230917,000000,0.171017,0.171415,0.163934,0.16474,731165.2789509838,0
GLMR.V,D,20230918,000000,0.164239,0.17311,0.163625,0.168129,1241335.3683019446,0
GLMR.V,D,20230919,000000,0.167825,0.171833,0.166933,0.169124,3139095.685114375,0
GLMR.V,D,20230920,000000,0.169122,0.175332,0.16552,0.16691,5837295.666017412,0
GLMR.V,D,20230921,000000,0.166605,0.168002,0.160902,0.161594,1064099.9891502745,0
GLMR.V,D,20230922,000000,0.161397,0.163884,0.160397,0.161989,1187384.5551090494,0
GLMR.V,D,20230923,000000,0.161889,0.16551,0.1609,0.16541,1276148.1760358296,0
GLMR.V,D,20230924,000000,0.16561,0.169708,0.164913,0.169507,2561297.3862594147,0
GLMR.V,D,20230925,000000,0.169808,0.267333,0.164584,0.242185,225619817.9047321,0
GLMR.V,D,20230926,000000,0.242185,0.25712,0.220349,0.236798,65584663.6133796,0
GLMR.V,D,20230927,000000,0.236198,0.278802,0.226691,0.254114,82553489.25256342,0
GLMR.V,D,20230928,000000,0.254611,0.259508,0.229593,0.247195,28491171.858626816,0
GLMR.V,D,20230929,000000,0.245995,0.261958,0.232065,0.234974,20731534.485193476,0
GLMR.V,D,20230930,000000,0.235374,0.237176,0.22698,0.232246,9235490.215073032,0
GLMR.V,D,20231001,000000,0.232647,0.237224,0.230328,0.234126,8098169.345706915,0
GLMR.V,D,20231002,000000,0.234526,0.239876,0.215547,0.218563,9132154.693085149,0
GLMR.V,D,20231003,000000,0.218763,0.223636,0.20959,0.212292,7371720.250980362,0
GLMR.V,D,20231004,000000,0.211717,0.212419,0.193808,0.202204,11772351.273690635,0
GLMR.V,D,20231005,000000,0.201496,0.214126,0.195647,0.197955,8867550.951022124,0
GLMR.V,D,20231006,000000,0.197753,0.203455,0.196227,0.202281,3773610.9482548023,0
GLMR.V,D,20231007,000000,0.201983,0.209309,0.196804,0.203316,6540701.766431907,0
GLMR.V,D,20231008,000000,0.203316,0.21951,0.199612,0.211718,15511762.581443321,0
GLMR.V,D,20231009,000000,0.212121,0.213215,0.185976,0.192238,7893899.953903885,0
GLMR.V,D,20231010,000000,0.193341,0.193845,0.183906,0.18572,5051989.585009185,0
GLMR.V,D,20231011,000000,0.18572,0.186122,0.177377,0.18025,4010898.9847489293,0
GLMR.V,D,20231012,000000,0.180048,0.183243,0.17774,0.181133,3760116.34543888,0
GLMR.V,D,20231013,000000,0.181331,0.186429,0.178714,0.185057,5031793.024539732,0
GLMR.V,D,20231014,000000,0.185159,0.188581,0.182374,0.185187,3683783.099067001,0
GLMR.V,D,20231015,000000,0.185187,0.185198,0.180011,0.183607,4324829.138423916,0
GLMR.V,D,20231016,000000,0.183609,0.185941,0.179536,0.181574,2688673.782749885,0
GLMR.V,D,20231017,000000,0.181973,0.182478,0.167707,0.169063,8729189.078744128,0
GLMR.V,D,20231018,000000,0.168762,0.169751,0.163433,0.163736,4668076.023957922,0
GLMR.V,D,20231019,000000,0.163834,0.171067,0.160839,0.167565,3425778.041891448,0
GLMR.V,D,20231020,000000,0.167565,0.177594,0.166482,0.174271,5840535.310190684,0
GLMR.V,D,20231021,000000,0.174271,0.181945,0.172478,0.17979,2274711.864008519,0
GLMR.V,D,20231022,000000,0.179388,0.181076,0.175493,0.178761,2258252.2844237383,0
GLMR.V,D,20231023,000000,0.178763,0.184554,0.175456,0.183193,4577897.536087532,0
GLMR.V,D,20231024,000000,0.183095,0.201822,0.182902,0.192177,8042267.918485002,0
GLMR.V,D,20231025,000000,0.192175,0.211449,0.191315,0.204549,8015834.607484596,0
GLMR.V,D,20231026,000000,0.204649,0.211242,0.194404,0.202,4162748.8241126663,0
GLMR.V,D,20231027,000000,0.2021,0.203137,0.192527,0.196243,1992121.7429052598,0
GLMR.V,D,20231028,000000,0.196145,0.204414,0.194641,0.203233,2258496.0740810283,0
GLMR.V,D,20231029,000000,0.203633,0.208062,0.199236,0.20696,1386196.876726218,0
GLMR.V,D,20231030,000000,0.20687,0.212628,0.204161,0.210567,1783324.9337252022,0
GLMR.V,D,20231031,000000,0.211174,0.214464,0.198458,0.203886,1700120.99938001,0
GLMR.V,D,20231101,000000,0.203585,0.213207,0.194231,0.209767,3377380.6234377413,0
GLMR.V,D,20231102,000000,0.210565,0.219356,0.204239,0.212028,5287306.821867199,0
GLMR.V,D,20231103,000000,0.211525,0.21173,0.201722,0.21018,1664108.672423514,0
GLMR.V,D,20231104,000000,0.210282,0.225101,0.20919,0.22103,3765542.0590910334,0
GLMR.V,D,20231105,000000,0.220928,0.229979,0.218137,0.225394,4056068.9816682693,0
GLMR.V,D,20231106,000000,0.226081,0.233961,0.221277,0.233165,3436833.0714443587,0
GLMR.V,D,20231107,000000,0.233265,0.241084,0.223565,0.238407,13878552.288019415,0
GLMR.V,D,20231108,000000,0.238112,0.268178,0.236492,0.262458,26661370.113266364,0
GLMR.V,D,20231109,000000,0.262158,0.276411,0.230537,0.272152,12737794.058245664,0
GLMR.V,D,20231110,000000,0.272052,0.292403,0.266893,0.278645,7524215.42079367,0
GLMR.V,D,20231111,000000,0.278745,0.284645,0.266563,0.276469,4252355.296999013,0
GLMR.V,D,20231112,000000,0.275866,0.296995,0.264174,0.283113,6476333.561644811,0
GLMR.V,D,20231113,000000,0.283013,0.285271,0.254733,0.255474,3090312.732462834,0
GLMR.V,D,20231114,000000,0.255474,0.257672,0.235712,0.248032,3064219.62313313,0
GLMR.V,D,20231115,000000,0.24804,0.267562,0.247737,0.261431,5772815.701466278,0
GLMR.V,D,20231116,000000,0.261828,0.272468,0.24836,0.254725,4721970.739889676,0
GLMR.V,D,20231117,000000,0.254228,0.261431,0.239022,0.249685,3097101.391444635,0
GLMR.V,D,20231118,000000,0.249885,0.251083,0.233603,0.243519,2643493.8872786495,0
GLMR.V,D,20231119,000000,0.243619,0.25063,0.237831,0.247009,1450963.1879772267,0
GLMR.V,D,20231120,000000,0.248404,0.257947,0.248136,0.252074,4565264.733568975,0
GLMR.V,D,20231121,000000,0.252474,0.261476,0.228589,0.23179,8405253.92708501,0
GLMR.V,D,20231122,000000,0.231888,0.251888,0.226079,0.247579,2702877.8462307747,0
GLMR.V,D,20231123,000000,0.247472,0.252348,0.244761,0.249237,1698703.250652938,0
GLMR.V,D,20231124,000000,0.249335,0.270143,0.24743,0.266013,4795115.510926992,0
GLMR.V,D,20231125,000000,0.265423,0.274984,0.263608,0.27076,3501844.0605710438,0
GLMR.V,D,20231126,000000,0.270757,0.295112,0.269854,0.292811,7124710.506598673,0
GLMR.V,D,20231127,000000,0.292211,0.295218,0.2606,0.262205,6589869.949827756,0
GLMR.V,D,20231128,000000,0.262695,0.267795,0.256623,0.263956,2383534.0055268295,0
GLMR.V,D,20231129,000000,0.263553,0.270032,0.258539,0.261331,2174390.338331436,0
GLMR.V,D,20231130,000000,0.261234,0.273849,0.257151,0.270324,2573576.3843684183,0
GLMR.V,D,20231201,000000,0.270049,0.28037,0.269248,0.277211,3410496.268681257,0
GLMR.V,D,20231202,000000,0.277311,0.280718,0.27332,0.276825,2053124.5074359889,0
GLMR.V,D,20231203,000000,0.277025,0.278728,0.267702,0.274496,2277034.0333405905,0
GLMR.V,D,20231204,000000,0.274399,0.311116,0.267818,0.308615,7310616.649765954,0
GLMR.V,D,20231205,000000,0.309112,0.321506,0.302427,0.311134,8157654.11519584,0
GLMR.V,D,20231206,000000,0.311437,0.337673,0.300027,0.312734,7980797.488565057,0
GLMR.V,D,20231207,000000,0.312734,0.325572,0.300039,0.317311,4734447.843598213,0
GLMR.V,D,20231208,000000,0.317208,0.340099,0.316767,0.333507,4851461.495221971,0
GLMR.V,D,20231209,000000,0.33341,0.355006,0.333307,0.342993,5879197.30878593,0
GLMR.V,D,20231210,000000,0.342993,0.343976,0.323161,0.339,5094946.129582526,0
GLMR.V,D,20231211,000000,0.33961,0.340927,0.289117,0.325737,5743266.524181801,0
GLMR.V,D,20231212,000000,0.325947,0.350798,0.32505,0.336249,5729896.855695775,0
GLMR.V,D,20231213,000000,0.335452,0.349877,0.314171,0.34908,3274015.467843073,0
GLMR.V,D,20231214,000000,0.34948,0.357236,0.326393,0.351856,3340985.384125097,0
GLMR.V,D,20231215,000000,0.352556,0.35356,0.320432,0.321029,3093862.5351494043,0
GLMR.V,D,20231216,000000,0.320732,0.335385,0.312487,0.326236,2404810.84284492,0
GLMR.V,D,20231217,000000,0.325939,0.326945,0.312837,0.315075,1971301.0588557837,0
GLMR.V,D,20231218,000000,0.314872,0.356864,0.306194,0.325202,13717783.333122415,0
GLMR.V,D,20231219,000000,0.325302,0.328355,0.310229,0.311738,3005758.392519571,0
GLMR.V,D,20231220,000000,0.312447,0.326462,0.309404,0.319613,2658601.4525813996,0
GLMR.V,D,20231221,000000,0.31981,0.372567,0.319413,0.364069,7697939.0024348255,0
GLMR.V,D,20231222,000000,0.363369,0.392773,0.358057,0.376898,10550665.323332798,0
GLMR.V,D,20231223,000000,0.376901,0.544018,0.359287,0.535067,66705962.91011844,0
GLMR.V,D,20231224,000000,0.535468,0.636343,0.482912,0.544259,86562364.41046855,0
GLMR.V,D,20231225,000000,0.546049,0.588023,0.511087,0.540919,18841005.911621302,0
GLMR.V,D,20231226,000000,0.541414,0.577379,0.492162,0.518843,12455192.167336011,0
GLMR.V,D,20231227,000000,0.518148,0.519832,0.481903,0.484996,5271433.105169901,0
GLMR.V,D,20231228,000000,0.485682,0.496828,0.450336,0.462199,6097961.170615198,0
GLMR.V,D,20231229,000000,0.462399,0.505283,0.445323,0.458687,14481213.519392824,0
GLMR.V,D,20231230,000000,0.459396,0.470105,0.439,0.457086,4705184.416775857,0
GLMR.V,D,20231231,000000,0.458086,0.478014,0.434726,0.44472,3878928.4362141527,0
GLMR.V,D,20240101,000000,0.445484,0.469461,0.43986,0.465993,3495206.0767591437,0
GLMR.V,D,20240102,000000,0.465989,0.502001,0.465116,0.47308,6911272.020324062,0
GLMR.V,D,20240103,000000,0.473175,0.491218,0.343219,0.445865,7831038.805806637,0
GLMR.V,D,20240104,000000,0.445074,0.461421,0.429542,0.453339,4543706.682550198,0
GLMR.V,D,20240105,000000,0.453125,0.455491,0.399828,0.410624,3890265.6174617507,0
GLMR.V,D,20240106,000000,0.410824,0.417133,0.381862,0.395837,4031613.5431472664,0
GLMR.V,D,20240107,000000,0.395137,0.412314,0.376263,0.377341,3840222.023858602,0
GLMR.V,D,20240108,000000,0.377441,0.410269,0.346387,0.408163,4425457.513274145,0
GLMR.V,D,20240109,000000,0.408363,0.40986,0.368588,0.38672,2696257.9050298133,0
GLMR.V,D,20240110,000000,0.38682,0.449894,0.380139,0.43931,6042197.570413666,0
GLMR.V,D,20240111,000000,0.43961,0.468378,0.434218,0.442322,6673722.629618028,0
GLMR.V,D,20240112,000000,0.440735,0.441244,0.396506,0.404649,3889515.978329658,0
GLMR.V,D,20240113,000000,0.404749,0.429901,0.397009,0.4174,2553330.318194709,0
GLMR.V,D,20240114,000000,0.4163,0.4175,0.393707,0.398904,2721958.030285827,0
GLMR.V,D,20240115,000000,0.399208,0.420634,0.39115,0.409923,3534306.4059612574,0
GLMR.V,D,20240116,000000,0.409823,0.42967,0.400064,0.426436,2720520.5770509695,0
GLMR.V,D,20240117,000000,0.426532,0.427919,0.402693,0.407992,1867620.7255166005,0
GLMR.V,D,20240118,000000,0.405794,0.414202,0.380255,0.391604,3058952.431510987,0
GLMR.V,D,20240119,000000,0.391204,0.392008,0.354552,0.37303,2905861.4884413993,0
GLMR.V,D,20240120,000000,0.37293,0.386191,0.367369,0.381587,1635327.2899750618,0
GLMR.V,D,20240121,000000,0.381287,0.385545,0.375767,0.377066,1327665.1957066427,0
GLMR.V,D,20240122,000000,0.377036,0.379607,0.345199,0.353322,2238329.399450912,0
GLMR.V,D,20240123,000000,0.353721,0.359133,0.326228,0.34749,3004164.106467013,0
GLMR.V,D,20240124,000000,0.348093,0.361071,0.345258,0.353612,2136223.9377725227,0
GLMR.V,D,20240125,000000,0.353416,0.358824,0.343556,0.355408,1428657.6896660381,0
GLMR.V,D,20240126,000000,0.355708,0.377572,0.349821,0.374018,1968170.747475727,0
GLMR.V,D,20240127,000000,0.374329,0.387065,0.373044,0.385496,2055151.3909108,0
GLMR.V,D,20240128,000000,0.385496,0.387338,0.36746,0.371341,1454324.1119879333,0
GLMR.V,D,20240129,000000,0.372644,0.392404,0.370441,0.3905,2317802.9617242063,0
GLMR.V,D,20240130,000000,0.390704,0.391304,0.373593,0.373893,1796619.3096320732,0
GLMR.V,D,20240131,000000,0.373796,0.375196,0.352634,0.3573,2034666.980257774,0
GLMR.V,D,20240201,000000,0.357503,0.359288,0.3436,0.348199,1997046.6956695109,0
GLMR.V,D,20240202,000000,0.348099,0.358488,0.3453,0.355326,1501154.761372767,0
GLMR.V,D,20240203,000000,0.355312,0.356754,0.34926,0.349981,964013.8529593891,0
GLMR.V,D,20240204,000000,0.350177,0.350981,0.340078,0.344355,1066075.2047218387,0
GLMR.V,D,20240205,000000,0.345052,0.368231,0.337528,0.356233,3561360.547105263,0
GLMR.V,D,20240206,000000,0.35594,0.364898,0.352598,0.364587,1604163.4212290756,0
GLMR.V,D,20240207,000000,0.364683,0.384542,0.363091,0.376825,3446815.9535712013,0
GLMR.V,D,20240208,000000,0.377021,0.391827,0.375883,0.387878,2172594.2418825077,0
GLMR.V,D,20240209,000000,0.387477,0.395456,0.380242,0.387625,2896185.5880604996,0
GLMR.V,D,20240210,000000,0.387132,0.393612,0.378476,0.382007,2049166.628941481,0
GLMR.V,D,20240211,000000,0.382011,0.385774,0.371011,0.374008,2525753.852171103,0
GLMR.V,D,20240212,000000,0.373808,0.389071,0.3618,0.389071,2610738.7711137785,0
GLMR.V,D,20240213,000000,0.388967,0.405477,0.383165,0.397455,4884555.395212188,0
GLMR.V,D,20240214,000000,0.397359,0.420682,0.392512,0.420616,4924154.186616774,0
GLMR.V,D,20240215,000000,0.420891,0.446761,0.415561,0.422167,6884514.377527526,0
GLMR.V,D,20240216,000000,0.421767,0.449416,0.421767,0.436136,4646044.568044919,0
GLMR.V,D,20240217,000000,0.436532,0.442536,0.414286,0.439497,2976508.4790070695,0
GLMR.V,D,20240218,000000,0.439897,0.445662,0.429933,0.444849,3152450.4553109133,0
GLMR.V,D,20240219,000000,0.444067,0.470913,0.440253,0.470913,6080364.980523059,0
GLMR.V,D,20240220,000000,0.470413,0.475004,0.428111,0.45199,4980418.612253361,0
GLMR.V,D,20240221,000000,0.45209,0.454996,0.412992,0.430609,3522654.7410131553,0
GLMR.V,D,20240222,000000,0.430796,0.453291,0.418483,0.441554,3282433.299143102,0
GLMR.V,D,20240223,000000,0.441059,0.441726,0.417596,0.421141,2694968.9736856436,0
GLMR.V,D,20240224,000000,0.421345,0.445682,0.411067,0.4408,2206796.375872583,0
GLMR.V,D,20240225,000000,0.44,0.442587,0.427983,0.434383,2961717.476300287,0
GLMR.V,D,20240226,000000,0.434891,0.452821,0.420524,0.449087,3440530.9463170487,0
GLMR.V,D,20240227,000000,0.449292,0.462699,0.439837,0.460784,3840584.7608502246,0
GLMR.V,D,20240228,000000,0.460784,0.470173,0.403304,0.450615,8617567.794304824,0
GLMR.V,D,20240229,000000,0.451216,0.494727,0.447661,0.455469,7964256.676156249,0
GLMR.V,D,20240301,000000,0.455664,0.48627,0.455664,0.480079,5044232.1808007965,0
GLMR.V,D,20240302,000000,0.479769,0.506011,0.473583,0.501691,5992440.878310745,0
GLMR.V,D,20240303,000000,0.501291,0.522735,0.455751,0.514126,8054029.553697634,0
GLMR.V,D,20240304,000000,0.514732,0.523299,0.477839,0.495545,9755069.458677636,0
GLMR.V,D,20240305,000000,0.495745,0.518238,0.376625,0.445007,13393824.146422885,0
GLMR.V,D,20240306,000000,0.443806,0.501266,0.430265,0.499274,6827500.369003625,0
GLMR.V,D,20240307,000000,0.499044,0.519123,0.490611,0.509137,6056149.033756909,0
GLMR.V,D,20240308,000000,0.509227,0.520376,0.470662,0.483741,6572708.27649931,0
GLMR.V,D,20240309,000000,0.483937,0.49882,0.481782,0.488851,7358777.544654618,0
GLMR.V,D,20240310,000000,0.488646,0.55911,0.488646,0.523864,23616438.729756244,0
GLMR.V,D,20240311,000000,0.524238,0.719881,0.509779,0.695132,49678056.5764325,0
GLMR.V,D,20240312,000000,0.695139,0.699526,0.594401,0.622244,15052638.648167921,0
GLMR.V,D,20240313,000000,0.622544,0.723282,0.620468,0.662497,13682376.502329268,0
GLMR.V,D,20240314,000000,0.662931,0.682834,0.596673,0.63877,7714394.885694815,0
GLMR.V,D,20240315,000000,0.63997,0.649362,0.541305,0.597954,8922975.512821287,0
GLMR.V,D,20240316,000000,0.597354,0.622913,0.528272,0.54856,6817401.5872993395,0
GLMR.V,D,20240317,000000,0.548776,0.616213,0.513481,0.59248,9536598.224424588,0
GLMR.V,D,20240318,000000,0.59288,0.60653,0.538819,0.545162,6093759.148493966,0
GLMR.V,D,20240319,000000,0.545662,0.555444,0.469226,0.476033,5495470.288435047,0
GLMR.V,D,20240320,000000,0.476975,0.531333,0.457027,0.526495,5458715.0105155185,0
GLMR.V,D,20240321,000000,0.527716,0.539223,0.501694,0.513877,2205686.799294051,0
GLMR.V,D,20240322,000000,0.513877,0.533073,0.479486,0.484807,4425264.078402411,0
GLMR.V,D,20240323,000000,0.484807,0.514246,0.484307,0.502295,3778409.3392389333,0
GLMR.V,D,20240324,000000,0.5022,0.532704,0.486122,0.526968,5597245.957602469,0
GLMR.V,D,20240325,000000,0.527368,0.558123,0.523869,0.544682,8341948.392024731,0
GLMR.V,D,20240326,000000,0.544782,0.563507,0.519994,0.531005,11821253.12821581,0
GLMR.V,D,20240327,000000,0.531411,0.553995,0.50749,0.514115,12858442.875809623,0
GLMR.V,D,20240328,000000,0.51391,0.518003,0.496407,0.509607,5989926.929795751,0
GLMR.V,D,20240329,000000,0.509507,0.512651,0.485583,0.49944,9116599.448460612,0
GLMR.V,D,20240330,000000,0.499535,0.50863,0.482588,0.483488,9032635.74539271,0
GLMR.V,D,20240331,000000,0.483479,0.49679,0.480787,0.491359,5316030.681806673,0
GLMR.V,D,20240401,000000,0.492059,0.496999,0.443078,0.455973,7139960.422679621,0
GLMR.V,D,20240402,000000,0.455873,0.458761,0.408208,0.417267,6441677.202675607,0
GLMR.V,D,20240403,000000,0.417067,0.444222,0.40028,0.422022,7074986.02723756,0
GLMR.V,D,20240404,000000,0.422422,0.444222,0.412337,0.428903,5770318.096919258,0
GLMR.V,D,20240405,000000,0.429243,0.431781,0.401896,0.419343,4828494.351166329,0
GLMR.V,D,20240406,000000,0.419617,0.43851,0.415283,0.433108,4973892.117906216,0
GLMR.V,D,20240407,000000,0.432908,0.470247,0.432508,0.462537,13072767.024048783,0
GLMR.V,D,20240408,000000,0.463237,0.487258,0.456737,0.479471,12290559.851411087,0
GLMR.V,D,20240409,000000,0.479276,0.486966,0.447379,0.452192,6307561.060510156,0
GLMR.V,D,20240410,000000,0.452292,0.452596,0.418529,0.437987,3706781.4301371207,0
GLMR.V,D,20240411,000000,0.438087,0.448969,0.427306,0.43253,1793457.6802245658,0
GLMR.V,D,20240412,000000,0.43263,0.440653,0.323267,0.351105,9494683.978879342,0
GLMR.V,D,20240413,000000,0.350802,0.358136,0.240378,0.27582,15358664.268157031,0
GLMR.V,D,20240414,000000,0.276624,0.315858,0.27232,0.29969,7266153.35613343,0
GLMR.V,D,20240415,000000,0.29959,0.332983,0.289745,0.301551,6604278.334463729,0
GLMR.V,D,20240416,000000,0.300751,0.30939,0.286429,0.305861,3703317.757198345,0
GLMR.V,D,20240417,000000,0.306561,0.307743,0.2835,0.300067,4432765.066754676,0
GLMR.V,D,20240418,000000,0.298767,0.309355,0.287486,0.305592,2983712.7248328193,0
GLMR.V,D,20240419,000000,0.305389,0.318507,0.281531,0.311897,3322211.6481513283,0
GLMR.V,D,20240420,000000,0.312303,0.338018,0.303124,0.3344,2121310.685496449,0
GLMR.V,D,20240421,000000,0.335601,0.339649,0.321367,0.330153,1907664.0251910756,0
GLMR.V,D,20240422,000000,0.328856,0.347363,0.327652,0.3437,2663767.4315987695,0
GLMR.V,D,20240423,000000,0.3437,0.352455,0.334941,0.345193,1829079.760647619,0
GLMR.V,D,20240424,000000,0.344993,0.357475,0.32327,0.328701,2813971.8973682625,0
GLMR.V,D,20240425,000000,0.329197,0.331508,0.312631,0.330308,2339740.0220630323,0
GLMR.V,D,20240426,000000,0.330308,0.330308,0.3124,0.3173,2017211.95716924,0
GLMR.V,D,20240427,000000,0.316568,0.317005,0.29927,0.31122,2547996.198827027,0
GLMR.V,D,20240428,000000,0.31122,0.320936,0.304678,0.3066,2262916.066198497,0
GLMR.V,D,20240429,000000,0.306216,0.306385,0.288185,0.293312,2757979.109711277,0
GLMR.V,D,20240430,000000,0.293412,0.302473,0.265746,0.276041,4076616.858001545,0
GLMR.V,D,20240501,000000,0.275841,0.297487,0.262188,0.288367,3528145.2897091606,0
GLMR.V,D,20240502,000000,0.288367,0.301603,0.278713,0.300515,3532888.7957745516,0
GLMR.V,D,20240503,000000,0.300312,0.308764,0.28568,0.30873,2872931.376148457,0
GLMR.V,D,20240504,000000,0.30943,0.309633,0.300957,0.305531,1798721.3740572627,0
GLMR.V,D,20240505,000000,0.305227,0.314697,0.295335,0.309734,1904697.7134024764,0
GLMR.V,D,20240506,000000,0.309937,0.32109,0.295988,0.301306,2536867.8464344274,0
GLMR.V,D,20240507,000000,0.301303,0.3047,0.291694,0.293091,1586301.9032170707,0
GLMR.V,D,20240508,000000,0.292891,0.297011,0.279772,0.288311,3228120.5871632835,0
GLMR.V,D,20240509,000000,0.287911,0.304396,0.282281,0.296655,5428596.686852965,0
GLMR.V,D,20240510,000000,0.296456,0.305566,0.279774,0.283215,3876832.4893249017,0
GLMR.V,D,20240511,000000,0.283415,0.289546,0.279477,0.282638,1216105.202876424,0
GLMR.V,D,20240512,000000,0.282538,0.283686,0.273907,0.276281,1340132.3371714691,0
GLMR.V,D,20240513,000000,0.276381,0.284549,0.263621,0.27257,4717620.493765048,0
GLMR.V,D,20240514,000000,0.27307,0.274749,0.256646,0.259304,5657958.963504184,0
GLMR.V,D,20240515,000000,0.259107,0.2746,0.242747,0.27126,8538548.338280458,0
GLMR.V,D,20240516,000000,0.27136,0.274097,0.256705,0.259823,3953799.792840713,0
GLMR.V,D,20240517,000000,0.259823,0.282723,0.258521,0.275894,4122605.684690882,0
GLMR.V,D,20240518,000000,0.275894,0.276953,0.268397,0.273149,1443404.2784404834,0
GLMR.V,D,20240519,000000,0.272749,0.277144,0.259,0.260884,2436442.0988174686,0
GLMR.V,D,20240520,000000,0.260984,0.291611,0.2567,0.291211,3809411.7730970317,0
GLMR.V,D,20240521,000000,0.291311,0.297529,0.282905,0.294535,3717834.316701359,0
GLMR.V,D,20240522,000000,0.29462,0.31824,0.290519,0.299171,4936638.848708762,0
GLMR.V,D,20240523,000000,0.299374,0.306231,0.271904,0.286417,3904726.6637177076,0
GLMR.V,D,20240524,000000,0.286719,0.307372,0.275723,0.304263,4271170.170425196,0
GLMR.V,D,20240525,000000,0.30426,0.318876,0.298925,0.29944,4183608.333052618,0
GLMR.V,D,20240526,000000,0.29984,0.304614,0.295088,0.301316,1928374.556675094,0
GLMR.V,D,20240527,000000,0.301485,0.314682,0.29992,0.308085,2700631.8658013865,0
GLMR.V,D,20240528,000000,0.308085,0.31318,0.295984,0.309191,3883755.3518328583,0
GLMR.V,D,20240529,000000,0.308992,0.309222,0.293101,0.296474,3348096.954327176,0
GLMR.V,D,20240530,000000,0.296474,0.30901,0.284332,0.294697,4957414.541341456,0
GLMR.V,D,20240531,000000,0.294597,0.312802,0.289131,0.302543,6280971.401730458,0
GLMR.V,D,20240601,000000,0.302842,0.308056,0.298934,0.30313,1162159.4257933253,0
GLMR.V,D,20240602,000000,0.30293,0.313746,0.293383,0.299741,3904992.9640516276,0
GLMR.V,D,20240603,000000,0.300235,0.320442,0.297125,0.307051,4748450.53939671,0
GLMR.V,D,20240604,000000,0.307051,0.335136,0.303639,0.3272,6798102.522464885,0
GLMR.V,D,20240605,000000,0.3272,0.342397,0.321123,0.335734,4577250.290129591,0
GLMR.V,D,20240606,000000,0.335734,0.362137,0.323503,0.345989,9942018.081011733,0
GLMR.V,D,20240607,000000,0.345689,0.352577,0.301855,0.311182,3881227.5764586134,0
GLMR.V,D,20240608,000000,0.311182,0.315774,0.292941,0.294268,3624184.7163069006,0
GLMR.V,D,20240609,000000,0.294165,0.294944,0.286171,0.291756,3435916.7684822613,0
GLMR.V,D,20240610,000000,0.291629,0.29764,0.280119,0.286623,1908964.8406701721,0
GLMR.V,D,20240611,000000,0.287519,0.29437,0.269041,0.270846,3907360.697326124,0
GLMR.V,D,20240612,000000,0.27094,0.290285,0.265076,0.280208,2006622.7091773981,0
GLMR.V,D,20240613,000000,0.280705,0.281204,0.265018,0.267093,1300279.769429817,0
GLMR.V,D,20240614,000000,0.266391,0.271442,0.242155,0.253123,3055094.0836857934,0
GLMR.V,D,20240615,000000,0.25322,0.256349,0.246754,0.252756,1657422.1158618224,0
GLMR.V,D,20240616,000000,0.252056,0.259359,0.249945,0.25899,761429.5024059907,0
GLMR.V,D,20240617,000000,0.258993,0.261937,0.227161,0.235389,2570993.780648457,0
GLMR.V,D,20240618,000000,0.235289,0.235989,0.208587,0.214982,4553251.7616486875,0
GLMR.V,D,20240619,000000,0.214582,0.232384,0.213385,0.222611,5421974.944605595,0
GLMR.V,D,20240620,000000,0.222611,0.231707,0.211739,0.211849,2652386.8672993802,0
GLMR.V,D,20240621,000000,0.21175,0.21533,0.201395,0.202974,3156571.6501905657,0
GLMR.V,D,20240622,000000,0.203174,0.203975,0.194822,0.194822,3736592.938308383,0
GLMR.V,D,20240623,000000,0.194903,0.199676,0.189284,0.190267,3146821.1304044956,0
GLMR.V,D,20240624,000000,0.189869,0.201952,0.183986,0.201853,3430466.3650687574,0
GLMR.V,D,20240625,000000,0.201853,0.215335,0.201649,0.21306,3421658.3677560724,0
GLMR.V,D,20240626,000000,0.21296,0.213647,0.198041,0.202063,5134680.891448975,0
GLMR.V,D,20240627,000000,0.201963,0.262324,0.199444,0.229444,23116218.57228081,0
GLMR.V,D,20240628,000000,0.229696,0.257017,0.211992,0.213177,21888760.193878565,0
GLMR.V,D,20240629,000000,0.213375,0.217825,0.211444,0.215431,2386986.0464712335,0
GLMR.V,D,20240630,000000,0.215032,0.229425,0.213936,0.22425,6360685.288121295,0
GLMR.V,D,20240701,000000,0.224052,0.234261,0.224052,0.229944,2258886.1593116345,0
GLMR.V,D,20240702,000000,0.229854,0.230555,0.220619,0.22494,1214639.348722319,0
GLMR.V,D,20240703,000000,0.225239,0.226337,0.205669,0.209967,1631359.8479576649,0
GLMR.V,D,20240704,000000,0.209965,0.210468,0.192444,0.198089,1709039.7331701827,0
GLMR.V,D,20240705,000000,0.198489,0.198787,0.171354,0.185109,5302139.431585092,0
GLMR.V,D,20240706,000000,0.185015,0.205025,0.181122,0.201106,3308133.0633984604,0
GLMR.V,D,20240707,000000,0.201004,0.203082,0.188849,0.193469,2620545.311079814,0
GLMR.V,D,20240708,000000,0.193181,0.202074,0.182085,0.193585,2565296.0770550175,0
GLMR.V,D,20240709,000000,0.193383,0.198488,0.189864,0.193896,3345262.6904852195,0
GLMR.V,D,20240710,000000,0.194098,0.201334,0.191604,0.194884,3560578.135307713,0
GLMR.V,D,20240711,000000,0.195186,0.201382,0.189006,0.189896,1931048.2716181886,0
GLMR.V,D,20240712,000000,0.189994,0.198636,0.187215,0.194039,3588570.413693934,0
GLMR.V,D,20240713,000000,0.193637,0.202939,0.193439,0.200036,3600122.621447534,0
GLMR.V,D,20240714,000000,0.199836,0.230671,0.198436,0.214779,9965394.92747182,0
GLMR.V,D,20240715,000000,0.214977,0.219532,0.211983,0.219109,3934196.6171099334,0
GLMR.V,D,20240716,000000,0.219109,0.223765,0.207072,0.219355,6057727.45321937,0
GLMR.V,D,20240717,000000,0.219355,0.226457,0.21702,0.21842,3822397.1494073723,0
GLMR.V,D,20240718,000000,0.21842,0.222509,0.207183,0.214357,5050184.703648456,0
GLMR.V,D,20240719,000000,0.214355,0.226415,0.212281,0.225795,4264434.841052844,0
GLMR.V,D,20240720,000000,0.225097,0.225413,0.218896,0.223394,2378110.509056503,0
GLMR.V,D,20240721,000000,0.223694,0.225656,0.215716,0.223445,3012739.838374832,0
GLMR.V,D,20240722,000000,0.223647,0.224431,0.212364,0.212564,1539702.9999959283,0
GLMR.V,D,20240723,000000,0.212364,0.216674,0.202126,0.204525,2876480.734678737,0
GLMR.V,D,20240724,000000,0.204425,0.206798,0.195279,0.196565,2011696.6591400008,0
GLMR.V,D,20240725,000000,0.196065,0.202453,0.188874,0.196143,4031008.6921021556,0
GLMR.V,D,20240726,000000,0.196049,0.206504,0.195251,0.203,3250310.140849066,0
GLMR.V,D,20240727,000000,0.2035,0.208221,0.200004,0.204894,1923087.9206718209,0
GLMR.V,D,20240728,000000,0.205121,0.205884,0.196594,0.197378,1238527.4983454694,0
GLMR.V,D,20240729,000000,0.19748,0.204555,0.195396,0.199476,2480290.0245255204,0
GLMR.V,D,20240730,000000,0.199576,0.200976,0.190141,0.191443,1359758.936700871,0
GLMR.V,D,20240731,000000,0.191638,0.194313,0.187012,0.188528,1098369.0476374526,0
GLMR.V,D,20240801,000000,0.188438,0.190824,0.174026,0.186847,3786773.176182871,0
GLMR.V,D,20240802,000000,0.18745,0.194029,0.174835,0.177296,3410966.69418648,0
GLMR.V,D,20240803,000000,0.177296,0.180259,0.165612,0.169893,2497836.214756528,0
GLMR.V,D,20240804,000000,0.170493,0.17409,0.159862,0.164252,3371464.014994134,0
GLMR.V,D,20240805,000000,0.164252,0.165839,0.12929,0.147226,6342199.5036320845,0
GLMR.V,D,20240806,000000,0.146928,0.161045,0.146741,0.158062,3261673.8376946906,0
GLMR.V,D,20240807,000000,0.15816,0.163073,0.153325,0.155612,1666461.4924015724,0
GLMR.V,D,20240808,000000,0.155516,0.165648,0.15272,0.165648,807523.5492104907,0
GLMR.V,D,20240809,000000,0.16555,0.171957,0.161232,0.166652,4158514.2806075984,0
GLMR.V,D,20240810,000000,0.166352,0.16873,0.161327,0.166132,2569772.2926255288,0
GLMR.V,D,20240811,000000,0.166132,0.172124,0.15564,0.157016,3385516.5740471403,0
GLMR.V,D,20240812,000000,0.156616,0.164731,0.153746,0.158517,2951828.802413947,0
GLMR.V,D,20240813,000000,0.158517,0.162816,0.15544,0.162519,2182952.842367629,0
GLMR.V,D,20240814,000000,0.162518,0.16272,0.153421,0.155212,1661008.8392124476,0
GLMR.V,D,20240815,000000,0.155314,0.157698,0.147135,0.148827,1380397.1006311616,0
GLMR.V,D,20240816,000000,0.148827,0.152311,0.145429,0.149442,1645930.9185871182,0
GLMR.V,D,20240817,000000,0.149542,0.150012,0.147312,0.149513,1580231.2002267234,0
GLMR.V,D,20240818,000000,0.149913,0.165031,0.149812,0.162431,3124602.9342463394,0
GLMR.V,D,20240819,000000,0.162631,0.163328,0.156039,0.162336,3268098.565340115,0
GLMR.V,D,20240820,000000,0.162336,0.173061,0.162036,0.167,5624038.828303423,0
GLMR.V,D,20240821,000000,0.166902,0.181415,0.163113,0.177616,4583785.593341367,0
GLMR.V,D,20240822,000000,0.177889,0.183529,0.173021,0.175109,6854028.647145156,0
GLMR.V,D,20240823,000000,0.175212,0.186749,0.174012,0.186749,4265594.987421627,0
GLMR.V,D,20240824,000000,0.186948,0.193658,0.182901,0.185865,2524364.242492582,0
GLMR.V,D,20240825,000000,0.186712,0.188557,0.178763,0.184565,1970181.7002195164,0
GLMR.V,D,20240826,000000,0.184365,0.185165,0.168049,0.172331,4022432.9756478365,0
GLMR.V,D,20240827,000000,0.171829,0.19846,0.167397,0.175702,13633813.139758006,0
GLMR.V,D,20240828,000000,0.175502,0.179722,0.160313,0.165015,4134712.725494181,0
GLMR.V,D,20240829,000000,0.164815,0.171638,0.163116,0.167098,2105281.67517049,0
GLMR.V,D,20240830,000000,0.166798,0.169303,0.157067,0.163679,2216079.174876077,0
GLMR.V,D,20240831,000000,0.163677,0.164569,0.15979,0.161769,1120344.4223057707,0
GLMR.V,D,20240901,000000,0.161616,0.161769,0.154972,0.158673,896427.456078331,0
GLMR.V,D,20240902,000000,0.158371,0.16387,0.153894,0.161972,1513931.777036797,0
GLMR.V,D,20240903,000000,0.161874,0.165182,0.15635,0.156954,1941301.4082606812,0
GLMR.V,D,20240904,000000,0.157056,0.162281,0.14776,0.162281,4042132.9247700903,0
GLMR.V,D,20240905,000000,0.162082,0.162682,0.150261,0.153143,2009219.2416556017,0
GLMR.V,D,20240906,000000,0.153445,0.156575,0.142026,0.145624,2035219.4228513183,0
GLMR.V,D,20240907,000000,0.145626,0.151055,0.145324,0.148485,1758564.3230629922,0
GLMR.V,D,20240908,000000,0.148684,0.155186,0.147578,0.154385,3679672.778217348,0
GLMR.V,D,20240909,000000,0.154431,0.161129,0.153283,0.160929,1782547.4291223013,0
GLMR.V,D,20240910,000000,0.161381,0.161429,0.157295,0.159589,1388884.1722175956,0
GLMR.V,D,20240911,000000,0.159589,0.165792,0.153186,0.160013,3379820.778290309,0
GLMR.V,D,20240912,000000,0.159813,0.182078,0.159714,0.170486,12356545.290736452,0
GLMR.V,D,20240913,000000,0.170186,0.179566,0.164388,0.176069,4458589.250924022,0
GLMR.V,D,20240914,000000,0.17627,0.176671,0.168432,0.169432,2077625.9330392925,0
GLMR.V,D,20240915,000000,0.16933,0.176618,0.168513,0.168802,2772761.165483179,0
GLMR.V,D,20240916,000000,0.168667,0.168717,0.157179,0.15967,5001788.131000372,0
GLMR.V,D,20240917,000000,0.15867,0.167815,0.157784,0.163716,2403073.722454824,0
GLMR.V,D,20240918,000000,0.163715,0.167507,0.158295,0.166307,4051625.178190707,0
GLMR.V,D,20240919,000000,0.166383,0.178227,0.166112,0.174623,3123747.4719261583,0
GLMR.V,D,20240920,000000,0.174516,0.183315,0.173816,0.177316,2703735.7478605066,0
GLMR.V,D,20240921,000000,0.177418,0.186415,0.175498,0.184318,2588895.8152154633,0
GLMR.V,D,20240922,000000,0.184818,0.187715,0.175498,0.1779,8436658.27973295,0
GLMR.V,D,20240923,000000,0.1772,0.183582,0.1745,0.179993,2969501.490922383,0
GLMR.V,D,20240924,000000,0.179791,0.186583,0.177564,0.184991,2262180.3428420024,0
GLMR.V,D,20240925,000000,0.185389,0.191479,0.184789,0.185768,2841915.6127876346,0
GLMR.V,D,20240926,000000,0.18577,0.194714,0.182554,0.190519,1722387.69801952,0
GLMR.V,D,20240927,000000,0.190717,0.197161,0.189313,0.193535,1508194.5210810392,0
GLMR.V,D,20240928,000000,0.194035,0.199422,0.189617,0.189623,1488321.4222317764,0
GLMR.V,D,20240929,000000,0.189821,0.193936,0.186644,0.190972,1838308.4369287563,0
GLMR.V,D,20240930,000000,0.191062,0.191734,0.176854,0.180442,2905671.686865857,0
GLMR.V,D,20241001,000000,0.180144,0.184363,0.159655,0.165057,4206909.651392193,0
GLMR.V,D,20241002,000000,0.165157,0.169664,0.157968,0.161356,2591502.8065250725,0
GLMR.V,D,20241003,000000,0.160857,0.164777,0.154157,0.158083,2453735.431600163,0
GLMR.V,D,20241004,000000,0.157881,0.164788,0.156778,0.163297,1645785.9520028466,0
GLMR.V,D,20241005,000000,0.163395,0.16389,0.158076,0.159776,1526915.3287673397,0
GLMR.V,D,20241006,000000,0.159976,0.168771,0.159481,0.164672,2285762.620167266,0
GLMR.V,D,20241007,000000,0.164872,0.171573,0.164872,0.16825,1868233.3292884298,0
GLMR.V,D,20241008,000000,0.16815,0.16825,0.162437,0.164382,2006503.927366993,0
GLMR.V,D,20241009,000000,0.164382,0.165887,0.157561,0.159658,2214839.3201527167,0
GLMR.V,D,20241010,000000,0.159559,0.161711,0.155292,0.158229,1061770.4519658876,0
GLMR.V,D,20241011,000000,0.158628,0.165877,0.157828,0.165077,1417813.7076759161,0
GLMR.V,D,20241012,000000,0.164979,0.17003,0.163941,0.166948,6076927.28315102,0
GLMR.V,D,20241013,000000,0.16645,0.16835,0.161448,0.163433,2003629.0245304753,0
GLMR.V,D,20241014,000000,0.163516,0.172874,0.162133,0.172572,2616042.261818695,0
GLMR.V,D,20241015,000000,0.173074,0.177349,0.169156,0.171355,1643385.6635472702,0
GLMR.V,D,20241016,000000,0.171255,0.172765,0.16719,0.167665,1495100.808805589,0
GLMR.V,D,20241017,000000,0.167966,0.169066,0.158849,0.160844,2959389.2914636657,0
GLMR.V,D,20241018,000000,0.160642,0.16568,0.159833,0.163879,2963622.3920827527,0
GLMR.V,D,20241019,000000,0.16358,0.169985,0.16328,0.16646,2348862.502765264,0
GLMR.V,D,20241020,000000,0.16635,0.175861,0.165167,0.172041,4371746.073285075,0
GLMR.V,D,20241021,000000,0.172343,0.175228,0.16763,0.17043,2697557.8183686268,0
GLMR.V,D,20241022,000000,0.17033,0.170777,0.162398,0.16888,5709011.105182702,0
GLMR.V,D,20241023,000000,0.168978,0.169679,0.159476,0.164327,4034762.00110699,0
GLMR.V,D,20241024,000000,0.164322,0.16698,0.161036,0.165699,3520095.107799342,0
GLMR.V,D,20241025,000000,0.165799,0.167794,0.160039,0.162108,2106363.9230660675,0
GLMR.V,D,20241026,000000,0.162108,0.162407,0.152002,0.157294,2761549.1770618595,0
GLMR.V,D,20241027,000000,0.157294,0.16248,0.155296,0.16238,4446114.518112669,0
GLMR.V,D,20241028,000000,0.162176,0.165451,0.158878,0.164685,3782404.987272313,0
GLMR.V,D,20241029,000000,0.164984,0.167547,0.15876,0.165847,6538923.568360037,0
GLMR.V,D,20241030,000000,0.166049,0.16635,0.161658,0.163248,4287353.064854898,0
GLMR.V,D,20241031,000000,0.163148,0.163744,0.151091,0.153299,2972419.21805568,0
GLMR.V,D,20241101,000000,0.153098,0.156289,0.150293,0.151595,2288577.021629042,0
GLMR.V,D,20241102,000000,0.151196,0.180139,0.147944,0.167251,39889483.53968862,0
GLMR.V,D,20241103,000000,0.167053,0.174144,0.148849,0.15344,26327273.074900687,0
GLMR.V,D,20241104,000000,0.153439,0.156701,0.146794,0.149782,6700887.823202119,0
GLMR.V,D,20241105,000000,0.149184,0.155861,0.148805,0.152682,4508871.317258863,0
GLMR.V,D,20241106,000000,0.152682,0.167132,0.152483,0.166,5710405.753618027,0
GLMR.V,D,20241107,000000,0.1663,0.169887,0.163387,0.166583,5614074.749534796,0
GLMR.V,D,20241108,000000,0.166783,0.195831,0.164732,0.178516,27702233.833741885,0
GLMR.V,D,20241109,000000,0.178514,0.180854,0.170351,0.179654,10662008.727801045,0
GLMR.V,D,20241110,000000,0.179654,0.19516,0.179186,0.189104,22939185.413972314,0
GLMR.V,D,20241111,000000,0.188806,0.193326,0.182539,0.192621,12677834.158737833,0
GLMR.V,D,20241112,000000,0.19282,0.200879,0.180936,0.189723,12948344.92865191,0
GLMR.V,D,20241113,000000,0.189523,0.189877,0.173485,0.175493,8596388.346760493,0
GLMR.V,D,20241114,000000,0.175493,0.182749,0.167432,0.169115,5855451.501507852,0
GLMR.V,D,20241115,000000,0.16812,0.177051,0.163451,0.175551,5732433.643616849,0
GLMR.V,D,20241116,000000,0.175553,0.194697,0.174959,0.191067,7310543.287817883,0
GLMR.V,D,20241117,000000,0.191067,0.275386,0.184561,0.223707,163964251.33540347,0
GLMR.V,D,20241118,000000,0.223309,0.241305,0.21173,0.223001,25698848.039965343,0
GLMR.V,D,20241119,000000,0.223001,0.224821,0.206491,0.208565,7841057.534770681,0
GLMR.V,D,20241120,000000,0.208565,0.233708,0.202907,0.216049,14467491.822738014,0
GLMR.V,D,20241121,000000,0.215649,0.223178,0.206996,0.216005,6152994.70636533,0
GLMR.V,D,20241122,000000,0.215903,0.248446,0.215602,0.242249,18697591.393320266,0
GLMR.V,D,20241123,000000,0.243153,0.317677,0.243153,0.284207,38258178.508575305,0
GLMR.V,D,20241124,000000,0.285007,0.327791,0.254177,0.277778,19905686.5145228,0
GLMR.V,D,20241125,000000,0.277077,0.281951,0.256392,0.264226,8155503.717002117,0
GLMR.V,D,20241126,000000,0.264634,0.27126,0.239928,0.265102,7577820.305951178,0
GLMR.V,D,20241127,000000,0.265199,0.287831,0.261372,0.284384,9104737.66099481,0
GLMR.V,D,20241128,000000,0.284784,0.306658,0.273018,0.301315,8587484.269607607,0
GLMR.V,D,20241129,000000,0.301515,0.307018,0.289726,0.299018,7030615.267002478,0
GLMR.V,D,20241130,000000,0.298718,0.315126,0.296115,0.306823,7997949.823813342,0
GLMR.V,D,20241201,000000,0.306423,0.329471,0.306423,0.328267,8758023.370152054,0
GLMR.V,D,20241202,000000,0.32797,0.343345,0.292312,0.335321,10433768.333075158,0
GLMR.V,D,20241203,000000,0.335017,0.373661,0.312591,0.369773,15981899.013802825,0
GLMR.V,D,20241204,000000,0.368539,0.430276,0.356925,0.381815,17772345.98888567,0
GLMR.V,D,20241205,000000,0.381815,0.39767,0.356097,0.367521,8388747.341515468,0
GLMR.V,D,20241206,000000,0.367719,0.393615,0.354312,0.386452,5845105.751946671,0
GLMR.V,D,20241207,000000,0.385847,0.394816,0.3756,0.38597,4982032.519950046,0
GLMR.V,D,20241208,000000,0.38597,0.392998,0.372386,0.384311,4594147.331994351,0
GLMR.V,D,20241209,000000,0.384215,0.385912,0.279961,0.312191,7723870.63309014,0
GLMR.V,D,20241210,000000,0.310393,0.327782,0.283637,0.313957,6293177.310006125,0
GLMR.V,D,20241211,000000,0.314057,0.33832,0.300762,0.335268,5623004.065010915,0
GLMR.V,D,20241212,000000,0.335168,0.348311,0.324813,0.328972,6942586.681075104,0
GLMR.V,D,20241213,000000,0.329046,0.33302,0.316241,0.320058,4648494.68553086,0
GLMR.V,D,20241214,000000,0.319257,0.32652,0.297055,0.303573,5360343.920449366,0
GLMR.V,D,20241215,000000,0.303773,0.31826,0.290642,0.307026,4452779.50919068,0
GLMR.V,D,20241216,000000,0.307445,0.318831,0.295058,0.303085,5350272.169006275,0
GLMR.V,D,20241217,000000,0.302885,0.310947,0.2851,0.285571,3750087.2141126003,0
GLMR.V,D,20241218,000000,0.284872,0.302642,0.256813,0.262492,3178819.3512027184,0
GLMR.V,D,20241219,000000,0.261416,0.299218,0.224367,0.236884,3262998.127136189,0
GLMR.V,D,20241220,000000,0.237084,0.24634,0.200715,0.245236,4544591.207448458,0
GLMR.V,D,20241221,000000,0.245138,0.261474,0.228981,0.231461,2347983.513909593,0
GLMR.V,D,20241222,000000,0.231061,0.240905,0.221567,0.227043,1831367.1611266925,0
GLMR.V,D,20241223,000000,0.227829,0.261031,0.22391,0.255263,2565765.3747676197,0
GLMR.V,D,20241224,000000,0.256556,0.267051,0.245441,0.2636,2413380.2255460527,0
GLMR.V,D,20241225,000000,0.263523,0.280716,0.259805,0.26936,5942412.790168892,0
GLMR.V,D,20241226,000000,0.26996,0.272773,0.243785,0.248434,2639464.3950360883,0
GLMR.V,D,20241227,000000,0.247125,0.275181,0.244,0.25982,10342873.337987622,0
GLMR.V,D,20241228,000000,0.258822,0.322325,0.25673,0.278672,36943859.3137786,0
GLMR.V,D,20241229,000000,0.278975,0.280126,0.257098,0.257597,5989203.076273719,0
GLMR.V,D,20241230,000000,0.257899,0.269393,0.242438,0.252941,5589423.872942426,0
GLMR.V,D,20241231,000000,0.25224,0.264423,0.246665,0.247137,4031814.1174097033,0
GLMR.V,D,20250101,000000,0.24674,0.259083,0.240927,0.256665,1926934.6809489566,0
GLMR.V,D,20250102,000000,0.256865,0.264498,0.253871,0.259435,2492937.8159631654,0
GLMR.V,D,20250103,000000,0.259235,0.275787,0.256446,0.269895,2756230.6602773825,0
GLMR.V,D,20250104,000000,0.269997,0.277422,0.266018,0.269854,2184181.409849638,0
GLMR.V,D,20250105,000000,0.270146,0.271213,0.261024,0.269135,1621136.482114635,0
GLMR.V,D,20250106,000000,0.270111,0.275297,0.263894,0.269178,1105958.8821012452,0
GLMR.V,D,20250107,000000,0.268778,0.273114,0.238752,0.242166,1925801.1685363548,0
GLMR.V,D,20250108,000000,0.241864,0.242156,0.217183,0.229931,1954094.400058316,0
GLMR.V,D,20250109,000000,0.229829,0.23412,0.216959,0.221687,1678894.629579026,0
GLMR.V,D,20250110,000000,0.221387,0.228284,0.218274,0.22635,979601.8603022964,0
GLMR.V,D,20250111,000000,0.226252,0.227591,0.21888,0.224492,996567.1525188232,0
GLMR.V,D,20250112,000000,0.223595,0.223595,0.213491,0.214969,1244553.7113903563,0
GLMR.V,D,20250113,000000,0.214871,0.221658,0.191954,0.20901,2160725.17586918,0
GLMR.V,D,20250114,000000,0.209312,0.218812,0.207507,0.218812,2225949.274729954,0
GLMR.V,D,20250115,000000,0.218808,0.226063,0.207407,0.225107,1826855.0803806882,0
GLMR.V,D,20250116,000000,0.225309,0.228873,0.215629,0.219549,1982948.4289575273,0
GLMR.V,D,20250117,000000,0.219749,0.23501,0.217956,0.232874,3397563.3233193164,0
GLMR.V,D,20250118,000000,0.231977,0.246074,0.207016,0.210808,3109207.481042384,0
GLMR.V,D,20250119,000000,0.210209,0.21756,0.185492,0.189491,3593828.3550653425,0
GLMR.V,D,20250120,000000,0.189299,0.216418,0.175414,0.179771,4892876.741206909,0
GLMR.V,D,20250121,000000,0.179294,0.227452,0.17148,0.185828,4253948.856064443,0
GLMR.V,D,20250122,000000,0.185148,0.187868,0.182085,0.184356,1216269.8782657494,0
GLMR.V,D,20250123,000000,0.184056,0.222491,0.175214,0.18104,1487624.4085308034,0
GLMR.V,D,20250124,000000,0.18094,0.186394,0.174688,0.178209,2383402.3239321806,0
GLMR.V,D,20250125,000000,0.177911,0.201876,0.174491,0.189666,9757732.947767004,0
GLMR.V,D,20250126,000000,0.189566,0.194661,0.186281,0.18707,1623008.2582180887,0
GLMR.V,D,20250127,000000,0.18677,0.186772,0.150496,0.169458,8595378.624988927,0
GLMR.V,D,20250128,000000,0.169258,0.172297,0.156122,0.158497,2344820.095281944,0
GLMR.V,D,20250129,000000,0.158,0.172524,0.154668,0.162993,3996988.4290954727,0
GLMR.V,D,20250130,000000,0.162797,0.181218,0.159792,0.169517,1575324.5693280778,0
GLMR.V,D,20250131,000000,0.169417,0.176625,0.165788,0.173152,2191042.2174223764,0
GLMR.V,D,20250201,000000,0.17335,0.175865,0.156562,0.156762,2720744.9945146255,0
GLMR.V,D,20250202,000000,0.156562,0.162764,0.130099,0.13426,5780683.868650711,0
GLMR.V,D,20250203,000000,0.13436,0.142652,0.0948706,0.141541,6867278.559101213,0
GLMR.V,D,20250204,000000,0.140941,0.144621,0.126328,0.128564,2316502.1160799535,0
GLMR.V,D,20250205,000000,0.128763,0.136341,0.125815,0.126009,1442158.066902364,0
GLMR.V,D,20250206,000000,0.126406,0.13542,0.119935,0.121809,1092484.4351174708,0
GLMR.V,D,20250207,000000,0.122009,0.130478,0.118807,0.119905,1668367.362338975,0
GLMR.V,D,20250208,000000,0.120104,0.135995,0.119806,0.12781,2806504.7876148927,0
GLMR.V,D,20250209,000000,0.128313,0.134023,0.121913,0.125215,1492013.9136618918,0
GLMR.V,D,20250210,000000,0.125215,0.135619,0.123425,0.13222,2165829.0488787284,0
GLMR.V,D,20250211,000000,0.132424,0.140415,0.128678,0.131686,2725830.3443122553,0
GLMR.V,D,20250212,000000,0.131584,0.1424,0.1274,0.14071,1809913.9191534603,0
GLMR.V,D,20250213,000000,0.14071,0.148815,0.131212,0.132501,1327713.664468402,0
GLMR.V,D,20250214,000000,0.132603,0.138028,0.131813,0.133624,959785.8132975512,0
GLMR.V,D,20250215,000000,0.133723,0.14392,0.128112,0.128213,1683646.1091347889,0
