<TICKER>,<PER>,<DATE>,<TIME>,<OPEN>,<HIGH>,<LOW>,<CLOSE>,<VOL>,<OPENINT>
GMT.V,D,20220330,000000,2.095659,2.147994,1.939572,2.054056,142211553.4580567,0
GMT.V,D,20220331,000000,2.054416,2.58876,1.78369,2.5699,789695233.4436942,0
GMT.V,D,20220401,000000,2.57077,3.13084,2.38048,3.04178,762179497.8327745,0
GMT.V,D,20220402,000000,3.04088,3.05091,2.40403,2.5058,360541144.41353303,0
GMT.V,D,20220403,000000,2.50643,2.75082,2.24639,2.36134,353667706.50238425,0
GMT.V,D,20220404,000000,2.35769,2.55679,2.05662,2.1706,216874482.5392464,0
GMT.V,D,20220405,000000,2.17042,2.32367,2.08942,2.12274,199546367.1478517,0
GMT.V,D,20220406,000000,2.12499,2.70304,2.10167,2.24768,385244581.25208664,0
GMT.V,D,20220407,000000,2.24793,2.36729,2.01291,2.10332,191874657.6543349,0
GMT.V,D,20220408,000000,2.10334,2.4409,2.09457,2.15998,221251070.4918856,0
GMT.V,D,20220409,000000,2.16028,2.32664,2.10435,2.21566,140276559.61902264,0
GMT.V,D,20220410,000000,2.2159,2.39352,2.20851,2.2789,170405178.80952755,0
GMT.V,D,20220411,000000,2.28546,2.66838,2.24345,2.59828,241699231.14437628,0
GMT.V,D,20220412,000000,2.60298,2.61542,2.12591,2.19094,192082308.6738306,0
GMT.V,D,20220413,000000,2.19121,2.24961,2.06357,2.16403,81389783.64113022,0
GMT.V,D,20220414,000000,2.1628,2.35038,2.14777,2.19886,106809915.50654726,0
GMT.V,D,20220415,000000,2.1998,2.29192,2.17529,2.26517,73248349.68505695,0
GMT.V,D,20220416,000000,2.26508,2.43049,2.24235,2.39578,83305392.13829862,0
GMT.V,D,20220417,000000,2.39819,2.60009,2.36032,2.56817,102117871.9439281,0
GMT.V,D,20220418,000000,2.5679,3.25095,2.2445,3.22551,498430480.7767905,0
GMT.V,D,20220419,000000,3.22428,3.83077,3.14048,3.70118,503642915.02462006,0
GMT.V,D,20220420,000000,3.70034,3.85008,3.31491,3.37092,358144543.4009714,0
GMT.V,D,20220421,000000,3.37119,3.58846,2.97303,3.09834,261297285.27487862,0
GMT.V,D,20220422,000000,3.09677,3.28468,3.01923,3.12448,140533525.74447232,0
GMT.V,D,20220423,000000,3.12664,3.44865,3.10418,3.14981,164949976.26066092,0
GMT.V,D,20220424,000000,3.14961,3.38617,3.12288,3.28133,128687585.00461492,0
GMT.V,D,20220425,000000,3.27853,3.40068,3.14031,3.24674,118339880.9189084,0
GMT.V,D,20220426,000000,3.24709,3.48567,3.17489,3.30365,114720163.09366582,0
GMT.V,D,20220427,000000,3.30352,3.94945,3.23833,3.79705,240834361.07917613,0
GMT.V,D,20220428,000000,3.79745,4.17709,3.56948,3.70044,297953681.5278785,0
GMT.V,D,20220429,000000,3.7018,4.13976,3.42102,3.76402,309734787.4984515,0
GMT.V,D,20220430,000000,3.76386,4.06015,3.50859,3.57147,177303390.07191315,0
GMT.V,D,20220501,000000,3.56902,3.61018,3.31047,3.39563,119178010.10532388,0
GMT.V,D,20220502,000000,3.39526,3.54782,3.13319,3.24403,86386407.42651981,0
GMT.V,D,20220503,000000,3.24399,3.45057,3.18641,3.20681,81888794.06137374,0
GMT.V,D,20220504,000000,3.20663,3.44266,3.16368,3.28517,108609686.69786204,0
GMT.V,D,20220505,000000,3.28614,3.40254,2.56169,2.73369,163773667.2912112,0
GMT.V,D,20220506,000000,2.73375,2.75598,2.34119,2.45268,152419709.1082638,0
GMT.V,D,20220507,000000,2.45228,2.84078,2.39011,2.52932,203062173.46221504,0
GMT.V,D,20220508,000000,2.53955,2.77563,2.45744,2.65851,140154770.3452974,0
GMT.V,D,20220509,000000,2.6592,2.74845,2.10206,2.18876,147537096.7520234,0
GMT.V,D,20220510,000000,2.19642,2.24591,1.61787,1.65223,249429201.1591618,0
GMT.V,D,20220511,000000,1.65104,1.87615,1.09749,1.26041,271095808.1205839,0
GMT.V,D,20220512,000000,1.26061,1.49723,0.77826,1.08442,300996662.4231792,0
GMT.V,D,20220513,000000,1.08193,1.74742,1.06257,1.59502,312986116.2887716,0
GMT.V,D,20220514,000000,1.59413,1.61579,1.251,1.38986,177373197.03042284,0
GMT.V,D,20220515,000000,1.39166,1.65171,1.37972,1.56908,175508406.1523211,0
GMT.V,D,20220516,000000,1.56843,1.63661,1.38216,1.47731,97219574.00561932,0
GMT.V,D,20220517,000000,1.47486,1.69851,1.42015,1.56318,133153298.26744357,0
GMT.V,D,20220518,000000,1.56319,1.64697,1.35702,1.4036,160155243.99548063,0
GMT.V,D,20220519,000000,1.40528,1.4968,1.27659,1.47083,123652562.39079809,0
GMT.V,D,20220520,000000,1.47091,1.57775,1.29646,1.34502,126957648.5159862,0
GMT.V,D,20220521,000000,1.34559,1.43299,1.30755,1.33387,103270695.132137,0
GMT.V,D,20220522,000000,1.33364,1.44425,1.32712,1.40109,83213766.24412759,0
GMT.V,D,20220523,000000,1.40053,1.5333,1.37911,1.39876,128779810.40294136,0
GMT.V,D,20220524,000000,1.3969,1.41489,1.28208,1.38882,64801471.36570298,0
GMT.V,D,20220525,000000,1.38952,1.43235,1.3558,1.39136,53521364.487464026,0
GMT.V,D,20220526,000000,1.39139,1.39711,0.83018,0.94473,435532836.00632626,0
GMT.V,D,20220527,000000,0.94608,1.156063,0.80346,1.03119,398789863.1917001,0
GMT.V,D,20220528,000000,1.02999,1.08667,0.99136,1.04725,135512691.95336008,0
GMT.V,D,20220529,000000,1.04725,1.19659,0.8668,1.07293,287133205.04092145,0
GMT.V,D,20220530,000000,1.07435,1.30766,1.04587,1.27066,218919795.37565023,0
GMT.V,D,20220531,000000,1.27019,1.29114,1.11827,1.1763,127906084.26930045,0
GMT.V,D,20220601,000000,1.17933,1.20479,0.97462,1.00152,86414206.75184818,0
GMT.V,D,20220602,000000,1.00044,1.08302,0.9282,1.04405,150250328.9713164,0
GMT.V,D,20220603,000000,1.04428,1.07364,0.98123,1.03824,78888137.68666089,0
GMT.V,D,20220604,000000,1.03906,1.03906,0.98616,1.00189,33450780.27130571,0
GMT.V,D,20220605,000000,1.00274,1.00889,0.90214,0.94235,70656957.5234231,0
GMT.V,D,20220606,000000,0.94317,1.05586,0.92559,0.99508,69915531.8591623,0
GMT.V,D,20220607,000000,0.99509,1.01422,0.93329,0.983,45881874.009438634,0
GMT.V,D,20220608,000000,0.98311,1.06318,0.93562,0.98234,78033334.88489291,0
GMT.V,D,20220609,000000,0.98185,1.04824,0.95157,0.989718,47497735.36395882,0
GMT.V,D,20220610,000000,0.990457,0.996822,0.890275,0.916965,59396852.498946264,0
GMT.V,D,20220611,000000,0.917774,0.932861,0.772231,0.812501,109340381.43057872,0
GMT.V,D,20220612,000000,0.81289,0.82202,0.670184,0.69847,162872916.26093197,0
GMT.V,D,20220613,000000,0.69816,0.698939,0.533619,0.591187,161442466.31512606,0
GMT.V,D,20220614,000000,0.591547,0.683745,0.56302,0.6075,118859469.84679924,0
GMT.V,D,20220615,000000,0.60793,0.676589,0.564702,0.662425,103390078.2089362,0
GMT.V,D,20220616,000000,0.661666,0.677014,0.596104,0.612801,55349049.991808705,0
GMT.V,D,20220617,000000,0.596739,0.638232,0.584372,0.613942,41978686.36900979,0
GMT.V,D,20220618,000000,0.614562,0.628068,0.551128,0.580937,54591471.250105664,0
GMT.V,D,20220619,000000,0.580652,0.788303,0.577457,0.742563,70121304.79711987,0
GMT.V,D,20220620,000000,0.742843,0.828245,0.70675,0.755069,89682968.48898056,0
GMT.V,D,20220621,000000,0.755043,0.857855,0.740734,0.777823,98313339.34012766,0
GMT.V,D,20220622,000000,0.777664,0.806552,0.735684,0.755364,47593951.114907384,0
GMT.V,D,20220623,000000,0.755743,0.810928,0.726173,0.787392,45622098.90121901,0
GMT.V,D,20220624,000000,0.787602,0.850149,0.787602,0.831361,35432988.74435529,0
GMT.V,D,20220625,000000,0.831917,0.958186,0.814488,0.946167,48315335.35810642,0
GMT.V,D,20220626,000000,0.945538,1.109234,0.939162,0.98388,159276407.38134682,0
GMT.V,D,20220627,000000,0.98373,0.995513,0.920066,0.969536,59802725.76192367,0
GMT.V,D,20220628,000000,0.969906,1.016524,0.902919,0.925221,68467968.71170384,0
GMT.V,D,20220629,000000,0.922714,0.923421,0.851891,0.890261,36998730.40936106,0
GMT.V,D,20220630,000000,0.891799,0.905862,0.763515,0.794835,56362850.28470431,0
GMT.V,D,20220701,000000,0.794206,0.885933,0.788852,0.843231,44802450.94819819,0
GMT.V,D,20220702,000000,0.843891,0.846847,0.770155,0.822582,39297508.68771794,0
GMT.V,D,20220703,000000,0.82367,0.833199,0.788673,0.813641,24184947.163040683,0
GMT.V,D,20220704,000000,0.813341,0.869555,0.790671,0.866359,30951816.576942418,0
GMT.V,D,20220705,000000,0.86547,0.985646,0.862354,0.932953,107229094.09265491,0
GMT.V,D,20220706,000000,0.933812,0.985155,0.882039,0.95346,75377203.31975709,0
GMT.V,D,20220707,000000,0.952851,1.055366,0.942972,1.023256,64437290.532600746,0
GMT.V,D,20220708,000000,1.024485,1.046017,0.960427,1.006236,46099198.62184723,0
GMT.V,D,20220709,000000,1.005596,1.046067,0.987407,1.015191,32602576.78836072,0
GMT.V,D,20220710,000000,1.014289,1.020587,0.936338,0.954527,28167408.669643074,0
GMT.V,D,20220711,000000,0.954027,0.957125,0.84384,0.85493,53391209.28153872,0
GMT.V,D,20220712,000000,0.85453,0.874537,0.825756,0.835564,39986641.152757466,0
GMT.V,D,20220713,000000,0.835064,0.888011,0.803215,0.867219,53389298.42340283,0
GMT.V,D,20220714,000000,0.867119,0.945832,0.857428,0.919348,55959552.0215439,0
GMT.V,D,20220715,000000,0.921167,0.955266,0.912892,0.935109,50539794.30178667,0
GMT.V,D,20220716,000000,0.936319,0.958612,0.884235,0.916025,32270483.268574655,0
GMT.V,D,20220717,000000,0.916025,0.945083,0.901529,0.913762,31068249.272859257,0
GMT.V,D,20220718,000000,0.914062,1.125915,0.893132,1.096598,125757066.90477943,0
GMT.V,D,20220719,000000,1.097228,1.164604,1.02429,1.08134,72054180.10093838,0
GMT.V,D,20220720,000000,1.08,1.09823,0.96499,0.99675,59535333.33827722,0
GMT.V,D,20220721,000000,0.99545,1.00899,0.9425,0.99448,55452401.47768998,0
GMT.V,D,20220722,000000,0.99453,1.03619,0.92797,0.9493,56902671.206270315,0
GMT.V,D,20220723,000000,0.94908,0.96604,0.90429,0.94014,47691800.10514302,0
GMT.V,D,20220724,000000,0.93939,1.00189,0.93879,0.9871,47519590.308907986,0
GMT.V,D,20220725,000000,0.9867,0.9992,0.92301,0.96159,59802842.861844555,0
GMT.V,D,20220726,000000,0.96193,0.96814,0.84543,0.86002,50743257.7280262,0
GMT.V,D,20220727,000000,0.85981,0.95203,0.85951,0.94633,72205271.16697529,0
GMT.V,D,20220728,000000,0.94586,1.04822,0.94306,1.02157,84122919.60006484,0
GMT.V,D,20220729,000000,1.02136,1.03377,0.95739,0.98942,60498316.90948566,0
GMT.V,D,20220730,000000,0.98847,1.05606,0.96668,0.99708,61442409.56101266,0
GMT.V,D,20220731,000000,0.99614,1.02261,0.96811,0.98743,43197893.186911,0
GMT.V,D,20220801,000000,0.98693,1.00012,0.92312,0.93928,42472021.00771379,0
GMT.V,D,20220802,000000,0.93758,0.97038,0.898378,0.931458,40337820.89479914,0
GMT.V,D,20220803,000000,0.931458,0.948932,0.882712,0.930633,31791646.666475337,0
GMT.V,D,20220804,000000,0.930179,0.939741,0.899499,0.902927,29018546.229302328,0
GMT.V,D,20220805,000000,0.902527,0.94779,0.89298,0.929577,25165372.462830726,0
GMT.V,D,20220806,000000,0.929877,0.95061,0.919238,0.936706,18480072.8393092,0
GMT.V,D,20220807,000000,0.938316,0.949523,0.910027,0.941069,17415060.548306458,0
GMT.V,D,20220808,000000,0.940979,0.979767,0.923257,0.943713,24721973.389799256,0
GMT.V,D,20220809,000000,0.942613,1.058038,0.927886,0.965093,75272457.27964364,0
GMT.V,D,20220810,000000,0.964793,0.987944,0.915201,0.979684,38792373.196555644,0
GMT.V,D,20220811,000000,0.979084,1.014506,0.959832,0.966354,32729847.39052092,0
GMT.V,D,20220812,000000,0.966254,0.975487,0.942271,0.966644,19953445.081659496,0
GMT.V,D,20220813,000000,0.967645,1.004982,0.965386,0.97499,22199065.823231224,0
GMT.V,D,20220814,000000,0.97598,1.022848,0.960478,0.980304,33522460.192147598,0
GMT.V,D,20220815,000000,0.980294,1.120536,0.968981,1.04335,87525709.56559351,0
GMT.V,D,20220816,000000,1.043461,1.12783,1.03148,1.0819,60679220.08677322,0
GMT.V,D,20220817,000000,1.0822,1.10046,0.96348,0.97477,44315018.848377205,0
GMT.V,D,20220818,000000,0.97378,1.00203,0.95542,0.97681,28333419.22752833,0
GMT.V,D,20220819,000000,0.977,0.9789,0.76898,0.779,53351501.79202268,0
GMT.V,D,20220820,000000,0.77952,0.81611,0.76307,0.79259,40821521.56924323,0
GMT.V,D,20220821,000000,0.79288,0.82338,0.78173,0.81478,26569429.49043708,0
GMT.V,D,20220822,000000,0.81358,0.81428,0.75424,0.76496,31638983.00083436,0
GMT.V,D,20220823,000000,0.76629,0.79014,0.73748,0.78492,28190552.7370102,0
GMT.V,D,20220824,000000,0.78452,0.81689,0.76937,0.79427,33178694.82893274,0
GMT.V,D,20220825,000000,0.79487,0.80926,0.77829,0.79112,21215999.345662892,0
GMT.V,D,20220826,000000,0.79252,0.79421,0.7166,0.72807,22610684.26635125,0
GMT.V,D,20220827,000000,0.72707,0.73017,0.67183,0.67752,29553078.421815846,0
GMT.V,D,20220828,000000,0.67641,0.69633,0.67421,0.6804,15707123.648208803,0
GMT.V,D,20220829,000000,0.6791,0.6805,0.63191,0.67475,26383073.80798629,0
GMT.V,D,20220830,000000,0.67477,0.697393,0.635732,0.657959,25376533.85011701,0
GMT.V,D,20220831,000000,0.658453,0.698014,0.652578,0.679693,25989734.231839176,0
GMT.V,D,20220901,000000,0.680407,0.683207,0.65588,0.680073,15188555.951079477,0
GMT.V,D,20220902,000000,0.681166,0.700149,0.664553,0.673788,15694793.454279367,0
GMT.V,D,20220903,000000,0.673808,0.6805,0.6601,0.674967,12223261.63435027,0
GMT.V,D,20220904,000000,0.674967,0.7128,0.674967,0.7015,15896511.258119533,0
GMT.V,D,20220905,000000,0.7012,0.7131,0.6766,0.685969,10772783.491400898,0
GMT.V,D,20220906,000000,0.685569,0.706871,0.6264,0.6361,16447584.351120438,0
GMT.V,D,20220907,000000,0.6354,0.657385,0.618781,0.653446,11265410.231354948,0
GMT.V,D,20220908,000000,0.653839,0.65872,0.635557,0.652798,10975496.070612166,0
GMT.V,D,20220909,000000,0.652591,0.819513,0.650285,0.791769,35109412.316624194,0
GMT.V,D,20220910,000000,0.791977,0.797063,0.731363,0.741141,30698063.648431517,0
GMT.V,D,20220911,000000,0.742348,0.776595,0.715079,0.724274,25926897.921094958,0
GMT.V,D,20220912,000000,0.724974,0.762552,0.715122,0.741533,19969432.656427834,0
GMT.V,D,20220913,000000,0.740722,0.755106,0.66692,0.676814,22776552.59633211,0
GMT.V,D,20220914,000000,0.675807,0.677514,0.640626,0.666367,13456405.185082136,0
GMT.V,D,20220915,000000,0.664873,0.694853,0.645248,0.670333,24159191.64489187,0
GMT.V,D,20220916,000000,0.67154,0.674133,0.636036,0.652135,14247064.383018298,0
GMT.V,D,20220917,000000,0.652435,0.6823,0.648235,0.6765,8119066.390090876,0
GMT.V,D,20220918,000000,0.6768,0.6891,0.5905,0.6124,11605033.454687864,0
GMT.V,D,20220919,000000,0.6111,0.627563,0.5895,0.621624,30677721.98232525,0
GMT.V,D,20220920,000000,0.621862,0.641864,0.609761,0.615562,29231785.558695976,0
GMT.V,D,20220921,000000,0.614606,0.6489,0.59676,0.6012,23506940.072933905,0
GMT.V,D,20220922,000000,0.6014,0.6363,0.5861,0.6254,18488268.99921403,0
GMT.V,D,20220923,000000,0.6257,0.6476,0.607739,0.637636,12066991.455435567,0
GMT.V,D,20220924,000000,0.637455,0.657287,0.628794,0.637051,11794447.252833715,0
GMT.V,D,20220925,000000,0.6369,0.6499,0.612006,0.6132,13708355.425732506,0
GMT.V,D,20220926,000000,0.6132,0.6448,0.6026,0.6314,13631842.445150694,0
GMT.V,D,20220927,000000,0.6314,0.7346,0.628337,0.688731,52478915.77040262,0
GMT.V,D,20220928,000000,0.6888,0.7083,0.650735,0.6718,43138205.17340057,0
GMT.V,D,20220929,000000,0.672,0.6777,0.631,0.643164,19263692.83525966,0
GMT.V,D,20220930,000000,0.6438,0.65133,0.6344,0.6391,11423110.74396594,0
GMT.V,D,20221001,000000,0.639064,0.6469,0.6328,0.6396,6286736.029763526,0
GMT.V,D,20221002,000000,0.6389,0.6452,0.6115,0.6204,7949345.876389713,0
GMT.V,D,20221003,000000,0.62,0.628926,0.5937,0.621862,10598791.610246696,0
GMT.V,D,20221004,000000,0.622062,0.633627,0.617485,0.628288,6838197.496636939,0
GMT.V,D,20221005,000000,0.627726,0.630326,0.609561,0.621462,9076492.573259246,0
GMT.V,D,20221006,000000,0.621224,0.635289,0.619981,0.625213,9372371.988834035,0
GMT.V,D,20221007,000000,0.624706,0.65854,0.621506,0.652691,32967863.66008144,0
GMT.V,D,20221008,000000,0.652078,0.664453,0.634414,0.634859,16096177.50367298,0
GMT.V,D,20221009,000000,0.634865,0.649665,0.633995,0.644629,6866873.857982211,0
GMT.V,D,20221010,000000,0.643729,0.655834,0.638528,0.6519,10870035.465944372,0
GMT.V,D,20221011,000000,0.651435,0.6515,0.6203,0.635743,33956424.99456607,0
GMT.V,D,20221012,000000,0.636143,0.648196,0.619594,0.627519,8461677.89174082,0
GMT.V,D,20221013,000000,0.6299,0.631881,0.540957,0.603148,34068292.35035466,0
GMT.V,D,20221014,000000,0.601754,0.613055,0.566706,0.568023,19872612.177100737,0
GMT.V,D,20221015,000000,0.568717,0.578552,0.563451,0.567328,8976920.331999427,0
GMT.V,D,20221016,000000,0.5673,0.5854,0.562845,0.573623,8730413.78712738,0
GMT.V,D,20221017,000000,0.573329,0.593653,0.571111,0.588112,8710166.341718683,0
GMT.V,D,20221018,000000,0.588018,0.595212,0.559211,0.568223,10484726.014961446,0
GMT.V,D,20221019,000000,0.567828,0.571446,0.548205,0.5529,9218191.52079784,0
GMT.V,D,20221020,000000,0.552494,0.553417,0.49739,0.50345,22144436.379781846,0
GMT.V,D,20221021,000000,0.503465,0.504565,0.455782,0.476538,35027918.642545335,0
GMT.V,D,20221022,000000,0.476333,0.484239,0.467037,0.473343,12564796.390570581,0
GMT.V,D,20221023,000000,0.472238,0.484639,0.467714,0.481967,10526249.055533977,0
GMT.V,D,20221024,000000,0.482553,0.489634,0.462074,0.466119,16091924.0932488,0
GMT.V,D,20221025,000000,0.466419,0.488051,0.457614,0.475752,18576651.16272939,0
GMT.V,D,20221026,000000,0.476162,0.504031,0.470613,0.492738,16428738.284716962,0
GMT.V,D,20221027,000000,0.490937,0.551021,0.487036,0.50643,30485198.723572798,0
GMT.V,D,20221028,000000,0.50673,0.520025,0.471838,0.515803,24370037.516338155,0
GMT.V,D,20221029,000000,0.515493,0.545647,0.504951,0.515124,27915089.317055702,0
GMT.V,D,20221030,000000,0.515124,0.584805,0.505236,0.535107,42937375.95821632,0
GMT.V,D,20221031,000000,0.534907,0.556928,0.519619,0.545856,21308053.937855113,0
GMT.V,D,20221101,000000,0.546267,0.556455,0.522606,0.525647,10155055.198008604,0
GMT.V,D,20221102,000000,0.525147,0.527831,0.476881,0.484871,22566762.981753044,0
GMT.V,D,20221103,000000,0.484571,0.518464,0.483576,0.500095,17350422.13711832,0
GMT.V,D,20221104,000000,0.5003,0.537043,0.4937,0.533443,18892473.80892605,0
GMT.V,D,20221105,000000,0.533543,0.591959,0.531343,0.572329,54923473.60236628,0
GMT.V,D,20221106,000000,0.571434,0.594406,0.548827,0.572346,41667573.13266448,0
GMT.V,D,20221107,000000,0.572346,0.618425,0.54576,0.588471,74715773.96714674,0
GMT.V,D,20221108,000000,0.588677,0.637619,0.477367,0.506013,78958117.73517399,0
GMT.V,D,20221109,000000,0.505211,0.521433,0.334979,0.347465,62815500.25544159,0
GMT.V,D,20221110,000000,0.346323,0.469311,0.338712,0.420467,44618426.0359973,0
GMT.V,D,20221111,000000,0.420534,0.471032,0.374262,0.394047,15883062.245448425,0
GMT.V,D,20221112,000000,0.394218,0.407266,0.361748,0.380614,18459500.667444576,0
GMT.V,D,20221113,000000,0.381013,0.395365,0.365634,0.389754,17980207.00241162,0
GMT.V,D,20221114,000000,0.389554,0.39215,0.346545,0.377371,15999844.736744737,0
GMT.V,D,20221115,000000,0.377414,0.404295,0.374874,0.391009,10788742.838793073,0
GMT.V,D,20221116,000000,0.39302,0.400783,0.379443,0.390536,21042009.51329753,0
GMT.V,D,20221117,000000,0.390909,0.414647,0.387851,0.395991,18365534.95860576,0
GMT.V,D,20221118,000000,0.395192,0.407296,0.392194,0.40433,11290901.68098061,0
GMT.V,D,20221119,000000,0.404131,0.413753,0.396524,0.411767,17413032.544639215,0
GMT.V,D,20221120,000000,0.413669,0.415326,0.373988,0.376926,18146919.103245735,0
GMT.V,D,20221121,000000,0.37693,0.377825,0.344738,0.357271,20749436.00415867,0
GMT.V,D,20221122,000000,0.357667,0.372622,0.350241,0.370947,15703656.406344391,0
GMT.V,D,20221123,000000,0.371021,0.393623,0.367954,0.388476,16105498.66055474,0
GMT.V,D,20221124,000000,0.391169,0.398561,0.38131,0.387175,8549453.329796828,0
GMT.V,D,20221125,000000,0.38747,0.389188,0.37181,0.379188,6901057.320361679,0
GMT.V,D,20221126,000000,0.379976,0.38877,0.373964,0.375678,6749567.727317021,0
GMT.V,D,20221127,000000,0.375678,0.395962,0.374752,0.392748,10053779.193632973,0
GMT.V,D,20221128,000000,0.392443,0.394691,0.359595,0.370559,14426861.326763632,0
GMT.V,D,20221129,000000,0.370356,0.38199,0.365743,0.375661,11932473.636581196,0
GMT.V,D,20221130,000000,0.376257,0.392124,0.373977,0.391716,14852967.684539337,0
GMT.V,D,20221201,000000,0.392416,0.394243,0.38033,0.381823,8047648.896427696,0
GMT.V,D,20221202,000000,0.382523,0.393124,0.376841,0.392624,7588227.211889134,0
GMT.V,D,20221203,000000,0.392224,0.402328,0.384677,0.386639,16872270.610624086,0
GMT.V,D,20221204,000000,0.386839,0.39604,0.385577,0.392139,13509181.372998746,0
GMT.V,D,20221205,000000,0.392278,0.404981,0.385304,0.392412,10703556.903862223,0
GMT.V,D,20221206,000000,0.393108,0.409904,0.391104,0.407696,8832909.583320782,0
GMT.V,D,20221207,000000,0.4076,0.421604,0.389623,0.4091,17786131.342894476,0
GMT.V,D,20221208,000000,0.4091,0.411741,0.39634,0.410029,11809854.607392859,0
GMT.V,D,20221209,000000,0.411329,0.412241,0.398124,0.400412,5608843.814204755,0
GMT.V,D,20221210,000000,0.39992,0.405004,0.3986,0.403792,6735009.05948492,0
GMT.V,D,20221211,000000,0.403996,0.4042,0.391239,0.393439,7503042.310674296,0
GMT.V,D,20221212,000000,0.393205,0.406904,0.3895,0.402636,11095953.725488469,0
GMT.V,D,20221213,000000,0.402332,0.405365,0.38373,0.397105,9792499.212108584,0
GMT.V,D,20221214,000000,0.397273,0.402232,0.380773,0.386327,12292535.691902949,0
GMT.V,D,20221215,000000,0.385439,0.387239,0.372237,0.373875,8412221.314592691,0
GMT.V,D,20221216,000000,0.373275,0.378438,0.307331,0.316032,13396478.64150254,0
GMT.V,D,20221217,000000,0.315363,0.316132,0.296515,0.30484,19328366.0957092,0
GMT.V,D,20221218,000000,0.30484,0.307237,0.289532,0.300139,9520280.14780388,0
GMT.V,D,20221219,000000,0.301539,0.312225,0.275606,0.281594,18139954.743311327,0
GMT.V,D,20221220,000000,0.281597,0.302697,0.279797,0.298812,8512533.633079164,0
GMT.V,D,20221221,000000,0.299412,0.300112,0.2843,0.287814,8038867.580011438,0
GMT.V,D,20221222,000000,0.288314,0.293797,0.280472,0.291051,8562605.218586566,0
GMT.V,D,20221223,000000,0.291456,0.29405,0.28756,0.290471,6319111.967562802,0
GMT.V,D,20221224,000000,0.289868,0.292574,0.28818,0.28818,4023066.1587819615,0
GMT.V,D,20221225,000000,0.288583,0.292194,0.283355,0.286663,6873985.673524293,0
GMT.V,D,20221226,000000,0.286466,0.290071,0.284974,0.287742,4808156.386669864,0
GMT.V,D,20221227,000000,0.287445,0.290345,0.271375,0.274093,8856524.946888883,0
GMT.V,D,20221228,000000,0.273793,0.275079,0.24556,0.248166,19221775.970485844,0
GMT.V,D,20221229,000000,0.248568,0.251774,0.22601,0.234792,12461654.769720199,0
GMT.V,D,20221230,000000,0.232997,0.240989,0.222909,0.225887,16409811.734287655,0
GMT.V,D,20221231,000000,0.225985,0.232679,0.220787,0.229085,13736969.074841116,0
GMT.V,D,20230101,000000,0.228583,0.2372,0.227384,0.235889,11565334.999886895,0
GMT.V,D,20230102,000000,0.235891,0.253299,0.234704,0.246421,18333811.635080952,0
GMT.V,D,20230103,000000,0.247116,0.250205,0.241401,0.249303,6705897.162251341,0
GMT.V,D,20230104,000000,0.249303,0.261793,0.248803,0.254316,14547224.621391464,0
GMT.V,D,20230105,000000,0.254214,0.261322,0.252994,0.25701,8588971.1148723,0
GMT.V,D,20230106,000000,0.25801,0.258399,0.244166,0.25822,6886996.534032994,0
GMT.V,D,20230107,000000,0.256418,0.269416,0.256415,0.261937,14241687.437174652,0
GMT.V,D,20230108,000000,0.262321,0.276056,0.257064,0.274367,9381424.249192128,0
GMT.V,D,20230109,000000,0.276059,0.345359,0.273648,0.312097,54256661.43684072,0
GMT.V,D,20230110,000000,0.3121,0.316675,0.295385,0.307143,19535925.237387978,0
GMT.V,D,20230111,000000,0.307349,0.30965,0.286069,0.298894,9645764.799449293,0
GMT.V,D,20230112,000000,0.299176,0.357529,0.291697,0.349331,38112078.1561956,0
GMT.V,D,20230113,000000,0.349635,0.379734,0.334797,0.364033,39561923.91095171,0
GMT.V,D,20230114,000000,0.365133,0.532548,0.359236,0.513326,170050553.13139603,0
GMT.V,D,20230115,000000,0.513426,0.564096,0.463665,0.520051,118146509.77825904,0
GMT.V,D,20230116,000000,0.519851,0.529759,0.476833,0.49111,32800995.311510947,0
GMT.V,D,20230117,000000,0.490105,0.521042,0.469028,0.483453,26197813.126722813,0
GMT.V,D,20230118,000000,0.483153,0.493949,0.415096,0.427179,32810435.397048216,0
GMT.V,D,20230119,000000,0.425974,0.442556,0.416596,0.430183,18731136.37404412,0
GMT.V,D,20230120,000000,0.430526,0.507891,0.421496,0.503691,33522256.324679296,0
GMT.V,D,20230121,000000,0.50189,0.53648,0.483164,0.4991,55705570.75568157,0
GMT.V,D,20230122,000000,0.495774,0.538091,0.482106,0.4992,29630553.0293365,0
GMT.V,D,20230123,000000,0.499,0.666373,0.497995,0.599996,128682482.42018646,0
GMT.V,D,20230124,000000,0.600584,0.60179,0.520278,0.52371,50486301.36231951,0
GMT.V,D,20230125,000000,0.52351,0.593607,0.512667,0.568691,54446305.081624284,0
GMT.V,D,20230126,000000,0.568597,0.686489,0.565996,0.609049,98184576.84330785,0
GMT.V,D,20230127,000000,0.609549,0.633791,0.576715,0.600428,41742510.1445467,0
GMT.V,D,20230128,000000,0.600804,0.629939,0.581039,0.590518,27414044.125571623,0
GMT.V,D,20230129,000000,0.590318,0.6252,0.577333,0.60993,30304255.5235001,0
GMT.V,D,20230130,000000,0.610024,0.617412,0.529495,0.540438,31667365.182183377,0
GMT.V,D,20230131,000000,0.540238,0.560717,0.525568,0.55205,23956337.304269347,0
GMT.V,D,20230201,000000,0.55205,0.584223,0.516126,0.576735,22816512.472290605,0
GMT.V,D,20230202,000000,0.577529,0.594549,0.547633,0.5568,24041129.769654565,0
GMT.V,D,20230203,000000,0.556911,0.565217,0.537997,0.557545,19700803.32452481,0
GMT.V,D,20230204,000000,0.558245,0.57394,0.547138,0.566545,11756296.217844775,0
GMT.V,D,20230205,000000,0.566345,0.572752,0.503131,0.51883,23415004.46238859,0
GMT.V,D,20230206,000000,0.51833,0.527384,0.502896,0.51032,11872185.990720354,0
GMT.V,D,20230207,000000,0.51042,0.543911,0.498545,0.535637,15556955.182481805,0
GMT.V,D,20230208,000000,0.535632,0.559628,0.500455,0.512941,22919811.11818263,0
GMT.V,D,20230209,000000,0.514336,0.52061,0.417688,0.424842,23226124.14211168,0
GMT.V,D,20230210,000000,0.424742,0.439944,0.415904,0.428364,12979613.76801715,0
GMT.V,D,20230211,000000,0.4286,0.438244,0.422346,0.435544,8753136.69882748,0
GMT.V,D,20230212,000000,0.435439,0.449754,0.414558,0.423534,9579116.384183872,0
GMT.V,D,20230213,000000,0.422842,0.427068,0.388379,0.399916,9520564.417641608,0
GMT.V,D,20230214,000000,0.39962,0.426028,0.395458,0.425274,15368382.209360365,0
GMT.V,D,20230215,000000,0.425474,0.486668,0.420439,0.477186,32784010.835569948,0
GMT.V,D,20230216,000000,0.477486,0.500085,0.43684,0.436949,40585503.41158731,0
GMT.V,D,20230217,000000,0.436648,0.468014,0.429843,0.460946,20654646.359520115,0
GMT.V,D,20230218,000000,0.461146,0.47028,0.450368,0.459574,12565988.096587213,0
GMT.V,D,20230219,000000,0.460574,0.479177,0.430521,0.442897,28276471.976420414,0
GMT.V,D,20230220,000000,0.442697,0.471157,0.420222,0.453118,36821631.72834986,0
GMT.V,D,20230221,000000,0.452718,0.461874,0.427586,0.437574,18980896.857268322,0
GMT.V,D,20230222,000000,0.437674,0.448576,0.410345,0.428613,13488961.882791253,0
GMT.V,D,20230223,000000,0.428917,0.439922,0.411545,0.417058,16057201.536111565,0
GMT.V,D,20230224,000000,0.416958,0.426485,0.37063,0.380696,24572523.12218629,0
GMT.V,D,20230225,000000,0.380592,0.385827,0.352935,0.368526,21176837.259609234,0
GMT.V,D,20230226,000000,0.367726,0.384519,0.366826,0.37683,10244734.069840023,0
GMT.V,D,20230227,000000,0.376819,0.398412,0.3743,0.384519,15544679.15492462,0
GMT.V,D,20230228,000000,0.384619,0.389219,0.36308,0.366062,20041459.917335186,0
GMT.V,D,20230301,000000,0.365769,0.390447,0.364344,0.38725,13639709.91492354,0
GMT.V,D,20230302,000000,0.387954,0.4283,0.382065,0.424338,111008833.49076135,0
GMT.V,D,20230303,000000,0.424434,0.425734,0.38145,0.397128,39066204.244353116,0
GMT.V,D,20230304,000000,0.397724,0.39962,0.357718,0.367929,19300314.480864998,0
GMT.V,D,20230305,000000,0.368029,0.376919,0.364025,0.369541,14525398.851588547,0
GMT.V,D,20230306,000000,0.368944,0.375404,0.354767,0.373578,19489304.44438826,0
GMT.V,D,20230307,000000,0.373251,0.383392,0.342952,0.351807,19601063.616433922,0
GMT.V,D,20230308,000000,0.351382,0.358604,0.324984,0.327887,16524691.064996323,0
GMT.V,D,20230309,000000,0.327157,0.34289,0.300434,0.304327,14348059.807925904,0
GMT.V,D,20230310,000000,0.303527,0.315241,0.283277,0.308391,25064978.759603743,0
GMT.V,D,20230311,000000,0.308287,0.320698,0.2925,0.302718,15269660.887553966,0
GMT.V,D,20230312,000000,0.303118,0.335074,0.296328,0.331933,14651297.44260202,0
GMT.V,D,20230313,000000,0.333315,0.369666,0.332198,0.366958,24766401.99276695,0
GMT.V,D,20230314,000000,0.36713,0.441754,0.356038,0.414601,59106393.978859596,0
GMT.V,D,20230315,000000,0.414839,0.424452,0.356675,0.367236,43071102.697888665,0
GMT.V,D,20230316,000000,0.367236,0.38076,0.355841,0.37143,27628554.07520505,0
GMT.V,D,20230317,000000,0.371712,0.411089,0.365635,0.406913,19829167.966540094,0
GMT.V,D,20230318,000000,0.406817,0.489719,0.406817,0.460172,95074377.04786517,0
GMT.V,D,20230319,000000,0.461079,0.499991,0.437264,0.451965,45689279.85500042,0
GMT.V,D,20230320,000000,0.451956,0.455175,0.408437,0.421332,30917293.060652994,0
GMT.V,D,20230321,000000,0.420835,0.424804,0.387745,0.408302,19167407.056556113,0
GMT.V,D,20230322,000000,0.408298,0.416118,0.371693,0.385554,33509456.822336078,0
GMT.V,D,20230323,000000,0.385368,0.416703,0.381836,0.405341,13092998.640732696,0
GMT.V,D,20230324,000000,0.405041,0.412574,0.377811,0.387399,14832463.901479304,0
GMT.V,D,20230325,000000,0.387445,0.391295,0.37172,0.379768,10370040.43431883,0
GMT.V,D,20230326,000000,0.379167,0.395652,0.374359,0.387337,6788999.594010551,0
GMT.V,D,20230327,000000,0.388327,0.393638,0.352522,0.366072,11263190.027341925,0
GMT.V,D,20230328,000000,0.365976,0.376902,0.357125,0.374046,8891760.072723253,0
GMT.V,D,20230329,000000,0.373546,0.397075,0.373045,0.392875,10569044.606397841,0
GMT.V,D,20230330,000000,0.392618,0.40859,0.377979,0.383203,15068537.40340061,0
GMT.V,D,20230331,000000,0.383003,0.393779,0.375313,0.392682,6069332.175703773,0
GMT.V,D,20230401,000000,0.392582,0.397383,0.386974,0.395542,9137365.711659783,0
GMT.V,D,20230402,000000,0.395446,0.400264,0.375155,0.379939,8055805.015811228,0
GMT.V,D,20230403,000000,0.380936,0.385346,0.367848,0.374546,9639857.142602509,0
GMT.V,D,20230404,000000,0.375146,0.381749,0.371671,0.379093,5914178.575831879,0
GMT.V,D,20230405,000000,0.379089,0.390513,0.373053,0.381337,8010096.637446199,0
GMT.V,D,20230406,000000,0.381037,0.389478,0.374468,0.378229,6604908.15831488,0
GMT.V,D,20230407,000000,0.378132,0.386085,0.374343,0.379381,6018157.407046904,0
GMT.V,D,20230408,000000,0.379381,0.382445,0.374298,0.376447,3601578.8216891154,0
GMT.V,D,20230409,000000,0.376947,0.378916,0.365112,0.37345,4578481.872564444,0
GMT.V,D,20230410,000000,0.374143,0.379807,0.364971,0.375504,4941175.107386944,0
GMT.V,D,20230411,000000,0.376208,0.383899,0.3753,0.380072,6345353.051650018,0
GMT.V,D,20230412,000000,0.379375,0.380187,0.360686,0.372791,9429787.292676982,0
GMT.V,D,20230413,000000,0.373391,0.384303,0.369514,0.380465,7603390.989422046,0
GMT.V,D,20230414,000000,0.381462,0.406237,0.381065,0.399631,21192677.190508887,0
GMT.V,D,20230415,000000,0.399728,0.404844,0.392437,0.396857,9747160.541512,0
GMT.V,D,20230416,000000,0.395552,0.403678,0.388534,0.402874,7649524.324238384,0
GMT.V,D,20230417,000000,0.402674,0.403374,0.381663,0.386732,10054520.036302028,0
GMT.V,D,20230418,000000,0.387228,0.401356,0.382668,0.398072,8571410.913117655,0
GMT.V,D,20230419,000000,0.398076,0.401104,0.357429,0.3633,16965374.576228637,0
GMT.V,D,20230420,000000,0.3637,0.364175,0.340535,0.344228,13596240.893531147,0
GMT.V,D,20230421,000000,0.344621,0.348507,0.326835,0.330964,13186394.776228232,0
GMT.V,D,20230422,000000,0.331967,0.334903,0.326525,0.333933,10235308.140158607,0
GMT.V,D,20230423,000000,0.33383,0.335834,0.314769,0.318516,9876751.843241232,0
GMT.V,D,20230424,000000,0.318516,0.330517,0.3172,0.325006,11154517.872396499,0
GMT.V,D,20230425,000000,0.32521,0.33228,0.316228,0.332276,7305027.04040093,0
GMT.V,D,20230426,000000,0.330476,0.343231,0.307558,0.324104,10870453.295997756,0
GMT.V,D,20230427,000000,0.320002,0.3335,0.320002,0.329812,8429708.38170194,0
GMT.V,D,20230428,000000,0.330002,0.339773,0.326065,0.334257,12099310.234948091,0
GMT.V,D,20230429,000000,0.334654,0.34795,0.333947,0.3388,10693643.042820744,0
GMT.V,D,20230430,000000,0.3388,0.339507,0.325992,0.331089,5970414.664731108,0
GMT.V,D,20230501,000000,0.330385,0.331175,0.312322,0.315485,6743358.624386895,0
GMT.V,D,20230502,000000,0.315185,0.320021,0.310303,0.319095,5391363.446309071,0
GMT.V,D,20230503,000000,0.319095,0.322506,0.307871,0.321487,9130833.224972913,0
GMT.V,D,20230504,000000,0.321287,0.324797,0.314529,0.315914,4098235.529309374,0
GMT.V,D,20230505,000000,0.315914,0.320227,0.310018,0.314486,4301964.845965214,0
GMT.V,D,20230506,000000,0.314486,0.316213,0.289806,0.292007,6963323.18492769,0
GMT.V,D,20230507,000000,0.290894,0.298096,0.286377,0.296149,3419932.417818503,0
GMT.V,D,20230508,000000,0.297475,0.297475,0.249222,0.256495,10501123.851461224,0
GMT.V,D,20230509,000000,0.256695,0.260885,0.254179,0.255355,7243156.712359294,0
GMT.V,D,20230510,000000,0.255115,0.282911,0.252129,0.274574,22916762.435288526,0
GMT.V,D,20230511,000000,0.275075,0.288259,0.26714,0.273673,18716017.987186637,0
GMT.V,D,20230512,000000,0.274274,0.275648,0.258129,0.273919,10343908.947962811,0
GMT.V,D,20230513,000000,0.272891,0.275293,0.26686,0.269161,5377037.25731872,0
GMT.V,D,20230514,000000,0.269735,0.274137,0.264459,0.269362,3835040.281991724,0
GMT.V,D,20230515,000000,0.268934,0.281925,0.265859,0.277494,6627749.684161447,0
GMT.V,D,20230516,000000,0.277594,0.278267,0.269408,0.276538,6869391.644060817,0
GMT.V,D,20230517,000000,0.27551,0.286515,0.273937,0.283942,10673895.818445886,0
GMT.V,D,20230518,000000,0.284542,0.289116,0.27581,0.286815,5791810.429847543,0
GMT.V,D,20230519,000000,0.285514,0.290316,0.280328,0.286486,8675676.073908841,0
GMT.V,D,20230520,000000,0.286643,0.28936,0.282341,0.285156,5110726.861817995,0
GMT.V,D,20230521,000000,0.285857,0.286529,0.269662,0.272664,5297974.997574855,0
GMT.V,D,20230522,000000,0.272636,0.306353,0.264932,0.298949,83864824.58734214,0
GMT.V,D,20230523,000000,0.299149,0.319635,0.293679,0.297118,31847665.341749247,0
GMT.V,D,20230524,000000,0.297018,0.298633,0.2681,0.273384,15610572.203417776,0
GMT.V,D,20230525,000000,0.273386,0.274286,0.261769,0.265708,11892562.254906029,0
GMT.V,D,20230526,000000,0.265706,0.267132,0.258523,0.265153,7268143.868176639,0
GMT.V,D,20230527,000000,0.26518,0.268386,0.262479,0.265403,3810333.331960928,0
GMT.V,D,20230528,000000,0.26538,0.271279,0.264206,0.270862,5550819.20474057,0
GMT.V,D,20230529,000000,0.270962,0.274441,0.263971,0.26738,8494585.427847577,0
GMT.V,D,20230530,000000,0.267378,0.269475,0.261971,0.263803,7425244.097784142,0
GMT.V,D,20230531,000000,0.263703,0.26558,0.251748,0.254538,6274919.056193391,0
GMT.V,D,20230601,000000,0.254841,0.25886,0.25116,0.257275,5633460.746023748,0
GMT.V,D,20230602,000000,0.257375,0.26196,0.25205,0.260768,6425164.236924336,0
GMT.V,D,20230603,000000,0.25997,0.266596,0.258904,0.263805,5390855.491209667,0
GMT.V,D,20230604,000000,0.2638,0.276191,0.263095,0.273087,10162586.577630427,0
GMT.V,D,20230605,000000,0.272787,0.274391,0.229667,0.235971,21092198.908505484,0
GMT.V,D,20230606,000000,0.235871,0.245847,0.230537,0.244168,12906383.652289072,0
GMT.V,D,20230607,000000,0.243571,0.245071,0.228525,0.228525,7676271.740524038,0
GMT.V,D,20230608,000000,0.231023,0.23273,0.224138,0.231542,6815385.044040762,0
GMT.V,D,20230609,000000,0.231442,0.234093,0.225853,0.229756,5746757.034308169,0
GMT.V,D,20230610,000000,0.229561,0.229572,0.174433,0.18971,15031717.001112232,0
GMT.V,D,20230611,000000,0.18961,0.194491,0.186971,0.191677,8353126.280249199,0
GMT.V,D,20230612,000000,0.191777,0.192542,0.184544,0.190508,6420154.301963884,0
GMT.V,D,20230613,000000,0.190706,0.199794,0.189702,0.191875,6448568.557557573,0
GMT.V,D,20230614,000000,0.191781,0.204182,0.17986,0.184083,18511853.42066997,0
GMT.V,D,20230615,000000,0.183778,0.192221,0.180838,0.190542,6028004.286895271,0
GMT.V,D,20230616,000000,0.190442,0.196705,0.186977,0.194047,5079246.271743357,0
GMT.V,D,20230617,000000,0.194346,0.203364,0.192467,0.198818,5640507.699072702,0
GMT.V,D,20230618,000000,0.199018,0.202141,0.194165,0.195455,4640748.197677694,0
GMT.V,D,20230619,000000,0.195953,0.197573,0.191846,0.195739,3934700.3671329394,0
GMT.V,D,20230620,000000,0.195837,0.215132,0.19532,0.210432,8624966.357607266,0
GMT.V,D,20230621,000000,0.210632,0.219909,0.209369,0.218411,8151188.766263549,0
GMT.V,D,20230622,000000,0.218624,0.231805,0.216628,0.218046,9552736.672838615,0
GMT.V,D,20230623,000000,0.217443,0.23397,0.215647,0.227332,12910030.62223523,0
GMT.V,D,20230624,000000,0.228735,0.246633,0.224817,0.232847,16406421.076167123,0
GMT.V,D,20230625,000000,0.232844,0.245601,0.232321,0.234075,7388057.208473183,0
GMT.V,D,20230626,000000,0.233475,0.238593,0.224343,0.224447,6281290.932113685,0
GMT.V,D,20230627,000000,0.22685,0.231921,0.223818,0.230244,4509741.253856863,0
GMT.V,D,20230628,000000,0.230444,0.230444,0.206333,0.210798,6907066.7655089265,0
GMT.V,D,20230629,000000,0.210698,0.221478,0.208683,0.215378,5438030.654867004,0
GMT.V,D,20230630,000000,0.215474,0.227445,0.205928,0.218726,7950490.051443222,0
GMT.V,D,20230701,000000,0.217924,0.228295,0.214119,0.2277,6157053.966985305,0
GMT.V,D,20230702,000000,0.227698,0.233193,0.222704,0.225911,6018864.894682523,0
GMT.V,D,20230703,000000,0.226023,0.237438,0.225807,0.231916,6570753.385912961,0
GMT.V,D,20230704,000000,0.231619,0.239829,0.228834,0.235952,9419584.88224316,0
GMT.V,D,20230705,000000,0.235747,0.2386,0.217896,0.221533,7372323.672655419,0
GMT.V,D,20230706,000000,0.221033,0.228098,0.210423,0.215281,7094706.753709738,0
GMT.V,D,20230707,000000,0.215294,0.218498,0.212106,0.215622,3905453.3604945536,0
GMT.V,D,20230708,000000,0.215617,0.217807,0.210617,0.213334,2993391.5121321655,0
GMT.V,D,20230709,000000,0.212934,0.217441,0.212921,0.213336,2925931.55656799,0
GMT.V,D,20230710,000000,0.213536,0.217922,0.206829,0.214143,4620003.691540159,0
GMT.V,D,20230711,000000,0.216422,0.217407,0.211125,0.215404,3847333.7590424223,0
GMT.V,D,20230712,000000,0.215009,0.242588,0.215009,0.232293,19422307.31065671,0
GMT.V,D,20230713,000000,0.231895,0.244022,0.223378,0.243497,14505264.923936652,0
GMT.V,D,20230714,000000,0.243695,0.252324,0.219088,0.226606,18797274.219441384,0
GMT.V,D,20230715,000000,0.226511,0.262476,0.225519,0.240072,23114314.168699082,0
GMT.V,D,20230716,000000,0.24037,0.24077,0.230513,0.233107,6526896.732938491,0
GMT.V,D,20230717,000000,0.232209,0.279542,0.23012,0.272646,59177893.23734583,0
GMT.V,D,20230718,000000,0.272646,0.294038,0.236619,0.243554,67994604.4699285,0
GMT.V,D,20230719,000000,0.244054,0.246152,0.232393,0.234798,12011096.876703165,0
GMT.V,D,20230720,000000,0.235,0.2391,0.227707,0.230598,10507254.222630557,0
GMT.V,D,20230721,000000,0.230298,0.232788,0.226784,0.228705,11399649.252350966,0
GMT.V,D,20230722,000000,0.228305,0.230898,0.227714,0.228823,2590658.0200106306,0
GMT.V,D,20230723,000000,0.228823,0.229223,0.221733,0.224593,4226609.4369572615,0
GMT.V,D,20230724,000000,0.224596,0.226582,0.206379,0.211877,7264804.516930845,0
GMT.V,D,20230725,000000,0.212577,0.214976,0.210377,0.211585,2941626.3948203637,0
GMT.V,D,20230726,000000,0.211581,0.214302,0.206944,0.212809,3248114.6026401087,0
GMT.V,D,20230727,000000,0.212108,0.213794,0.208654,0.211043,2957878.4644152136,0
GMT.V,D,20230728,000000,0.211441,0.214096,0.208637,0.214094,1556301.9487689692,0
GMT.V,D,20230729,000000,0.213494,0.217707,0.213196,0.2165,2196213.4795587403,0
GMT.V,D,20230730,000000,0.216398,0.220704,0.208402,0.212981,3427548.661221668,0
GMT.V,D,20230731,000000,0.212281,0.21557,0.20886,0.210568,2515714.470291442,0
GMT.V,D,20230801,000000,0.210666,0.214538,0.206053,0.212791,4666961.672690602,0
GMT.V,D,20230802,000000,0.213291,0.216433,0.206378,0.209378,3712171.0116424197,0
GMT.V,D,20230803,000000,0.208879,0.209953,0.204691,0.20733,2746646.934574314,0
GMT.V,D,20230804,000000,0.207732,0.208402,0.202368,0.204667,4828843.283655367,0
GMT.V,D,20230805,000000,0.204667,0.206258,0.202169,0.205074,3031064.9280576934,0
GMT.V,D,20230806,000000,0.205341,0.209886,0.203705,0.204004,6243861.284089741,0
GMT.V,D,20230807,000000,0.205529,0.211676,0.197964,0.202762,20811380.371093612,0
GMT.V,D,20230808,000000,0.203162,0.208356,0.202646,0.207569,3667195.378419931,0
GMT.V,D,20230809,000000,0.207869,0.209074,0.203141,0.20402,3959084.33108829,0
GMT.V,D,20230810,000000,0.20392,0.20472,0.2022,0.203684,6052375.924716051,0
GMT.V,D,20230811,000000,0.203684,0.204379,0.202235,0.202779,3638696.979024406,0
GMT.V,D,20230812,000000,0.202777,0.206488,0.202677,0.204985,2792398.381209668,0
GMT.V,D,20230813,000000,0.204785,0.20763,0.203847,0.206039,2130835.329726735,0
GMT.V,D,20230814,000000,0.206037,0.206239,0.202296,0.203765,2383329.623397749,0
GMT.V,D,20230815,000000,0.203368,0.204375,0.178405,0.192784,8987581.858462453,0
GMT.V,D,20230816,000000,0.192488,0.193301,0.174816,0.176402,9929742.005255343,0
GMT.V,D,20230817,000000,0.176604,0.181408,0.144588,0.158008,5484049.565660367,0
GMT.V,D,20230818,000000,0.15551,0.16621,0.152642,0.164329,7838842.861082766,0
GMT.V,D,20230819,000000,0.164233,0.169666,0.163739,0.167456,3713458.2845645333,0
GMT.V,D,20230820,000000,0.167451,0.169388,0.166267,0.168092,2638873.781828686,0
GMT.V,D,20230821,000000,0.16849,0.168666,0.162871,0.167075,2928614.2574377274,0
GMT.V,D,20230822,000000,0.167173,0.168239,0.159357,0.161445,2839886.416358011,0
GMT.V,D,20230823,000000,0.160945,0.172412,0.160944,0.170268,3791386.515352897,0
GMT.V,D,20230824,000000,0.170566,0.172662,0.167816,0.169514,2785902.546991423,0
GMT.V,D,20230825,000000,0.169512,0.17072,0.165396,0.168207,3275002.4920137064,0
GMT.V,D,20230826,000000,0.167711,0.168311,0.164115,0.165709,1794715.6516854542,0
GMT.V,D,20230827,000000,0.165709,0.166805,0.163215,0.166422,1935100.66094226,0
GMT.V,D,20230828,000000,0.16642,0.167321,0.157997,0.161717,10175149.494648315,0
GMT.V,D,20230829,000000,0.161716,0.168995,0.153792,0.167832,16374364.288578728,0
GMT.V,D,20230830,000000,0.16693,0.169229,0.163902,0.1646,5877542.671206342,0
GMT.V,D,20230831,000000,0.164285,0.164987,0.155691,0.158079,2695108.089600701,0
GMT.V,D,20230901,000000,0.157979,0.159255,0.153137,0.155221,5724348.160951163,0
GMT.V,D,20230902,000000,0.155121,0.156553,0.15248,0.154185,2947960.952686354,0
GMT.V,D,20230903,000000,0.154183,0.157073,0.152777,0.154272,3422031.370024672,0
GMT.V,D,20230904,000000,0.154272,0.157865,0.153539,0.153855,2502065.7837944827,0
GMT.V,D,20230905,000000,0.153357,0.159106,0.153157,0.157818,3918490.073784769,0
GMT.V,D,20230906,000000,0.157723,0.162219,0.155728,0.159304,6072412.763108851,0
GMT.V,D,20230907,000000,0.159404,0.161816,0.156598,0.160618,3639019.644295232,0
GMT.V,D,20230908,000000,0.160724,0.163521,0.159035,0.161277,2752044.42578175,0
GMT.V,D,20230909,000000,0.161177,0.161855,0.159044,0.16006,875817.68274325,0
GMT.V,D,20230910,000000,0.16045,0.160453,0.149872,0.152344,6937649.381733214,0
GMT.V,D,20230911,000000,0.152242,0.152748,0.141855,0.142456,6636482.597445292,0
GMT.V,D,20230912,000000,0.142554,0.148239,0.142554,0.144388,3420786.1250954275,0
GMT.V,D,20230913,000000,0.144287,0.148772,0.143577,0.145429,3651776.586274398,0
GMT.V,D,20230914,000000,0.145529,0.153518,0.14509,0.152343,5640553.415140436,0
GMT.V,D,20230915,000000,0.152443,0.155216,0.150712,0.153605,3285270.716125325,0
GMT.V,D,20230916,000000,0.153895,0.157697,0.153795,0.157514,3791515.4887264217,0
GMT.V,D,20230917,000000,0.157214,0.158122,0.150835,0.152637,3243232.2330771247,0
GMT.V,D,20230918,000000,0.152238,0.158935,0.150224,0.156628,3305713.53767792,0
GMT.V,D,20230919,000000,0.156623,0.158,0.154335,0.156822,1900044.8454122476,0
GMT.V,D,20230920,000000,0.156922,0.158219,0.151429,0.155112,2921880.625473173,0
GMT.V,D,20230921,000000,0.155005,0.159414,0.14879,0.150094,5220452.568726641,0
GMT.V,D,20230922,000000,0.150295,0.151889,0.148797,0.151689,4363798.88553109,0
GMT.V,D,20230923,000000,0.151791,0.1532,0.150503,0.152311,4237730.04814528,0
GMT.V,D,20230924,000000,0.152411,0.156803,0.151109,0.151706,8504932.911493225,0
GMT.V,D,20230925,000000,0.151908,0.153291,0.147513,0.153192,3208282.6342166904,0
GMT.V,D,20230926,000000,0.153191,0.154869,0.151235,0.152135,3929297.434527716,0
GMT.V,D,20230927,000000,0.152235,0.153775,0.148596,0.149389,4707041.58789225,0
GMT.V,D,20230928,000000,0.149391,0.155052,0.149388,0.153997,4014062.235020527,0
GMT.V,D,20230929,000000,0.153897,0.158378,0.153188,0.157583,6163556.88893247,0
GMT.V,D,20230930,000000,0.158084,0.161114,0.156094,0.15993,3152247.378328344,0
GMT.V,D,20231001,000000,0.15983,0.163798,0.1582,0.161319,3406751.188996815,0
GMT.V,D,20231002,000000,0.161418,0.165767,0.154834,0.156445,3051290.6875091405,0
GMT.V,D,20231003,000000,0.156245,0.161311,0.155845,0.156898,2731106.7079306613,0
GMT.V,D,20231004,000000,0.156798,0.156798,0.148218,0.151808,3793646.3026156235,0
GMT.V,D,20231005,000000,0.151808,0.153006,0.148558,0.149942,2099367.5210649334,0
GMT.V,D,20231006,000000,0.14994,0.15394,0.148928,0.153263,1675081.7456199934,0
GMT.V,D,20231007,000000,0.153163,0.15418,0.152273,0.153888,1397912.5872656687,0
GMT.V,D,20231008,000000,0.153888,0.15428,0.150414,0.153786,1483089.85359847,0
GMT.V,D,20231009,000000,0.153487,0.153577,0.142236,0.14423,3393120.177140889,0
GMT.V,D,20231010,000000,0.14423,0.144727,0.140914,0.142516,2727156.040567142,0
GMT.V,D,20231011,000000,0.142814,0.143709,0.138715,0.140665,2185920.8985437346,0
GMT.V,D,20231012,000000,0.140961,0.142654,0.139282,0.141952,1709874.5478687559,0
GMT.V,D,20231013,000000,0.142446,0.147532,0.141245,0.14387,13475200.658235118,0
GMT.V,D,20231014,000000,0.143968,0.147193,0.142867,0.14669,2867244.1524312044,0
GMT.V,D,20231015,000000,0.14689,0.147693,0.144203,0.146396,3365047.992217905,0
GMT.V,D,20231016,000000,0.146406,0.151633,0.145415,0.14666,2998975.1445741476,0
GMT.V,D,20231017,000000,0.14686,0.147852,0.141855,0.142951,3146154.722977726,0
GMT.V,D,20231018,000000,0.142853,0.144549,0.141158,0.142733,3886887.264494398,0
GMT.V,D,20231019,000000,0.14263,0.143633,0.139657,0.140456,4583270.828994266,0
GMT.V,D,20231020,000000,0.140455,0.147861,0.140356,0.147662,3499078.810896116,0
GMT.V,D,20231021,000000,0.147661,0.156459,0.146868,0.154075,8418454.773050262,0
GMT.V,D,20231022,000000,0.154176,0.155376,0.149357,0.149851,13263630.969181424,0
GMT.V,D,20231023,000000,0.149652,0.15726,0.149652,0.156882,12090256.873056162,0
GMT.V,D,20231024,000000,0.15688,0.169307,0.15688,0.162181,14634374.445398092,0
GMT.V,D,20231025,000000,0.161981,0.168137,0.158514,0.164239,9276939.052969446,0
GMT.V,D,20231026,000000,0.164239,0.174633,0.159605,0.165102,12629075.809269417,0
GMT.V,D,20231027,000000,0.165202,0.166332,0.159021,0.162637,7196343.148205269,0
GMT.V,D,20231028,000000,0.162737,0.175416,0.161334,0.173728,20479041.676442344,0
GMT.V,D,20231029,000000,0.173728,0.197838,0.169934,0.190469,28278486.597468406,0
GMT.V,D,20231030,000000,0.190867,0.205521,0.187249,0.194164,40007396.35266735,0
GMT.V,D,20231031,000000,0.194166,0.196561,0.174652,0.184878,17548585.16827443,0
GMT.V,D,20231101,000000,0.184376,0.192998,0.177239,0.190061,22573119.71266383,0
GMT.V,D,20231102,000000,0.190259,0.199204,0.178134,0.181722,26760973.827717975,0
GMT.V,D,20231103,000000,0.181522,0.193979,0.174649,0.193876,23639739.171207897,0
GMT.V,D,20231104,000000,0.193876,0.208381,0.190174,0.200718,31150110.00687734,0
GMT.V,D,20231105,000000,0.200616,0.203244,0.194459,0.202562,16452474.231294526,0
GMT.V,D,20231106,000000,0.20266,0.251818,0.202327,0.232065,136405523.02488527,0
GMT.V,D,20231107,000000,0.232363,0.241794,0.210838,0.219499,50555996.151721254,0
GMT.V,D,20231108,000000,0.219401,0.229705,0.214784,0.227752,26100885.421654128,0
GMT.V,D,20231109,000000,0.22785,0.242392,0.18703,0.213943,46231028.28384521,0
GMT.V,D,20231110,000000,0.213741,0.235015,0.21304,0.234022,32113732.494067606,0
GMT.V,D,20231111,000000,0.234022,0.244871,0.219834,0.234359,48181390.65593711,0
GMT.V,D,20231112,000000,0.234456,0.24963,0.222967,0.244598,32150554.212711077,0
GMT.V,D,20231113,000000,0.2442,0.251078,0.226748,0.228962,19103660.443605322,0
GMT.V,D,20231114,000000,0.229064,0.25966,0.221964,0.245032,52957373.58393978,0
GMT.V,D,20231115,000000,0.244834,0.26974,0.243339,0.258134,53159322.273041606,0
GMT.V,D,20231116,000000,0.258529,0.26463,0.240022,0.249227,38631562.7881248,0
GMT.V,D,20231117,000000,0.249427,0.268048,0.245422,0.26479,65740094.0100993,0
GMT.V,D,20231118,000000,0.264687,0.266188,0.235901,0.253624,44578856.47477543,0
GMT.V,D,20231119,000000,0.253424,0.261233,0.244835,0.259317,19251552.589357756,0
GMT.V,D,20231120,000000,0.259714,0.27464,0.25332,0.26048,35757174.21188838,0
GMT.V,D,20231121,000000,0.26038,0.285506,0.249897,0.252198,82097688.67228882,0
GMT.V,D,20231122,000000,0.251796,0.281699,0.249995,0.276088,38800746.01432501,0
GMT.V,D,20231123,000000,0.276586,0.289864,0.265661,0.278539,45776662.38751011,0
GMT.V,D,20231124,000000,0.278939,0.288734,0.271838,0.288027,32331967.57292313,0
GMT.V,D,20231125,000000,0.287927,0.349889,0.284522,0.348706,175151084.32651976,0
GMT.V,D,20231126,000000,0.348305,0.372412,0.315223,0.323823,123850195.1530841,0
GMT.V,D,20231127,000000,0.323923,0.328131,0.2819,0.288606,79011787.35730289,0
GMT.V,D,20231128,000000,0.288706,0.294744,0.2676,0.289468,69022436.5708986,0
GMT.V,D,20231129,000000,0.289268,0.294944,0.269081,0.273533,35704443.11582215,0
GMT.V,D,20231130,000000,0.273536,0.27595,0.255323,0.260529,41418883.84418178,0
GMT.V,D,20231201,000000,0.260444,0.266788,0.256849,0.261805,28318885.342213195,0
GMT.V,D,20231202,000000,0.262002,0.287909,0.261702,0.278528,30240906.104674138,0
GMT.V,D,20231203,000000,0.279126,0.286429,0.271901,0.282502,26483621.728789292,0
GMT.V,D,20231204,000000,0.282502,0.289601,0.256621,0.268111,44429496.46032575,0
GMT.V,D,20231205,000000,0.267813,0.302348,0.267219,0.291035,75834599.95010902,0
GMT.V,D,20231206,000000,0.291335,0.297462,0.274233,0.281431,53196784.45654946,0
GMT.V,D,20231207,000000,0.281231,0.288935,0.271035,0.282499,23561208.27868264,0
GMT.V,D,20231208,000000,0.282399,0.294597,0.280373,0.293197,19749793.96426891,0
GMT.V,D,20231209,000000,0.292997,0.307286,0.291399,0.301278,28586107.309400287,0
GMT.V,D,20231210,000000,0.301081,0.316438,0.291703,0.299209,38406835.24097329,0
GMT.V,D,20231211,000000,0.299615,0.300921,0.252218,0.271272,40810170.034162715,0
GMT.V,D,20231212,000000,0.271272,0.275112,0.256907,0.263881,26259375.640224714,0
GMT.V,D,20231213,000000,0.263884,0.268713,0.248101,0.265961,17082511.032132328,0
GMT.V,D,20231214,000000,0.266061,0.276139,0.255923,0.274244,20376908.696213875,0
GMT.V,D,20231215,000000,0.274544,0.274547,0.257723,0.258823,16355708.246593544,0
GMT.V,D,20231216,000000,0.258823,0.270327,0.253185,0.267083,7846392.92240845,0
GMT.V,D,20231217,000000,0.267086,0.267786,0.256251,0.261331,8714147.670588266,0
GMT.V,D,20231218,000000,0.260729,0.261067,0.230179,0.247326,21065325.161447603,0
GMT.V,D,20231219,000000,0.247528,0.253953,0.241267,0.247474,12306318.521644328,0
GMT.V,D,20231220,000000,0.247079,0.266645,0.24272,0.259708,15232298.869456887,0
GMT.V,D,20231221,000000,0.259008,0.273525,0.257905,0.272349,17672714.650484405,0
GMT.V,D,20231222,000000,0.272652,0.283424,0.26724,0.283324,25448713.879732728,0
GMT.V,D,20231223,000000,0.283224,0.285625,0.270638,0.282841,10197311.849345092,0
GMT.V,D,20231224,000000,0.282839,0.293173,0.273689,0.280385,15345877.302455874,0
GMT.V,D,20231225,000000,0.280182,0.308243,0.275605,0.298366,62145225.870031565,0
GMT.V,D,20231226,000000,0.298363,0.31255,0.277425,0.310169,40093543.77559289,0
GMT.V,D,20231227,000000,0.309969,0.345031,0.293091,0.319198,120785764.06842715,0
GMT.V,D,20231228,000000,0.319498,0.326389,0.295362,0.300929,36831708.73977561,0
GMT.V,D,20231229,000000,0.300729,0.31851,0.289033,0.302357,51661291.88431887,0
GMT.V,D,20231230,000000,0.302561,0.306297,0.290497,0.297191,11857147.95920936,0
GMT.V,D,20231231,000000,0.298394,0.335842,0.291159,0.32112,48445029.33220544,0
GMT.V,D,20240101,000000,0.32092,0.369148,0.30806,0.353767,99169215.75711145,0
GMT.V,D,20240102,000000,0.353767,0.386962,0.340136,0.37754,90659683.31885844,0
GMT.V,D,20240103,000000,0.37774,0.37874,0.260265,0.311115,83755757.22162284,0
GMT.V,D,20240104,000000,0.310721,0.315983,0.290564,0.303858,28116751.494700916,0
GMT.V,D,20240105,000000,0.303761,0.30543,0.279896,0.287024,35837816.18732116,0
GMT.V,D,20240106,000000,0.286926,0.342602,0.269045,0.331999,124594374.88055028,0
GMT.V,D,20240107,000000,0.332299,0.449269,0.326896,0.407761,545051322.0212535,0
GMT.V,D,20240108,000000,0.408657,0.413965,0.335478,0.359119,366517178.67278254,0
GMT.V,D,20240109,000000,0.358719,0.371,0.300072,0.308496,93891322.48147981,0
GMT.V,D,20240110,000000,0.308296,0.336584,0.290857,0.326082,91391925.1577995,0
GMT.V,D,20240111,000000,0.326285,0.338364,0.313375,0.32802,59106538.22089825,0
GMT.V,D,20240112,000000,0.32812,0.357414,0.301477,0.307894,67680773.50479482,0
GMT.V,D,20240113,000000,0.307709,0.327079,0.296532,0.324022,25129967.985621605,0
GMT.V,D,20240114,000000,0.324022,0.324022,0.302855,0.307852,21807093.839391317,0
GMT.V,D,20240115,000000,0.308449,0.316015,0.300707,0.310714,15776852.694704723,0
GMT.V,D,20240116,000000,0.310914,0.321171,0.307912,0.317752,19318020.747744367,0
GMT.V,D,20240117,000000,0.317749,0.324647,0.306222,0.312887,20861132.682395123,0
GMT.V,D,20240118,000000,0.312987,0.317904,0.286964,0.294802,16684568.089312073,0
GMT.V,D,20240119,000000,0.294902,0.295446,0.274431,0.293409,15388082.815546794,0
GMT.V,D,20240120,000000,0.293209,0.295831,0.288315,0.295058,8509123.274979692,0
GMT.V,D,20240121,000000,0.295158,0.299402,0.291119,0.291819,7089130.229280286,0
GMT.V,D,20240122,000000,0.291796,0.293471,0.267651,0.269811,14402722.709462754,0
GMT.V,D,20240123,000000,0.270211,0.273626,0.244112,0.257071,17301770.809656747,0
GMT.V,D,20240124,000000,0.257171,0.263471,0.252915,0.259675,8342176.818919128,0
GMT.V,D,20240125,000000,0.260065,0.263797,0.250629,0.256561,8702849.909543198,0
GMT.V,D,20240126,000000,0.256561,0.267001,0.25047,0.265242,6433586.657205154,0
GMT.V,D,20240127,000000,0.265147,0.271138,0.262455,0.267297,6148199.104180156,0
GMT.V,D,20240128,000000,0.267197,0.27194,0.258272,0.259358,11292690.915558022,0
GMT.V,D,20240129,000000,0.259259,0.271997,0.257966,0.2714,9057396.019332606,0
GMT.V,D,20240130,000000,0.2712,0.274456,0.266079,0.266495,7132157.824682335,0
GMT.V,D,20240131,000000,0.266597,0.267997,0.249455,0.252656,8664662.936219227,0
GMT.V,D,20240201,000000,0.252761,0.255447,0.242683,0.249728,8616637.37753044,0
GMT.V,D,20240202,000000,0.249828,0.257197,0.248623,0.256769,5643963.399832207,0
GMT.V,D,20240203,000000,0.256864,0.258224,0.250007,0.254813,3314652.9828190506,0
GMT.V,D,20240204,000000,0.254938,0.256323,0.244909,0.245397,4269220.202853672,0
GMT.V,D,20240205,000000,0.245494,0.250854,0.240277,0.241788,4725781.629447012,0
GMT.V,D,20240206,000000,0.241683,0.24447,0.234363,0.237826,15018289.040473856,0
GMT.V,D,20240207,000000,0.237824,0.243261,0.231772,0.241552,8808803.052810976,0
GMT.V,D,20240208,000000,0.241549,0.2493,0.240559,0.244249,10855200.999265196,0
GMT.V,D,20240209,000000,0.244049,0.255859,0.243751,0.254648,8084421.452441691,0
GMT.V,D,20240210,000000,0.254553,0.257516,0.247481,0.252173,4370060.7559101,0
GMT.V,D,20240211,000000,0.252071,0.25533,0.248012,0.250273,24681991.96063464,0
GMT.V,D,20240212,000000,0.250473,0.259975,0.24441,0.258914,17202373.42650386,0
GMT.V,D,20240213,000000,0.258811,0.267564,0.252025,0.260802,22841199.766482655,0
GMT.V,D,20240214,000000,0.260804,0.270368,0.259424,0.269366,19806458.916885637,0
GMT.V,D,20240215,000000,0.26955,0.276999,0.263719,0.271536,17180821.108466383,0
GMT.V,D,20240216,000000,0.271436,0.280043,0.266744,0.271809,16232322.923089745,0
GMT.V,D,20240217,000000,0.271909,0.280021,0.258303,0.269359,13790308.282004587,0
GMT.V,D,20240218,000000,0.269259,0.281831,0.266783,0.281131,11648192.318259515,0
GMT.V,D,20240219,000000,0.281131,0.288866,0.277344,0.288269,14404270.193261262,0
GMT.V,D,20240220,000000,0.288169,0.289169,0.266461,0.284657,23431545.24148723,0
GMT.V,D,20240221,000000,0.284357,0.28606,0.257092,0.2671,38152979.57098613,0
GMT.V,D,20240222,000000,0.267,0.273321,0.259503,0.266315,29502011.82871829,0
GMT.V,D,20240223,000000,0.266312,0.266834,0.254395,0.259466,10912189.776622554,0
GMT.V,D,20240224,000000,0.259261,0.268292,0.25458,0.2667,7079781.870209141,0
GMT.V,D,20240225,000000,0.2668,0.267565,0.262382,0.266887,5567105.5895419475,0
GMT.V,D,20240226,000000,0.266789,0.27944,0.262553,0.278878,20091904.13718103,0
GMT.V,D,20240227,000000,0.278878,0.291216,0.272447,0.290716,17987135.06622457,0
GMT.V,D,20240228,000000,0.291116,0.300163,0.250876,0.284699,63486685.71795076,0
GMT.V,D,20240229,000000,0.285099,0.314115,0.282588,0.299477,52136009.72521666,0
GMT.V,D,20240301,000000,0.299777,0.328876,0.299777,0.325851,31159077.613164593,0
GMT.V,D,20240302,000000,0.325651,0.342708,0.325228,0.337917,31182737.449510984,0
GMT.V,D,20240303,000000,0.337931,0.347546,0.275272,0.31864,77939519.5497467,0
GMT.V,D,20240304,000000,0.319544,0.323762,0.300153,0.316247,34252129.34267528,0
GMT.V,D,20240305,000000,0.316247,0.342971,0.272205,0.2897,103131908.85778943,0
GMT.V,D,20240306,000000,0.2897,0.314075,0.282137,0.305068,44347744.6872172,0
GMT.V,D,20240307,000000,0.304852,0.318189,0.303731,0.315857,28094057.5600508,0
GMT.V,D,20240308,000000,0.315751,0.32048,0.286818,0.301937,48324952.20421934,0
GMT.V,D,20240309,000000,0.301837,0.353465,0.297102,0.347075,102018732.16534126,0
GMT.V,D,20240310,000000,0.347072,0.410517,0.332831,0.380355,273511060.68368787,0
GMT.V,D,20240311,000000,0.380355,0.384769,0.355517,0.370374,103033825.4740568,0
GMT.V,D,20240312,000000,0.37067,0.381803,0.352228,0.371326,86598946.36584651,0
GMT.V,D,20240313,000000,0.371226,0.389201,0.362586,0.372623,35393467.18041704,0
GMT.V,D,20240314,000000,0.372486,0.376981,0.33335,0.355276,31068941.071607303,0
GMT.V,D,20240315,000000,0.355276,0.359713,0.304063,0.333633,51135665.80977066,0
GMT.V,D,20240316,000000,0.33323,0.352256,0.301516,0.306819,32531514.36444221,0
GMT.V,D,20240317,000000,0.306719,0.317635,0.285826,0.313634,26975931.096973613,0
GMT.V,D,20240318,000000,0.31403,0.314942,0.28354,0.289583,20700101.27730327,0
GMT.V,D,20240319,000000,0.289583,0.293862,0.252804,0.260071,41047198.53995394,0
GMT.V,D,20240320,000000,0.260371,0.28656,0.251057,0.285297,26480995.359106373,0
GMT.V,D,20240321,000000,0.287554,0.298809,0.283087,0.289933,12000678.487018183,0
GMT.V,D,20240322,000000,0.29013,0.298185,0.2738,0.281862,16519299.504202522,0
GMT.V,D,20240323,000000,0.282059,0.2975,0.281265,0.2918,13777372.797608057,0
GMT.V,D,20240324,000000,0.291597,0.300343,0.286477,0.299279,10849994.001195127,0
GMT.V,D,20240325,000000,0.299282,0.338135,0.297676,0.331753,112366043.18144096,0
GMT.V,D,20240326,000000,0.33165,0.355611,0.328859,0.351204,144258172.45997068,0
GMT.V,D,20240327,000000,0.351307,0.366944,0.335097,0.350074,163130164.0417261,0
GMT.V,D,20240328,000000,0.350074,0.4446,0.345248,0.405985,619016192.6629457,0
GMT.V,D,20240329,000000,0.405985,0.407837,0.365388,0.397791,236002044.87373567,0
GMT.V,D,20240330,000000,0.397387,0.404667,0.367509,0.368244,104990938.92108488,0
GMT.V,D,20240331,000000,0.368244,0.37993,0.361051,0.371245,49470461.96457323,0
GMT.V,D,20240401,000000,0.371845,0.3832,0.331183,0.340229,91687249.08847843,0
GMT.V,D,20240402,000000,0.340426,0.343134,0.30431,0.307423,74010847.34710704,0
GMT.V,D,20240403,000000,0.307623,0.316123,0.291714,0.297986,86193017.50217545,0
GMT.V,D,20240404,000000,0.298286,0.317659,0.292853,0.307574,38931350.18608645,0
GMT.V,D,20240405,000000,0.308165,0.312422,0.291973,0.306104,38808297.49529593,0
GMT.V,D,20240406,000000,0.306395,0.314257,0.301005,0.304473,34325457.69801483,0
GMT.V,D,20240407,000000,0.304676,0.322761,0.304673,0.316225,38301680.43780638,0
GMT.V,D,20240408,000000,0.316428,0.336687,0.314394,0.33358,48140257.59813412,0
GMT.V,D,20240409,000000,0.33348,0.335893,0.302185,0.305659,60997793.89487845,0
GMT.V,D,20240410,000000,0.305659,0.306959,0.282955,0.292491,40164661.56309145,0
GMT.V,D,20240411,000000,0.292591,0.300179,0.279797,0.28242,44545973.12995182,0
GMT.V,D,20240412,000000,0.28252,0.293721,0.223311,0.244573,76932654.46249117,0
GMT.V,D,20240413,000000,0.244071,0.271954,0.207797,0.229386,275821833.16362333,0
GMT.V,D,20240414,000000,0.229486,0.26483,0.224882,0.246371,159523126.12450558,0
GMT.V,D,20240415,000000,0.246274,0.272586,0.227914,0.23644,93336027.91320966,0
GMT.V,D,20240416,000000,0.23634,0.239946,0.217998,0.232847,35137502.15242303,0
GMT.V,D,20240417,000000,0.232747,0.24029,0.2227,0.236874,39703806.103013895,0
GMT.V,D,20240418,000000,0.237174,0.240072,0.223045,0.239172,27556789.100687183,0
GMT.V,D,20240419,000000,0.239272,0.242116,0.216298,0.238974,28775991.902394455,0
GMT.V,D,20240420,000000,0.239379,0.25859,0.231995,0.255877,20319001.513432346,0
GMT.V,D,20240421,000000,0.256377,0.256705,0.243754,0.25074,10826117.248685293,0
GMT.V,D,20240422,000000,0.250043,0.256941,0.246249,0.255474,20104272.444611836,0
GMT.V,D,20240423,000000,0.255874,0.265348,0.251438,0.263092,13186500.796397131,0
GMT.V,D,20240424,000000,0.263195,0.268897,0.246181,0.24967,16582740.014695123,0
GMT.V,D,20240425,000000,0.24977,0.254053,0.236241,0.250355,13369859.751025487,0
GMT.V,D,20240426,000000,0.250255,0.2508,0.239876,0.246298,8297003.923277554,0
GMT.V,D,20240427,000000,0.245775,0.246277,0.229747,0.241882,11915338.491474295,0
GMT.V,D,20240428,000000,0.242182,0.248326,0.239504,0.242354,5203198.027502636,0
GMT.V,D,20240429,000000,0.242155,0.24233,0.226487,0.2281,11497376.354333494,0
GMT.V,D,20240430,000000,0.227832,0.234815,0.207694,0.211724,23308635.083550744,0
GMT.V,D,20240501,000000,0.211625,0.217571,0.199766,0.213579,25270475.399706528,0
GMT.V,D,20240502,000000,0.213679,0.221304,0.20749,0.220009,10512916.004108371,0
GMT.V,D,20240503,000000,0.220211,0.230301,0.216696,0.227896,17369756.750856746,0
GMT.V,D,20240504,000000,0.228396,0.230318,0.22442,0.22582,8885742.99176201,0
GMT.V,D,20240505,000000,0.225823,0.2317,0.220129,0.227725,9628497.887174683,0
GMT.V,D,20240506,000000,0.227525,0.2368,0.221091,0.224304,19580385.784546543,0
GMT.V,D,20240507,000000,0.224202,0.224469,0.2166,0.219093,14125011.383076211,0
GMT.V,D,20240508,000000,0.218893,0.220145,0.210781,0.214633,15704102.438213138,0
GMT.V,D,20240509,000000,0.214533,0.223784,0.211513,0.223167,7558657.789847767,0
GMT.V,D,20240510,000000,0.222967,0.229875,0.211005,0.213436,14264779.858336668,0
GMT.V,D,20240511,000000,0.213436,0.215985,0.211035,0.212253,3719413.419009056,0
GMT.V,D,20240512,000000,0.212053,0.214201,0.20703,0.20881,4187001.327823836,0
GMT.V,D,20240513,000000,0.208612,0.214457,0.198646,0.209377,16376719.020931,0
GMT.V,D,20240514,000000,0.209477,0.209583,0.202337,0.203725,9624714.376308916,0
GMT.V,D,20240515,000000,0.203627,0.219062,0.200578,0.21643,10706827.022807995,0
GMT.V,D,20240516,000000,0.216728,0.222493,0.212962,0.215619,11684664.45598393,0
GMT.V,D,20240517,000000,0.215619,0.226093,0.212813,0.222978,6888116.766231348,0
GMT.V,D,20240518,000000,0.222978,0.225643,0.219074,0.22214,4353317.209754004,0
GMT.V,D,20240519,000000,0.22214,0.224636,0.2093,0.210485,8500920.085654363,0
GMT.V,D,20240520,000000,0.210287,0.23079,0.2057,0.230688,12514341.707830315,0
GMT.V,D,20240521,000000,0.230888,0.23353,0.226527,0.229749,16172060.67231672,0
GMT.V,D,20240522,000000,0.22954,0.234046,0.223373,0.229404,10902091.055453004,0
GMT.V,D,20240523,000000,0.229404,0.24507,0.210392,0.227557,74910569.55370954,0
GMT.V,D,20240524,000000,0.227656,0.235097,0.220538,0.227073,16421982.76373739,0
GMT.V,D,20240525,000000,0.227073,0.239966,0.226573,0.237353,17692614.790254105,0
GMT.V,D,20240526,000000,0.237353,0.238974,0.23016,0.23323,8604464.130288756,0
GMT.V,D,20240527,000000,0.233111,0.242148,0.231361,0.240155,18110494.485640503,0
GMT.V,D,20240528,000000,0.240055,0.243152,0.229096,0.239983,27489856.536104284,0
GMT.V,D,20240529,000000,0.240282,0.243405,0.233167,0.235041,19911004.605916962,0
GMT.V,D,20240530,000000,0.234939,0.240018,0.224065,0.232719,10670497.430174986,0
GMT.V,D,20240531,000000,0.232519,0.236194,0.227713,0.234421,6806147.648775211,0
GMT.V,D,20240601,000000,0.234922,0.242084,0.232265,0.240486,6399342.386288625,0
GMT.V,D,20240602,000000,0.240607,0.245191,0.232863,0.234076,11078045.856971085,0
GMT.V,D,20240603,000000,0.233871,0.248543,0.230464,0.23676,16423439.923903925,0
GMT.V,D,20240604,000000,0.23666,0.238681,0.230931,0.2356,7682545.544514344,0
GMT.V,D,20240605,000000,0.2358,0.245012,0.235298,0.243722,10294863.939525193,0
GMT.V,D,20240606,000000,0.243422,0.24611,0.233121,0.236424,9106123.729809733,0
GMT.V,D,20240607,000000,0.236222,0.240213,0.200637,0.213919,16133814.908686036,0
GMT.V,D,20240608,000000,0.213721,0.216318,0.200076,0.200778,13548282.329233859,0
GMT.V,D,20240609,000000,0.200676,0.206675,0.198184,0.205469,9148986.5207628,0
GMT.V,D,20240610,000000,0.205621,0.207373,0.197443,0.199646,7577146.1405721195,0
GMT.V,D,20240611,000000,0.199544,0.200995,0.186103,0.19116,11484838.283759998,0
GMT.V,D,20240612,000000,0.190958,0.205898,0.184883,0.199634,12941387.288001914,0
GMT.V,D,20240613,000000,0.199532,0.200722,0.191229,0.194722,4614448.450297206,0
GMT.V,D,20240614,000000,0.194722,0.198885,0.186586,0.193165,7527682.0539820995,0
GMT.V,D,20240615,000000,0.193265,0.194579,0.189986,0.19349,1928498.611615481,0
GMT.V,D,20240616,000000,0.19329,0.195071,0.190084,0.193345,2504362.218226189,0
GMT.V,D,20240617,000000,0.193845,0.195816,0.173294,0.176019,9743843.56308306,0
GMT.V,D,20240618,000000,0.175919,0.176419,0.146572,0.156614,22271480.927377965,0
GMT.V,D,20240619,000000,0.156914,0.165822,0.155516,0.163833,7552571.419567941,0
GMT.V,D,20240620,000000,0.163834,0.171931,0.162137,0.166981,8890728.625832282,0
GMT.V,D,20240621,000000,0.166981,0.170391,0.161951,0.165497,12782155.599890891,0
GMT.V,D,20240622,000000,0.165597,0.165699,0.161306,0.163135,3628124.370171965,0
GMT.V,D,20240623,000000,0.162919,0.165327,0.158097,0.161287,2769935.791835065,0
GMT.V,D,20240624,000000,0.160689,0.162588,0.149107,0.162281,7563860.994227589,0
GMT.V,D,20240625,000000,0.16258,0.17064,0.162478,0.168568,9239339.826490073,0
GMT.V,D,20240626,000000,0.168468,0.169747,0.162506,0.165269,7605279.129026804,0
GMT.V,D,20240627,000000,0.165278,0.170414,0.162075,0.168961,5641044.247492431,0
GMT.V,D,20240628,000000,0.169077,0.171101,0.165009,0.16617,3564921.2113225022,0
GMT.V,D,20240629,000000,0.166069,0.168593,0.162037,0.162623,4153004.3220650335,0
GMT.V,D,20240630,000000,0.162723,0.163654,0.158921,0.161348,3937090.0913795223,0
GMT.V,D,20240701,000000,0.16125,0.166963,0.156992,0.16232,8276019.974930926,0
GMT.V,D,20240702,000000,0.162126,0.163874,0.158194,0.161443,4622231.867313226,0
GMT.V,D,20240703,000000,0.161341,0.16215,0.153233,0.155228,3484982.456233457,0
GMT.V,D,20240704,000000,0.155228,0.155429,0.13748,0.140421,8086750.498191231,0
GMT.V,D,20240705,000000,0.140321,0.14082,0.113269,0.127908,24521898.516199037,0
GMT.V,D,20240706,000000,0.127711,0.140617,0.12711,0.138903,4026104.7131599793,0
GMT.V,D,20240707,000000,0.139203,0.14001,0.130887,0.132587,4656877.498224901,0
GMT.V,D,20240708,000000,0.132787,0.138979,0.12529,0.134288,10790995.018637229,0
GMT.V,D,20240709,000000,0.134188,0.139297,0.13308,0.138597,13924909.76302049,0
GMT.V,D,20240710,000000,0.138597,0.143626,0.137503,0.140689,4198618.326126325,0
GMT.V,D,20240711,000000,0.14079,0.14859,0.140496,0.141797,9793391.638729407,0
GMT.V,D,20240712,000000,0.141797,0.145539,0.140199,0.144429,4484070.002914616,0
GMT.V,D,20240713,000000,0.144329,0.151545,0.144227,0.148327,3635823.317238026,0
GMT.V,D,20240714,000000,0.148344,0.150034,0.145249,0.149455,4740548.983684819,0
GMT.V,D,20240715,000000,0.149554,0.154777,0.148044,0.153677,7805583.567829286,0
GMT.V,D,20240716,000000,0.153677,0.159459,0.147743,0.156538,7298938.110958028,0
GMT.V,D,20240717,000000,0.156439,0.159845,0.153731,0.157013,4771729.114239235,0
GMT.V,D,20240718,000000,0.156814,0.160902,0.150573,0.15237,7845216.272095922,0
GMT.V,D,20240719,000000,0.152368,0.160482,0.14947,0.158867,5620167.328039019,0
GMT.V,D,20240720,000000,0.158867,0.160178,0.154068,0.158268,6935025.158681894,0
GMT.V,D,20240721,000000,0.158567,0.160848,0.151682,0.160032,6721607.289410753,0
GMT.V,D,20240722,000000,0.160234,0.163108,0.154612,0.155247,4694094.097200413,0
GMT.V,D,20240723,000000,0.155147,0.156416,0.144919,0.147018,5957439.758427707,0
GMT.V,D,20240724,000000,0.146818,0.151798,0.145401,0.148673,4083510.241946227,0
GMT.V,D,20240725,000000,0.148473,0.148473,0.137667,0.142559,5412686.682371805,0
GMT.V,D,20240726,000000,0.142761,0.151795,0.141865,0.1508,3308355.8216764173,0
GMT.V,D,20240727,000000,0.151,0.155016,0.149516,0.153597,6409055.138392845,0
GMT.V,D,20240728,000000,0.153715,0.154381,0.14859,0.148887,1989512.8457497312,0
GMT.V,D,20240729,000000,0.149185,0.15428,0.148087,0.149382,3396178.5210459167,0
GMT.V,D,20240730,000000,0.149584,0.151968,0.143056,0.144255,3840474.5311864247,0
GMT.V,D,20240731,000000,0.144157,0.148254,0.142032,0.143844,3990666.73377176,0
GMT.V,D,20240801,000000,0.143751,0.145826,0.133272,0.139386,5765095.667422716,0
GMT.V,D,20240802,000000,0.139587,0.14307,0.130956,0.133247,5378956.266173501,0
GMT.V,D,20240803,000000,0.133248,0.133448,0.117221,0.120124,17530567.33268524,0
GMT.V,D,20240804,000000,0.120124,0.123021,0.10421,0.109468,17969612.79195831,0
GMT.V,D,20240805,000000,0.109468,0.110468,0.0850102,0.0944179,54430035.275514536,0
GMT.V,D,20240806,000000,0.0943179,0.10442,0.0939263,0.10334,13668251.582499664,0
GMT.V,D,20240807,000000,0.10344,0.106355,0.0988089,0.09991,6324088.5112057,0
GMT.V,D,20240808,000000,0.09981,0.110932,0.0974117,0.110733,4917677.06866318,0
GMT.V,D,20240809,000000,0.110833,0.113728,0.109122,0.110534,3357568.886910451,0
GMT.V,D,20240810,000000,0.110734,0.113922,0.109332,0.113722,3620726.8287905734,0
GMT.V,D,20240811,000000,0.113722,0.115416,0.105111,0.106311,6935193.759912866,0
GMT.V,D,20240812,000000,0.106011,0.112921,0.105009,0.109412,6376934.850309345,0
GMT.V,D,20240813,000000,0.109411,0.113733,0.108321,0.112814,4293058.769961619,0
GMT.V,D,20240814,000000,0.112812,0.113846,0.109234,0.109809,4794351.137302494,0
GMT.V,D,20240815,000000,0.109609,0.113799,0.10562,0.106419,5332421.146350729,0
GMT.V,D,20240816,000000,0.10642,0.110221,0.10392,0.107831,5026718.89119204,0
GMT.V,D,20240817,000000,0.10813,0.10813,0.106319,0.107809,4421534.431270099,0
GMT.V,D,20240818,000000,0.10811,0.112316,0.106208,0.110521,3572694.0036884495,0
GMT.V,D,20240819,000000,0.110922,0.111322,0.105627,0.109424,3815697.9532233425,0
GMT.V,D,20240820,000000,0.109324,0.113068,0.108024,0.111299,4763344.337457715,0
GMT.V,D,20240821,000000,0.111301,0.120035,0.11061,0.118911,14071589.103763755,0
GMT.V,D,20240822,000000,0.119059,0.123907,0.116127,0.123506,7583304.696930013,0
GMT.V,D,20240823,000000,0.123606,0.137617,0.123409,0.136509,33882155.03092088,0
GMT.V,D,20240824,000000,0.136508,0.144542,0.133867,0.139449,7379576.5286346385,0
GMT.V,D,20240825,000000,0.139349,0.141449,0.134247,0.140849,4455540.533727866,0
GMT.V,D,20240826,000000,0.141149,0.142354,0.13234,0.134824,10403821.178830445,0
GMT.V,D,20240827,000000,0.134824,0.14231,0.130192,0.1323,11915115.276387986,0
GMT.V,D,20240828,000000,0.1325,0.137608,0.12271,0.124511,8607128.803233992,0
GMT.V,D,20240829,000000,0.124511,0.133228,0.122711,0.125399,5440982.332202663,0
GMT.V,D,20240830,000000,0.125397,0.125911,0.115675,0.119085,16431251.905546825,0
GMT.V,D,20240831,000000,0.119083,0.120376,0.114294,0.116078,3711970.3896739697,0
GMT.V,D,20240901,000000,0.116112,0.116578,0.11058,0.113281,5418986.625218993,0
GMT.V,D,20240902,000000,0.113381,0.116979,0.108891,0.115981,4895961.523426521,0
GMT.V,D,20240903,000000,0.115881,0.11879,0.112661,0.113568,5999379.55565975,0
GMT.V,D,20240904,000000,0.113668,0.132804,0.107571,0.128286,96568940.32677545,0
GMT.V,D,20240905,000000,0.128286,0.133889,0.11647,0.117358,55560096.982881956,0
GMT.V,D,20240906,000000,0.117377,0.118564,0.106645,0.110043,27596982.90203986,0
GMT.V,D,20240907,000000,0.109843,0.112789,0.109343,0.110489,7264491.47914942,0
GMT.V,D,20240908,000000,0.110788,0.116986,0.110088,0.114889,10007865.000132656,0
GMT.V,D,20240909,000000,0.115034,0.134815,0.115034,0.133524,36124909.55984521,0
GMT.V,D,20240910,000000,0.133424,0.14949,0.129195,0.14699,54470901.623556875,0
GMT.V,D,20240911,000000,0.147159,0.154092,0.140486,0.147612,53380022.52322286,0
GMT.V,D,20240912,000000,0.147613,0.148313,0.138781,0.140589,22605563.9435336,0
GMT.V,D,20240913,000000,0.140987,0.141887,0.133189,0.137454,21190110.364348345,0
GMT.V,D,20240914,000000,0.137855,0.138355,0.133845,0.135926,14058929.299691087,0
GMT.V,D,20240915,000000,0.135624,0.139617,0.130417,0.1318,32279683.12922951,0
GMT.V,D,20240916,000000,0.131701,0.132666,0.122077,0.123776,54922198.80236591,0
GMT.V,D,20240917,000000,0.123688,0.126911,0.121189,0.125313,15322699.698708713,0
GMT.V,D,20240918,000000,0.125411,0.125901,0.119189,0.124905,14406370.882953944,0
GMT.V,D,20240919,000000,0.124904,0.133223,0.124804,0.130913,15547761.977361666,0
GMT.V,D,20240920,000000,0.130814,0.139008,0.129417,0.135309,15533971.890237603,0
GMT.V,D,20240921,000000,0.135327,0.141713,0.132999,0.140014,21762964.863231227,0
GMT.V,D,20240922,000000,0.139914,0.142511,0.1361,0.1361,30693192.05663505,0
GMT.V,D,20240923,000000,0.135986,0.154166,0.133507,0.148893,35088000.749848805,0
GMT.V,D,20240924,000000,0.148794,0.157786,0.144273,0.155292,41914239.272074945,0
GMT.V,D,20240925,000000,0.155491,0.162081,0.155194,0.157373,29233989.112141803,0
GMT.V,D,20240926,000000,0.157473,0.161964,0.15376,0.157616,19695590.021981537,0
GMT.V,D,20240927,000000,0.157716,0.161219,0.156014,0.159429,12852635.422636336,0
GMT.V,D,20240928,000000,0.159429,0.16492,0.15222,0.155317,14934698.728867875,0
GMT.V,D,20240929,000000,0.155269,0.162116,0.150655,0.160536,17622111.737917356,0
GMT.V,D,20240930,000000,0.160368,0.170002,0.139555,0.142554,153705466.45670548,0
GMT.V,D,20241001,000000,0.142554,0.149985,0.124265,0.128767,66785412.79645857,0
GMT.V,D,20241002,000000,0.128467,0.132471,0.120992,0.123167,21315874.55891931,0
GMT.V,D,20241003,000000,0.123067,0.126381,0.117167,0.122385,18218703.97825194,0
GMT.V,D,20241004,000000,0.122185,0.129284,0.122085,0.128499,25384474.762058713,0
GMT.V,D,20241005,000000,0.128497,0.133992,0.127981,0.129679,12368373.992237216,0
GMT.V,D,20241006,000000,0.1297,0.134877,0.1296,0.131979,8315126.564408382,0
GMT.V,D,20241007,000000,0.132178,0.136562,0.131775,0.13386,13469137.521865025,0
GMT.V,D,20241008,000000,0.13346,0.13406,0.126828,0.128907,12633748.177663684,0
GMT.V,D,20241009,000000,0.128706,0.12972,0.122791,0.12479,11332109.840819007,0
GMT.V,D,20241010,000000,0.12469,0.128243,0.121835,0.125764,10553898.656537628,0
GMT.V,D,20241011,000000,0.125764,0.132381,0.12487,0.131982,8258667.397032386,0
GMT.V,D,20241012,000000,0.131983,0.133844,0.131442,0.13336,7486946.739658224,0
GMT.V,D,20241013,000000,0.13326,0.133659,0.125937,0.129247,9048369.262448328,0
GMT.V,D,20241014,000000,0.129313,0.136228,0.127346,0.134378,15860186.233296314,0
GMT.V,D,20241015,000000,0.13438,0.135961,0.128067,0.131767,14489914.056322867,0
GMT.V,D,20241016,000000,0.131667,0.134372,0.130153,0.132172,7120608.528198754,0
GMT.V,D,20241017,000000,0.132072,0.133064,0.126058,0.127355,8016401.346429217,0
GMT.V,D,20241018,000000,0.127438,0.131984,0.126947,0.131583,4108597.641583836,0
GMT.V,D,20241019,000000,0.131583,0.137484,0.131291,0.133068,51480124.83140724,0
GMT.V,D,20241020,000000,0.133169,0.14417,0.131461,0.139954,43969387.372420564,0
GMT.V,D,20241021,000000,0.139842,0.14374,0.134045,0.136144,13635410.190006511,0
GMT.V,D,20241022,000000,0.136044,0.137136,0.13079,0.133504,15621780.059536612,0
GMT.V,D,20241023,000000,0.133505,0.134804,0.127224,0.130764,6605377.743495071,0
GMT.V,D,20241024,000000,0.130861,0.133916,0.129178,0.132819,9905244.468231415,0
GMT.V,D,20241025,000000,0.133119,0.141711,0.131904,0.134159,16625517.46294257,0
GMT.V,D,20241026,000000,0.134058,0.134557,0.120851,0.126434,20484266.391386636,0
GMT.V,D,20241027,000000,0.126434,0.13182,0.126329,0.131019,4520759.675874025,0
GMT.V,D,20241028,000000,0.131169,0.135005,0.126203,0.132207,15173239.946305111,0
GMT.V,D,20241029,000000,0.132507,0.141877,0.131712,0.140454,11743843.66760864,0
GMT.V,D,20241030,000000,0.140355,0.140966,0.133941,0.135357,6010228.357331499,0
GMT.V,D,20241031,000000,0.135657,0.136358,0.126624,0.127932,8266265.96541564,0
GMT.V,D,20241101,000000,0.127832,0.129621,0.122997,0.124714,7770517.281285685,0
GMT.V,D,20241102,000000,0.124614,0.129836,0.122558,0.126663,9816666.436288388,0
GMT.V,D,20241103,000000,0.126864,0.126864,0.116052,0.120553,11131141.866828976,0
GMT.V,D,20241104,000000,0.119853,0.123691,0.115317,0.117608,9614875.547789609,0
GMT.V,D,20241105,000000,0.117453,0.124249,0.116819,0.122985,8533813.13522944,0
GMT.V,D,20241106,000000,0.122985,0.13358,0.122287,0.13338,15308293.398556361,0
GMT.V,D,20241107,000000,0.13328,0.13598,0.129869,0.133367,7022347.0245219655,0
GMT.V,D,20241108,000000,0.133467,0.136482,0.128024,0.135186,21776128.418539576,0
GMT.V,D,20241109,000000,0.135288,0.139561,0.132882,0.139042,8300232.740248442,0
GMT.V,D,20241110,000000,0.13894,0.153738,0.137665,0.145882,33091489.726137005,0
GMT.V,D,20241111,000000,0.146082,0.15447,0.144513,0.153677,17184414.584776834,0
GMT.V,D,20241112,000000,0.153475,0.159842,0.141204,0.1532,26178769.206599973,0
GMT.V,D,20241113,000000,0.152999,0.154656,0.135936,0.140043,31297422.361179195,0
GMT.V,D,20241114,000000,0.140354,0.161055,0.139158,0.143317,60962847.692819454,0
GMT.V,D,20241115,000000,0.143317,0.15015,0.136736,0.150043,12388355.978888053,0
GMT.V,D,20241116,000000,0.149945,0.161381,0.149042,0.160056,16371520.047577813,0
GMT.V,D,20241117,000000,0.159856,0.1652,0.1499,0.151105,21022733.414819773,0
GMT.V,D,20241118,000000,0.150606,0.174415,0.150105,0.166149,43749964.90977133,0
GMT.V,D,20241119,000000,0.166149,0.171398,0.161666,0.165909,28494302.56577727,0
GMT.V,D,20241120,000000,0.16571,0.168877,0.152431,0.156908,20428902.994741984,0
GMT.V,D,20241121,000000,0.156808,0.17016,0.150129,0.16806,21150379.380510837,0
GMT.V,D,20241122,000000,0.168258,0.189994,0.167571,0.184089,45306040.721315034,0
GMT.V,D,20241123,000000,0.184392,0.206536,0.18429,0.198214,61872245.095432304,0
GMT.V,D,20241124,000000,0.198114,0.219428,0.192608,0.213814,54223137.92005754,0
GMT.V,D,20241125,000000,0.213613,0.219297,0.20035,0.207948,41684296.19360391,0
GMT.V,D,20241126,000000,0.207452,0.214943,0.188238,0.197227,24003605.07964085,0
GMT.V,D,20241127,000000,0.197025,0.208708,0.194105,0.208408,19355148.425966077,0
GMT.V,D,20241128,000000,0.208308,0.211911,0.197237,0.211811,11035370.924549526,0
GMT.V,D,20241129,000000,0.211608,0.231227,0.203518,0.225765,26337698.36597991,0
GMT.V,D,20241130,000000,0.225565,0.233005,0.219579,0.226691,18715507.943423677,0
GMT.V,D,20241201,000000,0.226491,0.228267,0.217713,0.225215,13087694.139047883,0
GMT.V,D,20241202,000000,0.225317,0.234082,0.205702,0.225579,30222896.72438101,0
GMT.V,D,20241203,000000,0.225379,0.241727,0.213294,0.240359,43332397.36761232,0
GMT.V,D,20241204,000000,0.240456,0.263816,0.237759,0.248335,44480059.69490619,0
GMT.V,D,20241205,000000,0.248435,0.259376,0.233489,0.241501,36583463.64610541,0
GMT.V,D,20241206,000000,0.241472,0.251324,0.230738,0.250257,21299566.505924445,0
GMT.V,D,20241207,000000,0.250057,0.251687,0.240404,0.241969,17015526.67159237,0
GMT.V,D,20241208,000000,0.241669,0.244037,0.234117,0.243937,16618338.153116656,0
GMT.V,D,20241209,000000,0.244034,0.245635,0.179975,0.193958,35604262.33379691,0
GMT.V,D,20241210,000000,0.193456,0.200654,0.173221,0.189395,38346097.361305326,0
GMT.V,D,20241211,000000,0.189293,0.205033,0.180101,0.201499,19889051.48185097,0
GMT.V,D,20241212,000000,0.201501,0.211981,0.198933,0.206147,17487928.648022547,0
GMT.V,D,20241213,000000,0.206547,0.209027,0.197984,0.199138,19737506.714984704,0
GMT.V,D,20241214,000000,0.199038,0.20491,0.18887,0.192483,13264272.243323606,0
GMT.V,D,20241215,000000,0.192581,0.198203,0.186964,0.19106,10569416.209606849,0
GMT.V,D,20241216,000000,0.19116,0.201195,0.18289,0.18595,25705373.187131606,0
GMT.V,D,20241217,000000,0.185952,0.186552,0.170991,0.171983,36135512.55405237,0
GMT.V,D,20241218,000000,0.171883,0.172807,0.149928,0.153237,36186463.08730486,0
GMT.V,D,20241219,000000,0.153339,0.156219,0.13725,0.14467,25080625.73783186,0
GMT.V,D,20241220,000000,0.14467,0.149604,0.126499,0.145403,32141399.076118074,0
GMT.V,D,20241221,000000,0.145303,0.152827,0.130235,0.131922,28558425.341738984,0
GMT.V,D,20241222,000000,0.131722,0.139903,0.128259,0.132642,26814632.85228172,0
GMT.V,D,20241223,000000,0.132542,0.142299,0.130185,0.140812,30318892.27221472,0
GMT.V,D,20241224,000000,0.141112,0.144555,0.135201,0.140593,27790304.455779087,0
GMT.V,D,20241225,000000,0.140693,0.141104,0.131986,0.132581,30195209.28809178,0
GMT.V,D,20241226,000000,0.13268,0.186619,0.129588,0.156426,353769511.63108015,0
GMT.V,D,20241227,000000,0.156426,0.213456,0.147295,0.203902,713488985.5167938,0
GMT.V,D,20241228,000000,0.204401,0.247441,0.185277,0.188345,678381205.0694724,0
GMT.V,D,20241229,000000,0.188345,0.194046,0.167072,0.167373,273615720.2539471,0
GMT.V,D,20241230,000000,0.167474,0.173661,0.157731,0.158513,127904010.50501542,0
GMT.V,D,20241231,000000,0.158413,0.160097,0.150362,0.151418,82102416.6756489,0
GMT.V,D,20250101,000000,0.151318,0.153489,0.147409,0.152081,65234458.13028985,0
GMT.V,D,20250102,000000,0.152081,0.157331,0.149661,0.150746,101895282.17713138,0
GMT.V,D,20250103,000000,0.150546,0.159652,0.146868,0.15844,73468759.99317415,0
GMT.V,D,20250104,000000,0.158338,0.16633,0.157234,0.15997,104146452.45512754,0
GMT.V,D,20250105,000000,0.159968,0.164146,0.157169,0.163759,61716403.13464174,0
GMT.V,D,20250106,000000,0.163659,0.16961,0.158867,0.166548,64227613.82041008,0
GMT.V,D,20250107,000000,0.166248,0.16737,0.149354,0.151877,47202731.91126302,0
GMT.V,D,20250108,000000,0.151479,0.151768,0.135727,0.144157,41985513.11377286,0
GMT.V,D,20250109,000000,0.144057,0.146508,0.137373,0.14139,35005965.13750409,0
GMT.V,D,20250110,000000,0.141192,0.14429,0.137681,0.14247,28366715.406659693,0
GMT.V,D,20250111,000000,0.14247,0.14483,0.138789,0.141932,28114169.361849114,0
GMT.V,D,20250112,000000,0.141732,0.142246,0.13523,0.136217,25107264.71644483,0
GMT.V,D,20250113,000000,0.136217,0.140534,0.122302,0.129745,43510354.38760386,0
GMT.V,D,20250114,000000,0.129646,0.134734,0.127243,0.134344,27634583.309027962,0
GMT.V,D,20250115,000000,0.134444,0.137543,0.128432,0.136704,31941660.398550443,0
GMT.V,D,20250116,000000,0.136805,0.137811,0.130154,0.130969,42979241.55400317,0
GMT.V,D,20250117,000000,0.131069,0.138857,0.130375,0.138143,53428740.784577005,0
GMT.V,D,20250118,000000,0.138244,0.13985,0.122287,0.123787,71515033.41901281,0
GMT.V,D,20250119,000000,0.123787,0.128459,0.109078,0.112079,99101967.02909493,0
GMT.V,D,20250120,000000,0.111082,0.115098,0.09958,0.103469,167260948.11240232,0
GMT.V,D,20250121,000000,0.103469,0.107497,0.09547,0.104916,137656690.21353477,0
GMT.V,D,20250122,000000,0.104824,0.108284,0.104315,0.105075,57338146.428748116,0
GMT.V,D,20250123,000000,0.105175,0.108437,0.10142,0.104223,155842866.22118074,0
GMT.V,D,20250124,000000,0.104423,0.105708,0.099791,0.101107,62981902.20575712,0
GMT.V,D,20250125,000000,0.101007,0.103891,0.099095,0.101681,35062167.833791114,0
GMT.V,D,20250126,000000,0.101581,0.10679,0.100583,0.102784,46882810.59356799,0
GMT.V,D,20250127,000000,0.102685,0.102685,0.0894597,0.0970748,52821872.23319567,0
GMT.V,D,20250128,000000,0.0969757,0.0985921,0.0888538,0.0899415,33523671.5653701,0
GMT.V,D,20250129,000000,0.0899415,0.0960894,0.0885522,0.0936963,58159462.213108405,0
GMT.V,D,20250130,000000,0.0934963,0.099005,0.0918963,0.0972087,49769588.261704154,0
GMT.V,D,20250131,000000,0.0973097,0.1019214,0.0942679,0.0952724,36745918.2327516,0
GMT.V,D,20250201,000000,0.0951724,0.0980823,0.0856794,0.0860793,43028161.40180154,0
GMT.V,D,20250202,000000,0.0859794,0.0876842,0.0670973,0.0695791,123418981.99459024,0
GMT.V,D,20250203,000000,0.0698797,0.0740792,0.0524848,0.0731731,114762399.46848543,0
GMT.V,D,20250204,000000,0.0731738,0.0750915,0.0646517,0.0682334,64564454.54978379,0
GMT.V,D,20250205,000000,0.0683335,0.0705211,0.0658072,0.0664046,37701720.79512198,0
GMT.V,D,20250206,000000,0.0664053,0.0686144,0.0627038,0.0633044,41351948.49426736,0
GMT.V,D,20250207,000000,0.0633044,0.0687398,0.0607024,0.0621025,96755334.44735804,0
GMT.V,D,20250208,000000,0.0620019,0.0689055,0.0619019,0.0684055,43889467.4439961,0
GMT.V,D,20250209,000000,0.0685055,0.0729146,0.0664066,0.0689083,100660749.74546154,0
GMT.V,D,20250210,000000,0.0688076,0.0708064,0.0665126,0.0687117,39784203.86635547,0
GMT.V,D,20250211,000000,0.0688117,0.0724094,0.0640885,0.0645929,47182971.697498076,0
GMT.V,D,20250212,000000,0.0646922,0.071805,0.0631987,0.0712043,73959355.31358963,0
GMT.V,D,20250213,000000,0.071105,0.0744082,0.0689041,0.0692007,50316343.2164416,0
GMT.V,D,20250214,000000,0.0692014,0.0763183,0.0686062,0.0736125,48954175.656842895,0
GMT.V,D,20250215,000000,0.0736118,0.0743059,0.0696063,0.069707,28886295.479073066,0
