<TICKER>,<PER>,<DATE>,<TIME>,<OPEN>,<HIGH>,<LOW>,<CLOSE>,<VOL>,<OPENINT>
HIVE.V,D,20220514,000000,0.509632,0.518565,0.443644,0.491511,308443.36938731,0
HIVE.V,D,20220515,000000,0.490412,0.520123,0.48043,0.520123,262192.29196324,0
HIVE.V,D,20220516,000000,0.523319,0.535403,0.474083,0.493708,175914.64733518,0
HIVE.V,D,20220517,000000,0.495505,0.559584,0.487417,0.536555,1159400.7016347,0
HIVE.V,D,20220518,000000,0.536402,0.569359,0.479476,0.486318,563289.08024299,0
HIVE.V,D,20220519,000000,0.484769,0.489059,0.44562,0.485862,380513.73394061,0
HIVE.V,D,20220520,000000,0.485063,0.502248,0.457405,0.472385,356930.37612193,0
HIVE.V,D,20220521,000000,0.473731,0.486167,0.464296,0.482971,202684.03633095,0
HIVE.V,D,20220522,000000,0.481573,0.580403,0.481026,0.517678,2939056.8465246,0
HIVE.V,D,20220523,000000,0.517878,0.551393,0.510686,0.513483,624150.83732446,0
HIVE.V,D,20220524,000000,0.514182,0.514182,0.456352,0.484469,253312.73979364,0
HIVE.V,D,20220525,000000,0.48482,0.500099,0.471581,0.486065,419397.85726326,0
HIVE.V,D,20220526,000000,0.486915,0.496553,0.44127,0.466233,265084.00020415,0
HIVE.V,D,20220527,000000,0.465035,0.471328,0.442757,0.453446,209825.07598033,0
HIVE.V,D,20220528,000000,0.45208,0.510187,0.445607,0.475947,1498155.3950868,0
HIVE.V,D,20220529,000000,0.474834,0.479533,0.449654,0.46641,540474.38892275,0
HIVE.V,D,20220530,000000,0.466482,0.506046,0.464993,0.505846,389653.33828912,0
HIVE.V,D,20220531,000000,0.506794,0.597981,0.501898,0.546508,1815858.6144778,0
HIVE.V,D,20220601,000000,0.547678,0.58003,0.514685,0.514736,437637.4353765,0
HIVE.V,D,20220602,000000,0.514657,0.612149,0.49945,0.568888,1521071.3153041,0
HIVE.V,D,20220603,000000,0.566789,0.611449,0.526384,0.546824,1551879.4328725,0
HIVE.V,D,20220604,000000,0.546025,0.554867,0.52356,0.532495,2247791.9398771,0
HIVE.V,D,20220605,000000,0.532606,0.583803,0.520478,0.551781,4167780.0924879,0
HIVE.V,D,20220606,000000,0.553479,0.582222,0.546486,0.560928,7151965.0866665,0
HIVE.V,D,20220607,000000,0.560123,0.673634,0.560123,0.602905,8941784.2348521,0
HIVE.V,D,20220608,000000,0.603017,0.603747,0.556249,0.563533,4087357.9662911,0
HIVE.V,D,20220609,000000,0.563533,0.590533,0.537696,0.543843,2632367.2673703,0
HIVE.V,D,20220610,000000,0.542039,0.560129,0.492312,0.507954,2217504.3795206,0
HIVE.V,D,20220611,000000,0.508354,0.512835,0.467819,0.483443,492511.62099981,0
HIVE.V,D,20220612,000000,0.484447,0.496728,0.424401,0.449742,991992.18349244,0
HIVE.V,D,20220613,000000,0.448743,0.448743,0.345381,0.363893,7617641.0429545,0
HIVE.V,D,20220614,000000,0.36659,0.38405,0.314531,0.339992,18676580.779345,0
HIVE.V,D,20220615,000000,0.342688,0.367059,0.31074,0.36369,10101312.558768,0
HIVE.V,D,20220616,000000,0.364453,0.4164,0.340425,0.366523,3992772.1835383,0
HIVE.V,D,20220617,000000,0.342523,0.36629,0.334631,0.360367,4148482.2776166,0
HIVE.V,D,20220618,000000,0.36097,0.403239,0.327243,0.341546,14551353.097089,0
HIVE.V,D,20220619,000000,0.341546,0.368357,0.327731,0.366423,4616067.1994117,0
HIVE.V,D,20220620,000000,0.36646,0.379368,0.351777,0.371591,2510216.7241468,0
HIVE.V,D,20220621,000000,0.371391,0.408273,0.370991,0.407152,1282938.5209572,0
HIVE.V,D,20220622,000000,0.405953,0.405953,0.377023,0.383117,1032370.1738644,0
HIVE.V,D,20220623,000000,0.381518,0.3996,0.37972,0.396103,265340.70203876,0
HIVE.V,D,20220624,000000,0.396403,0.412282,0.394505,0.412282,3678063.9605423,0
HIVE.V,D,20220625,000000,0.412187,0.417882,0.392445,0.412311,1040180.1058316,0
HIVE.V,D,20220626,000000,0.411716,0.415213,0.40247,0.405648,430074.46006264,0
HIVE.V,D,20220627,000000,0.404265,0.561816,0.394167,0.453396,9080203.0352537,0
HIVE.V,D,20220628,000000,0.453496,0.661324,0.417307,0.57679,15865929.094353,0
HIVE.V,D,20220629,000000,0.579704,0.716454,0.559821,0.576538,7956634.9747987,0
HIVE.V,D,20220630,000000,0.575708,0.658709,0.519376,0.530762,3562102.5247369,0
HIVE.V,D,20220701,000000,0.523371,0.52397,0.46375,0.472879,1377881.9391123,0
HIVE.V,D,20220702,000000,0.47228,0.477774,0.442568,0.460347,463911.10587806,0
HIVE.V,D,20220703,000000,0.461446,0.461446,0.429341,0.447118,532449.70428443,0
HIVE.V,D,20220704,000000,0.443523,0.447063,0.426345,0.446963,469909.16150444,0
HIVE.V,D,20220705,000000,0.447263,0.454854,0.428928,0.443711,554567.10238169,0
HIVE.V,D,20220706,000000,0.44461,0.454754,0.433922,0.4539,335172.44440527,0
HIVE.V,D,20220707,000000,0.4538,0.467572,0.447208,0.464121,468407.6334568,0
HIVE.V,D,20220708,000000,0.465421,0.504597,0.461377,0.488707,1144229.579905,0
HIVE.V,D,20220709,000000,0.487108,0.495303,0.473416,0.488607,597446.44754186,0
HIVE.V,D,20220710,000000,0.489557,0.505696,0.459524,0.469018,1306807.0852145,0
HIVE.V,D,20220711,000000,0.46632,0.496902,0.437793,0.43976,737379.27463447,0
HIVE.V,D,20220712,000000,0.43966,0.45954,0.413386,0.416483,790970.90953156,0
HIVE.V,D,20220713,000000,0.4163,0.420479,0.385514,0.412828,793739.96576862,0
HIVE.V,D,20220714,000000,0.414626,0.423718,0.398881,0.418749,865688.85439978,0
HIVE.V,D,20220715,000000,0.418449,0.434383,0.414851,0.432327,646458.91001903,0
HIVE.V,D,20220716,000000,0.43437,0.46566,0.43217,0.45121,2805784.2368898,0
HIVE.V,D,20220717,000000,0.451678,0.457763,0.440177,0.44558,538689.27573515,0
HIVE.V,D,20220718,000000,0.44528,0.475919,0.437247,0.459894,3402791.4292716,0
HIVE.V,D,20220719,000000,0.460294,0.481,0.457363,0.479772,3260347.4334564,0
HIVE.V,D,20220720,000000,0.479,0.486744,0.45905,0.464223,1403244.3104048,0
HIVE.V,D,20220721,000000,0.463556,0.50541,0.448158,0.470503,4422848.3249694,0
HIVE.V,D,20220722,000000,0.470017,0.47339,0.454896,0.459351,1188543.0431603,0
HIVE.V,D,20220723,000000,0.456705,0.465442,0.441931,0.451154,615339.52903092,0
HIVE.V,D,20220724,000000,0.452891,0.475028,0.452891,0.460287,766433.12267601,0
HIVE.V,D,20220725,000000,0.460892,0.570051,0.4296,0.539543,31886903.586637,0
HIVE.V,D,20220726,000000,0.540449,0.59123,0.484124,0.486673,14161764.031652,0
HIVE.V,D,20220727,000000,0.487968,0.539527,0.487968,0.524626,3322600.9291442,0
HIVE.V,D,20220728,000000,0.52182,0.558979,0.511961,0.540408,2222731.8699803,0
HIVE.V,D,20220729,000000,0.543436,0.565119,0.522046,0.531723,2979571.9674372,0
HIVE.V,D,20220730,000000,0.532018,0.540584,0.525594,0.53018,722039.53469393,0
HIVE.V,D,20220731,000000,0.529791,0.540408,0.523052,0.530827,694923.95354507,0
HIVE.V,D,20220801,000000,0.531327,0.975024,0.524404,0.889667,112686321.17376,0
HIVE.V,D,20220802,000000,0.887648,0.887648,0.601862,0.608303,18210668.217304,0
HIVE.V,D,20220803,000000,0.609116,0.628594,0.559045,0.598049,8740512.3949901,0
HIVE.V,D,20220804,000000,0.598144,0.624456,0.56924,0.574734,3480288.1151726,0
HIVE.V,D,20220805,000000,0.573817,0.587618,0.567368,0.584417,1963205.0836537,0
HIVE.V,D,20220806,000000,0.584111,0.590918,0.581616,0.582934,786763.28260831,0
HIVE.V,D,20220807,000000,0.584829,0.63996,0.580622,0.599608,3935452.6235888,0
HIVE.V,D,20220808,000000,0.598514,0.604651,0.585376,0.599878,958886.13702587,0
HIVE.V,D,20220809,000000,0.599914,0.647936,0.581716,0.602921,2518664.4245088,0
HIVE.V,D,20220810,000000,0.601826,0.622187,0.582563,0.62098,906769.86174244,0
HIVE.V,D,20220811,000000,0.620886,0.640288,0.617116,0.627282,1573946.7454947,0
HIVE.V,D,20220812,000000,0.628914,0.665032,0.611606,0.627388,2327632.2874482,0
HIVE.V,D,20220813,000000,0.627489,0.644835,0.625788,0.630139,513838.00894654,0
HIVE.V,D,20220814,000000,0.630046,0.635348,0.616136,0.620392,623686.46957128,0
HIVE.V,D,20220815,000000,0.62028,0.663379,0.610959,0.622349,1081341.0323441,0
HIVE.V,D,20220816,000000,0.622343,0.625231,0.603921,0.608837,418457.93060307,0
HIVE.V,D,20220817,000000,0.608855,0.61558,0.5845,0.592871,692725.59701901,0
HIVE.V,D,20220818,000000,0.593042,0.599736,0.587512,0.593906,378497.45920523,0
HIVE.V,D,20220819,000000,0.5953,0.630863,0.544854,0.555056,7298241.0466278,0
HIVE.V,D,20220820,000000,0.557217,0.569651,0.526768,0.534895,1916553.9278703,0
HIVE.V,D,20220821,000000,0.534484,0.577548,0.530373,0.556783,1894152.4840009,0
HIVE.V,D,20220822,000000,0.555922,0.565806,0.535541,0.542424,695615.06811092,0
HIVE.V,D,20220823,000000,0.541413,0.56546,0.535284,0.552711,694891.09223423,0
HIVE.V,D,20220824,000000,0.554,0.561356,0.5407,0.55915,315765.92009761,0
HIVE.V,D,20220825,000000,0.558139,0.574254,0.550728,0.567245,713886.25381304,0
HIVE.V,D,20220826,000000,0.566066,0.579906,0.5384,0.545249,713012.93005556,0
HIVE.V,D,20220827,000000,0.543654,0.544244,0.521563,0.530016,481792.09100532,0
HIVE.V,D,20220828,000000,0.528716,0.553806,0.526716,0.541,433803.16418141,0
HIVE.V,D,20220829,000000,0.5405,0.5411,0.513626,0.540222,669170.907843,0
HIVE.V,D,20220830,000000,0.541643,0.560228,0.525932,0.542549,883288.97469259,0
HIVE.V,D,20220831,000000,0.539949,0.563906,0.538743,0.556117,522369.20888632,0
HIVE.V,D,20220901,000000,0.557089,0.558994,0.527916,0.544667,409555.13061083,0
HIVE.V,D,20220902,000000,0.545067,0.582394,0.542143,0.548993,1190261.0237134,0
HIVE.V,D,20220903,000000,0.548488,0.554839,0.5375,0.5424,168819.97344409,0
HIVE.V,D,20220904,000000,0.5424,0.547755,0.5334,0.5423,275064.10021662,0
HIVE.V,D,20220905,000000,0.5423,0.5456,0.527,0.535554,206248.07274449,0
HIVE.V,D,20220906,000000,0.535454,0.5553,0.5178,0.5185,657908.58617021,0
HIVE.V,D,20220907,000000,0.518531,0.529484,0.499985,0.527226,336975.29669855,0
HIVE.V,D,20220908,000000,0.527737,0.554961,0.520005,0.546598,1154319.8476845,0
HIVE.V,D,20220909,000000,0.546787,0.571254,0.542381,0.568888,788496.35360641,0
HIVE.V,D,20220910,000000,0.571034,0.579426,0.560424,0.571391,600701.83023091,0
HIVE.V,D,20220911,000000,0.571549,0.613935,0.563431,0.571437,1788781.1074751,0
HIVE.V,D,20220912,000000,0.571643,0.594949,0.566125,0.577315,501843.5218994,0
HIVE.V,D,20220913,000000,0.576904,0.617999,0.539043,0.542611,2444608.3954704,0
HIVE.V,D,20220914,000000,0.542611,0.556328,0.538505,0.549104,428502.17053415,0
HIVE.V,D,20220915,000000,0.551649,0.595983,0.530694,0.542284,1991108.2553179,0
HIVE.V,D,20220916,000000,0.542573,0.572348,0.537446,0.551145,784754.28597941,0
HIVE.V,D,20220917,000000,0.5517,0.5706,0.548545,0.559656,312975.53943144,0
HIVE.V,D,20220918,000000,0.561,0.565257,0.516748,0.5194,387067.69606322,0
HIVE.V,D,20220919,000000,0.5142,0.5208,0.482452,0.519204,2342770.9145932,0
HIVE.V,D,20220920,000000,0.519604,0.5298,0.50465,0.5114,459633.2557852,0
HIVE.V,D,20220921,000000,0.5105,0.517,0.4831,0.4856,1112806.5047793,0
HIVE.V,D,20220922,000000,0.4857,0.5074,0.4817,0.5048,278041.64963327,0
HIVE.V,D,20220923,000000,0.5055,0.521,0.49,0.5031,548379.88172595,0
HIVE.V,D,20220924,000000,0.503675,0.509554,0.4988,0.501445,235135.30107986,0
HIVE.V,D,20220925,000000,0.503,0.50473,0.492885,0.492885,160308.75236793,0
HIVE.V,D,20220926,000000,0.491795,0.497505,0.4774,0.491,273590.98884119,0
HIVE.V,D,20220927,000000,0.491049,0.50165,0.4827,0.487451,249732.60668562,0
HIVE.V,D,20220928,000000,0.4871,0.4907,0.473153,0.4867,290177.73151225,0
HIVE.V,D,20220929,000000,0.4867,0.489549,0.4766,0.486649,214808.93562596,0
HIVE.V,D,20220930,000000,0.487449,0.490949,0.4799,0.4837,267378.67281103,0
HIVE.V,D,20221001,000000,0.4829,0.495,0.480952,0.487,561735.07378652,0
HIVE.V,D,20221002,000000,0.4876,0.4903,0.4768,0.4811,287312.07182409,0
HIVE.V,D,20221003,000000,0.4804,0.485849,0.4755,0.483145,210977.81630016,0
HIVE.V,D,20221004,000000,0.483397,0.510902,0.481348,0.49935,2217884.0766275,0
HIVE.V,D,20221005,000000,0.4992,0.520856,0.497249,0.50325,2114296.5209942,0
HIVE.V,D,20221006,000000,0.503586,0.507681,0.493779,0.494764,227043.56762052,0
HIVE.V,D,20221007,000000,0.494574,0.674513,0.48891,0.568768,34150928.81669,0
HIVE.V,D,20221008,000000,0.56848,0.628744,0.531069,0.536729,10575767.543596,0
HIVE.V,D,20221009,000000,0.535739,0.53727,0.50495,0.512451,1880373.0424448,0
HIVE.V,D,20221010,000000,0.512803,0.563056,0.510351,0.534747,6595218.3162716,0
HIVE.V,D,20221011,000000,0.5322,0.590141,0.5208,0.524048,8059165.7423592,0
HIVE.V,D,20221012,000000,0.523448,0.539814,0.50497,0.511515,1380553.444731,0
HIVE.V,D,20221013,000000,0.510695,0.512295,0.455064,0.490649,1181679.0669124,0
HIVE.V,D,20221014,000000,0.490939,0.499235,0.479929,0.480205,426656.96730575,0
HIVE.V,D,20221015,000000,0.481619,0.500015,0.478729,0.480934,435231.18121944,0
HIVE.V,D,20221016,000000,0.480124,0.49361,0.480024,0.481424,451188.94047707,0
HIVE.V,D,20221017,000000,0.481624,0.48871,0.47651,0.484415,369615.88854445,0
HIVE.V,D,20221018,000000,0.484815,0.498225,0.477405,0.483824,469259.12528452,0
HIVE.V,D,20221019,000000,0.482229,0.485244,0.467405,0.4702,192636.38450287,0
HIVE.V,D,20221020,000000,0.470305,0.474128,0.457663,0.461149,445665.10311435,0
HIVE.V,D,20221021,000000,0.460859,0.461632,0.439396,0.461414,313014.7803702,0
HIVE.V,D,20221022,000000,0.461028,0.51191,0.460237,0.465333,2342318.4350259,0
HIVE.V,D,20221023,000000,0.465137,0.467814,0.458937,0.46577,197674.80957444,0
HIVE.V,D,20221024,000000,0.467151,0.537454,0.462437,0.474524,4147678.550142,0
HIVE.V,D,20221025,000000,0.475019,0.487161,0.465491,0.480182,634991.56324211,0
HIVE.V,D,20221026,000000,0.479453,0.485855,0.47499,0.48343,363005.49503727,0
HIVE.V,D,20221027,000000,0.483731,0.488993,0.474676,0.476924,406863.51680798,0
HIVE.V,D,20221028,000000,0.476524,0.478191,0.464919,0.47651,272811.17451175,0
HIVE.V,D,20221029,000000,0.476895,0.48295,0.473942,0.47651,217684.15046773,0
HIVE.V,D,20221030,000000,0.475419,0.483216,0.473004,0.47529,419898.76636121,0
HIVE.V,D,20221031,000000,0.475095,0.504395,0.470403,0.481457,1303472.3830395,0
HIVE.V,D,20221101,000000,0.483971,0.504824,0.482666,0.49914,815533.77105486,0
HIVE.V,D,20221102,000000,0.50034,0.504844,0.470395,0.472191,670710.13568085,0
HIVE.V,D,20221103,000000,0.472172,0.492151,0.471986,0.482395,754814.35116155,0
HIVE.V,D,20221104,000000,0.482295,0.503145,0.480586,0.502735,855324.23218535,0
HIVE.V,D,20221105,000000,0.50354,0.507625,0.49942,0.50373,452400.18748617097,0
HIVE.V,D,20221106,000000,0.502815,0.515731,0.495925,0.496535,430981.8852976747,0
HIVE.V,D,20221107,000000,0.496735,0.496735,0.478267,0.481558,349806.9139306661,0
HIVE.V,D,20221108,000000,0.483397,0.4865,0.381911,0.404109,1529434.5971957273,0
HIVE.V,D,20221109,000000,0.402905,0.409171,0.286085,0.292478,1316770.602303617,0
HIVE.V,D,20221110,000000,0.29432,0.374425,0.287834,0.35528,1071411.3778114035,0
HIVE.V,D,20221111,000000,0.355221,0.400733,0.321964,0.3318,1281059.6831011558,0
HIVE.V,D,20221112,000000,0.332098,0.370225,0.330173,0.339288,1637540.8363429199,0
HIVE.V,D,20221113,000000,0.339887,0.34378,0.313943,0.324046,1259511.4496789516,0
HIVE.V,D,20221114,000000,0.323447,0.367921,0.292161,0.318921,3763959.927306865,0
HIVE.V,D,20221115,000000,0.318306,0.335364,0.315757,0.330569,726899.2235097816,0
HIVE.V,D,20221116,000000,0.331195,0.335917,0.315877,0.327202,595554.1635411391,0
HIVE.V,D,20221117,000000,0.327801,0.32971,0.313817,0.322542,512034.35394716193,0
HIVE.V,D,20221118,000000,0.322751,0.338522,0.32073,0.330619,918136.1847838445,0
HIVE.V,D,20221119,000000,0.330519,0.394562,0.328582,0.347435,11387269.024244145,0
HIVE.V,D,20221120,000000,0.348138,0.393059,0.330407,0.330796,4384744.914385578,0
HIVE.V,D,20221121,000000,0.331898,0.336261,0.311822,0.320515,1579577.4968681189,0
HIVE.V,D,20221122,000000,0.320715,0.335284,0.3122,0.333166,641819.9458212788,0
HIVE.V,D,20221123,000000,0.334082,0.371214,0.333762,0.355209,2088594.4596514248,0
HIVE.V,D,20221124,000000,0.356315,0.365301,0.339604,0.359198,801854.9702776443,0
HIVE.V,D,20221125,000000,0.359095,0.378908,0.345923,0.364585,1577884.9532000239,0
HIVE.V,D,20221126,000000,0.364392,0.366487,0.357271,0.360687,382155.8982274402,0
HIVE.V,D,20221127,000000,0.360687,0.364111,0.358074,0.362575,373918.0648883534,0
HIVE.V,D,20221128,000000,0.36088,0.36088,0.338614,0.345665,648483.9937103724,0
HIVE.V,D,20221129,000000,0.346268,0.35328,0.343059,0.352166,390548.81689100934,0
HIVE.V,D,20221130,000000,0.352869,0.366837,0.351184,0.365822,676911.6154547223,0
HIVE.V,D,20221201,000000,0.365011,0.368029,0.357196,0.360522,232285.29522205773,0
HIVE.V,D,20221202,000000,0.360322,0.363751,0.349538,0.361822,534604.6880878027,0
HIVE.V,D,20221203,000000,0.362222,0.369326,0.355943,0.361772,423807.5577464331,0
HIVE.V,D,20221204,000000,0.361536,0.377075,0.357571,0.368737,1462232.8082433231,0
HIVE.V,D,20221205,000000,0.369274,0.380538,0.358321,0.361011,988923.1276101028,0
HIVE.V,D,20221206,000000,0.360911,0.362311,0.356032,0.359096,348051.71302764566,0
HIVE.V,D,20221207,000000,0.3599,0.3626,0.337124,0.3412,1113197.7560901977,0
HIVE.V,D,20221208,000000,0.342603,0.362336,0.3382,0.348224,1857516.5651275078,0
HIVE.V,D,20221209,000000,0.348524,0.354225,0.347717,0.348717,348223.55044444196,0
HIVE.V,D,20221210,000000,0.348617,0.3571,0.347197,0.355393,396397.8346981595,0
HIVE.V,D,20221211,000000,0.356896,0.3576,0.35017,0.35017,357754.11626335786,0
HIVE.V,D,20221212,000000,0.349935,0.352135,0.332607,0.341424,307346.387237567,0
HIVE.V,D,20221213,000000,0.341724,0.348335,0.328785,0.347313,330044.13660395105,0
HIVE.V,D,20221214,000000,0.347417,0.351633,0.34162,0.345024,423178.8127244737,0
HIVE.V,D,20221215,000000,0.3441,0.345435,0.333933,0.333933,189879.8722554359,0
HIVE.V,D,20221216,000000,0.333533,0.337434,0.30063,0.30063,413007.9010116579,0
HIVE.V,D,20221217,000000,0.30013,0.30106,0.274236,0.287737,639523.9474534676,0
HIVE.V,D,20221218,000000,0.288135,0.298015,0.28412,0.291838,327586.69638113654,0
HIVE.V,D,20221219,000000,0.291438,0.308749,0.2619,0.264,1028775.7228218352,0
HIVE.V,D,20221220,000000,0.263997,0.293832,0.263003,0.288523,743963.0088240522,0
HIVE.V,D,20221221,000000,0.290512,0.32,0.285509,0.291415,2660465.987845612,0
HIVE.V,D,20221222,000000,0.290915,0.304403,0.28396,0.29115,921847.4911609975,0
HIVE.V,D,20221223,000000,0.291353,0.301215,0.288554,0.298067,629370.9274978607,0
HIVE.V,D,20221224,000000,0.298967,0.349469,0.297179,0.312587,4976427.6206477005,0
HIVE.V,D,20221225,000000,0.311078,0.311781,0.297567,0.300061,564900.1992453384,0
HIVE.V,D,20221226,000000,0.300164,0.301067,0.289071,0.292436,373842.9454079233,0
HIVE.V,D,20221227,000000,0.293347,0.294438,0.28259,0.284098,325601.502494199,0
HIVE.V,D,20221228,000000,0.283884,0.285183,0.263776,0.265459,659309.7593378109,0
HIVE.V,D,20221229,000000,0.264657,0.267364,0.25437,0.26118,595958.2205509631,0
HIVE.V,D,20221230,000000,0.260683,0.263179,0.249075,0.255167,1194544.0996916182,0
HIVE.V,D,20221231,000000,0.255275,0.266167,0.253576,0.258268,720917.5171770967,0
HIVE.V,D,20230101,000000,0.258768,0.260393,0.25507,0.26008,110068.28934608391,0
HIVE.V,D,20230102,000000,0.260783,0.265089,0.256597,0.264315,216917.64590050883,0
HIVE.V,D,20230103,000000,0.264615,0.265412,0.259691,0.263702,220997.5788522523,0
HIVE.V,D,20230104,000000,0.264397,0.282784,0.263897,0.271908,2043355.335911436,0
HIVE.V,D,20230105,000000,0.27211,0.273812,0.266415,0.269198,243329.8466992061,0
HIVE.V,D,20230106,000000,0.269403,0.269892,0.258297,0.267217,523001.34033023147,0
HIVE.V,D,20230107,000000,0.267414,0.270524,0.267412,0.26833,146812.41549683205,0
HIVE.V,D,20230108,000000,0.268433,0.273945,0.267055,0.272959,205896.22797136108,0
HIVE.V,D,20230109,000000,0.273051,0.291083,0.272848,0.287997,509933.85834238294,0
HIVE.V,D,20230110,000000,0.2878,0.312372,0.281786,0.289641,1686054.2020128306,0
HIVE.V,D,20230111,000000,0.289941,0.313094,0.289343,0.302997,1275525.3792076646,0
HIVE.V,D,20230112,000000,0.302982,0.309122,0.292885,0.306231,640758.9028855354,0
HIVE.V,D,20230113,000000,0.305631,0.321742,0.304354,0.319329,1342669.8066624743,0
HIVE.V,D,20230114,000000,0.319122,0.349149,0.316732,0.339314,1316828.4217619032,0
HIVE.V,D,20230115,000000,0.338534,0.399056,0.338534,0.355307,5699626.430301771,0
HIVE.V,D,20230116,000000,0.356003,0.394718,0.343928,0.358504,2859962.9690841567,0
HIVE.V,D,20230117,000000,0.358707,0.363704,0.348077,0.36134,545451.9334160329,0
HIVE.V,D,20230118,000000,0.360436,0.461769,0.35845,0.368778,9710255.189864783,0
HIVE.V,D,20230119,000000,0.370678,0.370678,0.34529,0.364889,2143780.789450392,0
HIVE.V,D,20230120,000000,0.364426,0.380869,0.357589,0.380265,1014926.1027007255,0
HIVE.V,D,20230121,000000,0.380368,0.390763,0.376664,0.384261,778244.1456825436,0
HIVE.V,D,20230122,000000,0.383861,0.400076,0.378068,0.389078,843076.8549441702,0
HIVE.V,D,20230123,000000,0.388678,0.395251,0.383735,0.393059,600008.7218263946,0
HIVE.V,D,20230124,000000,0.393163,0.405941,0.385015,0.385512,1087821.5753837987,0
HIVE.V,D,20230125,000000,0.385631,0.394771,0.362269,0.384365,1670802.281709144,0
HIVE.V,D,20230126,000000,0.386566,0.392359,0.380827,0.388123,493951.1816644088,0
HIVE.V,D,20230127,000000,0.388135,0.430912,0.386658,0.418646,4411080.652640349,0
HIVE.V,D,20230128,000000,0.419843,0.430172,0.401292,0.407481,1180837.2071926692,0
HIVE.V,D,20230129,000000,0.40779,0.419288,0.403077,0.412121,711668.8098784862,0
HIVE.V,D,20230130,000000,0.413308,0.417013,0.377719,0.382827,2471701.824943012,0
HIVE.V,D,20230131,000000,0.382327,0.391912,0.377274,0.389939,595376.8381699022,0
HIVE.V,D,20230201,000000,0.389023,0.404128,0.372204,0.403924,830656.1964307623,0
HIVE.V,D,20230202,000000,0.403524,0.426077,0.40006,0.408278,1792767.3273689926,0
HIVE.V,D,20230203,000000,0.41079,0.425609,0.406241,0.42313,1323652.9672703126,0
HIVE.V,D,20230204,000000,0.423238,0.626031,0.422334,0.542149,38451609.130275406,0
HIVE.V,D,20230205,000000,0.542343,0.552644,0.456923,0.468217,15024145.371720769,0
HIVE.V,D,20230206,000000,0.469617,0.47932,0.441909,0.450118,4388145.734359592,0
HIVE.V,D,20230207,000000,0.450018,0.455932,0.437217,0.452532,2883105.805955586,0
HIVE.V,D,20230208,000000,0.456995,0.461428,0.4461,0.448022,1606540.2973487885,0
HIVE.V,D,20230209,000000,0.4421,0.456582,0.413107,0.414741,699177.1524926239,0
HIVE.V,D,20230210,000000,0.414941,0.43841,0.414541,0.43206,606000.8851826023,0
HIVE.V,D,20230211,000000,0.432169,0.439853,0.430052,0.438344,494621.8498905208,0
HIVE.V,D,20230212,000000,0.438244,0.443235,0.428964,0.432326,1028179.5747791867,0
HIVE.V,D,20230213,000000,0.432043,0.432882,0.398195,0.409125,1264550.9205974422,0
HIVE.V,D,20230214,000000,0.408925,0.423182,0.39946,0.421664,945517.3763121064,0
HIVE.V,D,20230215,000000,0.421368,0.451577,0.419413,0.450277,1504774.6236877271,0
HIVE.V,D,20230216,000000,0.449881,0.469366,0.436083,0.437449,2152301.977985253,0
HIVE.V,D,20230217,000000,0.436657,0.462042,0.433143,0.457641,993306.5089308433,0
HIVE.V,D,20230218,000000,0.45896,0.465784,0.452181,0.462074,974029.0211397862,0
HIVE.V,D,20230219,000000,0.462179,0.466975,0.452227,0.465107,740479.7369011305,0
HIVE.V,D,20230220,000000,0.464702,0.488493,0.454223,0.487444,1542558.4734801757,0
HIVE.V,D,20230221,000000,0.487434,0.508763,0.464193,0.471785,3173352.5729907984,0
HIVE.V,D,20230222,000000,0.470985,0.484282,0.449245,0.463937,598847.9016034923,0
HIVE.V,D,20230223,000000,0.464105,0.470638,0.455891,0.463128,363830.93958033185,0
HIVE.V,D,20230224,000000,0.463674,0.571214,0.463674,0.484695,13879882.980502374,0
HIVE.V,D,20230225,000000,0.48529,0.50682,0.451959,0.463132,3236973.495067235,0
HIVE.V,D,20230226,000000,0.462932,0.464933,0.452941,0.459537,577892.862515181,0
HIVE.V,D,20230227,000000,0.460141,0.462128,0.445145,0.453223,413145.9890754136,0
HIVE.V,D,20230228,000000,0.452523,0.458637,0.446204,0.449299,592833.8508774188,0
HIVE.V,D,20230301,000000,0.44889,0.461318,0.444658,0.458255,433178.01832862874,0
HIVE.V,D,20230302,000000,0.458769,0.460551,0.430987,0.44154,574174.8317774099,0
HIVE.V,D,20230303,000000,0.441809,0.450541,0.39746,0.419029,1536301.8807820166,0
HIVE.V,D,20230304,000000,0.419538,0.422834,0.408837,0.413933,493798.6980686994,0
HIVE.V,D,20230305,000000,0.414133,0.421021,0.412121,0.415046,456136.68171672244,0
HIVE.V,D,20230306,000000,0.41335,0.415004,0.395132,0.405176,1326475.1511374938,0
HIVE.V,D,20230307,000000,0.407259,0.4076,0.382985,0.385615,487215.7438000946,0
HIVE.V,D,20230308,000000,0.385388,0.39804,0.375185,0.375185,683287.8887383242,0
HIVE.V,D,20230309,000000,0.375447,0.376866,0.336329,0.343234,1466574.2408581895,0
HIVE.V,D,20230310,000000,0.342734,0.345624,0.323974,0.343643,957171.0686295386,0
HIVE.V,D,20230311,000000,0.344332,0.36043,0.3327,0.342679,1100253.8747906918,0
HIVE.V,D,20230312,000000,0.342415,0.361996,0.334879,0.359595,787673.3992049617,0
HIVE.V,D,20230313,000000,0.359359,0.397235,0.35768,0.393178,856911.2891742638,0
HIVE.V,D,20230314,000000,0.392842,0.419697,0.383451,0.409155,1380287.4388438952,0
HIVE.V,D,20230315,000000,0.411249,0.417209,0.380832,0.393298,603994.9641622175,0
HIVE.V,D,20230316,000000,0.392619,0.404945,0.390981,0.404865,534951.0517649126,0
HIVE.V,D,20230317,000000,0.404088,0.429986,0.402123,0.429986,821869.2311937016,0
HIVE.V,D,20230318,000000,0.429846,0.433102,0.413614,0.421875,606910.2225353222,0
HIVE.V,D,20230319,000000,0.42136,0.434177,0.412327,0.433204,550262.4947074169,0
HIVE.V,D,20230320,000000,0.432699,0.542585,0.432188,0.456054,19857796.910697956,0
HIVE.V,D,20230321,000000,0.455456,0.456652,0.394366,0.413716,3212373.5088474904,0
HIVE.V,D,20230322,000000,0.413916,0.415455,0.383132,0.386649,1383389.257325222,0
HIVE.V,D,20230323,000000,0.38668,0.403867,0.385766,0.40074,737201.5961910362,0
HIVE.V,D,20230324,000000,0.401137,0.403141,0.385797,0.387106,586703.1712291137,0
HIVE.V,D,20230325,000000,0.38753,0.397789,0.38577,0.390979,499494.7083503843,0
HIVE.V,D,20230326,000000,0.39039,0.396861,0.387776,0.394245,358490.4935174639,0
HIVE.V,D,20230327,000000,0.394451,0.397341,0.366846,0.373876,546505.1679824681,0
HIVE.V,D,20230328,000000,0.372975,0.383604,0.368647,0.379344,635878.8124179158,0
HIVE.V,D,20230329,000000,0.379548,0.3999,0.378959,0.399252,403870.39590120176,0
HIVE.V,D,20230330,000000,0.39878,0.463202,0.398115,0.421018,10503254.54939491,0
HIVE.V,D,20230331,000000,0.421518,0.422014,0.395319,0.411886,1260371.766308263,0
HIVE.V,D,20230401,000000,0.412582,0.424061,0.410285,0.416254,579839.5213427546,0
HIVE.V,D,20230402,000000,0.417171,0.419072,0.400872,0.406656,641421.4469398638,0
HIVE.V,D,20230403,000000,0.406652,0.449293,0.394878,0.400556,5440698.568898807,0
HIVE.V,D,20230404,000000,0.402369,0.412169,0.398479,0.408904,497255.26347954274,0
HIVE.V,D,20230405,000000,0.409204,0.425257,0.404433,0.424857,1273645.2468808594,0
HIVE.V,D,20230406,000000,0.424348,0.498244,0.424306,0.434752,18775374.352472834,0
HIVE.V,D,20230407,000000,0.434456,0.437018,0.413168,0.421616,1849099.4220208463,0
HIVE.V,D,20230408,000000,0.421412,0.424075,0.415712,0.417867,784953.9023677005,0
HIVE.V,D,20230409,000000,0.418363,0.419414,0.409319,0.418647,666716.0884191042,0
HIVE.V,D,20230410,000000,0.419089,0.423596,0.411289,0.421841,853216.3421919905,0
HIVE.V,D,20230411,000000,0.422333,0.426667,0.420698,0.423519,546299.9185198826,0
HIVE.V,D,20230412,000000,0.423419,0.429216,0.412075,0.418126,633774.9086035066,0
HIVE.V,D,20230413,000000,0.418022,0.430869,0.414456,0.426822,829266.3875116316,0
HIVE.V,D,20230414,000000,0.427306,0.438882,0.426324,0.435935,689939.4693683614,0
HIVE.V,D,20230415,000000,0.436153,0.439931,0.431605,0.438694,294594.1149174458,0
HIVE.V,D,20230416,000000,0.43839,0.458171,0.437176,0.456215,1102895.6036607558,0
HIVE.V,D,20230417,000000,0.456014,0.48665,0.443044,0.447606,4242240.229977472,0
HIVE.V,D,20230418,000000,0.447364,0.490279,0.447364,0.466279,7372845.2808339335,0
HIVE.V,D,20230419,000000,0.465875,0.487817,0.43076,0.434922,1960666.60220234,0
HIVE.V,D,20230420,000000,0.435435,0.438557,0.418863,0.422734,1287758.6288125033,0
HIVE.V,D,20230421,000000,0.42283,0.433943,0.41285,0.416858,931111.0825875286,0
HIVE.V,D,20230422,000000,0.416154,0.419295,0.408608,0.417838,772686.3733231078,0
HIVE.V,D,20230423,000000,0.418138,0.423334,0.407794,0.411021,388275.9523726021,0
HIVE.V,D,20230424,000000,0.410804,0.425634,0.39362,0.404412,1263438.595255625,0
HIVE.V,D,20230425,000000,0.405212,0.410878,0.391427,0.409694,887864.0600890593,0
HIVE.V,D,20230426,000000,0.409598,0.421287,0.391251,0.404141,666861.2531054346,0
HIVE.V,D,20230427,000000,0.404529,0.412045,0.39924,0.410156,503746.308384884,0
HIVE.V,D,20230428,000000,0.409931,0.428037,0.401993,0.410116,863061.2001862297,0
HIVE.V,D,20230429,000000,0.410011,0.413048,0.406004,0.413039,262206.3589085433,0
HIVE.V,D,20230430,000000,0.413444,0.421027,0.408845,0.412535,440131.8564946499,0
HIVE.V,D,20230501,000000,0.412231,0.41407,0.394316,0.396403,278847.87574458215,0
HIVE.V,D,20230502,000000,0.396207,0.401937,0.390904,0.401149,348068.03801839915,0
HIVE.V,D,20230503,000000,0.400844,0.402153,0.388559,0.398508,473317.0929987489,0
HIVE.V,D,20230504,000000,0.398892,0.413879,0.396235,0.402349,622406.6869811777,0
HIVE.V,D,20230505,000000,0.402849,0.410589,0.399696,0.409172,517857.52008073713,0
HIVE.V,D,20230506,000000,0.406874,0.410949,0.393417,0.398893,345298.01385866385,0
HIVE.V,D,20230507,000000,0.399394,0.400399,0.391649,0.396363,197021.01137951834,0
HIVE.V,D,20230508,000000,0.395566,0.39577,0.365774,0.368999,325182.26640689117,0
HIVE.V,D,20230509,000000,0.36908,0.374011,0.3643,0.371471,485475.32440021046,0
HIVE.V,D,20230510,000000,0.370567,0.392031,0.370567,0.381982,1256211.360796191,0
HIVE.V,D,20230511,000000,0.381481,0.384246,0.357357,0.361625,434480.2500024456,0
HIVE.V,D,20230512,000000,0.361361,0.363863,0.346546,0.360588,525468.8066472253,0
HIVE.V,D,20230513,000000,0.360688,0.37959,0.360688,0.369285,800019.4910263771,0
HIVE.V,D,20230514,000000,0.371486,0.371523,0.358215,0.362717,328060.1967949066,0
HIVE.V,D,20230515,000000,0.364118,0.369796,0.363482,0.367457,181308.73041979552,0
HIVE.V,D,20230516,000000,0.367257,0.380066,0.359816,0.364646,525853.5398979518,0
HIVE.V,D,20230517,000000,0.364846,0.371386,0.361781,0.370248,241544.05838556637,0
HIVE.V,D,20230518,000000,0.369585,0.373049,0.363445,0.366447,142430.12514147683,0
HIVE.V,D,20230519,000000,0.365346,0.36831,0.364582,0.366406,128659.89020909205,0
HIVE.V,D,20230520,000000,0.366483,0.379152,0.366056,0.368568,522900.4180501935,0
HIVE.V,D,20230521,000000,0.368832,0.368832,0.363118,0.363718,178929.98328182063,0
HIVE.V,D,20230522,000000,0.364118,0.364519,0.352676,0.360916,239914.12862943482,0
HIVE.V,D,20230523,000000,0.36074,0.367437,0.357786,0.363522,258930.36257230522,0
HIVE.V,D,20230524,000000,0.363433,0.364129,0.342366,0.345983,287645.2263224097,0
HIVE.V,D,20230525,000000,0.346679,0.347697,0.340366,0.34591,212623.3615086955,0
HIVE.V,D,20230526,000000,0.345607,0.348808,0.343531,0.34678,361124.7172324849,0
HIVE.V,D,20230527,000000,0.34668,0.349436,0.345924,0.349436,166679.54339681167,0
HIVE.V,D,20230528,000000,0.34934,0.354281,0.348139,0.354081,151043.8658952543,0
HIVE.V,D,20230529,000000,0.354278,0.358904,0.352174,0.353603,202835.2562797819,0
HIVE.V,D,20230530,000000,0.353402,0.354682,0.350688,0.353942,221414.98061661015,0
HIVE.V,D,20230531,000000,0.353241,0.355207,0.340592,0.342351,294590.1399710215,0
HIVE.V,D,20230601,000000,0.342662,0.34439,0.337078,0.339592,195884.22010010044,0
HIVE.V,D,20230602,000000,0.338995,0.346494,0.334274,0.34519,389426.48204116244,0
HIVE.V,D,20230603,000000,0.344797,0.348008,0.341633,0.344734,285962.01198566135,0
HIVE.V,D,20230604,000000,0.344831,0.348591,0.343406,0.347415,219294.8399231138,0
HIVE.V,D,20230605,000000,0.347111,0.352949,0.315473,0.318896,1368249.1550066161,0
HIVE.V,D,20230606,000000,0.318095,0.329149,0.30944,0.328092,739904.7026164499,0
HIVE.V,D,20230607,000000,0.328795,0.346976,0.32361,0.324736,1798392.9821034044,0
HIVE.V,D,20230608,000000,0.325636,0.341968,0.321032,0.33576,2028706.01132563,0
HIVE.V,D,20230609,000000,0.33606,0.342865,0.321536,0.329337,825045.334405757,0
HIVE.V,D,20230610,000000,0.328941,0.330297,0.278434,0.286966,893720.1551617676,0
HIVE.V,D,20230611,000000,0.286866,0.299444,0.286766,0.295818,451644.38590249844,0
HIVE.V,D,20230612,000000,0.296318,0.30123,0.286983,0.296712,962945.2274795538,0
HIVE.V,D,20230613,000000,0.296812,0.2991,0.290845,0.294462,599642.2971133471,0
HIVE.V,D,20230614,000000,0.29425,0.2977,0.280044,0.282775,290692.10938126454,0
HIVE.V,D,20230615,000000,0.282977,0.287366,0.27106,0.281566,900564.7525252633,0
HIVE.V,D,20230616,000000,0.280958,0.284424,0.274975,0.284278,459444.9506760392,0
HIVE.V,D,20230617,000000,0.284875,0.290547,0.283413,0.288382,276924.4370196137,0
HIVE.V,D,20230618,000000,0.287882,0.311647,0.287882,0.295632,2624910.856588059,0
HIVE.V,D,20230619,000000,0.295532,0.296226,0.288267,0.293709,701964.6424085546,0
HIVE.V,D,20230620,000000,0.294179,0.298445,0.285883,0.297048,368979.51240698114,0
HIVE.V,D,20230621,000000,0.297248,0.311503,0.297248,0.310631,570665.6885908911,0
HIVE.V,D,20230622,000000,0.311031,0.323713,0.309685,0.315366,767173.6395033576,0
HIVE.V,D,20230623,000000,0.315966,0.343548,0.315663,0.32829,3170589.4275633427,0
HIVE.V,D,20230624,000000,0.328093,0.341439,0.32769,0.336912,455229.2409374866,0
HIVE.V,D,20230625,000000,0.337195,0.346411,0.334287,0.34411,617684.5965299382,0
HIVE.V,D,20230626,000000,0.3444,0.366428,0.334564,0.335567,1504260.533717931,0
HIVE.V,D,20230627,000000,0.335484,0.340965,0.32858,0.33566,541041.1285001059,0
HIVE.V,D,20230628,000000,0.336164,0.33801,0.314603,0.317194,589672.5124927679,0
HIVE.V,D,20230629,000000,0.316971,0.321732,0.312756,0.316856,535894.8348491743,0
HIVE.V,D,20230630,000000,0.316362,0.33616,0.311888,0.32409,1350085.4325944635,0
HIVE.V,D,20230701,000000,0.324886,0.3347,0.320575,0.334697,570948.6137799,0
HIVE.V,D,20230702,000000,0.334997,0.337383,0.328974,0.333213,470149.0522225876,0
HIVE.V,D,20230703,000000,0.33293,0.338068,0.3306,0.336203,578838.6311385348,0
HIVE.V,D,20230704,000000,0.33602,0.340999,0.33044,0.340572,378445.52049409045,0
HIVE.V,D,20230705,000000,0.340468,0.345003,0.32969,0.33545,816096.4981050679,0
HIVE.V,D,20230706,000000,0.335054,0.341793,0.320126,0.326571,606149.9184208126,0
HIVE.V,D,20230707,000000,0.326374,0.32803,0.318219,0.32371,370393.69044943975,0
HIVE.V,D,20230708,000000,0.323826,0.326226,0.318725,0.320354,250725.62357273366,0
HIVE.V,D,20230709,000000,0.320038,0.335354,0.320035,0.328556,762506.183285668,0
HIVE.V,D,20230710,000000,0.329163,0.33363,0.31991,0.331323,868090.2839645034,0
HIVE.V,D,20230711,000000,0.329726,0.382319,0.328843,0.349607,8959032.547032822,0
HIVE.V,D,20230712,000000,0.349914,0.355814,0.342907,0.350372,1376002.0112222538,0
HIVE.V,D,20230713,000000,0.351193,0.367263,0.343269,0.356843,1180186.86802791,0
HIVE.V,D,20230714,000000,0.357639,0.383407,0.357639,0.364371,2652538.654695369,0
HIVE.V,D,20230715,000000,0.363978,0.389917,0.35814,0.380414,1877923.1194871452,0
HIVE.V,D,20230716,000000,0.38021,0.383711,0.36798,0.372571,463700.0822516411,0
HIVE.V,D,20230717,000000,0.372675,0.396506,0.356875,0.362765,2311057.663399733,0
HIVE.V,D,20230718,000000,0.362862,0.366759,0.34649,0.351277,342282.2460365453,0
HIVE.V,D,20230719,000000,0.350681,0.360936,0.350063,0.358996,447045.71900713706,0
HIVE.V,D,20230720,000000,0.3584,0.363896,0.349968,0.352568,427728.69269208086,0
HIVE.V,D,20230721,000000,0.352854,0.356979,0.3504,0.355704,661120.1456236969,0
HIVE.V,D,20230722,000000,0.356307,0.365144,0.356304,0.36444,247582.7297940611,0
HIVE.V,D,20230723,000000,0.364636,0.371233,0.363147,0.368093,325602.1571121106,0
HIVE.V,D,20230724,000000,0.368889,0.371678,0.347013,0.35304,397342.4929236638,0
HIVE.V,D,20230725,000000,0.353451,0.354865,0.341166,0.353775,505216.42642932833,0
HIVE.V,D,20230726,000000,0.354682,0.357289,0.347762,0.356111,274189.0489604837,0
HIVE.V,D,20230727,000000,0.356111,0.361811,0.353665,0.357914,365009.65163996775,0
HIVE.V,D,20230728,000000,0.3581,0.366689,0.35308,0.366393,320084.3101750357,0
HIVE.V,D,20230729,000000,0.366393,0.3768,0.364989,0.3768,422275.7963839575,0
HIVE.V,D,20230730,000000,0.376396,0.383308,0.359404,0.364267,736780.2600589409,0
HIVE.V,D,20230731,000000,0.363671,0.402615,0.362146,0.365242,2851922.26266757,0
HIVE.V,D,20230801,000000,0.364864,0.370656,0.351512,0.361116,462934.07387873885,0
HIVE.V,D,20230802,000000,0.361019,0.365017,0.350575,0.353099,212771.783356781,0
HIVE.V,D,20230803,000000,0.353395,0.354594,0.347459,0.35381,143992.31912522117,0
HIVE.V,D,20230804,000000,0.352814,0.354423,0.343776,0.344976,335889.52599727584,0
HIVE.V,D,20230805,000000,0.344776,0.351272,0.344576,0.349319,250488.34414571922,0
HIVE.V,D,20230806,000000,0.349384,0.351156,0.343559,0.345183,169667.78735274845,0
HIVE.V,D,20230807,000000,0.345216,0.347873,0.339091,0.34451,175148.72382870252,0
HIVE.V,D,20230808,000000,0.344789,0.348127,0.339971,0.345648,186005.38373561247,0
HIVE.V,D,20230809,000000,0.346551,0.357671,0.342605,0.343422,586680.3310257037,0
HIVE.V,D,20230810,000000,0.344004,0.344559,0.341737,0.343236,116523.82002660075,0
HIVE.V,D,20230811,000000,0.343735,0.348719,0.34254,0.345619,476010.8080518287,0
HIVE.V,D,20230812,000000,0.346022,0.347809,0.343907,0.347302,102691.98019634323,0
HIVE.V,D,20230813,000000,0.348002,0.348101,0.345341,0.346333,185371.07323364008,0
HIVE.V,D,20230814,000000,0.34603,0.349387,0.342888,0.345406,565114.0053923184,0
HIVE.V,D,20230815,000000,0.345302,0.34667,0.332431,0.33283,570658.9104663522,0
HIVE.V,D,20230816,000000,0.33292,0.333323,0.308357,0.308657,655271.2117717821,0
HIVE.V,D,20230817,000000,0.309253,0.313898,0.26799,0.271802,811898.0673495107,0
HIVE.V,D,20230818,000000,0.273457,0.290889,0.273255,0.290275,737641.5357252684,0
HIVE.V,D,20230819,000000,0.290675,0.293921,0.288416,0.292615,157729.21160283833,0
HIVE.V,D,20230820,000000,0.292515,0.30144,0.290539,0.294794,402274.9671128843,0
HIVE.V,D,20230821,000000,0.295179,0.296976,0.28588,0.290468,442400.1055299822,0
HIVE.V,D,20230822,000000,0.290456,0.291747,0.277708,0.278008,313287.8230733995,0
HIVE.V,D,20230823,000000,0.278405,0.298018,0.278303,0.289145,745676.3399274631,0
HIVE.V,D,20230824,000000,0.289442,0.296652,0.285249,0.287556,606381.1322568288,0
HIVE.V,D,20230825,000000,0.287836,0.296311,0.28658,0.29024,630851.7196732371,0
HIVE.V,D,20230826,000000,0.292445,0.294029,0.290817,0.292442,168050.64406783768,0
HIVE.V,D,20230827,000000,0.292551,0.293453,0.289961,0.292045,124859.22604867493,0
HIVE.V,D,20230828,000000,0.291863,0.292956,0.28188,0.285854,290578.6220327828,0
HIVE.V,D,20230829,000000,0.286348,0.295382,0.280703,0.294156,341244.4507057941,0
HIVE.V,D,20230830,000000,0.29505,0.295479,0.285254,0.287,222266.32514303987,0
HIVE.V,D,20230831,000000,0.2875,0.287732,0.273464,0.274056,287574.06158636813,0
HIVE.V,D,20230901,000000,0.273967,0.278519,0.264686,0.267861,318137.0437488566,0
HIVE.V,D,20230902,000000,0.268274,0.279547,0.265089,0.273473,411996.0375836997,0
HIVE.V,D,20230903,000000,0.274273,0.279067,0.271765,0.275045,270943.59602499043,0
HIVE.V,D,20230904,000000,0.27525,0.278119,0.272513,0.273318,275537.2741337369,0
HIVE.V,D,20230905,000000,0.272535,0.274946,0.269136,0.274357,571811.2144219787,0
HIVE.V,D,20230906,000000,0.273866,0.277439,0.271272,0.274432,349413.2207226762,0
HIVE.V,D,20230907,000000,0.274635,0.278264,0.272739,0.277259,286856.42096406,0
HIVE.V,D,20230908,000000,0.276773,0.282079,0.272505,0.274964,215814.16571765277,0
HIVE.V,D,20230909,000000,0.275361,0.27732,0.273591,0.27702,194346.74801909,0
HIVE.V,D,20230910,000000,0.277311,0.277611,0.270659,0.274698,167710.4557057736,0
HIVE.V,D,20230911,000000,0.273899,0.282576,0.264376,0.264618,1347626.5285729025,0
HIVE.V,D,20230912,000000,0.264805,0.271246,0.264231,0.269284,305020.4497242302,0
HIVE.V,D,20230913,000000,0.269276,0.277083,0.267276,0.277083,179034.6345239552,0
HIVE.V,D,20230914,000000,0.277058,0.293112,0.276017,0.290007,861234.2337742893,0
HIVE.V,D,20230915,000000,0.291193,0.297909,0.285626,0.297909,463873.14510709216,0
HIVE.V,D,20230916,000000,0.297788,0.306803,0.294132,0.30013,532900.4979787186,0
HIVE.V,D,20230917,000000,0.300227,0.300739,0.286071,0.286972,375789.20433810406,0
HIVE.V,D,20230918,000000,0.286769,0.292756,0.279645,0.288046,256137.0192561336,0
HIVE.V,D,20230919,000000,0.288443,0.293441,0.286354,0.293441,185603.6687890755,0
HIVE.V,D,20230920,000000,0.29325,0.297997,0.288323,0.297718,443031.1142328056,0
HIVE.V,D,20230921,000000,0.297518,0.300706,0.28658,0.290088,443513.48619029677,0
HIVE.V,D,20230922,000000,0.289891,0.298985,0.288086,0.297479,455721.8222358499,0
HIVE.V,D,20230923,000000,0.297879,0.298591,0.295076,0.297721,139872.41848397505,0
HIVE.V,D,20230924,000000,0.297221,0.310003,0.294724,0.297212,759580.1263474097,0
HIVE.V,D,20230925,000000,0.296912,0.298627,0.289262,0.295585,625809.7127981237,0
HIVE.V,D,20230926,000000,0.295982,0.297508,0.289604,0.292151,166777.99688156118,0
HIVE.V,D,20230927,000000,0.29196,0.294164,0.288084,0.290385,67402.0031433986,0
HIVE.V,D,20230928,000000,0.290885,0.298279,0.288749,0.2976,131184.26426643098,0
HIVE.V,D,20230929,000000,0.297976,0.30067,0.295185,0.298367,147174.7230030111,0
HIVE.V,D,20230930,000000,0.298167,0.303312,0.29777,0.30176,175858.41365175034,0
HIVE.V,D,20231001,000000,0.301357,0.30434,0.300727,0.302736,93668.61490543849,0
HIVE.V,D,20231002,000000,0.303333,0.308038,0.295289,0.295289,73780.36323856273,0
HIVE.V,D,20231003,000000,0.295886,0.3062,0.294356,0.300388,300502.1371802979,0
HIVE.V,D,20231004,000000,0.300724,0.311112,0.293609,0.308115,593496.4080383893,0
HIVE.V,D,20231005,000000,0.308315,0.313197,0.300445,0.302885,264157.7032149821,0
HIVE.V,D,20231006,000000,0.301982,0.30668,0.297457,0.306226,210417.13182048083,0
HIVE.V,D,20231007,000000,0.306426,0.313772,0.305362,0.312972,400896.3139947317,0
HIVE.V,D,20231008,000000,0.312678,0.313779,0.304625,0.311574,238002.15221271012,0
HIVE.V,D,20231009,000000,0.311474,0.313278,0.296765,0.30066,232474.69627374317,0
HIVE.V,D,20231010,000000,0.300463,0.300927,0.294935,0.29723,157288.2409175745,0
HIVE.V,D,20231011,000000,0.29673,0.297827,0.284443,0.287328,65149.82692655696,0
HIVE.V,D,20231012,000000,0.288119,0.290516,0.284346,0.287791,86163.09128436494,0
HIVE.V,D,20231013,000000,0.288393,0.292109,0.2858,0.291633,85392.37560896119,0
HIVE.V,D,20231014,000000,0.291339,0.296138,0.289028,0.29278,452823.59928231104,0
HIVE.V,D,20231015,000000,0.292482,0.300785,0.289097,0.298712,369923.4429112868,0
HIVE.V,D,20231016,000000,0.298812,0.302839,0.295412,0.300323,522262.0799515239,0
HIVE.V,D,20231017,000000,0.30032,0.307129,0.30032,0.30571,213937.911263608,0
HIVE.V,D,20231018,000000,0.306113,0.307823,0.297507,0.299669,268112.5590215887,0
HIVE.V,D,20231019,000000,0.300166,0.300739,0.287432,0.294618,250819.64347577223,0
HIVE.V,D,20231020,000000,0.294418,0.305661,0.292343,0.304925,278248.2863570998,0
HIVE.V,D,20231021,000000,0.305225,0.318524,0.304546,0.315755,439527.2810971613,0
HIVE.V,D,20231022,000000,0.315955,0.335154,0.312375,0.327908,1095523.9144403213,0
HIVE.V,D,20231023,000000,0.326811,0.332506,0.317999,0.326863,651265.5274838463,0
HIVE.V,D,20231024,000000,0.32737,0.342744,0.324294,0.33276,579463.7323850172,0
HIVE.V,D,20231025,000000,0.33256,0.344728,0.329026,0.341085,353461.7900064094,0
HIVE.V,D,20231026,000000,0.341382,0.342565,0.320406,0.328103,425494.1862928348,0
HIVE.V,D,20231027,000000,0.328907,0.330663,0.321461,0.324868,180999.81515866081,0
HIVE.V,D,20231028,000000,0.324578,0.331933,0.323061,0.331656,115036.30807840622,0
HIVE.V,D,20231029,000000,0.33096,0.345904,0.329159,0.345021,389346.4000076102,0
HIVE.V,D,20231030,000000,0.344824,0.345417,0.334294,0.34451,184882.39603855633,0
HIVE.V,D,20231031,000000,0.344317,0.345135,0.325995,0.338042,126135.87282024557,0
HIVE.V,D,20231101,000000,0.337342,0.347035,0.328079,0.34481,327483.816533791,0
HIVE.V,D,20231102,000000,0.345407,0.357311,0.335964,0.348545,602879.182659201,0
HIVE.V,D,20231103,000000,0.348145,0.350863,0.336201,0.348536,286322.66102015565,0
HIVE.V,D,20231104,000000,0.349029,0.365204,0.345145,0.364912,670809.1157817292,0
HIVE.V,D,20231105,000000,0.365008,0.365323,0.351788,0.359087,345904.1613865506,0
HIVE.V,D,20231106,000000,0.35888,0.363902,0.350673,0.363902,154238.64354784778,0
HIVE.V,D,20231107,000000,0.363798,0.363802,0.353206,0.360162,144143.7339742362,0
HIVE.V,D,20231108,000000,0.359973,0.376487,0.358161,0.376287,407590.3777405169,0
HIVE.V,D,20231109,000000,0.375786,0.389664,0.356521,0.372463,576128.5696981256,0
HIVE.V,D,20231110,000000,0.371771,0.379982,0.364644,0.379894,237121.31485793935,0
HIVE.V,D,20231111,000000,0.379501,0.382396,0.366924,0.381495,282648.14643179043,0
HIVE.V,D,20231112,000000,0.381003,0.392253,0.36841,0.386755,572738.8602284637,0
HIVE.V,D,20231113,000000,0.386251,0.389237,0.370448,0.373508,411232.8291138919,0
HIVE.V,D,20231114,000000,0.373505,0.375983,0.358436,0.366848,266853.47510105796,0
HIVE.V,D,20231115,000000,0.366251,0.376339,0.356653,0.37465,243391.5822945141,0
HIVE.V,D,20231116,000000,0.376188,0.377107,0.358475,0.36484,118748.19152319386,0
HIVE.V,D,20231117,000000,0.364244,0.36997,0.353221,0.369722,177959.85015633306,0
HIVE.V,D,20231118,000000,0.369422,0.375947,0.345652,0.360176,425912.3124407966,0
HIVE.V,D,20231119,000000,0.359876,0.365286,0.353598,0.364664,93981.9605223606,0
HIVE.V,D,20231120,000000,0.365057,0.367139,0.360409,0.36185,250369.14728157764,0
HIVE.V,D,20231121,000000,0.36215,0.363736,0.322823,0.324723,309940.05540524196,0
HIVE.V,D,20231122,000000,0.324326,0.348001,0.320787,0.346811,369985.27587058523,0
HIVE.V,D,20231123,000000,0.346004,0.349442,0.339188,0.348249,190125.1241659783,0
HIVE.V,D,20231124,000000,0.348149,0.353119,0.345066,0.352199,238344.89063798636,0
HIVE.V,D,20231125,000000,0.351795,0.358415,0.348071,0.357411,165028.7085472175,0
HIVE.V,D,20231126,000000,0.357607,0.358801,0.344852,0.35043,192992.84483613202,0
HIVE.V,D,20231127,000000,0.351433,0.378938,0.345128,0.371907,2268850.5647686734,0
HIVE.V,D,20231128,000000,0.371507,0.373293,0.351632,0.364811,623747.6965748561,0
HIVE.V,D,20231129,000000,0.365012,0.371508,0.356936,0.366648,802079.7409778463,0
HIVE.V,D,20231130,000000,0.366051,0.366151,0.350052,0.356632,521615.9388973523,0
HIVE.V,D,20231201,000000,0.355864,0.359844,0.353167,0.359144,269033.8082420639,0
HIVE.V,D,20231202,000000,0.360344,0.366306,0.357779,0.363467,126532.72922479502,0
HIVE.V,D,20231203,000000,0.363964,0.364957,0.355539,0.359626,167089.90925902835,0
HIVE.V,D,20231204,000000,0.359344,0.366221,0.352962,0.358036,278875.34172271227,0
HIVE.V,D,20231205,000000,0.358714,0.37063,0.358125,0.366333,205386.21967457066,0
HIVE.V,D,20231206,000000,0.366544,0.369474,0.354343,0.36614,851257.8768620187,0
HIVE.V,D,20231207,000000,0.365615,0.376696,0.359858,0.37213,430844.20909802127,0
HIVE.V,D,20231208,000000,0.372327,0.38343,0.369241,0.381226,350382.6659716047,0
HIVE.V,D,20231209,000000,0.381722,0.389009,0.378925,0.386,231405.34192475333,0
HIVE.V,D,20231210,000000,0.386,0.386193,0.36877,0.378411,277060.75977474306,0
HIVE.V,D,20231211,000000,0.378511,0.378511,0.343401,0.350321,512574.8426488262,0
HIVE.V,D,20231212,000000,0.350335,0.356086,0.347008,0.351145,421130.04895863944,0
HIVE.V,D,20231213,000000,0.351645,0.362329,0.338082,0.359383,356602.69425418176,0
HIVE.V,D,20231214,000000,0.359768,0.366559,0.351414,0.365959,177317.76565011736,0
HIVE.V,D,20231215,000000,0.366059,0.366566,0.352515,0.354832,244095.72534143267,0
HIVE.V,D,20231216,000000,0.354839,0.358245,0.347083,0.355415,207785.5936355418,0
HIVE.V,D,20231217,000000,0.355012,0.356825,0.348868,0.350738,89229.33761869195,0
HIVE.V,D,20231218,000000,0.350539,0.350539,0.324904,0.342597,286825.289227082,0
HIVE.V,D,20231219,000000,0.342797,0.351666,0.338327,0.342825,246655.84720328837,0
HIVE.V,D,20231220,000000,0.343525,0.357186,0.338898,0.353014,223072.77389649223,0
HIVE.V,D,20231221,000000,0.353714,0.357064,0.349731,0.356268,181943.33803468107,0
HIVE.V,D,20231222,000000,0.356668,0.359784,0.35126,0.358987,203834.02194553002,0
HIVE.V,D,20231223,000000,0.359087,0.363045,0.355527,0.363045,161433.6311963173,0
HIVE.V,D,20231224,000000,0.362881,0.364508,0.356031,0.357436,373547.10396031436,0
HIVE.V,D,20231225,000000,0.357028,0.36927,0.352866,0.369081,266771.08992031636,0
HIVE.V,D,20231226,000000,0.370181,0.370181,0.350405,0.361764,403776.33266909345,0
HIVE.V,D,20231227,000000,0.361867,0.37113,0.355093,0.369529,289967.42730162054,0
HIVE.V,D,20231228,000000,0.369596,0.372461,0.358232,0.362678,355209.607211636,0
HIVE.V,D,20231229,000000,0.362256,0.370418,0.35426,0.357468,336662.7638329399,0
HIVE.V,D,20231230,000000,0.357275,0.364582,0.355707,0.360789,293223.3768232235,0
HIVE.V,D,20231231,000000,0.360489,0.368941,0.358143,0.360935,379392.9154210097,0
HIVE.V,D,20240101,000000,0.362513,0.371052,0.358464,0.36937,357759.7566352398,0
HIVE.V,D,20240102,000000,0.369474,0.384904,0.3688,0.371941,599802.182648249,0
HIVE.V,D,20240103,000000,0.371741,0.378229,0.33301,0.355231,750298.4490168855,0
HIVE.V,D,20240104,000000,0.354738,0.364364,0.343837,0.355444,334757.90468575485,0
HIVE.V,D,20240105,000000,0.355315,0.35775,0.342102,0.349076,176445.07262691643,0
HIVE.V,D,20240106,000000,0.348675,0.356825,0.341327,0.349309,525084.0690868372,0
HIVE.V,D,20240107,000000,0.34951,0.355138,0.338717,0.338917,392519.6686904277,0
HIVE.V,D,20240108,000000,0.339217,0.344206,0.313282,0.343405,654713.2336615567,0
HIVE.V,D,20240109,000000,0.343806,0.344779,0.318438,0.326001,186111.53050875332,0
HIVE.V,D,20240110,000000,0.32572,0.340931,0.314288,0.339899,507237.40178384626,0
HIVE.V,D,20240111,000000,0.340789,0.34893,0.33358,0.341417,537321.0192304379,0
HIVE.V,D,20240112,000000,0.341724,0.348249,0.322764,0.325295,268272.53051200975,0
HIVE.V,D,20240113,000000,0.324998,0.332957,0.318711,0.33212,200036.38244099298,0
HIVE.V,D,20240114,000000,0.33212,0.333327,0.327407,0.328642,118568.99173384097,0
HIVE.V,D,20240115,000000,0.328542,0.334399,0.322767,0.329297,186461.6655019254,0
HIVE.V,D,20240116,000000,0.329693,0.347745,0.328473,0.341062,396710.58217931044,0
HIVE.V,D,20240117,000000,0.340546,0.370696,0.338653,0.344683,1496935.701847276,0
HIVE.V,D,20240118,000000,0.344855,0.354987,0.320773,0.327968,653426.2864100033,0
HIVE.V,D,20240119,000000,0.327972,0.330852,0.309269,0.322181,213373.41722520927,0
HIVE.V,D,20240120,000000,0.32278,0.323422,0.314876,0.320734,208516.5257727746,0
HIVE.V,D,20240121,000000,0.320637,0.323496,0.318374,0.319998,129705.99614559858,0
HIVE.V,D,20240122,000000,0.319205,0.320001,0.303006,0.304674,182645.76565241875,0
HIVE.V,D,20240123,000000,0.304474,0.308591,0.288919,0.298434,233784.1460534777,0
HIVE.V,D,20240124,000000,0.298937,0.307618,0.295884,0.305941,257297.29351198717,0
HIVE.V,D,20240125,000000,0.305541,0.311572,0.30432,0.308034,283799.658579464,0
HIVE.V,D,20240126,000000,0.308034,0.316043,0.305414,0.315224,209342.02675313182,0
HIVE.V,D,20240127,000000,0.314631,0.315131,0.311,0.313697,160021.93915481173,0
HIVE.V,D,20240128,000000,0.3138,0.315427,0.309544,0.310553,206337.55369063342,0
HIVE.V,D,20240129,000000,0.310353,0.314297,0.306517,0.314,250195.04768606144,0
HIVE.V,D,20240130,000000,0.313803,0.314691,0.310297,0.311903,230415.32926945144,0
HIVE.V,D,20240131,000000,0.310997,0.311197,0.300735,0.302431,217100.55296746307,0
HIVE.V,D,20240201,000000,0.302331,0.303185,0.294646,0.300513,205810.03037265124,0
HIVE.V,D,20240202,000000,0.300416,0.302461,0.29932,0.301452,130061.13259626506,0
HIVE.V,D,20240203,000000,0.30114,0.307065,0.299532,0.305696,268458.4211622618,0
HIVE.V,D,20240204,000000,0.305127,0.305896,0.298196,0.299474,262081.70662219924,0
HIVE.V,D,20240205,000000,0.299371,0.302409,0.294961,0.296417,126271.88159596668,0
HIVE.V,D,20240206,000000,0.296018,0.301107,0.295924,0.301107,141487.94800027373,0
HIVE.V,D,20240207,000000,0.301007,0.303027,0.293433,0.30204,159138.77768344997,0
HIVE.V,D,20240208,000000,0.302336,0.305688,0.300934,0.304361,105277.42307631722,0
HIVE.V,D,20240209,000000,0.304364,0.314867,0.303048,0.314292,188477.66426029912,0
HIVE.V,D,20240210,000000,0.314789,0.314992,0.309523,0.312087,125178.72860871415,0
HIVE.V,D,20240211,000000,0.312291,0.321919,0.31179,0.314588,371993.9209293388,0
HIVE.V,D,20240212,000000,0.314391,0.319066,0.309115,0.318731,290407.74470112374,0
HIVE.V,D,20240213,000000,0.31874,0.320332,0.31005,0.314022,351061.8399904529,0
HIVE.V,D,20240214,000000,0.314326,0.334017,0.312065,0.321999,1222126.8414238114,0
HIVE.V,D,20240215,000000,0.321502,0.327885,0.315894,0.325083,573835.5859021946,0
HIVE.V,D,20240216,000000,0.324682,0.329563,0.321454,0.326451,504817.9589021027,0
HIVE.V,D,20240217,000000,0.326351,0.328495,0.317627,0.325775,329958.5599882222,0
HIVE.V,D,20240218,000000,0.325775,0.328289,0.3212,0.327136,284207.0983770779,0
HIVE.V,D,20240219,000000,0.327339,0.341948,0.323449,0.33528,923324.1226315019,0
HIVE.V,D,20240220,000000,0.335681,0.34002,0.322323,0.333267,1179575.2700467173,0
HIVE.V,D,20240221,000000,0.333267,0.366355,0.331663,0.342224,2402098.957066219,0
HIVE.V,D,20240222,000000,0.3427,0.343914,0.330783,0.339388,483592.42306250613,0
HIVE.V,D,20240223,000000,0.340091,0.340191,0.32868,0.330154,347604.6345487495,0
HIVE.V,D,20240224,000000,0.330154,0.334503,0.327977,0.3329,198408.48271239255,0
HIVE.V,D,20240225,000000,0.3328,0.337797,0.328493,0.334283,537352.97090371,0
HIVE.V,D,20240226,000000,0.334497,0.338969,0.321868,0.337316,417757.04974011815,0
HIVE.V,D,20240227,000000,0.336832,0.342568,0.330502,0.336935,566878.5856697276,0
HIVE.V,D,20240228,000000,0.336935,0.352991,0.332269,0.346642,674690.9697078449,0
HIVE.V,D,20240229,000000,0.346943,0.372775,0.34189,0.354209,1088533.5213162568,0
HIVE.V,D,20240301,000000,0.354738,0.389604,0.35467,0.389199,630603.5685004622,0
HIVE.V,D,20240302,000000,0.389099,0.40418,0.383879,0.403771,537910.3232762218,0
HIVE.V,D,20240303,000000,0.403795,0.414803,0.376372,0.412281,865248.0204185197,0
HIVE.V,D,20240304,000000,0.413286,0.456269,0.397059,0.421964,2105145.0253543956,0
HIVE.V,D,20240305,000000,0.422464,0.435996,0.369657,0.388768,844776.0686365359,0
HIVE.V,D,20240306,000000,0.388868,0.407024,0.368406,0.406223,1284119.6990545816,0
HIVE.V,D,20240307,000000,0.405899,0.453704,0.403201,0.435426,1749586.075813036,0
HIVE.V,D,20240308,000000,0.435526,0.445245,0.419924,0.439017,752061.7358465324,0
HIVE.V,D,20240309,000000,0.438516,0.446857,0.430707,0.437051,539321.3678246087,0
HIVE.V,D,20240310,000000,0.436746,0.441782,0.426101,0.427819,282531.71415503486,0
HIVE.V,D,20240311,000000,0.427023,0.456491,0.417859,0.456491,974859.2487133263,0
HIVE.V,D,20240312,000000,0.457087,0.494939,0.427443,0.464533,2121135.268206107,0
HIVE.V,D,20240313,000000,0.464933,0.474338,0.444102,0.466629,938689.9943821281,0
HIVE.V,D,20240314,000000,0.465633,0.495282,0.434643,0.466237,1503543.9415195321,0
HIVE.V,D,20240315,000000,0.465637,0.491833,0.414938,0.44124,1332353.410121919,0
HIVE.V,D,20240316,000000,0.44174,0.44374,0.397622,0.398865,734166.3699494506,0
HIVE.V,D,20240317,000000,0.399164,0.409575,0.367875,0.404981,1067472.6749796467,0
HIVE.V,D,20240318,000000,0.405897,0.407984,0.37501,0.384477,650825.0280701171,0
HIVE.V,D,20240319,000000,0.383577,0.391034,0.340474,0.346295,993929.5609049947,0
HIVE.V,D,20240320,000000,0.346495,0.38158,0.333547,0.380796,817350.57192401,0
HIVE.V,D,20240321,000000,0.390837,0.393388,0.382174,0.388707,514175.3401664528,0
HIVE.V,D,20240322,000000,0.388611,0.406567,0.366745,0.373382,1421775.2401314606,0
HIVE.V,D,20240323,000000,0.373982,0.3949,0.373982,0.3897,859252.7133912884,0
HIVE.V,D,20240324,000000,0.3891,0.398,0.378091,0.395976,773871.9845256075,0
HIVE.V,D,20240325,000000,0.395376,0.41424,0.392429,0.410757,1655116.1916781298,0
HIVE.V,D,20240326,000000,0.410962,0.438688,0.409541,0.434804,3168874.832324464,0
HIVE.V,D,20240327,000000,0.434804,0.4842,0.428347,0.437447,5756657.532353202,0
HIVE.V,D,20240328,000000,0.437138,0.442093,0.417953,0.441793,1923205.2940351728,0
HIVE.V,D,20240329,000000,0.441593,0.443953,0.422268,0.439911,2620232.0902565075,0
HIVE.V,D,20240330,000000,0.440107,0.444567,0.419939,0.421164,2770984.8833969696,0
HIVE.V,D,20240331,000000,0.420764,0.430483,0.418159,0.424751,1286145.448285021,0
HIVE.V,D,20240401,000000,0.425047,0.435935,0.392976,0.405954,1064493.2007104503,0
HIVE.V,D,20240402,000000,0.40595,0.407159,0.365468,0.371649,957826.799363506,0
HIVE.V,D,20240403,000000,0.371148,0.391857,0.360879,0.376909,1461969.0828383307,0
HIVE.V,D,20240404,000000,0.377006,0.397199,0.368633,0.391394,880295.4038092626,0
HIVE.V,D,20240405,000000,0.392194,0.402781,0.372493,0.388051,1601165.2662681772,0
HIVE.V,D,20240406,000000,0.38792,0.410903,0.382868,0.407402,2734599.852501919,0
HIVE.V,D,20240407,000000,0.407402,0.412691,0.40314,0.406037,1222411.1409556377,0
HIVE.V,D,20240408,000000,0.406837,0.424862,0.399788,0.420979,2512859.9810240734,0
HIVE.V,D,20240409,000000,0.421475,0.422683,0.39576,0.402619,1264569.7572729927,0
HIVE.V,D,20240410,000000,0.402615,0.406,0.384273,0.404888,1079174.4914693865,0
HIVE.V,D,20240411,000000,0.404588,0.416004,0.39758,0.410629,1077899.088254848,0
HIVE.V,D,20240412,000000,0.409829,0.419121,0.351435,0.358407,1310592.2466518471,0
HIVE.V,D,20240413,000000,0.357604,0.360859,0.293081,0.303145,1548357.0896303968,0
HIVE.V,D,20240414,000000,0.303446,0.327364,0.299646,0.316095,778033.5160379406,0
HIVE.V,D,20240415,000000,0.316095,0.340371,0.304352,0.310853,702000.6168016276,0
HIVE.V,D,20240416,000000,0.309653,0.318564,0.300035,0.317964,508925.35024917976,0
HIVE.V,D,20240417,000000,0.318164,0.318764,0.297391,0.306066,523896.75088400993,0
HIVE.V,D,20240418,000000,0.306066,0.317759,0.29936,0.316295,520214.7219481793,0
HIVE.V,D,20240419,000000,0.316595,0.324268,0.296497,0.3217,746071.8711627206,0
HIVE.V,D,20240420,000000,0.322506,0.345383,0.314029,0.341502,821467.2425332704,0
HIVE.V,D,20240421,000000,0.342103,0.345252,0.328326,0.331253,1660766.7539214082,0
HIVE.V,D,20240422,000000,0.331356,0.340995,0.329159,0.340102,617507.8406918471,0
HIVE.V,D,20240423,000000,0.340102,0.345266,0.335157,0.343697,350422.15354680753,0
HIVE.V,D,20240424,000000,0.34289,0.368511,0.332597,0.33699,1582690.8193899998,0
HIVE.V,D,20240425,000000,0.33709,0.376715,0.323419,0.337204,3445231.4271462723,0
HIVE.V,D,20240426,000000,0.337404,0.350325,0.325065,0.3323,1022004.3033736597,0
HIVE.V,D,20240427,000000,0.332467,0.332467,0.315174,0.324608,336835.5748986122,0
HIVE.V,D,20240428,000000,0.324508,0.331334,0.319168,0.322606,402633.8007588722,0
HIVE.V,D,20240429,000000,0.3234,0.3234,0.313043,0.3195,537250.1586449599,0
HIVE.V,D,20240430,000000,0.319504,0.327318,0.300574,0.306102,846533.6508839334,0
HIVE.V,D,20240501,000000,0.306301,0.308604,0.293615,0.304443,572552.3648564137,0
HIVE.V,D,20240502,000000,0.304443,0.318206,0.300596,0.316013,475861.2767817678,0
HIVE.V,D,20240503,000000,0.316213,0.327005,0.313131,0.321035,883030.7741230975,0
HIVE.V,D,20240504,000000,0.321635,0.323932,0.316166,0.317929,1119030.9616802572,0
HIVE.V,D,20240505,000000,0.317932,0.323229,0.312638,0.318235,443117.39092850685,0
HIVE.V,D,20240506,000000,0.318335,0.3259,0.314113,0.317003,447758.3822155912,0
HIVE.V,D,20240507,000000,0.317403,0.322861,0.312587,0.31909,301289.5213008318,0
HIVE.V,D,20240508,000000,0.31899,0.31909,0.307563,0.3135,380082.1702424315,0
HIVE.V,D,20240509,000000,0.313999,0.315936,0.306165,0.314553,269902.7154060264,0
HIVE.V,D,20240510,000000,0.31435,0.320762,0.301909,0.302909,517284.59526034363,0
HIVE.V,D,20240511,000000,0.302709,0.384619,0.300425,0.36572,11694615.809299024,0
HIVE.V,D,20240512,000000,0.36532,0.37515,0.332674,0.335859,4164532.387186144,0
HIVE.V,D,20240513,000000,0.336255,0.336255,0.308217,0.316168,2081232.3098111623,0
HIVE.V,D,20240514,000000,0.316165,0.316449,0.301907,0.30449,727767.2503509396,0
HIVE.V,D,20240515,000000,0.30439,0.321338,0.300417,0.315793,840375.4127817008,0
HIVE.V,D,20240516,000000,0.315286,0.317027,0.304485,0.310628,739100.7908814079,0
HIVE.V,D,20240517,000000,0.311325,0.318831,0.306618,0.316908,229106.0806432446,0
HIVE.V,D,20240518,000000,0.317108,0.317208,0.310415,0.311356,431052.6670454872,0
HIVE.V,D,20240519,000000,0.312253,0.352535,0.311856,0.317281,4978632.492903464,0
HIVE.V,D,20240520,000000,0.317181,0.327134,0.305,0.326824,1022641.2688708476,0
HIVE.V,D,20240521,000000,0.327128,0.33153,0.319304,0.320829,796484.048963371,0
HIVE.V,D,20240522,000000,0.320717,0.325532,0.316065,0.320462,352517.52788695507,0
HIVE.V,D,20240523,000000,0.320862,0.321262,0.303578,0.3124,312647.69211291993,0
HIVE.V,D,20240524,000000,0.3122,0.316251,0.307608,0.314562,244093.98259017736,0
HIVE.V,D,20240525,000000,0.314662,0.319952,0.314043,0.319236,211334.58742172614,0
HIVE.V,D,20240526,000000,0.319136,0.320382,0.314615,0.318511,280826.58072246384,0
HIVE.V,D,20240527,000000,0.318579,0.325368,0.314211,0.321172,603926.0574842512,0
HIVE.V,D,20240528,000000,0.320872,0.320872,0.310483,0.319378,708803.8490547495,0
HIVE.V,D,20240529,000000,0.319278,0.319777,0.313384,0.31825,565710.2221682338,0
HIVE.V,D,20240530,000000,0.318246,0.318575,0.306636,0.307389,1186611.1766434002,0
HIVE.V,D,20240531,000000,0.307292,0.307489,0.298558,0.302642,503441.1206809121,0
HIVE.V,D,20240601,000000,0.302939,0.305628,0.300248,0.305428,214048.19245487518,0
HIVE.V,D,20240602,000000,0.305927,0.306427,0.299223,0.300741,244807.86593684074,0
HIVE.V,D,20240603,000000,0.300735,0.306239,0.297225,0.299352,711822.7516727066,0
HIVE.V,D,20240604,000000,0.299252,0.308697,0.292007,0.3072,576353.0286407479,0
HIVE.V,D,20240605,000000,0.3071,0.310928,0.303479,0.310431,433532.8115150404,0
HIVE.V,D,20240606,000000,0.310428,0.313403,0.30277,0.307498,768101.980476465,0
HIVE.V,D,20240607,000000,0.307002,0.313712,0.28697,0.290689,799688.5140144296,0
HIVE.V,D,20240608,000000,0.290093,0.293765,0.280196,0.281169,861508.1258341535,0
HIVE.V,D,20240609,000000,0.281366,0.289671,0.278472,0.288557,403698.53836527833,0
HIVE.V,D,20240610,000000,0.288529,0.290559,0.280419,0.282224,424107.48406665603,0
HIVE.V,D,20240611,000000,0.282324,0.285766,0.265365,0.273143,801822.9194670126,0
HIVE.V,D,20240612,000000,0.273143,0.28202,0.264074,0.274909,608926.3809524125,0
HIVE.V,D,20240613,000000,0.274709,0.283092,0.2634,0.264894,694475.152672029,0
HIVE.V,D,20240614,000000,0.264994,0.269117,0.253048,0.258619,672233.7072000676,0
HIVE.V,D,20240615,000000,0.258619,0.2737,0.253948,0.256154,1078876.2578401475,0
HIVE.V,D,20240616,000000,0.255454,0.257251,0.247195,0.247502,425399.2864147591,0
HIVE.V,D,20240617,000000,0.247702,0.250265,0.212872,0.222797,1199778.1341194105,0
HIVE.V,D,20240618,000000,0.222797,0.232358,0.20056,0.207186,2929874.723681241,0
HIVE.V,D,20240619,000000,0.207186,0.215759,0.20582,0.210016,847171.2725495861,0
HIVE.V,D,20240620,000000,0.209816,0.220212,0.209416,0.213837,450294.61883927346,0
HIVE.V,D,20240621,000000,0.214348,0.218671,0.208262,0.213266,612628.4666355585,0
HIVE.V,D,20240622,000000,0.213667,0.263032,0.212674,0.232809,11843356.778524851,0
HIVE.V,D,20240623,000000,0.232484,0.240044,0.216896,0.219149,2065962.103587004,0
HIVE.V,D,20240624,000000,0.219049,0.248351,0.213038,0.225435,5382850.916017438,0
HIVE.V,D,20240625,000000,0.226235,0.236782,0.224345,0.229659,1596637.0882605666,0
HIVE.V,D,20240626,000000,0.229947,0.230129,0.217237,0.221951,1763919.506256918,0
HIVE.V,D,20240627,000000,0.222031,0.222777,0.213301,0.220586,795609.9303086239,0
HIVE.V,D,20240628,000000,0.220708,0.222572,0.217237,0.217868,503798.847364319,0
HIVE.V,D,20240629,000000,0.217766,0.220771,0.215448,0.216429,518904.119687632,0
HIVE.V,D,20240630,000000,0.216631,0.221856,0.21295,0.219169,568958.2621349932,0
HIVE.V,D,20240701,000000,0.219557,0.222983,0.2153,0.218158,741272.2901213521,0
HIVE.V,D,20240702,000000,0.217667,0.217878,0.213254,0.214257,497847.4603213505,0
HIVE.V,D,20240703,000000,0.214157,0.215674,0.202974,0.206071,346069.76370637654,0
HIVE.V,D,20240704,000000,0.205871,0.222555,0.186847,0.190093,3094733.478259609,0
HIVE.V,D,20240705,000000,0.190092,0.190493,0.167098,0.183909,990778.8403670733,0
HIVE.V,D,20240706,000000,0.183517,0.19449,0.182122,0.193806,373386.0253068822,0
HIVE.V,D,20240707,000000,0.194304,0.200664,0.187168,0.188572,715941.4938824751,0
HIVE.V,D,20240708,000000,0.188679,0.196057,0.181086,0.193896,630993.6439360013,0
HIVE.V,D,20240709,000000,0.194083,0.202788,0.193775,0.201896,479230.00662936666,0
HIVE.V,D,20240710,000000,0.202296,0.20846,0.200698,0.204584,482347.08599669405,0
HIVE.V,D,20240711,000000,0.204786,0.211883,0.203594,0.206094,494323.30022669554,0
HIVE.V,D,20240712,000000,0.206194,0.207537,0.199902,0.206839,612232.5528123697,0
HIVE.V,D,20240713,000000,0.207139,0.228943,0.206341,0.215937,2601093.990478912,0
HIVE.V,D,20240714,000000,0.215939,0.217639,0.212579,0.21618,330028.1323647391,0
HIVE.V,D,20240715,000000,0.21678,0.220174,0.21396,0.219109,390571.17923496873,0
HIVE.V,D,20240716,000000,0.219109,0.221902,0.211772,0.219955,461123.03745984065,0
HIVE.V,D,20240717,000000,0.219955,0.223607,0.216241,0.217917,337659.4168667983,0
HIVE.V,D,20240718,000000,0.21802,0.2298,0.212868,0.213959,1819100.2804990576,0
HIVE.V,D,20240719,000000,0.214357,0.232449,0.214355,0.224094,1235990.2641853292,0
HIVE.V,D,20240720,000000,0.223896,0.233901,0.223623,0.233798,595614.4277833056,0
HIVE.V,D,20240721,000000,0.233998,0.236811,0.226013,0.232849,675476.4661384666,0
HIVE.V,D,20240722,000000,0.233447,0.233821,0.219804,0.223167,834067.5228014041,0
HIVE.V,D,20240723,000000,0.223167,0.22328,0.214319,0.219626,315410.6290570669,0
HIVE.V,D,20240724,000000,0.219324,0.227123,0.216976,0.218661,1017231.6464615795,0
HIVE.V,D,20240725,000000,0.218461,0.218461,0.207434,0.215235,352047.34844611096,0
HIVE.V,D,20240726,000000,0.215144,0.222284,0.207256,0.2214,936616.8520634879,0
HIVE.V,D,20240727,000000,0.220498,0.227239,0.220324,0.225495,159029.79562480512,0
HIVE.V,D,20240728,000000,0.225423,0.237574,0.219274,0.219778,1260162.3694833652,0
HIVE.V,D,20240729,000000,0.220078,0.227554,0.21848,0.220274,524660.8627785938,0
HIVE.V,D,20240730,000000,0.220476,0.23224,0.213234,0.214733,861603.2823180588,0
HIVE.V,D,20240731,000000,0.215043,0.219101,0.211398,0.213217,296785.3328633806,0
HIVE.V,D,20240801,000000,0.213023,0.214925,0.198721,0.20763,425043.81823748915,0
HIVE.V,D,20240802,000000,0.207334,0.210608,0.19162,0.193377,1025691.8809111813,0
HIVE.V,D,20240803,000000,0.193477,0.203751,0.181856,0.185683,596605.5698668938,0
HIVE.V,D,20240804,000000,0.185281,0.187987,0.17455,0.178348,542251.9063946015,0
HIVE.V,D,20240805,000000,0.178448,0.182231,0.146699,0.163931,1109748.329837945,0
HIVE.V,D,20240806,000000,0.163731,0.174268,0.163531,0.173766,502527.95876677654,0
HIVE.V,D,20240807,000000,0.173868,0.201577,0.170431,0.172516,3422517.3815385117,0
HIVE.V,D,20240808,000000,0.172017,0.183111,0.16752,0.182855,583848.302249159,0
HIVE.V,D,20240809,000000,0.182455,0.187236,0.18196,0.185057,243863.93610740785,0
HIVE.V,D,20240810,000000,0.185357,0.191236,0.184248,0.190836,249508.59752547953,0
HIVE.V,D,20240811,000000,0.190995,0.190995,0.18052,0.181418,317229.2070920709,0
HIVE.V,D,20240812,000000,0.181518,0.186365,0.177553,0.180018,319825.89641006605,0
HIVE.V,D,20240813,000000,0.180418,0.18384,0.178234,0.183322,365462.42621891195,0
HIVE.V,D,20240814,000000,0.18312,0.185952,0.177755,0.179116,325853.3395098588,0
HIVE.V,D,20240815,000000,0.179116,0.182,0.174817,0.176233,324316.8233376929,0
HIVE.V,D,20240816,000000,0.176133,0.17742,0.170729,0.174149,419592.3664267739,0
HIVE.V,D,20240817,000000,0.174422,0.178516,0.17314,0.178516,305503.112581846,0
HIVE.V,D,20240818,000000,0.1788,0.184131,0.176412,0.183135,493922.53827836295,0
HIVE.V,D,20240819,000000,0.183073,0.188934,0.179014,0.187739,1020365.9547546632,0
HIVE.V,D,20240820,000000,0.187641,0.191159,0.185341,0.1874,653939.3371290849,0
HIVE.V,D,20240821,000000,0.187402,0.192617,0.183413,0.192615,403226.0272349495,0
HIVE.V,D,20240822,000000,0.192615,0.192931,0.188428,0.19161,432714.89315391815,0
HIVE.V,D,20240823,000000,0.19151,0.200668,0.190619,0.200558,706111.3443912375,0
HIVE.V,D,20240824,000000,0.200558,0.204361,0.197807,0.20097,614933.4463909619,0
HIVE.V,D,20240825,000000,0.20057,0.204161,0.195466,0.197769,729055.0092961256,0
HIVE.V,D,20240826,000000,0.197769,0.200676,0.185435,0.186234,618896.7686566683,0
HIVE.V,D,20240827,000000,0.186033,0.190119,0.1778,0.178202,459007.73677764524,0
HIVE.V,D,20240828,000000,0.1785,0.182789,0.174516,0.176816,489497.4428566323,0
HIVE.V,D,20240829,000000,0.176916,0.18154,0.175416,0.176298,393577.25499715115,0
HIVE.V,D,20240830,000000,0.176096,0.179284,0.172669,0.177477,380632.3149502863,0
HIVE.V,D,20240831,000000,0.177377,0.178266,0.174788,0.175667,353760.13967255194,0
HIVE.V,D,20240901,000000,0.175618,0.19206,0.171569,0.171569,5242446.988013796,0
HIVE.V,D,20240902,000000,0.172169,0.172472,0.16428,0.170373,1265831.4947960065,0
HIVE.V,D,20240903,000000,0.170566,0.173479,0.164831,0.165754,622182.3711365763,0
HIVE.V,D,20240904,000000,0.165767,0.169605,0.156962,0.167778,382436.30470953515,0
HIVE.V,D,20240905,000000,0.167583,0.169881,0.163154,0.164839,473427.669233624,0
HIVE.V,D,20240906,000000,0.164641,0.169364,0.158817,0.160916,646711.6416349454,0
HIVE.V,D,20240907,000000,0.160916,0.166585,0.160321,0.164584,252442.16033776297,0
HIVE.V,D,20240908,000000,0.164751,0.166885,0.163276,0.166483,182017.14477768596,0
HIVE.V,D,20240909,000000,0.166967,0.173233,0.166333,0.173131,377646.1855156348,0
HIVE.V,D,20240910,000000,0.172931,0.176481,0.170393,0.175686,451951.671645986,0
HIVE.V,D,20240911,000000,0.175488,0.176391,0.170471,0.175116,357263.2113077429,0
HIVE.V,D,20240912,000000,0.174916,0.178279,0.174714,0.176486,370481.6498973632,0
HIVE.V,D,20240913,000000,0.176586,0.181181,0.175688,0.181072,369539.2919300562,0
HIVE.V,D,20240914,000000,0.181172,0.181309,0.178552,0.180633,207848.05592220003,0
HIVE.V,D,20240915,000000,0.180733,0.182033,0.174714,0.174902,584601.7937441898,0
HIVE.V,D,20240916,000000,0.17487,0.176865,0.168666,0.169468,403742.3897662341,0
HIVE.V,D,20240917,000000,0.169568,0.176611,0.169268,0.175716,297867.0287194206,0
HIVE.V,D,20240918,000000,0.175716,0.211925,0.175216,0.181805,8003137.270594474,0
HIVE.V,D,20240919,000000,0.182507,0.191619,0.180643,0.188825,1980136.6922926558,0
HIVE.V,D,20240920,000000,0.188421,0.198114,0.186922,0.194216,1114065.9737524332,0
HIVE.V,D,20240921,000000,0.194419,0.204818,0.194319,0.20472,1105229.4651780918,0
HIVE.V,D,20240922,000000,0.20472,0.210917,0.194918,0.1969,909034.1602439719,0
HIVE.V,D,20240923,000000,0.196014,0.203176,0.1942,0.202992,685395.8656869597,0
HIVE.V,D,20240924,000000,0.202492,0.206879,0.19818,0.202388,914800.3347789885,0
HIVE.V,D,20240925,000000,0.202588,0.20819,0.201362,0.202168,694420.5838597785,0
HIVE.V,D,20240926,000000,0.202168,0.241635,0.201466,0.216322,9053281.556705648,0
HIVE.V,D,20240927,000000,0.21692,0.222811,0.211728,0.216137,2249718.9994381047,0
HIVE.V,D,20240928,000000,0.216139,0.217924,0.209921,0.211223,340747.883522361,0
HIVE.V,D,20240929,000000,0.211358,0.214907,0.208683,0.213415,603507.2560091858,0
HIVE.V,D,20240930,000000,0.213657,0.214107,0.203065,0.204235,633497.9591259678,0
HIVE.V,D,20241001,000000,0.204734,0.206224,0.18605,0.190251,629824.3037593238,0
HIVE.V,D,20241002,000000,0.189952,0.191958,0.180853,0.181753,722425.9348505625,0
HIVE.V,D,20241003,000000,0.181451,0.185657,0.177375,0.181878,536145.0347862255,0
HIVE.V,D,20241004,000000,0.182178,0.201368,0.181269,0.195298,2189445.4533527475,0
HIVE.V,D,20241005,000000,0.194598,0.197196,0.192188,0.193569,358837.2910923278,0
HIVE.V,D,20241006,000000,0.1937,0.199664,0.192977,0.196967,359477.5471593057,0
HIVE.V,D,20241007,000000,0.19672,0.202045,0.195339,0.196741,1232830.421774829,0
HIVE.V,D,20241008,000000,0.196441,0.2007,0.193593,0.196558,453875.48722613143,0
HIVE.V,D,20241009,000000,0.196257,0.196357,0.189132,0.19234,392262.6667272289,0
HIVE.V,D,20241010,000000,0.19293,0.194359,0.185658,0.189395,354798.9306612769,0
HIVE.V,D,20241011,000000,0.189429,0.199454,0.188896,0.199072,441099.62765062944,0
HIVE.V,D,20241012,000000,0.198872,0.20054,0.198013,0.20044,301410.1475120186,0
HIVE.V,D,20241013,000000,0.20052,0.200938,0.191657,0.196319,514937.58331819094,0
HIVE.V,D,20241014,000000,0.19642,0.202797,0.193719,0.201168,537538.9869483736,0
HIVE.V,D,20241015,000000,0.20137,0.203712,0.195049,0.196549,631042.2903175168,0
HIVE.V,D,20241016,000000,0.196349,0.199858,0.195243,0.19776,249782.29101367274,0
HIVE.V,D,20241017,000000,0.197858,0.200958,0.193638,0.195032,562013.9668163504,0
HIVE.V,D,20241018,000000,0.194832,0.199476,0.19473,0.198376,234946.2173321206,0
HIVE.V,D,20241019,000000,0.198176,0.203068,0.198074,0.201954,305967.2754702629,0
HIVE.V,D,20241020,000000,0.201961,0.208035,0.19897,0.207831,405617.9076736008,0
HIVE.V,D,20241021,000000,0.207962,0.219428,0.198203,0.200516,1767757.2915228696,0
HIVE.V,D,20241022,000000,0.200518,0.200808,0.195469,0.199756,441075.48954687786,0
HIVE.V,D,20241023,000000,0.199356,0.202164,0.189035,0.192196,1688527.672841283,0
HIVE.V,D,20241024,000000,0.192096,0.193691,0.188106,0.192285,537142.920913766,0
HIVE.V,D,20241025,000000,0.192285,0.192682,0.185659,0.188859,254837.32322661855,0
HIVE.V,D,20241026,000000,0.188859,0.188959,0.179172,0.18326,449773.4806424125,0
HIVE.V,D,20241027,000000,0.183559,0.187143,0.182764,0.186342,249346.75575671403,0
HIVE.V,D,20241028,000000,0.186669,0.189773,0.180211,0.188675,367270.032614381,0
HIVE.V,D,20241029,000000,0.189068,0.195669,0.188464,0.19373,355469.8851179617,0
HIVE.V,D,20241030,000000,0.193338,0.194042,0.189849,0.190839,337788.2737733779,0
HIVE.V,D,20241031,000000,0.190839,0.191141,0.183352,0.183959,431623.2308169046,0
HIVE.V,D,20241101,000000,0.183959,0.185887,0.175297,0.176878,714657.3709330942,0
HIVE.V,D,20241102,000000,0.176878,0.178614,0.172447,0.174749,219866.80026030724,0
HIVE.V,D,20241103,000000,0.174651,0.174744,0.164946,0.169734,612773.1129385624,0
HIVE.V,D,20241104,000000,0.169632,0.171094,0.163784,0.16647,250387.63709438624,0
HIVE.V,D,20241105,000000,0.166333,0.17296,0.165696,0.170879,275974.68424338294,0
HIVE.V,D,20241106,000000,0.171379,0.185511,0.171379,0.185311,529913.2759590237,0
HIVE.V,D,20241107,000000,0.185511,0.190251,0.18379,0.187092,831306.9992744137,0
HIVE.V,D,20241108,000000,0.187394,0.192972,0.184548,0.191424,961888.6642630341,0
HIVE.V,D,20241109,000000,0.191122,0.192756,0.186115,0.192658,432318.9529835922,0
HIVE.V,D,20241110,000000,0.192856,0.207697,0.188791,0.202313,953317.8371064446,0
HIVE.V,D,20241111,000000,0.202413,0.208842,0.197354,0.20854,817372.9611623026,0
HIVE.V,D,20241112,000000,0.208642,0.22522,0.201949,0.21584,2871962.6620109496,0
HIVE.V,D,20241113,000000,0.21504,0.348245,0.213381,0.251376,57045585.448296085,0
HIVE.V,D,20241114,000000,0.251376,0.256623,0.219349,0.225227,10790001.579157274,0
HIVE.V,D,20241115,000000,0.226425,0.249407,0.218409,0.23397,7379895.061785918,0
HIVE.V,D,20241116,000000,0.234668,0.256177,0.234668,0.249385,3533796.9271411845,0
HIVE.V,D,20241117,000000,0.248887,0.254489,0.2347,0.236609,1106410.173827285,0
HIVE.V,D,20241118,000000,0.236809,0.249677,0.235631,0.247422,1384861.2095214422,0
HIVE.V,D,20241119,000000,0.247422,0.251326,0.240227,0.242005,785114.8487651949,0
HIVE.V,D,20241120,000000,0.241707,0.245533,0.226931,0.229961,815938.3105574886,0
HIVE.V,D,20241121,000000,0.230056,0.237183,0.222195,0.235223,524244.30561644526,0
HIVE.V,D,20241122,000000,0.233938,0.23916,0.229884,0.238545,508567.88211446203,0
HIVE.V,D,20241123,000000,0.239246,0.257663,0.239148,0.254374,626817.6133492044,0
HIVE.V,D,20241124,000000,0.254475,0.327791,0.252572,0.278979,13825931.063833958,0
HIVE.V,D,20241125,000000,0.279379,0.293796,0.268392,0.275123,1352022.6298106809,0
HIVE.V,D,20241126,000000,0.274464,0.289464,0.263013,0.285994,1284451.6176505212,0
HIVE.V,D,20241127,000000,0.285691,0.296296,0.279761,0.296296,761727.5071432311,0
HIVE.V,D,20241128,000000,0.296794,0.302572,0.285557,0.295412,582177.854213677,0
HIVE.V,D,20241129,000000,0.294615,0.299616,0.282223,0.298518,603626.1068286479,0
HIVE.V,D,20241130,000000,0.298318,0.29965,0.288887,0.296819,696228.6375916121,0
HIVE.V,D,20241201,000000,0.296619,0.301059,0.288573,0.300053,561141.5615230118,0
HIVE.V,D,20241202,000000,0.300253,0.30488,0.275503,0.295006,947091.5785034671,0
HIVE.V,D,20241203,000000,0.295203,0.309025,0.275594,0.307306,2113647.402521789,0
HIVE.V,D,20241204,000000,0.3072,0.340104,0.301002,0.328446,3535729.307790666,0
HIVE.V,D,20241205,000000,0.328543,0.335802,0.306168,0.323972,1549589.2289809457,0
HIVE.V,D,20241206,000000,0.323439,0.329945,0.306812,0.325565,725576.1801591932,0
HIVE.V,D,20241207,000000,0.324273,0.325904,0.314177,0.318022,881621.6336167068,0
HIVE.V,D,20241208,000000,0.318223,0.418688,0.317751,0.379612,28551325.99442184,0
HIVE.V,D,20241209,000000,0.380013,0.4541,0.373201,0.407822,19839619.105539728,0
HIVE.V,D,20241210,000000,0.406622,0.435278,0.311234,0.336765,7030551.154320922,0
HIVE.V,D,20241211,000000,0.337269,0.35169,0.281355,0.344672,5740891.1384300245,0
HIVE.V,D,20241212,000000,0.342671,0.360665,0.321015,0.334073,4466640.872374426,0
HIVE.V,D,20241213,000000,0.33365,0.336144,0.319845,0.328562,1192866.6862236478,0
HIVE.V,D,20241214,000000,0.328359,0.332027,0.305173,0.309472,1031519.6927109183,0
HIVE.V,D,20241215,000000,0.309772,0.316967,0.304064,0.311528,1090343.6589011701,0
HIVE.V,D,20241216,000000,0.311741,0.319714,0.29328,0.297983,1078807.2900096853,0
HIVE.V,D,20241217,000000,0.297883,0.29808,0.278586,0.279172,868904.3175109538,0
HIVE.V,D,20241218,000000,0.279172,0.280614,0.253038,0.254296,1099028.5323672774,0
HIVE.V,D,20241219,000000,0.253898,0.259331,0.229724,0.239738,1672501.309155027,0
HIVE.V,D,20241220,000000,0.239584,0.244543,0.210548,0.244036,958378.5533342347,0
HIVE.V,D,20241221,000000,0.244039,0.257474,0.234383,0.239956,1470535.6960679046,0
HIVE.V,D,20241222,000000,0.239756,0.403669,0.238167,0.337498,64897064.79582376,0
HIVE.V,D,20241223,000000,0.337798,0.398129,0.288943,0.359821,40132402.50565008,0
HIVE.V,D,20241224,000000,0.362317,0.388222,0.340688,0.355729,13246105.530184254,0
HIVE.V,D,20241225,000000,0.356329,0.363938,0.309122,0.311719,11423305.294546412,0
HIVE.V,D,20241226,000000,0.311423,0.368842,0.310867,0.333746,22354061.060854927,0
HIVE.V,D,20241227,000000,0.331438,0.344965,0.312643,0.319932,6760252.8124636635,0
HIVE.V,D,20241228,000000,0.320032,0.363069,0.315742,0.333568,18798508.989669036,0
HIVE.V,D,20241229,000000,0.333672,0.493874,0.333672,0.393032,112290914.44464113,0
HIVE.V,D,20241230,000000,0.394134,0.411134,0.342186,0.344971,20855353.06793143,0
HIVE.V,D,20241231,000000,0.344672,0.38967,0.334813,0.374203,27435086.224380463,0
HIVE.V,D,20250101,000000,0.374702,0.385435,0.348136,0.360149,8529105.25465292,0
HIVE.V,D,20250102,000000,0.360445,0.363698,0.343278,0.357738,5163946.946767662,0
HIVE.V,D,20250103,000000,0.358234,0.375061,0.350449,0.371066,4233256.514890775,0
HIVE.V,D,20250104,000000,0.371929,0.408641,0.363958,0.386034,12940539.503384948,0
HIVE.V,D,20250105,000000,0.385423,0.68315,0.385423,0.613347,170402590.2444365,0
HIVE.V,D,20250106,000000,0.610047,0.617096,0.512459,0.58767,46488792.09445664,0
HIVE.V,D,20250107,000000,0.588471,0.68969,0.588471,0.611514,66037507.30553574,0
HIVE.V,D,20250108,000000,0.612914,0.633673,0.539714,0.557527,18195239.12798222,0
HIVE.V,D,20250109,000000,0.557333,0.582543,0.491349,0.505165,11356141.514210755,0
HIVE.V,D,20250110,000000,0.50357,0.519248,0.461431,0.489397,9848742.345416138,0
HIVE.V,D,20250111,000000,0.488697,0.624875,0.487993,0.535743,63027845.87908155,0
HIVE.V,D,20250112,000000,0.536242,0.573688,0.51096,0.513786,18656996.866237067,0
HIVE.V,D,20250113,000000,0.513991,0.553806,0.455911,0.490994,10248392.143735489,0
HIVE.V,D,20250114,000000,0.490194,0.509186,0.474763,0.504688,6409556.161810136,0
HIVE.V,D,20250115,000000,0.504188,0.51211,0.479146,0.50962,4450771.614178325,0
HIVE.V,D,20250116,000000,0.509715,0.522916,0.478732,0.486883,4726026.930057013,0
HIVE.V,D,20250117,000000,0.487488,0.525442,0.483847,0.519166,5101022.267963184,0
HIVE.V,D,20250118,000000,0.519566,0.529464,0.469315,0.475267,3963037.4591853055,0
HIVE.V,D,20250119,000000,0.475362,0.479472,0.405661,0.412371,6582875.446729252,0
HIVE.V,D,20250120,000000,0.413224,0.431036,0.388468,0.404066,3192668.871288123,0
HIVE.V,D,20250121,000000,0.402932,0.411497,0.379563,0.40056,2056543.9068898107,0
HIVE.V,D,20250122,000000,0.400592,0.408859,0.388365,0.39301,1048133.1923050567,0
HIVE.V,D,20250123,000000,0.393006,0.400352,0.377113,0.391782,1190011.2627235383,0
HIVE.V,D,20250124,000000,0.392782,0.495415,0.388401,0.465933,42830570.35069339,0
HIVE.V,D,20250125,000000,0.463828,0.485356,0.431518,0.440421,8256322.746083417,0
HIVE.V,D,20250126,000000,0.439616,0.440016,0.412834,0.413034,2319142.4228933663,0
HIVE.V,D,20250127,000000,0.412838,0.467013,0.391304,0.413293,8172478.163329186,0
HIVE.V,D,20250128,000000,0.413397,0.426053,0.3924,0.396246,3252454.3364364454,0
HIVE.V,D,20250129,000000,0.397773,0.423156,0.392388,0.415083,3006769.648169286,0
HIVE.V,D,20250130,000000,0.414583,0.426645,0.405488,0.414237,3054025.6726324763,0
HIVE.V,D,20250131,000000,0.413841,0.419129,0.393031,0.395105,1443234.52317345,0
HIVE.V,D,20250201,000000,0.395089,0.401176,0.371711,0.373807,1055511.6694302657,0
HIVE.V,D,20250202,000000,0.37421,0.389422,0.316013,0.325402,1607360.6134716454,0
HIVE.V,D,20250203,000000,0.325309,0.372218,0.254424,0.345045,8253851.24101308,0
HIVE.V,D,20250204,000000,0.344848,0.349249,0.311549,0.320357,1063576.2985156472,0
HIVE.V,D,20250205,000000,0.32036,0.33402,0.307434,0.309325,844291.97031961,0
HIVE.V,D,20250206,000000,0.309825,0.317679,0.294932,0.298621,956586.6808181105,0
HIVE.V,D,20250207,000000,0.298421,0.315173,0.283217,0.290212,1112462.8713869166,0
HIVE.V,D,20250208,000000,0.289212,0.309628,0.289012,0.306946,765203.702988402,0
HIVE.V,D,20250209,000000,0.307725,0.365069,0.304346,0.327549,12087263.036064042,0
HIVE.V,D,20250210,000000,0.326836,0.335537,0.31686,0.324555,1213597.4328918948,0
HIVE.V,D,20250211,000000,0.323858,0.331143,0.304648,0.308966,1168753.4802970788,0
HIVE.V,D,20250212,000000,0.309263,0.347437,0.308363,0.32632,8484081.31239643,0
HIVE.V,D,20250213,000000,0.325816,0.32651,0.306318,0.311706,1020348.8592706801,0
HIVE.V,D,20250214,000000,0.311706,0.330436,0.311028,0.318857,2057199.60929092,0
HIVE.V,D,20250215,000000,0.319451,0.363636,0.316428,0.33113,7830557.485318859,0
