<TICKER>,<PER>,<DATE>,<TIME>,<OPEN>,<HIGH>,<LOW>,<CLOSE>,<VOL>,<OPENINT>
ILV.V,D,20220514,000000,309.6128,311.23,289.42,305.3014,921.3971128479,0
ILV.V,D,20220515,000000,304.9025,321.0643,298.7911,319.576,1049.0218624702,0
ILV.V,D,20220516,000000,319.8357,324.0682,294.606,303.4051,1086.2659960512,0
ILV.V,D,20220517,000000,303.485,316.7412,296.6239,308.809,1383.7104945528,0
ILV.V,D,20220518,000000,308.7481,313.3721,284.5596,289.7029,1169.9515767064,0
ILV.V,D,20220519,000000,288.9649,302.0574,278.6872,296.2731,1402.4162728903,0
ILV.V,D,20220520,000000,296.683,305.2156,284.5381,290.2013,1422.7599914802,0
ILV.V,D,20220521,000000,290.8306,295.805,286.0164,291.6603,922.78183821335,0
ILV.V,D,20220522,000000,292.1996,304.1042,290.7815,297.3527,1797.3609745321,0
ILV.V,D,20220523,000000,297.0831,309.9997,292.7776,295.5649,1344.1833681191,0
ILV.V,D,20220524,000000,295.6848,297.4027,284.0872,293.8675,853.27471244066,0
ILV.V,D,20220525,000000,294.4372,301.4878,286.8341,293.1878,5501.5911848154,0
ILV.V,D,20220526,000000,293.1977,294.8853,260.9165,274.1656,6092.25882798,0
ILV.V,D,20220527,000000,273.4888,274.765,252.8016,258.771,7416.7179946418,0
ILV.V,D,20220528,000000,257.9518,270.6755,254.1039,268.5954,5340.2985023189,0
ILV.V,D,20220529,000000,268.6511,274.971,262.5046,270.5793,4080.3415428889,0
ILV.V,D,20220530,000000,271.0088,311.0021,269.7165,308.8636,9485.9439431913,0
ILV.V,D,20220531,000000,309.723,316.425,297.7917,301.4586,7726.2261464772,0
ILV.V,D,20220601,000000,301.087,308.4621,276.3757,279.8679,7400.3188929267,0
ILV.V,D,20220602,000000,279.8391,290.3385,271.3356,279.6881,6113.9670745289,0
ILV.V,D,20220603,000000,280.2975,283.4647,264.9407,271.5236,5129.5562353741,0
ILV.V,D,20220604,000000,271.5436,273.2839,264.2549,272.6953,7963.8461521136,0
ILV.V,D,20220605,000000,272.1984,280.27,269.0765,275.7406,10338.685568484,0
ILV.V,D,20220606,000000,275.9404,318.2261,273.9423,284.261,33333.536690909,0
ILV.V,D,20220607,000000,284.3609,287.5582,262.7817,281.7744,16523.534014695,0
ILV.V,D,20220608,000000,281.7744,282.9876,269.2033,273.9218,15705.228430997,0
ILV.V,D,20220609,000000,274.7213,275.3602,267.5697,269.3735,11501.805994239,0
ILV.V,D,20220610,000000,269.0711,271.172,248.9383,251.5801,25701.079147383,0
ILV.V,D,20220611,000000,251.8772,255.9156,224.6234,232.7367,8080.0200911029,0
ILV.V,D,20220612,000000,232.5369,233.8355,213.4985,223.2229,7553.4949857635,0
ILV.V,D,20220613,000000,222.9232,222.9232,174.5957,180.9481,40550.881048477,0
ILV.V,D,20220614,000000,181.2477,186.2576,161.5654,172.7924,62829.049942191,0
ILV.V,D,20220615,000000,172.8923,183.8238,152.0259,182.8254,35832.668383307,0
ILV.V,D,20220616,000000,183.0251,185.159,160.4073,162.089,18132.446844858,0
ILV.V,D,20220617,000000,157.3809,165.6245,155.482,160.0094,12742.252493863,0
ILV.V,D,20220618,000000,160.0078,164.3059,132.9736,140.5719,31921.772559728,0
ILV.V,D,20220619,000000,139.9729,202.9562,138.6001,166.5832,14875.304519686,0
ILV.V,D,20220620,000000,166.4833,171.5938,155.5975,160.723,8601.6552830084,0
ILV.V,D,20220621,000000,160.7069,176.3411,159.5084,166.8163,3658.542130536,0
ILV.V,D,20220622,000000,166.0338,168.5313,154.4299,156.0438,4019.2065927333,0
ILV.V,D,20220623,000000,156.2436,166.7331,154.1457,164.9349,1905.8452231263,0
ILV.V,D,20220624,000000,165.0183,184.1452,164.9349,180.4591,18678.797065077,0
ILV.V,D,20220625,000000,180.3195,184.2746,173.2838,184.0711,11966.791962535,0
ILV.V,D,20220626,000000,184.0674,189.571,177.5934,182.087,5754.6020092901,0
ILV.V,D,20220627,000000,181.6909,185.0815,172.1398,175.9433,1400.4340101694,0
ILV.V,D,20220628,000000,175.137,180.7971,167.532,169.741,1745.9675527827,0
ILV.V,D,20220629,000000,169.6993,170.55,158.7774,161.2047,7365.0659975426,0
ILV.V,D,20220630,000000,161.2063,161.7057,134.6382,135.9367,8113.8110057645,0
ILV.V,D,20220701,000000,135.4373,144.341,120.8548,122.9646,29292.157464872,0
ILV.V,D,20220702,000000,122.9646,122.9646,114.2513,115.1616,22354.836958391,0
ILV.V,D,20220703,000000,115.2615,115.8608,108.2482,112.8531,16058.976606273,0
ILV.V,D,20220704,000000,112.6534,115.8608,107.7597,115.8608,3954.5366326037,0
ILV.V,D,20220705,000000,115.4613,118.158,108.7693,116.1321,2800.4922657155,0
ILV.V,D,20220706,000000,115.7925,117.6205,111.4673,116.9212,3177.7126784225,0
ILV.V,D,20220707,000000,116.3918,122.1255,115.303,120.4077,2744.9818096012,0
ILV.V,D,20220708,000000,120.4577,122.9016,113.3519,116.2802,4171.9879219829,0
ILV.V,D,20220709,000000,116.7499,117.9792,113.3519,116.0104,3009.1977195601,0
ILV.V,D,20220710,000000,115.9788,116.4201,107.5654,109.954,2038.7342284552,0
ILV.V,D,20220711,000000,109.4143,109.5942,102.7275,102.7275,2634.091398362,0
ILV.V,D,20220712,000000,103.2777,104.3156,91.29946,92.59731,11900.285647132,0
ILV.V,D,20220713,000000,92.81082,97.23293,87.74217,94.31504,5789.4047329711,0
ILV.V,D,20220714,000000,94.67472,104.33691,92.56589,101.36914,6866.7604309819,0
ILV.V,D,20220715,000000,101.67896,107.5055,100.6895,106.1282,7544.5971089931,0
ILV.V,D,20220716,000000,106.4681,154.2691,98.6004,117.8764,48561.533510797,0
ILV.V,D,20220717,000000,118.1764,121.2745,110.7911,113.5705,13919.571641674,0
ILV.V,D,20220718,000000,113.7704,125.5912,111.2633,122.1719,9564.4658741401,0
ILV.V,D,20220719,000000,122.0634,133.3,121.1661,130.6209,10606.225808779,0
ILV.V,D,20220720,000000,130.7,137.0411,123.6,128.9064,8769.3345491793,0
ILV.V,D,20220721,000000,128.9155,129.6259,117.4117,128.9309,6617.3752758566,0
ILV.V,D,20220722,000000,128.9309,130.5352,118.0224,119.9264,8873.395238414,0
ILV.V,D,20220723,000000,119.9,123.0074,113.2311,115.1919,3742.6835462352,0
ILV.V,D,20220724,000000,114.7418,120.6848,114.6218,119.2026,3398.4996561732,0
ILV.V,D,20220725,000000,118.6037,120.7641,105.2716,108.6198,4597.4705283677,0
ILV.V,D,20220726,000000,109.2198,109.2898,92.7644,100.285,5358.1292785803,0
ILV.V,D,20220727,000000,100.254,115.7305,99.734,114.4175,5697.5666421535,0
ILV.V,D,20220728,000000,114.4075,121.1579,110.1409,118.4637,9156.0780141999,0
ILV.V,D,20220729,000000,118.7137,124.3171,114.7767,120.3693,10513.052895854,0
ILV.V,D,20220730,000000,120.8795,123.2131,117.2463,117.8901,10297.453775485,0
ILV.V,D,20220731,000000,118.4915,129.9851,116.0853,119.1474,17419.814212667,0
ILV.V,D,20220801,000000,119.3477,119.8407,113.6241,114.3643,4844.2898643139,0
ILV.V,D,20220802,000000,114.332,116.8255,108.2403,115.0796,5646.7195159087,0
ILV.V,D,20220803,000000,115.3831,117.5688,110.6577,114.4786,4212.2607868387,0
ILV.V,D,20220804,000000,114.6764,115.9143,109.3055,109.8633,3709.024061225,0
ILV.V,D,20220805,000000,109.9533,117.3623,109.3455,115.0519,5311.0299922657,0
ILV.V,D,20220806,000000,115.0519,117.7759,112.6692,113.7762,3904.7468723045,0
ILV.V,D,20220807,000000,114.1251,114.3163,111.0189,113.4904,2552.6062057943,0
ILV.V,D,20220808,000000,113.5316,116.4721,111.5034,112.6335,10110.449585514,0
ILV.V,D,20220809,000000,112.8935,113.7739,103.1475,105.8512,4265.6194997407,0
ILV.V,D,20220810,000000,105.8512,115.1865,102.7547,114.4132,7435.5077029181,0
ILV.V,D,20220811,000000,114.0831,128.1638,113.1428,117.2651,57504.557528693,0
ILV.V,D,20220812,000000,117.6553,120.1941,115.2464,118.8647,4310.2202972023,0
ILV.V,D,20220813,000000,119.3549,122.3585,115.5693,117.5758,7147.3783242509,0
ILV.V,D,20220814,000000,117.5758,120.4157,112.607,113.3751,5079.5460250196,0
ILV.V,D,20220815,000000,113.424,117.0916,106.3308,109.2162,7654.3070779353,0
ILV.V,D,20220816,000000,109.4774,110.6643,104.9941,106.2296,7199.2067987244,0
ILV.V,D,20220817,000000,106.1985,110.5844,102.2169,103.2672,4483.4094900399,0
ILV.V,D,20220818,000000,103.7083,106.0564,102.2782,104.811,3857.5168763728,0
ILV.V,D,20220819,000000,104.8205,105.5506,91.4091,92.0092,6968.0602677944,0
ILV.V,D,20220820,000000,91.9992,99.638,87.773,90.4682,15634.637445418,0
ILV.V,D,20220821,000000,90.27,93.7719,89.4966,92.5781,3822.4361565575,0
ILV.V,D,20220822,000000,92.4981,93.1565,87.3348,88.4841,3967.4202342646,0
ILV.V,D,20220823,000000,88.654,92.0025,87.43,90.7218,4448.769709226,0
ILV.V,D,20220824,000000,90.7109,92.1174,87.8674,90.9373,4280.8150828589,0
ILV.V,D,20220825,000000,90.6182,93.8491,89.5354,91.7228,4533.213935509,0
ILV.V,D,20220826,000000,91.6928,92.1318,82.4784,83.2483,5193.6176026207,0
ILV.V,D,20220827,000000,83.2483,83.5667,76.023,77.2123,7728.9688466287,0
ILV.V,D,20220828,000000,77.0315,78.9447,76.1108,77.08,4263.1805399033,0
ILV.V,D,20220829,000000,77.28,79.6524,73.5226,78.9655,4869.7066075589,0
ILV.V,D,20220830,000000,79.2963,81.56837,75.21451,78.02702,7872.3161781266,0
ILV.V,D,20220831,000000,77.75622,81.04081,76.79921,79.18921,3596.3645684556,0
ILV.V,D,20220901,000000,79.29841,86.29,75.60546,78.92526,3856.2145512491,0
ILV.V,D,20220902,000000,78.78527,80.0388,75.22527,76.6815,4020.0381652527,0
ILV.V,D,20220903,000000,76.74228,83.74,74.38,75.08,9386.5873298846,0
ILV.V,D,20220904,000000,74.8,76.1,74,75.2,3669.6872637947,0
ILV.V,D,20220905,000000,75.04,77.1,73.52,74.9775,2142.6074511604,0
ILV.V,D,20220906,000000,75.0375,78.9679,72.7,74.1,8584.5585954266,0
ILV.V,D,20220907,000000,73.60442,75.10826,68.90345,74.3052,6157.9709834735,0
ILV.V,D,20220908,000000,74.60522,75.61361,72.10144,75.3113,7297.3964184489,0
ILV.V,D,20220909,000000,75.3,81.21218,74.40818,78.82679,12265.920808534,0
ILV.V,D,20220910,000000,78.82916,80.37366,77.37248,79.95519,6210.8938841423,0
ILV.V,D,20220911,000000,80.0152,80.87506,76.06901,76.29831,6838.805794789,0
ILV.V,D,20220912,000000,76.38833,78.57257,74.07407,75.76515,4920.4256429947,0
ILV.V,D,20220913,000000,75.75272,77.38553,69.58139,70.64141,4426.9206645778,0
ILV.V,D,20220914,000000,70.3707,71.77794,68.66275,71.76937,4407.6855705254,0
ILV.V,D,20220915,000000,71.31854,74.73224,64.91701,66.89398,28091.922351396,0
ILV.V,D,20220916,000000,66.69533,67.0953,63.48095,64.29357,9311.3989212041,0
ILV.V,D,20220917,000000,64.39356,65,62.8,63.2,7703.735817757,0
ILV.V,D,20220918,000000,63.03,64.44,55.09449,56.5,14476.671973266,0
ILV.V,D,20220919,000000,56.3,58.40584,53.9946,58.11162,8795.4442480305,0
ILV.V,D,20220920,000000,58.21164,59.30593,56,56.80568,9515.5157336156,0
ILV.V,D,20220921,000000,56.5,59.67,53.7,54,9085.0702118997,0
ILV.V,D,20220922,000000,54.0354,57.3,52.35,56.4,13952.270516099,0
ILV.V,D,20220923,000000,56.49435,58.28,54.12459,56.47,10106.390175862,0
ILV.V,D,20220924,000000,56.55661,67.65932,55.64332,57.80462,35360.272061828,0
ILV.V,D,20220925,000000,57.9,58.50585,55.19779,55.8,7728.3992013931,0
ILV.V,D,20220926,000000,55.60056,57.9,55.0055,57.1,4582.7608178085,0
ILV.V,D,20220927,000000,57.2,60.89391,56.49435,56.89431,9442.4283080027,0
ILV.V,D,20220928,000000,56.9,58.7,54.4891,58.2,8251.1591767459,0
ILV.V,D,20220929,000000,58.21,58.9641,55.09551,56.81,13602.683182528,0
ILV.V,D,20220930,000000,56.73,58.48,56.23,56.8,5623.6673927661,0
ILV.V,D,20221001,000000,56.75,57.59576,55.96,56.3,3072.9075252614,0
ILV.V,D,20221002,000000,56.17,57.07,54.77,55.48,3018.9306966914,0
ILV.V,D,20221003,000000,55.34,56.68567,53.9,56.36564,5605.3112272002,0
ILV.V,D,20221004,000000,56.10561,58.44169,55.73557,57.50725,5795.383329192,0
ILV.V,D,20221005,000000,57.5015,58.65759,55.46555,56.88569,5707.0935481969,0
ILV.V,D,20221006,000000,56.5213,58.54995,56.33958,56.96025,3999.6397405699,0
ILV.V,D,20221007,000000,56.62963,57.54748,55.61445,56.20787,3280.2566015512,0
ILV.V,D,20221008,000000,56.29563,56.9074,55.74557,55.84452,2180.610402989,0
ILV.V,D,20221009,000000,55.82451,56.20562,54.53545,55.19552,3910.8327786869,0
ILV.V,D,20221010,000000,55.07101,55.78558,52.82943,53.27467,9549.829814188,0
ILV.V,D,20221011,000000,53.24,53.59,51.61484,52.0048,4409.6994090197,0
ILV.V,D,20221012,000000,52.32529,60.72818,51.94377,55.60167,57922.6805562,0
ILV.V,D,20221013,000000,55.6,56.90512,50.49495,55.80446,52236.55496286,0
ILV.V,D,20221014,000000,56.00504,64.3045,54.00162,54.00216,29494.572620993,0
ILV.V,D,20221015,000000,54.00216,54.70547,52.70369,53.00265,8642.0297488177,0
ILV.V,D,20221016,000000,53.2932,54.7889,52.72422,53.79269,7068.372231726,0
ILV.V,D,20221017,000000,53.78215,55.3683,53.33947,54.52109,16874.400004193,0
ILV.V,D,20221018,000000,54.70109,55.20276,52.30052,53.70215,4721.4956152313,0
ILV.V,D,20221019,000000,53.64322,54.41326,52.00364,52.52,5971.9251312607,0
ILV.V,D,20221020,000000,52.65947,53.21266,51.24693,52.21478,4847.7439789122,0
ILV.V,D,20221021,000000,51.9548,53.10266,50.4495,52.66369,3527.7846295141,0
ILV.V,D,20221022,000000,52.49367,55.56111,51.58361,53.90485,16165.157618125,0
ILV.V,D,20221023,000000,53.80484,64.39678,53.00424,57.10742,53299.543987526,0
ILV.V,D,20221024,000000,57.10742,60.30362,54.69945,55.1022,20954.631736593,0
ILV.V,D,20221025,000000,55.10276,62.32367,54.49509,59.22072,14642.794926457,0
ILV.V,D,20221026,000000,59.12009,82.51485,58.51814,71.8201,221239.05203565,0
ILV.V,D,20221027,000000,71.8201,76.30229,65.70263,66.20397,47867.431540874,0
ILV.V,D,20221028,000000,66.10397,68.21159,63.40317,67.21478,25485.207410074,0
ILV.V,D,20221029,000000,67.21277,73.32126,66.51529,67.91562,33504.647033227,0
ILV.V,D,20221030,000000,68.01632,70.11612,66.01584,66.71334,10348.076290731,0
ILV.V,D,20221031,000000,66.71401,70.0993,65.61509,66.2947,13650.281893718,0
ILV.V,D,20221101,000000,66.29602,67.09195,61.58768,62.59374,7353.5744999225,0
ILV.V,D,20221102,000000,62.59311,62.69373,57.59539,57.89653,14569.10275611,0
ILV.V,D,20221103,000000,57.79653,61.09572,57.69654,59.5994,9619.0805637976,0
ILV.V,D,20221104,000000,59.5994,66.6,59.39941,66.00528,14954.256108572,0
ILV.V,D,20221105,000000,66.40465,67.40809,64.80324,65.00325,7464.785482350653,0
ILV.V,D,20221106,000000,64.90325,65.40262,62.50187,62.505,8128.997580575592,0
ILV.V,D,20221107,000000,62.60501,62.60501,59.10236,59.60775,7337.299405516197,0
ILV.V,D,20221108,000000,59.5119,60.6,46.0644,51.3536,26201.54509953903,0
ILV.V,D,20221109,000000,51.2533,52.34487,42.65154,43.81344,17009.467344604393,0
ILV.V,D,20221110,000000,43.65075,54.67932,42.4326,50.5764,13269.035758087442,0
ILV.V,D,20221111,000000,50.61672,56.41638,45.47718,47.79063,6959.679397944934,0
ILV.V,D,20221112,000000,47.70477,53.08938,45.61774,45.9172,9381.482966469051,0
ILV.V,D,20221113,000000,45.9172,46.3304,43.54332,44.23798,4813.854046871881,0
ILV.V,D,20221114,000000,44.13812,47.04348,41.9328,43.934,7673.523166197896,0
ILV.V,D,20221115,000000,43.934,46.25833,43.934,44.8551,2604.448394065872,0
ILV.V,D,20221116,000000,44.5356,45.75778,41.48932,43.46997,5821.91783428046,0
ILV.V,D,20221117,000000,43.6563,44.23458,41.45805,43.76584,5669.263717922265,0
ILV.V,D,20221118,000000,43.67678,44.15509,41.80731,43.28973,2937.1916352129997,0
ILV.V,D,20221119,000000,43.29971,43.86433,42.82156,43.83436,1783.5709254481567,0
ILV.V,D,20221120,000000,43.81439,44.07704,40.44802,40.53829,6281.02177005127,0
ILV.V,D,20221121,000000,40.73798,40.74288,38.25251,39.05308,5756.851423498401,0
ILV.V,D,20221122,000000,38.99276,42.24459,37.75275,39.55169,14657.6223862664,0
ILV.V,D,20221123,000000,39.64879,41.15303,39.54654,40.9549,5054.4608591043425,0
ILV.V,D,20221124,000000,41.0552,42.26278,40.9549,41.06548,5680.500772419019,0
ILV.V,D,20221125,000000,41.06424,41.06548,38.47113,38.97777,6973.004659920739,0
ILV.V,D,20221126,000000,38.97699,44.973,38.87705,39.67618,33522.107798749996,0
ILV.V,D,20221127,000000,39.57703,40.97581,39.47709,40.37495,6223.245862628443,0
ILV.V,D,20221128,000000,40.27421,40.27542,37.77959,38.78526,8651.356148662064,0
ILV.V,D,20221129,000000,38.68529,39.86524,38.16282,39.52537,4853.095811095718,0
ILV.V,D,20221130,000000,39.55536,44.00352,39.52458,42.30212,21002.557379640715,0
ILV.V,D,20221201,000000,42.20169,42.70512,41.10288,41.90251,5889.8303931576265,0
ILV.V,D,20221202,000000,41.84209,42.97473,41.30413,42.06252,6124.8463734532725,0
ILV.V,D,20221203,000000,42.04252,43.14431,41.55415,41.63833,6253.331931243272,0
ILV.V,D,20221204,000000,41.64416,63.0063,41.46415,47.5095,109056.35877866721,0
ILV.V,D,20221205,000000,47.5095,50.90509,44.8,45.00135,37143.0360930781,0
ILV.V,D,20221206,000000,45.1009,46.39954,43.6,44.39911,12796.76141755958,0
ILV.V,D,20221207,000000,44.39911,45.16045,42.56298,43.44,10587.9720248047,0
ILV.V,D,20221208,000000,43.41043,47.67334,42.54,47.05329,20392.204568376754,0
ILV.V,D,20221209,000000,47.00329,51.50155,46.00092,46.40139,47262.47285528465,0
ILV.V,D,20221210,000000,46.50186,47.50048,46.19815,46.49907,5597.071346629227,0
ILV.V,D,20221211,000000,46.51953,53.19106,45.96954,50.40504,28842.439432300467,0
ILV.V,D,20221212,000000,50.50505,51.0051,46.30417,48.40436,20284.066178249523,0
ILV.V,D,20221213,000000,48.40436,49.39654,46.01196,47.988,8874.19030923456,0
ILV.V,D,20221214,000000,47.93897,48.98951,47.1133,47.49332,7780.755056343091,0
ILV.V,D,20221215,000000,47.49,47.53475,43.37867,43.4887,13305.70718356789,0
ILV.V,D,20221216,000000,43.4987,44.18,40.11401,40.20804,10382.652455732408,0
ILV.V,D,20221217,000000,40.25402,47.70525,38.96468,41.33455,38174.85267724113,0
ILV.V,D,20221218,000000,41.47539,42.25338,40.65285,41.18494,5093.8723364317775,0
ILV.V,D,20221219,000000,40.96246,45.83,39.74,39.74,32391.67746546763,0
ILV.V,D,20221220,000000,39.7592,41.76042,39.21039,41.26165,6537.940667626648,0
ILV.V,D,20221221,000000,40.75,41.2733,40.49959,40.51203,2115.2541103568265,0
ILV.V,D,20221222,000000,40.51162,40.63,39.28646,40.30315,2655.2170940103188,0
ILV.V,D,20221223,000000,40.30315,40.82347,40.008,40.23598,3761.0608412778006,0
ILV.V,D,20221224,000000,40.22598,40.45919,40.18759,40.45757,1406.2092991921456,0
ILV.V,D,20221225,000000,40.18879,40.39879,39.38488,39.66484,2544.2071832950637,0
ILV.V,D,20221226,000000,39.63524,40.23316,39.59604,40.12197,2052.187475630679,0
ILV.V,D,20221227,000000,40.13197,40.65414,39.22391,40.39464,7046.7811136358505,0
ILV.V,D,20221228,000000,40.36304,40.67372,38.82747,38.90937,4801.483155687764,0
ILV.V,D,20221229,000000,38.88938,39.58376,38.82019,38.93247,4186.378289831688,0
ILV.V,D,20221230,000000,38.91248,39.16159,38.18052,38.75023,2296.640400016955,0
ILV.V,D,20221231,000000,38.75023,39.05125,38.35081,38.35081,2408.545448544677,0
ILV.V,D,20230101,000000,38.36081,38.69452,38.01946,38.5019,1887.6319407018575,0
ILV.V,D,20230102,000000,38.52189,40.03718,38.09285,39.32741,6707.694674802931,0
ILV.V,D,20230103,000000,39.29703,39.44816,38.20395,38.50498,3378.2657242611867,0
ILV.V,D,20230104,000000,38.48499,40.16393,38.445,39.78687,3962.922893746442,0
ILV.V,D,20230105,000000,39.71689,39.96721,39.10474,39.17628,3139.9880023351725,0
ILV.V,D,20230106,000000,39.14629,39.63454,38.07019,38.73799,12434.83422905825,0
ILV.V,D,20230107,000000,38.66762,42.7306,38.59764,39.36055,15512.941870030541,0
ILV.V,D,20230108,000000,39.38818,40.65309,39.28529,40.60391,9281.165985759726,0
ILV.V,D,20230109,000000,40.70511,46.82438,40.56229,42.84957,16377.693149669743,0
ILV.V,D,20230110,000000,45.87954,46.99658,42.12494,45.10631,16232.258192234487,0
ILV.V,D,20230111,000000,45.19678,49.99,44.70715,47.8257,59117.50641807997,0
ILV.V,D,20230112,000000,47.72523,53.53893,46.42768,51.32513,28922.494468004323,0
ILV.V,D,20230113,000000,51.39411,54.88274,50.57506,53.3148,17208.016558630876,0
ILV.V,D,20230114,000000,53.32427,57.51013,53.06531,54.49272,16767.63498150712,0
ILV.V,D,20230115,000000,54.49272,54.7093,51.48463,52.97536,15055.717806843142,0
ILV.V,D,20230116,000000,52.89534,54.52016,51.50309,53.41053,7225.589452952603,0
ILV.V,D,20230117,000000,53.3916,55.87838,52.35,54.24597,15399.629869685174,0
ILV.V,D,20230118,000000,54.25543,55.02275,50.07549,50.57747,9711.368386430553,0
ILV.V,D,20230119,000000,50.54697,52.14948,49.949,51.46846,7676.51742031094,0
ILV.V,D,20230120,000000,51.52309,55.71836,50.71,55.60945,12535.82524507088,0
ILV.V,D,20230121,000000,55.47998,57.73674,55.29493,56.60132,14039.01872348539,0
ILV.V,D,20230122,000000,56.42846,58.28107,55.05046,56.58131,9705.886276380746,0
ILV.V,D,20230123,000000,56.57075,63.9215,56.41072,63.40951,34017.38758032058,0
ILV.V,D,20230124,000000,63.45952,66.00858,60.34121,60.34121,19640.711098815358,0
ILV.V,D,20230125,000000,60.31181,63.3714,58.17465,61.34043,18301.160755587873,0
ILV.V,D,20230126,000000,61.30042,63.36824,60.44121,61.04488,9987.364846468778,0
ILV.V,D,20230127,000000,61.1155,68.71305,59.73254,63.4341,28211.22632668001,0
ILV.V,D,20230128,000000,63.50222,65.23565,61.38473,61.74173,17669.34260209401,0
ILV.V,D,20230129,000000,61.74235,72.69872,61.52415,70.92355,36411.54232264758,0
ILV.V,D,20230130,000000,70.96284,73.85295,64.63871,66.39465,40581.26124118031,0
ILV.V,D,20230131,000000,66.27464,68.90345,64.9761,67.88611,10873.109734671309,0
ILV.V,D,20230201,000000,67.98544,74.99525,66.38,73.70442,22816.12235883469,0
ILV.V,D,20230202,000000,73.77369,90.67997,73.20366,86.58731,75672.64891702379,0
ILV.V,D,20230203,000000,86.63732,107.59538,84.51352,97.29778,219451.38289502592,0
ILV.V,D,20230204,000000,97.23778,101.3871,92.58648,96.01768,48172.00710760943,0
ILV.V,D,20230205,000000,95.97768,96.10769,85.32047,88.73218,45508.06600313267,0
ILV.V,D,20230206,000000,88.8222,96.22962,88.74,89.00356,43701.92843069908,0
ILV.V,D,20230207,000000,89.12356,91.54366,85.80914,90.83636,43922.82340740016,0
ILV.V,D,20230208,000000,90.83545,98.03902,85.79944,89.18624,60089.89403448112,0
ILV.V,D,20230209,000000,89.14624,89.7591,72.70963,73.42734,43027.2394953816,0
ILV.V,D,20230210,000000,73.44734,76.24677,71.65717,72.20083,19080.61665534453,0
ILV.V,D,20230211,000000,72.19083,79.93799,71.91863,79.48715,23803.039730398406,0
ILV.V,D,20230212,000000,79.31793,80.50724,74.64194,75.32753,16826.23945656086,0
ILV.V,D,20230213,000000,75.20752,76.60144,69.61356,71.80876,23317.33836014985,0
ILV.V,D,20230214,000000,71.83949,78.31131,71.69583,76.50135,20820.342141791763,0
ILV.V,D,20230215,000000,76.33052,88.26589,75.72801,86.77648,32454.892199878497,0
ILV.V,D,20230216,000000,86.95565,90.70451,80.87051,81.09756,42480.658920032314,0
ILV.V,D,20230217,000000,81.15136,88.05264,79.77877,85.37768,22858.30971436177,0
ILV.V,D,20230218,000000,85.48197,87.5275,84.45182,84.87443,17390.559593077793,0
ILV.V,D,20230219,000000,84.89358,86.50384,81.74288,82.99826,11683.939206161995,0
ILV.V,D,20230220,000000,83.02826,86.05947,80.90184,83.17333,13725.360281413235,0
ILV.V,D,20230221,000000,83.19582,84.65354,77.70554,78.30409,14476.284344636788,0
ILV.V,D,20230222,000000,78.36332,78.89947,74.08111,77.83078,12233.361523581141,0
ILV.V,D,20230223,000000,77.90467,80.36643,76.02444,76.46994,12495.95550635715,0
ILV.V,D,20230224,000000,76.43146,77.62475,71.89935,72.75927,12561.266939652678,0
ILV.V,D,20230225,000000,72.81854,74.12667,70.48634,72.97511,7434.956486492783,0
ILV.V,D,20230226,000000,72.88437,77.69544,72.80582,75.67605,11793.491721901799,0
ILV.V,D,20230227,000000,75.72681,76.35382,72.70727,73.75442,6944.518839031763,0
ILV.V,D,20230228,000000,73.88369,78.70079,72.86146,75.90518,22154.93708793618,0
ILV.V,D,20230301,000000,75.83441,88.48265,75.76909,87.62139,85687.10308212049,0
ILV.V,D,20230302,000000,87.61051,88.69242,79.03948,85.6177,35182.80195448763,0
ILV.V,D,20230303,000000,85.5477,87.35786,77.92038,81.22569,28573.59344807334,0
ILV.V,D,20230304,000000,81.17568,84.01092,76.40382,77.00539,18148.52688441471,0
ILV.V,D,20230305,000000,77.01539,80.82727,76.6969,78.85946,18719.001387413144,0
ILV.V,D,20230306,000000,78.95947,83.99664,77.19618,81.03514,20665.964816085252,0
ILV.V,D,20230307,000000,80.92191,83.07917,72.98905,74.64627,31786.90535330241,0
ILV.V,D,20230308,000000,74.64701,77.18,66.32668,66.36602,30163.134998235244,0
ILV.V,D,20230309,000000,66.41336,67.45841,59.88742,60.61545,11899.027560030825,0
ILV.V,D,20230310,000000,60.77608,61.69247,57.31599,60.25795,21832.38213712383,0
ILV.V,D,20230311,000000,60.34286,64.2252,58.69628,62.14733,15865.722726753145,0
ILV.V,D,20230312,000000,62.18557,66.52453,60.27825,65.60935,13311.656628353277,0
ILV.V,D,20230313,000000,65.7204,73.70315,65.51601,71.25601,26743.56765772682,0
ILV.V,D,20230314,000000,71.25317,77.78217,69.04315,72.60719,36923.83879995669,0
ILV.V,D,20230315,000000,72.67902,75.66393,64.83911,66.76992,36067.46520307492,0
ILV.V,D,20230316,000000,66.66884,68.36399,65.66106,66.57337,14503.991545043427,0
ILV.V,D,20230317,000000,66.6128,73.53996,65.89268,72.71677,23679.364099618557,0
ILV.V,D,20230318,000000,72.75762,80.20292,71.05659,75.51613,28526.818920498285,0
ILV.V,D,20230319,000000,75.4256,79.21488,74.27733,74.63397,18618.835601948464,0
ILV.V,D,20230320,000000,74.60388,74.89102,69.07199,69.39236,18721.62195680583,0
ILV.V,D,20230321,000000,69.36225,71.60131,66.97957,70.04273,13060.181351592068,0
ILV.V,D,20230322,000000,69.9732,70.95341,65.62672,66.60199,14893.75623410961,0
ILV.V,D,20230323,000000,66.59462,70.4126,66.17886,68.52223,11350.19344266208,0
ILV.V,D,20230324,000000,68.46347,69.30903,62.6939,62.71829,8373.160823908454,0
ILV.V,D,20230325,000000,62.71954,63.19069,58.88529,59.75731,24006.49467273243,0
ILV.V,D,20230326,000000,59.71787,62.05208,59.61777,61.50943,9482.191418220687,0
ILV.V,D,20230327,000000,61.54763,61.87463,55.10093,56.11636,22347.974644453247,0
ILV.V,D,20230328,000000,56.07634,58.83588,55.23933,58.04263,6939.116239772706,0
ILV.V,D,20230329,000000,58.00261,60.78641,57.43493,60.0278,14197.710924290777,0
ILV.V,D,20230330,000000,60.04141,60.97402,57.60864,58.79646,8579.515143265096,0
ILV.V,D,20230331,000000,58.74644,60.65819,57.51667,59.83196,6293.383675512425,0
ILV.V,D,20230401,000000,59.87257,60.78309,59.12837,59.93217,7066.495727323824,0
ILV.V,D,20230402,000000,59.97218,60.0396,57.41902,58.29612,4474.9597267221525,0
ILV.V,D,20230403,000000,58.23608,59.50022,56.7793,57.74193,7615.238172702337,0
ILV.V,D,20230404,000000,57.81312,60.80492,57.48701,59.85991,8017.199296692855,0
ILV.V,D,20230405,000000,59.58978,61.49274,59.32313,60.92192,7930.5756634470345,0
ILV.V,D,20230406,000000,60.82128,61.17651,58.7123,59.67446,5174.4434318069625,0
ILV.V,D,20230407,000000,59.64146,60.36293,58.28379,58.85411,7370.509954224859,0
ILV.V,D,20230408,000000,58.88354,59.68997,58.6522,58.94298,5070.990934907837,0
ILV.V,D,20230409,000000,58.98358,59.24079,57.45503,58.78936,7339.220862983418,0
ILV.V,D,20230410,000000,58.86,59.59049,57.96086,59.24795,6737.91276624225,0
ILV.V,D,20230411,000000,59.32802,61.13314,58.58619,59.23859,13492.404624235178,0
ILV.V,D,20230412,000000,59.11847,59.66126,56.86681,59.59585,6108.7620110110465,0
ILV.V,D,20230413,000000,59.58644,63.63929,59.03072,62.84027,17345.27484001097,0
ILV.V,D,20230414,000000,62.76019,65.94983,61.38274,63.38256,14554.588798994473,0
ILV.V,D,20230415,000000,63.37129,65.32874,62.7189,64.23712,7722.52660594124,0
ILV.V,D,20230416,000000,64.18708,66.47584,63.74414,65.43447,14880.369158343823,0
ILV.V,D,20230417,000000,65.43447,66.89214,63.06215,63.24287,8887.850440200285,0
ILV.V,D,20230418,000000,63.46679,65.63624,62.81206,64.26285,15617.266473091244,0
ILV.V,D,20230419,000000,64.28157,64.97234,58.02726,58.37209,18355.242269602444,0
ILV.V,D,20230420,000000,58.37034,58.48039,55.76996,56.36564,11029.049799240953,0
ILV.V,D,20230421,000000,56.65283,57.00487,52.78944,52.96417,8407.967690959138,0
ILV.V,D,20230422,000000,53.02364,54.48218,52.90841,53.54482,4986.381216105588,0
ILV.V,D,20230423,000000,53.52482,54.02026,52.27889,52.96265,3590.3209307721017,0
ILV.V,D,20230424,000000,53.01265,53.39,50.21004,51.04102,6596.411413182668,0
ILV.V,D,20230425,000000,51.07153,52.46206,49.70298,52.39205,7348.4300852823235,0
ILV.V,D,20230426,000000,52.53208,55.54111,50.04051,52.28829,7434.218810702967,0
ILV.V,D,20230427,000000,52.35675,54.06621,51.88867,53.40975,7160.975822117194,0
ILV.V,D,20230428,000000,53.40655,53.46764,51.65478,52.86173,6552.8822690435,0
ILV.V,D,20230429,000000,52.82959,54.77339,52.42929,53.01126,10607.259332022899,0
ILV.V,D,20230430,000000,53.00125,53.42136,51.79054,52.00963,3658.7579412776527,0
ILV.V,D,20230501,000000,52.0286,52.10396,49.5,50.31308,4921.338966212148,0
ILV.V,D,20230502,000000,50.28357,51.49985,50.0505,51.34181,3639.285116257441,0
ILV.V,D,20230503,000000,51.39133,51.39133,48.91222,51.00377,6955.850975776274,0
ILV.V,D,20230504,000000,50.84372,51.6855,49.73287,49.81843,4114.226383506401,0
ILV.V,D,20230505,000000,49.82843,52.15273,49.68838,51.48681,9695.677387633325,0
ILV.V,D,20230506,000000,51.48681,52.16315,48.22367,48.95552,8108.731180276594,0
ILV.V,D,20230507,000000,49.06571,49.6855,48.4471,48.75698,4632.557432547151,0
ILV.V,D,20230508,000000,48.74745,49.17845,46.02173,46.52044,9446.746413632329,0
ILV.V,D,20230509,000000,46.53534,46.91141,45.64015,45.93589,6768.702877582131,0
ILV.V,D,20230510,000000,45.76058,48.06281,45.12607,46.09605,9504.816740633323,0
ILV.V,D,20230511,000000,46.03139,46.33166,44.39435,45.11056,5085.723314410385,0
ILV.V,D,20230512,000000,45.09505,45.54095,43.43472,45.05602,7035.522842017312,0
ILV.V,D,20230513,000000,45.12607,45.99758,44.4222,44.92694,5771.035570956853,0
ILV.V,D,20230514,000000,44.8569,45.63737,44.59674,45.11705,2100.552252237637,0
ILV.V,D,20230515,000000,45.10705,46.39245,44.71234,45.80204,4540.249517719569,0
ILV.V,D,20230516,000000,45.68195,45.97216,45.09154,45.57277,3333.500454254266,0
ILV.V,D,20230517,000000,45.67826,49.35466,45.28811,48.73436,12198.140189014006,0
ILV.V,D,20230518,000000,48.73949,49.01449,46.68867,47.53901,4070.697962576648,0
ILV.V,D,20230519,000000,47.509,48.09923,47.3,47.86388,2455.098136361531,0
ILV.V,D,20230520,000000,47.86392,48.09403,47.01227,47.1471,1658.6327203768215,0
ILV.V,D,20230521,000000,47.1471,47.57278,46.11304,46.31777,2664.9111378767598,0
ILV.V,D,20230522,000000,46.35316,47.37367,46.08303,47.20831,2990.7847613314516,0
ILV.V,D,20230523,000000,47.19661,48.52534,46.95845,47.84287,4048.4625926012986,0
ILV.V,D,20230524,000000,47.8243,48.09529,45.85404,47.4181,4325.819166704173,0
ILV.V,D,20230525,000000,47.44715,47.77618,46.45325,47.58095,6226.345989433871,0
ILV.V,D,20230526,000000,47.58903,47.98624,46.80421,47.48044,4326.875394964756,0
ILV.V,D,20230527,000000,47.4895,47.80338,47.24464,47.7186,2111.1258818564356,0
ILV.V,D,20230528,000000,47.78433,48.84367,47.37841,48.79073,6171.800493927245,0
ILV.V,D,20230529,000000,48.88124,49.75293,48.62312,48.99469,4425.25929651954,0
ILV.V,D,20230530,000000,48.92467,50.03251,48.66119,49.4993,4804.282054924709,0
ILV.V,D,20230531,000000,49.5198,53.93539,49.04275,52.35838,31614.842520936436,0
ILV.V,D,20230601,000000,52.30785,57.47034,52.24149,55.44552,33861.483084443695,0
ILV.V,D,20230602,000000,55.42607,56.91821,54.47579,55.45441,14210.245331372316,0
ILV.V,D,20230603,000000,55.44441,55.48609,52.98065,53.29131,7481.139586619832,0
ILV.V,D,20230604,000000,53.35974,54.49689,52.94694,53.42763,5876.611070143951,0
ILV.V,D,20230605,000000,53.43709,53.70772,49.68192,50.45513,16385.48308130978,0
ILV.V,D,20230606,000000,50.31509,52.81056,50.08801,52.1646,8134.008603823428,0
ILV.V,D,20230607,000000,52.1746,52.71212,48.22205,48.32532,10061.052934629843,0
ILV.V,D,20230608,000000,48.32532,51.04,48.22434,50.21954,3975.9493959621414,0
ILV.V,D,20230609,000000,50.25905,50.41958,48.84072,49.27014,4283.973326705161,0
ILV.V,D,20230610,000000,49.20163,49.35951,44.75102,45.08659,6652.982889159995,0
ILV.V,D,20230611,000000,45.1166,46.04933,44.95708,45.72828,1909.5558927453571,0
ILV.V,D,20230612,000000,45.67872,45.82336,44.28549,44.72179,3549.656888361415,0
ILV.V,D,20230613,000000,44.73134,45.17639,43.78949,44.5742,3391.482639105788,0
ILV.V,D,20230614,000000,44.57554,47.92945,42.0058,42.49618,8501.178462015852,0
ILV.V,D,20230615,000000,42.65659,43.48257,41.72638,43.16371,3178.53972620044,0
ILV.V,D,20230616,000000,43.25407,45.62479,42.7348,45.0244,3028.1077889724615,0
ILV.V,D,20230617,000000,45.01441,46.09356,44.72046,45.32141,2294.468889326955,0
ILV.V,D,20230618,000000,45.37139,45.8567,44.30981,44.32025,2069.223806887988,0
ILV.V,D,20230619,000000,44.28937,44.61634,43.76416,44.5062,1776.5870670805373,0
ILV.V,D,20230620,000000,44.42578,45.23678,43.24529,44.94719,3374.2720853689743,0
ILV.V,D,20230621,000000,44.95674,47.69191,44.95674,47.43237,5149.200528564598,0
ILV.V,D,20230622,000000,47.4519,49.07245,46.91985,46.91985,2844.5928753501594,0
ILV.V,D,20230623,000000,46.81983,48.62556,46.37159,47.56757,3161.7662459765825,0
ILV.V,D,20230624,000000,47.50801,48.13117,46.36224,46.61935,4338.782761630001,0
ILV.V,D,20230625,000000,46.64424,48.72461,46.64424,47.68525,4517.151222391558,0
ILV.V,D,20230626,000000,47.74432,49.08687,45.7396,45.77961,6021.5799598985,0
ILV.V,D,20230627,000000,45.71143,47.25567,45.71143,46.68654,2347.570876052174,0
ILV.V,D,20230628,000000,46.69887,46.70934,43.79956,43.99824,4540.009251237392,0
ILV.V,D,20230629,000000,44.08956,45.29547,43.81825,44.72553,4735.889769612041,0
ILV.V,D,20230630,000000,44.91461,46.33166,44.14338,45.85486,4619.771240892535,0
ILV.V,D,20230701,000000,45.92208,46.36351,45.22281,46.22,2096.3847997541516,0
ILV.V,D,20230702,000000,46.15954,46.5786,45.37227,45.71229,4743.890194666696,0
ILV.V,D,20230703,000000,45.74412,47.59476,45.74412,47.02329,3898.7474848293637,0
ILV.V,D,20230704,000000,46.95376,47.25473,45.77961,46.17016,3160.872272300877,0
ILV.V,D,20230705,000000,46.13923,46.16923,42.76872,43.27692,11994.897590409411,0
ILV.V,D,20230706,000000,43.28649,44.77821,41.60333,41.95622,6906.2713615990115,0
ILV.V,D,20230707,000000,42.00874,42.38297,40.95573,41.92419,5485.737689886729,0
ILV.V,D,20230708,000000,41.99336,42.24211,39.89678,40.55649,29513.80706753792,0
ILV.V,D,20230709,000000,40.6165,40.6165,38.42384,39.83717,12174.87036114146,0
ILV.V,D,20230710,000000,39.85677,41.3829,39.37433,40.63488,7437.560075347642,0
ILV.V,D,20230711,000000,40.67447,41.7025,40.32524,41.48415,6962.45137712652,0
ILV.V,D,20230712,000000,41.52789,41.93377,40.74592,40.95672,3109.2412163245335,0
ILV.V,D,20230713,000000,40.99631,44.01683,40.80592,43.19727,5807.156083400194,0
ILV.V,D,20230714,000000,43.11681,44.69653,41.59455,42.34201,7946.816886008862,0
ILV.V,D,20230715,000000,42.32242,43.03506,41.47202,41.51245,9898.46048896484,0
ILV.V,D,20230716,000000,41.52204,42.42357,40.94883,41.38944,9256.26243920211,0
ILV.V,D,20230717,000000,41.33901,41.4741,40.10802,41.1074,4148.8027204763575,0
ILV.V,D,20230718,000000,41.0778,41.38538,40.48162,40.80898,5287.431477659354,0
ILV.V,D,20230719,000000,40.74978,41.89922,40.48214,41.05959,4311.211128374685,0
ILV.V,D,20230720,000000,41.07959,42.20253,40.91368,41.99958,6538.506119510065,0
ILV.V,D,20230721,000000,42.01748,42.20958,41.34,41.99042,1839.589283364705,0
ILV.V,D,20230722,000000,42.06042,42.12,41.53623,41.57457,2273.2872536524505,0
ILV.V,D,20230723,000000,41.56416,42.00916,40.78612,41.52958,3151.3053206267878,0
ILV.V,D,20230724,000000,41.51917,41.74666,39.50684,39.69524,4213.323312754293,0
ILV.V,D,20230725,000000,39.68563,39.88242,38.93572,39.64683,5112.303276234024,0
ILV.V,D,20230726,000000,39.68603,40.51919,39.23411,39.8788,3569.698247996009,0
ILV.V,D,20230727,000000,39.8816,41.99538,39.7608,41.34883,5141.58502576825,0
ILV.V,D,20230728,000000,41.43881,43.16834,41.37841,42.28873,9215.598423340496,0
ILV.V,D,20230729,000000,42.28915,42.42958,41.68,41.76875,1980.3352423819267,0
ILV.V,D,20230730,000000,41.75958,41.99622,40.93041,41.2067,2220.941173725419,0
ILV.V,D,20230731,000000,41.2267,41.40669,40.34556,40.53311,2913.9577302530984,0
ILV.V,D,20230801,000000,40.53351,40.99621,39.66326,40.82917,4418.309114571543,0
ILV.V,D,20230802,000000,40.83875,41.72539,40.47651,40.86669,4917.018734746024,0
ILV.V,D,20230803,000000,40.8363,43.73236,40.51985,42.98472,17503.82117290392,0
ILV.V,D,20230804,000000,43.08507,47.13518,42.59675,44.09132,46094.96381860515,0
ILV.V,D,20230805,000000,44.05135,49.52405,43.53169,47.78738,28051.328098456277,0
ILV.V,D,20230806,000000,47.80956,51.13787,46.49265,47.57768,33379.79943582595,0
ILV.V,D,20230807,000000,47.73516,49.18221,45.12398,45.81001,11267.722634333068,0
ILV.V,D,20230808,000000,45.78637,48.49981,45.36912,47.64285,6528.779955678606,0
ILV.V,D,20230809,000000,47.9828,47.9928,46.41958,47.05902,6055.819093357264,0
ILV.V,D,20230810,000000,47.27026,49.22776,46.5873,49.22776,5412.938387194582,0
ILV.V,D,20230811,000000,49.30768,54.58278,48.60112,53.59098,42749.41973190326,0
ILV.V,D,20230812,000000,53.68089,54.55195,51.89832,52.81988,12143.584075410694,0
ILV.V,D,20230813,000000,52.80988,53.85767,51.5644,52.13878,9166.535333136522,0
ILV.V,D,20230814,000000,52.1393,53.90173,51.03403,52.55002,7794.643266162218,0
ILV.V,D,20230815,000000,52.62993,53.01958,48.8562,49.1449,11968.658920830398,0
ILV.V,D,20230816,000000,49.14539,50.05384,47.46488,47.66655,8547.723573746072,0
ILV.V,D,20230817,000000,47.73409,49.937,42.91657,43.39525,40833.10955617269,0
ILV.V,D,20230818,000000,43.67558,46.13616,43.33867,44.40779,8003.8780807109515,0
ILV.V,D,20230819,000000,44.51352,45.92127,44.02371,45.19779,5150.41744161307,0
ILV.V,D,20230820,000000,45.1469,45.49045,44.79686,45.37773,2395.586378272733,0
ILV.V,D,20230821,000000,45.31819,45.82588,44.34758,44.58376,3190.7145836835857,0
ILV.V,D,20230822,000000,44.70329,44.72463,41.7179,42.13525,4016.918526512338,0
ILV.V,D,20230823,000000,42.12567,44.53906,42.1161,43.85167,3550.855390326282,0
ILV.V,D,20230824,000000,43.91946,44.36891,42.8677,43.10714,1347.980953175284,0
ILV.V,D,20230825,000000,43.16797,43.5191,42.12049,42.27589,2614.8986166083478,0
ILV.V,D,20230826,000000,42.23845,42.43962,41.78784,42.02771,2215.3722253784076,0
ILV.V,D,20230827,000000,42.05854,42.56615,41.85822,42.36965,2127.4746327620787,0
ILV.V,D,20230828,000000,42.31968,43.24361,41.52925,42.72077,5586.671238826247,0
ILV.V,D,20230829,000000,42.5283,46.5186,42.19045,44.7794,8821.578466915336,0
ILV.V,D,20230830,000000,44.90763,44.90763,44.07353,44.59,2680.2665201380837,0
ILV.V,D,20230831,000000,44.69955,44.77552,42.70231,42.76316,2428.0079989633286,0
ILV.V,D,20230901,000000,42.76444,43.14835,41.40804,42.1285,3155.6518065875384,0
ILV.V,D,20230902,000000,42.14187,42.33094,41.26587,41.74541,2987.6779486201,0
ILV.V,D,20230903,000000,41.74583,41.8433,41.04466,41.33256,1610.7897049167707,0
ILV.V,D,20230904,000000,41.36255,42.16861,40.95771,40.99606,4427.495605785309,0
ILV.V,D,20230905,000000,40.99016,41.94524,40.4753,41.38847,4797.187408563829,0
ILV.V,D,20230906,000000,41.38971,41.50965,40.42423,40.74513,2559.1271533157174,0
ILV.V,D,20230907,000000,40.77511,41.79324,40.73554,41.66874,3376.0667339438214,0
ILV.V,D,20230908,000000,41.74744,42.01445,40.98524,41.26422,2331.7487268063433,0
ILV.V,D,20230909,000000,41.26587,41.58835,41.00728,41.08931,1358.2966696599,0
ILV.V,D,20230910,000000,41.11725,41.16847,39.89322,40.28469,2244.7954707040053,0
ILV.V,D,20230911,000000,40.29549,40.48582,38.68684,38.87756,2159.3106667704965,0
ILV.V,D,20230912,000000,38.88755,40.53175,38.88755,40.12679,1961.5712972055078,0
ILV.V,D,20230913,000000,40.13759,40.36152,39.38212,39.94238,2481.7387470212598,0
ILV.V,D,20230914,000000,39.84797,40.94696,39.67564,40.22126,3616.8023444152996,0
ILV.V,D,20230915,000000,40.27127,40.76796,40.08401,40.76163,2818.357529951533,0
ILV.V,D,20230916,000000,40.71204,42.11758,40.71204,41.70375,2045.2655670647255,0
ILV.V,D,20230917,000000,41.74376,41.77543,40.66854,40.90982,2231.6270265093117,0
ILV.V,D,20230918,000000,40.89981,41.51457,40.4689,40.72692,5439.638321214599,0
ILV.V,D,20230919,000000,40.72652,41.21824,40.4593,40.6957,3664.740775306152,0
ILV.V,D,20230920,000000,40.72652,41.08739,40.29685,40.80326,2776.738448062869,0
ILV.V,D,20230921,000000,40.66081,40.84449,39.40921,39.77642,2546.749156430554,0
ILV.V,D,20230922,000000,39.9388,40.11398,39.48803,39.68762,2771.4531684219023,0
ILV.V,D,20230923,000000,39.69722,39.88199,39.41079,39.44237,1762.4043998390287,0
ILV.V,D,20230924,000000,39.49276,39.64357,39.12156,39.16196,2020.1110685427811,0
ILV.V,D,20230925,000000,39.24196,39.89362,38.38117,38.79806,5807.484639321409,0
ILV.V,D,20230926,000000,38.71806,39.101,38.45769,38.79331,2045.3787182690292,0
ILV.V,D,20230927,000000,38.75333,39.35888,38.49265,38.7613,3136.8867044334756,0
ILV.V,D,20230928,000000,38.77168,40.54041,38.71095,39.8192,4439.275365237617,0
ILV.V,D,20230929,000000,39.87681,40.82469,39.78881,40.29557,3499.102331131146,0
ILV.V,D,20230930,000000,40.37596,40.87,39.86359,39.89798,3510.5126732216486,0
ILV.V,D,20231001,000000,39.84757,41.00492,39.74397,40.73448,3742.936238119997,0
ILV.V,D,20231002,000000,40.77489,42.19223,40.03041,40.07162,4828.889823249307,0
ILV.V,D,20231003,000000,40.17165,40.51041,39.18039,39.38118,3034.9540948418403,0
ILV.V,D,20231004,000000,39.42315,39.5204,38.72155,39.36039,3949.4247811840864,0
ILV.V,D,20231005,000000,39.31725,39.42552,38.68508,39.07094,1994.5506604464001,0
ILV.V,D,20231006,000000,39.02092,39.94637,38.893,39.86634,2282.5599862637328,0
ILV.V,D,20231007,000000,39.94637,40.20648,39.28924,39.39283,1590.50301872313,0
ILV.V,D,20231008,000000,39.40245,39.59979,39.07968,39.19194,1633.6101131153682,0
ILV.V,D,20231009,000000,39.18193,39.23765,38.00836,38.59849,1743.1368190978294,0
ILV.V,D,20231010,000000,38.6585,44.27708,38.36345,39.86438,35138.917292537604,0
ILV.V,D,20231011,000000,39.91399,42.1803,39.28,40.9718,21364.63845161724,0
ILV.V,D,20231012,000000,40.97852,42.25774,39.014,39.31545,12081.438152453527,0
ILV.V,D,20231013,000000,39.29506,40.15474,39.19784,39.79085,5599.3330172048,0
ILV.V,D,20231014,000000,39.86163,39.9576,39.49565,39.71762,1834.5453053610004,0
ILV.V,D,20231015,000000,39.53723,41.1363,39.39118,39.63159,12570.407068870421,0
ILV.V,D,20231016,000000,39.77119,40.929,39.42315,40.0264,4512.255076326897,0
ILV.V,D,20231017,000000,40.0264,41.60204,39.7659,40.8151,12529.094279685009,0
ILV.V,D,20231018,000000,40.80509,41.25856,39.08782,39.18823,15495.461002459313,0
ILV.V,D,20231019,000000,39.25864,39.38748,38.53117,38.84553,5977.959976531087,0
ILV.V,D,20231020,000000,38.86515,39.98238,38.36917,39.57622,6978.21843765512,0
ILV.V,D,20231021,000000,39.62624,40.41939,39.27884,39.97958,4931.791950942574,0
ILV.V,D,20231022,000000,39.99959,40.61111,39.81353,39.95358,5099.857365064846,0
ILV.V,D,20231023,000000,40.0136,42.13063,39.95238,41.91136,8692.284579576322,0
ILV.V,D,20231024,000000,41.91178,47.63238,41.81131,45.59453,23960.556592250512,0
ILV.V,D,20231025,000000,45.40455,48.37306,45.40455,46.6712,13628.13701993903,0
ILV.V,D,20231026,000000,46.68027,49.6405,45.43773,48.53,11091.418359489197,0
ILV.V,D,20231027,000000,48.44048,51.55206,48.41048,50.32107,18169.88322904275,0
ILV.V,D,20231028,000000,50.4711,50.64114,49.0349,49.65794,6831.00598664673,0
ILV.V,D,20231029,000000,49.64844,50.94477,48.8988,50.82829,5847.562384563452,0
ILV.V,D,20231030,000000,50.82728,50.82728,48.84416,49.74591,5055.310565220895,0
ILV.V,D,20231031,000000,49.84894,51.07634,48.04489,48.69996,5687.40363841024,0
ILV.V,D,20231101,000000,48.70045,49.53991,47.42375,49.31528,5054.584109700485,0
ILV.V,D,20231102,000000,49.3553,51.38798,49.19574,50.38655,17252.10256688133,0
ILV.V,D,20231103,000000,50.44656,59.91336,49.83395,57.76252,40708.347816040296,0
ILV.V,D,20231104,000000,57.58245,61.98655,56.5998,61.92652,34779.387107342816,0
ILV.V,D,20231105,000000,62.03596,74.86461,61.6345,64.63166,85873.98766912513,0
ILV.V,D,20231106,000000,64.58162,68.22182,63.46757,66.75869,28089.00565535625,0
ILV.V,D,20231107,000000,66.69867,68.57605,61.01525,64.25826,37344.74856738833,0
ILV.V,D,20231108,000000,64.34959,81.84,63.82935,74.94648,147904.02629185378,0
ILV.V,D,20231109,000000,74.87722,95.54725,74.7039,91.81744,125241.11198039295,0
ILV.V,D,20231110,000000,91.66741,102.80953,84.24758,94.37811,178338.63152556043,0
ILV.V,D,20231111,000000,94.50817,97.57949,86.57105,91.49378,50963.087130056985,0
ILV.V,D,20231112,000000,91.55197,94.0801,88.62252,90.74628,42734.318739299306,0
ILV.V,D,20231113,000000,90.91726,95.41576,88.81326,88.88488,26812.188694613327,0
ILV.V,D,20231114,000000,89.01492,89.3643,79.9968,85.12106,35266.65748371381,0
ILV.V,D,20231115,000000,85.11106,94.94037,84.67524,92.64815,29622.976738436315,0
ILV.V,D,20231116,000000,92.76172,99.45169,83.64091,85.92859,47817.196998585,0
ILV.V,D,20231117,000000,85.70943,88.41238,80.23481,83.34833,26388.696330847077,0
ILV.V,D,20231118,000000,83.28831,86.69333,80.7723,86.66331,21751.380164287737,0
ILV.V,D,20231119,000000,86.72334,95.79692,84.84003,95.55202,18855.063899279005,0
ILV.V,D,20231120,000000,95.67208,111.07215,93.39761,104.48204,127945.48421069984,0
ILV.V,D,20231121,000000,104.5621,108.9786,90.0351,90.77539,58936.858701646874,0
ILV.V,D,20231122,000000,90.44436,107.31111,88.7237,104.0933,38709.79713249579,0
ILV.V,D,20231123,000000,104.37235,106.5402,96.55255,98.71382,29609.03101186837,0
ILV.V,D,20231124,000000,98.57478,102.8095,97.34406,100.6114,25173.374767532117,0
ILV.V,D,20231125,000000,100.3902,110.8321,99.44651,107.2232,37824.47853750346,0
ILV.V,D,20231126,000000,107.1032,118.4739,107.1032,118.0248,75326.16036530124,0
ILV.V,D,20231127,000000,117.4346,122.6578,110.6511,113.9823,84000.83298953803,0
ILV.V,D,20231128,000000,113.9523,119.753,104.749,117.0979,67549.10854873981,0
ILV.V,D,20231129,000000,117.0278,117.248,108.1914,110.0432,31534.87250868461,0
ILV.V,D,20231130,000000,110.0243,112.7647,105.3848,106.1517,27638.000879554773,0
ILV.V,D,20231201,000000,106.158,111.6535,105.8212,108.1332,25545.312222083725,0
ILV.V,D,20231202,000000,108.1232,115.8894,107.6327,113.281,20272.018371139256,0
ILV.V,D,20231203,000000,113.6022,115.2641,109.6016,112.1692,18216.612433873,0
ILV.V,D,20231204,000000,112.1304,115.3023,106.2653,112.1956,42903.367233644094,0
ILV.V,D,20231205,000000,112.2056,112.7456,105.2595,109.7432,29987.416212138847,0
ILV.V,D,20231206,000000,109.7832,113.7846,98.0008,98.8809,44647.61347302315,0
ILV.V,D,20231207,000000,98.9409,104.3413,95.4224,102.956,41050.379799443486,0
ILV.V,D,20231208,000000,103.4472,105.8185,102.4076,102.6038,19435.790157481184,0
ILV.V,D,20231209,000000,102.5538,111.3867,102.2956,108.9994,42635.61928911224,0
ILV.V,D,20231210,000000,108.9194,116.4805,105.2,108.2032,42646.06795368168,0
ILV.V,D,20231211,000000,108.2032,108.9111,94.1075,99.2254,41363.331117269605,0
ILV.V,D,20231212,000000,99.35428,102.7933,94.31921,97.30717,28732.100604404117,0
ILV.V,D,20231213,000000,97.4571,101.19506,92.21218,100.083,23278.623982046538,0
ILV.V,D,20231214,000000,100.028,103.7293,97.6688,103.0565,21219.86620728303,0
ILV.V,D,20231215,000000,103.0365,106.1549,95.36049,95.43859,27425.123898146572,0
ILV.V,D,20231216,000000,95.54051,97.033,92.95419,94.0038,12100.443021154913,0
ILV.V,D,20231217,000000,94.04376,94.53904,89.43481,89.58763,23308.72787392461,0
ILV.V,D,20231218,000000,89.60671,92.00134,82.41493,91.74247,32105.29702635109,0
ILV.V,D,20231219,000000,91.70248,93.81279,86.09262,88.195,23815.75187933434,0
ILV.V,D,20231220,000000,88.03596,94.77095,86.55403,91.36274,24485.85407925645,0
ILV.V,D,20231221,000000,91.41274,94.79853,90.0083,94.62798,20273.694298998744,0
ILV.V,D,20231222,000000,94.85802,99.44684,93.27331,98.52778,29629.34263771333,0
ILV.V,D,20231223,000000,98.52876,100.6805,94.30103,98.49824,28004.337343964482,0
ILV.V,D,20231224,000000,98.48922,104.3515,97.94112,100.6464,27627.921430336417,0
ILV.V,D,20231225,000000,100.6654,110.3133,99.2236,107.7237,58444.9159652301,0
ILV.V,D,20231226,000000,107.4526,109.432,94.61445,99.54905,37358.23901302689,0
ILV.V,D,20231227,000000,99.33106,107.4079,94.45717,104.2146,31384.47593630897,0
ILV.V,D,20231228,000000,104.3346,107.1928,97.60317,98.87941,29590.83325791528,0
ILV.V,D,20231229,000000,99.00156,100.7784,94.00188,95.86917,19611.715887450293,0
ILV.V,D,20231230,000000,96.03016,98.29098,93.26907,94.18717,9785.982292232562,0
ILV.V,D,20231231,000000,94.26717,95.26238,88.74491,89.66758,21409.378080550705,0
ILV.V,D,20240101,000000,89.78665,96.57028,89.33319,93.38774,19692.16273691903,0
ILV.V,D,20240102,000000,93.42775,98.55567,91.73201,93.0144,19602.09951667169,0
ILV.V,D,20240103,000000,93.15445,94.98659,76.22724,85.49162,26934.64969947924,0
ILV.V,D,20240104,000000,85.36328,92.25253,84.55831,91.46872,18622.44977231131,0
ILV.V,D,20240105,000000,91.46872,93.02386,82.74714,85.94699,20515.40685829711,0
ILV.V,D,20240106,000000,85.90781,88.48073,82.13796,84.4498,14391.858534678011,0
ILV.V,D,20240107,000000,84.48066,85.97468,78.88124,78.9605,18899.394827292876,0
ILV.V,D,20240108,000000,79.02976,88.32325,75.18058,86.72712,24384.931174944606,0
ILV.V,D,20240109,000000,86.60701,86.60701,79.93998,84.6954,11607.688368358813,0
ILV.V,D,20240110,000000,84.62623,94.80664,83.2608,94.68272,16556.32756040015,0
ILV.V,D,20240111,000000,94.6546,99.79183,92.73854,94.76474,23720.917599338864,0
ILV.V,D,20240112,000000,94.81043,97.89392,84.10771,86.17654,22374.6096122406,0
ILV.V,D,20240113,000000,85.97752,90.32832,84.08561,90.26743,10383.290693706322,0
ILV.V,D,20240114,000000,90.20834,90.32013,85.32817,86.63493,6457.713140790564,0
ILV.V,D,20240115,000000,86.46848,88.84907,83.95884,86.24059,21042.516102818205,0
ILV.V,D,20240116,000000,86.2597,88.86707,84.06869,87.9668,13367.546286351784,0
ILV.V,D,20240117,000000,88.06591,89.37933,85.72197,86.39352,8274.639265182737,0
ILV.V,D,20240118,000000,86.48343,87.02725,80.42578,83.06602,20079.259527255774,0
ILV.V,D,20240119,000000,82.93615,83.523,77.9835,82.38835,20391.24002533715,0
ILV.V,D,20240120,000000,82.21935,83.72129,80.39288,83.72129,6525.222857605581,0
ILV.V,D,20240121,000000,83.56142,84.27519,81.94916,82.09907,8288.110194261264,0
ILV.V,D,20240122,000000,82.29812,82.51798,76.88071,77.53695,7897.300413588151,0
ILV.V,D,20240123,000000,77.53695,79.13,72.5472,75.81323,12331.236605944448,0
ILV.V,D,20240124,000000,76.03227,77.9607,73.02981,73.30113,14769.0901083354,0
ILV.V,D,20240125,000000,73.33185,74.22955,71.09877,72.03036,13805.750432930548,0
ILV.V,D,20240126,000000,71.95113,75.28214,71.05446,74.83428,10442.978826737026,0
ILV.V,D,20240127,000000,74.83353,75.65957,72.29277,72.98927,11667.34451385161,0
ILV.V,D,20240128,000000,73.02927,76.39542,72.9049,73.61969,15880.262390208896,0
ILV.V,D,20240129,000000,73.66821,77.47155,72.90469,77.22077,8341.15837881161,0
ILV.V,D,20240130,000000,77.13077,78.86448,76.43924,77.95922,13354.3963117322,0
ILV.V,D,20240131,000000,78.09922,78.37922,72.9484,73.58729,10069.889750673161,0
ILV.V,D,20240201,000000,73.58877,73.98965,70.5743,73.29874,11608.309364988829,0
ILV.V,D,20240202,000000,73.23875,74.97073,72.49648,74.13217,9075.570181241079,0
ILV.V,D,20240203,000000,74.05073,75.01496,73.41768,73.61496,4704.087937639879,0
ILV.V,D,20240204,000000,73.7849,73.82489,72.10331,72.46882,4748.474949621343,0
ILV.V,D,20240205,000000,72.41885,73.30662,70.36757,70.94765,7047.78123798801,0
ILV.V,D,20240206,000000,70.99829,74.36917,70.81994,74.10702,7171.530681814734,0
ILV.V,D,20240207,000000,73.99705,78.60742,72.97792,77.6237,11630.16574908323,0
ILV.V,D,20240208,000000,77.71445,80.59436,76.77235,78.16641,22756.672802460067,0
ILV.V,D,20240209,000000,78.06561,88.75484,77.17926,85.84062,27960.89323085604,0
ILV.V,D,20240210,000000,85.85062,91.97667,85.20599,90.32528,16959.945249457058,0
ILV.V,D,20240211,000000,89.89606,97.89892,89.0267,94.73747,29861.457240778273,0
ILV.V,D,20240212,000000,94.82749,97.98722,92.36031,93.49018,27099.55157182772,0
ILV.V,D,20240213,000000,93.67026,98.04152,91.40645,97.05784,44045.818079344215,0
ILV.V,D,20240214,000000,97.03783,105.1462,95.31858,103.0119,41447.58143605112,0
ILV.V,D,20240215,000000,103.1058,104.8211,98.2162,99.68665,31677.03048749849,0
ILV.V,D,20240216,000000,99.83678,102.1398,95.87121,97.10471,14897.95093400337,0
ILV.V,D,20240217,000000,97.11375,98.03466,93.27475,95.10092,17761.21429860138,0
ILV.V,D,20240218,000000,94.86181,101.7512,93.88566,101.5712,14731.173287238396,0
ILV.V,D,20240219,000000,101.4722,107.4218,101.4722,105.9654,40568.493834419976,0
ILV.V,D,20240220,000000,106.0254,106.1644,94.9357,100.6291,24102.9801041643,0
ILV.V,D,20240221,000000,100.4601,101.9614,92.0008,96.25192,21698.95233851537,0
ILV.V,D,20240222,000000,96.39904,99.88203,93.86094,96.74903,10675.961512387423,0
ILV.V,D,20240223,000000,96.77805,96.829,92.63815,94.58676,8222.078696938092,0
ILV.V,D,20240224,000000,94.62675,97.74849,92.89257,96.72,6315.850948623087,0
ILV.V,D,20240225,000000,96.71903,102.051,96.63,100.826,8092.616764039062,0
ILV.V,D,20240226,000000,100.788,113.6413,99.963,112.2018,54608.18709788234,0
ILV.V,D,20240227,000000,112.2518,136.0544,109.7047,124.1897,161766.30487223744,0
ILV.V,D,20240228,000000,124.2097,128.164,104.3964,117.282,70017.28233866899,0
ILV.V,D,20240229,000000,117.272,123.7535,111.4002,112.9966,38328.25649209881,0
ILV.V,D,20240301,000000,113.0166,120.4518,112.9655,117.7418,20618.770320648473,0
ILV.V,D,20240302,000000,117.6393,123.7772,117.6393,120.1076,32019.16153524358,0
ILV.V,D,20240303,000000,120.1476,129.6535,112.231,119.8239,44771.34537779625,0
ILV.V,D,20240304,000000,119.8539,121.755,111.5268,116.4079,36834.69318738211,0
ILV.V,D,20240305,000000,116.2778,121.6824,96.297,108.0045,41897.45336748002,0
ILV.V,D,20240306,000000,107.9244,117.4776,107.8554,116.048,30140.513022001036,0
ILV.V,D,20240307,000000,115.9379,122.4912,112.1761,120.5321,33503.61277852481,0
ILV.V,D,20240308,000000,120.7424,124.7983,114.3322,118.7492,27304.62007363043,0
ILV.V,D,20240309,000000,118.7179,150.1381,118.4701,144.2708,127588.91072120777,0
ILV.V,D,20240310,000000,144.6801,158.6018,138.7402,139.954,79934.85556750931,0
ILV.V,D,20240311,000000,140.0241,145.9704,134.2117,142.2384,27851.596091236755,0
ILV.V,D,20240312,000000,142.2985,144.499,128.0254,134.9621,17425.048159833645,0
ILV.V,D,20240313,000000,135.0695,148.0847,134.6935,143.8963,23235.457238318446,0
ILV.V,D,20240314,000000,143.7919,146.3131,131.1265,138.2116,10176.10892546228,0
ILV.V,D,20240315,000000,138.2516,146.0116,122.1126,139.0839,54896.887034573345,0
ILV.V,D,20240316,000000,138.7425,161.9998,134.761,135.54,80896.93511657142,0
ILV.V,D,20240317,000000,135.59,142.9128,130.0007,139.8245,33586.713221893995,0
ILV.V,D,20240318,000000,139.8344,141.612,126.7521,128.5923,23977.93940840949,0
ILV.V,D,20240319,000000,128.8123,131.3429,112.8182,115.5875,25668.793911899364,0
ILV.V,D,20240320,000000,115.8068,128.1682,111.4511,127.5687,17613.073136003306,0
ILV.V,D,20240321,000000,131.1603,135.7149,126.738,129.9801,8322.707111919215,0
ILV.V,D,20240322,000000,129.9301,134.0446,121.8858,123.7072,11036.47184610087,0
ILV.V,D,20240323,000000,123.6772,129.6426,123.2783,125.72,13140.852308509015,0
ILV.V,D,20240324,000000,125.5787,128.8468,122.343,128.551,9558.086202768733,0
ILV.V,D,20240325,000000,128.6523,143.4017,127.4936,141.0468,27003.053616949368,0
ILV.V,D,20240326,000000,140.9211,154.9985,139.9452,148.4215,90584.09548350482,0
ILV.V,D,20240327,000000,148.573,155.4678,140.677,144.8193,97538.66924489773,0
ILV.V,D,20240328,000000,144.9364,147.1323,135.031,137.1774,37540.189098963536,0
ILV.V,D,20240329,000000,137.1088,138.3407,132.1102,134.9648,23962.971770925196,0
ILV.V,D,20240330,000000,134.9034,137.1309,133.348,134.2823,21857.04016299883,0
ILV.V,D,20240331,000000,134.3324,142.7314,133.6321,140.2954,26613.29542831703,0
ILV.V,D,20240401,000000,140.7969,143.2244,129.7961,139.3529,43884.28051741561,0
ILV.V,D,20240402,000000,139.3415,140.6933,121.1088,123.6194,45294.089770086,0
ILV.V,D,20240403,000000,123.5994,126.4293,119.6139,122.1366,28369.979913505635,0
ILV.V,D,20240404,000000,122.0754,128.9945,119.6515,123.7084,33470.8747627713,0
ILV.V,D,20240405,000000,123.6397,124.5899,116.9034,122.1915,28626.719946436184,0
ILV.V,D,20240406,000000,122.1442,124.7174,120.8031,123.1708,15379.345489999343,0
ILV.V,D,20240407,000000,123.1508,127.084,122.1842,124.8112,15564.880777065897,0
ILV.V,D,20240408,000000,124.87,133.4147,124.1963,131.9721,24360.14402587135,0
ILV.V,D,20240409,000000,132.2334,140.9015,125.937,126.5917,100760.82586482557,0
ILV.V,D,20240410,000000,126.6017,126.8816,119.3297,124.0263,10853.889041459663,0
ILV.V,D,20240411,000000,124.5375,128.751,121.7854,123.8687,17970.42043312501,0
ILV.V,D,20240412,000000,124.0099,126.6038,94.8649,102.9209,37119.76880119307,0
ILV.V,D,20240413,000000,102.7898,105.1431,81.74861,88.29146,46026.40305563241,0
ILV.V,D,20240414,000000,88.50163,97.46189,87.14053,95.51769,26770.600619087494,0
ILV.V,D,20240415,000000,95.56866,106.5217,94.00698,96.15634,17988.789200463987,0
ILV.V,D,20240416,000000,96.2754,98.15865,90.15145,94.63892,11398.529857811185,0
ILV.V,D,20240417,000000,94.65893,94.65893,84.86915,87.85034,15312.222009604358,0
ILV.V,D,20240418,000000,87.87033,93.57806,85.05701,92.91787,10798.031461592482,0
ILV.V,D,20240419,000000,92.92787,96.82322,84.76932,96.4699,10114.607472467322,0
ILV.V,D,20240420,000000,96.31659,102.1157,93.59742,100.3501,7397.470670838905,0
ILV.V,D,20240421,000000,100.2091,101.2254,97.40142,99.14685,3133.0859311619947,0
ILV.V,D,20240422,000000,99.16686,105.6006,98.91385,104.4703,6925.249118634578,0
ILV.V,D,20240423,000000,104.6103,107.6019,102.9073,104.0679,4083.148174882577,0
ILV.V,D,20240424,000000,103.9779,106.9543,97.56309,98.88993,6971.4895590946735,0
ILV.V,D,20240425,000000,98.90892,99.24241,93.99932,98.58279,6558.720510676489,0
ILV.V,D,20240426,000000,98.49284,98.70987,94.73841,97.26,3620.7919227487155,0
ILV.V,D,20240427,000000,96.93239,99.3503,92.93766,98.24166,5708.385392610783,0
ILV.V,D,20240428,000000,98.0217,105.6889,97.87164,103.7977,10121.605354147558,0
ILV.V,D,20240429,000000,103.9404,104,97.67114,98.72038,5001.37071814251,0
ILV.V,D,20240430,000000,98.95031,100.90043,88.28136,90.37236,12049.855043890313,0
ILV.V,D,20240501,000000,90.38144,94.24189,85.69961,91.40269,9303.183123150708,0
ILV.V,D,20240502,000000,91.43264,92.57093,88.30957,92.0746,5020.406866057002,0
ILV.V,D,20240503,000000,92.08368,98.04214,89.69013,97.21178,11569.243221241279,0
ILV.V,D,20240504,000000,97.35087,100.37803,96.16115,98.46886,12502.971601596359,0
ILV.V,D,20240505,000000,98.42984,100.489,95.85246,97.99176,5398.919250209814,0
ILV.V,D,20240506,000000,98.3318,101.10798,94.55756,96.23192,6423.659997045646,0
ILV.V,D,20240507,000000,96.16096,96.94,93.96,94.73716,3836.0626162520502,0
ILV.V,D,20240508,000000,94.50244,94.65716,87.34253,88.07181,17452.659607044432,0
ILV.V,D,20240509,000000,87.93185,90.12369,85.94475,89.89651,4092.0811326726725,0
ILV.V,D,20240510,000000,89.89561,91.61809,82.88596,83.42413,9383.15293026777,0
ILV.V,D,20240511,000000,83.48411,85.04788,82.7318,83.08172,3612.312794021745,0
ILV.V,D,20240512,000000,83.06172,86.42542,82.34199,82.92516,6602.473549813687,0
ILV.V,D,20240513,000000,82.92433,83.70813,78.27808,80.24197,10482.781513819136,0
ILV.V,D,20240514,000000,80.18118,80.30474,76.74007,78.78163,9080.247247754041,0
ILV.V,D,20240515,000000,78.84161,86.06536,78.1423,85.37034,7350.719886044115,0
ILV.V,D,20240516,000000,85.22515,85.80831,80.44437,81.23731,6864.852891654486,0
ILV.V,D,20240517,000000,81.20731,86.24535,80.50805,84.63961,5166.532848278729,0
ILV.V,D,20240518,000000,84.54958,85.29217,83.53921,84.78526,3250.1388389288927,0
ILV.V,D,20240519,000000,84.68439,85.19596,80.65919,81.19432,4940.899832116046,0
ILV.V,D,20240520,000000,81.17432,93.58648,80.07,93.55554,11957.914810836694,0
ILV.V,D,20240521,000000,93.56554,97.39565,91.6645,94.14023,11554.396627827922,0
ILV.V,D,20240522,000000,94.24455,95.39187,91.42537,94.00956,6077.1585417242095,0
ILV.V,D,20240523,000000,94.07953,101.6851,92.96163,99.03757,20363.71481188349,0
ILV.V,D,20240524,000000,99.01659,99.02658,90.18121,92.19893,9030.365094586914,0
ILV.V,D,20240525,000000,92.18894,93.94241,91.10178,91.45171,4179.254512771796,0
ILV.V,D,20240526,000000,91.28174,93.29306,90.09657,91.49339,2748.5231553111216,0
ILV.V,D,20240527,000000,91.77419,93.69562,89.54946,90.37772,11538.924465683085,0
ILV.V,D,20240528,000000,90.08892,91.12604,86.86651,88.75269,15807.423876757452,0
ILV.V,D,20240529,000000,88.68278,90.9925,86.59245,87.07411,13724.750065558124,0
ILV.V,D,20240530,000000,87.03329,88.09475,84.44691,85.36926,5062.435801042744,0
ILV.V,D,20240531,000000,85.17932,87.59478,84.41073,85.23845,5486.01818525815,0
ILV.V,D,20240601,000000,85.35916,86.41389,82.99358,84.44478,10177.231817495864,0
ILV.V,D,20240602,000000,84.43479,86.81962,81.76927,82.42629,17646.395156198094,0
ILV.V,D,20240603,000000,82.44628,89.9993,81.80171,87.92593,30254.215435999962,0
ILV.V,D,20240604,000000,88.10502,98.89032,87.78507,92.42,54401.178918506426,0
ILV.V,D,20240605,000000,92.02,92.84836,88.80378,90.66816,16546.828728795146,0
ILV.V,D,20240606,000000,90.69816,96.41949,90.4,94.52974,22395.704308139222,0
ILV.V,D,20240607,000000,94.49975,96.93792,81.33407,86.08814,15067.716741442558,0
ILV.V,D,20240608,000000,85.97732,86.58622,82.12097,82.4701,6992.055161811206,0
ILV.V,D,20240609,000000,82.36094,85.99054,81.72101,84.48648,4672.010484018517,0
ILV.V,D,20240610,000000,84.64846,87.66159,83.20586,84.64629,9721.09620240268,0
ILV.V,D,20240611,000000,84.37877,84.52026,77.95944,79.94481,8749.890102329835,0
ILV.V,D,20240612,000000,79.9932,86.00774,77.74223,83.60157,9128.385684733877,0
ILV.V,D,20240613,000000,83.68154,83.69735,78.80083,79.958,4594.07212822827,0
ILV.V,D,20240614,000000,79.968,81.84677,76.29343,79.24211,8302.226698000253,0
ILV.V,D,20240615,000000,79.01465,80.75233,78.01238,80.1243,4954.601134723775,0
ILV.V,D,20240616,000000,80.04515,80.40562,78.83109,79.52474,4445.77799109464,0
ILV.V,D,20240617,000000,79.63624,80.82985,73.10538,75.87508,7599.302979579417,0
ILV.V,D,20240618,000000,75.89507,76.00426,68.13546,71.88044,12810.418332235997,0
ILV.V,D,20240619,000000,71.72053,75.02199,69.88274,71.29147,18899.794313750914,0
ILV.V,D,20240620,000000,71.34074,73.76048,69.47064,70.58914,6211.668554281144,0
ILV.V,D,20240621,000000,70.58985,72.45432,69.37418,71.7255,6164.860958816766,0
ILV.V,D,20240622,000000,71.63556,72.78974,65.66992,67.33306,36025.89572710048,0
ILV.V,D,20240623,000000,67.32306,68.52817,64.48806,64.76528,6930.987801605107,0
ILV.V,D,20240624,000000,64.666,65.04769,60.80167,63.64351,9630.527034449995,0
ILV.V,D,20240625,000000,63.72281,67.51555,63.43874,67.04793,7268.033732298057,0
ILV.V,D,20240626,000000,67.14455,67.82168,65.3104,67.29421,5696.373319194184,0
ILV.V,D,20240627,000000,67.32879,68.08843,65.34917,66.58663,6649.178113309256,0
ILV.V,D,20240628,000000,66.76042,67.95995,64.85931,65.33104,3197.5430383678804,0
ILV.V,D,20240629,000000,65.28981,66.08741,64.47151,64.9188,3364.4397067127134,0
ILV.V,D,20240630,000000,64.99866,66.94533,63.98617,66.09138,9456.053662030832,0
ILV.V,D,20240701,000000,66.04747,69.91161,66.04747,68.75291,7895.548530804466,0
ILV.V,D,20240702,000000,69.06602,69.24583,67.87892,68.97016,3373.047302308935,0
ILV.V,D,20240703,000000,68.92954,69.21255,63.65862,64.68747,5171.528297723874,0
ILV.V,D,20240704,000000,64.62818,64.82796,58.31156,60.65601,8964.863157016707,0
ILV.V,D,20240705,000000,60.65601,60.75596,50.93981,55.9328,17172.592989028963,0
ILV.V,D,20240706,000000,55.83502,58.91705,54.87055,58.64176,6533.594974446914,0
ILV.V,D,20240707,000000,58.67117,58.97472,55.12449,55.79386,3701.9035658208704,0
ILV.V,D,20240708,000000,55.81386,58.31067,52.10531,56.68546,10648.540979073066,0
ILV.V,D,20240709,000000,56.73489,59.25585,56.46435,58.22884,6350.515582527162,0
ILV.V,D,20240710,000000,58.26942,60.58849,57.50173,59.46524,6640.010776092789,0
ILV.V,D,20240711,000000,59.41584,65.45411,58.39825,63.65809,21669.94951839208,0
ILV.V,D,20240712,000000,63.88872,65.90934,62.14118,62.53188,19508.10513826394,0
ILV.V,D,20240713,000000,62.55188,65.90593,62.00984,64.85102,8687.427093440152,0
ILV.V,D,20240714,000000,64.73165,66.64065,64.15668,66.39389,7209.091053996682,0
ILV.V,D,20240715,000000,66.53394,67.95396,65.89635,67.32364,8359.842254570287,0
ILV.V,D,20240716,000000,67.46304,68.79163,63.86852,66.53663,13483.80052223765,0
ILV.V,D,20240717,000000,66.57664,69.16314,65.89713,68.27614,7975.0059151884025,0
ILV.V,D,20240718,000000,68.33615,74.45596,68.15932,72.05487,24996.27824342048,0
ILV.V,D,20240719,000000,72.23555,73.06538,67.28721,71.95021,13299.46706307519,0
ILV.V,D,20240720,000000,71.9402,75.72952,71.61865,75.55247,8181.300133642193,0
ILV.V,D,20240721,000000,75.58173,78.07029,71.55862,75.5251,10631.64779420857,0
ILV.V,D,20240722,000000,75.65513,76.19,70.92922,71.94158,13337.658579473216,0
ILV.V,D,20240723,000000,71.82154,73.29,67.54878,69.51834,6219.842240768904,0
ILV.V,D,20240724,000000,69.36763,73.60957,69.07622,70.21736,10253.898870973084,0
ILV.V,D,20240725,000000,70.12737,70.47449,65.61278,69.45916,23300.79743678009,0
ILV.V,D,20240726,000000,69.54191,70.17315,66.31138,67.62932,9306.364499223251,0
ILV.V,D,20240727,000000,67.48,68.08204,57.77867,61.46877,58845.33510680625,0
ILV.V,D,20240728,000000,61.47816,65.09219,60.30879,61.32387,33358.36502259899,0
ILV.V,D,20240729,000000,61.39386,63.80234,59.25578,60.44335,13595.11855875318,0
ILV.V,D,20240730,000000,60.55273,60.68272,58.14197,58.7018,4648.264736120032,0
ILV.V,D,20240731,000000,58.71238,59.61913,56.17302,57.00776,5533.120019438566,0
ILV.V,D,20240801,000000,56.94949,56.97492,51.45262,53.94573,10037.089892384814,0
ILV.V,D,20240802,000000,54.02674,54.84005,50.53245,51.14112,7370.885356367712,0
ILV.V,D,20240803,000000,51.0817,52.21924,47.93114,49.08905,13111.176677608848,0
ILV.V,D,20240804,000000,49.09905,50.2778,43.50256,45.90668,16291.943326803457,0
ILV.V,D,20240805,000000,45.80671,46.40282,34.73757,38.887,58734.15571808854,0
ILV.V,D,20240806,000000,38.99741,43.43912,38.83544,42.5866,12370.46286148348,0
ILV.V,D,20240807,000000,42.84585,43.84016,39.17705,39.78398,10207.255968003861,0
ILV.V,D,20240808,000000,39.75397,44.89302,39.04093,44.86346,6103.705730395249,0
ILV.V,D,20240809,000000,44.85345,47.18226,44.41288,45.174,5203.789114552459,0
ILV.V,D,20240810,000000,45.51411,45.57775,44.24841,45.36862,3170.4073062505086,0
ILV.V,D,20240811,000000,45.2586,46.97611,43.22432,43.46435,4395.5963529550145,0
ILV.V,D,20240812,000000,43.57436,48.11529,42.75239,46.13507,18515.395246115593,0
ILV.V,D,20240813,000000,46.09461,47.17472,44.35843,46.41557,4189.209885145186,0
ILV.V,D,20240814,000000,46.3351,46.69867,44.32374,44.45356,5186.5808068960005,0
ILV.V,D,20240815,000000,44.424,44.92629,41.8546,42.51765,6306.002573480526,0
ILV.V,D,20240816,000000,42.54766,43.88614,41.90754,43.03248,4745.199863074662,0
ILV.V,D,20240817,000000,43.09014,43.18166,39.79477,40.90327,23214.095006521424,0
ILV.V,D,20240818,000000,40.90368,44.22796,40.89368,43.33823,10003.205945155762,0
ILV.V,D,20240819,000000,43.58872,43.77832,41.82087,42.93944,12241.92117061309,0
ILV.V,D,20240820,000000,43.01946,44.21165,42.0063,42.69,12438.037878784404,0
ILV.V,D,20240821,000000,42.71043,44.85031,41.77334,44.58357,8893.915903545987,0
ILV.V,D,20240822,000000,44.69358,45.45682,43.44782,44.74224,7407.343214053175,0
ILV.V,D,20240823,000000,44.83359,48.08035,44.46534,47.97835,14443.334463336605,0
ILV.V,D,20240824,000000,48.01838,51.89556,47.49132,48.64702,23508.90499013798,0
ILV.V,D,20240825,000000,48.72705,49.15474,46.75636,48.67703,6142.878534686736,0
ILV.V,D,20240826,000000,48.77707,48.8871,43.58872,44.16751,7255.20765868461,0
ILV.V,D,20240827,000000,44.11794,45.09361,40.72756,41.15,5806.477332922839,0
ILV.V,D,20240828,000000,41.12,41.57083,38.55308,40.25362,13762.835039940523,0
ILV.V,D,20240829,000000,40.19362,40.83857,38.2723,38.91961,11325.591072229956,0
ILV.V,D,20240830,000000,38.83883,39.65159,36.95224,38.465,9296.645339476428,0
ILV.V,D,20240831,000000,38.51461,38.89105,37.28814,37.70284,4399.179949257747,0
ILV.V,D,20240901,000000,37.64376,37.79244,35.62359,36.34382,9163.720766983548,0
ILV.V,D,20240902,000000,36.34382,38.35655,34.97755,38.03391,15029.103494469795,0
ILV.V,D,20240903,000000,37.96392,38.76729,36.21768,36.54196,6457.145259071135,0
ILV.V,D,20240904,000000,36.5127,38.03962,34.04081,37.60549,7262.069393236443,0
ILV.V,D,20240905,000000,37.57587,37.72623,35.61074,35.97668,10236.276571177284,0
ILV.V,D,20240906,000000,35.92706,37.29179,33.16275,34.23219,10638.772772158403,0
ILV.V,D,20240907,000000,34.26252,36.28637,34.14531,35.79642,4732.497156720579,0
ILV.V,D,20240908,000000,35.79606,36.86041,35.44575,36.15675,3837.399840225727,0
ILV.V,D,20240909,000000,36.13193,38.485,35.92605,38.06685,6093.943825109551,0
ILV.V,D,20240910,000000,38.14687,39.21,37.50887,38.82728,7770.105526536332,0
ILV.V,D,20240911,000000,38.85728,38.98766,35.77356,37.18335,21358.12235085017,0
ILV.V,D,20240912,000000,37.16334,39.40606,37.05333,39.28686,8398.320887458689,0
ILV.V,D,20240913,000000,39.30686,40.91636,38.58807,40.68627,10791.262706773825,0
ILV.V,D,20240914,000000,40.80632,41.01886,39.78875,40.10762,10534.580990998713,0
ILV.V,D,20240915,000000,40.04721,40.35726,37.63301,37.72302,7900.547939893481,0
ILV.V,D,20240916,000000,37.88038,37.89894,35.36585,35.7932,24132.881753392445,0
ILV.V,D,20240917,000000,35.69322,38.41192,35.5129,37.82378,12482.37950092434,0
ILV.V,D,20240918,000000,37.87341,38.5173,36.2,38.10152,12041.225178787805,0
ILV.V,D,20240919,000000,38.10114,40.36767,38.10114,39.68397,15002.512929377112,0
ILV.V,D,20240920,000000,39.65436,41.6425,38.71542,41.06287,12176.151969713115,0
ILV.V,D,20240921,000000,41.09822,41.54374,39.62,40.09401,18467.431342424585,0
ILV.V,D,20240922,000000,40.13401,41.00369,38.11,38.11,14223.718161579975,0
ILV.V,D,20240923,000000,38.16618,40.88632,37.03778,38.00848,58716.382230476054,0
ILV.V,D,20240924,000000,38.02848,42.861,37.16294,41.19794,74189.78621743593,0
ILV.V,D,20240925,000000,41.25794,42.75786,40.30476,40.71348,29763.76850542678,0
ILV.V,D,20240926,000000,40.69349,42.27423,39.07984,41.43414,30330.839425091744,0
ILV.V,D,20240927,000000,41.46373,46.41696,40.69285,45.82825,42798.93005875022,0
ILV.V,D,20240928,000000,45.96827,47.43522,43.50565,44.07485,29880.314141752115,0
ILV.V,D,20240929,000000,44.12117,44.7579,42.53125,44.27443,16980.030022716517,0
ILV.V,D,20240930,000000,44.27114,44.53671,41.66666,42.05654,10752.060727121554,0
ILV.V,D,20241001,000000,42.04696,42.56615,35.80033,37.60022,23878.135829357645,0
ILV.V,D,20241002,000000,37.46026,38.79146,35.09754,35.86067,19826.25378771423,0
ILV.V,D,20241003,000000,35.79033,36.88447,34.83477,35.77571,13115.027901602942,0
ILV.V,D,20241004,000000,35.63608,37.66699,35.57609,37.29963,10026.556590505272,0
ILV.V,D,20241005,000000,37.34925,37.56699,35.85462,36.12458,7539.240072999049,0
ILV.V,D,20241006,000000,36.20457,37.54249,36.13566,36.83374,5489.7261539510955,0
ILV.V,D,20241007,000000,36.8641,38.95909,36.84374,37.80865,7617.000865555755,0
ILV.V,D,20241008,000000,37.6587,37.74867,35.85955,36.72354,8299.517200908665,0
ILV.V,D,20241009,000000,36.67321,36.93708,34.14924,34.60882,12462.938163329367,0
ILV.V,D,20241010,000000,34.56094,35.6939,34.05397,35.17162,12231.208363795362,0
ILV.V,D,20241011,000000,35.26188,37.12997,34.94922,36.88484,11822.646296512261,0
ILV.V,D,20241012,000000,36.9052,38.10856,36.63644,37.52874,11788.138095209155,0
ILV.V,D,20241013,000000,37.44374,37.48837,35.70928,36.95484,12396.111203670367,0
ILV.V,D,20241014,000000,37.0337,39.06219,36.46468,38.54383,14921.46607144025,0
ILV.V,D,20241015,000000,38.56421,39.18412,36.65047,37.53061,21612.13192667023,0
ILV.V,D,20241016,000000,37.5806,37.93203,36.0782,36.46198,14406.783368819591,0
ILV.V,D,20241017,000000,36.63267,36.76448,34.71889,35.16769,10965.844286430805,0
ILV.V,D,20241018,000000,35.19768,37.00593,34.78504,36.36527,12263.264187563545,0
ILV.V,D,20241019,000000,36.35527,37.81168,36.27528,36.90151,16883.706320768593,0
ILV.V,D,20241020,000000,36.83105,42.13368,36.23493,40.2867,78037.84530429957,0
ILV.V,D,20241021,000000,40.29208,40.88364,37.7449,39.09357,31170.078018135948,0
ILV.V,D,20241022,000000,39.08358,39.22645,37.21654,38.83241,16114.110982648308,0
ILV.V,D,20241023,000000,38.86239,40.39321,35.36935,36.46095,34101.466366448505,0
ILV.V,D,20241024,000000,36.54013,38.43231,36.0846,38.00642,17584.49975872255,0
ILV.V,D,20241025,000000,37.86651,37.90648,35.0837,36.045,11737.66106839046,0
ILV.V,D,20241026,000000,36.05498,36.06497,31.95744,34.21512,22050.801048017525,0
ILV.V,D,20241027,000000,34.24508,36.08086,34.06532,35.56086,7729.359537330789,0
ILV.V,D,20241028,000000,35.69427,35.92484,33.99346,35.59649,14092.003143747279,0
ILV.V,D,20241029,000000,35.62505,37.55399,35.50762,36.76786,16059.704306039113,0
ILV.V,D,20241030,000000,36.89819,37.13365,35.68429,36.05846,16201.818556241204,0
ILV.V,D,20241031,000000,36.0481,36.15879,33.50135,34.16518,13240.339657957682,0
ILV.V,D,20241101,000000,34.16518,35.32525,33.17748,33.82664,13334.534950467367,0
ILV.V,D,20241102,000000,33.90659,34.22356,32.69888,33.05008,6512.000257756379,0
ILV.V,D,20241103,000000,32.93078,33.17938,30.45964,31.61766,17946.315321606176,0
ILV.V,D,20241104,000000,31.4974,32.21002,29.78854,30.88589,14399.937577486699,0
ILV.V,D,20241105,000000,30.88764,32.45189,30.70003,31.93617,13907.60540778054,0
ILV.V,D,20241106,000000,32.10615,35.73143,31.99712,35.71141,24631.424051716313,0
ILV.V,D,20241107,000000,35.77145,36.93809,34.70873,35.37733,19968.2975078452,0
ILV.V,D,20241108,000000,35.54741,36.19243,33.57751,34.9427,36118.70373294525,0
ILV.V,D,20241109,000000,34.96271,36.06081,34.24027,36.06081,21237.52869498393,0
ILV.V,D,20241110,000000,35.97043,41.78132,35.83755,40.07243,76838.25010209631,0
ILV.V,D,20241111,000000,40.13246,44.44568,38.45998,43.46036,75070.10162557419,0
ILV.V,D,20241112,000000,43.5004,46.2904,40.11607,42.66772,65817.58143305888,0
ILV.V,D,20241113,000000,42.57766,42.57766,37.92188,41.18525,51524.22467453143,0
ILV.V,D,20241114,000000,41.09474,42.249,37.65753,38.60425,28804.57778246787,0
ILV.V,D,20241115,000000,38.46423,39.74271,36.70954,39.60148,18060.958799077816,0
ILV.V,D,20241116,000000,39.59187,43.27081,39.4234,42.78497,39840.69866565551,0
ILV.V,D,20241117,000000,42.83499,43.12509,39.26,39.61119,30156.517321703428,0
ILV.V,D,20241118,000000,39.56158,46.72201,39.33118,46.44176,53627.785937777684,0
ILV.V,D,20241119,000000,46.43175,49.01911,42.07371,42.68414,116419.2999753386,0
ILV.V,D,20241120,000000,42.98323,43.65882,40.11768,41.23843,19034.629988211538,0
ILV.V,D,20241121,000000,41.24844,45.06577,39.74494,43.48083,22214.293489864678,0
ILV.V,D,20241122,000000,43.38074,44.18414,41.67581,43.57484,19738.735623319655,0
ILV.V,D,20241123,000000,43.54524,50.01593,43.54524,48.58241,76649.0514661501,0
ILV.V,D,20241124,000000,48.58241,56.77672,47.90168,56.67662,101470.79413101725,0
ILV.V,D,20241125,000000,56.69664,58.44255,51.19669,52.91677,82661.33854030939,0
ILV.V,D,20241126,000000,52.93676,54.36087,47.7252,51.66088,30548.578910554705,0
ILV.V,D,20241127,000000,51.54041,56.90821,50.54522,56.61656,24978.5721075449,0
ILV.V,D,20241128,000000,56.61656,57.48169,53.33066,57.43287,30937.276664106037,0
ILV.V,D,20241129,000000,57.28229,59.42996,54.74493,59.3427,35012.03881057223,0
ILV.V,D,20241130,000000,59.26323,61.8635,57.72135,60.99439,36969.55291333298,0
ILV.V,D,20241201,000000,60.98438,63.01912,57.56026,60.37077,51665.885609613535,0
ILV.V,D,20241202,000000,60.27072,61.4536,54.55164,60.23107,48521.4846272612,0
ILV.V,D,20241203,000000,60.16165,64.40505,57.18828,63.97219,54684.451360119965,0
ILV.V,D,20241204,000000,63.98156,71.54641,63.77952,69.0531,71431.20304584391,0
ILV.V,D,20241205,000000,69.10316,70.41308,62.8867,65.72362,57620.223517268,0
ILV.V,D,20241206,000000,65.34783,71.84981,64.56172,69.9592,31767.797036878957,0
ILV.V,D,20241207,000000,69.94989,70.47572,67.41793,67.69736,31973.753773630222,0
ILV.V,D,20241208,000000,67.67734,68.35689,65.18257,68.18816,18622.697570844633,0
ILV.V,D,20241209,000000,68.15815,68.55769,51.64168,54.64584,62334.39506385557,0
ILV.V,D,20241210,000000,54.3363,57.29317,48.60778,53.6368,48782.93499588835,0
ILV.V,D,20241211,000000,53.69684,59.71879,50.909,58.8294,26066.765255338934,0
ILV.V,D,20241212,000000,58.8294,61.20958,57.70864,59.80315,28052.603342657934,0
ILV.V,D,20241213,000000,59.72015,60.49847,57.02456,57.30089,14345.109533222603,0
ILV.V,D,20241214,000000,57.30031,59.14296,53.71624,54.68508,15560.910296365884,0
ILV.V,D,20241215,000000,54.63454,56.38236,53.32987,54.66852,13722.104654837032,0
ILV.V,D,20241216,000000,54.72905,58.46549,53.59802,56.80306,15577.43453282904,0
ILV.V,D,20241217,000000,56.56583,56.83591,50.99745,51.34384,16164.73580117791,0
ILV.V,D,20241218,000000,51.0854,51.64812,45.30504,46.5709,33003.64818056119,0
ILV.V,D,20241219,000000,46.50511,47.55859,40.17616,42.53126,29355.977769145797,0
ILV.V,D,20241220,000000,42.47174,43.82296,35.85075,42.83128,36551.766626255165,0
ILV.V,D,20241221,000000,42.79131,45.48725,39.97001,40.30621,20162.527021455386,0
ILV.V,D,20241222,000000,40.33619,41.65581,38.78768,39.82255,11270.251217414907,0
ILV.V,D,20241223,000000,39.82415,43.59844,38.71745,42.02403,34782.49568095124,0
ILV.V,D,20241224,000000,42.11391,44.36559,40.49201,43.38657,30886.854589156243,0
ILV.V,D,20241225,000000,43.36658,43.96951,41.68871,42.11207,19135.405681160075,0
ILV.V,D,20241226,000000,42.06253,42.84398,38.90871,39.37782,11225.115523554288,0
ILV.V,D,20241227,000000,39.24639,41.69906,38.98863,39.55257,11900.032834145626,0
ILV.V,D,20241228,000000,39.53259,41.5272,39.19348,41.08221,9592.320965335435,0
ILV.V,D,20241229,000000,41.13253,41.13253,38.83646,39.00379,11131.500061990671,0
ILV.V,D,20241230,000000,38.92317,40.68947,37.81902,39.0488,12049.546218223453,0
ILV.V,D,20241231,000000,38.91904,39.85572,37.51971,37.56961,13597.164202370801,0
ILV.V,D,20250101,000000,37.60954,38.79265,36.70681,38.49975,11438.42401195512,0
ILV.V,D,20250102,000000,38.38,40.60325,37.99005,39.27989,32258.90772305791,0
ILV.V,D,20250103,000000,39.2699,42.6038,38.5376,42.46386,17717.440350716777,0
ILV.V,D,20250104,000000,42.48088,43.19833,41.49713,42.6119,15898.004269736488,0
ILV.V,D,20250105,000000,42.66147,42.88142,40.84733,42.03949,10303.14351969732,0
ILV.V,D,20250106,000000,42.14609,43.44043,41.05138,42.26183,11666.636230134201,0
ILV.V,D,20250107,000000,42.12221,42.50575,37.37691,37.92469,28881.30127899278,0
ILV.V,D,20250108,000000,37.8747,37.95595,35.22308,37.48837,14496.667867267854,0
ILV.V,D,20250109,000000,37.48837,37.95481,35.74106,36.69817,12213.784382678992,0
ILV.V,D,20250110,000000,36.48745,37.87394,36.03676,37.47175,8699.02357273979,0
ILV.V,D,20250111,000000,37.47213,38.48499,36.60901,37.88181,10897.310737829848,0
ILV.V,D,20250112,000000,37.96177,38.09209,36.42142,36.45811,4859.880909799517,0
ILV.V,D,20250113,000000,36.53806,37.97568,32.89399,35.68501,15419.863239733118,0
ILV.V,D,20250114,000000,35.68501,37.33469,35.43405,37.33469,6933.330220325461,0
ILV.V,D,20250115,000000,37.23473,39.41221,36.03378,39.23157,12395.331496319483,0
ILV.V,D,20250116,000000,39.25118,39.6496,37.14699,37.55174,13742.97199974836,0
ILV.V,D,20250117,000000,37.64172,41.76712,37.43251,41.50328,12194.81921648304,0
ILV.V,D,20250118,000000,41.48327,41.72418,36.95448,37.42554,12373.537045693032,0
ILV.V,D,20250119,000000,37.37521,38.92713,33.86339,34.79889,20627.673345109837,0
ILV.V,D,20250120,000000,34.79238,36.98813,32.57237,34.22751,36235.37851236112,0
ILV.V,D,20250121,000000,34.04047,35.30894,32.20872,34.90489,12368.140165401333,0
ILV.V,D,20250122,000000,34.74799,35.13719,33.60823,33.61193,7959.672212564821,0
ILV.V,D,20250123,000000,33.4723,33.76277,32.06641,33.03727,11377.689400909396,0
ILV.V,D,20250124,000000,33.14696,33.86898,31.92553,32.00192,8167.364036821434,0
ILV.V,D,20250125,000000,32.00224,32.66379,31.52874,32.33418,6859.173219043097,0
ILV.V,D,20250126,000000,32.2342,32.88408,31.74524,32.0152,7884.288426086298,0
ILV.V,D,20250127,000000,31.93393,31.96361,27.93071,30.27243,12910.325078945627,0
ILV.V,D,20250128,000000,30.22547,30.72754,27.93491,28.40153,9190.008186865389,0
ILV.V,D,20250129,000000,28.42151,30.0576,28.03485,29.56882,9943.193749115038,0
ILV.V,D,20250130,000000,29.43912,31.64,28.71885,31.26281,9074.600373944388,0
ILV.V,D,20250131,000000,31.23312,32.15418,30.50847,30.64264,9859.655024204365,0
ILV.V,D,20250201,000000,30.78138,30.9876,28.30321,28.43118,8558.435693081805,0
ILV.V,D,20250202,000000,28.30321,28.38631,22.6191,23.26302,21388.262450866307,0
ILV.V,D,20250203,000000,23.30301,24.54722,16.77,24.44442,50388.661569733784,0
ILV.V,D,20250204,000000,24.43758,24.47738,21.91621,22.59106,17321.80453083606,0
ILV.V,D,20250205,000000,22.59106,23.9086,22.54104,22.78159,13873.563235459438,0
ILV.V,D,20250206,000000,22.67181,23.14,19.86119,20.22142,16949.128285263774,0
ILV.V,D,20250207,000000,20.25142,21.91051,19.83099,20.17081,12605.104909587515,0
ILV.V,D,20250208,000000,20.13081,21.84175,20.09799,21.66173,16520.034205625314,0
ILV.V,D,20250209,000000,21.68217,22.69227,20.66227,21.51301,13950.793275529619,0
ILV.V,D,20250210,000000,21.48258,21.75218,20.67475,20.93314,19033.8745595481,0
ILV.V,D,20250211,000000,20.95356,21.95219,19.81623,20.11779,39074.03766513657,0
ILV.V,D,20250212,000000,20.11779,21.76087,19.42981,21.4615,16847.964802569863,0
ILV.V,D,20250213,000000,21.4515,21.54108,20.0708,20.80979,16005.177439397785,0
ILV.V,D,20250214,000000,20.78166,21.8559,20.74207,21.08379,13083.246631117328,0
ILV.V,D,20250215,000000,21.1536,21.28298,19.93239,20.0318,30583.097189296906,0
