<TICKER>,<PER>,<DATE>,<TIME>,<OPEN>,<HIGH>,<LOW>,<CLOSE>,<VOL>,<OPENINT>
JST.V,D,20220514,000000,0.0424178,0.0443212,0.0388022,0.0403793,292518872.91551,0
JST.V,D,20220515,000000,0.0403634,0.0438441,0.0399999,0.0424348,252396186.12471,0
JST.V,D,20220516,000000,0.042429,0.0467638,0.0401497,0.0416957,140258231.00585,0
JST.V,D,20220517,000000,0.0416758,0.0431725,0.0407869,0.0427387,135526726.56758,0
JST.V,D,20220518,000000,0.0427643,0.0432281,0.0387296,0.0393688,168537049.0791,0
JST.V,D,20220519,000000,0.0394487,0.0404636,0.0377147,0.04001,143210897.99687,0
JST.V,D,20220520,000000,0.03998,0.0407851,0.0383501,0.0388533,317433991.1507,0
JST.V,D,20220521,000000,0.0388933,0.0410624,0.03843,0.0396284,199580112.75946,0
JST.V,D,20220522,000000,0.0396284,0.0431938,0.0395885,0.0422992,467932751.17531,0
JST.V,D,20220523,000000,0.0422992,0.0459194,0.0415601,0.0435976,465793140.77322,0
JST.V,D,20220524,000000,0.0435477,0.0461346,0.0405454,0.0426745,233676139.68343,0
JST.V,D,20220525,000000,0.0426944,0.0449505,0.0421236,0.044097,263096750.17757,0
JST.V,D,20220526,000000,0.0440371,0.0445709,0.0402117,0.0412987,473976824.34158,0
JST.V,D,20220527,000000,0.0412945,0.041928,0.0392568,0.0395804,282372946.14705,0
JST.V,D,20220528,000000,0.0395345,0.0411688,0.0394387,0.0405225,254366170.1665,0
JST.V,D,20220529,000000,0.0405217,0.0410952,0.0396399,0.0406952,246325378.14404,0
JST.V,D,20220530,000000,0.0407547,0.0439622,0.040487,0.043719,327335772.90715,0
JST.V,D,20220531,000000,0.043759,0.0441507,0.0418995,0.0435108,213295528.78274,0
JST.V,D,20220601,000000,0.0435222,0.0477118,0.0415984,0.0417524,343520009.83771,0
JST.V,D,20220602,000000,0.0417524,0.0462084,0.0416283,0.0440883,240503552.70505,0
JST.V,D,20220603,000000,0.0441193,0.0455451,0.0417393,0.0426069,154149842.4535,0
JST.V,D,20220604,000000,0.0426199,0.0426319,0.0404953,0.0418781,243231249.64813,0
JST.V,D,20220605,000000,0.0418672,0.0428909,0.0410851,0.0427897,215057157.45117,0
JST.V,D,20220606,000000,0.0428097,0.0446538,0.0423302,0.0432836,553782978.16902,0
JST.V,D,20220607,000000,0.0432632,0.0436424,0.0408253,0.0426254,537640571.08864,0
JST.V,D,20220608,000000,0.0426354,0.0427575,0.0412432,0.0420526,607290731.40996,0
JST.V,D,20220609,000000,0.0420526,0.042083,0.0411075,0.0414452,501976818.95863,0
JST.V,D,20220610,000000,0.0414452,0.0425126,0.0389502,0.0392697,573312571.97573,0
JST.V,D,20220611,000000,0.0392601,0.0397063,0.0365346,0.0369582,304194417.5602,0
JST.V,D,20220612,000000,0.0370171,0.0407262,0.0362592,0.0373041,495033475.03083,0
JST.V,D,20220613,000000,0.0372741,0.0372741,0.0287368,0.0297985,1133815069.0253,0
JST.V,D,20220614,000000,0.0298088,0.0299081,0.0258115,0.0268877,1762694061.2614,0
JST.V,D,20220615,000000,0.0268777,0.0282089,0.0242889,0.0278981,1480807566.8509,0
JST.V,D,20220616,000000,0.0283787,0.0283987,0.0260986,0.026393,518357169.67698,0
JST.V,D,20220617,000000,0.0257047,0.0275616,0.0257047,0.0270775,576390863.7704,0
JST.V,D,20220618,000000,0.0270877,0.0283459,0.0246594,0.025868,1528014317.6987,0
JST.V,D,20220619,000000,0.0259279,0.0273771,0.0251542,0.0270947,826602155.11259,0
JST.V,D,20220620,000000,0.0271147,0.0288782,0.0269776,0.0286285,593219260.19982,0
JST.V,D,20220621,000000,0.0286185,0.0306055,0.0280663,0.0296543,441608339.17199,0
JST.V,D,20220622,000000,0.0296414,0.0298361,0.0279432,0.0282447,524010769.04555,0
JST.V,D,20220623,000000,0.0282507,0.0288092,0.0277592,0.0285264,334657799.0183,0
JST.V,D,20220624,000000,0.0285224,0.0300329,0.0285155,0.0299593,702543433.21107,0
JST.V,D,20220625,000000,0.029948,0.0302717,0.0285638,0.0296902,456767151.02706,0
JST.V,D,20220626,000000,0.0297382,0.0312239,0.0293219,0.0308209,344951322.88806,0
JST.V,D,20220627,000000,0.0308212,0.0338233,0.0297062,0.0307386,497301321.06612,0
JST.V,D,20220628,000000,0.0307326,0.0328111,0.0297784,0.030881,332011976.82025,0
JST.V,D,20220629,000000,0.0308664,0.0309283,0.027977,0.0288261,347220734.85119,0
JST.V,D,20220630,000000,0.0288204,0.0290201,0.0259113,0.0264203,355089769.07265,0
JST.V,D,20220701,000000,0.0264332,0.0280811,0.0263993,0.0271331,344401221.76316,0
JST.V,D,20220702,000000,0.0271211,0.0287175,0.0266849,0.0280603,353646296.95259,0
JST.V,D,20220703,000000,0.0280603,0.0283321,0.027071,0.0281963,221424210.40234,0
JST.V,D,20220704,000000,0.0282253,0.0304534,0.0278877,0.029092,308166588.32269,0
JST.V,D,20220705,000000,0.029091,0.0296634,0.028177,0.029081,287272704.72445,0
JST.V,D,20220706,000000,0.029082,0.0312606,0.0284756,0.0294416,417632500.86231,0
JST.V,D,20220707,000000,0.0294376,0.0302678,0.0290121,0.0301599,266326574.02736,0
JST.V,D,20220708,000000,0.0301599,0.0306016,0.0292495,0.0298641,272989836.62722,0
JST.V,D,20220709,000000,0.0298381,0.0306366,0.0297292,0.0305207,224144599.60834,0
JST.V,D,20220710,000000,0.0305106,0.0305686,0.0288478,0.0293554,175430279.00701,0
JST.V,D,20220711,000000,0.0293234,0.0293454,0.0276463,0.027699,201622359.9763,0
JST.V,D,20220712,000000,0.0276951,0.0292358,0.0271578,0.0273057,2528465160.8595,0
JST.V,D,20220713,000000,0.0273029,0.0277722,0.0261512,0.0270057,13466298958.111,0
JST.V,D,20220714,000000,0.0271156,0.0281331,0.0268958,0.0279132,11623211234.241,0
JST.V,D,20220715,000000,0.0279432,0.0291783,0.0278005,0.0286714,31098685099.234,0
JST.V,D,20220716,000000,0.0286714,0.0295041,0.0282387,0.0290913,18310772420.432,0
JST.V,D,20220717,000000,0.0293741,0.0300743,0.0288063,0.0291824,24903987429.802,0
JST.V,D,20220718,000000,0.0292921,0.0306082,0.0288599,0.0297931,26792620879.332,0
JST.V,D,20220719,000000,0.0297911,0.0318313,0.029485,0.0316151,16189704116.766,0
JST.V,D,20220720,000000,0.0316,0.0318835,0.0298445,0.0300015,18999074860.774,0
JST.V,D,20220721,000000,0.0300015,0.0303148,0.0288614,0.0301175,12213763966.819,0
JST.V,D,20220722,000000,0.0301172,0.0321987,0.0298318,0.0307068,15547728261.958,0
JST.V,D,20220723,000000,0.03071,0.0315375,0.0297218,0.0300157,14031257313.726,0
JST.V,D,20220724,000000,0.030003,0.0307925,0.030003,0.0305758,11052989852.714,0
JST.V,D,20220725,000000,0.0305761,0.0307461,0.0282931,0.0286623,9370502623.7766,0
JST.V,D,20220726,000000,0.0286623,0.0286729,0.0271516,0.0279342,10396998367.073,0
JST.V,D,20220727,000000,0.02795,0.0300435,0.0276939,0.0297371,13407583145.96,0
JST.V,D,20220728,000000,0.0297271,0.0308802,0.0296709,0.0307762,16052998406.716,0
JST.V,D,20220729,000000,0.0307862,0.0310237,0.0295,0.0301824,20187608915.071,0
JST.V,D,20220730,000000,0.0301824,0.0313206,0.0297516,0.0305304,27160177566.936,0
JST.V,D,20220731,000000,0.0305204,0.0324087,0.0297989,0.0313572,20327396661.363,0
JST.V,D,20220801,000000,0.0313694,0.0347183,0.030102,0.0322897,8829675610.7585,0
JST.V,D,20220802,000000,0.0324197,0.0345221,0.0304619,0.0314153,11229041278.493,0
JST.V,D,20220803,000000,0.0314153,0.0339968,0.0314153,0.0338185,6494562697.5548,0
JST.V,D,20220804,000000,0.0337001,0.0337671,0.0319722,0.0325313,5802858146.7919,0
JST.V,D,20220805,000000,0.032531,0.0332466,0.0322139,0.0330263,5567635855.4778,0
JST.V,D,20220806,000000,0.0330163,0.0338151,0.0329063,0.0331476,3993602216.9292,0
JST.V,D,20220807,000000,0.0331473,0.033168,0.0323936,0.033106,9700562774.4163,0
JST.V,D,20220808,000000,0.0330863,0.0335667,0.0326042,0.033154,5833253357.1924,0
JST.V,D,20220809,000000,0.032994,0.0333057,0.0310365,0.0315663,6705144331.1436,0
JST.V,D,20220810,000000,0.0315663,0.033409,0.030928,0.0332096,7096825359.5676,0
JST.V,D,20220811,000000,0.0332333,0.0359065,0.0330096,0.0338359,7144768713.3049,0
JST.V,D,20220812,000000,0.0338259,0.0345473,0.0331366,0.0340557,7466557918.6133,0
JST.V,D,20220813,000000,0.0341157,0.0348774,0.0340563,0.0344834,5854033309.3273,0
JST.V,D,20220814,000000,0.0344834,0.0352341,0.0337481,0.0343106,7358627398.8477,0
JST.V,D,20220815,000000,0.0342903,0.0348004,0.0333387,0.0340082,6701993671.3069,0
JST.V,D,20220816,000000,0.0340082,0.0341627,0.0332557,0.0341331,8841145806.9728,0
JST.V,D,20220817,000000,0.0341127,0.0359054,0.03295,0.0332623,9084594541.604,0
JST.V,D,20220818,000000,0.0333427,0.0333903,0.0328423,0.0331603,9924502572.6024,0
JST.V,D,20220819,000000,0.0331133,0.0332033,0.02892,0.0292229,13285955771.796,0
JST.V,D,20220820,000000,0.0292229,0.0293953,0.028168,0.0282497,12698129227.32,0
JST.V,D,20220821,000000,0.0282394,0.0295891,0.0282392,0.0294791,8289538123.1335,0
JST.V,D,20220822,000000,0.0296194,0.0296212,0.0280683,0.0284249,11866522083.299,0
JST.V,D,20220823,000000,0.0284357,0.0318927,0.0283175,0.0304106,14169325636.349,0
JST.V,D,20220824,000000,0.03041,0.0306012,0.029218,0.0298627,11051196344.611,0
JST.V,D,20220825,000000,0.0298624,0.0303179,0.0294009,0.0300909,8355776355.4405,0
JST.V,D,20220826,000000,0.0300809,0.0301303,0.02781,0.0280628,9087456285.2567,0
JST.V,D,20220827,000000,0.0280628,0.0281325,0.0269008,0.0277608,11846444778.022,0
JST.V,D,20220828,000000,0.0277606,0.0287914,0.0273878,0.02783,7919203115.5755,0
JST.V,D,20220829,000000,0.02794,0.028482,0.0266587,0.028382,8752951938.9132,0
JST.V,D,20220830,000000,0.028402,0.0300388,0.0274005,0.0279725,8771733962.4845,0
JST.V,D,20220831,000000,0.0279722,0.0286406,0.0276386,0.0279597,6299314967.6473,0
JST.V,D,20220901,000000,0.0279597,0.0281406,0.0268987,0.0272984,4920155868.8267,0
JST.V,D,20220902,000000,0.0272984,0.0278519,0.0270327,0.0271033,7420734049.5239,0
JST.V,D,20220903,000000,0.0270943,0.0274627,0.02696,0.02733,6951667285.3453,0
JST.V,D,20220904,000000,0.02734,0.0276628,0.02703,0.02757,9242330077.1041,0
JST.V,D,20220905,000000,0.02757,0.02792,0.02686,0.0272227,10349428015.643,0
JST.V,D,20220906,000000,0.0272327,0.0278428,0.02531,0.02555,14766587094.407,0
JST.V,D,20220907,000000,0.02555,0.0261197,0.0248012,0.0260918,13277570732.255,0
JST.V,D,20220908,000000,0.0260816,0.0266424,0.0256218,0.0265142,10195425404.44,0
JST.V,D,20220909,000000,0.02667,0.0279573,0.0265145,0.0275594,14724012195.075,0
JST.V,D,20220910,000000,0.0275599,0.0284822,0.0275499,0.0281754,14340577197.608,0
JST.V,D,20220911,000000,0.0281956,0.0285503,0.0278395,0.0283471,10342146596.454,0
JST.V,D,20220912,000000,0.0283071,0.0288561,0.0275763,0.0279956,12120874166.898,0
JST.V,D,20220913,000000,0.0281785,0.028618,0.0262108,0.0264603,13263884360.607,0
JST.V,D,20220914,000000,0.0264605,0.0264626,0.025891,0.0262666,15460988353.624,0
JST.V,D,20220915,000000,0.0262666,0.0271649,0.0257638,0.0262876,15891418382.813,0
JST.V,D,20220916,000000,0.02629,0.0263276,0.0256074,0.0258774,12881468735.927,0
JST.V,D,20220917,000000,0.02588,0.02667,0.0258674,0.02648,8986987773.8463,0
JST.V,D,20220918,000000,0.0265,0.02666,0.0250575,0.02522,11676870346.867,0
JST.V,D,20220919,000000,0.0251975,0.0252025,0.0240524,0.0250725,11538042665.639,0
JST.V,D,20220920,000000,0.0250725,0.0259426,0.0249225,0.0256326,18743724863.497,0
JST.V,D,20220921,000000,0.0256405,0.02591,0.0246325,0.02487,15795957465.187,0
JST.V,D,20220922,000000,0.02451,0.02527,0.0241876,0.02517,15981711699.322,0
JST.V,D,20220923,000000,0.02518,0.0255726,0.02439,0.02473,19241137141.688,0
JST.V,D,20220924,000000,0.0247383,0.0253185,0.0247383,0.025072,10608754470.069,0
JST.V,D,20220925,000000,0.02507,0.0251113,0.02466,0.02474,9490478336.2772,0
JST.V,D,20220926,000000,0.02475,0.0269727,0.02447,0.02507,24204844366.384,0
JST.V,D,20220927,000000,0.02509,0.02582,0.02489,0.0249775,16518937711.975,0
JST.V,D,20220928,000000,0.02498,0.025105,0.0241576,0.02473,12897546773.454,0
JST.V,D,20220929,000000,0.02477,0.0252,0.0243976,0.0251725,17557517587.094,0
JST.V,D,20220930,000000,0.02518,0.0253125,0.0248125,0.02492,14487364218.054,0
JST.V,D,20221001,000000,0.02493,0.0249825,0.02454,0.02466,8329977240.1268,0
JST.V,D,20221002,000000,0.02466,0.02836,0.0246,0.02659,20398180307.479,0
JST.V,D,20221003,000000,0.0266027,0.0269427,0.0251225,0.0254425,15155497368.783,0
JST.V,D,20221004,000000,0.0254525,0.0257577,0.0251425,0.0257277,14837873442.543,0
JST.V,D,20221005,000000,0.0257277,0.0257877,0.0249525,0.0253051,10155821578.968,0
JST.V,D,20221006,000000,0.025175,0.0257151,0.025174,0.0256844,21824440275.579,0
JST.V,D,20221007,000000,0.0256844,0.0256944,0.0250818,0.0253936,12069109710.335,0
JST.V,D,20221008,000000,0.0253825,0.0258234,0.0253318,0.0255566,13368154451.533,0
JST.V,D,20221009,000000,0.0255566,0.0257726,0.02523,0.0256551,15042572375.334,0
JST.V,D,20221010,000000,0.0256551,0.0313231,0.0254925,0.0281572,34564580534.147,0
JST.V,D,20221011,000000,0.02816,0.0290871,0.0262074,0.0269276,20592453960.529,0
JST.V,D,20221012,000000,0.0270276,0.0287089,0.0265892,0.0268608,21226572608.603,0
JST.V,D,20221013,000000,0.0268608,0.0270397,0.024229,0.025492,16462461121.932,0
JST.V,D,20221014,000000,0.025492,0.0292818,0.0253218,0.0286011,19278417912.711,0
JST.V,D,20221015,000000,0.0285809,0.0301612,0.0269016,0.0269813,10202653071.678,0
JST.V,D,20221016,000000,0.02702,0.0272811,0.0260616,0.0263611,9180250625.1052,0
JST.V,D,20221017,000000,0.0263613,0.0284606,0.0258597,0.0270605,8269608741.1208,0
JST.V,D,20221018,000000,0.0270608,0.0299021,0.0270005,0.0278017,7205645684.9419,0
JST.V,D,20221019,000000,0.0278828,0.0320006,0.0276108,0.03019,15031925869.455,0
JST.V,D,20221020,000000,0.0302,0.0313391,0.0287009,0.0299879,8295423094.8211,0
JST.V,D,20221021,000000,0.0299979,0.0307,0.0283277,0.0289123,8147830028.5631,0
JST.V,D,20221022,000000,0.028932,0.0293329,0.0282314,0.0288926,6106688793.098,0
JST.V,D,20221023,000000,0.0288926,0.0289123,0.0276322,0.0280439,7461613223.0077,0
JST.V,D,20221024,000000,0.0280436,0.0294724,0.0278017,0.0283714,9959186320.0388,0
JST.V,D,20221025,000000,0.0283911,0.0286577,0.0275289,0.028199,6491007064.7876,0
JST.V,D,20221026,000000,0.0281996,0.0287981,0.0281373,0.028748,4748037315.9902,0
JST.V,D,20221027,000000,0.0287581,0.0293765,0.0285563,0.0288317,3835180081.754,0
JST.V,D,20221028,000000,0.0288317,0.030784,0.0288209,0.0304064,6525644179.3651,0
JST.V,D,20221029,000000,0.0304158,0.0307007,0.0297198,0.0300069,5415967980.8612,0
JST.V,D,20221030,000000,0.0300172,0.0306377,0.0290358,0.0290358,6830155055.986,0
JST.V,D,20221031,000000,0.0290361,0.0293259,0.0284154,0.0289277,5170790269.4171,0
JST.V,D,20221101,000000,0.0289583,0.0292144,0.0286843,0.0289271,3217276301.4973,0
JST.V,D,20221102,000000,0.0289271,0.0289271,0.0271476,0.0274184,7281794174.9815,0
JST.V,D,20221103,000000,0.0274184,0.0282972,0.0273484,0.0280197,5842284885.5063,0
JST.V,D,20221104,000000,0.0277492,0.0294026,0.0277492,0.0293824,4506214358.4338,0
JST.V,D,20221105,000000,0.0293521,0.029783,0.028962,0.0291918,7051255760.293086,0
JST.V,D,20221106,000000,0.0292018,0.0296691,0.0286729,0.0287023,7039579533.112257,0
JST.V,D,20221107,000000,0.0287023,0.0287326,0.0277419,0.0279536,4388834228.4637,0
JST.V,D,20221108,000000,0.0279584,0.0281841,0.0243741,0.0250951,5404702846.863195,0
JST.V,D,20221109,000000,0.0250951,0.0276645,0.021663,0.0232962,5874583559.49671,0
JST.V,D,20221110,000000,0.0230147,0.0270513,0.021432,0.0241342,4598094075.950454,0
JST.V,D,20221111,000000,0.0241534,0.0276831,0.0222011,0.0225027,4025154438.983606,0
JST.V,D,20221112,000000,0.0224757,0.0230941,0.0218706,0.0224196,2970652108.9139833,0
JST.V,D,20221113,000000,0.0224296,0.0230484,0.020887,0.0211046,2955486081.532177,0
JST.V,D,20221114,000000,0.0211104,0.0211924,0.01874,0.0204293,3465848991.089681,0
JST.V,D,20221115,000000,0.0204383,0.0214585,0.0204073,0.0210489,2745612592.1188917,0
JST.V,D,20221116,000000,0.0210643,0.0229007,0.0203398,0.0205309,2921540175.469839,0
JST.V,D,20221117,000000,0.0207222,0.0207322,0.0201209,0.020474,3163330246.351476,0
JST.V,D,20221118,000000,0.0204642,0.020723,0.0203745,0.0205563,3919676328.774287,0
JST.V,D,20221119,000000,0.0205563,0.0229838,0.0205337,0.0213775,5755784148.969936,0
JST.V,D,20221120,000000,0.0213907,0.0221219,0.0203189,0.0203989,6767092873.083767,0
JST.V,D,20221121,000000,0.0203792,0.0214601,0.0198085,0.0205151,6382210497.374763,0
JST.V,D,20221122,000000,0.0205154,0.0217315,0.0203456,0.0211741,5326622377.066404,0
JST.V,D,20221123,000000,0.0211841,0.022493,0.0211125,0.0223156,10402150748.644007,0
JST.V,D,20221124,000000,0.0223356,0.0228969,0.0215803,0.0220714,18113223497.347004,0
JST.V,D,20221125,000000,0.0220714,0.0239449,0.0216627,0.0225272,13568742132.350483,0
JST.V,D,20221126,000000,0.0225269,0.022707,0.0221454,0.0223268,7387562114.172305,0
JST.V,D,20221127,000000,0.0223368,0.022626,0.0221869,0.0224556,6282042773.642873,0
JST.V,D,20221128,000000,0.0224556,0.0224867,0.0214278,0.0218517,10709834048.37671,0
JST.V,D,20221129,000000,0.0218515,0.022292,0.0217004,0.0220718,5342205878.467351,0
JST.V,D,20221130,000000,0.0220718,0.0225711,0.0219407,0.0225709,7301911394.401625,0
JST.V,D,20221201,000000,0.0225709,0.0240593,0.02249,0.0226214,11347936537.643986,0
JST.V,D,20221202,000000,0.0226411,0.0227818,0.0221318,0.0224113,10548708043.129066,0
JST.V,D,20221203,000000,0.0224213,0.022582,0.0221544,0.0222122,17524134282.193756,0
JST.V,D,20221204,000000,0.0222222,0.0223145,0.0219344,0.0221444,24227878634.835278,0
JST.V,D,20221205,000000,0.0221322,0.023497,0.02208,0.0222507,23782767559.385723,0
JST.V,D,20221206,000000,0.0222522,0.0223104,0.022,0.0221196,21602874026.307304,0
JST.V,D,20221207,000000,0.0221296,0.0228309,0.02145,0.02193,30816699987.249138,0
JST.V,D,20221208,000000,0.02193,0.0233021,0.02184,0.0227616,27203744519.53245,0
JST.V,D,20221209,000000,0.0227623,0.0231209,0.0226314,0.0226507,21987544838.516163,0
JST.V,D,20221210,000000,0.0226507,0.0234002,0.02251,0.0228395,24995021627.994034,0
JST.V,D,20221211,000000,0.0228395,0.0230398,0.0223745,0.0224622,15125376400.365799,0
JST.V,D,20221212,000000,0.0224645,0.0228623,0.0215404,0.021852,12665086945.426323,0
JST.V,D,20221213,000000,0.021852,0.0222645,0.0215137,0.0221647,13622473740.512278,0
JST.V,D,20221214,000000,0.0221749,0.0235986,0.0221538,0.0224316,9117929243.202868,0
JST.V,D,20221215,000000,0.02244,0.0224422,0.0217922,0.0219522,9842138685.621016,0
JST.V,D,20221216,000000,0.0219544,0.0219544,0.0206541,0.0209242,12349210505.768364,0
JST.V,D,20221217,000000,0.0209021,0.0209142,0.0197712,0.0201726,9837760103.27913,0
JST.V,D,20221218,000000,0.0201826,0.0205508,0.0201626,0.0204927,2354176356.953417,0
JST.V,D,20221219,000000,0.0205233,0.0205251,0.0194402,0.01977,8906505201.655539,0
JST.V,D,20221220,000000,0.01977,0.0204402,0.0194194,0.0202808,11204645699.766384,0
JST.V,D,20221221,000000,0.0202908,0.0204508,0.0201298,0.020151,10320006644.003231,0
JST.V,D,20221222,000000,0.020151,0.02134,0.0201208,0.0205765,11591434264.471836,0
JST.V,D,20221223,000000,0.0205765,0.0209379,0.0205669,0.0208279,10121296146.080326,0
JST.V,D,20221224,000000,0.0208279,0.0209279,0.0207685,0.0208485,11820058370.443504,0
JST.V,D,20221225,000000,0.0208485,0.0214596,0.0207563,0.0208973,14005522953.097088,0
JST.V,D,20221226,000000,0.0208979,0.0210881,0.0205153,0.0205459,13289614623.53634,0
JST.V,D,20221227,000000,0.0205459,0.0207161,0.0201813,0.0202221,15021597244.65316,0
JST.V,D,20221228,000000,0.0202121,0.0203241,0.0197665,0.0198893,15260145254.721716,0
JST.V,D,20221229,000000,0.0198994,0.0213393,0.0198697,0.020031,13370283658.99975,0
JST.V,D,20221230,000000,0.020031,0.0201809,0.01953,0.0197801,10499192274.962854,0
JST.V,D,20221231,000000,0.0197799,0.0200178,0.0197099,0.0198001,15095892820.473965,0
JST.V,D,20230101,000000,0.0197899,0.0199312,0.0196684,0.0198807,11690589615.799797,0
JST.V,D,20230102,000000,0.0198607,0.0202321,0.0196917,0.0201633,12849093260.382576,0
JST.V,D,20230103,000000,0.0201635,0.0202431,0.019972,0.0200022,12598935686.673391,0
JST.V,D,20230104,000000,0.0200024,0.0203119,0.0199816,0.0201434,21335000797.78831,0
JST.V,D,20230105,000000,0.0201334,0.0203127,0.0200126,0.0202129,17721598731.20534,0
JST.V,D,20230106,000000,0.0202139,0.0203127,0.0194589,0.0201438,18856396200.20146,0
JST.V,D,20230107,000000,0.0201436,0.0201535,0.019865,0.019905,17052202133.81067,0
JST.V,D,20230108,000000,0.0199052,0.0202557,0.0197768,0.0202376,16603003020.217833,0
JST.V,D,20230109,000000,0.020246,0.02127,0.0202258,0.0209,14271266199.63256,0
JST.V,D,20230110,000000,0.0208898,0.0213981,0.0206979,0.021183,17070719257.329277,0
JST.V,D,20230111,000000,0.0211738,0.0214094,0.0210064,0.0213496,9143055720.188076,0
JST.V,D,20230112,000000,0.0214679,0.0220015,0.02124,0.0219722,12241857041.165277,0
JST.V,D,20230113,000000,0.021882,0.022692,0.0216811,0.022692,13536706538.301565,0
JST.V,D,20230114,000000,0.022692,0.0240148,0.0223727,0.0231112,7891558762.990019,0
JST.V,D,20230115,000000,0.0231123,0.0244739,0.0230139,0.024097,9336763378.299673,0
JST.V,D,20230116,000000,0.0240872,0.0245098,0.0234698,0.0238705,9889404942.993755,0
JST.V,D,20230117,000000,0.0238705,0.0248905,0.0236019,0.0246127,10769487555.410511,0
JST.V,D,20230118,000000,0.0246127,0.0248025,0.0229365,0.0230988,9912842657.195381,0
JST.V,D,20230119,000000,0.0230888,0.0235702,0.022927,0.0235191,6053015668.32681,0
JST.V,D,20230120,000000,0.0235091,0.0245047,0.0232295,0.0244242,7622550045.567325,0
JST.V,D,20230121,000000,0.0244244,0.024915,0.0242451,0.024855,8245857767.212137,0
JST.V,D,20230122,000000,0.0249047,0.024914,0.0243034,0.0243949,6591149450.658372,0
JST.V,D,20230123,000000,0.0243949,0.024983,0.0243346,0.024924,7599523234.863003,0
JST.V,D,20230124,000000,0.0249535,0.0260723,0.0248925,0.0252805,8721152503.147076,0
JST.V,D,20230125,000000,0.0252808,0.0257346,0.0242334,0.0255543,9725712491.419834,0
JST.V,D,20230126,000000,0.0255543,0.0259339,0.02491,0.025092,10720862616.277386,0
JST.V,D,20230127,000000,0.025102,0.0364098,0.024875,0.0279006,19636289212.151463,0
JST.V,D,20230128,000000,0.0274866,0.0287469,0.0268156,0.0269054,2853313740.4619646,0
JST.V,D,20230129,000000,0.0268854,0.0272008,0.026654,0.0270611,446544241.28937,0
JST.V,D,20230130,000000,0.0270611,0.0273027,0.02509,0.0252018,573369058.2993206,0
JST.V,D,20230131,000000,0.0252018,0.0262876,0.0251013,0.0259423,703048246.4271429,0
JST.V,D,20230201,000000,0.0259421,0.0279614,0.0253405,0.0272916,1074721363.2013237,0
JST.V,D,20230202,000000,0.0272914,0.0279425,0.026943,0.0269654,682440018.1123238,0
JST.V,D,20230203,000000,0.0269557,0.029806,0.0269267,0.0283423,783686036.0329256,0
JST.V,D,20230204,000000,0.0283523,0.0287923,0.0278522,0.0285426,534232707.1251587,0
JST.V,D,20230205,000000,0.0285323,0.0305352,0.0274163,0.0276669,805720310.9172013,0
JST.V,D,20230206,000000,0.0277172,0.0284163,0.0273497,0.0277611,535335773.9527777,0
JST.V,D,20230207,000000,0.0277611,0.033821,0.0275422,0.0296721,1670004500.9020329,0
JST.V,D,20230208,000000,0.0296718,0.03047,0.028342,0.0288723,660391630.4830713,0
JST.V,D,20230209,000000,0.028862,0.02908,0.0266967,0.0268124,447653186.5085474,0
JST.V,D,20230210,000000,0.0268027,0.0274766,0.0266667,0.026904,432058504.14964014,0
JST.V,D,20230211,000000,0.02691,0.0278939,0.0268732,0.0277825,424975756.3366388,0
JST.V,D,20230212,000000,0.0277856,0.0279234,0.0271141,0.0272627,526111943.7386678,0
JST.V,D,20230213,000000,0.0272527,0.0273349,0.0257824,0.0263142,842488759.5784729,0
JST.V,D,20230214,000000,0.0263245,0.0269432,0.0258601,0.0269002,1077768809.7025094,0
JST.V,D,20230215,000000,0.026901,0.0287046,0.0267075,0.0286854,1449520721.4797943,0
JST.V,D,20230216,000000,0.0286952,0.0296656,0.0278264,0.0278395,1321619249.589018,0
JST.V,D,20230217,000000,0.0278395,0.0293718,0.0274722,0.0292126,1099988084.1407695,0
JST.V,D,20230218,000000,0.0292429,0.0300248,0.0286955,0.029265,969115754.4810897,0
JST.V,D,20230219,000000,0.029235,0.0303552,0.0288538,0.0298866,928535917.9615297,0
JST.V,D,20230220,000000,0.0298766,0.0338534,0.0288075,0.0321813,1431023831.7741637,0
JST.V,D,20230221,000000,0.0321813,0.0342365,0.0303846,0.0307455,1355135040.0980792,0
JST.V,D,20230222,000000,0.0307252,0.0308959,0.0294638,0.0302403,914968100.992446,0
JST.V,D,20230223,000000,0.0302394,0.0307031,0.0297833,0.0298439,728961178.7924035,0
JST.V,D,20230224,000000,0.0298342,0.030343,0.0291626,0.0294697,1036100272.1465819,0
JST.V,D,20230225,000000,0.0294497,0.0298621,0.0287417,0.029072,947570081.5988412,0
JST.V,D,20230226,000000,0.0290629,0.0312047,0.0290223,0.0300918,1512049464.3610456,0
JST.V,D,20230227,000000,0.0301015,0.0309228,0.0295227,0.0302415,819364797.3200247,0
JST.V,D,20230228,000000,0.0302318,0.0304218,0.029307,0.0294659,899346832.5483494,0
JST.V,D,20230301,000000,0.0294759,0.0298733,0.028914,0.0297839,961711337.0975289,0
JST.V,D,20230302,000000,0.0297839,0.0299536,0.0284926,0.0289326,1162365045.4392781,0
JST.V,D,20230303,000000,0.0289223,0.0290229,0.0266837,0.0272719,1048595183.1722722,0
JST.V,D,20230304,000000,0.0272719,0.0280817,0.0271614,0.0274219,1071047290.0623586,0
JST.V,D,20230305,000000,0.0274119,0.027902,0.0273411,0.027423,861046061.5337584,0
JST.V,D,20230306,000000,0.027433,0.0274633,0.0268013,0.0270484,957769881.2800089,0
JST.V,D,20230307,000000,0.0270484,0.0277081,0.0261895,0.0262287,1035807273.3277183,0
JST.V,D,20230308,000000,0.0262287,0.0265481,0.0253585,0.025379,989503886.5846195,0
JST.V,D,20230309,000000,0.0253875,0.0259619,0.0228452,0.0230121,1238694213.930499,0
JST.V,D,20230310,000000,0.0230123,0.0231607,0.0217593,0.0226515,1019799056.3388199,0
JST.V,D,20230311,000000,0.0226506,0.0236612,0.0222237,0.0230992,1103834136.6609473,0
JST.V,D,20230312,000000,0.0230791,0.0243297,0.0229428,0.0243196,924353463.6841246,0
JST.V,D,20230313,000000,0.0243196,0.0264895,0.0241598,0.0263146,1457920428.914041,0
JST.V,D,20230314,000000,0.0263146,0.0276729,0.0260382,0.0268198,1106267707.4584944,0
JST.V,D,20230315,000000,0.02682,0.027458,0.0258033,0.0262096,1017483595.4009897,0
JST.V,D,20230316,000000,0.0262094,0.0266405,0.0258615,0.0263961,995371645.9212301,0
JST.V,D,20230317,000000,0.026385,0.0277232,0.02626,0.0276725,1255994252.2242708,0
JST.V,D,20230318,000000,0.0276725,0.0280755,0.0268523,0.027081,1006223696.9155445,0
JST.V,D,20230319,000000,0.0270506,0.0280514,0.0268363,0.0277538,1055964026.6966256,0
JST.V,D,20230320,000000,0.0277229,0.0284422,0.026695,0.0269781,1443097904.159384,0
JST.V,D,20230321,000000,0.0269681,0.0273485,0.0261361,0.0272068,1461383616.4797642,0
JST.V,D,20230322,000000,0.0272065,0.027476,0.0244358,0.0250384,1011792563.4184039,0
JST.V,D,20230323,000000,0.0250284,0.0266667,0.0250199,0.0265451,1300718075.890851,0
JST.V,D,20230324,000000,0.0265451,0.0265728,0.0254798,0.0256664,996881890.2288162,0
JST.V,D,20230325,000000,0.0256785,0.0260357,0.0253686,0.0256148,865912727.9843668,0
JST.V,D,20230326,000000,0.0256048,0.0261432,0.0255945,0.0258091,582458528.9931494,0
JST.V,D,20230327,000000,0.0258084,0.0260134,0.0245247,0.0249017,1179863986.7202342,0
JST.V,D,20230328,000000,0.0249017,0.0254969,0.0248089,0.0253299,808100605.5758908,0
JST.V,D,20230329,000000,0.0253299,0.0260963,0.0251781,0.0260447,621716627.6570309,0
JST.V,D,20230330,000000,0.0260478,0.026708,0.0258213,0.0261973,820416747.9085546,0
JST.V,D,20230331,000000,0.0261973,0.0268959,0.0259449,0.0266953,841753392.8015939,0
JST.V,D,20230401,000000,0.0266956,0.0277781,0.0266953,0.02765,1111644468.417584,0
JST.V,D,20230402,000000,0.0276502,0.0281715,0.0266881,0.0268767,689167522.0120313,0
JST.V,D,20230403,000000,0.0268767,0.0269416,0.0260483,0.0263005,656951596.4074134,0
JST.V,D,20230404,000000,0.0262505,0.0269602,0.0262402,0.0268237,795077834.4272681,0
JST.V,D,20230405,000000,0.0268334,0.0274201,0.0265509,0.0273999,851188962.980973,0
JST.V,D,20230406,000000,0.0273901,0.0304925,0.0273582,0.0275997,1321378949.5611515,0
JST.V,D,20230407,000000,0.0275997,0.0298949,0.0271365,0.0273605,1004529032.6950904,0
JST.V,D,20230408,000000,0.0273702,0.028193,0.0273297,0.0276208,916289811.4868941,0
JST.V,D,20230409,000000,0.0276208,0.0281689,0.0268066,0.0281689,943908220.272511,0
JST.V,D,20230410,000000,0.0281789,0.0293891,0.0271887,0.0276727,9063678346.579657,0
JST.V,D,20230411,000000,0.0276727,0.0289626,0.0276507,0.0285279,1223015782.321714,0
JST.V,D,20230412,000000,0.0285082,0.0285768,0.0271111,0.0274014,1447816628.3509226,0
JST.V,D,20230413,000000,0.0274014,0.0277566,0.0271122,0.0277366,962258210.3863928,0
JST.V,D,20230414,000000,0.0277466,0.0281284,0.0275017,0.0278331,1130163074.9739661,0
JST.V,D,20230415,000000,0.0278331,0.0281759,0.0277138,0.027755,851614654.8899826,0
JST.V,D,20230416,000000,0.0277547,0.0287232,0.0275053,0.0282889,2026794496.1622078,0
JST.V,D,20230417,000000,0.0282892,0.0283827,0.0274248,0.0275162,1355643169.3572376,0
JST.V,D,20230418,000000,0.0275162,0.0280918,0.027444,0.0279147,998924761.1460626,0
JST.V,D,20230419,000000,0.0279142,0.0282722,0.0264622,0.027225,1445855320.6952019,0
JST.V,D,20230420,000000,0.0271949,0.0271949,0.0260799,0.0264421,1274436106.8628898,0
JST.V,D,20230421,000000,0.0264419,0.0267047,0.0256459,0.0258172,958227630.3041414,0
JST.V,D,20230422,000000,0.0258072,0.0263026,0.0256972,0.0263024,1006527662.7351428,0
JST.V,D,20230423,000000,0.0262824,0.0263821,0.0258772,0.0261113,850048883.1671817,0
JST.V,D,20230424,000000,0.0261113,0.0263984,0.0255248,0.0256905,645346422.2557265,0
JST.V,D,20230425,000000,0.0256908,0.0260716,0.02516,0.0256959,621779695.6644783,0
JST.V,D,20230426,000000,0.0256959,0.0263853,0.0248247,0.0253681,698437641.2906104,0
JST.V,D,20230427,000000,0.0253681,0.0259873,0.0252756,0.0256084,503843164.377072,0
JST.V,D,20230428,000000,0.0256182,0.0268894,0.0254782,0.02593,633146323.9808667,0
JST.V,D,20230429,000000,0.0258699,0.0264906,0.0258689,0.0261354,494405908.73390853,0
JST.V,D,20230430,000000,0.0260951,0.0261654,0.0255651,0.0256946,428424535.20527357,0
JST.V,D,20230501,000000,0.0256946,0.0278484,0.024994,0.026007,1348805478.8811324,0
JST.V,D,20230502,000000,0.026007,0.0260073,0.0245447,0.0249655,724705092.7659009,0
JST.V,D,20230503,000000,0.0249555,0.0251453,0.0240379,0.0246464,600032154.3567373,0
JST.V,D,20230504,000000,0.0246467,0.0248445,0.0242797,0.0244188,458705613.8521078,0
JST.V,D,20230505,000000,0.024409,0.0249369,0.024329,0.0248726,698561991.1704279,0
JST.V,D,20230506,000000,0.0248629,0.0249867,0.0241071,0.0243626,931665509.5474664,0
JST.V,D,20230507,000000,0.0243613,0.0244224,0.0242304,0.0243187,453310122.73015964,0
JST.V,D,20230508,000000,0.0243289,0.0243289,0.0230559,0.0232479,1182223858.6865737,0
JST.V,D,20230509,000000,0.0232374,0.023686,0.0232374,0.0235936,1262455418.50453,0
JST.V,D,20230510,000000,0.0236006,0.0241089,0.0232155,0.0237537,839204010.7284716,0
JST.V,D,20230511,000000,0.0237537,0.0238738,0.0227527,0.0229729,948702961.6960034,0
JST.V,D,20230512,000000,0.0229729,0.0231885,0.0225202,0.0231285,1153079794.71238,0
JST.V,D,20230513,000000,0.0231285,0.023274,0.0230215,0.0231316,672541231.0301985,0
JST.V,D,20230514,000000,0.0231316,0.0234941,0.0230138,0.0232339,802528187.0770249,0
JST.V,D,20230515,000000,0.0232639,0.0235941,0.0231216,0.0235164,797898844.1372972,0
JST.V,D,20230516,000000,0.0235164,0.0246572,0.0233393,0.0234617,1290001012.4242418,0
JST.V,D,20230517,000000,0.0234594,0.0236818,0.0231593,0.0236118,1652552443.2389963,0
JST.V,D,20230518,000000,0.0236218,0.0237795,0.0230892,0.0232693,2173408993.168317,0
JST.V,D,20230519,000000,0.0232593,0.0233805,0.0230916,0.023197,1913377833.5822585,0
JST.V,D,20230520,000000,0.0232016,0.0237814,0.0230962,0.0235011,1621096351.2112677,0
JST.V,D,20230521,000000,0.0235011,0.0242521,0.0233116,0.0236942,1661742304.4507864,0
JST.V,D,20230522,000000,0.0236918,0.0244647,0.0231439,0.0243422,2193337123.6281943,0
JST.V,D,20230523,000000,0.0243334,0.0245344,0.0241541,0.0242715,1431209330.7001421,0
JST.V,D,20230524,000000,0.0242712,0.0243124,0.0231256,0.0233286,1760489680.7624261,0
JST.V,D,20230525,000000,0.0233288,0.0233881,0.0230577,0.0232107,1398630221.336872,0
JST.V,D,20230526,000000,0.0231493,0.0232705,0.0230016,0.0232146,1208288959.188868,0
JST.V,D,20230527,000000,0.023217,0.0232293,0.0229771,0.0231886,1194044453.493711,0
JST.V,D,20230528,000000,0.023177,0.023477,0.023177,0.0233854,1136194884.6568935,0
JST.V,D,20230529,000000,0.0233751,0.0237236,0.0231763,0.023257,1132831814.3099294,0
JST.V,D,20230530,000000,0.023257,0.0234126,0.0231053,0.0232491,1035287427.3802985,0
JST.V,D,20230531,000000,0.0232491,0.0232667,0.0225327,0.0225936,987716918.2735001,0
JST.V,D,20230601,000000,0.0225936,0.0226952,0.0222929,0.0225265,946314363.2791075,0
JST.V,D,20230602,000000,0.0225163,0.0237762,0.0223229,0.0237362,973037222.2902238,0
JST.V,D,20230603,000000,0.0237562,0.0286269,0.023457,0.0270408,4296755210.580192,0
JST.V,D,20230604,000000,0.0271103,0.02715,0.0255284,0.0255982,1732472725.4208286,0
JST.V,D,20230605,000000,0.0256282,0.0257983,0.0229667,0.0230969,1998396860.617252,0
JST.V,D,20230606,000000,0.0231067,0.0235147,0.02273,0.0235066,1141223353.7144022,0
JST.V,D,20230607,000000,0.0234366,0.0244873,0.0221911,0.0222224,1206459118.959106,0
JST.V,D,20230608,000000,0.0223125,0.0227318,0.022222,0.0226141,841215006.1126355,0
JST.V,D,20230609,000000,0.0225941,0.0226802,0.0215848,0.0216259,930301537.7775295,0
JST.V,D,20230610,000000,0.0216361,0.02171,0.0188581,0.0196714,1488714308.3130164,0
JST.V,D,20230611,000000,0.0196714,0.0214907,0.0196308,0.0205884,2205236563.2916403,0
JST.V,D,20230612,000000,0.0205882,0.0206105,0.0197849,0.0202108,1296053133.4490366,0
JST.V,D,20230613,000000,0.0202108,0.0210183,0.0200438,0.0202274,1069530635.6953816,0
JST.V,D,20230614,000000,0.0202174,0.0206557,0.0195961,0.0197082,1311010732.4532359,0
JST.V,D,20230615,000000,0.0197084,0.0199242,0.0194311,0.0197836,1238172795.6801066,0
JST.V,D,20230616,000000,0.0197836,0.0201303,0.0195038,0.0199542,912190735.5234867,0
JST.V,D,20230617,000000,0.0199544,0.0203017,0.0198963,0.0201215,714445378.5544415,0
JST.V,D,20230618,000000,0.0201215,0.02081,0.0199958,0.0200554,934883891.3957254,0
JST.V,D,20230619,000000,0.0200454,0.0201517,0.0198287,0.0200436,782032429.5796186,0
JST.V,D,20230620,000000,0.0200438,0.020372,0.0197011,0.020293,741960837.5063876,0
JST.V,D,20230621,000000,0.020293,0.0213609,0.0202328,0.0213013,1216046282.2589152,0
JST.V,D,20230622,000000,0.0213323,0.0219535,0.0210225,0.0212945,814128279.5448,0
JST.V,D,20230623,000000,0.0212945,0.0223772,0.0211447,0.0221428,981142991.8467206,0
JST.V,D,20230624,000000,0.0221428,0.0225358,0.0219436,0.0223241,1114667238.7300746,0
JST.V,D,20230625,000000,0.0223238,0.0227987,0.0222067,0.0223271,1499885838.2677631,0
JST.V,D,20230626,000000,0.0223271,0.0240138,0.0216032,0.0216746,2228202095.460701,0
JST.V,D,20230627,000000,0.0216645,0.0220209,0.0215839,0.0218239,1382760390.6821856,0
JST.V,D,20230628,000000,0.0218141,0.0222596,0.0215987,0.0217498,1862489052.2685902,0
JST.V,D,20230629,000000,0.0217898,0.0222082,0.0217083,0.0218458,1809670721.0876236,0
JST.V,D,20230630,000000,0.0218572,0.0228468,0.0215746,0.0221425,1859248937.9813542,0
JST.V,D,20230701,000000,0.0221323,0.0237169,0.0221323,0.02311,1768833435.1749175,0
JST.V,D,20230702,000000,0.0231098,0.0232498,0.0222507,0.022342,887133894.2714119,0
JST.V,D,20230703,000000,0.0223822,0.0229044,0.0223402,0.0227807,934586032.1928099,0
JST.V,D,20230704,000000,0.0227618,0.0234928,0.022682,0.0229651,1256460737.8521988,0
JST.V,D,20230705,000000,0.0229348,0.0233344,0.0223107,0.0224036,1375734021.5169995,0
JST.V,D,20230706,000000,0.0224034,0.0228598,0.0221811,0.022318,857016812.6487185,0
JST.V,D,20230707,000000,0.022318,0.0226614,0.0220731,0.0224436,869385527.689548,0
JST.V,D,20230708,000000,0.0224518,0.0225916,0.0222711,0.0223838,700173624.1966289,0
JST.V,D,20230709,000000,0.0223936,0.0226845,0.0223625,0.022424,930557570.1893777,0
JST.V,D,20230710,000000,0.022424,0.0224434,0.0218509,0.0223033,1079789943.0742786,0
JST.V,D,20230711,000000,0.0223145,0.0229423,0.0220529,0.0227516,1135495719.2102325,0
JST.V,D,20230712,000000,0.0230109,0.0236698,0.0229098,0.0234391,1378763049.3884864,0
JST.V,D,20230713,000000,0.0234395,0.0241672,0.0230475,0.0239496,1116040806.5586877,0
JST.V,D,20230714,000000,0.0239493,0.0243344,0.0233621,0.0235615,1224208021.4946399,0
JST.V,D,20230715,000000,0.0234615,0.0303755,0.0234615,0.0244973,4592873374.895152,0
JST.V,D,20230716,000000,0.0244971,0.0246869,0.0234601,0.0235308,1356100634.6265557,0
JST.V,D,20230717,000000,0.0235311,0.023799,0.0231244,0.023334,1360725274.3856738,0
JST.V,D,20230718,000000,0.023404,0.0235447,0.0228214,0.0229851,1760790724.9271972,0
JST.V,D,20230719,000000,0.0229851,0.0233707,0.0229739,0.0232298,2639466605.1147504,0
JST.V,D,20230720,000000,0.0232298,0.0237421,0.0229989,0.0233079,1820150739.926409,0
JST.V,D,20230721,000000,0.0233079,0.0234488,0.0231993,0.0233105,1622795998.9120731,0
JST.V,D,20230722,000000,0.0233105,0.0256,0.0231521,0.0238124,3247022954.0598183,0
JST.V,D,20230723,000000,0.0238124,0.0241624,0.0235098,0.0235893,1245948863.6708565,0
JST.V,D,20230724,000000,0.0236095,0.0236888,0.0226062,0.0226675,1047175640.6225194,0
JST.V,D,20230725,000000,0.0226673,0.0236383,0.0226566,0.0235883,1286914994.9465659,0
JST.V,D,20230726,000000,0.0235579,0.0239202,0.0231458,0.0237409,863501937.0652429,0
JST.V,D,20230727,000000,0.0237707,0.0240669,0.0237353,0.0238536,668038005.5724306,0
JST.V,D,20230728,000000,0.0238533,0.0242795,0.0237826,0.0242793,710870728.3861204,0
JST.V,D,20230729,000000,0.0242695,0.0265692,0.0242095,0.02578,700120317.8311543,0
JST.V,D,20230730,000000,0.0257797,0.0258497,0.0242105,0.0243578,672369817.362817,0
JST.V,D,20230731,000000,0.0243578,0.0247578,0.0240973,0.0241959,644845660.1241456,0
JST.V,D,20230801,000000,0.0241959,0.024408,0.0235225,0.0243076,593307806.1940781,0
JST.V,D,20230802,000000,0.0242976,0.0250072,0.0237964,0.0239361,905848832.2006936,0
JST.V,D,20230803,000000,0.0239361,0.0242167,0.0237783,0.0240805,524291136.42124015,0
JST.V,D,20230804,000000,0.0240905,0.0243042,0.0235947,0.0235947,744067827.12355,0
JST.V,D,20230805,000000,0.0235947,0.024644,0.0235147,0.0237139,1012188887.6113034,0
JST.V,D,20230806,000000,0.0237471,0.0240218,0.023348,0.0235746,882903177.6254302,0
JST.V,D,20230807,000000,0.0235746,0.0236445,0.0229324,0.0232328,1234438127.2173846,0
JST.V,D,20230808,000000,0.0232428,0.0232809,0.0221179,0.0226766,1474040595.121716,0
JST.V,D,20230809,000000,0.0226766,0.0228622,0.0225817,0.0226403,975572537.1162258,0
JST.V,D,20230810,000000,0.0226503,0.0228576,0.0225679,0.0227259,1059276489.3416013,0
JST.V,D,20230811,000000,0.0227259,0.0227887,0.0225143,0.0225252,899910236.3872993,0
JST.V,D,20230812,000000,0.0225252,0.0230801,0.0225252,0.0227473,1868292553.4444058,0
JST.V,D,20230813,000000,0.022747,0.0229162,0.0225713,0.0226721,1463341672.3599646,0
JST.V,D,20230814,000000,0.0226721,0.0227052,0.022474,0.0225341,1789369564.7920415,0
JST.V,D,20230815,000000,0.0225341,0.0226382,0.0218874,0.0220353,1068924413.7439383,0
JST.V,D,20230816,000000,0.0220357,0.022057,0.0209068,0.0209465,1360936474.1314142,0
JST.V,D,20230817,000000,0.0209467,0.0211531,0.0194984,0.0199086,1097025773.2907891,0
JST.V,D,20230818,000000,0.0197987,0.0202113,0.0197139,0.0201999,1150888749.9522846,0
JST.V,D,20230819,000000,0.0201999,0.0203176,0.0200426,0.0201748,1268914380.0687869,0
JST.V,D,20230820,000000,0.0201748,0.0209779,0.0201646,0.020749,1540299285.8964925,0
JST.V,D,20230821,000000,0.0207288,0.0209779,0.020166,0.020327,2042871581.4841695,0
JST.V,D,20230822,000000,0.020327,0.0204771,0.0201038,0.0201232,1666482021.5738122,0
JST.V,D,20230823,000000,0.020123,0.0210116,0.0201026,0.0207061,1892716420.0670025,0
JST.V,D,20230824,000000,0.020816,0.0208816,0.0204987,0.0205295,2007985846.5108955,0
JST.V,D,20230825,000000,0.0205295,0.0207575,0.0204418,0.0206684,1521233035.253286,0
JST.V,D,20230826,000000,0.0206684,0.0208802,0.0206409,0.0208385,853726870.568066,0
JST.V,D,20230827,000000,0.0207086,0.0209393,0.0207086,0.0208702,1021121579.0545304,0
JST.V,D,20230828,000000,0.02088,0.0209,0.020453,0.0205795,877262035.1571407,0
JST.V,D,20230829,000000,0.0205695,0.0210517,0.0203345,0.021034,983555885.2911762,0
JST.V,D,20230830,000000,0.0210238,0.0210977,0.0205239,0.02058,1145275734.6202345,0
JST.V,D,20230831,000000,0.0205798,0.0207381,0.0201076,0.0204073,1096764130.5791256,0
JST.V,D,20230901,000000,0.0204073,0.0205726,0.0200284,0.0201697,1801113155.1930535,0
JST.V,D,20230902,000000,0.0201697,0.0203521,0.0201118,0.0202978,1392034367.2142115,0
JST.V,D,20230903,000000,0.0202978,0.0203476,0.0201154,0.0202863,1387075944.368004,0
JST.V,D,20230904,000000,0.0202763,0.0204355,0.0200936,0.0201644,1155426428.4636552,0
JST.V,D,20230905,000000,0.0201943,0.0204594,0.0201517,0.0204,1511578908.4532013,0
JST.V,D,20230906,000000,0.0204,0.0205983,0.0202171,0.0205075,1249423223.544449,0
JST.V,D,20230907,000000,0.0205077,0.0207696,0.0204673,0.0207494,1417333318.1562705,0
JST.V,D,20230908,000000,0.0207502,0.02084,0.0205053,0.0205871,1522243964.8102283,0
JST.V,D,20230909,000000,0.0205871,0.0207348,0.0204737,0.0207138,1217571324.6122,0
JST.V,D,20230910,000000,0.0207134,0.0207836,0.0202559,0.0204222,1008409682.1202924,0
JST.V,D,20230911,000000,0.0204324,0.0205122,0.0197613,0.0198337,1381635811.4963644,0
JST.V,D,20230912,000000,0.0198936,0.0209958,0.0198125,0.0206883,1447936422.9805553,0
JST.V,D,20230913,000000,0.0206981,0.0207821,0.0201958,0.0207541,2109920720.13784,0
JST.V,D,20230914,000000,0.0207541,0.0214473,0.0207019,0.0214162,1637846916.050647,0
JST.V,D,20230915,000000,0.0214162,0.0217309,0.0212292,0.0217193,1372844663.7807794,0
JST.V,D,20230916,000000,0.0217193,0.022202,0.0216383,0.022172,1799667803.6885898,0
JST.V,D,20230917,000000,0.022172,0.0222031,0.0215247,0.0215552,1256884539.141069,0
JST.V,D,20230918,000000,0.0215352,0.0223654,0.0214528,0.0221435,1593477609.3059795,0
JST.V,D,20230919,000000,0.0220735,0.0227341,0.0219442,0.0226332,2442102510.045324,0
JST.V,D,20230920,000000,0.0226332,0.0229011,0.0222502,0.0228314,2310841347.349084,0
JST.V,D,20230921,000000,0.0228314,0.0228709,0.0219687,0.0219991,782292413.0442085,0
JST.V,D,20230922,000000,0.0219993,0.0228582,0.0219993,0.0226784,744532241.4040585,0
JST.V,D,20230923,000000,0.0226686,0.0229914,0.0225891,0.0229514,701680030.9688143,0
JST.V,D,20230924,000000,0.0229416,0.0229821,0.0226216,0.0227209,719398528.8934287,0
JST.V,D,20230925,000000,0.0227109,0.0227211,0.0222522,0.0222989,723078132.3078585,0
JST.V,D,20230926,000000,0.0222787,0.0225232,0.0221385,0.0221505,681153516.4331468,0
JST.V,D,20230927,000000,0.0221505,0.0224027,0.0219631,0.0220836,778912198.5688778,0
JST.V,D,20230928,000000,0.0220737,0.0226502,0.0219405,0.0225695,757056825.6590962,0
JST.V,D,20230929,000000,0.0225795,0.0296076,0.022528,0.0277669,3700020296.351698,0
JST.V,D,20230930,000000,0.0277369,0.0288071,0.0250243,0.025045,2776751503.1664295,0
JST.V,D,20231001,000000,0.025045,0.0256026,0.023901,0.0245127,2364820423.7617216,0
JST.V,D,20231002,000000,0.0245127,0.025111,0.0232472,0.0234468,3178493563.341615,0
JST.V,D,20231003,000000,0.0234468,0.0234868,0.02289,0.0229598,2577987746.217577,0
JST.V,D,20231004,000000,0.0229598,0.0236821,0.0228207,0.0232212,2264525544.404147,0
JST.V,D,20231005,000000,0.0232209,0.0235838,0.0230605,0.0232665,2309680656.2841988,0
JST.V,D,20231006,000000,0.0232663,0.0234726,0.022803,0.0233596,2361395197.9249935,0
JST.V,D,20231007,000000,0.0233596,0.0238231,0.0232612,0.0234233,2056611054.8697155,0
JST.V,D,20231008,000000,0.0234233,0.0235239,0.0230033,0.0231032,1073460652.8806249,0
JST.V,D,20231009,000000,0.0231232,0.023172,0.0217457,0.0220544,1230100493.3886704,0
JST.V,D,20231010,000000,0.0220646,0.0223745,0.0219113,0.0221324,1222272408.842417,0
JST.V,D,20231011,000000,0.0221222,0.0221818,0.0216059,0.0217537,1185498740.6051373,0
JST.V,D,20231012,000000,0.0217739,0.0222655,0.0217072,0.0217919,1348087808.3244534,0
JST.V,D,20231013,000000,0.0218819,0.0222422,0.0217291,0.0221853,1114179509.5806484,0
JST.V,D,20231014,000000,0.0221751,0.0222598,0.0220476,0.0222287,1032338637.002663,0
JST.V,D,20231015,000000,0.0221987,0.0229689,0.0221893,0.0228209,1282598451.5494745,0
JST.V,D,20231016,000000,0.0228209,0.0235752,0.0227332,0.0230294,1685364676.109151,0
JST.V,D,20231017,000000,0.0230197,0.0232491,0.0225795,0.0231786,1507005085.9183505,0
JST.V,D,20231018,000000,0.0231786,0.026121,0.0231088,0.0245952,2801133433.001806,0
JST.V,D,20231019,000000,0.0245852,0.0246942,0.0228521,0.0231893,2122556764.0117214,0
JST.V,D,20231020,000000,0.0231993,0.0254827,0.023179,0.02448,2718055866.635723,0
JST.V,D,20231021,000000,0.0245,0.0248824,0.0244056,0.0248722,1840501033.72953,0
JST.V,D,20231022,000000,0.0248722,0.0249625,0.0237521,0.0241982,1598495178.3232913,0
JST.V,D,20231023,000000,0.0242085,0.0261497,0.0241853,0.0252731,1350548581.769751,0
JST.V,D,20231024,000000,0.0252529,0.0259209,0.0248305,0.025247,1058405871.0799732,0
JST.V,D,20231025,000000,0.025247,0.0301854,0.025247,0.0272165,1913700211.9780045,0
JST.V,D,20231026,000000,0.027236,0.0273763,0.0260842,0.02693,2163114857.6195035,0
JST.V,D,20231027,000000,0.0268403,0.0296047,0.0268403,0.0282965,2535269273.979921,0
JST.V,D,20231028,000000,0.0282965,0.0332857,0.027875,0.031405,1433945585.3716652,0
JST.V,D,20231029,000000,0.0313953,0.033196,0.0305767,0.0310909,1011496683.7234465,0
JST.V,D,20231030,000000,0.0310912,0.0311697,0.0297928,0.03029,1051576086.4262632,0
JST.V,D,20231031,000000,0.0302903,0.030853,0.0287383,0.0307729,762272099.0365201,0
JST.V,D,20231101,000000,0.0307629,0.0399228,0.0303427,0.0399224,1682971995.9666634,0
JST.V,D,20231102,000000,0.0398928,0.0398928,0.0348566,0.0357146,1640986916.288704,0
JST.V,D,20231103,000000,0.0357146,0.035745,0.0327346,0.0340733,1877070022.5335627,0
JST.V,D,20231104,000000,0.0340633,0.0383973,0.032016,0.0333193,1321792793.4650736,0
JST.V,D,20231105,000000,0.0333293,0.03384,0.0319783,0.0321157,285814978.41649526,0
JST.V,D,20231106,000000,0.0321257,0.0325664,0.0309259,0.0316088,187719432.71596938,0
JST.V,D,20231107,000000,0.0316289,0.0321519,0.0308505,0.0317943,850438945.0538093,0
JST.V,D,20231108,000000,0.0317943,0.0329605,0.0315639,0.0328972,814262520.4445477,0
JST.V,D,20231109,000000,0.0328772,0.0335254,0.0303255,0.0319761,954381143.4927608,0
JST.V,D,20231110,000000,0.0319861,0.0343476,0.0319754,0.0333073,835943725.6730623,0
JST.V,D,20231111,000000,0.0333173,0.0343972,0.03288,0.0335884,893163154.9818214,0
JST.V,D,20231112,000000,0.0335881,0.0337884,0.0327005,0.0331236,834575105.3680271,0
JST.V,D,20231113,000000,0.0331236,0.0354509,0.0327432,0.0337394,747901591.1171098,0
JST.V,D,20231114,000000,0.0337094,0.0341679,0.0321322,0.0330343,692031418.3006811,0
JST.V,D,20231115,000000,0.0330346,0.0338569,0.0323845,0.0338262,1016742199.4100467,0
JST.V,D,20231116,000000,0.0338269,0.0347749,0.0330286,0.0334937,1076609183.974918,0
JST.V,D,20231117,000000,0.0334837,0.0339441,0.0322529,0.0330812,977022599.608198,0
JST.V,D,20231118,000000,0.0330809,0.0332333,0.0318049,0.032706,777990273.1759658,0
JST.V,D,20231119,000000,0.032686,0.0328367,0.0320489,0.0326143,351901288.29917353,0
JST.V,D,20231120,000000,0.0326243,0.0329558,0.0320186,0.0321422,353834322.8477208,0
JST.V,D,20231121,000000,0.0321422,0.0322509,0.0294515,0.0294515,481384965.7400611,0
JST.V,D,20231122,000000,0.0294512,0.03129,0.0291405,0.0312894,575093494.6014538,0
JST.V,D,20231123,000000,0.0312894,0.0321396,0.0307646,0.0314044,476900634.7357959,0
JST.V,D,20231124,000000,0.0314244,0.0320001,0.0313306,0.0315849,364158108.86650574,0
JST.V,D,20231125,000000,0.0315849,0.032098,0.0315718,0.0320089,361692940.0435261,0
JST.V,D,20231126,000000,0.0320089,0.0345894,0.0319382,0.0335327,608859209.0482144,0
JST.V,D,20231127,000000,0.0335324,0.034162,0.03104,0.0311706,522159332.1219796,0
JST.V,D,20231128,000000,0.0311706,0.0314886,0.0303294,0.0313982,598209584.1174656,0
JST.V,D,20231129,000000,0.0313982,0.0314642,0.0308145,0.0310537,543188036.298116,0
JST.V,D,20231130,000000,0.031044,0.031135,0.0306537,0.0309149,429769301.25223106,0
JST.V,D,20231201,000000,0.0309153,0.0316398,0.0307758,0.0314026,429383087.4076817,0
JST.V,D,20231202,000000,0.0314026,0.0319099,0.0313522,0.0317546,326263399.4627091,0
JST.V,D,20231203,000000,0.0317546,0.0319256,0.03131,0.0316414,444398988.3884153,0
JST.V,D,20231204,000000,0.0316411,0.0323007,0.0310243,0.0315616,453069431.7679855,0
JST.V,D,20231205,000000,0.0315613,0.03188,0.0311919,0.0316038,433877295.433881,0
JST.V,D,20231206,000000,0.0316038,0.0341024,0.0313919,0.0327736,719037836.9079977,0
JST.V,D,20231207,000000,0.0327736,0.0327807,0.031395,0.0322113,564988069.7445868,0
JST.V,D,20231208,000000,0.0322009,0.033255,0.0321664,0.0330409,586577072.4263341,0
JST.V,D,20231209,000000,0.0330409,0.0342196,0.0330009,0.0339088,512378069.00506705,0
JST.V,D,20231210,000000,0.0339092,0.0343734,0.033186,0.034071,499934562.88933694,0
JST.V,D,20231211,000000,0.034071,0.034261,0.0317916,0.0323348,480384762.09576786,0
JST.V,D,20231212,000000,0.0323848,0.0328808,0.031763,0.0319956,524396367.1227901,0
JST.V,D,20231213,000000,0.0319956,0.0325672,0.0314252,0.0324475,462182615.3234249,0
JST.V,D,20231214,000000,0.0324975,0.0329943,0.0322413,0.0329453,394309566.84376717,0
JST.V,D,20231215,000000,0.0329356,0.033076,0.0318429,0.0318429,391500287.3253057,0
JST.V,D,20231216,000000,0.0318429,0.0323883,0.0315797,0.0321343,334588564.4943582,0
JST.V,D,20231217,000000,0.032134,0.0323048,0.0316,0.0318172,412515370.88350713,0
JST.V,D,20231218,000000,0.0318269,0.0318269,0.0293215,0.0304908,483704264.0862067,0
JST.V,D,20231219,000000,0.0304908,0.0308377,0.0302322,0.0303945,393826127.12754595,0
JST.V,D,20231220,000000,0.0303945,0.0315873,0.0302512,0.0313313,436711847.2847931,0
JST.V,D,20231221,000000,0.0313313,0.0320154,0.0312803,0.0319457,383578617.8584156,0
JST.V,D,20231222,000000,0.0319561,0.0321822,0.0314641,0.0321254,436095788.8688521,0
JST.V,D,20231223,000000,0.0321257,0.0322151,0.031649,0.0321461,425382905.6198196,0
JST.V,D,20231224,000000,0.0321557,0.0322187,0.0314545,0.0315008,390906797.41041964,0
JST.V,D,20231225,000000,0.0314808,0.0324042,0.0314695,0.0321371,427658146.309707,0
JST.V,D,20231226,000000,0.0321367,0.0323542,0.0309216,0.0314069,408630473.97513205,0
JST.V,D,20231227,000000,0.0313969,0.0322119,0.0309694,0.0321299,424617666.5757595,0
JST.V,D,20231228,000000,0.0321199,0.0329832,0.0317011,0.0321838,563603267.1896647,0
JST.V,D,20231229,000000,0.0321838,0.0326089,0.0315539,0.0320164,269194795.5808105,0
JST.V,D,20231230,000000,0.0319964,0.0323797,0.0313181,0.031839,122026450.48780188,0
JST.V,D,20231231,000000,0.031779,0.0322581,0.0315865,0.0317021,127569187.00800662,0
JST.V,D,20240101,000000,0.0317118,0.0322645,0.0313869,0.0322061,146191823.1806596,0
JST.V,D,20240102,000000,0.0321964,0.032981,0.0321374,0.0325924,137909373.24610576,0
JST.V,D,20240103,000000,0.0326021,0.033157,0.0295381,0.0304313,146309760.46691245,0
JST.V,D,20240104,000000,0.0304219,0.0308916,0.0304174,0.0307165,663298599.7500621,0
JST.V,D,20240105,000000,0.0307062,0.030772,0.0295866,0.0298436,736836758.0967042,0
JST.V,D,20240106,000000,0.0298436,0.0300871,0.0292766,0.030008,698830457.5845147,0
JST.V,D,20240107,000000,0.030018,0.0303076,0.0293182,0.0293188,589726639.238951,0
JST.V,D,20240108,000000,0.0293188,0.0294556,0.0282113,0.0294162,485161076.84301955,0
JST.V,D,20240109,000000,0.0294162,0.029644,0.0281903,0.0283488,477598345.6336169,0
JST.V,D,20240110,000000,0.0283088,0.0297168,0.0282793,0.0296874,585525775.5430146,0
JST.V,D,20240111,000000,0.0296777,0.03085,0.0295109,0.0302618,673675102.9787297,0
JST.V,D,20240112,000000,0.0302618,0.0306,0.0293682,0.0294006,590905554.3222436,0
JST.V,D,20240113,000000,0.029412,0.0310866,0.0292306,0.0306826,617377678.3716247,0
JST.V,D,20240114,000000,0.0306826,0.0326392,0.0305166,0.0310451,626406101.7156554,0
JST.V,D,20240115,000000,0.0310351,0.0311747,0.0301955,0.030372,482278828.91452545,0
JST.V,D,20240116,000000,0.030362,0.0305772,0.0299461,0.0305654,346821765.1517515,0
JST.V,D,20240117,000000,0.0314899,0.0314899,0.0298795,0.0301298,367646868.6174345,0
JST.V,D,20240118,000000,0.0301298,0.0302921,0.0291522,0.0294103,359943779.6055927,0
JST.V,D,20240119,000000,0.0295002,0.0295225,0.028582,0.0292111,347406770.35608894,0
JST.V,D,20240120,000000,0.0292011,0.0293659,0.0289577,0.0293659,306480042.7617876,0
JST.V,D,20240121,000000,0.0293659,0.029572,0.0292422,0.0295014,287449092.61590946,0
JST.V,D,20240122,000000,0.0295014,0.0309702,0.0285357,0.0286193,374044824.29227227,0
JST.V,D,20240123,000000,0.0286193,0.0287698,0.0275758,0.0278854,447036491.2094267,0
JST.V,D,20240124,000000,0.0278854,0.0284766,0.0278752,0.028335,345170274.821601,0
JST.V,D,20240125,000000,0.0283253,0.0288364,0.0283253,0.0286445,306629427.9365837,0
JST.V,D,20240126,000000,0.0286445,0.029692,0.0286342,0.0295238,413063990.6653643,0
JST.V,D,20240127,000000,0.0295338,0.0304727,0.0295235,0.0301897,488934980.74090225,0
JST.V,D,20240128,000000,0.03019,0.0303448,0.0297035,0.0297752,319949543.2552828,0
JST.V,D,20240129,000000,0.0297852,0.0301776,0.0294979,0.02998,348816499.97954917,0
JST.V,D,20240130,000000,0.0299803,0.0303597,0.0294868,0.0296097,372503283.3141193,0
JST.V,D,20240131,000000,0.0296197,0.0296297,0.028773,0.0288338,396443032.0373017,0
JST.V,D,20240201,000000,0.0288338,0.0291654,0.0285711,0.0290416,395657392.271893,0
JST.V,D,20240202,000000,0.0290416,0.0296002,0.0289561,0.0293244,325800669.40838027,0
JST.V,D,20240203,000000,0.0293644,0.0294179,0.0290069,0.0291101,343032049.6867533,0
JST.V,D,20240204,000000,0.0290559,0.0294288,0.0288767,0.0292374,205218926.43667692,0
JST.V,D,20240205,000000,0.0292377,0.029283,0.0289914,0.0290819,196083844.7364371,0
JST.V,D,20240206,000000,0.0290819,0.0302985,0.0290225,0.0302103,306101925.2451085,0
JST.V,D,20240207,000000,0.0302103,0.0309541,0.0301359,0.0308338,352031214.8737477,0
JST.V,D,20240208,000000,0.0308335,0.032052,0.030483,0.0308665,402576462.84461457,0
JST.V,D,20240209,000000,0.0308662,0.0311894,0.0307391,0.031138,319502095.9355595,0
JST.V,D,20240210,000000,0.0311487,0.0312053,0.0307909,0.030999,146906721.75410464,0
JST.V,D,20240211,000000,0.030999,0.0311368,0.030959,0.030989,198402135.5860811,0
JST.V,D,20240212,000000,0.030999,0.0317244,0.0308965,0.0313638,290555846.6348339,0
JST.V,D,20240213,000000,0.0313638,0.0314397,0.0307822,0.0311021,248105205.77506012,0
JST.V,D,20240214,000000,0.0311124,0.0328618,0.0309611,0.0328005,197356955.3602951,0
JST.V,D,20240215,000000,0.0328005,0.0346732,0.0324466,0.0338294,480618568.19030416,0
JST.V,D,20240216,000000,0.0338391,0.0345566,0.03319,0.0335558,495620488.5255192,0
JST.V,D,20240217,000000,0.0335555,0.0346321,0.0331929,0.0333373,309870809.34068215,0
JST.V,D,20240218,000000,0.0336751,0.0339897,0.0335851,0.0339437,22336664.344174597,0
JST.V,D,20240219,000000,0.0339481,0.0346359,0.0336941,0.0341582,277442816.293394,0
JST.V,D,20240220,000000,0.0341582,0.0342382,0.0330013,0.0338564,329119771.43807393,0
JST.V,D,20240221,000000,0.0338468,0.0369085,0.0338464,0.03581,684699683.9442586,0
JST.V,D,20240222,000000,0.03575,0.0372026,0.034501,0.0347189,428012332.0200275,0
JST.V,D,20240223,000000,0.0347189,0.0348366,0.033348,0.0335953,272386387.38301355,0
JST.V,D,20240224,000000,0.0335956,0.0343397,0.0330657,0.03385,159808452.95966485,0
JST.V,D,20240225,000000,0.0338397,0.0338636,0.033198,0.0333587,132242774.8461414,0
JST.V,D,20240226,000000,0.0333683,0.0336915,0.0326145,0.0336315,186922760.13445124,0
JST.V,D,20240227,000000,0.0336218,0.0341015,0.0334897,0.0340036,330269854.921328,0
JST.V,D,20240228,000000,0.0340036,0.0349784,0.0335688,0.0341539,348245634.8580805,0
JST.V,D,20240229,000000,0.0341339,0.0360176,0.0339197,0.0352208,108638266.74379896,0
JST.V,D,20240301,000000,0.0354366,0.0381597,0.0354366,0.0380797,120290382.90854825,0
JST.V,D,20240302,000000,0.0380889,0.04001,0.0380785,0.0392184,130792833.35141635,0
JST.V,D,20240303,000000,0.0392184,0.0417121,0.0378754,0.0390172,215301553.78993928,0
JST.V,D,20240304,000000,0.0389871,0.0419135,0.0384858,0.0412954,231614350.48769385,0
JST.V,D,20240305,000000,0.0413054,0.0423245,0.0388017,0.0392771,297033918.88775647,0
JST.V,D,20240306,000000,0.0392971,0.050459,0.0392374,0.0444344,765829945.4753193,0
JST.V,D,20240307,000000,0.0444322,0.0444522,0.0414111,0.0428116,241997134.40601557,0
JST.V,D,20240308,000000,0.0428111,0.0429586,0.0407756,0.0417357,192883399.2935618,0
JST.V,D,20240309,000000,0.0417457,0.0422844,0.0413027,0.0420919,219978916.8353045,0
JST.V,D,20240310,000000,0.0422618,0.0454074,0.0413953,0.0414604,293785265.4236058,0
JST.V,D,20240311,000000,0.0414968,0.0432404,0.0404334,0.0431486,155478562.84314647,0
JST.V,D,20240312,000000,0.0431386,0.0437379,0.0410138,0.0420829,152036305.03756633,0
JST.V,D,20240313,000000,0.0420829,0.043929,0.0420525,0.0430658,125797518.9472499,0
JST.V,D,20240314,000000,0.0431372,0.043233,0.0407048,0.0416054,38083804.33513441,0
JST.V,D,20240315,000000,0.041605,0.0420069,0.0379639,0.0389639,139630836.38320675,0
JST.V,D,20240316,000000,0.0389935,0.039774,0.0375505,0.0378965,87970152.0825366,0
JST.V,D,20240317,000000,0.0378788,0.0382505,0.0360773,0.0382493,106068768.6191043,0
JST.V,D,20240318,000000,0.0381494,0.0382893,0.0360146,0.0363978,93717525.68072133,0
JST.V,D,20240319,000000,0.0363978,0.0368537,0.0331245,0.0331308,110629821.31022193,0
JST.V,D,20240320,000000,0.0331205,0.0355971,0.0323835,0.0355596,145760544.8169632,0
JST.V,D,20240321,000000,0.03559,0.0364155,0.0354893,0.0360617,71823974.52511242,0
JST.V,D,20240322,000000,0.0360913,0.0367386,0.0350004,0.0352378,139585158.93176717,0
JST.V,D,20240323,000000,0.0352478,0.0368396,0.0352174,0.03681,137704072.2872889,0
JST.V,D,20240324,000000,0.03679,0.03748,0.0361783,0.0374378,150298038.2900873,0
JST.V,D,20240325,000000,0.0374278,0.0388502,0.0369785,0.0385258,151165099.40689188,0
JST.V,D,20240326,000000,0.0385158,0.0406804,0.0384273,0.0402604,299451123.3401384,0
JST.V,D,20240327,000000,0.0402408,0.0409563,0.03907,0.0400956,315943467.7944597,0
JST.V,D,20240328,000000,0.0401056,0.0402623,0.0386837,0.0398384,291813485.1088416,0
JST.V,D,20240329,000000,0.0398384,0.040244,0.0390643,0.039669,285876713.6059209,0
JST.V,D,20240330,000000,0.039669,0.0411438,0.0394846,0.040956,389361296.8231371,0
JST.V,D,20240331,000000,0.040916,0.0411573,0.0400956,0.0405649,291317880.34298235,0
JST.V,D,20240401,000000,0.0405649,0.0414975,0.0381677,0.0384846,312259346.8489658,0
JST.V,D,20240402,000000,0.0384442,0.0396971,0.0358296,0.0359944,466541256.6903073,0
JST.V,D,20240403,000000,0.0359944,0.0369248,0.0353367,0.0359404,448166952.28035474,0
JST.V,D,20240404,000000,0.0359501,0.0373894,0.0357404,0.0367088,414071187.394454,0
JST.V,D,20240405,000000,0.0367788,0.0399532,0.0364086,0.0389032,903168382.9460315,0
JST.V,D,20240406,000000,0.0389121,0.0389205,0.0373891,0.0378891,410130489.1310247,0
JST.V,D,20240407,000000,0.0378895,0.0382284,0.0376772,0.037853,263874300.54063934,0
JST.V,D,20240408,000000,0.037883,0.04013,0.0371493,0.0397976,414014447.25484574,0
JST.V,D,20240409,000000,0.039778,0.0401184,0.0382716,0.0386122,243223699.41579825,0
JST.V,D,20240410,000000,0.0385922,0.0402503,0.0376119,0.0381789,272870234.35379803,0
JST.V,D,20240411,000000,0.0382589,0.0445709,0.0380585,0.0420529,651778180.731055,0
JST.V,D,20240412,000000,0.0421034,0.0513131,0.0401135,0.0421726,1260898396.684032,0
JST.V,D,20240413,000000,0.0421622,0.0422427,0.0332179,0.0336272,484775729.65938294,0
JST.V,D,20240414,000000,0.0336172,0.0343519,0.0321348,0.0325998,412224808.05613875,0
JST.V,D,20240415,000000,0.0326598,0.0369803,0.0326598,0.0338558,506298613.1786615,0
JST.V,D,20240416,000000,0.0340755,0.0343969,0.0320367,0.0325065,296508940.37704885,0
JST.V,D,20240417,000000,0.0331466,0.0333363,0.03141,0.0322165,211459419.6859584,0
JST.V,D,20240418,000000,0.0322165,0.0325295,0.0310559,0.0324797,231391249.14282727,0
JST.V,D,20240419,000000,0.0324597,0.0334754,0.0308234,0.0327702,218394736.82429594,0
JST.V,D,20240420,000000,0.0327308,0.0338101,0.0321622,0.0337801,239270613.3955223,0
JST.V,D,20240421,000000,0.0337801,0.0339546,0.033167,0.0338458,202315145.00628826,0
JST.V,D,20240422,000000,0.0338257,0.0346752,0.033623,0.03456,173905768.9821471,0
JST.V,D,20240423,000000,0.03451,0.0347235,0.0338722,0.034189,98437318.40696341,0
JST.V,D,20240424,000000,0.0341893,0.0347624,0.0333843,0.0333992,138537444.867374,0
JST.V,D,20240425,000000,0.0334192,0.0336138,0.0326425,0.0335905,135472903.61215863,0
JST.V,D,20240426,000000,0.0335705,0.0342066,0.0328569,0.0342037,134007206.56999017,0
JST.V,D,20240427,000000,0.0341366,0.0342034,0.0330068,0.0335798,127845957.09449328,0
JST.V,D,20240428,000000,0.0336597,0.0342034,0.0336033,0.0340596,123247726.04942168,0
JST.V,D,20240429,000000,0.0340596,0.0341434,0.0325707,0.03301,134226929.55436718,0
JST.V,D,20240430,000000,0.0328501,0.0333693,0.0313883,0.0319684,181067493.7001518,0
JST.V,D,20240501,000000,0.0319983,0.0321472,0.0306212,0.0317024,178704395.40974542,0
JST.V,D,20240502,000000,0.0316924,0.0323506,0.0312481,0.0322216,140260318.12438676,0
JST.V,D,20240503,000000,0.0321813,0.0328774,0.0318175,0.0327638,94902555.01453316,0
JST.V,D,20240504,000000,0.0327738,0.0329753,0.0323268,0.0327029,93585377.58849114,0
JST.V,D,20240505,000000,0.0327029,0.032923,0.0322439,0.0326436,126133948.33733381,0
JST.V,D,20240506,000000,0.0326036,0.03297,0.0320252,0.0321706,110042820.85023095,0
JST.V,D,20240507,000000,0.0322203,0.0324745,0.0318897,0.032209,52005937.604930304,0
JST.V,D,20240508,000000,0.032199,0.0328295,0.0318194,0.0324599,70088624.31162876,0
JST.V,D,20240509,000000,0.0324699,0.0329538,0.0321468,0.0329251,130292237.95695306,0
JST.V,D,20240510,000000,0.0329247,0.033056,0.03213,0.0321603,100812175.77298887,0
JST.V,D,20240511,000000,0.0321404,0.0324512,0.0320762,0.0321929,64192410.88198883,0
JST.V,D,20240512,000000,0.0322629,0.0323583,0.0320297,0.0321162,51494964.10747655,0
JST.V,D,20240513,000000,0.0320368,0.032251,0.0316302,0.0319165,119194808.80840956,0
JST.V,D,20240514,000000,0.0319165,0.0319168,0.0311903,0.0315406,82412198.12393962,0
JST.V,D,20240515,000000,0.0314387,0.0324437,0.0312506,0.0324094,90029876.75720078,0
JST.V,D,20240516,000000,0.0324291,0.0325514,0.0319693,0.0321329,75412909.42154667,0
JST.V,D,20240517,000000,0.0321529,0.0327231,0.0319419,0.0326311,71977003.9649475,0
JST.V,D,20240518,000000,0.0326311,0.0327262,0.0322371,0.0324755,91514877.55333112,0
JST.V,D,20240519,000000,0.0324755,0.0324958,0.0316078,0.0316378,139953642.67561483,0
JST.V,D,20240520,000000,0.0316381,0.0327931,0.03147,0.0327925,99787137.85648042,0
JST.V,D,20240521,000000,0.0328128,0.033424,0.0326148,0.0329714,142209177.84260386,0
JST.V,D,20240522,000000,0.0329911,0.033222,0.0323957,0.0324564,79923470.97773688,0
JST.V,D,20240523,000000,0.032596,0.032656,0.031018,0.03127,78984234.77927883,0
JST.V,D,20240524,000000,0.03126,0.0315474,0.0306811,0.0313662,171463674.2079513,0
JST.V,D,20240525,000000,0.0313662,0.0317121,0.0310781,0.0313137,104414722.66590746,0
JST.V,D,20240526,000000,0.0313037,0.0314269,0.0310007,0.0310007,74396684.43782783,0
JST.V,D,20240527,000000,0.0310282,0.0314672,0.03082,0.0312781,184227447.4903391,0
JST.V,D,20240528,000000,0.031298,0.0313096,0.0304526,0.0308093,203080704.26938623,0
JST.V,D,20240529,000000,0.0308592,0.0309843,0.0305991,0.0306363,85541580.2565327,0
JST.V,D,20240530,000000,0.0306459,0.030763,0.0301916,0.0304293,46165571.27228437,0
JST.V,D,20240531,000000,0.0304293,0.030631,0.0302252,0.0303938,61715072.7917866,0
JST.V,D,20240601,000000,0.0304038,0.0304529,0.030224,0.0304429,56987701.87651304,0
JST.V,D,20240602,000000,0.0304356,0.0309346,0.0303454,0.0306438,89899418.92465322,0
JST.V,D,20240603,000000,0.0306438,0.0306982,0.0299473,0.0301052,101960508.7880478,0
JST.V,D,20240604,000000,0.0300749,0.03018,0.0296811,0.03012,95568706.97370364,0
JST.V,D,20240605,000000,0.03014,0.0307069,0.0300603,0.0306131,97973804.04706693,0
JST.V,D,20240606,000000,0.0306228,0.0306525,0.0300013,0.0301201,104214380.41213024,0
JST.V,D,20240607,000000,0.0301204,0.030445,0.0289462,0.0290789,130997959.33892769,0
JST.V,D,20240608,000000,0.0290592,0.0296005,0.0287793,0.0293565,139509882.1997825,0
JST.V,D,20240609,000000,0.0293465,0.0309872,0.0291274,0.0298855,234386051.55671644,0
JST.V,D,20240610,000000,0.0299055,0.0300443,0.029462,0.0299116,136466073.9429351,0
JST.V,D,20240611,000000,0.0299119,0.0301858,0.0290061,0.0292239,185628223.50306308,0
JST.V,D,20240612,000000,0.0292139,0.0298997,0.0289871,0.0296002,110863964.47860858,0
JST.V,D,20240613,000000,0.0296099,0.0297617,0.029135,0.0292683,158412147.01974142,0
JST.V,D,20240614,000000,0.0292683,0.0295229,0.0288427,0.0288998,261257993.6906127,0
JST.V,D,20240615,000000,0.0288998,0.0291842,0.0287439,0.0288136,116547081.23179263,0
JST.V,D,20240616,000000,0.0287436,0.0288221,0.028496,0.0286171,104999139.60937035,0
JST.V,D,20240617,000000,0.0286171,0.0288056,0.0276834,0.0277372,155677563.04580432,0
JST.V,D,20240618,000000,0.0277769,0.0278483,0.0265823,0.0271351,179755365.5206923,0
JST.V,D,20240619,000000,0.0271351,0.027707,0.0270497,0.027539,217460169.99326807,0
JST.V,D,20240620,000000,0.027529,0.0278575,0.0271931,0.0273406,124832318.22915962,0
JST.V,D,20240621,000000,0.0273506,0.0278225,0.0271685,0.0276429,122560759.47668616,0
JST.V,D,20240622,000000,0.0276429,0.0278097,0.027471,0.0277389,76198744.66276759,0
JST.V,D,20240623,000000,0.0277361,0.0279118,0.0274768,0.0276806,88231961.36106345,0
JST.V,D,20240624,000000,0.0276909,0.0277234,0.0268725,0.0270802,148951364.9424993,0
JST.V,D,20240625,000000,0.0271399,0.02899,0.0271099,0.0284349,238547982.9486197,0
JST.V,D,20240626,000000,0.0284246,0.0294606,0.0283449,0.0289571,235150142.88414758,0
JST.V,D,20240627,000000,0.028938,0.0296209,0.0288281,0.0292267,207531385.18116218,0
JST.V,D,20240628,000000,0.0292405,0.0296893,0.0290046,0.0294216,139486555.424189,0
JST.V,D,20240629,000000,0.0293814,0.0297316,0.0289934,0.02939,217347058.28905576,0
JST.V,D,20240630,000000,0.02939,0.0297438,0.0291598,0.0296836,223812352.32304406,0
JST.V,D,20240701,000000,0.0296936,0.0303563,0.029158,0.0298169,291190606.0698738,0
JST.V,D,20240702,000000,0.0298668,0.030162,0.0296393,0.0301117,215711405.2002201,0
JST.V,D,20240703,000000,0.0300818,0.0304358,0.029758,0.0302564,182588222.9231225,0
JST.V,D,20240704,000000,0.0302564,0.0303965,0.0284732,0.0290537,257180244.42655542,0
JST.V,D,20240705,000000,0.0290437,0.02969,0.0268438,0.0296218,320188496.40981036,0
JST.V,D,20240706,000000,0.0296224,0.030404,0.0293609,0.0302409,179293179.46865577,0
JST.V,D,20240707,000000,0.0302506,0.0303239,0.0281775,0.0281969,383248394.5058742,0
JST.V,D,20240708,000000,0.0280172,0.0281727,0.0271576,0.0277275,603357153.0228943,0
JST.V,D,20240709,000000,0.0277375,0.0286083,0.0276367,0.0285394,630373408.8574259,0
JST.V,D,20240710,000000,0.0285394,0.0288949,0.028208,0.0284077,552924271.4514409,0
JST.V,D,20240711,000000,0.028408,0.0288334,0.0283072,0.0285191,232755759.22004458,0
JST.V,D,20240712,000000,0.0285191,0.0290281,0.02828,0.0289555,546631773.9584378,0
JST.V,D,20240713,000000,0.0289555,0.0300551,0.0289455,0.0299451,319843049.2473608,0
JST.V,D,20240714,000000,0.0299554,0.0300178,0.0295012,0.0299008,223993284.86775815,0
JST.V,D,20240715,000000,0.0299011,0.0301481,0.0297037,0.030015,726679199.2473104,0
JST.V,D,20240716,000000,0.030015,0.0302848,0.0294385,0.0299875,641507805.5347799,0
JST.V,D,20240717,000000,0.0299775,0.0303058,0.029783,0.0299127,228158831.70789418,0
JST.V,D,20240718,000000,0.0299127,0.0300797,0.0295335,0.029784,201681108.5304225,0
JST.V,D,20240719,000000,0.0298337,0.0303073,0.0296841,0.0302227,276264362.914078,0
JST.V,D,20240720,000000,0.0302227,0.0304537,0.0299511,0.0301026,163645552.33557883,0
JST.V,D,20240721,000000,0.0301029,0.0304288,0.0293406,0.029816,244755246.57306886,0
JST.V,D,20240722,000000,0.0298263,0.0301057,0.0291988,0.0292288,330971429.2379162,0
JST.V,D,20240723,000000,0.0292288,0.0292897,0.0283926,0.0284634,565477522.102903,0
JST.V,D,20240724,000000,0.0284634,0.0287558,0.0284597,0.0286548,155292849.30262664,0
JST.V,D,20240725,000000,0.0286548,0.0295785,0.0282229,0.0289616,444447030.44041914,0
JST.V,D,20240726,000000,0.0288625,0.0294897,0.028764,0.02947,238563662.79801065,0
JST.V,D,20240727,000000,0.02945,0.0299248,0.0294409,0.0296591,340349684.1523616,0
JST.V,D,20240728,000000,0.029673,0.02977,0.0294094,0.0296073,146948643.48295063,0
JST.V,D,20240729,000000,0.029627,0.030104,0.0295599,0.0297767,227461173.07984057,0
JST.V,D,20240730,000000,0.0297767,0.0297767,0.0286394,0.0286814,190414146.6472369,0
JST.V,D,20240731,000000,0.0286957,0.028754,0.0276511,0.0277994,114028870.4219618,0
JST.V,D,20240801,000000,0.0278,0.0289623,0.0276811,0.0283967,216006917.3434007,0
JST.V,D,20240802,000000,0.0283873,0.0284649,0.0266789,0.0267622,128519766.74776863,0
JST.V,D,20240803,000000,0.0267295,0.0274065,0.0263024,0.0263731,198911345.3688556,0
JST.V,D,20240804,000000,0.0263934,0.0274488,0.0261688,0.0266023,249682008.24726453,0
JST.V,D,20240805,000000,0.0266323,0.0266783,0.023949,0.0249447,279014803.66467166,0
JST.V,D,20240806,000000,0.0249447,0.0255677,0.024897,0.0253896,141127473.47241044,0
JST.V,D,20240807,000000,0.0255097,0.0258408,0.0252303,0.0254525,121945948.4206461,0
JST.V,D,20240808,000000,0.0254625,0.0266793,0.0253523,0.026658,75794468.23068936,0
JST.V,D,20240809,000000,0.0266777,0.0271157,0.0265253,0.0269183,146614377.36922207,0
JST.V,D,20240810,000000,0.0269183,0.0273407,0.0269183,0.0272252,74368931.37627482,0
JST.V,D,20240811,000000,0.0272252,0.0276039,0.0266929,0.0267527,154896776.97019777,0
JST.V,D,20240812,000000,0.0267627,0.0269654,0.0264148,0.0266527,95538878.69850363,0
JST.V,D,20240813,000000,0.0266327,0.0269254,0.026455,0.0268432,129086970.13559547,0
JST.V,D,20240814,000000,0.0268432,0.0274204,0.0268327,0.0271822,108602151.6871144,0
JST.V,D,20240815,000000,0.0271824,0.0274803,0.0270249,0.0270549,80251731.43871334,0
JST.V,D,20240816,000000,0.0270551,0.027458,0.0267116,0.0273877,137630469.70473373,0
JST.V,D,20240817,000000,0.0273992,0.0282228,0.0273652,0.0281925,121752877.6183551,0
JST.V,D,20240818,000000,0.0281825,0.0281925,0.0277219,0.0280456,38521291.665540166,0
JST.V,D,20240819,000000,0.0280556,0.0290867,0.027643,0.0290764,103155067.5839532,0
JST.V,D,20240820,000000,0.0290464,0.0320877,0.0289884,0.0309803,286587467.00695443,0
JST.V,D,20240821,000000,0.0309703,0.033643,0.0304358,0.0309428,385971184.45098877,0
JST.V,D,20240822,000000,0.0309525,0.0322064,0.0304258,0.0311803,262692935.41066653,0
JST.V,D,20240823,000000,0.0311716,0.0318555,0.0309103,0.0317454,174255902.6531272,0
JST.V,D,20240824,000000,0.0317851,0.0345003,0.0317691,0.0323613,288001615.28691703,0
JST.V,D,20240825,000000,0.0324514,0.0339032,0.0317617,0.0330716,244035058.17319718,0
JST.V,D,20240826,000000,0.0330616,0.0335327,0.0312153,0.0312156,207846888.5142669,0
JST.V,D,20240827,000000,0.0312156,0.0313131,0.0303676,0.03051,90423781.79710309,0
JST.V,D,20240828,000000,0.0304,0.03051,0.0297824,0.0300727,118397583.16973831,0
JST.V,D,20240829,000000,0.0300727,0.0307568,0.0300027,0.0303307,87714762.9103768,0
JST.V,D,20240830,000000,0.0303797,0.0326313,0.0301167,0.0319159,238660368.70971733,0
JST.V,D,20240831,000000,0.0319159,0.0322742,0.0308778,0.0310441,192018862.03757647,0
JST.V,D,20240901,000000,0.0310241,0.0310241,0.0300952,0.0303345,115627276.1055472,0
JST.V,D,20240902,000000,0.0303348,0.0303348,0.0298752,0.0300252,96709366.06809646,0
JST.V,D,20240903,000000,0.030024,0.0301734,0.0287434,0.0288019,160822996.97459328,0
JST.V,D,20240904,000000,0.0288042,0.0292015,0.0282515,0.0287965,155865831.46260357,0
JST.V,D,20240905,000000,0.0287968,0.0289268,0.0283398,0.0283498,147736736.92228895,0
JST.V,D,20240906,000000,0.0283543,0.0284954,0.0275804,0.0276256,123159478.9227217,0
JST.V,D,20240907,000000,0.0276056,0.0282932,0.0275981,0.0279372,145582698.34363675,0
JST.V,D,20240908,000000,0.0279316,0.0284274,0.0278347,0.0283772,186758030.9137254,0
JST.V,D,20240909,000000,0.0283758,0.0288252,0.0283135,0.0288152,120003157.88132219,0
JST.V,D,20240910,000000,0.0286852,0.0288344,0.0282292,0.028468,103080758.56567371,0
JST.V,D,20240911,000000,0.0284677,0.0285491,0.0280016,0.0281625,68227306.50356694,0
JST.V,D,20240912,000000,0.0282044,0.028448,0.0281449,0.0282447,75474579.53593569,0
JST.V,D,20240913,000000,0.0282477,0.0283477,0.0280928,0.0282613,94732578.55592656,0
JST.V,D,20240914,000000,0.0282613,0.0283767,0.0280253,0.028045,97487537.87239793,0
JST.V,D,20240915,000000,0.028045,0.0283237,0.028015,0.0280703,85006814.1540508,0
JST.V,D,20240916,000000,0.0280703,0.0281628,0.0278621,0.0279157,45776212.5594753,0
JST.V,D,20240917,000000,0.0279172,0.0281628,0.027707,0.0280325,94479791.31466235,0
JST.V,D,20240918,000000,0.0280525,0.0280528,0.0272589,0.0273911,83247394.7279438,0
JST.V,D,20240919,000000,0.0274137,0.0283577,0.0273822,0.0282531,100776177.91068739,0
JST.V,D,20240920,000000,0.0282428,0.0288223,0.0281925,0.0286326,87752048.03141151,0
JST.V,D,20240921,000000,0.0286426,0.0292526,0.0286326,0.0291629,160604454.41776618,0
JST.V,D,20240922,000000,0.0291729,0.0294326,0.0286394,0.02885,99583334.4896039,0
JST.V,D,20240923,000000,0.0287971,0.0291839,0.0285274,0.0290135,150217185.77374148,0
JST.V,D,20240924,000000,0.0290085,0.0291568,0.0287871,0.0289686,101720820.93030003,0
JST.V,D,20240925,000000,0.0289588,0.0293168,0.028888,0.0290851,129762818.04797024,0
JST.V,D,20240926,000000,0.0290851,0.0296745,0.0288322,0.029553,102089054.52010083,0
JST.V,D,20240927,000000,0.029533,0.0301342,0.0295327,0.0299754,144441477.0933096,0
JST.V,D,20240928,000000,0.0299851,0.0300536,0.0294812,0.0297033,87974782.41162708,0
JST.V,D,20240929,000000,0.0296841,0.029965,0.0294641,0.029878,88102516.97015983,0
JST.V,D,20240930,000000,0.029894,0.0300179,0.0293359,0.0298205,118022823.74697375,0
JST.V,D,20241001,000000,0.0298604,0.0308989,0.0290027,0.0290225,105279091.15959239,0
JST.V,D,20241002,000000,0.0289625,0.0301428,0.02861,0.0287822,149702380.7533446,0
JST.V,D,20241003,000000,0.0287825,0.0291256,0.0281324,0.0285366,146768657.47124436,0
JST.V,D,20241004,000000,0.0285366,0.028958,0.0285263,0.0288897,108243733.05833833,0
JST.V,D,20241005,000000,0.0288897,0.0290694,0.0286363,0.0287054,126466136.38110529,0
JST.V,D,20241006,000000,0.02867,0.0289348,0.0286083,0.0288951,38228823.58233835,0
JST.V,D,20241007,000000,0.0288851,0.0292083,0.0287308,0.0288713,93727999.64493984,0
JST.V,D,20241008,000000,0.0288913,0.0292989,0.0285406,0.0292989,115391172.45644729,0
JST.V,D,20241009,000000,0.0293112,0.031611,0.0291813,0.0298537,244062048.61909777,0
JST.V,D,20241010,000000,0.0298437,0.0299554,0.0288587,0.0289587,123580020.73519303,0
JST.V,D,20241011,000000,0.0289787,0.0311719,0.0289784,0.0299358,208382617.538106,0
JST.V,D,20241012,000000,0.0299261,0.0303282,0.0297969,0.030121,143697052.47575936,0
JST.V,D,20241013,000000,0.030123,0.0302006,0.0295804,0.0297778,154161688.1789963,0
JST.V,D,20241014,000000,0.029803,0.03015,0.0295379,0.0301055,133291597.08259493,0
JST.V,D,20241015,000000,0.0300955,0.03027,0.0293424,0.0297026,180150953.53765455,0
JST.V,D,20241016,000000,0.0297026,0.029914,0.0295732,0.0298637,126962351.99482937,0
JST.V,D,20241017,000000,0.0298637,0.0304769,0.0296487,0.0300692,176111231.39957404,0
JST.V,D,20241018,000000,0.0300692,0.0303954,0.0300492,0.0303361,105798733.38340497,0
JST.V,D,20241019,000000,0.0303361,0.0303527,0.0298073,0.0298131,117196438.55604282,0
JST.V,D,20241020,000000,0.0298231,0.030001,0.0296941,0.0299491,82236823.00451751,0
JST.V,D,20241021,000000,0.029939,0.0300601,0.0293485,0.0294776,163970990.13282886,0
JST.V,D,20241022,000000,0.0294979,0.0295449,0.0291002,0.0292489,181106386.62352666,0
JST.V,D,20241023,000000,0.0292289,0.029447,0.0289332,0.0291091,95382952.34013334,0
JST.V,D,20241024,000000,0.0291088,0.0296498,0.0290845,0.0296119,116175400.17277326,0
JST.V,D,20241025,000000,0.0296619,0.0304405,0.0295417,0.0296768,167459163.07875383,0
JST.V,D,20241026,000000,0.0296865,0.029688,0.028862,0.0291118,110976180.33753254,0
JST.V,D,20241027,000000,0.0291118,0.0293506,0.0289611,0.0292995,187627728.6549268,0
JST.V,D,20241028,000000,0.0293195,0.0295105,0.0288075,0.0289897,144010471.3764683,0
JST.V,D,20241029,000000,0.0289797,0.0295344,0.0289797,0.0292906,99112255.7401621,0
JST.V,D,20241030,000000,0.0294209,0.0298519,0.0293118,0.0297302,112325019.21597971,0
JST.V,D,20241031,000000,0.0297705,0.0301558,0.0294734,0.0295612,147235302.64448193,0
JST.V,D,20241101,000000,0.0295612,0.029666,0.0291484,0.0291901,115907247.73033695,0
JST.V,D,20241102,000000,0.0291898,0.0292959,0.0287708,0.0288116,91855992.46083769,0
JST.V,D,20241103,000000,0.0288019,0.0288131,0.0281494,0.0283289,105235564.9866173,0
JST.V,D,20241104,000000,0.0283187,0.0284021,0.0274794,0.0274985,181622851.03521585,0
JST.V,D,20241105,000000,0.027509,0.0278194,0.027468,0.0275367,98157441.8920008,0
JST.V,D,20241106,000000,0.0275367,0.0287272,0.0274975,0.0287172,147872144.03283054,0
JST.V,D,20241107,000000,0.0287072,0.0289545,0.0283625,0.0286743,141172268.1413767,0
JST.V,D,20241108,000000,0.0286598,0.0287613,0.0283433,0.0285485,107999282.49006417,0
JST.V,D,20241109,000000,0.0285583,0.0287086,0.0283942,0.0286883,103187082.83469358,0
JST.V,D,20241110,000000,0.0286886,0.0305087,0.0286886,0.0297464,189138249.4549776,0
JST.V,D,20241111,000000,0.0297366,0.0321712,0.0297363,0.0313357,220803514.17659146,0
JST.V,D,20241112,000000,0.0313363,0.0341171,0.030451,0.0336018,296413870.18120193,0
JST.V,D,20241113,000000,0.0336018,0.0340006,0.0305175,0.030974,226805765.26364878,0
JST.V,D,20241114,000000,0.030974,0.0415327,0.0309249,0.033284,686023607.2498142,0
JST.V,D,20241115,000000,0.0333637,0.0339983,0.0317186,0.0338298,240866393.4370745,0
JST.V,D,20241116,000000,0.0339102,0.0352688,0.0335534,0.0348722,207303825.9560563,0
JST.V,D,20241117,000000,0.0348422,0.0389636,0.03326,0.033471,161733254.69077924,0
JST.V,D,20241118,000000,0.0334913,0.0350103,0.033471,0.0348313,137153085.6988269,0
JST.V,D,20241119,000000,0.0348313,0.0350737,0.0338229,0.0338526,144944668.17142802,0
JST.V,D,20241120,000000,0.0338529,0.0341515,0.0325567,0.0329027,151154978.37184536,0
JST.V,D,20241121,000000,0.0329027,0.0339119,0.0322603,0.0336216,135727225.38192284,0
JST.V,D,20241122,000000,0.0336216,0.0341375,0.0331765,0.0340751,153472725.5369265,0
JST.V,D,20241123,000000,0.0341051,0.0371204,0.0340954,0.0356885,201408941.1432283,0
JST.V,D,20241124,000000,0.0356985,0.0386644,0.0341933,0.0355755,200876849.3940004,0
JST.V,D,20241125,000000,0.0355755,0.0368291,0.0348893,0.0355411,189676170.1467293,0
JST.V,D,20241126,000000,0.0355311,0.0373875,0.0347585,0.0372962,205484269.7181222,0
JST.V,D,20241127,000000,0.0373058,0.0385038,0.0370518,0.038398,177065906.70495346,0
JST.V,D,20241128,000000,0.0384884,0.0387048,0.037523,0.0384219,159344435.7196134,0
JST.V,D,20241129,000000,0.0384419,0.0387883,0.0371633,0.0387679,148605527.1726257,0
JST.V,D,20241130,000000,0.0387683,0.038946,0.037747,0.0386855,116020331.45087649,0
JST.V,D,20241201,000000,0.0386955,0.0389437,0.0374587,0.0386797,118142863.73032744,0
JST.V,D,20241202,000000,0.0386797,0.039777,0.03676,0.0395738,163604980.46718505,0
JST.V,D,20241203,000000,0.0395738,0.0546866,0.0386592,0.054556,558238705.9556007,0
JST.V,D,20241204,000000,0.0552259,0.0823435,0.0536363,0.0545836,837816579.8356241,0
JST.V,D,20241205,000000,0.054553,0.0566142,0.0503154,0.0515426,216136838.76080817,0
JST.V,D,20241206,000000,0.0515329,0.0525731,0.0490533,0.0512231,146165932.21733794,0
JST.V,D,20241207,000000,0.0512226,0.0532908,0.0503227,0.0506955,97516277.2338132,0
JST.V,D,20241208,000000,0.0506254,0.0512728,0.0491446,0.0507184,77692530.65489317,0
JST.V,D,20241209,000000,0.0507184,0.0515745,0.0398779,0.0421726,134112560.66677625,0
JST.V,D,20241210,000000,0.0422322,0.0442697,0.0400012,0.0432112,226055451.97256297,0
JST.V,D,20241211,000000,0.0432116,0.0449637,0.0408216,0.0446719,162993724.67005026,0
JST.V,D,20241212,000000,0.0446719,0.0478205,0.0441869,0.0464707,186282332.41880095,0
JST.V,D,20241213,000000,0.0464979,0.0473171,0.0442913,0.0449585,141367520.505376,0
JST.V,D,20241214,000000,0.0449585,0.0460559,0.0430035,0.0433461,147778949.42903945,0
JST.V,D,20241215,000000,0.0433361,0.0444105,0.0425893,0.0434404,106431809.99963485,0
JST.V,D,20241216,000000,0.0434513,0.0463193,0.0424037,0.0457428,118397081.72272739,0
JST.V,D,20241217,000000,0.0457428,0.0457628,0.0426679,0.0427549,193255038.80289108,0
JST.V,D,20241218,000000,0.0427462,0.0427462,0.039235,0.0395642,114940796.72164378,0
JST.V,D,20241219,000000,0.0396341,0.040289,0.0370144,0.0379854,143157237.27690697,0
JST.V,D,20241220,000000,0.0379758,0.0386505,0.0343212,0.037335,186943087.87997863,0
JST.V,D,20241221,000000,0.0379821,0.0399024,0.0370807,0.0371581,179307903.69761634,0
JST.V,D,20241222,000000,0.0371584,0.0390638,0.0371181,0.0377154,150874069.42485368,0
JST.V,D,20241223,000000,0.037765,0.0401741,0.037765,0.0401565,107787722.82554133,0
JST.V,D,20241224,000000,0.0401162,0.0409731,0.0394235,0.0405392,128876330.71788135,0
JST.V,D,20241225,000000,0.0405492,0.0407506,0.0393107,0.0397146,139226510.86928046,0
JST.V,D,20241226,000000,0.0396946,0.0411646,0.0374759,0.0383289,179210482.29625356,0
JST.V,D,20241227,000000,0.0383274,0.0400818,0.0379721,0.0386834,186436751.10819516,0
JST.V,D,20241228,000000,0.0386838,0.0392477,0.0385628,0.0392161,89229992.07020617,0
JST.V,D,20241229,000000,0.0392261,0.0396489,0.0382952,0.0382952,97969126.05107476,0
JST.V,D,20241230,000000,0.0383055,0.0390104,0.037052,0.0374022,116415288.2055043,0
JST.V,D,20241231,000000,0.0374018,0.040943,0.0373719,0.0388875,287426363.5473358,0
JST.V,D,20250101,000000,0.0388776,0.0396673,0.0384533,0.0396669,187784258.0693276,0
JST.V,D,20250102,000000,0.0396769,0.0425904,0.0390578,0.0398493,203228774.89800215,0
JST.V,D,20250103,000000,0.0398593,0.0414351,0.0394057,0.0414238,155192307.5339154,0
JST.V,D,20250104,000000,0.0414238,0.0415384,0.0406729,0.0409322,118195785.79371364,0
JST.V,D,20250105,000000,0.0409118,0.0418674,0.0403051,0.0406598,155154390.5554228,0
JST.V,D,20250106,000000,0.0406498,0.0481683,0.0401264,0.0449326,519957340.08064455,0
JST.V,D,20250107,000000,0.044953,0.0463395,0.0410438,0.0410942,276447348.50638163,0
JST.V,D,20250108,000000,0.0411038,0.0413426,0.0391189,0.0401176,161210426.64344063,0
JST.V,D,20250109,000000,0.0401076,0.0415043,0.0393431,0.0404672,130049900.43609634,0
JST.V,D,20250110,000000,0.0404076,0.0409171,0.0396252,0.0406315,123090779.37550937,0
JST.V,D,20250111,000000,0.0406315,0.0408914,0.0400836,0.0404306,116957149.11999436,0
JST.V,D,20250112,000000,0.0404506,0.0404706,0.0388959,0.0389462,96056711.11843225,0
JST.V,D,20250113,000000,0.0389566,0.0419207,0.0363513,0.0377341,221800385.839372,0
JST.V,D,20250114,000000,0.0377341,0.0383558,0.0372218,0.0380944,169671710.48757213,0
JST.V,D,20250115,000000,0.038094,0.040092,0.0377604,0.0398612,220646826.63568386,0
JST.V,D,20250116,000000,0.0398816,0.0403248,0.0391394,0.0398308,195925497.3484521,0
JST.V,D,20250117,000000,0.0397428,0.0409417,0.0395245,0.0408827,162337859.89918557,0
JST.V,D,20250118,000000,0.0408731,0.0424844,0.0388461,0.0389046,231543359.54928792,0
JST.V,D,20250119,000000,0.0389046,0.0395872,0.0366101,0.0366515,155927347.38450095,0
JST.V,D,20250120,000000,0.0368017,0.038726,0.0358749,0.0374527,145306571.25411546,0
JST.V,D,20250121,000000,0.0375168,0.0384904,0.0367385,0.0382857,123779952.74705812,0
JST.V,D,20250122,000000,0.0382699,0.040026,0.0380981,0.0395909,107074378.7025077,0
JST.V,D,20250123,000000,0.0396305,0.0396609,0.0375312,0.0381684,120977718.62370673,0
JST.V,D,20250124,000000,0.0381684,0.0391863,0.0376277,0.0385027,176757959.19657502,0
JST.V,D,20250125,000000,0.0385027,0.038813,0.0381558,0.0384731,110670709.68247932,0
JST.V,D,20250126,000000,0.0384727,0.0386234,0.037912,0.0379639,111117426.69803798,0
JST.V,D,20250127,000000,0.0379639,0.0380043,0.0355005,0.0370704,158476863.59441787,0
JST.V,D,20250128,000000,0.0370707,0.0373996,0.0361283,0.0362764,156891697.59077248,0
JST.V,D,20250129,000000,0.0362364,0.0369556,0.035886,0.0368085,183448263.08581498,0
JST.V,D,20250130,000000,0.0368085,0.0377,0.0364178,0.0375037,226898601.58129627,0
JST.V,D,20250131,000000,0.0375037,0.0384719,0.0372063,0.037849,164344792.11689466,0
JST.V,D,20250201,000000,0.037839,0.0396549,0.0375206,0.037531,266543915.15591908,0
JST.V,D,20250202,000000,0.037531,0.0376098,0.0331317,0.0332004,258178820.76627,0
JST.V,D,20250203,000000,0.0332204,0.0340091,0.0305108,0.0339339,426299276.537571,0
JST.V,D,20250204,000000,0.0339339,0.0352529,0.0329063,0.0345169,273071796.7458691,0
JST.V,D,20250205,000000,0.0345169,0.0352634,0.0326923,0.0327426,238065500.72695407,0
JST.V,D,20250206,000000,0.0327426,0.0338149,0.0322164,0.0327623,260703987.20041826,0
JST.V,D,20250207,000000,0.0327523,0.0334094,0.0323461,0.032711,239839723.1353365,0
JST.V,D,20250208,000000,0.032711,0.033489,0.032672,0.0332827,199131907.11899003,0
JST.V,D,20250209,000000,0.0332827,0.0339127,0.0330643,0.033464,196511478.96565986,0
JST.V,D,20250210,000000,0.033464,0.0345162,0.0327666,0.0344759,144692758.2432569,0
JST.V,D,20250211,000000,0.0344759,0.0349831,0.0340842,0.0343562,198460840.9620344,0
JST.V,D,20250212,000000,0.0343659,0.0345807,0.0334816,0.0345321,202615668.86043236,0
JST.V,D,20250213,000000,0.0345324,0.0346538,0.0330913,0.0333707,191732334.06513733,0
JST.V,D,20250214,000000,0.0333707,0.0336625,0.0330233,0.0330856,211100813.60530427,0
JST.V,D,20250215,000000,0.0330853,0.0336834,0.0330413,0.033633,148037096.1650106,0
