<TICKER>,<PER>,<DATE>,<TIME>,<OPEN>,<HIGH>,<LOW>,<CLOSE>,<VOL>,<OPENINT>
KEEP.V,D,20220514,000000,0.2265,0.2265,0.2054,0.21535,114672.7146438272,0
KEEP.V,D,20220515,000000,0.21623,0.2354,0.21623,0.23197,243733.9019284712,0
KEEP.V,D,20220516,000000,0.23384,0.24248,0.22163,0.2405,793994.6502619934,0
KEEP.V,D,20220517,000000,0.2395,0.2422,0.2319,0.2406,225908.10625268618,0
KEEP.V,D,20220518,000000,0.2407,0.2445,0.225,0.233,204834.28747659564,0
KEEP.V,D,20220519,000000,0.2329,0.2974,0.2239,0.245,1481323.8853762068,0
KEEP.V,D,20220520,000000,0.2429,0.257,0.2279,0.2332,202383.0394618251,0
KEEP.V,D,20220521,000000,0.2382,0.2398,0.2292,0.2338,203237.05800152884,0
KEEP.V,D,20220522,000000,0.2313,0.2429,0.2305,0.2372,118056.66279865586,0
KEEP.V,D,20220523,000000,0.2383,0.2481,0.2298,0.2314,173375.39137813574,0
KEEP.V,D,20220524,000000,0.2292,0.2297,0.2107,0.2214,174778.1700140039,0
KEEP.V,D,20220525,000000,0.2226,0.229,0.2216,0.2237,161010.96980844534,0
KEEP.V,D,20220526,000000,0.2244,0.2554,0.2038,0.2156,733960.0164392838,0
KEEP.V,D,20220527,000000,0.2135,0.2276,0.1986,0.2001,584496.6537591069,0
KEEP.V,D,20220528,000000,0.2021,0.2161,0.1961,0.2031,283247.503729286,0
KEEP.V,D,20220529,000000,0.203,0.2087,0.1993,0.2058,228481.2188995182,0
KEEP.V,D,20220530,000000,0.2044,0.2243,0.2044,0.2237,331173.57901495165,0
KEEP.V,D,20220531,000000,0.2232,0.2368,0.2178,0.2204,412272.1898992066,0
KEEP.V,D,20220601,000000,0.2208,0.3759,0.22,0.2594,3385354.7793809576,0
KEEP.V,D,20220602,000000,0.257,0.2618,0.229,0.2322,595795.7784671009,0
KEEP.V,D,20220603,000000,0.2348,0.2696,0.233,0.2442,970173.8101514286,0
KEEP.V,D,20220604,000000,0.2435,0.2506,0.2295,0.2306,475804.69733368343,0
KEEP.V,D,20220605,000000,0.2308,0.2949,0.2306,0.2502,1444263.6512079802,0
KEEP.V,D,20220606,000000,0.2479,0.2631,0.2408,0.2527,3103539.446243911,0
KEEP.V,D,20220607,000000,0.2562,0.2583,0.2307,0.242,5305997.899941702,0
KEEP.V,D,20220608,000000,0.2423,0.277,0.2362,0.2462,2979820.341242959,0
KEEP.V,D,20220609,000000,0.2464,0.251,0.2398,0.2451,3751853.704596417,0
KEEP.V,D,20220610,000000,0.2435,0.2469,0.2244,0.2249,5755493.819761176,0
KEEP.V,D,20220611,000000,0.2248,0.2354,0.2042,0.2079,1281326.1792517079,0
KEEP.V,D,20220612,000000,0.207,0.2439,0.2031,0.2081,1254254.8726477872,0
KEEP.V,D,20220613,000000,0.2085,0.2097,0.163,0.173,25275149.37038449,0
KEEP.V,D,20220614,000000,0.174,0.1741,0.15,0.1598,32579716.36758768,0
KEEP.V,D,20220615,000000,0.1603,0.1728,0.1469,0.1709,21698876.126638006,0
KEEP.V,D,20220616,000000,0.1726,0.1743,0.1587,0.1621,545989.4709804594,0
KEEP.V,D,20220617,000000,0.1614,0.1702,0.1573,0.167,21890818.545006804,0
KEEP.V,D,20220618,000000,0.1675,0.1744,0.1456,0.151,5481181.995521216,0
KEEP.V,D,20220619,000000,0.154,0.1675,0.148,0.1667,246927.81385807059,0
KEEP.V,D,20220620,000000,0.166,0.1686,0.1588,0.1662,195860.9133716577,0
KEEP.V,D,20220621,000000,0.1665,0.1775,0.1654,0.1766,1308719.2208737684,0
KEEP.V,D,20220622,000000,0.1747,0.1879,0.1644,0.1659,747490.6485426582,0
KEEP.V,D,20220623,000000,0.1648,0.176,0.1646,0.1676,313650.2365502859,0
KEEP.V,D,20220624,000000,0.1651,0.1773,0.1651,0.1773,2487971.354912365,0
KEEP.V,D,20220625,000000,0.1767,0.1987,0.1724,0.1959,2108222.456879984,0
KEEP.V,D,20220626,000000,0.1957,0.269,0.1806,0.2269,8181887.005406862,0
KEEP.V,D,20220627,000000,0.216,0.2442,0.1941,0.2121,1698065.639175727,0
KEEP.V,D,20220628,000000,0.2121,0.2166,0.1974,0.2018,432064.44346562953,0
KEEP.V,D,20220629,000000,0.1996,0.2076,0.1822,0.192,908739.5851513166,0
KEEP.V,D,20220630,000000,0.1921,0.1942,0.1733,0.1808,1788153.143597189,0
KEEP.V,D,20220701,000000,0.1795,0.1899,0.1726,0.1787,2142652.14447355,0
KEEP.V,D,20220702,000000,0.1809,0.1846,0.1673,0.1793,1427077.9693747088,0
KEEP.V,D,20220703,000000,0.1806,0.2099,0.1772,0.1837,776049.1128651479,0
KEEP.V,D,20220704,000000,0.1852,0.1948,0.1824,0.1883,156245.10950946127,0
KEEP.V,D,20220705,000000,0.1905,0.1916,0.1757,0.1844,313426.2830992532,0
KEEP.V,D,20220706,000000,0.1839,0.1902,0.18,0.1875,222064.16455563722,0
KEEP.V,D,20220707,000000,0.1858,0.1953,0.1796,0.1913,132238.91944262007,0
KEEP.V,D,20220708,000000,0.1911,0.1948,0.1756,0.1871,233999.92064363314,0
KEEP.V,D,20220709,000000,0.1864,0.194,0.186,0.1915,136075.50676127797,0
KEEP.V,D,20220710,000000,0.1892,0.1909,0.1813,0.1841,211513.85798273011,0
KEEP.V,D,20220711,000000,0.1839,0.1852,0.1778,0.1778,44500.27149600001,0
KEEP.V,D,20220712,000000,0.1825,0.1826,0.172,0.1737,198123.35432885817,0
KEEP.V,D,20220713,000000,0.1738,0.1749,0.1611,0.1674,172276.438379688,0
KEEP.V,D,20220714,000000,0.1664,0.1755,0.1664,0.1718,144857.1192859202,0
KEEP.V,D,20220715,000000,0.173,0.1824,0.1673,0.1743,255145.36921554874,0
KEEP.V,D,20220716,000000,0.1781,0.1847,0.1756,0.1801,95292.547067023,0
KEEP.V,D,20220717,000000,0.1794,0.1818,0.1787,0.1801,70773.81249264999,0
KEEP.V,D,20220718,000000,0.1807,0.1857,0.1787,0.1806,203106.864958254,0
KEEP.V,D,20220719,000000,0.1807,0.1925,0.1807,0.1921,217547.05057337641,0
KEEP.V,D,20220720,000000,0.1908,0.2065,0.18,0.1822,1035887.2977080777,0
KEEP.V,D,20220721,000000,0.1825,0.1837,0.1732,0.1803,319580.5827173544,0
KEEP.V,D,20220722,000000,0.18,0.1908,0.1746,0.1749,93536.89123688555,0
KEEP.V,D,20220723,000000,0.1768,0.1832,0.1742,0.1805,111901.224716314,0
KEEP.V,D,20220724,000000,0.1817,0.1876,0.1787,0.1826,93207.423989462,0
KEEP.V,D,20220725,000000,0.1821,0.1821,0.1709,0.1749,70999.98348599701,0
KEEP.V,D,20220726,000000,0.1713,0.1722,0.1657,0.1671,113725.13122045484,0
KEEP.V,D,20220727,000000,0.1677,0.1764,0.167,0.1755,64914.9849315328,0
KEEP.V,D,20220728,000000,0.1758,0.1857,0.1742,0.1837,83634.30213317349,0
KEEP.V,D,20220729,000000,0.1852,0.1935,0.1781,0.1807,242735.27906411007,0
KEEP.V,D,20220730,000000,0.1819,0.1915,0.1791,0.1845,258746.78689549325,0
KEEP.V,D,20220731,000000,0.1846,0.1987,0.1839,0.1863,511661.369815231,0
KEEP.V,D,20220801,000000,0.1859,0.1911,0.1842,0.188,224343.9335419716,0
KEEP.V,D,20220802,000000,0.1888,0.194,0.1768,0.1811,171306.53246033698,0
KEEP.V,D,20220803,000000,0.1799,0.1846,0.1769,0.1831,85146.1654900988,0
KEEP.V,D,20220804,000000,0.1831,0.2878,0.1802,0.1886,3435653.2637697686,0
KEEP.V,D,20220805,000000,0.1908,0.1945,0.1821,0.188,587150.9804294585,0
KEEP.V,D,20220806,000000,0.1879,0.2,0.1874,0.1948,343192.37045423314,0
KEEP.V,D,20220807,000000,0.1942,0.1963,0.1867,0.192,303620.44912546175,0
KEEP.V,D,20220808,000000,0.1917,0.1964,0.1901,0.1948,239333.67457176693,0
KEEP.V,D,20220809,000000,0.1933,0.1942,0.184,0.184,130064.54650013192,0
KEEP.V,D,20220810,000000,0.1847,0.1941,0.1821,0.1911,167886.4019125988,0
KEEP.V,D,20220811,000000,0.1907,0.2114,0.1907,0.1992,263360.100299997,0
KEEP.V,D,20220812,000000,0.1985,0.2474,0.1957,0.2029,2075748.8653826667,0
KEEP.V,D,20220813,000000,0.2034,0.2095,0.2008,0.2057,292768.4660833632,0
KEEP.V,D,20220814,000000,0.2049,0.2101,0.2007,0.2015,178587.39979124887,0
KEEP.V,D,20220815,000000,0.2006,0.2056,0.1968,0.1993,223429.3050925487,0
KEEP.V,D,20220816,000000,0.1993,0.2014,0.1942,0.1949,159461.334293663,0
KEEP.V,D,20220817,000000,0.1942,0.1969,0.1871,0.1872,547634.4909580428,0
KEEP.V,D,20220818,000000,0.1873,0.1927,0.186,0.1891,606751.2554589103,0
KEEP.V,D,20220819,000000,0.1887,0.1894,0.1695,0.17,496957.0394589123,0
KEEP.V,D,20220820,000000,0.1688,0.1703,0.1639,0.1648,300783.51426196,0
KEEP.V,D,20220821,000000,0.1648,0.1719,0.1646,0.1715,146304.71200713894,0
KEEP.V,D,20220822,000000,0.1711,0.173,0.1628,0.1661,203132.8031188992,0
KEEP.V,D,20220823,000000,0.1657,0.1692,0.1641,0.1671,133878.76800149502,0
KEEP.V,D,20220824,000000,0.167,0.1704,0.1638,0.1693,507271.32139697357,0
KEEP.V,D,20220825,000000,0.1694,0.1714,0.1673,0.169,149785.133541425,0
KEEP.V,D,20220826,000000,0.169,0.1712,0.1602,0.1605,203694.34091700916,0
KEEP.V,D,20220827,000000,0.1601,0.1613,0.1555,0.1559,261233.6298668269,0
KEEP.V,D,20220828,000000,0.1563,0.1589,0.1557,0.1572,163222.06975569398,0
KEEP.V,D,20220829,000000,0.1571,0.1612,0.1531,0.1584,258248.58631534912,0
KEEP.V,D,20220830,000000,0.158,0.1601,0.1528,0.1543,249069.27504423936,0
KEEP.V,D,20220831,000000,0.153,0.1832,0.153,0.1581,1322427.8592750528,0
KEEP.V,D,20220901,000000,0.1576,0.1581,0.1517,0.1539,69798.75477444062,0
KEEP.V,D,20220902,000000,0.1541,0.1615,0.1529,0.1544,300278.20074926346,0
KEEP.V,D,20220903,000000,0.1547,0.1559,0.1533,0.155,153356.62905400016,0
KEEP.V,D,20220904,000000,0.1542,0.158,0.1521,0.1559,167571.58881729783,0
KEEP.V,D,20220905,000000,0.1557,0.1565,0.1535,0.1542,63461.61215131305,0
KEEP.V,D,20220906,000000,0.1541,0.1564,0.1494,0.1499,133802.4904222805,0
KEEP.V,D,20220907,000000,0.1497,0.161,0.1465,0.1532,484385.09967250674,0
KEEP.V,D,20220908,000000,0.1522,0.189,0.1508,0.1557,1885806.127083181,0
KEEP.V,D,20220909,000000,0.1556,0.163,0.1554,0.1594,131191.42618276307,0
KEEP.V,D,20220910,000000,0.1598,0.18,0.1598,0.1665,475105.0982136353,0
KEEP.V,D,20220911,000000,0.1666,0.1851,0.1666,0.1737,832748.627560534,0
KEEP.V,D,20220912,000000,0.1735,0.1747,0.1672,0.1673,145107.02504417178,0
KEEP.V,D,20220913,000000,0.1666,0.1666,0.1557,0.1557,180064.62128365057,0
KEEP.V,D,20220914,000000,0.1556,0.1559,0.1518,0.1535,207523.02978131495,0
KEEP.V,D,20220915,000000,0.1539,0.1546,0.1482,0.1498,146668.91094326816,0
KEEP.V,D,20220916,000000,0.1486,0.1538,0.146,0.1519,366739.61052292195,0
KEEP.V,D,20220917,000000,0.1516,0.154,0.1512,0.1538,94650.44593333296,0
KEEP.V,D,20220918,000000,0.1537,0.1561,0.1462,0.1462,247534.23286717685,0
KEEP.V,D,20220919,000000,0.1435,0.1463,0.1403,0.1462,164121.03126803096,0
KEEP.V,D,20220920,000000,0.1463,0.1465,0.1432,0.1445,121244.26699284595,0
KEEP.V,D,20220921,000000,0.1442,0.1485,0.1438,0.1441,470211.21559374395,0
KEEP.V,D,20220922,000000,0.1438,0.1476,0.1401,0.1463,356302.64295673516,0
KEEP.V,D,20220923,000000,0.1467,0.1473,0.1436,0.1454,138823.06512734803,0
KEEP.V,D,20220924,000000,0.1457,0.1469,0.1453,0.1453,106220.88216719999,0
KEEP.V,D,20220925,000000,0.1453,0.1469,0.1438,0.1438,95696.13384533077,0
KEEP.V,D,20220926,000000,0.1436,0.1445,0.1408,0.1438,149362.0984134399,0
KEEP.V,D,20220927,000000,0.1436,0.1468,0.1434,0.1439,265419.3947363007,0
KEEP.V,D,20220928,000000,0.1439,0.1439,0.1408,0.1437,55309.61741799994,0
KEEP.V,D,20220929,000000,0.1432,0.1433,0.1416,0.1425,125299.34620226707,0
KEEP.V,D,20220930,000000,0.1426,0.1448,0.1422,0.1448,119411.60054524097,0
KEEP.V,D,20221001,000000,0.1447,0.1455,0.1421,0.1423,139827.07404495205,0
KEEP.V,D,20221002,000000,0.1421,0.146,0.1407,0.1418,180869.29766422475,0
KEEP.V,D,20221003,000000,0.1418,0.1431,0.1397,0.1427,102769.83813557355,0
KEEP.V,D,20221004,000000,0.1422,0.1451,0.1421,0.1451,209415.22882832005,0
KEEP.V,D,20221005,000000,0.1446,0.1451,0.142,0.142,1158440.138952807,0
KEEP.V,D,20221006,000000,0.1419,0.1442,0.1419,0.1424,331463.8485996522,0
KEEP.V,D,20221007,000000,0.142,0.1436,0.1401,0.1413,368047.802004,0
KEEP.V,D,20221008,000000,0.1408,0.1464,0.1408,0.1417,324493.9108573849,0
KEEP.V,D,20221009,000000,0.142,0.1435,0.1399,0.1417,256410.0070218042,0
KEEP.V,D,20221010,000000,0.142,0.146,0.1404,0.141,518441.2999724124,0
KEEP.V,D,20221011,000000,0.14,0.1401,0.1354,0.1356,364375.56813997985,0
KEEP.V,D,20221012,000000,0.1356,0.1378,0.1355,0.1357,336692.08350662707,0
KEEP.V,D,20221013,000000,0.1358,0.1368,0.1247,0.1315,306044.20849113143,0
KEEP.V,D,20221014,000000,0.1312,0.1347,0.1308,0.1322,327805.10229806014,0
KEEP.V,D,20221015,000000,0.1321,0.1393,0.1315,0.1351,640876.5687188897,0
KEEP.V,D,20221016,000000,0.1349,0.1364,0.1347,0.1348,118073.94895992048,0
KEEP.V,D,20221017,000000,0.1348,0.1364,0.1338,0.134,278181.91785000014,0
KEEP.V,D,20221018,000000,0.1341,0.1372,0.131,0.1322,430724.9262212685,0
KEEP.V,D,20221019,000000,0.1322,0.1331,0.1269,0.128,928663.2095672584,0
KEEP.V,D,20221020,000000,0.1277,0.1282,0.1233,0.1244,331820.3833029888,0
KEEP.V,D,20221021,000000,0.1234,0.1242,0.1193,0.1216,2666323.54466978,0
KEEP.V,D,20221022,000000,0.1225,0.1242,0.121,0.1236,177296.76449220788,0
KEEP.V,D,20221023,000000,0.12,0.124,0.1199,0.1231,2720343.2264499995,0
KEEP.V,D,20221024,000000,0.1234,0.1246,0.12,0.1202,3347322.615671318,0
KEEP.V,D,20221025,000000,0.1202,0.1255,0.1199,0.1243,3198207.7956019985,0
KEEP.V,D,20221026,000000,0.1241,0.1274,0.1231,0.1254,103726.55429368904,0
KEEP.V,D,20221027,000000,0.126,0.1276,0.1255,0.1258,176928.79994981998,0
KEEP.V,D,20221028,000000,0.1259,0.1275,0.1239,0.1266,145267.50696198002,0
KEEP.V,D,20221029,000000,0.1256,0.1286,0.1254,0.1273,91345.15999255065,0
KEEP.V,D,20221030,000000,0.1273,0.1313,0.1256,0.127,297604.05742515996,0
KEEP.V,D,20221031,000000,0.1269,0.1296,0.1245,0.1262,183039.53281,0
KEEP.V,D,20221101,000000,0.1261,0.1271,0.1254,0.1254,46731.26856399999,0
KEEP.V,D,20221102,000000,0.1253,0.1259,0.1224,0.1227,106536.0927801901,0
KEEP.V,D,20221103,000000,0.1227,0.1292,0.1224,0.1271,302321.5974029856,0
KEEP.V,D,20221104,000000,0.1271,0.1334,0.1261,0.1328,423340.77656664845,0
KEEP.V,D,20221105,000000,0.1308,0.1347,0.1308,0.1331,193450.01621675785,0
KEEP.V,D,20221106,000000,0.1331,0.1338,0.1318,0.1321,70840.54152400001,0
KEEP.V,D,20221107,000000,0.1319,0.1319,0.1264,0.1287,112322.83110295047,0
KEEP.V,D,20221108,000000,0.1289,0.1293,0.1029,0.1041,337578.91735545953,0
KEEP.V,D,20221109,000000,0.1049,0.1083,0.0757,0.0803,520105.80541148706,0
KEEP.V,D,20221110,000000,0.0804,0.0932,0.0755,0.0911,480292.20379794814,0
KEEP.V,D,20221111,000000,0.0911,0.0921,0.0834,0.0856,135888.69012958804,0
KEEP.V,D,20221112,000000,0.0847,0.1001,0.0838,0.0851,401048.9257456849,0
KEEP.V,D,20221113,000000,0.0851,0.0851,0.0788,0.0796,139870.53387710746,0
KEEP.V,D,20221114,000000,0.079,0.0803,0.0758,0.0785,195281.9510119102,0
KEEP.V,D,20221115,000000,0.0782,0.0824,0.0782,0.0804,116287.07806200057,0
KEEP.V,D,20221116,000000,0.0806,0.0834,0.0795,0.0806,221304.26991252,0
KEEP.V,D,20221117,000000,0.0808,0.0827,0.0787,0.0801,144076.13033587357,0
KEEP.V,D,20221118,000000,0.0803,0.0826,0.0792,0.0801,75894.65500799999,0
KEEP.V,D,20221119,000000,0.0801,0.1217,0.0791,0.0938,3291677.4201517585,0
KEEP.V,D,20221120,000000,0.0945,0.0963,0.0786,0.0811,762728.2606893863,0
KEEP.V,D,20221121,000000,0.0814,0.0834,0.076,0.0773,762765.5174424305,0
KEEP.V,D,20221122,000000,0.0774,0.081,0.0764,0.0788,339666.64188281604,0
KEEP.V,D,20221123,000000,0.0787,0.0838,0.0785,0.0834,375282.7116323698,0
KEEP.V,D,20221124,000000,0.0833,0.0935,0.0822,0.0835,509445.5128664302,0
KEEP.V,D,20221125,000000,0.0836,0.0888,0.0828,0.0844,401978.879047672,0
KEEP.V,D,20221126,000000,0.0844,0.0859,0.0838,0.0853,46530.63138291501,0
KEEP.V,D,20221127,000000,0.0853,0.09,0.0849,0.0876,58764.621912997,0
KEEP.V,D,20221128,000000,0.0871,0.0871,0.0821,0.0848,71575.48234699998,0
KEEP.V,D,20221129,000000,0.0847,0.0856,0.0838,0.0849,74530.81655514793,0
KEEP.V,D,20221130,000000,0.0851,0.0887,0.085,0.0883,118189.02439305,0
KEEP.V,D,20221201,000000,0.0883,0.0888,0.0879,0.0879,293793.74736400007,0
KEEP.V,D,20221202,000000,0.0879,0.0884,0.0867,0.0876,175460.55899844674,0
KEEP.V,D,20221203,000000,0.0876,0.0889,0.0876,0.0886,91417.55941999998,0
KEEP.V,D,20221204,000000,0.0883,0.0888,0.0879,0.0881,325174.4322810869,0
KEEP.V,D,20221205,000000,0.0878,0.0883,0.0877,0.0878,77853.71085170255,0
KEEP.V,D,20221206,000000,0.0876,0.0892,0.0867,0.0871,212520.53639702805,0
KEEP.V,D,20221207,000000,0.0872,0.0879,0.0843,0.0843,186248.463062009,0
KEEP.V,D,20221208,000000,0.0843,0.0904,0.0821,0.0888,285787.05095011,0
KEEP.V,D,20221209,000000,0.0887,0.118,0.0884,0.0934,2443237.430265012,0
KEEP.V,D,20221210,000000,0.0923,0.0954,0.0845,0.088,388527.4632883202,0
KEEP.V,D,20221211,000000,0.0882,0.0923,0.0851,0.0865,269193.46635437,0
KEEP.V,D,20221212,000000,0.0859,0.0924,0.0859,0.0888,241843.43380483016,0
KEEP.V,D,20221213,000000,0.0884,0.0898,0.0844,0.0879,274031.936324712,0
KEEP.V,D,20221214,000000,0.0878,0.091,0.0842,0.0856,563244.9957130289,0
KEEP.V,D,20221215,000000,0.0856,0.0872,0.0816,0.0855,166998.94717999996,0
KEEP.V,D,20221216,000000,0.0853,0.09,0.0793,0.0794,385838.79295963864,0
KEEP.V,D,20221217,000000,0.0792,0.0805,0.0732,0.0767,438904.93742041016,0
KEEP.V,D,20221218,000000,0.0762,0.0791,0.0745,0.0756,42152.74746000001,0
KEEP.V,D,20221219,000000,0.0755,0.078,0.0726,0.0732,214454.318586475,0
KEEP.V,D,20221220,000000,0.0727,0.0853,0.0707,0.0758,559045.9900068371,0
KEEP.V,D,20221221,000000,0.076,0.0793,0.074,0.0757,127135.540242829,0
KEEP.V,D,20221222,000000,0.0765,0.0786,0.0753,0.077,111008.60000173,0
KEEP.V,D,20221223,000000,0.0779,0.0783,0.0756,0.0773,93004.321,0
KEEP.V,D,20221224,000000,0.0772,0.085,0.0755,0.0773,255468.25148274403,0
KEEP.V,D,20221225,000000,0.077,0.0825,0.0766,0.0781,87485.05101999998,0
KEEP.V,D,20221226,000000,0.0759,0.0793,0.075,0.0769,181243.89821300007,0
KEEP.V,D,20221227,000000,0.0762,0.0768,0.0741,0.0741,41194.830579,0
KEEP.V,D,20221228,000000,0.0745,0.0745,0.0715,0.0725,56632.07850999999,0
KEEP.V,D,20221229,000000,0.0723,0.0728,0.0705,0.0726,113871.31323483665,0
KEEP.V,D,20221230,000000,0.0726,0.0728,0.0682,0.0708,458944.8429800001,0
KEEP.V,D,20221231,000000,0.0705,0.109,0.0705,0.0801,2921098.1379154003,0
KEEP.V,D,20230101,000000,0.0786,0.0797,0.073,0.0748,1010790.0466986399,0
KEEP.V,D,20230102,000000,0.0745,0.0798,0.074,0.0769,294340.98336168996,0
KEEP.V,D,20230103,000000,0.0764,0.0799,0.0748,0.0763,437621.3956471589,0
KEEP.V,D,20230104,000000,0.0765,0.0783,0.075,0.0768,583300.1087159801,0
KEEP.V,D,20230105,000000,0.0778,0.0798,0.0747,0.0781,253265.27604334,0
KEEP.V,D,20230106,000000,0.0777,0.0777,0.075,0.0771,322493.08985000005,0
KEEP.V,D,20230107,000000,0.0779,0.0794,0.0759,0.0778,433628.64836579,0
KEEP.V,D,20230108,000000,0.0779,0.0813,0.0762,0.0791,164122.02661628,0
KEEP.V,D,20230109,000000,0.0784,0.0833,0.0784,0.0807,146280.787043846,0
KEEP.V,D,20230110,000000,0.0804,0.1,0.0801,0.0901,1946593.9139643938,0
KEEP.V,D,20230111,000000,0.0877,0.0885,0.082,0.0833,177048.25729267992,0
KEEP.V,D,20230112,000000,0.0843,0.0878,0.0842,0.0865,154931.3987679999,0
KEEP.V,D,20230113,000000,0.0873,0.092,0.0869,0.0913,803815.8767798194,0
KEEP.V,D,20230114,000000,0.0938,0.102,0.0904,0.0972,498100.9970689999,0
KEEP.V,D,20230115,000000,0.0974,0.14,0.0954,0.1044,2089150.1771681856,0
KEEP.V,D,20230116,000000,0.104,0.1126,0.1022,0.1046,560687.392219,0
KEEP.V,D,20230117,000000,0.1042,0.1274,0.1042,0.1107,1778494.6517256345,0
KEEP.V,D,20230118,000000,0.1098,0.1103,0.0977,0.0996,615913.869879564,0
KEEP.V,D,20230119,000000,0.099,0.1036,0.0958,0.1015,429560.1447327802,0
KEEP.V,D,20230120,000000,0.1022,0.1095,0.1017,0.1089,543530.2336374026,0
KEEP.V,D,20230121,000000,0.1082,0.1211,0.1082,0.1157,784757.7930260802,0
KEEP.V,D,20230122,000000,0.1143,0.1155,0.108,0.1115,137291.94181444,0
KEEP.V,D,20230123,000000,0.1116,0.1756,0.1106,0.1635,5327953.19872941,0
KEEP.V,D,20230124,000000,0.1648,0.29,0.1648,0.256,19319613.130321298,0
KEEP.V,D,20230125,000000,0.2521,0.2744,0.2228,0.2422,2972821.732348076,0
KEEP.V,D,20230126,000000,0.2434,0.3059,0.2355,0.2581,2242076.5964586954,0
KEEP.V,D,20230127,000000,0.2595,0.2748,0.2227,0.2322,2272261.6724472665,0
KEEP.V,D,20230128,000000,0.234,0.2371,0.2152,0.2187,1965333.4780770002,0
KEEP.V,D,20230129,000000,0.2169,0.236,0.2123,0.2205,1856441.4691912134,0
KEEP.V,D,20230130,000000,0.2212,0.2246,0.1957,0.1972,913222.0398184899,0
KEEP.V,D,20230131,000000,0.1966,0.2591,0.1942,0.2333,1730468.8638560579,0
KEEP.V,D,20230201,000000,0.2308,0.2498,0.2147,0.2396,1084462.9241964805,0
KEEP.V,D,20230202,000000,0.2407,0.244,0.2302,0.2317,393407.5557789951,0
KEEP.V,D,20230203,000000,0.2324,0.2461,0.224,0.2261,1082899.4056210006,0
KEEP.V,D,20230204,000000,0.2267,0.2329,0.2229,0.2302,1127653.6107112004,0
KEEP.V,D,20230205,000000,0.2278,0.2291,0.2068,0.2155,877164.3647132291,0
KEEP.V,D,20230206,000000,0.2143,0.2162,0.2035,0.2153,1249773.9417304515,0
KEEP.V,D,20230207,000000,0.20977,0.21271,0.2085,0.21271,103519.51153268,0
KEEP.V,D,20230208,000000,0.21724,0.21834,0.21305,0.21706,25888.938239999996,0
KEEP.V,D,20230211,000000,0.18941,0.20967,0.18941,0.19299,95295.26359563801,0
KEEP.V,D,20230212,000000,0.19225,0.19273,0.184,0.184,70630.297988184,0
KEEP.V,D,20230213,000000,0.1878,0.1878,0.17203,0.17542,106828.580407,0
KEEP.V,D,20230214,000000,0.17601,0.18598,0.17601,0.18598,19022.0998145,0
KEEP.V,D,20230215,000000,0.18565,0.1996,0.18311,0.1994,20756.305022201,0
KEEP.V,D,20230216,000000,0.19707,0.20356,0.18906,0.19129,68241.23043200001,0
KEEP.V,D,20230217,000000,0.18841,0.19536,0.1866,0.1937,36670.258767319894,0
KEEP.V,D,20230218,000000,0.19623,0.20025,0.19594,0.19769,24667.125010221003,0
KEEP.V,D,20230219,000000,0.2009,0.22793,0.2009,0.21503,169544.69212224294,0
KEEP.V,D,20230220,000000,0.21592,0.22236,0.20439,0.20584,16339.400391575,0
KEEP.V,D,20230221,000000,0.20711,0.208,0.19146,0.19304,23454.196565810005,0
KEEP.V,D,20230222,000000,0.19304,0.19415,0.18731,0.19215,64416.442621000024,0
KEEP.V,D,20230223,000000,0.18963,0.20976,0.18963,0.20377,59913.13410561109,0
KEEP.V,D,20230224,000000,0.20136,0.20228,0.18852,0.18931,29515.124641000002,0
KEEP.V,D,20230225,000000,0.18869,0.19701,0.18442,0.18519,9744.713945409998,0
KEEP.V,D,20230226,000000,0.18584,0.18857,0.18584,0.18857,20413.96736,0
KEEP.V,D,20230227,000000,0.18835,0.18923,0.1857,0.18594,5355.28943,0
KEEP.V,D,20230228,000000,0.18671,0.18671,0.18656,0.18656,875,0
KEEP.V,D,20230301,000000,0.18461,0.19914,0.18461,0.19195,99297.193480399,0
KEEP.V,D,20230302,000000,0.19411,0.23716,0.19411,0.2189,109668.87524577799,0
KEEP.V,D,20230303,000000,0.21949,0.23175,0.20135,0.2022,139806.838751865,0
KEEP.V,D,20230304,000000,0.20325,0.20325,0.1879,0.1879,5901.433587879,0
KEEP.V,D,20230305,000000,0.19287,0.1993,0.19287,0.19611,25310.000325115998,0
KEEP.V,D,20230306,000000,0.19194,0.19999,0.19194,0.19999,1793.85315,0
KEEP.V,D,20230307,000000,0.19679,0.19679,0.18251,0.18251,4632.767469106,0
KEEP.V,D,20230308,000000,0.1825,0.18496,0.1685,0.17488,103447.27569602401,0
KEEP.V,D,20230309,000000,0.16512,0.167,0.14971,0.14971,89395.87422863598,0
KEEP.V,D,20230310,000000,0.15374,0.17204,0.14751,0.15901,153196.82834085013,0
KEEP.V,D,20230311,000000,0.15756,0.15965,0.15496,0.15667,68722.40869012699,0
KEEP.V,D,20230312,000000,0.15678,0.16049,0.151,0.16049,187360.47239429998,0
KEEP.V,D,20230313,000000,0.1647,0.17337,0.16448,0.17252,29535.580288037,0
KEEP.V,D,20230314,000000,0.17558,0.22499,0.17558,0.20585,107766.34738134641,0
KEEP.V,D,20230315,000000,0.20734,0.22,0.18882,0.193,125120.70217699998,0
KEEP.V,D,20230316,000000,0.19327,0.19646,0.18699,0.19606,27441.06753716,0
KEEP.V,D,20230317,000000,0.19794,0.21646,0.19794,0.21085,56375.455565000004,0
KEEP.V,D,20230318,000000,0.21099,0.21754,0.20441,0.20441,17716.287136274004,0
KEEP.V,D,20230319,000000,0.20447,0.20858,0.20343,0.20858,11359.20291,0
KEEP.V,D,20230320,000000,0.20448,0.20448,0.197,0.19797,12209.889058676,0
KEEP.V,D,20230321,000000,0.19513,0.22501,0.1924,0.20183,65363.618027531,0
KEEP.V,D,20230322,000000,0.20286,0.21072,0.196,0.19728,14212.061383906901,0
KEEP.V,D,20230323,000000,0.19813,0.20209,0.19596,0.20143,3856.581091,0
KEEP.V,D,20230324,000000,0.20133,0.20133,0.19544,0.19544,1128.8659501079999,0
KEEP.V,D,20230325,000000,0.19411,0.19642,0.19323,0.19323,5405.34582766,0
KEEP.V,D,20230326,000000,0.19506,0.20058,0.1946,0.20057,18603.778549519,0
KEEP.V,D,20230327,000000,0.19478,0.19488,0.19323,0.19323,2410.23911,0
KEEP.V,D,20230328,000000,0.193,0.19445,0.18661,0.19445,14116.422750000002,0
KEEP.V,D,20230329,000000,0.19438,0.20097,0.19438,0.20097,8253.7159764253,0
KEEP.V,D,20230330,000000,0.19974,0.20803,0.18563,0.19413,33886.94634051999,0
KEEP.V,D,20230331,000000,0.19834,0.20031,0.196,0.20031,9307.285219000001,0
KEEP.V,D,20230401,000000,0.20047,0.20047,0.19648,0.19952,1824.498302334,0
KEEP.V,D,20230402,000000,0.19514,0.19516,0.18087,0.1816,639861.5554543581,0
KEEP.V,D,20230403,000000,0.17982,0.17982,0.17301,0.17424,256444.0626672639,0
KEEP.V,D,20230404,000000,0.17622,0.181,0.17495,0.181,19421.725521999997,0
KEEP.V,D,20230405,000000,0.1812,0.1822,0.17802,0.18046,38779.906995,0
KEEP.V,D,20230406,000000,0.17749,0.17749,0.1752,0.17653,16720.51539,0
KEEP.V,D,20230407,000000,0.17899,0.17899,0.17066,0.17396,277658.78213496495,0
KEEP.V,D,20230408,000000,0.17491,0.17491,0.17283,0.17283,2645.604511981,0
KEEP.V,D,20230409,000000,0.17097,0.17097,0.17052,0.17092,1817.952884,0
KEEP.V,D,20230410,000000,0.17299,0.17532,0.17077,0.17278,19769.140010183997,0
KEEP.V,D,20230411,000000,0.17539,0.17554,0.1738,0.17554,1096.1993870000001,0
KEEP.V,D,20230412,000000,0.17262,0.17388,0.1685,0.17132,51895.509620000004,0
KEEP.V,D,20230413,000000,0.17318,0.17589,0.17318,0.17589,46.763030998,0
KEEP.V,D,20230414,000000,0.17175,0.17928,0.17175,0.17747,93163.26356600001,0
KEEP.V,D,20230415,000000,0.17739,0.17739,0.17451,0.17578,111949.02330476699,0
KEEP.V,D,20230416,000000,0.17486,0.17638,0.17486,0.176,3324.96698,0
KEEP.V,D,20230417,000000,0.17741,0.1792,0.17248,0.17248,81764.430896,0
KEEP.V,D,20230418,000000,0.17268,0.17599,0.17268,0.17599,645.37572,0
KEEP.V,D,20230419,000000,0.17686,0.17686,0.16741,0.16826,20888.080229103998,0
KEEP.V,D,20230420,000000,0.16724,0.16724,0.16064,0.16064,20098.874581399996,0
KEEP.V,D,20230421,000000,0.15919,0.15978,0.155,0.155,2233.9290174500006,0
KEEP.V,D,20230422,000000,0.15548,0.15555,0.15507,0.15555,927.19067,0
KEEP.V,D,20230423,000000,0.15696,0.15824,0.15422,0.15422,183.57391429900002,0
KEEP.V,D,20230424,000000,0.15172,0.15426,0.15172,0.15426,313.378513,0
KEEP.V,D,20230425,000000,0.15292,0.15518,0.1521,0.15518,709.735337114,0
KEEP.V,D,20230426,000000,0.15749,0.16061,0.15171,0.15458,22575.922561078,0
KEEP.V,D,20230427,000000,0.15417,0.15544,0.15089,0.15397,30631.897298,0
KEEP.V,D,20230429,000000,0.1517,0.15193,0.1517,0.15193,2330.1612299999997,0
KEEP.V,D,20230430,000000,0.15736,0.15775,0.15387,0.15519,8452.497671166,0
KEEP.V,D,20230501,000000,0.15161,0.15194,0.14844,0.14844,1209.32985,0
KEEP.V,D,20230502,000000,0.14391,0.14671,0.14391,0.14622,12101.21407914,0
KEEP.V,D,20230503,000000,0.14718,0.14879,0.14718,0.14879,1468.4219819999998,0
KEEP.V,D,20230504,000000,0.14993,0.14993,0.14993,0.14993,286.1435,0
KEEP.V,D,20230505,000000,0.15117,0.15117,0.15117,0.15117,2117.3972,0
KEEP.V,D,20230506,000000,0.15345,0.15381,0.14862,0.14862,2203.599179107,0
KEEP.V,D,20230507,000000,0.15099,0.15116,0.14876,0.15116,776.289417,0
KEEP.V,D,20230508,000000,0.14703,0.14795,0.13766,0.13766,19715.025056209997,0
KEEP.V,D,20230509,000000,0.1382,0.1427,0.13608,0.13803,16144.154337597998,0
KEEP.V,D,20230510,000000,0.14173,0.14215,0.13895,0.14147,979.1017007760001,0
KEEP.V,D,20230511,000000,0.13986,0.1475,0.13777,0.13777,22135.018774,0
KEEP.V,D,20230512,000000,0.13473,0.13473,0.12694,0.13041,1536.877574233,0
KEEP.V,D,20230513,000000,0.13282,0.13282,0.13282,0.13282,3657.5246,0
KEEP.V,D,20230514,000000,0.12976,0.1298,0.12838,0.1298,10643.2009,0
KEEP.V,D,20230515,000000,0.13442,0.138,0.13442,0.13517,6698.06597,0
KEEP.V,D,20230516,000000,0.13445,0.13445,0.13177,0.13177,2171.4177,0
KEEP.V,D,20230517,000000,0.13293,0.13293,0.13247,0.13247,240.001086171,0
KEEP.V,D,20230518,000000,0.13152,0.13152,0.12987,0.13092,558.5539243630001,0
KEEP.V,D,20230519,000000,0.13119,0.13429,0.13119,0.13311,5997.823966,0
KEEP.V,D,20230520,000000,0.13355,0.13355,0.13322,0.13322,914.86661,0
KEEP.V,D,20230521,000000,0.13282,0.13282,0.13282,0.13282,69.50404,0
KEEP.V,D,20230522,000000,0.12835,0.12835,0.12801,0.12801,4293.4856500000005,0
KEEP.V,D,20230523,000000,0.13151,0.13151,0.13027,0.13027,5062.67807,0
KEEP.V,D,20230524,000000,0.13062,0.13062,0.12441,0.12441,3613.1389820000004,0
KEEP.V,D,20230525,000000,0.12222,0.12324,0.12086,0.12086,282.74163991600005,0
KEEP.V,D,20230526,000000,0.12234,0.12234,0.12111,0.12224,3852.319370053,0
KEEP.V,D,20230527,000000,0.12255,0.12255,0.12249,0.12249,343.04142,0
KEEP.V,D,20230528,000000,0.12317,0.12408,0.12317,0.124,1905.74865,0
KEEP.V,D,20230530,000000,0.12652,0.12652,0.1252,0.12589,4635.686505357,0
KEEP.V,D,20230531,000000,0.12489,0.12658,0.1215,0.12231,28990.788558473007,0
KEEP.V,D,20230601,000000,0.12099,0.12169,0.12043,0.12064,5651.447826930001,0
KEEP.V,D,20230602,000000,0.12014,0.1218,0.12005,0.1218,5964.180377999999,0
KEEP.V,D,20230603,000000,0.12353,0.12513,0.12353,0.12459,13761.945385339,0
KEEP.V,D,20230604,000000,0.12371,0.12371,0.12297,0.12297,534.31268,0
KEEP.V,D,20230605,000000,0.1228,0.1228,0.11198,0.11198,5158.559978161999,0
KEEP.V,D,20230606,000000,0.11242,0.1137,0.11007,0.11204,4511.8803946,0
KEEP.V,D,20230607,000000,0.11378,0.11378,0.10907,0.10907,11137.830635806999,0
KEEP.V,D,20230608,000000,0.1086,0.10956,0.1068,0.10761,4128.308788890001,0
KEEP.V,D,20230609,000000,0.10674,0.1085,0.10665,0.1069,108187.17087,0
KEEP.V,D,20230610,000000,0.10765,0.10765,0.08509,0.08717,11773.18568309,0
KEEP.V,D,20230611,000000,0.08863,0.09135,0.08725,0.09135,61188.532225273,0
KEEP.V,D,20230612,000000,0.08717,0.09063,0.08326,0.09063,14431.058828487001,0
KEEP.V,D,20230613,000000,0.09011,0.09011,0.08576,0.08576,23268.875309833,0
KEEP.V,D,20230614,000000,0.08841,0.08936,0.08,0.08236,387631.43224845437,0
KEEP.V,D,20230615,000000,0.08183,0.08449,0.07896,0.08449,48635.68059149999,0
KEEP.V,D,20230616,000000,0.08209,0.08555,0.08209,0.08393,4367.8323248,0
KEEP.V,D,20230617,000000,0.08562,0.08997,0.08562,0.08997,25160.413450822,0
KEEP.V,D,20230618,000000,0.08811,0.0892,0.08797,0.08824,2268.03174,0
KEEP.V,D,20230619,000000,0.08799,0.08799,0.08799,0.08799,11719.554,0
KEEP.V,D,20230620,000000,0.09082,0.09452,0.09039,0.09264,24037.108454369998,0
KEEP.V,D,20230621,000000,0.09488,0.10298,0.09488,0.10013,34913.15833300001,0
KEEP.V,D,20230622,000000,0.1,0.10124,0.09842,0.09842,63257.126833635004,0
KEEP.V,D,20230623,000000,0.09938,0.1375,0.09938,0.12695,315858.04510112014,0
KEEP.V,D,20230624,000000,0.12901,0.13645,0.11768,0.11826,21230.415125828,0
KEEP.V,D,20230625,000000,0.11633,0.12152,0.11469,0.1148,31129.107339000002,0
KEEP.V,D,20230626,000000,0.11615,0.1215,0.10632,0.11426,48155.37174731986,0
KEEP.V,D,20230627,000000,0.11434,0.11434,0.1081,0.11179,4710.423203,0
KEEP.V,D,20230628,000000,0.10872,0.11138,0.10523,0.1058,3696.406862,0
KEEP.V,D,20230629,000000,0.10511,0.1063,0.10286,0.1063,2339.422492,0
KEEP.V,D,20230630,000000,0.10706,0.10953,0.10602,0.10602,4326.880649000001,0
KEEP.V,D,20230701,000000,0.11204,0.11343,0.11031,0.11031,1518.585564,0
KEEP.V,D,20230702,000000,0.11367,0.11371,0.10866,0.10872,6172.707984340001,0
KEEP.V,D,20230703,000000,0.10978,0.1162,0.10895,0.11186,5430.720776516001,0
KEEP.V,D,20230704,000000,0.11201,0.11431,0.10943,0.10943,10852.794319999999,0
KEEP.V,D,20230705,000000,0.10899,0.11815,0.10899,0.11503,39140.973942227,0
KEEP.V,D,20230706,000000,0.11658,0.11658,0.10555,0.10991,84550.44221016,0
KEEP.V,D,20230707,000000,0.11204,0.11204,0.10944,0.10944,1000.7311,0
KEEP.V,D,20230708,000000,0.10945,0.10945,0.10921,0.10945,2792.46849,0
KEEP.V,D,20230709,000000,0.10608,0.10608,0.10608,0.10608,15198.463836947,0
KEEP.V,D,20230710,000000,0.10741,0.10757,0.10532,0.1071,1524.68076689,0
KEEP.V,D,20230711,000000,0.10711,0.10792,0.10711,0.10792,1899.3005806200001,0
KEEP.V,D,20230712,000000,0.10799,0.11769,0.10799,0.11277,12631.82946,0
KEEP.V,D,20230713,000000,0.11084,0.11667,0.1084,0.11666,10466.089623353,0
KEEP.V,D,20230714,000000,0.11689,0.129,0.11585,0.11585,21406.626689999997,0
KEEP.V,D,20230715,000000,0.11374,0.12579,0.11374,0.11619,18200.735434087,0
KEEP.V,D,20230716,000000,0.11816,0.12216,0.11816,0.12216,0.0134060455,0
KEEP.V,D,20230717,000000,0.11584,0.11584,0.11584,0.11584,919.31372,0
KEEP.V,D,20230718,000000,0.11777,0.11777,0.11603,0.11603,11119.309515257999,0
KEEP.V,D,20230719,000000,0.11442,0.11442,0.11442,0.11442,226.3453,0
KEEP.V,D,20230720,000000,0.11419,0.11594,0.11355,0.11355,7086.261780000001,0
KEEP.V,D,20230721,000000,0.11309,0.114,0.11121,0.114,13959.118609719999,0
KEEP.V,D,20230722,000000,0.1153,0.1153,0.1153,0.1153,7379.0292,0
KEEP.V,D,20230723,000000,0.11461,0.11687,0.11456,0.11687,68.399828,0
KEEP.V,D,20230724,000000,0.1145,0.11529,0.1108,0.1108,16325.581885638,0
KEEP.V,D,20230725,000000,0.11185,0.11201,0.11185,0.11187,2382.49225,0
KEEP.V,D,20230726,000000,0.11309,0.123,0.11309,0.11617,42765.968885,0
KEEP.V,D,20230727,000000,0.12496,0.12496,0.118,0.118,9076.50141,0
KEEP.V,D,20230728,000000,0.11478,0.1165,0.11478,0.1165,2744.50059085,0
KEEP.V,D,20230729,000000,0.11717,0.12114,0.11717,0.12114,0.069988371,0
KEEP.V,D,20230730,000000,0.12065,0.12065,0.11418,0.11418,4458.57581,0
KEEP.V,D,20230731,000000,0.115,0.11614,0.115,0.11614,1000.019676461,0
KEEP.V,D,20230802,000000,0.11534,0.11534,0.11534,0.11534,123.32779,0
KEEP.V,D,20230803,000000,0.11084,0.1129,0.11084,0.1129,285.64268000000004,0
KEEP.V,D,20230804,000000,0.10868,0.1114,0.10868,0.1114,30915.395759999996,0
KEEP.V,D,20230805,000000,0.10925,0.11141,0.10921,0.11141,163.15556443,0
KEEP.V,D,20230806,000000,0.11246,0.11768,0.11246,0.11531,10715.330420000002,0
KEEP.V,D,20230807,000000,0.114515,0.114515,0.11338,0.11338,8694.349355540999,0
KEEP.V,D,20230808,000000,0.11278,0.11278,0.11278,0.11278,0.001779222,0
KEEP.V,D,20230809,000000,0.11453,0.11453,0.11453,0.11453,0.02599356,0
KEEP.V,D,20230810,000000,0.11413,0.11416,0.1131,0.11416,1912.325266,0
KEEP.V,D,20230811,000000,0.11474,0.11474,0.11201,0.11201,289.700377423,0
KEEP.V,D,20230812,000000,0.11142,0.11365,0.11142,0.11365,60.017596999999995,0
KEEP.V,D,20230813,000000,0.11109,0.11309,0.11107,0.11107,640.45022151,0
KEEP.V,D,20230814,000000,0.11195,0.11286,0.11195,0.11286,415.081037,0
KEEP.V,D,20230815,000000,0.11313,0.11454,0.1125,0.1125,2768.237981368,0
KEEP.V,D,20230816,000000,0.1084,0.1084,0.10765,0.10765,569.6747,0
KEEP.V,D,20230817,000000,0.10073,0.10073,0.097,0.0985,688.1564529999999,0
KEEP.V,D,20230818,000000,0.09272,0.093,0.08895,0.093,1778.8352779468,0
KEEP.V,D,20230819,000000,0.09185,0.09197,0.09185,0.09197,1000.0567286109999,0
KEEP.V,D,20230821,000000,0.09536,0.09536,0.09536,0.09536,604.92531,0
KEEP.V,D,20230822,000000,0.09182,0.09275,0.09045,0.09275,1297.0963000000002,0
KEEP.V,D,20230823,000000,0.08916,0.09101,0.08669,0.09101,12282.279404043002,0
KEEP.V,D,20230825,000000,0.08996,0.08996,0.08664,0.08764,3958.20755,0
KEEP.V,D,20230826,000000,0.08736,0.08736,0.08736,0.08736,1919.2208,0
KEEP.V,D,20230827,000000,0.08995,0.09007,0.08742,0.08742,2720.0089799999996,0
KEEP.V,D,20230828,000000,0.0894,0.0894,0.08414,0.08537,2969.194033502,0
KEEP.V,D,20230829,000000,0.0867,0.09207,0.08328,0.09207,9994.363646854,0
KEEP.V,D,20230830,000000,0.0918,0.0918,0.09132,0.09132,27489.278246,0
KEEP.V,D,20230831,000000,0.09086,0.09086,0.08598,0.08598,1885.02328087,0
KEEP.V,D,20230901,000000,0.08605,0.08605,0.08162,0.08162,4571.615019999999,0
KEEP.V,D,20230902,000000,0.08214,0.08359,0.08214,0.08359,608.02599278,0
KEEP.V,D,20230903,000000,0.08377,0.08567,0.08352,0.08567,720.67862789,0
KEEP.V,D,20230904,000000,0.0854,0.0854,0.08153,0.08153,24350.608211949995,0
KEEP.V,D,20230905,000000,0.0861,0.08755,0.08503,0.08503,5058.06415,0
KEEP.V,D,20230906,000000,0.08509,0.08509,0.08454,0.08454,247.006623,0
KEEP.V,D,20230907,000000,0.08481,0.08481,0.08379,0.08379,208.783760251,0
KEEP.V,D,20230908,000000,0.08376,0.08611,0.08376,0.08611,1739.33645,0
KEEP.V,D,20230909,000000,0.08429,0.08487,0.08429,0.08487,239.28286,0
KEEP.V,D,20230910,000000,0.08326,0.08551,0.08326,0.08469,1253.769017474,0
KEEP.V,D,20230911,000000,0.08334,0.08472,0.08021,0.08021,18193.586421999993,0
KEEP.V,D,20230912,000000,0.0809,0.0814,0.07967,0.07967,25778.61706113701,0
KEEP.V,D,20230913,000000,0.07969,0.07969,0.07813,0.07813,3054.5439100000003,0
KEEP.V,D,20230914,000000,0.07902,0.08512,0.07902,0.08387,4070.629241083,0
KEEP.V,D,20230915,000000,0.08518,0.08518,0.0845,0.0845,1934.1167409999998,0
KEEP.V,D,20230916,000000,0.08519,0.08519,0.08519,0.08519,540,0
KEEP.V,D,20230917,000000,0.08647,0.0875,0.08483,0.08483,947.782727473,0
KEEP.V,D,20230918,000000,0.08259,0.08259,0.07804,0.07804,189.05877506899998,0
KEEP.V,D,20230919,000000,0.08412,0.0898,0.08412,0.08968,70833.46995522523,0
KEEP.V,D,20230920,000000,0.08843,0.09189,0.08724,0.08724,4765.8794361,0
KEEP.V,D,20230921,000000,0.0861,0.0898,0.0861,0.0888,3540.0083994539996,0
KEEP.V,D,20230923,000000,0.08502,0.08824,0.08502,0.08656,4890.937706,0
KEEP.V,D,20230924,000000,0.08708,0.08933,0.08708,0.08933,2335.49644,0
KEEP.V,D,20230925,000000,0.08623,0.08623,0.08623,0.08623,37.80428,0
KEEP.V,D,20230926,000000,0.08622,0.08622,0.085,0.085,17675.4346,0
KEEP.V,D,20230927,000000,0.08423,0.08498,0.08423,0.08498,560.9851172499999,0
KEEP.V,D,20230928,000000,0.08477,0.08477,0.08477,0.08477,37.501395,0
KEEP.V,D,20230929,000000,0.0883,0.08884,0.08724,0.08724,5460.42317,0
KEEP.V,D,20230930,000000,0.08892,0.08932,0.08693,0.08693,6400.778483,0
KEEP.V,D,20231001,000000,0.0903,0.09212,0.0903,0.09203,11755.421988163,0
KEEP.V,D,20231002,000000,0.09212,0.09473,0.09212,0.09335,1944.369209,0
KEEP.V,D,20231003,000000,0.08883,0.08883,0.08883,0.08883,0,0
KEEP.V,D,20231004,000000,0.08617,0.08875,0.08617,0.0876,2410.914938,0
KEEP.V,D,20231005,000000,0.0861,0.0861,0.0861,0.0861,59.14961955,0
KEEP.V,D,20231006,000000,0.08695,0.1002,0.08695,0.09723,21389.475697928003,0
KEEP.V,D,20231007,000000,0.09801,0.09864,0.09308,0.09334,6336.16402476,0
KEEP.V,D,20231008,000000,0.0968,0.09841,0.0968,0.09841,755.3445647,0
KEEP.V,D,20231009,000000,0.09414,0.09414,0.08607,0.08607,3662.1918199999996,0
KEEP.V,D,20231010,000000,0.08762,0.09103,0.08682,0.09103,3398.3615330000002,0
KEEP.V,D,20231011,000000,0.09037,0.09037,0.09037,0.09037,0,0
KEEP.V,D,20231012,000000,0.08961,0.10168,0.08961,0.09436,32298.516355225,0
KEEP.V,D,20231013,000000,0.0957,0.1081,0.0951,0.1014,35757.287436419996,0
KEEP.V,D,20231014,000000,0.10477,0.11117,0.10477,0.10679,2601.3901453959998,0
KEEP.V,D,20231015,000000,0.11127,0.11224,0.10699,0.10699,2473.575987693,0
KEEP.V,D,20231016,000000,0.11,0.11101,0.10824,0.10842,15860.599174058994,0
KEEP.V,D,20231017,000000,0.10978,0.10978,0.10759,0.10759,393.002959532,0
KEEP.V,D,20231018,000000,0.11201,0.11552,0.10118,0.1014,8854.89650587,0
KEEP.V,D,20231019,000000,0.09629,0.09629,0.09274,0.09274,3844.6017199999997,0
KEEP.V,D,20231020,000000,0.09354,0.09952,0.09354,0.09641,16478.453209535997,0
KEEP.V,D,20231021,000000,0.0951,0.09572,0.0951,0.09572,695.4869100000001,0
KEEP.V,D,20231023,000000,0.10011,0.10011,0.09901,0.09901,10756.59213,0
KEEP.V,D,20231024,000000,0.09988,0.108,0.09988,0.10608,34115.414800196995,0
KEEP.V,D,20231025,000000,0.10799,0.10811,0.10799,0.10811,2408.87281,0
KEEP.V,D,20231026,000000,0.11059,0.11059,0.1061,0.1061,18339.934119999998,0
KEEP.V,D,20231027,000000,0.107,0.107,0.10558,0.10558,1411.1377785979998,0
KEEP.V,D,20231028,000000,0.10551,0.10551,0.10551,0.10551,0.008206172000000001,0
KEEP.V,D,20231029,000000,0.10653,0.10865,0.10653,0.10865,186.82858371,0
KEEP.V,D,20231030,000000,0.10625,0.10837,0.10625,0.10635,616.17365771,0
KEEP.V,D,20231031,000000,0.10975,0.11142,0.10704,0.10704,1556.32127816,0
KEEP.V,D,20231101,000000,0.10711,0.12897,0.10711,0.12217,27234.662749556002,0
KEEP.V,D,20231102,000000,0.11996,0.11996,0.11338,0.1135,6054.92920645,0
KEEP.V,D,20231103,000000,0.11391,0.11391,0.11391,0.11391,707.46935,0
KEEP.V,D,20231104,000000,0.1152,0.1152,0.1152,0.1152,82.458179,0
KEEP.V,D,20231105,000000,0.11591,0.11747,0.11591,0.11747,2120.14066,0
KEEP.V,D,20231106,000000,0.11538,0.12271,0.11328,0.11714,7268.6928800000005,0
KEEP.V,D,20231107,000000,0.1027,0.1209,0.10042,0.11497,28800.037925597,0
KEEP.V,D,20231108,000000,0.11683,0.12178,0.11683,0.12142,1131.500178483,0
KEEP.V,D,20231109,000000,0.12333,0.12853,0.11374,0.11409,11559.482197,0
KEEP.V,D,20231110,000000,0.11317,0.11928,0.11001,0.119,28746.770778360995,0
KEEP.V,D,20231111,000000,0.119,0.12668,0.11878,0.12668,17655.669166761,0
KEEP.V,D,20231112,000000,0.12652,0.12652,0.11858,0.11858,3176.88122186,0
KEEP.V,D,20231113,000000,0.12047,0.12253,0.12047,0.12104,18048.281095484,0
KEEP.V,D,20231114,000000,0.12216,0.12216,0.11436,0.11544,6940.500049879999,0
KEEP.V,D,20231115,000000,0.11625,0.11802,0.11545,0.11802,3796.7901179379996,0
KEEP.V,D,20231116,000000,0.11824,0.11824,0.1163,0.1163,4061.605221944,0
KEEP.V,D,20231117,000000,0.11642,0.11712,0.11642,0.11712,867.10144,0
KEEP.V,D,20231118,000000,0.11571,0.11718,0.11571,0.11718,1438.5035,0
KEEP.V,D,20231119,000000,0.11747,0.11747,0.11722,0.11722,4139.18059,0
KEEP.V,D,20231120,000000,0.11554,0.11905,0.11554,0.11905,18727.864830000002,0
KEEP.V,D,20231121,000000,0.11878,0.11878,0.111,0.111,9266.256097,0
KEEP.V,D,20231122,000000,0.10862,0.1094,0.10862,0.1094,3064.213987,0
KEEP.V,D,20231123,000000,0.11117,0.11117,0.10575,0.10575,1474.8810290000001,0
KEEP.V,D,20231124,000000,0.10833,0.10932,0.10833,0.10932,218.62346100000002,0
KEEP.V,D,20231125,000000,0.1121,0.11526,0.1121,0.11526,5526.687416,0
KEEP.V,D,20231126,000000,0.11693,0.11693,0.11693,0.11693,11315.405,0
KEEP.V,D,20231127,000000,0.11581,0.11581,0.11,0.11204,7771.26031,0
KEEP.V,D,20231128,000000,0.10944,0.11079,0.10944,0.11079,47.745375460000005,0
KEEP.V,D,20231129,000000,0.11166,0.11166,0.11004,0.11004,1248.9498612096,0
KEEP.V,D,20231130,000000,0.11185,0.11185,0.11185,0.11185,0,0
KEEP.V,D,20231201,000000,0.11607,0.11689,0.1147,0.11689,5200.67759,0
KEEP.V,D,20231202,000000,0.1179,0.11916,0.11666,0.11916,12570.184093409,0
KEEP.V,D,20231203,000000,0.11607,0.11748,0.11359,0.11748,2304.162048599,0
KEEP.V,D,20231204,000000,0.11571,0.12404,0.11204,0.12119,13083.209515393,0
KEEP.V,D,20231205,000000,0.13018,0.13147,0.12363,0.13147,7679.397105951999,0
KEEP.V,D,20231206,000000,0.12571,0.12792,0.12119,0.12119,17903.771256731998,0
KEEP.V,D,20231207,000000,0.1254,0.1254,0.119,0.119,7673.148694417,0
KEEP.V,D,20231208,000000,0.11967,0.12528,0.11967,0.12331,10330.747064644,0
KEEP.V,D,20231209,000000,0.126,0.12667,0.12301,0.12301,1729.9621075999999,0
KEEP.V,D,20231210,000000,0.1252,0.1252,0.12083,0.12083,245.99286,0
KEEP.V,D,20231211,000000,0.12104,0.12596,0.11756,0.11756,19882.991091012897,0
KEEP.V,D,20231212,000000,0.11838,0.1184,0.11391,0.11391,6422.63361,0
KEEP.V,D,20231213,000000,0.10913,0.11343,0.10913,0.11343,15310.97824416,0
KEEP.V,D,20231214,000000,0.1154,0.12107,0.11341,0.11965,19161.882402999996,0
KEEP.V,D,20231215,000000,0.11796,0.11796,0.11716,0.11716,1142.1526299999998,0
KEEP.V,D,20231216,000000,0.11609,0.11895,0.11609,0.11895,3732.13841,0
KEEP.V,D,20231217,000000,0.11939,0.11969,0.11939,0.11969,124.8312,0
KEEP.V,D,20231218,000000,0.11784,0.11784,0.11741,0.11741,1216.679248,0
KEEP.V,D,20231219,000000,0.11726,0.11726,0.11374,0.11397,2068.72046052,0
KEEP.V,D,20231220,000000,0.12024,0.12024,0.11973,0.11973,2858.3164700000007,0
KEEP.V,D,20231221,000000,0.12073,0.12073,0.11607,0.11855,2756.058380115,0
KEEP.V,D,20231222,000000,0.12153,0.12153,0.11713,0.11713,4278.5486,0
KEEP.V,D,20231223,000000,0.12192,0.12983,0.12192,0.12983,7293.1293163977,0
KEEP.V,D,20231224,000000,0.12335,0.13027,0.12257,0.12257,543.009880783,0
KEEP.V,D,20231225,000000,0.12974,0.13014,0.12751,0.13014,75.02563740800001,0
KEEP.V,D,20231226,000000,0.11691,0.1252,0.11691,0.12238,32532.125541108995,0
KEEP.V,D,20231227,000000,0.12208,0.1282,0.1205,0.1282,6621.65440938,0
KEEP.V,D,20231228,000000,0.12661,0.12661,0.11602,0.1195,12005.21349989,0
KEEP.V,D,20231229,000000,0.12442,0.12442,0.11124,0.11124,3090.9063912799998,0
KEEP.V,D,20231230,000000,0.11784,0.11901,0.11764,0.11901,21206.868393880002,0
KEEP.V,D,20231231,000000,0.12121,0.12121,0.12121,0.12121,453.77987,0
KEEP.V,D,20240101,000000,0.12462,0.12462,0.11538,0.12155,25892.587876306003,0
KEEP.V,D,20240102,000000,0.11905,0.12001,0.11737,0.11737,41.88917,0
KEEP.V,D,20240103,000000,0.11863,0.14626,0.11863,0.13451,59483.43424217998,0
KEEP.V,D,20240104,000000,0.1312,0.14834,0.1305,0.144,65404.598361902994,0
KEEP.V,D,20240105,000000,0.1442,0.159,0.13904,0.15422,34134.973246295,0
KEEP.V,D,20240106,000000,0.15375,0.16276,0.14166,0.14166,36896.643870708,0
KEEP.V,D,20240107,000000,0.13254,0.13868,0.13254,0.13389,8327.266979000002,0
KEEP.V,D,20240108,000000,0.1351,0.19998,0.1351,0.17115,130463.7147096618,0
KEEP.V,D,20240109,000000,0.17579,0.21639,0.14924,0.15479,85562.8045119821,0
KEEP.V,D,20240110,000000,0.16,0.1739,0.15481,0.1569,13252.469013882994,0
KEEP.V,D,20240111,000000,0.1636,0.168,0.15834,0.16077,14141.611608208,0
KEEP.V,D,20240112,000000,0.1587,0.18194,0.1587,0.16535,6136.277128633999,0
KEEP.V,D,20240113,000000,0.16094,0.16658,0.16094,0.16658,961.023539345,0
KEEP.V,D,20240114,000000,0.17853,0.20837,0.17167,0.19589,57942.34185063752,0
KEEP.V,D,20240115,000000,0.19492,0.20219,0.15813,0.16737,73741.70125188402,0
KEEP.V,D,20240116,000000,0.17013,0.17774,0.15007,0.16781,14511.258841971,0
KEEP.V,D,20240117,000000,0.165,0.17132,0.15739,0.15947,1205.805771893,0
KEEP.V,D,20240118,000000,0.15744,0.15745,0.14438,0.14438,3633.58331058,0
KEEP.V,D,20240119,000000,0.146,0.14895,0.14309,0.14695,20473.365058971,0
KEEP.V,D,20240121,000000,0.14102,0.14404,0.13888,0.14185,3354.5916766509995,0
KEEP.V,D,20240122,000000,0.14185,0.15685,0.13301,0.1333,33324.728223984996,0
KEEP.V,D,20240123,000000,0.13352,0.13352,0.12492,0.12704,1098.570895408,0
KEEP.V,D,20240124,000000,0.12796,0.1353,0.12475,0.12475,12216.227614131998,0
KEEP.V,D,20240125,000000,0.12868,0.12868,0.12301,0.12581,6709.007238000001,0
KEEP.V,D,20240126,000000,0.12279,0.1308,0.12279,0.12686,430.75013163399996,0
KEEP.V,D,20240128,000000,0.12899,0.12899,0.12852,0.12893,781.895506576,0
KEEP.V,D,20240129,000000,0.12859,0.12877,0.12859,0.12877,295.114250397,0
KEEP.V,D,20240130,000000,0.13216,0.145,0.12748,0.12748,45941.818862602,0
KEEP.V,D,20240131,000000,0.12644,0.12644,0.12301,0.12301,1395.339837561,0
KEEP.V,D,20240201,000000,0.12201,0.12201,0.122,0.122,576.57861,0
KEEP.V,D,20240202,000000,0.11941,0.11941,0.11941,0.11941,100,0
KEEP.V,D,20240203,000000,0.11992,0.12073,0.11774,0.12065,10222.822234928999,0
KEEP.V,D,20240204,000000,0.12232,0.12379,0.12232,0.12379,1059.957273,0
KEEP.V,D,20240205,000000,0.11603,0.12099,0.11603,0.12099,44.137833376,0
KEEP.V,D,20240206,000000,0.12271,0.12528,0.12249,0.12257,795.9715209900002,0
KEEP.V,D,20240207,000000,0.12433,0.12433,0.10526,0.12129,37342.123225999996,0
KEEP.V,D,20240208,000000,0.12337,0.1242,0.1206,0.1206,8043.763445999999,0
KEEP.V,D,20240209,000000,0.12183,0.12491,0.12105,0.12491,1747.0296116339996,0
KEEP.V,D,20240210,000000,0.12689,0.13109,0.12653,0.12732,1272.511553881,0
KEEP.V,D,20240211,000000,0.12653,0.13354,0.12653,0.1297,7708.082668,0
KEEP.V,D,20240212,000000,0.12932,0.12932,0.12601,0.12895,877.479317,0
KEEP.V,D,20240213,000000,0.12758,0.13016,0.12452,0.12467,3623.403961129,0
KEEP.V,D,20240214,000000,0.13,0.13353,0.12925,0.13109,30803.75366,0
KEEP.V,D,20240215,000000,0.13996,0.14289,0.13636,0.13914,1313.803892,0
KEEP.V,D,20240216,000000,0.15438,0.15438,0.13715,0.14195,2611.3204139130003,0
KEEP.V,D,20240217,000000,0.14286,0.14305,0.13749,0.13749,1136.409354,0
KEEP.V,D,20240218,000000,0.135,0.14076,0.135,0.14017,1760.264229,0
KEEP.V,D,20240219,000000,0.14123,0.14238,0.13865,0.14146,6370.5049293,0
KEEP.V,D,20240220,000000,0.14104,0.14699,0.13751,0.13751,7621.401069518999,0
KEEP.V,D,20240221,000000,0.14037,0.14238,0.13378,0.13789,9341.639884379998,0
KEEP.V,D,20240222,000000,0.13579,0.14146,0.13579,0.13946,6634.887743527001,0
KEEP.V,D,20240223,000000,0.14103,0.14109,0.13544,0.13624,13280.125328832,0
KEEP.V,D,20240224,000000,0.13546,0.14504,0.1354,0.14118,2654.6747107336,0
KEEP.V,D,20240225,000000,0.14144,0.14421,0.14144,0.1429,5750.52218,0
KEEP.V,D,20240226,000000,0.14159,0.14382,0.14159,0.14382,2205.181042598,0
KEEP.V,D,20240227,000000,0.14318,0.15074,0.14318,0.14969,18022.983131647,0
KEEP.V,D,20240228,000000,0.15083,0.154,0.14377,0.14701,3532.031446437,0
KEEP.V,D,20240229,000000,0.1494,0.15525,0.14658,0.15156,5594.778835000001,0
KEEP.V,D,20240301,000000,0.15371,0.16079,0.15041,0.15826,29213.008276217002,0
KEEP.V,D,20240302,000000,0.1615,0.16659,0.1523,0.16659,61844.990061115015,0
KEEP.V,D,20240303,000000,0.16688,0.16873,0.15555,0.16342,22159.462821103996,0
KEEP.V,D,20240304,000000,0.16032,0.16709,0.1578,0.16709,18749.871191999995,0
KEEP.V,D,20240305,000000,0.1708,0.1708,0.14408,0.1477,23563.551424018005,0
KEEP.V,D,20240306,000000,0.148,0.15949,0.14629,0.15114,8777.4183512604,0
KEEP.V,D,20240307,000000,0.15536,0.16401,0.15535,0.16401,10805.665022174999,0
KEEP.V,D,20240308,000000,0.16221,0.16954,0.16221,0.16512,9832.177687663,0
KEEP.V,D,20240309,000000,0.16207,0.17021,0.15786,0.16831,3551.40149923853,0
KEEP.V,D,20240310,000000,0.16839,0.17996,0.16839,0.17709,12019.468039255002,0
KEEP.V,D,20240311,000000,0.17421,0.182,0.16891,0.17789,16638.30040959005,0
KEEP.V,D,20240312,000000,0.18298,0.19,0.17654,0.18751,19172.542760635202,0
KEEP.V,D,20240313,000000,0.19017,0.192,0.1802,0.1841,10182.095513,0
KEEP.V,D,20240314,000000,0.17988,0.18474,0.17346,0.1777,11845.217481133,0
KEEP.V,D,20240315,000000,0.18018,0.18018,0.16194,0.17105,9835.813803423,0
KEEP.V,D,20240316,000000,0.1739,0.17839,0.15634,0.1605,6539.249706100999,0
KEEP.V,D,20240317,000000,0.16282,0.16896,0.1594,0.16839,8234.774616242099,0
KEEP.V,D,20240318,000000,0.16825,0.17108,0.15329,0.15812,64488.163939199294,0
KEEP.V,D,20240319,000000,0.16367,0.1642,0.15248,0.15655,69915.24891999998,0
KEEP.V,D,20240320,000000,0.15053,0.15948,0.14147,0.15948,15249.022883121199,0
KEEP.V,D,20240321,000000,0.16324,0.17019,0.1581,0.16871,13255.3471233588,0
KEEP.V,D,20240322,000000,0.16574,0.177,0.15685,0.16621,14825.679196,0
KEEP.V,D,20240323,000000,0.17021,0.19299,0.17021,0.19299,61234.471077,0
KEEP.V,D,20240324,000000,0.18733,0.18733,0.17869,0.18183,9714.667988344,0
KEEP.V,D,20240325,000000,0.18318,0.18985,0.18003,0.18503,41520.125739291994,0
KEEP.V,D,20240326,000000,0.1898,0.2599,0.18526,0.24699,369214.31902142,0
KEEP.V,D,20240327,000000,0.24966,0.31144,0.24966,0.26471,390446.6235224009,0
KEEP.V,D,20240328,000000,0.26875,0.26875,0.24243,0.2493,56222.81231705522,0
KEEP.V,D,20240329,000000,0.24933,0.24933,0.22966,0.22966,19253.81906069,0
KEEP.V,D,20240330,000000,0.23029,0.25499,0.23029,0.24592,49754.4287029,0
KEEP.V,D,20240331,000000,0.23816,0.27331,0.23816,0.2383,138078.71031999998,0
KEEP.V,D,20240401,000000,0.23865,0.26,0.2339,0.2339,37795.85311819999,0
KEEP.V,D,20240402,000000,0.23555,0.23555,0.211,0.21201,19311.438705122,0
KEEP.V,D,20240403,000000,0.21101,0.21576,0.2,0.2045,97399.44355967999,0
KEEP.V,D,20240404,000000,0.2005,0.21886,0.19577,0.215,202193.18978707417,0
KEEP.V,D,20240405,000000,0.215,0.21678,0.206,0.212,116645.43524999997,0
KEEP.V,D,20240406,000000,0.212,0.21417,0.211,0.211,81665.23391,0
KEEP.V,D,20240407,000000,0.21288,0.21896,0.21288,0.21896,6261.707191999999,0
KEEP.V,D,20240408,000000,0.2239,0.22463,0.21707,0.22463,48324.577022000005,0
KEEP.V,D,20240409,000000,0.22485,0.24999,0.22485,0.22894,23031.213175822,0
KEEP.V,D,20240410,000000,0.2316,0.23424,0.21634,0.22199,5530.644371430001,0
KEEP.V,D,20240411,000000,0.21647,0.22485,0.21647,0.219,31451.835275000005,0
KEEP.V,D,20240412,000000,0.21332,0.21579,0.1841,0.19052,22140.09764715,0
KEEP.V,D,20240413,000000,0.18419,0.18419,0.14885,0.14885,12656.5750903106,0
KEEP.V,D,20240414,000000,0.15543,0.15829,0.15089,0.15829,524.6281309999999,0
KEEP.V,D,20240415,000000,0.16235,0.16235,0.15937,0.15937,300.00105341,0
KEEP.V,D,20240416,000000,0.15878,0.15878,0.15311,0.15311,2987.550917963,0
KEEP.V,D,20240417,000000,0.1614,0.16416,0.15391,0.15391,8592.716285375998,0
KEEP.V,D,20240418,000000,0.16146,0.16146,0.1515,0.15216,711.25972,0
KEEP.V,D,20240419,000000,0.15,0.16419,0.15,0.160259,2317.504836296,0
KEEP.V,D,20240420,000000,0.16306,0.18468,0.16306,0.18046,9895.917128758101,0
KEEP.V,D,20240421,000000,0.16994,0.18497,0.16994,0.18408,10396.0781671196,0
KEEP.V,D,20240422,000000,0.18192,0.18199,0.175,0.18184,25665.036572,0
KEEP.V,D,20240423,000000,0.18265,0.18265,0.18265,0.18265,0,0
KEEP.V,D,20240424,000000,0.17866,0.17866,0.17213,0.17213,694.0735077170001,0
KEEP.V,D,20240425,000000,0.164861,0.16683,0.16202,0.16683,3322.9861589599996,0
KEEP.V,D,20240426,000000,0.169,0.16915,0.16544,0.166449,11393.3568388738,0
KEEP.V,D,20240427,000000,0.165,0.1803,0.15872,0.17475,11465.015284269999,0
KEEP.V,D,20240428,000000,0.17852,0.20257,0.17852,0.18579,92136.4137643416,0
KEEP.V,D,20240429,000000,0.1776,0.1776,0.1676,0.17392,9395.471731999996,0
KEEP.V,D,20240430,000000,0.15906,0.15919,0.15412,0.15412,1137.098863878,0
KEEP.V,D,20240501,000000,0.15971,0.16671,0.15459,0.15814,13547.90021053,0
KEEP.V,D,20240502,000000,0.16585,0.172,0.1625,0.16826,12802.309783589993,0
KEEP.V,D,20240503,000000,0.16999,0.17763,0.16848,0.17427,6627.033219999999,0
KEEP.V,D,20240504,000000,0.16757,0.17498,0.16634,0.17498,18354.318107424402,0
KEEP.V,D,20240505,000000,0.17934,0.17977,0.17934,0.17977,1058.1529,0
KEEP.V,D,20240506,000000,0.18524,0.18524,0.17602,0.17602,49742.671757000004,0
KEEP.V,D,20240507,000000,0.18124,0.18124,0.17423,0.17423,686.016494,0
KEEP.V,D,20240508,000000,0.170048,0.17178,0.1657,0.17178,8576.749740000001,0
KEEP.V,D,20240509,000000,0.1684,0.17422,0.1684,0.17163,1158.5947139999998,0
KEEP.V,D,20240510,000000,0.17451,0.18889,0.168644,0.169548,30555.282649060206,0
KEEP.V,D,20240511,000000,0.16742,0.17094,0.16742,0.17094,1119.957639,0
KEEP.V,D,20240512,000000,0.17187,0.1835,0.17114,0.17263,33386.157659389995,0
KEEP.V,D,20240513,000000,0.17347,0.17402,0.16896,0.16896,889.47869,0
KEEP.V,D,20240514,000000,0.16965,0.16965,0.16801,0.16801,65.3942877484,0
KEEP.V,D,20240515,000000,0.1672,0.173008,0.1672,0.16964,17786.912776793,0
KEEP.V,D,20240516,000000,0.17456,0.17721,0.17456,0.17721,373.51994,0
KEEP.V,D,20240517,000000,0.17528,0.17756,0.17528,0.17756,545.4952392,0
KEEP.V,D,20240518,000000,0.18234,0.18234,0.17785,0.17785,0.004280899,0
KEEP.V,D,20240519,000000,0.17352,0.17517,0.17352,0.17517,468.71114,0
KEEP.V,D,20240520,000000,0.17262,0.18444,0.17262,0.18444,2529.959668,0
KEEP.V,D,20240521,000000,0.181,0.18866,0.18088,0.18633,3436.0496739000005,0
KEEP.V,D,20240522,000000,0.18235,0.18478,0.18132,0.184,766.0199882616,0
KEEP.V,D,20240523,000000,0.1843,0.1843,0.17779,0.17779,648.24237,0
KEEP.V,D,20240524,000000,0.17379,0.17751,0.17379,0.17751,373.81016999999997,0
KEEP.V,D,20240526,000000,0.18336,0.185707,0.18336,0.185707,443.21236865990005,0
KEEP.V,D,20240527,000000,0.17721,0.18532,0.17721,0.17879,3374.152057986,0
KEEP.V,D,20240528,000000,0.17886,0.17886,0.17217,0.17217,30517.887481699996,0
KEEP.V,D,20240529,000000,0.17233,0.17478,0.171,0.171,2048.759977158,0
KEEP.V,D,20240530,000000,0.1703,0.1703,0.1703,0.1703,0.00535695,0
KEEP.V,D,20240531,000000,0.16993,0.17002,0.16801,0.16801,4653.16831,0
KEEP.V,D,20240601,000000,0.1718,0.17242,0.16404,0.16404,35.61723,0
KEEP.V,D,20240602,000000,0.16687,0.16871,0.1652,0.1652,1743.324914,0
KEEP.V,D,20240603,000000,0.17049,0.17049,0.16601,0.16601,2616.8537917756,0
KEEP.V,D,20240604,000000,0.16839,0.16839,0.16627,0.16627,110.556603,0
KEEP.V,D,20240605,000000,0.16505,0.17361,0.16505,0.16999,641.923367753,0
KEEP.V,D,20240606,000000,0.16656,0.17035,0.16656,0.17035,2385.1258088197,0
KEEP.V,D,20240607,000000,0.17035,0.17094,0.15501,0.15501,17912.050064255,0
KEEP.V,D,20240608,000000,0.15783,0.15783,0.15,0.15004,20947.7414083549,0
KEEP.V,D,20240609,000000,0.14701,0.15187,0.14627,0.147,17273.290988542,0
KEEP.V,D,20240610,000000,0.14776,0.14776,0.14776,0.14776,0,0
KEEP.V,D,20240611,000000,0.15245,0.15245,0.14325,0.15173,485.01169999999996,0
KEEP.V,D,20240612,000000,0.1521,0.1521,0.1521,0.1521,0,0
KEEP.V,D,20240613,000000,0.14947,0.14947,0.14048,0.14048,963.3430923169999,0
KEEP.V,D,20240614,000000,0.13448,0.13448,0.13421,0.13421,208.292590802,0
KEEP.V,D,20240615,000000,0.13065,0.13264,0.13065,0.13264,666.8308,0
KEEP.V,D,20240616,000000,0.13815,0.13815,0.13046,0.13046,2350.5313,0
KEEP.V,D,20240617,000000,0.11974,0.11974,0.11738,0.11738,896.89374,0
KEEP.V,D,20240618,000000,0.11,0.11,0.10551,0.10565,2399.88138,0
KEEP.V,D,20240619,000000,0.10901,0.13189,0.10901,0.11001,13362.730769902,0
KEEP.V,D,20240620,000000,0.11292,0.11573,0.10744,0.11235,10405.31604998,0
KEEP.V,D,20240622,000000,0.11485,0.11485,0.10773,0.10773,1424.2413012432999,0
KEEP.V,D,20240624,000000,0.10609,0.10609,0.106,0.106,14466.611154960001,0
KEEP.V,D,20240625,000000,0.10553,0.1123,0.10553,0.1123,3901.231873,0
KEEP.V,D,20240626,000000,0.11404,0.11404,0.11402,0.11402,191.95579,0
KEEP.V,D,20240627,000000,0.11054,0.11054,0.10806,0.10806,7155.08561,0
KEEP.V,D,20240628,000000,0.11066,0.11274,0.10806,0.10806,661.8287399999999,0
KEEP.V,D,20240629,000000,0.10927,0.10938,0.10927,0.10938,821.753618,0
KEEP.V,D,20240630,000000,0.10778,0.11487,0.10778,0.11317,2534.10024,0
KEEP.V,D,20240701,000000,0.11093,0.11093,0.11093,0.11093,50,0
KEEP.V,D,20240702,000000,0.11,0.11,0.10605,0.10605,17285.129080000002,0
KEEP.V,D,20240703,000000,0.10559,0.106438,0.1055,0.1055,9794.286073919999,0
KEEP.V,D,20240704,000000,0.101,0.101,0.101,0.101,16384.448,0
KEEP.V,D,20240705,000000,0.09003,0.09198,0.08703,0.09198,9729.547470755,0
KEEP.V,D,20240706,000000,0.09528,0.09528,0.09528,0.09528,15.68235,0
KEEP.V,D,20240707,000000,0.0968967,0.0968967,0.09633,0.09633,547.68888,0
KEEP.V,D,20240708,000000,0.09113,0.09348,0.08893,0.08893,171.642845,0
KEEP.V,D,20240709,000000,0.0925,0.09557,0.0925,0.09557,2698.43521565,0
KEEP.V,D,20240710,000000,0.096,0.097,0.096,0.097,1466.38632,0
KEEP.V,D,20240711,000000,0.09788,0.09788,0.09398,0.09722,7083.985057,0
KEEP.V,D,20240712,000000,0.09465,0.09465,0.09465,0.09465,3579.1091,0
KEEP.V,D,20240713,000000,0.09662,0.09742,0.09662,0.09742,1442.5223,0
KEEP.V,D,20240714,000000,0.0964,0.10424,0.0964,0.10424,21232.9172,0
KEEP.V,D,20240716,000000,0.10919,0.10987,0.10709,0.10987,450.645588,0
KEEP.V,D,20240717,000000,0.1079,0.1079,0.1079,0.1079,0,0
KEEP.V,D,20240718,000000,0.11476,0.11476,0.11116,0.11116,5589.09342,0
KEEP.V,D,20240719,000000,0.1147,0.11586,0.11204,0.11204,260.07843460000004,0
KEEP.V,D,20240720,000000,0.11486,0.11848,0.113739,0.11633,2551.61871018,0
KEEP.V,D,20240721,000000,0.11658,0.11658,0.11036,0.11631,1158.35639,0
KEEP.V,D,20240722,000000,0.11838,0.11873,0.11832,0.11873,168.69,0
KEEP.V,D,20240723,000000,0.11,0.11203,0.11,0.11203,290.6843,0
KEEP.V,D,20240724,000000,0.11371,0.11371,0.10832,0.11371,311.70671400000003,0
KEEP.V,D,20240725,000000,0.10373,0.10373,0.10373,0.10373,0.002097833,0
KEEP.V,D,20240726,000000,0.1092,0.11415,0.10548,0.11414,4647.03456,0
KEEP.V,D,20240727,000000,0.11202,0.13488,0.11202,0.12688,57721.34992067,0
KEEP.V,D,20240728,000000,0.1205,0.12246,0.11626,0.12246,7041.850834,0
KEEP.V,D,20240729,000000,0.11565,0.11844,0.1133,0.1133,2330.46884,0
KEEP.V,D,20240730,000000,0.11292,0.11292,0.11292,0.11292,299.6141,0
KEEP.V,D,20240731,000000,0.11924,0.11924,0.11037,0.11037,3580.27864,0
KEEP.V,D,20240801,000000,0.11067,0.11067,0.10873,0.10873,8224.988942,0
KEEP.V,D,20240802,000000,0.10505,0.10505,0.09818,0.09818,3014.93134,0
KEEP.V,D,20240804,000000,0.0980031,0.0980031,0.09534,0.09534,288.53925000000004,0
KEEP.V,D,20240805,000000,0.09132,0.09132,0.07348,0.08089,40839.57826724,0
KEEP.V,D,20240806,000000,0.0869,0.09098,0.08217,0.08751,18296.680518407,0
KEEP.V,D,20240807,000000,0.0879,0.0879,0.0879,0.0879,243.04657,0
KEEP.V,D,20240808,000000,0.09052,0.09052,0.09052,0.09052,168.01385,0
KEEP.V,D,20240809,000000,0.09266,0.09266,0.09266,0.09266,0,0
KEEP.V,D,20240810,000000,0.09525,0.11199,0.09525,0.11199,413.98856,0
KEEP.V,D,20240811,000000,0.11003,0.14194,0.10921,0.12845,7865.770856771001,0
KEEP.V,D,20240812,000000,0.11896,0.12275,0.11519,0.11519,23803.849279556,0
KEEP.V,D,20240813,000000,0.11001,0.11351,0.11001,0.11064,1162.6128840000001,0
KEEP.V,D,20240814,000000,0.1083,0.1083,0.108,0.108,2304.51302,0
KEEP.V,D,20240815,000000,0.11221,0.12197,0.10155,0.10535,21523.990464924198,0
KEEP.V,D,20240816,000000,0.10811,0.11106,0.10599,0.10947,23100.9796001939,0
KEEP.V,D,20240817,000000,0.11447,0.11453,0.10528,0.10528,8850.17106263,0
KEEP.V,D,20240818,000000,0.10937,0.11042,0.1069,0.10937,3498.73748266,0
KEEP.V,D,20240819,000000,0.10565,0.10636,0.10565,0.10636,1639.95692,0
KEEP.V,D,20240820,000000,0.10905,0.11179,0.10905,0.11179,1417.6077850000001,0
KEEP.V,D,20240821,000000,0.10943,0.11333,0.10917,0.11333,2530.89384,0
KEEP.V,D,20240822,000000,0.10918,0.1108,0.107,0.1108,1722.0564934709998,0
KEEP.V,D,20240823,000000,0.11277,0.11875,0.11277,0.11875,1677.87046,0
KEEP.V,D,20240824,000000,0.11863,0.1225,0.11857,0.120599,3618.627476619001,0
KEEP.V,D,20240825,000000,0.11856,0.11856,0.11344,0.11551,2363.9261384751,0
KEEP.V,D,20240826,000000,0.11181,0.11183,0.11097,0.11097,9793.765905530001,0
KEEP.V,D,20240827,000000,0.1107,0.1107,0.1107,0.1107,3016.8655,0
KEEP.V,D,20240828,000000,0.10342,0.10342,0.10154,0.10154,2254.0431,0
KEEP.V,D,20240829,000000,0.10214,0.10261,0.10154,0.10261,2211.2031159098,0
KEEP.V,D,20240831,000000,0.1051,0.1051,0.10463,0.10463,7586.94654,0
KEEP.V,D,20240901,000000,0.10314,0.10314,0.10314,0.10314,157.83299,0
KEEP.V,D,20240902,000000,0.09878,0.10251,0.09878,0.10251,138.976325756,0
KEEP.V,D,20240903,000000,0.10283,0.10283,0.10271,0.10271,2038.4957599999998,0
KEEP.V,D,20240904,000000,0.09888,0.09995,0.09733,0.09995,2028.3132590000002,0
KEEP.V,D,20240905,000000,0.09641,0.09641,0.09641,0.09641,0,0
KEEP.V,D,20240908,000000,0.09393,0.0957,0.09393,0.0957,363.90916,0
KEEP.V,D,20240909,000000,0.09726,0.0993,0.09726,0.0993,12676.74699,0
KEEP.V,D,20240910,000000,0.10081,0.10394,0.10081,0.10394,1125.92684,0
KEEP.V,D,20240911,000000,0.10149,0.10467,0.09919,0.09919,14836.472652035,0
KEEP.V,D,20240912,000000,0.10321,0.10321,0.0984,0.09854,2568.01712,0
KEEP.V,D,20240913,000000,0.09854,0.10253,0.09854,0.10005,217.83156000000002,0
KEEP.V,D,20240916,000000,0.10738,0.10738,0.10738,0.10738,0.0007676119,0
KEEP.V,D,20240917,000000,0.10245,0.106794,0.10233,0.106794,96.818600015,0
KEEP.V,D,20240918,000000,0.10275,0.10275,0.10275,0.10275,0,0
KEEP.V,D,20240919,000000,0.10124,0.10925,0.0987,0.10925,7180.689425120001,0
KEEP.V,D,20240921,000000,0.1189,0.1189,0.1189,0.1189,59.383572,0
KEEP.V,D,20240922,000000,0.12188,0.12188,0.12188,0.12188,0,0
KEEP.V,D,20240923,000000,0.1186,0.1186,0.1186,0.1186,2953.6724,0
KEEP.V,D,20240925,000000,0.11694,0.1231,0.11694,0.1231,40081.32526,0
KEEP.V,D,20240926,000000,0.12647,0.12647,0.1231,0.12591,1462.199676915,0
KEEP.V,D,20240927,000000,0.12967,0.12967,0.11854,0.122,2103.209437943,0
KEEP.V,D,20240928,000000,0.11738,0.11738,0.11738,0.11738,0,0
KEEP.V,D,20240929,000000,0.119705,0.119705,0.119705,0.119705,0,0
KEEP.V,D,20240930,000000,0.12232,0.131,0.12232,0.131,6397.69997,0
KEEP.V,D,20241001,000000,0.13064,0.14185,0.11811,0.11811,17942.753300009997,0
KEEP.V,D,20241002,000000,0.110842,0.110842,0.10904,0.10904,58.477669,0
KEEP.V,D,20241003,000000,0.10907,0.10907,0.10907,0.10907,70.252163,0
KEEP.V,D,20241005,000000,0.10916,0.10916,0.10916,0.10916,0,0
KEEP.V,D,20241006,000000,0.11793,0.11793,0.10839,0.10839,1146.15006,0
KEEP.V,D,20241007,000000,0.11842,0.11842,0.11842,0.11842,0,0
KEEP.V,D,20241008,000000,0.11241,0.11241,0.11167,0.11167,195.02601809,0
KEEP.V,D,20241009,000000,0.10882,0.10882,0.10882,0.10882,0.005602225,0
KEEP.V,D,20241011,000000,0.11317,0.11317,0.11317,0.11317,1506.0526,0
KEEP.V,D,20241012,000000,0.11358,0.1149,0.10683,0.1149,890.49380711,0
KEEP.V,D,20241013,000000,0.11318,0.1132,0.11317,0.1132,5742.6371,0
KEEP.V,D,20241014,000000,0.10755,0.11677,0.10723,0.10723,874.6875215678999,0
KEEP.V,D,20241015,000000,0.11467,0.11505,0.11221,0.11487,3015.9097492,0
KEEP.V,D,20241016,000000,0.11306,0.11364,0.11306,0.11364,1631.9298,0
KEEP.V,D,20241017,000000,0.11283,0.114863,0.11283,0.114863,0.004420754,0
KEEP.V,D,20241018,000000,0.11582,0.11835,0.11581,0.11581,427.655578,0
KEEP.V,D,20241019,000000,0.118939,0.11937,0.1102,0.1102,3877.971656031,0
KEEP.V,D,20241020,000000,0.113484,0.11812,0.113484,0.11812,2098.2831400399996,0
KEEP.V,D,20241021,000000,0.11865,0.12303,0.11428,0.12121,15786.938730177006,0
KEEP.V,D,20241022,000000,0.11875,0.11875,0.11704,0.11704,895.7241799999999,0
KEEP.V,D,20241023,000000,0.11361,0.11361,0.11311,0.11311,271.51656142,0
KEEP.V,D,20241024,000000,0.10862,0.10862,0.10862,0.10862,177.29502,0
KEEP.V,D,20241025,000000,0.10613,0.10615,0.10613,0.10615,98.75613100000001,0
KEEP.V,D,20241026,000000,0.10751,0.10751,0.10673,0.10673,2594.82677,0
KEEP.V,D,20241028,000000,0.10612,0.11399,0.10612,0.10728,16222.3397976,0
KEEP.V,D,20241029,000000,0.10762,0.10771,0.10762,0.10771,123.8803,0
KEEP.V,D,20241030,000000,0.10819,0.10819,0.10306,0.10751,592.05759183,0
KEEP.V,D,20241031,000000,0.10266,0.10266,0.10202,0.10202,65,0
KEEP.V,D,20241101,000000,0.10201,0.10994,0.102,0.102,2564.90566,0
KEEP.V,D,20241102,000000,0.10327,0.10393,0.0922,0.09645,4456.00561,0
KEEP.V,D,20241103,000000,0.09226,0.09624,0.09222,0.09222,602.779865355,0
KEEP.V,D,20241104,000000,0.09558,0.09558,0.09231,0.09231,137.01346863,0
KEEP.V,D,20241105,000000,0.09004,0.09697,0.09004,0.09697,2049.078991,0
KEEP.V,D,20241106,000000,0.0922,0.10338,0.09211,0.09907,9974.142960062,0
KEEP.V,D,20241107,000000,0.10238,0.10584,0.09951,0.10126,9958.87363,0
KEEP.V,D,20241108,000000,0.10158,0.10158,0.10087,0.10087,549.0784600000001,0
KEEP.V,D,20241109,000000,0.10383,0.10673,0.10371,0.10371,588.373927,0
KEEP.V,D,20241110,000000,0.10656,0.11724,0.10651,0.109371,7121.1905246984015,0
KEEP.V,D,20241111,000000,0.1132,0.11641,0.10978,0.11641,5467.43777687,0
KEEP.V,D,20241112,000000,0.12248,0.12851,0.11584,0.11994,3810.677853,0
KEEP.V,D,20241113,000000,0.12018,0.12018,0.12018,0.12018,737.68512,0
KEEP.V,D,20241114,000000,0.11393,0.1198,0.10889,0.11198,3391.40156577,0
KEEP.V,D,20241115,000000,0.102,0.13329,0.102,0.13329,10994.288546,0
KEEP.V,D,20241116,000000,0.1147,0.12184,0.11374,0.12184,8323.84665,0
KEEP.V,D,20241117,000000,0.126,0.13397,0.12149,0.12447,3594.6540580000005,0
KEEP.V,D,20241118,000000,0.125,0.12635,0.125,0.12635,319.38632,0
KEEP.V,D,20241119,000000,0.13176,0.16299,0.12814,0.1455,13079.617255000001,0
KEEP.V,D,20241120,000000,0.1344,0.13448,0.13005,0.13201,1336.607979,0
KEEP.V,D,20241121,000000,0.13218,0.13218,0.1237,0.1277,581.538945,0
KEEP.V,D,20241122,000000,0.13199,0.13199,0.12405,0.12405,15467.997309999999,0
KEEP.V,D,20241123,000000,0.13,0.13356,0.13,0.13356,309.28279000000003,0
KEEP.V,D,20241124,000000,0.13836,0.15761,0.13836,0.1475,11487.183238,0
KEEP.V,D,20241125,000000,0.1475,0.15188,0.13591,0.14588,20798.030633000002,0
KEEP.V,D,20241126,000000,0.14698,0.15236,0.13437,0.1515,9777.097198299998,0
KEEP.V,D,20241127,000000,0.15458,0.16131,0.15458,0.16083,4103.1969649,0
KEEP.V,D,20241128,000000,0.15547,0.1626,0.1524,0.1524,3966.32196747,0
KEEP.V,D,20241129,000000,0.147,0.15523,0.147,0.15012,2693.2971129999996,0
KEEP.V,D,20241130,000000,0.1583,0.16055,0.15819,0.16055,2414.1792530000002,0
KEEP.V,D,20241201,000000,0.16184,0.17229,0.15891,0.16571,10997.798169,0
KEEP.V,D,20241202,000000,0.17071,0.17071,0.15072,0.15613,2980.79579,0
KEEP.V,D,20241203,000000,0.15713,0.16995,0.15713,0.16942,15977.116406500001,0
KEEP.V,D,20241204,000000,0.17471,0.18731,0.1672,0.18022,4643.941448,0
KEEP.V,D,20241205,000000,0.18982,0.18982,0.17783,0.18151,3253.3185545700003,0
KEEP.V,D,20241206,000000,0.18134,0.18542,0.17623,0.17623,5190.728991000001,0
KEEP.V,D,20241207,000000,0.18497,0.20314,0.18497,0.19801,6931.629200750001,0
KEEP.V,D,20241208,000000,0.19866,0.19866,0.19866,0.19866,517.81687,0
KEEP.V,D,20241209,000000,0.18387,0.18387,0.1475,0.1475,8662.27903,0
KEEP.V,D,20241210,000000,0.15406,0.15411,0.1319,0.13386,6164.600241,0
KEEP.V,D,20241211,000000,0.1432,0.159,0.1432,0.15117,4965.161086450001,0
KEEP.V,D,20241212,000000,0.15741,0.15894,0.15123,0.15689,4208.207469999999,0
KEEP.V,D,20241213,000000,0.16435,0.16435,0.15745,0.15745,950.41044616,0
KEEP.V,D,20241214,000000,0.15868,0.15868,0.14779,0.14782,1217.184814,0
KEEP.V,D,20241215,000000,0.15452,0.15452,0.15449,0.15449,311.232889,0
KEEP.V,D,20241216,000000,0.1526,0.15858,0.1526,0.15858,398.30120999999997,0
KEEP.V,D,20241217,000000,0.15142,0.15142,0.15142,0.15142,1789.6819,0
KEEP.V,D,20241218,000000,0.1503,0.1503,0.1467,0.1467,250.04439000000002,0
KEEP.V,D,20241219,000000,0.1415,0.14152,0.13302,0.13304,3380.1370068400006,0
KEEP.V,D,20241220,000000,0.13332,0.13364,0.115,0.13364,15160.092439999999,0
KEEP.V,D,20241221,000000,0.1408,0.1408,0.13101,0.13101,486.007124,0
KEEP.V,D,20241222,000000,0.13899,0.13899,0.13115,0.13115,130.24688,0
KEEP.V,D,20241223,000000,0.1314,0.13233,0.13082,0.13082,4340.704281,0
KEEP.V,D,20241224,000000,0.14254,0.14498,0.13627,0.14498,3297.5007754400003,0
KEEP.V,D,20241226,000000,0.13688,0.13694,0.13001,0.13001,569.774037,0
KEEP.V,D,20241227,000000,0.124,0.13141,0.124,0.13141,1385.44482,0
KEEP.V,D,20241228,000000,0.13198,0.13437,0.13023,0.13023,885.522714,0
KEEP.V,D,20241229,000000,0.12372,0.12372,0.12372,0.12372,187.27381,0
KEEP.V,D,20241230,000000,0.13142,0.13402,0.13023,0.13402,2917.8762699999997,0
KEEP.V,D,20241231,000000,0.1297,0.1297,0.12365,0.12365,615.674,0
KEEP.V,D,20250101,000000,0.13,0.13124,0.13,0.13124,2797.71285,0
KEEP.V,D,20250102,000000,0.13015,0.1316,0.13015,0.1316,1804.5680900000002,0
KEEP.V,D,20250103,000000,0.12517,0.13385,0.12337,0.13385,1561.9423,0
KEEP.V,D,20250104,000000,0.13795,0.14588,0.13795,0.14349,735.59795,0
KEEP.V,D,20250105,000000,0.14461,0.14461,0.14266,0.14266,720.949934,0
KEEP.V,D,20250106,000000,0.14463,0.14699,0.14463,0.14699,2230.6399890000002,0
KEEP.V,D,20250107,000000,0.14839,0.14899,0.13305,0.13305,4118.694167,0
KEEP.V,D,20250108,000000,0.12963,0.12963,0.12963,0.12963,138.85674,0
KEEP.V,D,20250109,000000,0.13579,0.13999,0.13235,0.13235,820.1845979999999,0
KEEP.V,D,20250110,000000,0.14183,0.15103,0.14069,0.145,11379.282510000001,0
KEEP.V,D,20250111,000000,0.14536,0.14536,0.14536,0.14536,0,0
KEEP.V,D,20250112,000000,0.14837,0.14837,0.13981,0.14318,12215.476807,0
KEEP.V,D,20250113,000000,0.14469,0.14469,0.12829,0.13211,28430.973072470002,0
KEEP.V,D,20250114,000000,0.13722,0.13722,0.13128,0.1362,3100.433158,0
KEEP.V,D,20250115,000000,0.13787,0.14041,0.13471,0.13891,5737.658619999999,0
KEEP.V,D,20250116,000000,0.13978,0.14213,0.13978,0.14213,1251.5949,0
KEEP.V,D,20250117,000000,0.14058,0.14369,0.13803,0.14369,11351.135900000001,0
KEEP.V,D,20250118,000000,0.1389,0.1389,0.13641,0.13641,869.76361,0
KEEP.V,D,20250119,000000,0.13392,0.13454,0.12987,0.12987,4037.425995,0
KEEP.V,D,20250120,000000,0.12557,0.13292,0.12307,0.1235,6099.139234,0
KEEP.V,D,20250121,000000,0.12344,0.12504,0.12344,0.12504,796.1537410000001,0
KEEP.V,D,20250122,000000,0.12522,0.12522,0.1252,0.1252,1657.61078,0
KEEP.V,D,20250123,000000,0.12293,0.12293,0.119,0.119,946.694629,0
KEEP.V,D,20250126,000000,0.1258,0.1258,0.1258,0.1258,122.33099,0
KEEP.V,D,20250127,000000,0.11489,0.11831,0.11489,0.11831,3064.09946,0
KEEP.V,D,20250128,000000,0.12907,0.13146,0.11351,0.11351,12265.5604,0
KEEP.V,D,20250129,000000,0.11135,0.11699,0.11135,0.11699,485.174819,0
KEEP.V,D,20250130,000000,0.11539,0.11539,0.11539,0.11539,0,0
KEEP.V,D,20250131,000000,0.11933,0.11933,0.11933,0.11933,0,0
KEEP.V,D,20250202,000000,0.11116,0.11116,0.10409,0.11046,2459.8197,0
KEEP.V,D,20250203,000000,0.1035,0.11124,0.10144,0.11124,13941.137487999998,0
KEEP.V,D,20250204,000000,0.1072,0.1072,0.10503,0.10503,2507.51517,0
KEEP.V,D,20250205,000000,0.09905,0.1094,0.09905,0.1094,870.65893,0
KEEP.V,D,20250206,000000,0.10211,0.10211,0.10211,0.10211,0,0
KEEP.V,D,20250207,000000,0.10917,0.10917,0.09215,0.09215,696.78443,0
KEEP.V,D,20250208,000000,0.10485,0.10485,0.10485,0.10485,0,0
KEEP.V,D,20250209,000000,0.10274,0.10274,0.10274,0.10274,0,0
KEEP.V,D,20250210,000000,0.10188,0.10188,0.10188,0.10188,0,0
KEEP.V,D,20250211,000000,0.10598,0.10736,0.10554,0.10554,272.85568,0
KEEP.V,D,20250212,000000,0.1023,0.1023,0.1023,0.1023,0,0
KEEP.V,D,20250213,000000,0.10085,0.10085,0.10085,0.10085,250.96422,0
KEEP.V,D,20250214,000000,0.10363,0.10363,0.09868,0.10208,577.75796,0
KEEP.V,D,20250215,000000,0.10368,0.10368,0.10368,0.10368,469.20663,0
