<TICKER>,<PER>,<DATE>,<TIME>,<OPEN>,<HIGH>,<LOW>,<CLOSE>,<VOL>,<OPENINT>
LDO.V,D,20220509,000000,2.26232,2.3333,1.80664,2.10158,639005.9391635011,0
LDO.V,D,20220510,000000,2.13836,2.35729,1.68949,1.86844,1415462.4325720621,0
LDO.V,D,20220511,000000,1.86026,2.01919,1.40649,1.55821,817972.3798859534,0
LDO.V,D,20220512,000000,1.50372,1.68324,1.21855,1.3824,369513.2136845711,0
LDO.V,D,20220513,000000,1.39608,1.79984,1.3532,1.49146,433017.2847351128,0
LDO.V,D,20220514,000000,1.48847,1.54952,1.32721,1.41887,383640.6865034843,0
LDO.V,D,20220515,000000,1.41801,1.53285,1.32887,1.42828,257196.85485615185,0
LDO.V,D,20220516,000000,1.43228,1.51818,1.34625,1.43713,236846.25208949912,0
LDO.V,D,20220517,000000,1.43713,1.55129,1.3812,1.50519,295000.22573684895,0
LDO.V,D,20220518,000000,1.50204,1.63204,1.37321,1.40817,157342.75205578664,0
LDO.V,D,20220519,000000,1.41202,1.4427,1.34852,1.40759,120224.37157389015,0
LDO.V,D,20220520,000000,1.41273,1.47423,1.31043,1.32541,115011.98116129504,0
LDO.V,D,20220521,000000,1.32541,1.34438,1.26523,1.28932,121221.98082697309,0
LDO.V,D,20220522,000000,1.28932,1.44797,1.26622,1.28645,255068.11714317312,0
LDO.V,D,20220523,000000,1.28645,1.37235,1.21678,1.25437,432226.11821750813,0
LDO.V,D,20220524,000000,1.2465,1.2465,1.05773,1.09058,616173.7616845309,0
LDO.V,D,20220525,000000,1.09047,1.12553,1.04885,1.0918,306832.2353391075,0
LDO.V,D,20220526,000000,1.09169,1.44441,0.93388,1.003,1627203.6911354552,0
LDO.V,D,20220527,000000,1.003,1.26873,0.95005,1.08591,2644970.491080426,0
LDO.V,D,20220528,000000,1.08676,1.14063,0.988,1.02979,1058908.2962775677,0
LDO.V,D,20220529,000000,1.02979,1.25662,1.01981,1.13475,1390390.2101022347,0
LDO.V,D,20220530,000000,1.13474,1.25265,1.13282,1.20915,374474.1608834796,0
LDO.V,D,20220531,000000,1.21403,1.23314,1.03717,1.07414,462708.779343724,0
LDO.V,D,20220601,000000,1.07414,1.09612,0.97902,1.02008,315434.6347356549,0
LDO.V,D,20220602,000000,1.01908,1.04106,1.0001,1.02108,281357.4059915743,0
LDO.V,D,20220603,000000,1.02208,1.05316,0.99505,1.00713,208221.99883190534,0
LDO.V,D,20220604,000000,1.01012,1.02117,0.99303,1.00623,1430935.1960229345,0
LDO.V,D,20220605,000000,1.00924,1.05102,1.00215,1.03702,988791.0063048335,0
LDO.V,D,20220606,000000,1.03702,1.10208,1.02903,1.09108,3614027.4976575198,0
LDO.V,D,20220607,000000,1.08409,1.0871,1.00514,1.06613,1366148.1933295785,0
LDO.V,D,20220608,000000,1.06914,1.08328,1.00126,1.01135,714599.0773579004,0
LDO.V,D,20220609,000000,1.01134,1.04616,0.99321,1.02114,2151573.4944131034,0
LDO.V,D,20220610,000000,1.02113,1.03509,0.99283,0.99773,8981920.416523432,0
LDO.V,D,20220611,000000,0.99973,1.00895,0.85791,0.85901,940739.857059482,0
LDO.V,D,20220612,000000,0.85903,0.85903,0.79101,0.814,287739.43190983986,0
LDO.V,D,20220613,000000,0.812,0.812,0.54999,0.61914,5322335.8984252,0
LDO.V,D,20220614,000000,0.61814,0.63304,0.56415,0.59828,7897893.0526538575,0
LDO.V,D,20220615,000000,0.59729,0.63126,0.51108,0.61913,3501458.98013154,0
LDO.V,D,20220616,000000,0.61707,0.694236,0.543402,0.559272,1223501.6173169797,0
LDO.V,D,20220617,000000,0.532264,0.573484,0.509332,0.549346,2357582.2403931557,0
LDO.V,D,20220618,000000,0.550339,0.67114,0.400403,0.433293,10238117.643848581,0
LDO.V,D,20220619,000000,0.434295,0.63224,0.43127,0.505393,4231872.377461576,0
LDO.V,D,20220620,000000,0.506392,0.547342,0.452411,0.506442,2439505.9029149273,0
LDO.V,D,20220621,000000,0.506392,0.784293,0.4994,0.537408,8652266.375158701,0
LDO.V,D,20220622,000000,0.537408,0.566932,0.485014,0.515284,2171501.5491695735,0
LDO.V,D,20220623,000000,0.515432,0.572227,0.509938,0.542857,1154487.6641956891,0
LDO.V,D,20220624,000000,0.542757,0.68952,0.542757,0.632406,4552559.66562667,0
LDO.V,D,20220625,000000,0.632606,0.726113,0.606593,0.64235,3408777.5540271415,0
LDO.V,D,20220626,000000,0.64225,0.677439,0.609928,0.637405,1353010.8131894986,0
LDO.V,D,20220627,000000,0.637817,0.638023,0.555239,0.571191,584556.1163159192,0
LDO.V,D,20220628,000000,0.570597,0.598455,0.52765,0.529847,856604.6132922416,0
LDO.V,D,20220629,000000,0.529842,0.539851,0.493009,0.508684,1336673.9959759219,0
LDO.V,D,20220630,000000,0.508489,0.518572,0.432394,0.439072,3894266.274592558,0
LDO.V,D,20220701,000000,0.439172,0.48971,0.434834,0.460493,905471.8681623134,0
LDO.V,D,20220702,000000,0.460493,0.589692,0.445565,0.461745,2896126.683388548,0
LDO.V,D,20220703,000000,0.464396,0.559272,0.460501,0.507639,1575394.1070686977,0
LDO.V,D,20220704,000000,0.511383,0.572213,0.472485,0.537854,2275879.514035476,0
LDO.V,D,20220705,000000,0.536855,0.680283,0.530563,0.56258,4603067.584298997,0
LDO.V,D,20220706,000000,0.56258,0.624749,0.548496,0.604834,951076.5810582972,0
LDO.V,D,20220707,000000,0.603835,0.740256,0.592448,0.675395,2924482.4619622906,0
LDO.V,D,20220708,000000,0.675295,0.879384,0.655841,0.740356,6398879.498694112,0
LDO.V,D,20220709,000000,0.739356,0.774435,0.676094,0.690585,1400841.8094378556,0
LDO.V,D,20220710,000000,0.690516,0.695582,0.620727,0.650909,899626.8685542999,0
LDO.V,D,20220711,000000,0.651909,0.653277,0.61251,0.635627,714821.0650465863,0
LDO.V,D,20220712,000000,0.63273,0.655344,0.583916,0.628471,644966.0255313135,0
LDO.V,D,20220713,000000,0.628396,0.952047,0.627353,0.864221,17329881.264167417,0
LDO.V,D,20220714,000000,0.869217,1.069037,0.758393,0.858485,6419720.911714704,0
LDO.V,D,20220715,000000,0.858385,1.314942,0.857685,1.162651,15297451.169602655,0
LDO.V,D,20220716,000000,1.160352,1.402819,1.043587,1.37519,5105021.755543261,0
LDO.V,D,20220717,000000,1.37383,1.86,1.35815,1.73505,15864178.92386181,0
LDO.V,D,20220718,000000,1.72705,1.80051,1.39394,1.40948,9795438.227267543,0
LDO.V,D,20220719,000000,1.41048,1.74081,1.40996,1.55515,4900084.335137197,0
LDO.V,D,20220720,000000,1.556,1.92003,1.40357,1.59378,11033354.78914042,0
LDO.V,D,20220721,000000,1.59268,1.65906,1.40044,1.61479,5295805.177735368,0
LDO.V,D,20220722,000000,1.6146,1.7214,1.47628,1.52644,5605361.385797033,0
LDO.V,D,20220723,000000,1.52644,1.73827,1.46357,1.51249,5656578.608233703,0
LDO.V,D,20220724,000000,1.51249,1.80018,1.49665,1.68012,5870464.582591462,0
LDO.V,D,20220725,000000,1.68102,1.72753,1.50042,1.58533,3890070.2872810173,0
LDO.V,D,20220726,000000,1.58513,1.58513,1.28804,1.40151,5485907.3251576265,0
LDO.V,D,20220727,000000,1.3986,1.96691,1.39019,1.85555,10896913.413408471,0
LDO.V,D,20220728,000000,1.85184,2.66243,1.82426,2.29136,26323587.215462234,0
LDO.V,D,20220729,000000,2.28388,2.49472,2.05858,2.28654,16733988.46970428,0
LDO.V,D,20220730,000000,2.28254,2.58771,2.20062,2.37011,9621429.933511939,0
LDO.V,D,20220731,000000,2.37121,2.41808,2.24108,2.25752,3811094.9900750597,0
LDO.V,D,20220801,000000,2.25808,2.28876,2.00236,2.03581,5322917.699691132,0
LDO.V,D,20220802,000000,2.03551,2.47157,1.84887,2.3375,9769691.781691894,0
LDO.V,D,20220803,000000,2.339,2.79324,2.15656,2.69697,12604619.931683011,0
LDO.V,D,20220804,000000,2.69602,2.85494,2.35664,2.36839,8967470.26065155,0
LDO.V,D,20220805,000000,2.36909,2.77853,2.36507,2.54948,5898999.433156119,0
LDO.V,D,20220806,000000,2.55651,2.70138,2.51345,2.64058,3896087.6459418237,0
LDO.V,D,20220807,000000,2.64061,2.68464,2.3744,2.50448,3058217.526519682,0
LDO.V,D,20220808,000000,2.50248,2.6355,2.37559,2.39631,4098453.36908389,0
LDO.V,D,20220809,000000,2.39729,2.41741,2.09048,2.26045,4691019.1421335405,0
LDO.V,D,20220810,000000,2.25745,2.69962,2.12762,2.65177,5251346.235816112,0
LDO.V,D,20220811,000000,2.65106,2.88186,2.61418,2.62123,8201900.3763871575,0
LDO.V,D,20220812,000000,2.62123,2.71625,2.48224,2.68821,4614642.870702496,0
LDO.V,D,20220813,000000,2.68724,3.10174,2.67607,2.91314,7147833.871935667,0
LDO.V,D,20220814,000000,2.90813,3.06717,2.66572,2.71184,3279744.3688907223,0
LDO.V,D,20220815,000000,2.70984,2.86177,2.5838,2.68364,6162868.1972355405,0
LDO.V,D,20220816,000000,2.68167,2.80353,2.54613,2.57823,2702905.710218073,0
LDO.V,D,20220817,000000,2.57723,2.79939,2.45995,2.49717,3867916.0244168397,0
LDO.V,D,20220818,000000,2.49617,2.5403,2.34426,2.35002,2384579.342046336,0
LDO.V,D,20220819,000000,2.34823,2.35124,1.999,2.0052,5270725.146972623,0
LDO.V,D,20220820,000000,2.0081,2.0081,1.73184,1.80498,6045396.646342686,0
LDO.V,D,20220821,000000,1.80096,2.33012,1.80096,2.18396,13085352.191251576,0
LDO.V,D,20220822,000000,2.17696,2.21516,1.86872,2.03365,9683411.975226492,0
LDO.V,D,20220823,000000,2.03569,2.26591,2.03569,2.12004,10122855.630596166,0
LDO.V,D,20220824,000000,2.12079,2.34814,2.054,2.2162,7771265.052813662,0
LDO.V,D,20220825,000000,2.22218,2.28273,1.98414,2.00906,9017779.211774131,0
LDO.V,D,20220826,000000,2.00902,2.08344,1.802,1.82518,3863103.489539999,0
LDO.V,D,20220827,000000,1.82218,1.82416,1.60106,1.60503,6056078.679926667,0
LDO.V,D,20220828,000000,1.60705,1.71503,1.58105,1.647,3638945.7965731164,0
LDO.V,D,20220829,000000,1.645,1.87502,1.55486,1.85713,6259356.046615159,0
LDO.V,D,20220830,000000,1.85719,1.93414,1.71419,1.81116,6944153.181192423,0
LDO.V,D,20220831,000000,1.81116,2.15913,1.77716,2.02498,9801819.039249757,0
LDO.V,D,20220901,000000,2.02298,2.16602,1.93883,2.11187,4079859.9605875635,0
LDO.V,D,20220902,000000,2.11287,2.28127,2.00902,2.16132,6086649.868485709,0
LDO.V,D,20220903,000000,2.16135,2.20429,1.978,2.011,3777751.7594383275,0
LDO.V,D,20220904,000000,2.008,2.039,1.939,2.021,1586674.6724619921,0
LDO.V,D,20220905,000000,2.02,2.091,1.913,1.989,4295609.939746579,0
LDO.V,D,20220906,000000,1.9902,2.24922,1.81682,1.893,6206921.818816173,0
LDO.V,D,20220907,000000,1.893,2.05037,1.78016,1.97314,5793089.97408095,0
LDO.V,D,20220908,000000,1.97414,1.98914,1.84817,1.86928,3071665.3143561888,0
LDO.V,D,20220909,000000,1.87126,2.12666,1.8602,2.0697,3240010.812824812,0
LDO.V,D,20220910,000000,2.06841,2.1486,1.9325,2.05639,3409192.858612811,0
LDO.V,D,20220911,000000,2.06439,2.14477,2.02379,2.03451,4881305.405135836,0
LDO.V,D,20220912,000000,2.03249,2.1234,1.96241,2.00736,3741305.0934972283,0
LDO.V,D,20220913,000000,2.0086,2.01636,1.77807,1.84802,5504994.33932434,0
LDO.V,D,20220914,000000,1.84802,1.888,1.65217,1.74844,4775331.269404492,0
LDO.V,D,20220915,000000,1.74744,2.21942,1.66945,1.74883,19454507.97124826,0
LDO.V,D,20220916,000000,1.74588,1.818,1.67083,1.80682,5650393.748299943,0
LDO.V,D,20220917,000000,1.80782,1.932,1.756,1.884,5710121.102440728,0
LDO.V,D,20220918,000000,1.88,1.925,1.70083,1.711,2880250.337456809,0
LDO.V,D,20220919,000000,1.706,1.82737,1.62584,1.82336,4719246.732476008,0
LDO.V,D,20220920,000000,1.82118,1.86237,1.76335,1.78318,3455811.9309127964,0
LDO.V,D,20220921,000000,1.778,1.951,1.74717,1.775,6053735.845127182,0
LDO.V,D,20220922,000000,1.776,1.928,1.72883,1.77182,5465875.002201659,0
LDO.V,D,20220923,000000,1.772,1.838,1.696,1.76882,3935319.772989374,0
LDO.V,D,20220924,000000,1.77286,1.78398,1.6752,1.68413,1396007.6262155182,0
LDO.V,D,20220925,000000,1.68317,1.72605,1.59898,1.607,1635109.8457049206,0
LDO.V,D,20220926,000000,1.606,1.65317,1.53815,1.601,2829954.5345894983,0
LDO.V,D,20220927,000000,1.6,1.731,1.568,1.58784,3573404.8681689226,0
LDO.V,D,20220928,000000,1.589,1.661,1.51985,1.629,2822361.8709287285,0
LDO.V,D,20220929,000000,1.629,1.648,1.553,1.58616,1500129.3886197365,0
LDO.V,D,20220930,000000,1.586,1.64816,1.55784,1.56,1473822.358402188,0
LDO.V,D,20221001,000000,1.55916,1.583,1.5,1.513,1563483.4067275387,0
LDO.V,D,20221002,000000,1.513,1.523,1.461,1.473,994124.8524507658,0
LDO.V,D,20221003,000000,1.473,1.55331,1.41514,1.53015,2564927.5614472907,0
LDO.V,D,20221004,000000,1.53115,1.62649,1.5143,1.56447,2848895.450585071,0
LDO.V,D,20221005,000000,1.56331,1.58147,1.494,1.5143,2866168.849847875,0
LDO.V,D,20221006,000000,1.5143,1.57825,1.48025,1.48325,2461463.177311817,0
LDO.V,D,20221007,000000,1.48125,1.50827,1.45603,1.49422,1040459.0856883801,0
LDO.V,D,20221008,000000,1.49419,1.4981,1.46715,1.46838,841518.2863898202,0
LDO.V,D,20221009,000000,1.46837,1.48515,1.44414,1.45529,694127.8038076677,0
LDO.V,D,20221010,000000,1.45429,1.46815,1.33187,1.33487,1961325.2011312738,0
LDO.V,D,20221011,000000,1.335,1.36286,1.262,1.32287,1468792.8531710268,0
LDO.V,D,20221012,000000,1.32188,1.33287,1.26295,1.27004,1188193.3498073022,0
LDO.V,D,20221013,000000,1.27005,1.27201,1.11391,1.26511,2730144.138450283,0
LDO.V,D,20221014,000000,1.2651,1.38408,1.25815,1.27603,4347170.858460215,0
LDO.V,D,20221015,000000,1.27704,1.38507,1.27601,1.33407,1822625.052551716,0
LDO.V,D,20221016,000000,1.334,1.36405,1.31303,1.33705,1043838.5684472015,0
LDO.V,D,20221017,000000,1.33507,1.55005,1.33007,1.51903,4176801.0050884164,0
LDO.V,D,20221018,000000,1.519,1.57908,1.44503,1.48306,4021556.4297724837,0
LDO.V,D,20221019,000000,1.48015,1.48803,1.383,1.413,2191345.3085038043,0
LDO.V,D,20221020,000000,1.413,1.51098,1.38314,1.4879,2448840.0977278776,0
LDO.V,D,20221021,000000,1.4859,1.55708,1.43788,1.54012,3334621.412649093,0
LDO.V,D,20221022,000000,1.54011,1.54812,1.49204,1.51514,1586070.3518073377,0
LDO.V,D,20221023,000000,1.51612,1.53103,1.438,1.49719,1475127.1612410995,0
LDO.V,D,20221024,000000,1.49719,1.5841,1.49719,1.52706,2246979.990106577,0
LDO.V,D,20221025,000000,1.52706,1.7006,1.48112,1.67454,3761886.793280054,0
LDO.V,D,20221026,000000,1.67555,1.75156,1.63046,1.69749,4187053.5580520295,0
LDO.V,D,20221027,000000,1.69749,1.73859,1.61698,1.6381,2410432.8599551334,0
LDO.V,D,20221028,000000,1.6371,1.70232,1.59311,1.69035,3047795.343948449,0
LDO.V,D,20221029,000000,1.6903,1.75955,1.6205,1.65038,2825236.426859453,0
LDO.V,D,20221030,000000,1.6484,1.67949,1.50929,1.55331,2760053.4553667656,0
LDO.V,D,20221031,000000,1.55333,1.574,1.49494,1.51888,2103567.604824502,0
LDO.V,D,20221101,000000,1.51891,1.5418,1.45971,1.48784,1284849.0488848025,0
LDO.V,D,20221102,000000,1.48885,1.549,1.44586,1.48591,1740715.4366064032,0
LDO.V,D,20221103,000000,1.48491,1.63,1.48393,1.61398,2887656.908508505,0
LDO.V,D,20221104,000000,1.60998,1.84698,1.593,1.76014,3770758.164783391,0
LDO.V,D,20221105,000000,1.75914,1.82405,1.69005,1.70809,3313661.86883311,0
LDO.V,D,20221106,000000,1.70007,1.70793,1.61703,1.62511,1624221.0374921423,0
LDO.V,D,20221107,000000,1.62213,1.73603,1.55409,1.64821,2931377.2652954604,0
LDO.V,D,20221108,000000,1.6525,1.711,1.2326,1.30992,7151027.131853318,0
LDO.V,D,20221109,000000,1.30891,1.32,0.89497,0.91278,5760620.814677099,0
LDO.V,D,20221110,000000,0.91045,1.30721,0.8909,1.21737,3245952.05256493,0
LDO.V,D,20221111,000000,1.21834,1.39783,1.11857,1.18,2658333.510262898,0
LDO.V,D,20221112,000000,1.18135,1.1927,1.06308,1.10002,2534289.9150819974,0
LDO.V,D,20221113,000000,1.10101,1.12497,1.03823,1.06451,811355.3288043177,0
LDO.V,D,20221114,000000,1.05951,1.13164,0.97553,1.11643,1005909.481158068,0
LDO.V,D,20221115,000000,1.11527,1.23876,1.11527,1.2008,945214.4722652443,0
LDO.V,D,20221116,000000,1.20353,1.26868,1.15482,1.21986,4415495.9356843885,0
LDO.V,D,20221117,000000,1.22086,1.26098,1.16306,1.24403,4046068.2189325746,0
LDO.V,D,20221118,000000,1.24502,1.29193,1.21858,1.22658,2437155.4416412334,0
LDO.V,D,20221119,000000,1.22659,1.23866,1.1677,1.19975,985742.2583141723,0
LDO.V,D,20221120,000000,1.20075,1.20473,1.09959,1.10831,964213.3227762296,0
LDO.V,D,20221121,000000,1.10733,1.11541,1.05074,1.09768,986275.8748063989,0
LDO.V,D,20221122,000000,1.09567,1.15475,1.04673,1.12156,1645552.3401020519,0
LDO.V,D,20221123,000000,1.12163,1.17566,1.10566,1.14774,1182907.9383786856,0
LDO.V,D,20221124,000000,1.14775,1.1858,1.12302,1.13606,929260.7845465977,0
LDO.V,D,20221125,000000,1.13503,1.14509,1.1062,1.10937,639847.3962487512,0
LDO.V,D,20221126,000000,1.10836,1.13229,1.08532,1.08537,744389.797818515,0
LDO.V,D,20221127,000000,1.08536,1.11031,1.07937,1.09432,331043.0076181702,0
LDO.V,D,20221128,000000,1.0933,1.09331,1.01443,1.07058,807156.5993520658,0
LDO.V,D,20221129,000000,1.07258,1.12641,1.06455,1.10159,1056458.901316075,0
LDO.V,D,20221130,000000,1.10559,1.15852,1.09664,1.13808,1194866.4645739126,0
LDO.V,D,20221201,000000,1.14003,1.14913,1.09112,1.10208,948766.0637703057,0
LDO.V,D,20221202,000000,1.10707,1.12212,1.07911,1.12007,1145807.327059217,0
LDO.V,D,20221203,000000,1.11907,1.12607,1.08833,1.09422,409263.56841620523,0
LDO.V,D,20221204,000000,1.09411,1.11834,1.08522,1.10622,429515.55925825104,0
LDO.V,D,20221205,000000,1.10822,1.14123,1.06301,1.07502,921086.0682481591,0
LDO.V,D,20221206,000000,1.07811,1.08602,1.05098,1.05398,461949.7163945168,0
LDO.V,D,20221207,000000,1.055,1.064,1.005,1.005,592795.6860541367,0
LDO.V,D,20221208,000000,1.007,1.05409,0.9992,1.04507,432269.4673656952,0
LDO.V,D,20221209,000000,1.04507,1.06101,1.02998,1.04103,789562.96947323,0
LDO.V,D,20221210,000000,1.04204,1.05,1.02199,1.02498,327156.91107110167,0
LDO.V,D,20221211,000000,1.02398,1.04901,1.02198,1.0261,362576.9809372867,0
LDO.V,D,20221212,000000,1.0252,1.06702,0.99104,1.05607,463784.7794367779,0
LDO.V,D,20221213,000000,1.0561,1.13131,1.03327,1.11672,1274329.744862963,0
LDO.V,D,20221214,000000,1.11574,1.16499,1.11078,1.14608,1206725.2104808397,0
LDO.V,D,20221215,000000,1.146,1.15323,1.10611,1.12823,1288335.0802318417,0
LDO.V,D,20221216,000000,1.12823,1.15812,1.0031,1.0181,2122472.343970356,0
LDO.V,D,20221217,000000,1.0151,1.02706,0.96305,0.99713,939077.9235685539,0
LDO.V,D,20221218,000000,0.9981,1.00514,0.96311,0.98513,366213.7173244848,0
LDO.V,D,20221219,000000,0.99113,0.99916,0.94101,0.96198,402247.0617763786,0
LDO.V,D,20221220,000000,0.96299,1.00298,0.94898,0.98604,514194.30101305945,0
LDO.V,D,20221221,000000,0.98604,0.99303,0.928,0.93305,631156.2783972566,0
LDO.V,D,20221222,000000,0.93404,0.94,0.87592,0.89887,772355.6469348919,0
LDO.V,D,20221223,000000,0.89985,0.94204,0.88389,0.9359,1370966.0072276557,0
LDO.V,D,20221224,000000,0.93591,0.95592,0.92591,0.94493,1069659.9074782366,0
LDO.V,D,20221225,000000,0.94493,0.9749,0.93795,0.97087,1321556.513049916,0
LDO.V,D,20221226,000000,0.97187,1.05784,0.96889,1.03677,1497106.219043143,0
LDO.V,D,20221227,000000,1.03779,1.10369,1.00963,1.0146,2350310.3020412866,0
LDO.V,D,20221228,000000,1.0146,1.02058,0.93458,0.9455,3145425.8760152855,0
LDO.V,D,20221229,000000,0.9505,0.96959,0.93353,0.95457,1673663.5735438461,0
LDO.V,D,20221230,000000,0.95457,0.97156,0.944603,0.961709,877094.5209573124,0
LDO.V,D,20221231,000000,0.962038,0.968515,0.946346,0.953523,606493.9660101057,0
LDO.V,D,20230101,000000,0.953813,1.163141,0.946327,1.0866,7322441.7699697735,0
LDO.V,D,20230102,000000,1.086789,1.261595,1.059765,1.222421,7587420.86701236,0
LDO.V,D,20230103,000000,1.220709,1.301192,1.189824,1.199244,5493444.467900384,0
LDO.V,D,20230104,000000,1.198644,1.442708,1.181515,1.379345,10475428.68767646,0
LDO.V,D,20230105,000000,1.380331,1.407364,1.327242,1.349228,6544810.436484355,0
LDO.V,D,20230106,000000,1.348595,1.565983,1.26218,1.541322,11747390.159273053,0
LDO.V,D,20230107,000000,1.540722,1.548235,1.471658,1.483544,3126076.3829232967,0
LDO.V,D,20230108,000000,1.483344,2.29949,1.475764,1.98976,23369359.630970262,0
LDO.V,D,20230109,000000,1.99376,2.06379,1.8398,1.91998,13296316.794850672,0
LDO.V,D,20230110,000000,1.933,2.15274,1.88785,1.90127,15396720.059477804,0
LDO.V,D,20230111,000000,1.90329,1.99798,1.75681,1.80584,8980653.555336306,0
LDO.V,D,20230112,000000,1.80387,2.22529,1.75368,2.08719,15337592.332121082,0
LDO.V,D,20230113,000000,2.08321,2.18918,1.90081,2.10919,18318208.230400108,0
LDO.V,D,20230114,000000,2.10919,2.38136,2.05345,2.14211,18085729.08244858,0
LDO.V,D,20230115,000000,2.14111,2.46381,2.07839,2.22865,18179622.31699391,0
LDO.V,D,20230116,000000,2.22567,2.27168,2.05008,2.11904,9228278.072672574,0
LDO.V,D,20230117,000000,2.11642,2.15619,2.011,2.0182,8304765.3598195845,0
LDO.V,D,20230118,000000,2.0162,2.20115,1.88079,2.0179,14842320.835289925,0
LDO.V,D,20230119,000000,2.01288,2.05579,1.86379,1.96092,5532957.5124013005,0
LDO.V,D,20230120,000000,1.96192,2.38841,1.94,2.34642,11297118.838543292,0
LDO.V,D,20230121,000000,2.34842,2.55043,2.16041,2.45339,14486201.292851385,0
LDO.V,D,20230122,000000,2.44437,2.4765,2.13234,2.20844,14019456.444257213,0
LDO.V,D,20230123,000000,2.20544,2.67824,2.19535,2.57241,15443554.661973553,0
LDO.V,D,20230124,000000,2.56338,2.83511,2.29337,2.36905,14432886.752172507,0
LDO.V,D,20230125,000000,2.37207,2.59247,2.24149,2.4784,16767944.007983075,0
LDO.V,D,20230126,000000,2.47742,2.58939,2.26807,2.30423,8585818.614051586,0
LDO.V,D,20230127,000000,2.30421,2.45959,2.22551,2.3799,9024371.064982632,0
LDO.V,D,20230128,000000,2.38691,2.45054,2.2064,2.23042,6012110.214303052,0
LDO.V,D,20230129,000000,2.22942,2.34923,2.20549,2.28709,6767632.25937192,0
LDO.V,D,20230130,000000,2.28709,2.34609,1.977,2.05314,9936210.404586647,0
LDO.V,D,20230131,000000,2.05314,2.233,2.04216,2.1962,6633092.002847195,0
LDO.V,D,20230201,000000,2.1972,2.36609,2.05902,2.29814,10254583.002994163,0
LDO.V,D,20230202,000000,2.30414,2.5263,2.23713,2.29846,14579323.618884273,0
LDO.V,D,20230203,000000,2.29946,2.39831,2.16128,2.37819,14921514.43780406,0
LDO.V,D,20230204,000000,2.37719,2.39719,2.20515,2.23518,9186070.017643638,0
LDO.V,D,20230205,000000,2.23518,2.24418,1.96755,2.04651,11010767.324324697,0
LDO.V,D,20230206,000000,2.04351,2.33002,1.99438,2.25809,19003981.105155196,0
LDO.V,D,20230207,000000,2.26109,2.66605,2.17115,2.60918,37549753.86839632,0
LDO.V,D,20230208,000000,2.61216,2.71224,2.3053,2.43719,21049431.431047224,0
LDO.V,D,20230209,000000,2.43717,3,2.328,2.44822,86187965.11736654,0
LDO.V,D,20230210,000000,2.45725,2.82968,2.24125,2.27936,36007833.383702695,0
LDO.V,D,20230211,000000,2.284,2.38829,2.20833,2.35021,14433653.070487583,0
LDO.V,D,20230212,000000,2.35047,2.64721,2.34721,2.52625,20793833.676417563,0
LDO.V,D,20230213,000000,2.53325,2.55025,2.20941,2.37428,15259389.790684318,0
LDO.V,D,20230214,000000,2.37728,2.67796,2.32863,2.567,28239453.72403448,0
LDO.V,D,20230215,000000,2.56903,2.85048,2.51401,2.7835,25519096.849832054,0
LDO.V,D,20230216,000000,2.7855,2.9943,2.65682,2.66991,29690567.886381753,0
LDO.V,D,20230217,000000,2.67091,3.14403,2.57628,3.07731,31069820.496233597,0
LDO.V,D,20230218,000000,3.07731,3.32863,2.94744,3.24052,21182010.858458705,0
LDO.V,D,20230219,000000,3.24752,3.29146,2.94871,2.96965,15954914.027455878,0
LDO.V,D,20230220,000000,2.96865,3.06637,2.82842,2.89112,12138060.789777515,0
LDO.V,D,20230221,000000,2.89012,3.00651,2.69619,2.7842,14857042.748791272,0
LDO.V,D,20230222,000000,2.78157,2.94034,2.62765,2.89093,13717802.236050773,0
LDO.V,D,20230223,000000,2.89057,3.21448,2.89057,2.94361,23867574.57525688,0
LDO.V,D,20230224,000000,2.96141,3.06255,2.76325,2.79197,19702496.94125616,0
LDO.V,D,20230225,000000,2.776,2.90915,2.69427,2.8682,15756900.093227506,0
LDO.V,D,20230226,000000,2.8682,3.17925,2.8682,3.10119,14445398.616675807,0
LDO.V,D,20230227,000000,3.09825,3.29193,2.9811,3.24756,19178765.276639313,0
LDO.V,D,20230228,000000,3.24109,3.2937,2.99098,3.00191,14902676.672761705,0
LDO.V,D,20230301,000000,2.9956,3.18335,2.95244,3.00159,10705539.458949024,0
LDO.V,D,20230302,000000,2.98845,3.08056,2.85649,3.02417,13323373.48303593,0
LDO.V,D,20230303,000000,3.02754,3.05991,2.72911,2.8132,25512106.946398128,0
LDO.V,D,20230304,000000,2.8092,2.82911,2.41712,2.51018,15848375.197057595,0
LDO.V,D,20230305,000000,2.5132,2.69727,2.5012,2.62329,13273488.523970852,0
LDO.V,D,20230306,000000,2.62229,2.65676,2.4905,2.57785,14063036.406083532,0
LDO.V,D,20230307,000000,2.57585,2.67097,2.44963,2.51387,11426592.938151048,0
LDO.V,D,20230308,000000,2.51287,2.57679,2.30888,2.34386,10418759.150542002,0
LDO.V,D,20230309,000000,2.33977,2.42625,2.16922,2.1722,9420323.66073546,0
LDO.V,D,20230310,000000,2.1712,2.32502,2.07983,2.31118,17280755.168683317,0
LDO.V,D,20230311,000000,2.31113,2.41937,2.00539,2.11724,15905151.162106209,0
LDO.V,D,20230312,000000,2.11751,2.45091,2.05812,2.39054,10450225.735586606,0
LDO.V,D,20230313,000000,2.39259,2.79774,2.37818,2.70575,17498403.713760354,0
LDO.V,D,20230314,000000,2.70453,3.0521,2.60263,2.78038,17596413.672468934,0
LDO.V,D,20230315,000000,2.78183,2.83742,2.25086,2.2705,27896457.045372587,0
LDO.V,D,20230316,000000,2.2715,2.48273,2.25299,2.38891,17993700.327556126,0
LDO.V,D,20230317,000000,2.39087,2.56491,2.34018,2.4824,12819473.802974962,0
LDO.V,D,20230318,000000,2.4824,2.84466,2.47865,2.5155,18565274.26836957,0
LDO.V,D,20230319,000000,2.51452,2.63488,2.45799,2.52262,8640702.995217104,0
LDO.V,D,20230320,000000,2.52061,2.54479,2.29017,2.31743,7987909.719778909,0
LDO.V,D,20230321,000000,2.31743,2.54495,2.23134,2.3826,9048664.89639864,0
LDO.V,D,20230322,000000,2.38559,2.43722,2.24805,2.34135,13848316.237161098,0
LDO.V,D,20230323,000000,2.3434,2.4338,2.271,2.30979,7633332.9505167175,0
LDO.V,D,20230324,000000,2.30979,2.33289,2.08946,2.12131,10562375.548878212,0
LDO.V,D,20230325,000000,2.12444,2.19961,2.01767,2.02496,5671981.831977413,0
LDO.V,D,20230326,000000,2.01996,2.29704,2.01595,2.15143,6872318.570635745,0
LDO.V,D,20230327,000000,2.14936,2.22578,2.05178,2.08998,8731632.602758158,0
LDO.V,D,20230328,000000,2.08998,2.38262,2.03469,2.32991,11857115.640813455,0
LDO.V,D,20230329,000000,2.32991,2.49827,2.3076,2.39946,9872841.723122647,0
LDO.V,D,20230330,000000,2.40072,2.46257,2.25045,2.28564,10156458.903089907,0
LDO.V,D,20230331,000000,2.28562,2.49957,2.26727,2.44249,9490877.816488864,0
LDO.V,D,20230401,000000,2.44651,2.48672,2.36273,2.39686,5945394.931725392,0
LDO.V,D,20230402,000000,2.39729,2.42837,2.30477,2.31754,5407834.244039076,0
LDO.V,D,20230403,000000,2.31794,2.48832,2.27734,2.39193,9571793.889735933,0
LDO.V,D,20230404,000000,2.39296,2.60107,2.36309,2.57131,10715935.58243327,0
LDO.V,D,20230405,000000,2.56928,2.81584,2.55587,2.58793,12417465.212115256,0
LDO.V,D,20230406,000000,2.58693,2.6065,2.47879,2.55289,6595095.103057153,0
LDO.V,D,20230407,000000,2.55189,2.64035,2.48604,2.49384,4830453.824610127,0
LDO.V,D,20230408,000000,2.49775,2.52014,2.37554,2.38963,3653167.4779670183,0
LDO.V,D,20230409,000000,2.38603,2.43216,2.29275,2.37199,4966836.262727573,0
LDO.V,D,20230410,000000,2.37206,2.45684,2.29718,2.42136,5355302.615384165,0
LDO.V,D,20230411,000000,2.42399,2.49104,2.3463,2.35631,4643976.287622113,0
LDO.V,D,20230412,000000,2.35523,2.42037,2.19546,2.3138,9181256.107844604,0
LDO.V,D,20230413,000000,2.3138,2.44456,2.2442,2.42533,8214413.807967163,0
LDO.V,D,20230414,000000,2.42633,2.63334,2.42567,2.60316,11171883.76825658,0
LDO.V,D,20230415,000000,2.60313,2.66445,2.49224,2.50025,4616768.0709443195,0
LDO.V,D,20230416,000000,2.49422,2.64793,2.47012,2.62178,5151274.855527921,0
LDO.V,D,20230417,000000,2.62578,2.62979,2.47671,2.49647,5124927.824527329,0
LDO.V,D,20230418,000000,2.4975,2.57998,2.42006,2.50845,4799059.272569588,0
LDO.V,D,20230419,000000,2.5094,2.53969,2.23183,2.27625,6219359.202488129,0
LDO.V,D,20230420,000000,2.27925,2.29069,2.11227,2.13917,5244011.85476071,0
LDO.V,D,20230421,000000,2.13615,2.1878,1.99964,2.0318,5275303.532588677,0
LDO.V,D,20230422,000000,2.03078,2.10802,2.02445,2.10019,1850813.875459539,0
LDO.V,D,20230423,000000,2.09919,2.11836,1.99444,2.04808,1686706.0416026064,0
LDO.V,D,20230424,000000,2.0471,2.16404,2.03602,2.08904,4015945.3777978113,0
LDO.V,D,20230425,000000,2.09206,2.14952,2.0141,2.14952,2275060.5828270493,0
LDO.V,D,20230426,000000,2.14949,2.24245,1.9764,2.08867,4704255.39409194,0
LDO.V,D,20230427,000000,2.08167,2.18422,2.04776,2.13875,2587969.4259325922,0
LDO.V,D,20230428,000000,2.13668,2.14669,2.05688,2.08767,1598053.350489093,0
LDO.V,D,20230429,000000,2.09061,2.12551,2.07343,2.09924,995242.6642095036,0
LDO.V,D,20230430,000000,2.10124,2.10984,2.02421,2.04917,1287237.7879841928,0
LDO.V,D,20230501,000000,2.04612,2.05303,1.94412,1.96755,1770966.555553546,0
LDO.V,D,20230502,000000,1.96751,2.01039,1.94904,1.99021,1124957.6928538163,0
LDO.V,D,20230503,000000,1.99322,2.00302,1.85743,1.97953,4187391.3802851615,0
LDO.V,D,20230504,000000,1.97953,2.04937,1.90189,1.9057,2561646.540272065,0
LDO.V,D,20230505,000000,1.90671,1.97476,1.8296,1.93876,4814554.1809223285,0
LDO.V,D,20230506,000000,1.93876,1.95209,1.79075,1.8432,3411528.4670946235,0
LDO.V,D,20230507,000000,1.84213,1.8825,1.81812,1.82615,2065994.7113310434,0
LDO.V,D,20230508,000000,1.82692,1.8542,1.5991,1.72931,7986894.411820407,0
LDO.V,D,20230509,000000,1.72959,1.95935,1.72129,1.85685,12620835.144643828,0
LDO.V,D,20230510,000000,1.85786,1.96035,1.76894,1.87669,4706164.596925817,0
LDO.V,D,20230511,000000,1.87788,1.88588,1.61361,1.65165,4918885.502177027,0
LDO.V,D,20230512,000000,1.64965,1.91996,1.58158,1.89351,9844151.410233324,0
LDO.V,D,20230513,000000,1.89552,1.94317,1.85793,1.89213,2917379.2446199735,0
LDO.V,D,20230514,000000,1.89495,1.96118,1.86212,1.94617,3183069.253051316,0
LDO.V,D,20230515,000000,1.93597,2.19732,1.90214,2.15551,11881715.1548332,0
LDO.V,D,20230516,000000,2.1515,2.30092,2.08646,2.22111,12279986.03760096,0
LDO.V,D,20230517,000000,2.22589,2.56128,2.15586,2.38519,15299627.23589332,0
LDO.V,D,20230518,000000,2.38295,2.38319,2.11463,2.16387,6885682.726514051,0
LDO.V,D,20230519,000000,2.16286,2.23289,2.08504,2.17163,6681331.147021484,0
LDO.V,D,20230520,000000,2.16908,2.18509,2.11148,2.13914,2349157.384617178,0
LDO.V,D,20230521,000000,2.13992,2.15994,2.04702,2.07625,2569521.464676179,0
LDO.V,D,20230522,000000,2.07304,2.10105,2.01921,2.03222,2864350.646585803,0
LDO.V,D,20230523,000000,2.03302,2.11921,2.00452,2.03912,3194217.8247625786,0
LDO.V,D,20230524,000000,2.03912,2.0846,1.92998,2.04188,4998912.651641458,0
LDO.V,D,20230525,000000,2.0419,2.08073,1.9921,2.01506,5225113.382662636,0
LDO.V,D,20230526,000000,2.01204,2.05753,1.94317,1.99844,3875890.89072758,0
LDO.V,D,20230527,000000,1.9956,2.0014,1.95257,1.96173,1214223.0172442447,0
LDO.V,D,20230528,000000,1.96173,2.05745,1.95998,2.04647,2442578.002153749,0
LDO.V,D,20230529,000000,2.04845,2.17254,2.04845,2.14864,7158987.921184599,0
LDO.V,D,20230530,000000,2.15064,2.24865,2.14164,2.16687,5602049.240840996,0
LDO.V,D,20230531,000000,2.16785,2.20849,2.07156,2.0814,3565956.657062729,0
LDO.V,D,20230601,000000,2.08433,2.10542,2.02749,2.07456,1827553.80145742,0
LDO.V,D,20230602,000000,2.07758,2.37166,2.05547,2.3096,6094929.494841399,0
LDO.V,D,20230603,000000,2.30758,2.34863,2.26875,2.28691,1435594.0183400526,0
LDO.V,D,20230604,000000,2.28487,2.37676,2.27873,2.30174,1836013.3456539512,0
LDO.V,D,20230605,000000,2.30274,2.33275,2.07352,2.11463,4874844.541795012,0
LDO.V,D,20230606,000000,2.11363,2.44847,2.10963,2.38067,7549249.918507538,0
LDO.V,D,20230607,000000,2.37869,2.42653,2.29025,2.29125,6228340.814410655,0
LDO.V,D,20230608,000000,2.28725,2.31721,2.15619,2.16439,3816056.643179408,0
LDO.V,D,20230609,000000,2.16139,2.23691,2.13919,2.17559,4008640.968204909,0
LDO.V,D,20230610,000000,2.17561,2.17574,1.69125,1.82206,6138061.6944351755,0
LDO.V,D,20230611,000000,1.82006,1.88687,1.72978,1.85174,5314394.394467292,0
LDO.V,D,20230612,000000,1.85476,1.85941,1.74393,1.80807,3556795.896928583,0
LDO.V,D,20230613,000000,1.80905,1.84489,1.73655,1.77077,1942362.4432995238,0
LDO.V,D,20230614,000000,1.77277,1.7975,1.66485,1.70185,2061450.2032801074,0
LDO.V,D,20230615,000000,1.70586,1.71847,1.61162,1.69546,4157986.4184909696,0
LDO.V,D,20230616,000000,1.69559,1.78211,1.67045,1.75261,2190731.211847307,0
LDO.V,D,20230617,000000,1.75461,1.8685,1.7418,1.79426,2152175.8031176017,0
LDO.V,D,20230618,000000,1.79326,1.80121,1.70964,1.71261,1409995.7796553073,0
LDO.V,D,20230619,000000,1.71361,1.77592,1.68953,1.77345,1786043.354214249,0
LDO.V,D,20230620,000000,1.77343,1.895,1.76221,1.85528,3444224.020416261,0
LDO.V,D,20230621,000000,1.85626,1.98328,1.8502,1.94812,4158984.419285831,0
LDO.V,D,20230622,000000,1.95121,2.04308,1.90193,1.9154,2730938.2440603394,0
LDO.V,D,20230623,000000,1.9134,1.98436,1.85235,1.92714,1963398.2922871325,0
LDO.V,D,20230624,000000,1.92814,1.94012,1.80996,1.82115,1857240.4923150712,0
LDO.V,D,20230625,000000,1.82215,2.0086,1.81895,1.93562,2504194.988871937,0
LDO.V,D,20230626,000000,1.93356,1.9783,1.88525,1.9034,2594448.671637849,0
LDO.V,D,20230627,000000,1.8984,1.99416,1.89342,1.96735,2244404.192799108,0
LDO.V,D,20230628,000000,1.96737,1.96837,1.81905,1.837,2696683.2676724,0
LDO.V,D,20230629,000000,1.83998,1.92265,1.83885,1.87081,1398157.973884275,0
LDO.V,D,20230630,000000,1.87078,2.07109,1.83825,2.03931,6350496.181745027,0
LDO.V,D,20230701,000000,2.0443,2.16281,2.0144,2.127,3310996.6174243717,0
LDO.V,D,20230702,000000,2.12798,2.16278,2.05298,2.09619,2967987.7781699426,0
LDO.V,D,20230703,000000,2.09619,2.23084,2.08394,2.19313,5251459.070305803,0
LDO.V,D,20230704,000000,2.18913,2.247,2.13526,2.17148,2770288.6775283404,0
LDO.V,D,20230705,000000,2.17243,2.17543,2.0232,2.05933,2721363.110316747,0
LDO.V,D,20230706,000000,2.05831,2.15698,1.9679,1.98282,3707044.5196775654,0
LDO.V,D,20230707,000000,1.97982,1.98794,1.89011,1.92819,2359129.2945044804,0
LDO.V,D,20230708,000000,1.92717,1.97414,1.9111,1.93331,1585448.1588066446,0
LDO.V,D,20230709,000000,1.93431,1.97424,1.92427,1.93135,419117.9919288097,0
LDO.V,D,20230710,000000,1.92835,2.01512,1.86294,1.95114,1651363.4579644448,0
LDO.V,D,20230711,000000,1.94921,1.96724,1.89421,1.91204,1161298.3124354803,0
LDO.V,D,20230712,000000,1.91008,1.936,1.86593,1.87485,945646.77511028,0
LDO.V,D,20230713,000000,1.87296,2.3424,1.86689,2.16887,7461417.746613539,0
LDO.V,D,20230714,000000,2.17287,2.50218,2.16878,2.25808,12755694.772576196,0
LDO.V,D,20230715,000000,2.25911,2.4879,2.2531,2.3257,5946911.424549404,0
LDO.V,D,20230716,000000,2.32567,2.34489,2.20203,2.20303,3036645.687946944,0
LDO.V,D,20230717,000000,2.20303,2.22767,1.98442,2.08035,5550992.052810924,0
LDO.V,D,20230718,000000,2.07935,2.08638,1.99706,2.02845,2851890.239432735,0
LDO.V,D,20230719,000000,2.02847,2.099,2.00094,2.08098,2963418.101532233,0
LDO.V,D,20230720,000000,2.08098,2.18604,2.0268,2.06381,3744040.416318123,0
LDO.V,D,20230721,000000,2.06381,2.08687,2.01096,2.02804,1523471.535930342,0
LDO.V,D,20230722,000000,2.02314,2.0547,2.01882,2.03012,1366945.337865548,0
LDO.V,D,20230723,000000,2.03012,2.08756,1.9793,2.04184,2167137.738654795,0
LDO.V,D,20230724,000000,2.04146,2.05508,1.90851,1.97686,2600221.881536162,0
LDO.V,D,20230725,000000,1.97476,2.06069,1.93859,1.95386,5672392.291569821,0
LDO.V,D,20230726,000000,1.95386,1.968,1.88962,1.93708,4185498.7419937844,0
LDO.V,D,20230727,000000,1.94006,1.9661,1.89561,1.90708,1755232.1194509931,0
LDO.V,D,20230728,000000,1.90818,1.94514,1.90171,1.93346,1749458.6534755724,0
LDO.V,D,20230729,000000,1.93306,1.95912,1.92374,1.9495,1037758.803076372,0
LDO.V,D,20230730,000000,1.94938,1.95928,1.8561,1.88743,2161022.272293003,0
LDO.V,D,20230731,000000,1.88573,1.91133,1.83325,1.84669,3104394.2506718854,0
LDO.V,D,20230801,000000,1.84599,1.9309,1.80166,1.89703,5484063.8594360575,0
LDO.V,D,20230802,000000,1.89703,1.95322,1.81182,1.85684,4951061.862164782,0
LDO.V,D,20230803,000000,1.85674,1.91814,1.83225,1.87078,5232299.4892151775,0
LDO.V,D,20230804,000000,1.87008,1.8948,1.81242,1.82381,4638313.274709688,0
LDO.V,D,20230805,000000,1.82371,1.85903,1.82331,1.84087,3543191.6126920623,0
LDO.V,D,20230806,000000,1.84325,1.87972,1.82064,1.82775,3330800.6278121,0
LDO.V,D,20230807,000000,1.82755,1.86005,1.78161,1.82556,4331277.428261687,0
LDO.V,D,20230808,000000,1.82536,1.88332,1.82496,1.86902,4982377.660502291,0
LDO.V,D,20230809,000000,1.86962,1.89863,1.84141,1.85578,4542466.568667629,0
LDO.V,D,20230810,000000,1.85558,1.93566,1.85355,1.85763,5166131.150538901,0
LDO.V,D,20230811,000000,1.85733,1.86233,1.82387,1.84207,3202370.008804248,0
LDO.V,D,20230812,000000,1.84187,1.8646,1.83575,1.83977,3061741.02445848,0
LDO.V,D,20230813,000000,1.84045,1.84475,1.81442,1.81808,3320930.724965389,0
LDO.V,D,20230814,000000,1.81786,1.85525,1.80793,1.84228,3733474.17047752,0
LDO.V,D,20230815,000000,1.84158,1.85176,1.64241,1.72037,5164249.918122759,0
LDO.V,D,20230816,000000,1.72011,1.81691,1.65248,1.66134,2677741.87951538,0
LDO.V,D,20230817,000000,1.66164,1.73585,1.39569,1.51224,4026704.3813105645,0
LDO.V,D,20230818,000000,1.51633,1.68929,1.5097,1.62729,8022854.564311827,0
LDO.V,D,20230819,000000,1.62657,1.67177,1.61067,1.65067,4273237.6861555455,0
LDO.V,D,20230820,000000,1.65077,1.68498,1.63759,1.67722,3401405.495949731,0
LDO.V,D,20230821,000000,1.67722,1.68425,1.56994,1.63375,4466506.17408774,0
LDO.V,D,20230822,000000,1.63395,1.64885,1.55306,1.57335,5892253.944536881,0
LDO.V,D,20230823,000000,1.57326,1.72907,1.57277,1.68138,4601847.453737158,0
LDO.V,D,20230824,000000,1.68136,1.70452,1.61588,1.62287,3665420.4566025096,0
LDO.V,D,20230825,000000,1.62297,1.6368,1.5049,1.54815,5892081.211585066,0
LDO.V,D,20230826,000000,1.54833,1.60673,1.53842,1.60422,3483995.2384678624,0
LDO.V,D,20230827,000000,1.60392,1.61343,1.57886,1.58286,3027990.881873137,0
LDO.V,D,20230828,000000,1.58286,1.61736,1.56097,1.57128,3039195.760092274,0
LDO.V,D,20230829,000000,1.57118,1.69082,1.53294,1.68112,3946301.2774298317,0
LDO.V,D,20230830,000000,1.6812,1.69049,1.62171,1.634,3681351.834571335,0
LDO.V,D,20230831,000000,1.6341,1.64607,1.53692,1.5527,3173200.715713609,0
LDO.V,D,20230901,000000,1.55311,1.57616,1.50443,1.5293,3706464.488333264,0
LDO.V,D,20230902,000000,1.52922,1.54984,1.51415,1.52493,3488355.9391136905,0
LDO.V,D,20230903,000000,1.52433,1.54339,1.5156,1.51683,3555129.6858063065,0
LDO.V,D,20230904,000000,1.51693,1.55839,1.51473,1.52727,2043157.1789213698,0
LDO.V,D,20230905,000000,1.52647,1.58796,1.52437,1.56233,2256330.6096551213,0
LDO.V,D,20230906,000000,1.56193,1.61926,1.55683,1.58645,2228739.108222414,0
LDO.V,D,20230907,000000,1.58383,1.62226,1.5574,1.59719,2037980.2832830595,0
LDO.V,D,20230908,000000,1.59765,1.61628,1.54066,1.54618,2213624.2642867607,0
LDO.V,D,20230909,000000,1.54618,1.54618,1.51238,1.53612,1675665.0706765,0
LDO.V,D,20230910,000000,1.53594,1.53832,1.4506,1.49013,2438415.9047124023,0
LDO.V,D,20230911,000000,1.48923,1.49836,1.42234,1.43875,2644196.4851566167,0
LDO.V,D,20230912,000000,1.43894,1.53481,1.43724,1.46957,4084224.9977531247,0
LDO.V,D,20230913,000000,1.46957,1.49833,1.4557,1.4861,2752980.2586049982,0
LDO.V,D,20230914,000000,1.4858,1.52205,1.48149,1.49533,2583159.7609165558,0
LDO.V,D,20230915,000000,1.49533,1.52348,1.47639,1.50616,3424452.083655465,0
LDO.V,D,20230916,000000,1.50725,1.58393,1.50725,1.54224,3101012.3601904092,0
LDO.V,D,20230917,000000,1.54134,1.54244,1.48907,1.49426,1448649.8425553166,0
LDO.V,D,20230918,000000,1.49456,1.58276,1.49108,1.54936,4033111.9583700085,0
LDO.V,D,20230919,000000,1.54943,1.60429,1.53144,1.57352,6438114.909769427,0
LDO.V,D,20230920,000000,1.57342,1.58789,1.54423,1.56709,4186464.668398316,0
LDO.V,D,20230921,000000,1.56699,1.57922,1.47723,1.48464,6009685.025039768,0
LDO.V,D,20230922,000000,1.48486,1.49491,1.46857,1.4903,3835597.098222779,0
LDO.V,D,20230923,000000,1.4907,1.4991,1.47173,1.4918,2131817.1668148153,0
LDO.V,D,20230924,000000,1.4915,1.49852,1.46711,1.47656,1283263.571457943,0
LDO.V,D,20230925,000000,1.47696,1.48533,1.44993,1.46803,2258799.219633319,0
LDO.V,D,20230926,000000,1.46811,1.4876,1.43358,1.45547,2349039.543523222,0
LDO.V,D,20230927,000000,1.45517,1.4931,1.44998,1.46162,3366723.012567842,0
LDO.V,D,20230928,000000,1.46152,1.6239,1.46042,1.59497,9744002.374252884,0
LDO.V,D,20230929,000000,1.59647,1.66028,1.57822,1.64682,1914798.0249808386,0
LDO.V,D,20230930,000000,1.64882,1.73117,1.6309,1.71734,1841544.8226415226,0
LDO.V,D,20231001,000000,1.71933,1.72433,1.64321,1.66718,3223782.582728198,0
LDO.V,D,20231002,000000,1.669,1.71235,1.52354,1.54025,10845954.19754437,0
LDO.V,D,20231003,000000,1.54045,1.59175,1.53875,1.56278,9096904.886463273,0
LDO.V,D,20231004,000000,1.56078,1.61439,1.52196,1.59503,1940078.625801082,0
LDO.V,D,20231005,000000,1.59602,1.60611,1.51433,1.53143,1267830.9086450324,0
LDO.V,D,20231006,000000,1.52841,1.57544,1.52641,1.56863,953259.6324792183,0
LDO.V,D,20231007,000000,1.57084,1.58689,1.54783,1.56649,1251493.5664852217,0
LDO.V,D,20231008,000000,1.56649,1.61424,1.5605,1.61042,1269161.2388061613,0
LDO.V,D,20231009,000000,1.61022,1.6269,1.47184,1.51782,2585044.343081818,0
LDO.V,D,20231010,000000,1.5195,1.55819,1.51168,1.53817,1120482.7455116166,0
LDO.V,D,20231011,000000,1.53915,1.57503,1.52932,1.53357,1427627.3001991452,0
LDO.V,D,20231012,000000,1.53256,1.53357,1.48581,1.50844,1996304.2952594983,0
LDO.V,D,20231013,000000,1.50506,1.5824,1.49971,1.56166,1449111.1244948888,0
LDO.V,D,20231014,000000,1.56467,1.609,1.5468,1.60489,1277766.915953452,0
LDO.V,D,20231015,000000,1.6039,1.61103,1.58208,1.60308,604449.223818239,0
LDO.V,D,20231016,000000,1.60703,1.67537,1.5793,1.59267,1711817.3377504405,0
LDO.V,D,20231017,000000,1.59465,1.61255,1.52948,1.54277,4644210.747026049,0
LDO.V,D,20231018,000000,1.54277,1.55903,1.4834,1.48781,5445826.197559252,0
LDO.V,D,20231019,000000,1.48781,1.50504,1.45675,1.46417,5186502.677501309,0
LDO.V,D,20231020,000000,1.46409,1.54192,1.46409,1.53725,2424760.969794505,0
LDO.V,D,20231021,000000,1.53703,1.66542,1.53113,1.65281,3761259.708026855,0
LDO.V,D,20231022,000000,1.65283,1.70675,1.62197,1.67857,3130639.863094651,0
LDO.V,D,20231023,000000,1.67757,1.80059,1.67058,1.7569,4383260.935074495,0
LDO.V,D,20231024,000000,1.75291,1.89981,1.69997,1.85078,7628392.409538986,0
LDO.V,D,20231025,000000,1.84778,1.93362,1.79316,1.87143,3656380.3171617645,0
LDO.V,D,20231026,000000,1.87243,1.98438,1.78791,1.8496,6191973.759914165,0
LDO.V,D,20231027,000000,1.8495,1.86516,1.74047,1.825,5952574.587160432,0
LDO.V,D,20231028,000000,1.82422,1.87003,1.78604,1.78959,1789314.1159173725,0
LDO.V,D,20231029,000000,1.78734,1.85256,1.77334,1.84665,924908.7622742815,0
LDO.V,D,20231030,000000,1.84865,1.87112,1.78943,1.83771,4700778.713249147,0
LDO.V,D,20231031,000000,1.83782,1.86768,1.73482,1.82397,9009043.880827436,0
LDO.V,D,20231101,000000,1.82387,1.93554,1.74032,1.88138,12130306.29444932,0
LDO.V,D,20231102,000000,1.88148,1.92554,1.72213,1.75835,9466526.309878927,0
LDO.V,D,20231103,000000,1.75801,1.91538,1.71248,1.89774,3251997.8046427947,0
LDO.V,D,20231104,000000,1.90274,2.07933,1.89576,2.05919,5530840.298105158,0
LDO.V,D,20231105,000000,2.06518,2.06518,1.97061,2.01461,2965476.0808664695,0
LDO.V,D,20231106,000000,2.01657,2.09321,1.97054,2.04555,3444173.0956570674,0
LDO.V,D,20231107,000000,2.04557,2.05257,1.90014,1.97181,12519451.397332886,0
LDO.V,D,20231108,000000,1.97141,1.98989,1.91698,1.94523,14413986.282795757,0
LDO.V,D,20231109,000000,1.94503,2.34575,1.92181,2.33534,35589763.93626415,0
LDO.V,D,20231110,000000,2.33944,2.49537,2.20388,2.26678,24286283.724049978,0
LDO.V,D,20231111,000000,2.26818,2.36817,2.21007,2.21855,15038845.154759087,0
LDO.V,D,20231112,000000,2.21803,2.32826,2.1297,2.31252,15103971.547617344,0
LDO.V,D,20231113,000000,2.31295,2.47457,2.20994,2.27434,13469353.55859942,0
LDO.V,D,20231114,000000,2.27644,2.34366,2.0585,2.3265,15753947.483895088,0
LDO.V,D,20231115,000000,2.3265,2.52323,2.30585,2.43769,22321749.650616266,0
LDO.V,D,20231116,000000,2.43759,2.59358,2.23622,2.28375,29509753.19871935,0
LDO.V,D,20231117,000000,2.28385,2.31958,2.08983,2.19225,19447741.40050617,0
LDO.V,D,20231118,000000,2.19134,2.29209,2.07051,2.2445,11461075.533984244,0
LDO.V,D,20231119,000000,2.2435,2.31868,2.20453,2.29531,5364166.540941001,0
LDO.V,D,20231120,000000,2.29541,2.58745,2.29441,2.42857,14248911.801256724,0
LDO.V,D,20231121,000000,2.43068,2.4678,2.19373,2.21766,9419734.017262002,0
LDO.V,D,20231122,000000,2.21544,2.644,2.20554,2.61664,9735392.630229147,0
LDO.V,D,20231123,000000,2.61721,2.64769,2.4703,2.49165,5806377.033015309,0
LDO.V,D,20231124,000000,2.49165,2.63327,2.45385,2.49977,7811230.039657227,0
LDO.V,D,20231125,000000,2.50047,2.63135,2.43808,2.50148,4504585.430895655,0
LDO.V,D,20231126,000000,2.50178,2.55297,2.41637,2.52906,6095944.030373702,0
LDO.V,D,20231127,000000,2.52904,2.53309,2.30046,2.34595,6799949.789944934,0
LDO.V,D,20231128,000000,2.34475,2.46793,2.29271,2.33755,5694906.5248110145,0
LDO.V,D,20231129,000000,2.33745,2.36281,2.23082,2.25447,6393794.266852274,0
LDO.V,D,20231130,000000,2.25399,2.35511,2.24623,2.34097,4081681.6021302007,0
LDO.V,D,20231201,000000,2.3416,2.42519,2.33337,2.37525,4822751.101202818,0
LDO.V,D,20231202,000000,2.37535,2.46364,2.34803,2.42692,4693278.7732822895,0
LDO.V,D,20231203,000000,2.42762,2.47812,2.37445,2.46049,4645335.4101516595,0
LDO.V,D,20231204,000000,2.46149,2.49977,2.333,2.34912,6941250.356293971,0
LDO.V,D,20231205,000000,2.34722,2.46628,2.29691,2.36198,6448225.146059713,0
LDO.V,D,20231206,000000,2.36258,2.43639,2.23995,2.25675,6979345.991135699,0
LDO.V,D,20231207,000000,2.25625,2.55146,2.22829,2.48887,14631119.406363333,0
LDO.V,D,20231208,000000,2.49687,2.52663,2.39021,2.4223,6077865.465972815,0
LDO.V,D,20231209,000000,2.4222,2.53281,2.33743,2.34381,6242446.409147038,0
LDO.V,D,20231210,000000,2.34321,2.42788,2.31409,2.39007,3908676.7776177954,0
LDO.V,D,20231211,000000,2.38877,2.39842,2.19145,2.26276,8939484.52583542,0
LDO.V,D,20231212,000000,2.26354,2.31893,2.17658,2.19953,7320784.124333718,0
LDO.V,D,20231213,000000,2.19893,2.31743,2.13945,2.29703,6291105.809370014,0
LDO.V,D,20231214,000000,2.29763,2.37992,2.2734,2.36158,8060914.425585945,0
LDO.V,D,20231215,000000,2.36128,2.36578,2.14789,2.14789,6791214.595526942,0
LDO.V,D,20231216,000000,2.14939,2.20911,2.12811,2.17116,4651544.158643964,0
LDO.V,D,20231217,000000,2.17084,2.17545,2.09458,2.10353,5112580.082606215,0
LDO.V,D,20231218,000000,2.10253,2.14316,1.99846,2.13886,5570471.7667624755,0
LDO.V,D,20231219,000000,2.13966,2.17388,2.02341,2.04046,4391405.838800201,0
LDO.V,D,20231220,000000,2.04066,2.1659,2.03047,2.09028,4891759.445602753,0
LDO.V,D,20231221,000000,2.09008,2.25867,2.07893,2.18339,10324309.417464959,0
LDO.V,D,20231222,000000,2.18371,2.43551,2.14192,2.39699,21733913.5959701,0
LDO.V,D,20231223,000000,2.39191,2.46697,2.29112,2.33154,9956023.26246407,0
LDO.V,D,20231224,000000,2.33157,2.45123,2.33157,2.39378,10228452.58418296,0
LDO.V,D,20231225,000000,2.39218,2.70951,2.38205,2.57257,18952059.830444258,0
LDO.V,D,20231226,000000,2.57154,2.66841,2.36336,2.43176,9009008.38561823,0
LDO.V,D,20231227,000000,2.42746,2.86152,2.33453,2.78973,15136511.437237745,0
LDO.V,D,20231228,000000,2.79673,3.00648,2.74737,2.76535,13222132.381953072,0
LDO.V,D,20231229,000000,2.76419,2.808,2.58783,2.79956,10393235.730381086,0
LDO.V,D,20231230,000000,2.79956,2.98891,2.73489,2.74195,9453528.720003353,0
LDO.V,D,20231231,000000,2.74692,2.81385,2.55157,2.62434,3494064.8337418674,0
LDO.V,D,20240101,000000,2.62134,2.93126,2.62132,2.91455,3898797.67570563,0
LDO.V,D,20240102,000000,2.91255,3.18455,2.86406,2.86509,8565635.552703207,0
LDO.V,D,20240103,000000,2.86309,3.47975,2.45255,3.14216,26596349.654212046,0
LDO.V,D,20240104,000000,3.13622,3.49513,2.94686,3.14674,20415154.496940736,0
LDO.V,D,20240105,000000,3.14671,3.44475,3.00445,3.43471,24472299.836193573,0
LDO.V,D,20240106,000000,3.43941,3.6182,3.06311,3.08785,28362510.448141225,0
LDO.V,D,20240107,000000,3.08955,3.24695,2.95242,2.9747,15547957.963953339,0
LDO.V,D,20240108,000000,2.9758,3.21738,2.76149,3.15521,16327962.52992963,0
LDO.V,D,20240109,000000,3.15481,3.75556,3.06606,3.63313,16041298.467804404,0
LDO.V,D,20240110,000000,3.63313,4.03336,3.5223,3.81495,29770316.74345584,0
LDO.V,D,20240111,000000,3.81595,4.03673,3.52522,3.66522,21117662.972928084,0
LDO.V,D,20240112,000000,3.65938,3.83932,3.34719,3.45082,13452468.16793861,0
LDO.V,D,20240113,000000,3.45006,3.49539,3.33943,3.37849,7990877.037691973,0
LDO.V,D,20240114,000000,3.37979,3.45913,3.21402,3.30221,8174122.878196414,0
LDO.V,D,20240115,000000,3.30401,3.43571,3.2183,3.2542,7676988.26251858,0
LDO.V,D,20240116,000000,3.2565,3.54867,3.22894,3.45908,7682437.599565329,0
LDO.V,D,20240117,000000,3.45915,3.48272,3.12144,3.1953,8883108.617818609,0
LDO.V,D,20240118,000000,3.1958,3.21734,2.94342,3.02135,9581151.091929624,0
LDO.V,D,20240119,000000,3.01965,3.10262,2.82306,2.9224,5942930.430214969,0
LDO.V,D,20240120,000000,2.9222,2.9702,2.84391,2.88743,4372172.389782673,0
LDO.V,D,20240121,000000,2.88813,2.94686,2.85045,2.8988,4377365.397176033,0
LDO.V,D,20240122,000000,2.89677,3.0038,2.70096,2.72009,8616144.858479649,0
LDO.V,D,20240123,000000,2.71989,2.84418,2.55049,2.65126,7673871.459899056,0
LDO.V,D,20240124,000000,2.65374,2.851,2.63236,2.82503,6085320.190723865,0
LDO.V,D,20240125,000000,2.82453,2.99674,2.7602,2.98529,5579596.714794362,0
LDO.V,D,20240126,000000,2.98339,3.09626,2.95211,3.06066,5774219.969212011,0
LDO.V,D,20240127,000000,3.05996,3.09692,2.97844,3.05807,2565831.839127256,0
LDO.V,D,20240128,000000,3.05737,3.21522,3.05147,3.15989,3736697.968800407,0
LDO.V,D,20240129,000000,3.15629,3.22018,3.02518,3.1662,4616262.667811867,0
LDO.V,D,20240130,000000,3.16623,3.17676,2.97526,3.05927,6323673.323401709,0
LDO.V,D,20240131,000000,3.05897,3.08197,2.79428,2.82012,4410402.759936271,0
LDO.V,D,20240201,000000,2.82052,2.85252,2.75324,2.82638,3480150.6770761064,0
LDO.V,D,20240202,000000,2.82568,2.87842,2.77686,2.824,3018078.030673499,0
LDO.V,D,20240203,000000,2.8246,2.84683,2.72469,2.76856,3924280.1678289487,0
LDO.V,D,20240204,000000,2.76381,2.78497,2.66052,2.67475,1782123.4275968955,0
LDO.V,D,20240205,000000,2.67618,2.84036,2.62206,2.67879,4433917.079957186,0
LDO.V,D,20240206,000000,2.67839,2.83469,2.66661,2.8039,6197163.678549207,0
LDO.V,D,20240207,000000,2.80643,3.11754,2.75262,2.89142,12102143.64324785,0
LDO.V,D,20240208,000000,2.89342,2.92741,2.82314,2.88361,5174584.900652023,0
LDO.V,D,20240209,000000,2.88608,3.01554,2.86534,3.00404,4564462.377230961,0
LDO.V,D,20240210,000000,3.00307,3.03409,2.91143,2.97343,2694543.143440195,0
LDO.V,D,20240211,000000,2.97136,3.0425,2.87433,2.87663,3815987.701488147,0
LDO.V,D,20240212,000000,2.87793,3.14038,2.82894,3.13238,5913359.571396929,0
LDO.V,D,20240213,000000,3.13038,3.19321,3.03085,3.10721,6445225.426151522,0
LDO.V,D,20240214,000000,3.09824,3.32567,3.06165,3.25903,7695366.479436353,0
LDO.V,D,20240215,000000,3.25803,3.36186,3.14408,3.21179,8400984.510178275,0
LDO.V,D,20240216,000000,3.21076,3.35578,3.1199,3.22448,7052568.464125295,0
LDO.V,D,20240217,000000,3.22548,3.25341,3.07629,3.14972,3037469.800540461,0
LDO.V,D,20240218,000000,3.14772,3.34433,3.07617,3.34137,4369272.29251098,0
LDO.V,D,20240219,000000,3.3404,3.46083,3.27333,3.42982,7178671.773547218,0
LDO.V,D,20240220,000000,3.42882,3.43679,3.04918,3.22364,9207371.32571904,0
LDO.V,D,20240221,000000,3.22164,3.35523,2.93991,3.035,7895366.481054996,0
LDO.V,D,20240222,000000,3.031,3.16424,2.95829,2.99504,6245427.877781628,0
LDO.V,D,20240223,000000,2.99304,3.21961,2.92959,3.08457,6494522.386416332,0
LDO.V,D,20240224,000000,3.08557,3.33323,3.01376,3.309,6956637.27295062,0
LDO.V,D,20240225,000000,3.30697,3.43503,3.25177,3.40786,6376267.777480822,0
LDO.V,D,20240226,000000,3.40983,3.69833,3.28707,3.63036,10536858.775436187,0
LDO.V,D,20240227,000000,3.63036,3.64655,3.44872,3.48539,5568699.669085608,0
LDO.V,D,20240228,000000,3.48739,3.5348,3.17278,3.4294,10581273.606666923,0
LDO.V,D,20240229,000000,3.4344,3.64635,3.28592,3.32596,9893654.182585003,0
LDO.V,D,20240301,000000,3.32696,3.44938,3.28509,3.34564,6434796.817503818,0
LDO.V,D,20240302,000000,3.34554,3.43467,3.31932,3.39332,4455526.898739462,0
LDO.V,D,20240303,000000,3.39833,3.5288,3.17114,3.34147,7392343.995921177,0
LDO.V,D,20240304,000000,3.3435,3.40429,3.16084,3.2786,6539162.451518346,0
LDO.V,D,20240305,000000,3.2796,3.62607,2.73494,3.07012,17558287.5570874,0
LDO.V,D,20240306,000000,3.06411,3.41678,3.00249,3.38886,7512358.216779863,0
LDO.V,D,20240307,000000,3.38969,3.53061,3.28277,3.45393,5473236.543573323,0
LDO.V,D,20240308,000000,3.45493,3.59452,3.31127,3.41948,7910317.633215723,0
LDO.V,D,20240309,000000,3.42149,3.45876,3.34952,3.37056,4077281.3520694845,0
LDO.V,D,20240310,000000,3.36952,3.4225,3.18806,3.21769,3578262.546046303,0
LDO.V,D,20240311,000000,3.21869,3.42827,3.15698,3.36867,5373895.704724785,0
LDO.V,D,20240312,000000,3.37274,3.39995,3.11147,3.26223,5706216.381081219,0
LDO.V,D,20240313,000000,3.26223,3.64195,3.24932,3.40404,7332349.884633523,0
LDO.V,D,20240314,000000,3.4027,3.43972,3.05479,3.18688,3794586.8190486296,0
LDO.V,D,20240315,000000,3.18488,3.21365,2.81073,2.93629,4898263.55561444,0
LDO.V,D,20240316,000000,2.93426,2.98946,2.65796,2.71132,5220997.1784121385,0
LDO.V,D,20240317,000000,2.7094,2.76351,2.55644,2.72653,4041536.1373101575,0
LDO.V,D,20240318,000000,2.72653,2.7413,2.42932,2.48885,13728428.822529314,0
LDO.V,D,20240319,000000,2.48785,2.55057,2.23317,2.30025,6338276.41193019,0
LDO.V,D,20240320,000000,2.30997,2.60183,2.24571,2.59797,6303211.2605080055,0
LDO.V,D,20240321,000000,2.67197,2.95117,2.6386,2.88634,5258071.3112261,0
LDO.V,D,20240322,000000,2.88334,2.95897,2.67537,2.70259,12182128.085944546,0
LDO.V,D,20240323,000000,2.70359,2.99997,2.69557,2.953,8877636.133323198,0
LDO.V,D,20240324,000000,2.951,3.18749,2.86269,3.12781,8701710.216076499,0
LDO.V,D,20240325,000000,3.12781,3.39956,3.09885,3.3025,12292303.884914013,0
LDO.V,D,20240326,000000,3.3055,3.37398,3.1035,3.15803,11690863.185966827,0
LDO.V,D,20240327,000000,3.15906,3.3017,2.94164,2.99092,22358991.3822057,0
LDO.V,D,20240328,000000,2.98992,2.98992,2.82888,2.8696,12144836.455533436,0
LDO.V,D,20240329,000000,2.8696,2.90041,2.79548,2.81635,9366076.119806208,0
LDO.V,D,20240330,000000,2.81632,2.89236,2.76927,2.78308,7113287.248309662,0
LDO.V,D,20240331,000000,2.78108,2.96994,2.75808,2.92835,11715253.700834254,0
LDO.V,D,20240401,000000,2.92935,2.97121,2.70784,2.81107,10828484.768088976,0
LDO.V,D,20240402,000000,2.81107,2.85428,2.56651,2.60604,8289774.432214134,0
LDO.V,D,20240403,000000,2.60704,2.68945,2.46401,2.50473,8501786.3838261,0
LDO.V,D,20240404,000000,2.50573,2.68607,2.5027,2.57562,12586322.704522578,0
LDO.V,D,20240405,000000,2.57762,2.69153,2.36159,2.58488,24203864.095969368,0
LDO.V,D,20240406,000000,2.58072,2.63724,2.49857,2.52163,6610160.236473936,0
LDO.V,D,20240407,000000,2.52163,2.709,2.51568,2.65424,11477519.887515267,0
LDO.V,D,20240408,000000,2.65524,3.04681,2.64426,2.96585,22923643.043375645,0
LDO.V,D,20240409,000000,2.96382,3.00982,2.70197,2.71875,15574961.843182925,0
LDO.V,D,20240410,000000,2.71878,2.73595,2.56456,2.59092,5994222.363583406,0
LDO.V,D,20240411,000000,2.59092,2.64971,2.47046,2.53318,6411620.645431566,0
LDO.V,D,20240412,000000,2.53418,2.58215,1.85189,2.11063,17387282.077124465,0
LDO.V,D,20240413,000000,2.10761,2.1277,1.50363,1.75442,18332952.80751274,0
LDO.V,D,20240414,000000,1.75142,2.02653,1.71839,2.0126,11693240.996671628,0
LDO.V,D,20240415,000000,2.0146,2.17108,1.95898,2.05035,8701266.757199902,0
LDO.V,D,20240416,000000,2.04735,2.08058,1.89889,2.0184,4094703.402032474,0
LDO.V,D,20240417,000000,2.0184,2.03228,1.86513,1.92679,2816352.0116106467,0
LDO.V,D,20240418,000000,1.92979,2.01,1.84491,1.9966,2631319.1092632003,0
LDO.V,D,20240419,000000,1.9936,2.05309,1.8392,2.00762,3484420.3394613485,0
LDO.V,D,20240420,000000,2.01166,2.11674,1.9538,2.10363,1997326.8886709942,0
LDO.V,D,20240421,000000,2.10963,2.14092,2.05143,2.08535,1882403.0505461758,0
LDO.V,D,20240422,000000,2.08635,2.16628,2.07341,2.15262,1881572.1615303939,0
LDO.V,D,20240423,000000,2.15362,2.17885,2.09488,2.10498,1716292.726443531,0
LDO.V,D,20240424,000000,2.10296,2.18782,2.00158,2.03213,2423196.380524509,0
LDO.V,D,20240425,000000,2.02813,2.0688,1.94757,2.05281,2769941.503117408,0
LDO.V,D,20240426,000000,2.04881,2.05282,1.93581,1.97179,1580320.6378771903,0
LDO.V,D,20240427,000000,1.97041,2.10568,1.87693,2.02218,2574697.232885072,0
LDO.V,D,20240428,000000,2.02518,2.16922,2.02018,2.14371,3713213.652660916,0
LDO.V,D,20240429,000000,2.14371,2.209,2.0236,2.074,9072235.455662306,0
LDO.V,D,20240430,000000,2.07038,2.25101,1.81615,1.8456,9646731.330731971,0
LDO.V,D,20240501,000000,1.8446,1.98691,1.81188,1.91412,8180427.102229956,0
LDO.V,D,20240502,000000,1.91313,1.99604,1.87311,1.9881,3325073.2553751976,0
LDO.V,D,20240503,000000,1.98808,2.18411,1.96408,2.16191,5349845.591474216,0
LDO.V,D,20240504,000000,2.16193,2.16291,2.06639,2.07421,2868346.8824723684,0
LDO.V,D,20240505,000000,2.07521,2.07721,2.0132,2.02422,2182023.603318038,0
LDO.V,D,20240506,000000,2.02524,2.079,1.93492,1.95404,4481400.186253074,0
LDO.V,D,20240507,000000,1.95302,2.0037,1.90396,1.98494,2679020.6685000616,0
LDO.V,D,20240508,000000,1.98494,2.01474,1.84248,1.88542,5897058.005903765,0
LDO.V,D,20240509,000000,1.88442,1.94616,1.84822,1.8937,3480990.1631084234,0
LDO.V,D,20240510,000000,1.8937,1.91273,1.75147,1.76947,5906316.97881864,0
LDO.V,D,20240511,000000,1.76947,1.80728,1.7426,1.77461,2482200.2611854365,0
LDO.V,D,20240512,000000,1.77361,1.79828,1.75651,1.78023,1267516.281689573,0
LDO.V,D,20240513,000000,1.78082,1.80519,1.6517,1.68481,6714449.715542338,0
LDO.V,D,20240514,000000,1.68481,1.70792,1.60018,1.6114,8797389.742248166,0
LDO.V,D,20240515,000000,1.60742,1.68224,1.56859,1.66598,7790089.272975291,0
LDO.V,D,20240516,000000,1.66698,1.67085,1.5055,1.63015,14883958.139256714,0
LDO.V,D,20240517,000000,1.63013,1.84117,1.60513,1.78361,16625172.891306238,0
LDO.V,D,20240518,000000,1.78261,1.8485,1.75733,1.7623,6700863.336294349,0
LDO.V,D,20240519,000000,1.7623,1.7893,1.71217,1.72988,4059384.780358754,0
LDO.V,D,20240520,000000,1.7299,2.15986,1.684,2.15084,21995172.526936132,0
LDO.V,D,20240521,000000,2.14882,2.41042,2.02616,2.2505,48667651.39117383,0
LDO.V,D,20240522,000000,2.25041,2.27934,2.04441,2.0901,18816949.751572795,0
LDO.V,D,20240523,000000,2.09012,2.27138,2.02582,2.17661,31033061.941028476,0
LDO.V,D,20240524,000000,2.17763,2.48726,2.10518,2.32672,42778589.16087013,0
LDO.V,D,20240525,000000,2.32572,2.61606,2.3137,2.43651,20405918.97790165,0
LDO.V,D,20240526,000000,2.43651,2.70362,2.40474,2.60827,22582995.986879308,0
LDO.V,D,20240527,000000,2.60701,2.68139,2.46451,2.49745,27377568.566534482,0
LDO.V,D,20240528,000000,2.49745,2.54571,2.34207,2.36188,23740310.983108435,0
LDO.V,D,20240529,000000,2.36388,2.43381,2.29589,2.3614,14681829.223378522,0
LDO.V,D,20240530,000000,2.35838,2.40354,2.21089,2.37817,9905093.602509892,0
LDO.V,D,20240531,000000,2.37917,2.55821,2.3127,2.55496,14682961.930963214,0
LDO.V,D,20240601,000000,2.55598,2.5918,2.42182,2.45082,8332906.5007866165,0
LDO.V,D,20240602,000000,2.45104,2.47802,2.32056,2.35175,8992368.486199182,0
LDO.V,D,20240603,000000,2.35175,2.43746,2.29363,2.29563,8882537.748425515,0
LDO.V,D,20240604,000000,2.29561,2.34695,2.26232,2.322,6271144.115997394,0
LDO.V,D,20240605,000000,2.322,2.35924,2.23687,2.29323,12119948.526937438,0
LDO.V,D,20240606,000000,2.29321,2.29323,2.14427,2.1873,9747882.877042092,0
LDO.V,D,20240607,000000,2.18828,2.28322,1.83451,2.04322,14117971.492002362,0
LDO.V,D,20240608,000000,2.04224,2.06605,1.91477,1.91779,7285096.699530604,0
LDO.V,D,20240609,000000,1.91677,1.9758,1.90677,1.92271,4989739.268386928,0
LDO.V,D,20240610,000000,1.92319,1.9415,1.85463,1.8695,12676682.222467884,0
LDO.V,D,20240611,000000,1.8695,1.88115,1.76008,1.85361,15050792.207602683,0
LDO.V,D,20240612,000000,1.85161,2.05418,1.76682,2.00234,11772035.33369237,0
LDO.V,D,20240613,000000,2.00234,2.01544,1.84339,1.86625,7358038.600767671,0
LDO.V,D,20240614,000000,1.86725,2.01275,1.81689,1.98761,14574220.185896015,0
LDO.V,D,20240615,000000,1.99061,2.0994,1.95058,2.05983,12396533.203601293,0
LDO.V,D,20240616,000000,2.05883,2.24252,1.97078,2.16027,13384435.83916399,0
LDO.V,D,20240617,000000,2.15927,2.19937,1.98918,1.99208,20571524.560284007,0
LDO.V,D,20240618,000000,1.99408,2.17689,1.75368,2.14782,34628781.966981664,0
LDO.V,D,20240619,000000,2.14882,2.41101,2.13285,2.39004,39529510.90005433,0
LDO.V,D,20240620,000000,2.39104,2.40004,2.18386,2.31635,27599384.793820914,0
LDO.V,D,20240621,000000,2.32135,2.38214,2.18193,2.2526,15265918.909784248,0
LDO.V,D,20240622,000000,2.2526,2.27745,2.13923,2.19812,9497504.884549404,0
LDO.V,D,20240623,000000,2.19712,2.25962,2.05201,2.09056,13068429.57787083,0
LDO.V,D,20240624,000000,2.08956,2.44229,1.99176,2.40524,30655689.004334837,0
LDO.V,D,20240625,000000,2.40624,2.4585,2.2775,2.31958,27881961.744567014,0
LDO.V,D,20240626,000000,2.31856,2.49937,2.26552,2.41909,22852822.435716316,0
LDO.V,D,20240627,000000,2.41816,2.47422,2.30662,2.34369,15024529.505770227,0
LDO.V,D,20240628,000000,2.34386,2.43946,1.91025,1.91917,32735099.841620218,0
LDO.V,D,20240629,000000,1.91718,2.00469,1.85035,1.92372,33875566.65556711,0
LDO.V,D,20240630,000000,1.92271,1.9726,1.89157,1.93098,12659333.686802525,0
LDO.V,D,20240701,000000,1.93098,2.09465,1.93098,2.01876,20034474.948311947,0
LDO.V,D,20240702,000000,2.01876,2.05092,1.90058,1.90595,15997593.09793045,0
LDO.V,D,20240703,000000,1.90794,1.9171,1.69815,1.72708,13658478.964177294,0
LDO.V,D,20240704,000000,1.72808,1.77904,1.65584,1.68504,17792873.860945996,0
LDO.V,D,20240705,000000,1.68606,1.69503,1.41462,1.59413,18115033.38189771,0
LDO.V,D,20240706,000000,1.59513,1.6562,1.54112,1.62705,12748930.727717502,0
LDO.V,D,20240707,000000,1.62603,1.65512,1.51054,1.58093,8179431.520732475,0
LDO.V,D,20240708,000000,1.58104,1.6937,1.50816,1.56586,13124113.106083952,0
LDO.V,D,20240709,000000,1.56586,1.63957,1.52471,1.57897,8678923.770641582,0
LDO.V,D,20240710,000000,1.58397,1.70966,1.53405,1.65887,15446503.52210213,0
LDO.V,D,20240711,000000,1.65887,1.68983,1.59129,1.60595,11775100.90933404,0
LDO.V,D,20240712,000000,1.60495,1.71148,1.557,1.70232,12672194.481951019,0
LDO.V,D,20240713,000000,1.70132,1.74031,1.66728,1.6753,7919492.502779121,0
LDO.V,D,20240714,000000,1.6768,1.74983,1.6579,1.73723,10980905.011022333,0
LDO.V,D,20240715,000000,1.73662,1.80133,1.72752,1.77189,13328946.631020123,0
LDO.V,D,20240716,000000,1.77189,1.85658,1.7115,1.82046,12991136.788928546,0
LDO.V,D,20240717,000000,1.82246,2.04825,1.80647,1.97918,30833328.616588295,0
LDO.V,D,20240718,000000,1.98018,2.03596,1.86785,1.91862,18324117.997772668,0
LDO.V,D,20240719,000000,1.91762,1.97469,1.8487,1.94582,11295008.28427089,0
LDO.V,D,20240720,000000,1.94682,1.97089,1.89474,1.91981,6816469.062781873,0
LDO.V,D,20240721,000000,1.92081,1.96425,1.8288,1.94659,7829382.109946782,0
LDO.V,D,20240722,000000,1.94341,1.97,1.77653,1.77753,10739566.142486898,0
LDO.V,D,20240723,000000,1.77653,1.89679,1.73223,1.75119,16178780.152248593,0
LDO.V,D,20240724,000000,1.75021,1.79716,1.62882,1.6487,10691640.640752893,0
LDO.V,D,20240725,000000,1.6497,1.6497,1.47665,1.52256,18395965.44375184,0
LDO.V,D,20240726,000000,1.5246,1.61871,1.50962,1.5711,11859795.85130339,0
LDO.V,D,20240727,000000,1.5717,1.68421,1.55166,1.66855,10878378.850920208,0
LDO.V,D,20240728,000000,1.66997,1.67543,1.55979,1.56866,8718102.636677027,0
LDO.V,D,20240729,000000,1.56896,1.66232,1.55537,1.61212,8097555.0334781185,0
LDO.V,D,20240730,000000,1.61102,1.64847,1.56337,1.58942,7384900.896428778,0
LDO.V,D,20240731,000000,1.59182,1.69254,1.57265,1.62708,6063252.613761185,0
LDO.V,D,20240801,000000,1.62591,1.64464,1.43502,1.51616,7761433.9003011,0
LDO.V,D,20240802,000000,1.51616,1.60034,1.40857,1.42895,8173354.463757492,0
LDO.V,D,20240803,000000,1.42856,1.46011,1.27597,1.31397,12626739.36118288,0
LDO.V,D,20240804,000000,1.31257,1.35632,1.18938,1.25933,10013546.26398902,0
LDO.V,D,20240805,000000,1.25684,1.27433,0.893928,1.01819,42259703.074403256,0
LDO.V,D,20240806,000000,1.01919,1.17618,1.01714,1.13243,19441883.580340695,0
LDO.V,D,20240807,000000,1.13043,1.17142,1.00117,1.0131,12371900.904226853,0
LDO.V,D,20240808,000000,1.0121,1.17776,0.99328,1.17035,4852103.087748602,0
LDO.V,D,20240809,000000,1.17135,1.17933,1.07421,1.10534,7592069.643511161,0
LDO.V,D,20240810,000000,1.10434,1.12021,1.08117,1.11321,6897181.487182252,0
LDO.V,D,20240811,000000,1.11421,1.13016,1.01511,1.0291,6960365.067924647,0
LDO.V,D,20240812,000000,1.0271,1.12832,1.01403,1.06412,7602642.121002351,0
LDO.V,D,20240813,000000,1.06612,1.09512,1.0362,1.07713,6745543.356150022,0
LDO.V,D,20240814,000000,1.07713,1.10444,1.04332,1.05908,6016586.973648031,0
LDO.V,D,20240815,000000,1.05608,1.08615,0.972097,0.986187,6637624.429867436,0
LDO.V,D,20240816,000000,0.985187,1.0283,0.960182,1.01228,7041877.049915422,0
LDO.V,D,20240817,000000,1.01271,1.06679,1.00122,1.05439,3907943.116202988,0
LDO.V,D,20240818,000000,1.05509,1.11891,1.05348,1.06461,5671867.460559831,0
LDO.V,D,20240819,000000,1.06221,1.07498,1.0232,1.04323,7893170.336849359,0
LDO.V,D,20240820,000000,1.04323,1.09055,1.03016,1.07401,8229677.5683343075,0
LDO.V,D,20240821,000000,1.07501,1.12231,1.03904,1.11308,7942732.089404388,0
LDO.V,D,20240822,000000,1.1151,1.14615,1.0952,1.12306,5210094.5626835795,0
LDO.V,D,20240823,000000,1.12206,1.31359,1.11606,1.31103,14348327.792485025,0
LDO.V,D,20240824,000000,1.31103,1.35442,1.26385,1.27945,10496116.063596593,0
LDO.V,D,20240825,000000,1.28145,1.29739,1.20842,1.25544,6004050.770133187,0
LDO.V,D,20240826,000000,1.25744,1.26544,1.17621,1.17621,4767367.192391641,0
LDO.V,D,20240827,000000,1.17721,1.2081,1.08391,1.098,5578897.58576718,0
LDO.V,D,20240828,000000,1.09701,1.10989,1.01408,1.05109,7233211.345166031,0
LDO.V,D,20240829,000000,1.05109,1.10717,1.02906,1.04999,5813936.274862814,0
LDO.V,D,20240830,000000,1.04999,1.07402,1.00979,1.06686,5860316.851141405,0
LDO.V,D,20240831,000000,1.06686,1.07485,1.04095,1.05979,3090138.5502659366,0
LDO.V,D,20240901,000000,1.06151,1.07277,1.02082,1.04081,4126309.735778481,0
LDO.V,D,20240902,000000,1.04082,1.0858,0.9919,1.06682,6966137.846968517,0
LDO.V,D,20240903,000000,1.06679,1.08092,0.99758,1.00772,5955908.8765341835,0
LDO.V,D,20240904,000000,1.0068,1.053,0.927749,1.02587,10160803.951079397,0
LDO.V,D,20240905,000000,1.02589,1.0299,0.957751,0.968651,7233831.685396098,0
LDO.V,D,20240906,000000,0.967806,0.991633,0.877543,0.911526,9773681.40168742,0
LDO.V,D,20240907,000000,0.909527,0.937887,0.906937,0.908909,8400219.256802762,0
LDO.V,D,20240908,000000,0.922023,0.963298,0.906918,0.928907,6354138.809871109,0
LDO.V,D,20240909,000000,0.930372,1.02013,0.929535,1.01418,6277394.424570842,0
LDO.V,D,20240910,000000,1.01318,1.03699,0.99097,1.02393,5005181.1939252,0
LDO.V,D,20240911,000000,1.03181,1.03732,0.964846,1.01309,6609027.141552036,0
LDO.V,D,20240912,000000,1.01309,1.03923,1.00708,1.02422,5287779.642351139,0
LDO.V,D,20240913,000000,1.02511,1.07594,1.01119,1.07073,4139787.872424217,0
LDO.V,D,20240914,000000,1.07143,1.08073,1.01382,1.02758,3879389.410158882,0
LDO.V,D,20240915,000000,1.0275,1.0475,1.00013,1.00841,3457450.743376857,0
LDO.V,D,20240916,000000,1.00821,1.0133,0.957209,0.970915,4618281.883472965,0
LDO.V,D,20240917,000000,0.970616,1.02151,0.957523,0.99799,4900364.333233691,0
LDO.V,D,20240918,000000,0.99689,1.006,0.940925,0.99703,10178785.742081488,0
LDO.V,D,20240919,000000,0.99703,1.07329,0.99703,1.0481,10763242.724388348,0
LDO.V,D,20240920,000000,1.04812,1.16508,1.02113,1.1131,24818536.64502312,0
LDO.V,D,20240921,000000,1.11222,1.1411,1.08399,1.12611,10403485.120110676,0
LDO.V,D,20240922,000000,1.12511,1.18308,1.08999,1.09,14598295.681232046,0
LDO.V,D,20240923,000000,1.08889,1.18795,1.07609,1.18595,10234547.227022693,0
LDO.V,D,20240924,000000,1.18594,1.25391,1.16979,1.24394,12532450.512390323,0
LDO.V,D,20240925,000000,1.24593,1.29484,1.22693,1.25079,10595593.159659492,0
LDO.V,D,20240926,000000,1.24979,1.28477,1.20269,1.23912,7956223.0571956225,0
LDO.V,D,20240927,000000,1.23812,1.39518,1.23511,1.35424,10065168.99733799,0
LDO.V,D,20240928,000000,1.35524,1.38218,1.30518,1.33315,6689026.4203049345,0
LDO.V,D,20240929,000000,1.33273,1.35395,1.29165,1.33946,4823713.547271674,0
LDO.V,D,20240930,000000,1.33846,1.34681,1.28049,1.31158,7260882.216170381,0
LDO.V,D,20241001,000000,1.31158,1.35739,1.1057,1.1537,13992774.77372436,0
LDO.V,D,20241002,000000,1.1527,1.17471,1.01893,1.04073,12268395.275896505,0
LDO.V,D,20241003,000000,1.04072,1.05984,0.983862,1.02388,11059933.472146025,0
LDO.V,D,20241004,000000,1.02288,1.06687,0.99977,1.05499,10672554.58395346,0
LDO.V,D,20241005,000000,1.05598,1.08591,1.02984,1.04184,5099354.423443261,0
LDO.V,D,20241006,000000,1.042,1.07783,1.04083,1.05382,2417465.7615029365,0
LDO.V,D,20241007,000000,1.05683,1.14778,1.05682,1.09767,7483928.893490036,0
LDO.V,D,20241008,000000,1.09567,1.09742,1.05839,1.08322,6021038.094131379,0
LDO.V,D,20241009,000000,1.08268,1.09031,1.01311,1.0271,6065221.351974081,0
LDO.V,D,20241010,000000,1.0261,1.05682,1.00864,1.03089,6491458.878989181,0
LDO.V,D,20241011,000000,1.03107,1.09164,1.02388,1.07185,6052585.830844606,0
LDO.V,D,20241012,000000,1.07186,1.09568,1.06654,1.08567,4265575.323711864,0
LDO.V,D,20241013,000000,1.08511,1.08567,1.01349,1.04657,4115847.168655856,0
LDO.V,D,20241014,000000,1.04557,1.18747,1.03457,1.18381,13015127.686676186,0
LDO.V,D,20241015,000000,1.18481,1.20266,1.10379,1.12072,11684863.287568621,0
LDO.V,D,20241016,000000,1.11872,1.15576,1.0896,1.11677,7478935.325197027,0
LDO.V,D,20241017,000000,1.11677,1.13761,1.06465,1.08261,8342913.779961344,0
LDO.V,D,20241018,000000,1.08361,1.13489,1.08054,1.12085,5678158.761096198,0
LDO.V,D,20241019,000000,1.12085,1.14676,1.10285,1.12574,2868691.6567743164,0
LDO.V,D,20241020,000000,1.12766,1.22558,1.11367,1.19261,7262201.294064167,0
LDO.V,D,20241021,000000,1.19236,1.2256,1.14233,1.16551,8394365.632413188,0
LDO.V,D,20241022,000000,1.16451,1.17718,1.12406,1.14318,6151325.443598204,0
LDO.V,D,20241023,000000,1.14418,1.15318,1.06048,1.08685,5599598.1114064995,0
LDO.V,D,20241024,000000,1.08584,1.116,1.07989,1.10602,4837163.793521698,0
LDO.V,D,20241025,000000,1.10714,1.11031,1.03694,1.06258,5066185.324990162,0
LDO.V,D,20241026,000000,1.06189,1.06248,0.96857,1.01267,9389565.188746708,0
LDO.V,D,20241027,000000,1.01267,1.04959,1.00764,1.03916,3211263.9640896386,0
LDO.V,D,20241028,000000,1.04066,1.05399,0.98803,1.04217,7153718.03293305,0
LDO.V,D,20241029,000000,1.04427,1.10683,1.03928,1.08765,8307703.331984238,0
LDO.V,D,20241030,000000,1.08766,1.17553,1.07372,1.12564,12431907.662116582,0
LDO.V,D,20241031,000000,1.12664,1.13761,1.02624,1.03964,10421492.518684115,0
LDO.V,D,20241101,000000,1.03764,1.06725,1.01758,1.02729,9345503.068270998,0
LDO.V,D,20241102,000000,1.02729,1.04269,0.987484,0.994312,3798188.1522096694,0
LDO.V,D,20241103,000000,0.994621,1.001569,0.923695,0.960625,6082954.293339674,0
LDO.V,D,20241104,000000,0.959616,0.988387,0.91535,0.941265,7216461.874030869,0
LDO.V,D,20241105,000000,0.941923,0.990903,0.935001,0.976183,5626797.281771331,0
LDO.V,D,20241106,000000,0.975883,1.41413,0.971413,1.39083,51955507.8940878,0
LDO.V,D,20241107,000000,1.39183,1.44668,1.26272,1.30565,42513509.561598904,0
LDO.V,D,20241108,000000,1.30664,1.31884,1.222,1.25882,22141996.384136666,0
LDO.V,D,20241109,000000,1.25982,1.37469,1.23837,1.33339,22787017.23700641,0
LDO.V,D,20241110,000000,1.33339,1.48176,1.21745,1.28372,60548813.87710178,0
LDO.V,D,20241111,000000,1.28472,1.33239,1.22494,1.27345,41203423.472057216,0
LDO.V,D,20241112,000000,1.27344,1.31382,1.13757,1.21279,38604190.55962399,0
LDO.V,D,20241113,000000,1.21179,1.22097,1.07147,1.15527,24086176.988332946,0
LDO.V,D,20241114,000000,1.15427,1.20856,1.1002,1.13514,14877882.577216862,0
LDO.V,D,20241115,000000,1.13514,1.18537,1.07128,1.17834,15449586.334259646,0
LDO.V,D,20241116,000000,1.17835,1.25256,1.16347,1.22043,13311347.525705654,0
LDO.V,D,20241117,000000,1.22043,1.24356,1.134,1.14305,13036553.255743291,0
LDO.V,D,20241118,000000,1.14205,1.25444,1.13603,1.24912,20062023.21363342,0
LDO.V,D,20241119,000000,1.24912,1.27169,1.15461,1.17047,14045100.23192219,0
LDO.V,D,20241120,000000,1.17048,1.19783,1.08793,1.12077,12050068.513701763,0
LDO.V,D,20241121,000000,1.12177,1.26344,1.07895,1.22615,17738639.361616753,0
LDO.V,D,20241122,000000,1.22555,1.25629,1.18303,1.22426,14054295.47471163,0
LDO.V,D,20241123,000000,1.22527,1.41987,1.22326,1.37749,28220635.826026093,0
LDO.V,D,20241124,000000,1.37749,1.49219,1.27337,1.45946,30624751.03036224,0
LDO.V,D,20241125,000000,1.46046,1.78412,1.40353,1.70657,53445068.83833163,0
LDO.V,D,20241126,000000,1.70457,1.70966,1.51514,1.60041,24373573.609996546,0
LDO.V,D,20241127,000000,1.60039,1.82817,1.57823,1.81081,32047157.371353876,0
LDO.V,D,20241128,000000,1.81181,1.8538,1.63733,1.70509,21756239.78176785,0
LDO.V,D,20241129,000000,1.70407,1.77329,1.69215,1.75927,9726608.777572686,0
LDO.V,D,20241130,000000,1.76028,1.88479,1.73259,1.83974,14368509.981910326,0
LDO.V,D,20241201,000000,1.83974,1.87084,1.7412,1.80792,12133455.121207291,0
LDO.V,D,20241202,000000,1.80694,1.85832,1.66447,1.80665,20213127.18661593,0
LDO.V,D,20241203,000000,1.80565,2.07958,1.80565,2.02934,29271268.77270654,0
LDO.V,D,20241204,000000,2.03032,2.25826,2.002,2.10284,27646453.87314629,0
LDO.V,D,20241205,000000,2.10183,2.26674,1.97103,2.08733,22848139.49639461,0
LDO.V,D,20241206,000000,2.08708,2.37196,2.03509,2.27024,26804859.531897172,0
LDO.V,D,20241207,000000,2.27024,2.31121,2.13373,2.15551,11772377.076474052,0
LDO.V,D,20241208,000000,2.15751,2.18873,2.08704,2.16021,8554912.906460004,0
LDO.V,D,20241209,000000,2.15719,2.17552,1.67077,1.81354,17736666.99844776,0
LDO.V,D,20241210,000000,1.81054,1.90938,1.65922,1.82091,20282485.710693922,0
LDO.V,D,20241211,000000,1.81991,1.93926,1.75788,1.91894,10301021.80423466,0
LDO.V,D,20241212,000000,1.91896,2.3789,1.89227,2.24352,35072059.79110003,0
LDO.V,D,20241213,000000,2.24352,2.35407,2.14049,2.14741,15515612.281490566,0
LDO.V,D,20241214,000000,2.14641,2.33186,2.14441,2.1978,17042141.993992608,0
LDO.V,D,20241215,000000,2.1968,2.36422,2.15818,2.28352,17630962.32414705,0
LDO.V,D,20241216,000000,2.28452,2.48758,2.18369,2.24861,23785899.04206218,0
LDO.V,D,20241217,000000,2.24763,2.318,2.05637,2.08679,15164690.129224932,0
LDO.V,D,20241218,000000,2.08479,2.09613,1.86851,1.93221,12169764.910258748,0
LDO.V,D,20241219,000000,1.93323,1.93523,1.52532,1.63751,21968666.99437507,0
LDO.V,D,20241220,000000,1.63651,1.71971,1.39571,1.69586,18894441.569591656,0
LDO.V,D,20241221,000000,1.69686,1.85304,1.64521,1.66302,10248516.874029951,0
LDO.V,D,20241222,000000,1.66102,1.77663,1.639,1.74192,8807756.728322806,0
LDO.V,D,20241223,000000,1.74093,1.84654,1.66358,1.84354,9942668.10483081,0
LDO.V,D,20241224,000000,1.84354,2.01141,1.76241,1.9695,10272413.382862756,0
LDO.V,D,20241225,000000,1.9685,1.98169,1.85133,1.8883,6644341.576395863,0
LDO.V,D,20241226,000000,1.88832,1.93451,1.74515,1.77503,9581039.549908247,0
LDO.V,D,20241227,000000,1.77403,2.00152,1.75784,1.89423,11643806.730562856,0
LDO.V,D,20241228,000000,1.89625,1.94035,1.80498,1.92438,6663383.38538996,0
LDO.V,D,20241229,000000,1.92637,1.92637,1.7504,1.77154,4131867.5905206683,0
LDO.V,D,20241230,000000,1.77154,1.94302,1.76156,1.87059,11302372.128655262,0
LDO.V,D,20241231,000000,1.86961,1.90254,1.74575,1.75571,9549589.07203728,0
LDO.V,D,20250101,000000,1.75573,1.8492,1.70754,1.81819,6496356.5602968065,0
LDO.V,D,20250102,000000,1.8162,1.94828,1.80019,1.86709,6713837.48708929,0
LDO.V,D,20250103,000000,1.86609,2.00426,1.81053,1.98323,6364365.368157406,0
LDO.V,D,20250104,000000,1.98323,2.09435,1.97339,2.06271,10944966.62200853,0
LDO.V,D,20250105,000000,2.05949,2.13265,2.00672,2.11957,9713994.031311274,0
LDO.V,D,20250106,000000,2.12347,2.1435,2.0043,2.01566,10312883.22315671,0
LDO.V,D,20250107,000000,2.01218,2.03311,1.78458,1.79305,11144803.793742113,0
LDO.V,D,20250108,000000,1.79205,1.80135,1.58076,1.6635,13883458.818182787,0
LDO.V,D,20250109,000000,1.6635,1.68821,1.55209,1.5872,8781645.627221089,0
LDO.V,D,20250110,000000,1.59549,1.70041,1.56881,1.61686,11915290.680978203,0
LDO.V,D,20250111,000000,1.61716,1.63645,1.5728,1.59703,6553165.429025162,0
LDO.V,D,20250112,000000,1.59633,1.60751,1.53746,1.54156,7234952.845943816,0
LDO.V,D,20250113,000000,1.53936,1.65171,1.40587,1.61522,16998125.1090171,0
LDO.V,D,20250114,000000,1.61782,1.88393,1.61052,1.86732,18606975.666389383,0
LDO.V,D,20250115,000000,1.86991,2.05218,1.784,2.04806,17170345.120415576,0
LDO.V,D,20250116,000000,2.04718,2.13439,1.93905,1.95005,19198678.237854965,0
LDO.V,D,20250117,000000,1.94933,2.03417,1.94905,1.99942,13720884.423391398,0
LDO.V,D,20250118,000000,2.00004,2.02315,1.71765,1.74051,17956168.23441781,0
LDO.V,D,20250119,000000,1.74051,1.829,1.58536,1.62275,25622752.784136686,0
LDO.V,D,20250120,000000,1.6312,1.92055,1.55942,1.89341,39906828.76259731,0
LDO.V,D,20250121,000000,1.88552,1.99454,1.71888,1.94949,25849777.5727644,0
LDO.V,D,20250122,000000,1.94865,2.02019,1.86562,1.87435,19570383.539348718,0
LDO.V,D,20250123,000000,1.87185,1.87655,1.71272,1.7963,18224515.06111391,0
LDO.V,D,20250124,000000,1.8013,2.107,1.79091,2.00224,34475795.63590938,0
LDO.V,D,20250125,000000,1.99922,2.02933,1.92083,1.97872,14935268.745748674,0
LDO.V,D,20250126,000000,1.97832,2.22418,1.96945,2.15136,23499531.960462,0
LDO.V,D,20250127,000000,2.15076,2.15398,1.82695,1.93022,18568406.507857803,0
LDO.V,D,20250128,000000,1.93032,1.97216,1.75432,1.78574,16200438.775948988,0
LDO.V,D,20250129,000000,1.78874,1.99948,1.76609,1.95812,18652331.58198571,0
LDO.V,D,20250130,000000,1.95632,2.18407,1.85856,2.12509,24749552.851574313,0
LDO.V,D,20250131,000000,2.12261,2.4273,2.03388,2.30743,36726303.714826554,0
LDO.V,D,20250201,000000,2.30393,2.34785,2.06258,2.0769,23197290.407260094,0
LDO.V,D,20250202,000000,2.0741,2.09523,1.78747,1.88833,36324955.39175132,0
LDO.V,D,20250203,000000,1.89225,1.94074,1.49625,1.92903,62196119.17494888,0
LDO.V,D,20250204,000000,1.92644,1.92868,1.62918,1.67572,29642581.40264214,0
LDO.V,D,20250205,000000,1.67972,1.85764,1.66307,1.69664,21597739.917018894,0
LDO.V,D,20250206,000000,1.69624,1.87834,1.67518,1.69052,22654640.308786716,0
LDO.V,D,20250207,000000,1.68992,1.79636,1.51599,1.52205,23147260.120750975,0
LDO.V,D,20250208,000000,1.53526,1.59032,1.46754,1.50802,29318947.877527412,0
LDO.V,D,20250209,000000,1.50902,1.59916,1.4162,1.47298,23549913.751673922,0
LDO.V,D,20250210,000000,1.47566,1.60326,1.45919,1.56587,17936518.34436504,0
LDO.V,D,20250211,000000,1.56337,1.69497,1.5537,1.57593,20658492.935186096,0
LDO.V,D,20250212,000000,1.57593,1.81999,1.461,1.70902,28081280.741995964,0
LDO.V,D,20250213,000000,1.71902,1.84353,1.64288,1.68073,31822786.749779627,0
LDO.V,D,20250214,000000,1.68073,1.91277,1.67613,1.83181,33363721.614554204,0
LDO.V,D,20250215,000000,1.83009,1.89705,1.78723,1.80228,20784796.752728842,0
