<TICKER>,<PER>,<DATE>,<TIME>,<OPEN>,<HIGH>,<LOW>,<CLOSE>,<VOL>,<OPENINT>
LQTY.V,D,20220515,000000,1.56201,1.63261,1.55178,1.57601,3814.6204048600007,0
LQTY.V,D,20220516,000000,1.59598,1.6924,1.47618,1.69223,16056.669675339994,0
LQTY.V,D,20220517,000000,1.68,1.95,1.62,1.7,42892.761620410034,0
LQTY.V,D,20220518,000000,1.7,1.75,1.57,1.6,18402.672070890047,0
LQTY.V,D,20220519,000000,1.6,1.67,1.56,1.67,19572.30043325008,0
LQTY.V,D,20220520,000000,1.67,1.69,1.56,1.58,5289.14729090397,0
LQTY.V,D,20220521,000000,1.58,1.62,1.56,1.61,5855.25020007998,0
LQTY.V,D,20220522,000000,1.61,1.77,1.57,1.64,21339.83558399999,0
LQTY.V,D,20220523,000000,1.30311,1.44325,1.30311,1.30324,24700.360209199996,0
LQTY.V,D,20220524,000000,1.30324,1.30337,1.30298,1.30298,36942.69161129998,0
LQTY.V,D,20220525,000000,1.45,1.47,1.30298,1.30324,7676.188701041004,0
LQTY.V,D,20220526,000000,1.30324,1.41464,1.30324,1.30351,6516.845942799999,0
LQTY.V,D,20220527,000000,1.30351,1.30675,1.19,1.30351,16905.255992060003,0
LQTY.V,D,20220528,000000,1.19,1.34,1.18,1.26,19461.48144006999,0
LQTY.V,D,20220529,000000,1.25,1.25,1.18,1.21,10426.01384024,0
LQTY.V,D,20220530,000000,1.21,1.29,1.19,1.25,9029.152504029997,0
LQTY.V,D,20220531,000000,1.27,1.5,1.27,1.34,34831.61351603001,0
LQTY.V,D,20220601,000000,1.32,1.32,1.2,1.2,4230.388769070002,0
LQTY.V,D,20220602,000000,1.2159,1.26966,1.16895,1.17234,11720.634203810003,0
LQTY.V,D,20220603,000000,1.18513,1.28749,1.16828,1.28749,8311.305439700001,0
LQTY.V,D,20220604,000000,1.20822,1.20884,1.12394,1.20884,10017.64197308,0
LQTY.V,D,20220605,000000,1.19822,1.21982,1.14,1.16,140210.55521323008,0
LQTY.V,D,20220606,000000,1.17,1.29,1.14,1.15,759737.838546379,0
LQTY.V,D,20220607,000000,1.17,1.24,1.1,1.24,562240.039220728,0
LQTY.V,D,20220608,000000,1.25,1.27,1.10815,1.10969,1905093.0120148207,0
LQTY.V,D,20220609,000000,1.0968,1.22318,1.07688,1.07688,1997143.4971434672,0
LQTY.V,D,20220610,000000,1.09209,1.12088,1.04331,1.06076,177520.90715965023,0
LQTY.V,D,20220611,000000,1.05,1.06,0.88,0.99,73061.16425095004,0
LQTY.V,D,20220612,000000,0.98,1.03,0.89,0.89,28294.192254110003,0
LQTY.V,D,20220613,000000,0.91,0.91,0.71,0.78,11672875.859638337,0
LQTY.V,D,20220614,000000,0.77,1.01,0.72,0.9,12205217.351028113,0
LQTY.V,D,20220615,000000,0.88,1.36,0.75,1.05,21910688.16735024,0
LQTY.V,D,20220616,000000,1.04084,1.33972,0.95785,1.19942,1940696.5202932076,0
LQTY.V,D,20220617,000000,1.35095,1.38828,1.02,1.08,7027687.011967298,0
LQTY.V,D,20220618,000000,1.08,1.12,0.85,0.92,5343544.811402271,0
LQTY.V,D,20220619,000000,0.950477,0.959658,0.858211,0.953255,84508.34714760998,0
LQTY.V,D,20220620,000000,0.97,1.12,0.92,0.99,146771.1312137899,0
LQTY.V,D,20220621,000000,0.97,1.07,0.94,0.96,524012.5224420697,0
LQTY.V,D,20220622,000000,0.96,1.05,0.93,0.96,326255.9255831998,0
LQTY.V,D,20220623,000000,0.94,1.07,0.89,1,199484.94406679017,0
LQTY.V,D,20220624,000000,0.98,1.03,0.97,1.02,1001445.4510844032,0
LQTY.V,D,20220625,000000,1.04,1.14,0.98,1.06,1015454.0964720026,0
LQTY.V,D,20220626,000000,1.05,1.13,1.03,1.07,306737.12372600037,0
LQTY.V,D,20220627,000000,1.07,1.16,1.01,1.12,240299.42069390047,0
LQTY.V,D,20220628,000000,1.094337,1.098945,1.025297,1.044824,135115.29061034002,0
LQTY.V,D,20220629,000000,1.04,1.1,1.01,1.03,119316.37853322002,0
LQTY.V,D,20220630,000000,1.04,1.08,0.971733,0.986515,550086.3557457062,0
LQTY.V,D,20220701,000000,0.984417,1.010787,0.943771,0.96224,670210.9902270526,0
LQTY.V,D,20220702,000000,0.95,0.99,0.93,0.96,114278.50015523982,0
LQTY.V,D,20220703,000000,0.99,1.12,0.9,0.97,146881.50003747013,0
LQTY.V,D,20220704,000000,0.97,1.000298,0.92,0.976826,40100.33115416,0
LQTY.V,D,20220705,000000,0.977725,1.028764,0.918988,0.974027,23288.761633159986,0
LQTY.V,D,20220706,000000,0.974027,1.009089,0.91709,0.93507,126979.03810733036,0
LQTY.V,D,20220707,000000,0.94466,1.001098,0.920586,0.964821,19933.91384307999,0
LQTY.V,D,20220708,000000,0.961423,1.079352,0.951743,1,18641.84524595,0
LQTY.V,D,20220709,000000,1.0001,1.078752,0.950829,0.97072,26677.095615020015,0
LQTY.V,D,20220710,000000,0.98,0.99,0.93,0.939636,20056.43571057,0
LQTY.V,D,20220711,000000,0.939636,0.949835,0.923253,0.930462,7156.84903802,0
LQTY.V,D,20220712,000000,0.926872,1.21878,0.907392,1.04045,112874.57974523008,0
LQTY.V,D,20220713,000000,1.07377,1.09031,0.93307,0.93316,45988.39107386999,0
LQTY.V,D,20220714,000000,0.93376,0.9953,0.92746,0.94634,24492.441696659997,0
LQTY.V,D,20220715,000000,0.94643,0.959724,0.917058,0.932527,36483.203021750014,0
LQTY.V,D,20220716,000000,0.939718,1.020194,0.905719,0.929914,36165.71364190001,0
LQTY.V,D,20220717,000000,0.929758,0.952887,0.909527,0.915444,22955.186315600007,0
LQTY.V,D,20220718,000000,0.918923,0.986152,0.918923,0.931586,74104.79769379998,0
LQTY.V,D,20220719,000000,0.931576,0.98081,0.925698,0.947652,36906.09501720002,0
LQTY.V,D,20220720,000000,0.946405,0.979951,0.929907,0.931047,38500.4618507,0
LQTY.V,D,20220721,000000,0.93053,0.973053,0.920255,0.968503,19343.9092676,0
LQTY.V,D,20220722,000000,0.964477,1.088416,0.95341,0.969213,64536.16148920001,0
LQTY.V,D,20220723,000000,0.969984,0.982159,0.950519,0.960425,15586.178654600002,0
LQTY.V,D,20220724,000000,0.983539,0.983618,0.93674,0.953191,9291.570144199999,0
LQTY.V,D,20220725,000000,0.943389,1.0799,0.911,0.934184,20679.382285699998,0
LQTY.V,D,20220726,000000,0.931293,0.999,0.8992,0.910982,38265.82596568802,0
LQTY.V,D,20220727,000000,0.907627,0.94263,0.885538,0.91872,30246.207217063995,0
LQTY.V,D,20220728,000000,0.917075,0.923309,0.9068,0.915674,24830.772322300007,0
LQTY.V,D,20220729,000000,0.927032,0.933903,0.912919,0.916376,22228.670651949997,0
LQTY.V,D,20220730,000000,0.916366,0.940329,0.898569,0.911792,20882.925958789994,0
LQTY.V,D,20220731,000000,0.914947,0.928723,0.911464,0.923231,16740.221974,0
LQTY.V,D,20220801,000000,0.928751,0.93301,0.898997,0.898997,9864.842479500003,0
LQTY.V,D,20220802,000000,0.900361,0.940257,0.893441,0.898162,15305.844696499984,0
LQTY.V,D,20220803,000000,0.898989,0.927148,0.891058,0.897615,17482.960384470003,0
LQTY.V,D,20220804,000000,0.897606,0.940175,0.888107,0.92402,30289.966736220013,0
LQTY.V,D,20220805,000000,0.898136,0.954243,0.892346,0.908273,48023.80852680001,0
LQTY.V,D,20220806,000000,0.912983,0.929486,0.908764,0.916965,35604.867926499996,0
LQTY.V,D,20220807,000000,0.938916,0.939525,0.897526,0.919975,20704.9428437,0
LQTY.V,D,20220808,000000,0.928576,1.250237,0.901426,1.199644,187060.1660049,0
LQTY.V,D,20220809,000000,1.179342,1.722862,1.090264,1.09743,899754.8003459095,0
LQTY.V,D,20220810,000000,1.102331,1.280976,1.027498,1.194858,132557.6187869102,0
LQTY.V,D,20220811,000000,1.195659,1.255214,1.105953,1.146104,85159.60699900005,0
LQTY.V,D,20220812,000000,1.132466,1.18149,1.123862,1.148216,29196.814094919988,0
LQTY.V,D,20220813,000000,1.153261,1.29951,1.068298,1.15844,122904.07273261997,0
LQTY.V,D,20220814,000000,1.157251,1.157263,0.991868,1.072632,83950.43990299995,0
LQTY.V,D,20220815,000000,1.0704,1.14961,1.032427,1.037739,63468.28988239995,0
LQTY.V,D,20220816,000000,1.04205,1.06028,1.00889,1.03088,40695.421084699985,0
LQTY.V,D,20220817,000000,1.03089,1.058,1.0064,1.02137,22173.623296230002,0
LQTY.V,D,20220818,000000,1.02128,1.0478,1.01271,1.03034,19299.185378920003,0
LQTY.V,D,20220819,000000,1.0237,1.0318,0.91189,0.9211,34635.822003099995,0
LQTY.V,D,20220820,000000,0.91847,0.97568,0.88088,0.94837,95874.77062750002,0
LQTY.V,D,20220821,000000,0.92046,0.92046,0.89444,0.89488,11588.178901,0
LQTY.V,D,20220822,000000,0.90603,0.94505,0.87902,0.89927,69486.06277790008,0
LQTY.V,D,20220823,000000,0.89926,0.93072,0.88718,0.91903,29411.326350800024,0
LQTY.V,D,20220824,000000,0.91899,1.01329,0.89777,0.93697,96491.08957887998,0
LQTY.V,D,20220825,000000,0.93696,1.07711,0.92486,0.99108,122282.27306876,0
LQTY.V,D,20220826,000000,0.99096,1.07543,0.94461,0.9589,44157.96033464,0
LQTY.V,D,20220827,000000,0.95859,1.04055,0.94022,0.94743,47740.05895010002,0
LQTY.V,D,20220828,000000,0.94003,0.96253,0.94003,0.9426,10445.023458999996,0
LQTY.V,D,20220829,000000,0.94182,0.95406,0.93235,0.95406,832.2705530000001,0
LQTY.V,D,20220830,000000,0.95247,0.954629,0.922046,0.936712,22315.550153000007,0
LQTY.V,D,20220831,000000,0.624702,0.731877,0.624702,0.73078,20727.437335,0
LQTY.V,D,20220901,000000,0.730587,0.930181,0.717358,0.911745,45317.822405199986,0
LQTY.V,D,20220902,000000,0.914891,0.962944,0.9036,0.907691,55344.838136000064,0
LQTY.V,D,20220903,000000,0.918147,0.919274,0.9094,0.9172,12312.725913700002,0
LQTY.V,D,20220904,000000,0.727588,0.727588,0.727515,0.727515,2520.014204,0
LQTY.V,D,20220905,000000,0.727515,0.8942,0.727515,0.877588,50535.306958299974,0
LQTY.V,D,20220906,000000,0.882688,0.977598,0.8799,0.8927,87225.61580600002,0
LQTY.V,D,20220907,000000,0.891662,0.967052,0.854351,0.896327,125424.33021119004,0
LQTY.V,D,20220908,000000,0.891107,0.891107,0.865017,0.879941,10410.216307699995,0
LQTY.V,D,20220909,000000,0.896116,0.915547,0.881097,0.893295,37536.74379650002,0
LQTY.V,D,20220910,000000,0.893366,0.909709,0.885001,0.900262,22928.44509,0
LQTY.V,D,20220911,000000,0.900433,0.919049,0.899761,0.910055,6302.332491,0
LQTY.V,D,20220912,000000,0.892952,0.940226,0.880376,0.880376,51354.67295469996,0
LQTY.V,D,20220913,000000,0.878549,0.943528,0.830734,0.850917,91946.3421142,0
LQTY.V,D,20220914,000000,0.851117,0.871852,0.828917,0.852113,62739.34301700001,0
LQTY.V,D,20220915,000000,0.864621,0.883924,0.829642,0.843949,62898.900377600046,0
LQTY.V,D,20220916,000000,0.837158,0.930107,0.810616,0.830417,26234.999624000007,0
LQTY.V,D,20220917,000000,0.821618,0.8907,0.8,0.808681,64464.182074000026,0
LQTY.V,D,20220918,000000,0.805,0.8373,0.7677,0.7873,69953.20790599998,0
LQTY.V,D,20220919,000000,0.7873,0.808119,0.7571,0.781678,66204.120365,0
LQTY.V,D,20220920,000000,0.780056,0.7994,0.7488,0.748875,80867.62626900001,0
LQTY.V,D,20220921,000000,0.747575,0.810181,0.718072,0.734473,177478.54506600002,0
LQTY.V,D,20220922,000000,0.7349,0.7642,0.7245,0.755524,73034.55242600002,0
LQTY.V,D,20220923,000000,0.7429,0.849815,0.7429,0.7982,105194.89697499992,0
LQTY.V,D,20220924,000000,0.812368,0.882912,0.809519,0.81889,109222.97195600005,0
LQTY.V,D,20220925,000000,0.8185,0.818582,0.731785,0.734178,50426.38277999999,0
LQTY.V,D,20220926,000000,0.735678,0.7601,0.729773,0.7375,27562.292975000026,0
LQTY.V,D,20220927,000000,0.7381,0.760324,0.720828,0.725927,82195.37156200004,0
LQTY.V,D,20220928,000000,0.726027,0.8792,0.718356,0.7428,244723.81076200004,0
LQTY.V,D,20220929,000000,0.7323,0.742326,0.71,0.7341,18212.068606999994,0
LQTY.V,D,20220930,000000,0.727073,0.7623,0.7227,0.7401,49329.498881,0
LQTY.V,D,20221001,000000,0.7401,0.7401,0.7213,0.7237,16219.981063999981,0
LQTY.V,D,20221002,000000,0.7207,0.772777,0.7128,0.729873,53896.94384600001,0
LQTY.V,D,20221003,000000,0.7294,0.7386,0.7144,0.733373,24141.76342799999,0
LQTY.V,D,20221004,000000,0.732873,0.774332,0.730773,0.765253,25296.44947199999,0
LQTY.V,D,20221005,000000,0.762753,0.772277,0.753975,0.772277,10201.948733999998,0
LQTY.V,D,20221006,000000,0.76603,0.785947,0.749257,0.765415,26077.96137600001,0
LQTY.V,D,20221007,000000,0.770739,0.772,0.741737,0.749905,14311.588528000002,0
LQTY.V,D,20221008,000000,0.749867,0.762361,0.749867,0.752775,7320.768803,0
LQTY.V,D,20221009,000000,0.745175,0.754351,0.740574,0.754351,1435.1704459999999,0
LQTY.V,D,20221010,000000,0.746149,0.749175,0.737952,0.738026,6026.362482000001,0
LQTY.V,D,20221011,000000,0.738026,0.7381,0.720128,0.727464,12918.491606999996,0
LQTY.V,D,20221012,000000,0.727298,0.739785,0.713879,0.730322,26415.898148999997,0
LQTY.V,D,20221013,000000,0.7304,0.7304,0.691958,0.729536,55286.04539999999,0
LQTY.V,D,20221014,000000,0.713236,0.750953,0.71015,0.715029,48490.434040800006,0
LQTY.V,D,20221015,000000,0.713629,0.725744,0.709428,0.722443,15253.186205999982,0
LQTY.V,D,20221016,000000,0.714621,0.735722,0.711636,0.732529,6508.632563999997,0
LQTY.V,D,20221017,000000,0.731815,0.739459,0.723914,0.735822,8002.782976,0
LQTY.V,D,20221018,000000,0.736107,0.737029,0.717386,0.723143,14735.181109000001,0
LQTY.V,D,20221019,000000,0.721536,0.732915,0.715993,0.718114,11169.367737999997,0
LQTY.V,D,20221020,000000,0.721007,0.735249,0.705636,0.73122,20007.184477000003,0
LQTY.V,D,20221021,000000,0.731756,0.736956,0.700651,0.725165,43604.143509,0
LQTY.V,D,20221022,000000,0.720143,0.74996,0.71925,0.719558,21196.349524999994,0
LQTY.V,D,20221023,000000,0.720665,0.741659,0.720658,0.736118,15810.058091999988,0
LQTY.V,D,20221024,000000,0.736081,0.760068,0.719114,0.725922,29250.07991499998,0
LQTY.V,D,20221025,000000,0.725958,0.774108,0.725136,0.726254,31574.068547999996,0
LQTY.V,D,20221026,000000,0.716644,0.776733,0.704169,0.754989,44488.16675499997,0
LQTY.V,D,20221027,000000,0.757504,0.772724,0.735147,0.74073,45116.69487400002,0
LQTY.V,D,20221028,000000,0.740552,0.910146,0.738944,0.768684,253926.43595199977,0
LQTY.V,D,20221029,000000,0.766338,0.835109,0.765861,0.776979,56925.525918,0
LQTY.V,D,20221030,000000,0.773801,0.812952,0.760367,0.795567,78243.59825500002,0
LQTY.V,D,20221031,000000,0.795967,0.831392,0.739041,0.739041,53389.40812600003,0
LQTY.V,D,20221101,000000,0.733663,0.756662,0.720577,0.72982,37291.779602,0
LQTY.V,D,20221102,000000,0.735226,0.829759,0.622825,0.675859,182263.08840000007,0
LQTY.V,D,20221103,000000,0.688266,0.725927,0.688266,0.699572,36839.10305099999,0
LQTY.V,D,20221104,000000,0.698693,1.197976,0.698693,0.765454,505711.0418849998,0
LQTY.V,D,20221105,000000,0.7875,0.8102,0.7325,0.7794,51125.522036000024,0
LQTY.V,D,20221106,000000,0.7728,0.7802,0.7269,0.739,27198.518636,0
LQTY.V,D,20221107,000000,0.7397,0.7435,0.7224,0.7224,15612.477363000004,0
LQTY.V,D,20221108,000000,0.7231,0.7238,0.588875,0.589463,39178.564019279984,0
LQTY.V,D,20221109,000000,0.6197,0.652275,0.595895,0.62992,61894.251823000035,0
LQTY.V,D,20221110,000000,0.682998,0.718559,0.569199,0.676898,37721.82864500002,0
LQTY.V,D,20221111,000000,0.655909,0.748208,0.554255,0.554255,39395.24573370007,0
LQTY.V,D,20221112,000000,0.559746,0.598621,0.499499,0.576161,9091.104298,0
LQTY.V,D,20221113,000000,0.533438,0.562442,0.452974,0.463243,9994.749934000001,0
LQTY.V,D,20221114,000000,0.479827,0.6658,0.479827,0.5597,71057.82298899998,0
LQTY.V,D,20221115,000000,0.5543,0.8871,0.5543,0.612,139097.63727400007,0
LQTY.V,D,20221116,000000,0.6153,0.8,0.6122,0.6487,116961.76673229993,0
LQTY.V,D,20221117,000000,0.6553,0.7843,0.6553,0.7654,48213.91769969999,0
LQTY.V,D,20221118,000000,0.7645,0.7974,0.6873,0.7021,59349.017966999956,0
LQTY.V,D,20221119,000000,0.7072,0.7384,0.6662,0.7039,14731.865896999992,0
LQTY.V,D,20221120,000000,0.7014,0.7219,0.6296,0.6301,11018.887930945002,0
LQTY.V,D,20221121,000000,0.63406,0.63406,0.5899,0.6096,31084.930742999997,0
LQTY.V,D,20221122,000000,0.6098,0.6749,0.554,0.6509,57962.9235347,0
LQTY.V,D,20221123,000000,0.690322,0.7781,0.64,0.6646,52527.24867782001,0
LQTY.V,D,20221124,000000,0.6531,0.6675,0.6315,0.6382,14639.44357500001,0
LQTY.V,D,20221125,000000,0.6345,0.6461,0.6251,0.6251,6718.843309000005,0
LQTY.V,D,20221126,000000,0.6244,0.6431,0.6152,0.6152,7655.010226000003,0
LQTY.V,D,20221127,000000,0.615,0.6409,0.6058,0.6091,14481.800348000008,0
LQTY.V,D,20221128,000000,0.6051,0.6105,0.5844,0.5851,12215.318915999978,0
LQTY.V,D,20221129,000000,0.5835,0.6121,0.5835,0.5951,12939.42426600001,0
LQTY.V,D,20221130,000000,0.5941,0.6353,0.5926,0.627,16113.669973999999,0
LQTY.V,D,20221201,000000,0.6272,0.6714,0.5992,0.6199,59208.694685999995,0
LQTY.V,D,20221202,000000,0.6091,0.6298,0.6043,0.6167,8816.687355400001,0
LQTY.V,D,20221203,000000,0.626638,0.626638,0.612,0.6121,7526.884560000017,0
LQTY.V,D,20221204,000000,0.612,0.6179,0.5964,0.6039,5683.724874000003,0
LQTY.V,D,20221205,000000,0.605,0.6555,0.605,0.6186,27984.640024999964,0
LQTY.V,D,20221206,000000,0.6108,0.6181,0.5959,0.5983,9235.635841000001,0
LQTY.V,D,20221207,000000,0.61,0.6324,0.5897,0.6024,17689.80009000001,0
LQTY.V,D,20221208,000000,0.5992,0.6243,0.5942,0.6016,24956.079666999998,0
LQTY.V,D,20221209,000000,0.6,0.6047,0.5866,0.5871,20508.78156600003,0
LQTY.V,D,20221210,000000,0.5871,0.6125,0.5801,0.5852,10065.44114000001,0
LQTY.V,D,20221211,000000,0.5811,0.6046,0.5811,0.5887,10706.214795,0
LQTY.V,D,20221212,000000,0.5839,0.6076,0.5732,0.5848,14398.462406000008,0
LQTY.V,D,20221213,000000,0.585,0.6115,0.5834,0.6066,8669.027247,0
LQTY.V,D,20221214,000000,0.6042,0.629,0.6008,0.6078,12068.160130000015,0
LQTY.V,D,20221215,000000,0.6101,0.6101,0.5892,0.5942,7940.166235000002,0
LQTY.V,D,20221216,000000,0.5915,0.6043,0.5713,0.5747,22244.38140699997,0
LQTY.V,D,20221217,000000,0.5655,0.5835,0.5654,0.574,4450.6639250000035,0
LQTY.V,D,20221218,000000,0.5778,0.581,0.5697,0.5736,8850.693624,0
LQTY.V,D,20221219,000000,0.5725,0.5836,0.5609,0.5609,5023.402331000006,0
LQTY.V,D,20221220,000000,0.5641,0.5911,0.5636,0.5825,5274.4070630000015,0
LQTY.V,D,20221221,000000,0.5796,0.5937,0.5718,0.5894,14303.043518000026,0
LQTY.V,D,20221222,000000,0.5978,0.6024,0.565,0.5881,14449.621668000022,0
LQTY.V,D,20221223,000000,0.5881,0.5976,0.5702,0.5795,13229.101654000002,0
LQTY.V,D,20221224,000000,0.5788,0.6082,0.57,0.593,10418.637912000006,0
LQTY.V,D,20221225,000000,0.5936,0.5936,0.5666,0.5775,6111.423741000003,0
LQTY.V,D,20221226,000000,0.5762,0.5882,0.5737,0.5759,6274.523944999996,0
LQTY.V,D,20221227,000000,0.5775,0.5829,0.5644,0.5705,6726.711665999986,0
LQTY.V,D,20221228,000000,0.5772,0.5812,0.564,0.5737,4049.319977000001,0
LQTY.V,D,20221229,000000,0.582397,0.582414,0.572659,0.572671,16558.37792,0
LQTY.V,D,20221230,000000,0.57473,0.575341,0.568338,0.571109,2733.973946,0
LQTY.V,D,20221231,000000,0.573025,0.581597,0.564923,0.571603,1886.881128,0
LQTY.V,D,20230101,000000,0.565711,0.581374,0.562647,0.56444,9817.727139000002,0
LQTY.V,D,20230102,000000,0.56564,0.578768,0.560764,0.575276,3004.0217350000007,0
LQTY.V,D,20230103,000000,0.571806,0.58042,0.568972,0.568972,5114.088618000001,0
LQTY.V,D,20230104,000000,0.599454,0.603353,0.588306,0.588418,8285.228551000002,0
LQTY.V,D,20230105,000000,0.588212,0.599032,0.582319,0.587877,7236.226170000003,0
LQTY.V,D,20230106,000000,0.585389,0.597179,0.580937,0.580937,7372.955581,0
LQTY.V,D,20230107,000000,0.588,0.5897,0.5852,0.5852,4460.5529387000015,0
LQTY.V,D,20230108,000000,0.5852,0.5869,0.5841,0.5847,3055.9946419999997,0
LQTY.V,D,20230109,000000,0.5872,0.6057,0.5869,0.6032,2403.9200559999995,0
LQTY.V,D,20230110,000000,0.6028,0.603,0.5861,0.587,13047.633428399995,0
LQTY.V,D,20230111,000000,0.5864,0.5969,0.5838,0.5845,6937.049974300008,0
LQTY.V,D,20230112,000000,0.5862,0.66,0.553,0.5899,80049.85470200006,0
LQTY.V,D,20230113,000000,0.5918,0.6084,0.5792,0.5944,29464.15657250001,0
LQTY.V,D,20230114,000000,0.5967,0.660166,0.578833,0.651626,31989.775107999994,0
LQTY.V,D,20230115,000000,0.643764,0.663426,0.583723,0.647594,20428.456603999995,0
LQTY.V,D,20230116,000000,0.649388,0.780234,0.586406,0.700514,47276.69337290006,0
LQTY.V,D,20230117,000000,0.703021,0.779994,0.579441,0.639864,24762.209392000022,0
LQTY.V,D,20230118,000000,0.634963,0.673047,0.564583,0.593958,45204.61514499998,0
LQTY.V,D,20230119,000000,0.594464,0.643936,0.583306,0.594382,20933.333492000012,0
LQTY.V,D,20230120,000000,0.595836,0.627,0.5764,0.603203,21261.430080999988,0
LQTY.V,D,20230121,000000,0.602408,0.64458,0.602408,0.638202,75351.91184999973,0
LQTY.V,D,20230122,000000,0.630707,0.639415,0.592395,0.614117,48529.62146799999,0
LQTY.V,D,20230123,000000,0.623725,0.682775,0.608191,0.64621,91985.999848,0
LQTY.V,D,20230124,000000,0.655805,0.678995,0.61278,0.665493,64299.816366999985,0
LQTY.V,D,20230125,000000,0.668567,0.668567,0.59063,0.613304,72544.74177799987,0
LQTY.V,D,20230126,000000,0.609116,0.677061,0.604915,0.672761,122960.38720700021,0
LQTY.V,D,20230127,000000,0.67186,0.697105,0.653237,0.671401,40140.30419599994,0
LQTY.V,D,20230128,000000,0.671028,0.719087,0.640647,0.660232,24730.91778599999,0
LQTY.V,D,20230129,000000,0.654951,0.750067,0.644703,0.730137,9635.556351000001,0
LQTY.V,D,20230130,000000,0.722429,0.722429,0.6374,0.674447,34938.970360999985,0
LQTY.V,D,20230131,000000,0.682448,0.718064,0.659247,0.695563,23608.480177000005,0
LQTY.V,D,20230201,000000,0.693721,0.714607,0.683721,0.712443,21404.62776899999,0
LQTY.V,D,20230202,000000,0.713443,0.725116,0.699298,0.712228,12565.940943,0
LQTY.V,D,20230203,000000,0.712542,0.716715,0.688269,0.706156,37518.893305999976,0
LQTY.V,D,20230204,000000,0.705249,0.714057,0.695435,0.706771,24110.51099900002,0
LQTY.V,D,20230205,000000,0.706857,0.706857,0.661939,0.681377,25621.906613000014,0
LQTY.V,D,20230206,000000,0.681877,0.722672,0.670167,0.67932,13792.109671999999,0
LQTY.V,D,20230207,000000,0.677627,0.694979,0.669993,0.693721,14344.252446199995,0
LQTY.V,D,20230208,000000,0.693535,0.7219,0.661453,0.687134,24990.371903999952,0
LQTY.V,D,20230209,000000,0.683141,0.691176,0.653598,0.655657,38286.32839699999,0
LQTY.V,D,20230210,000000,0.6499,0.806881,0.6498,0.663193,120427.67587539997,0
LQTY.V,D,20230211,000000,0.659899,0.716786,0.648171,0.70047,115877.95343869999,0
LQTY.V,D,20230212,000000,0.69847,0.715164,0.682202,0.70347,23497.338558999993,0
LQTY.V,D,20230213,000000,0.70337,1.112511,0.683171,1.089588,553453.7809483997,0
LQTY.V,D,20230214,000000,1.0625,1.0625,0.8,0.8699,243874.75421209977,0
LQTY.V,D,20230215,000000,0.853267,0.928404,0.784941,0.809238,111339.01481579998,0
LQTY.V,D,20230216,000000,0.809546,0.929139,0.774347,0.923886,120750.76530239994,0
LQTY.V,D,20230217,000000,0.934521,1.16967,0.822899,0.943494,214159.67348189972,0
LQTY.V,D,20230218,000000,0.949333,0.980196,0.875123,0.955162,99233.63939529995,0
LQTY.V,D,20230219,000000,0.953562,1.28716,0.939932,1.107255,133406.7388898,0
LQTY.V,D,20230220,000000,1.106932,1.164316,1.033807,1.139046,102184.55152389998,0
LQTY.V,D,20230221,000000,1.138846,1.141126,0.99487,0.99768,87004.6879067,0
LQTY.V,D,20230222,000000,0.99608,1.0593,0.94014,1.03688,121103.30166900002,0
LQTY.V,D,20230223,000000,1.03735,1.22193,1.03439,1.14078,350728.0124140998,0
LQTY.V,D,20230224,000000,1.14007,1.14083,0.98145,0.9897,109211.878624,0
LQTY.V,D,20230225,000000,0.99291,1.28662,0.98941,1.26588,102287.929827,0
LQTY.V,D,20230226,000000,1.26538,1.40074,1.07087,1.38741,156111.63210299975,0
LQTY.V,D,20230227,000000,1.38467,1.50121,1.22944,1.25259,110066.75756799994,0
LQTY.V,D,20230228,000000,1.25186,2.85006,1.24526,2.26989,2570415.3925809935,0
LQTY.V,D,20230301,000000,2.23482,2.41627,1.88417,1.90325,14505925.394516319,0
LQTY.V,D,20230302,000000,1.90225,1.99928,1.71505,1.82416,4316994.361947437,0
LQTY.V,D,20230303,000000,1.82509,2.12319,1.58062,1.98812,9124586.072620856,0
LQTY.V,D,20230304,000000,1.99012,2.18522,1.84009,1.94616,7796649.699922435,0
LQTY.V,D,20230305,000000,1.94916,2.37419,1.89609,2.26125,10979377.118209666,0
LQTY.V,D,20230306,000000,2.25825,2.51618,2.03992,2.13287,7927607.034495099,0
LQTY.V,D,20230307,000000,2.12872,2.19589,1.87189,1.92204,4131356.874748391,0
LQTY.V,D,20230308,000000,1.9219,2.036,1.70191,1.70593,2475201.8391556656,0
LQTY.V,D,20230309,000000,1.7008,1.95467,1.64765,1.74116,4015765.8249331065,0
LQTY.V,D,20230310,000000,1.74517,1.94721,1.60498,1.91176,4223934.0128271375,0
LQTY.V,D,20230311,000000,1.91375,2.3853,1.83314,2.19581,18611506.25756265,0
LQTY.V,D,20230312,000000,2.19206,2.27808,2.0016,2.11295,5323538.117371263,0
LQTY.V,D,20230313,000000,2.119,2.98936,2.06938,2.73186,12863907.56474092,0
LQTY.V,D,20230314,000000,2.73186,3.85164,2.67752,2.95409,25190777.4276595,0
LQTY.V,D,20230315,000000,2.95211,3.33941,2.51918,2.73343,22143759.761803355,0
LQTY.V,D,20230316,000000,2.73343,3.06593,2.57398,2.77088,14817570.432733778,0
LQTY.V,D,20230317,000000,2.78375,3.00647,2.5851,2.8515,8595031.854530996,0
LQTY.V,D,20230318,000000,2.77948,3.00166,2.63588,2.64087,9368093.214016568,0
LQTY.V,D,20230319,000000,2.63987,2.66196,2.40784,2.50958,8607537.792761128,0
LQTY.V,D,20230320,000000,2.50457,2.53435,2.14653,2.22411,7297742.6072821645,0
LQTY.V,D,20230321,000000,2.22308,2.50256,2.17362,2.36753,7538658.32721711,0
LQTY.V,D,20230322,000000,2.36755,2.47301,2.10643,2.17695,4664406.449333578,0
LQTY.V,D,20230323,000000,2.17996,2.30368,2.09257,2.25873,3878464.690981644,0
LQTY.V,D,20230324,000000,2.2647,2.40809,2.09019,2.14016,4470303.02853189,0
LQTY.V,D,20230325,000000,2.13737,2.23472,2.01101,2.07101,2558875.4849554673,0
LQTY.V,D,20230326,000000,2.067,2.14293,2.03673,2.06733,1804986.8792784768,0
LQTY.V,D,20230327,000000,2.06927,2.31858,2.04204,2.21804,5021392.930102099,0
LQTY.V,D,20230328,000000,2.22404,2.29685,2.00748,2.14081,4284097.665365178,0
LQTY.V,D,20230329,000000,2.14284,2.33079,2.13075,2.22738,3315657.713438532,0
LQTY.V,D,20230330,000000,2.23042,2.28455,2.09942,2.1386,2705495.8811353785,0
LQTY.V,D,20230331,000000,2.1386,2.16713,2.06274,2.13543,1646448.058203109,0
LQTY.V,D,20230401,000000,2.13543,2.35471,2.11297,2.26684,3972350.1861038376,0
LQTY.V,D,20230402,000000,2.26984,2.37917,2.15546,2.21437,2217193.2676931755,0
LQTY.V,D,20230403,000000,2.21637,2.37945,2.12372,2.19085,4062620.9054341866,0
LQTY.V,D,20230404,000000,2.19486,2.51606,2.19396,2.48427,4619359.924173348,0
LQTY.V,D,20230405,000000,2.48324,2.65314,2.39226,2.4439,3153140.234042487,0
LQTY.V,D,20230406,000000,2.44691,2.54725,2.35415,2.42182,2819377.204948644,0
LQTY.V,D,20230407,000000,2.42487,2.52824,2.34462,2.36475,1529426.3694077313,0
LQTY.V,D,20230408,000000,2.36675,2.40054,2.22389,2.23787,1543401.9956183115,0
LQTY.V,D,20230409,000000,2.23987,2.25917,2.15566,2.22133,1222230.5298362132,0
LQTY.V,D,20230410,000000,2.22349,2.26254,2.16549,2.23681,1435848.4820367116,0
LQTY.V,D,20230411,000000,2.23883,2.29779,2.18531,2.21119,1218000.1665173392,0
LQTY.V,D,20230412,000000,2.21116,2.21306,2.00268,2.08462,2452320.081916276,0
LQTY.V,D,20230413,000000,2.08262,2.17822,2.06402,2.14205,2439569.420252304,0
LQTY.V,D,20230414,000000,2.14205,2.43287,2.14205,2.39799,4203900.096132326,0
LQTY.V,D,20230415,000000,2.39596,2.49104,2.31517,2.32809,4121462.6927966364,0
LQTY.V,D,20230416,000000,2.33007,2.4222,2.27284,2.38264,2295095.683114817,0
LQTY.V,D,20230417,000000,2.38562,2.47058,2.25589,2.37838,3775270.6658495762,0
LQTY.V,D,20230418,000000,2.38443,2.52793,2.30802,2.39065,4193169.785508846,0
LQTY.V,D,20230419,000000,2.38836,2.44066,2.06774,2.12717,2202715.7406684547,0
LQTY.V,D,20230420,000000,2.12515,2.16876,2.01554,2.06221,1803158.6320053055,0
LQTY.V,D,20230421,000000,2.06212,2.17026,1.84482,1.85981,2767217.2528832285,0
LQTY.V,D,20230422,000000,1.86081,1.942,1.84813,1.88919,1405070.6343855918,0
LQTY.V,D,20230423,000000,1.89619,1.92012,1.75239,1.77309,919416.889116334,0
LQTY.V,D,20230424,000000,1.77109,1.84089,1.73112,1.77704,1011593.6221293232,0
LQTY.V,D,20230425,000000,1.78005,1.82335,1.6901,1.82142,1429366.82170376,0
LQTY.V,D,20230426,000000,1.82742,1.89832,1.6573,1.75656,1536930.3300267141,0
LQTY.V,D,20230427,000000,1.75756,1.84335,1.74556,1.81871,1077638.2196276446,0
LQTY.V,D,20230428,000000,1.8166,1.87659,1.75575,1.87046,1175281.1311942665,0
LQTY.V,D,20230429,000000,1.87044,1.89625,1.8053,1.83508,1023587.4003469133,0
LQTY.V,D,20230430,000000,1.83907,1.84881,1.75005,1.75902,835990.9050410255,0
LQTY.V,D,20230501,000000,1.75898,1.83553,1.64721,1.66747,1260459.723505339,0
LQTY.V,D,20230502,000000,1.66843,1.72433,1.66843,1.691,604348.0504400481,0
LQTY.V,D,20230503,000000,1.69303,1.71646,1.60537,1.69846,923928.8311996198,0
LQTY.V,D,20230504,000000,1.70746,1.73343,1.66372,1.67062,763779.9655008523,0
LQTY.V,D,20230505,000000,1.6716,1.70618,1.63059,1.68959,665853.7515663573,0
LQTY.V,D,20230506,000000,1.68555,1.7037,1.43051,1.44651,1441617.0255817366,0
LQTY.V,D,20230507,000000,1.44946,1.49898,1.4315,1.46671,619615.8295816601,0
LQTY.V,D,20230508,000000,1.46172,1.47075,1.15687,1.19194,2024305.8219660446,0
LQTY.V,D,20230509,000000,1.19479,1.23936,1.1853,1.1982,1119712.8909114357,0
LQTY.V,D,20230510,000000,1.19854,1.29355,1.16463,1.24112,1013012.9680746315,0
LQTY.V,D,20230511,000000,1.24825,1.28415,1.14403,1.18406,1628103.0984906543,0
LQTY.V,D,20230512,000000,1.18618,1.21861,1.12112,1.21297,1016395.7838494688,0
LQTY.V,D,20230513,000000,1.21585,1.23574,1.1667,1.18471,442943.939182298,0
LQTY.V,D,20230514,000000,1.18959,1.23774,1.16658,1.19672,719201.8945058377,0
LQTY.V,D,20230515,000000,1.19872,1.34981,1.17671,1.30391,1666645.9715898442,0
LQTY.V,D,20230516,000000,1.30391,1.44872,1.25463,1.39056,2714000.666647367,0
LQTY.V,D,20230517,000000,1.39356,1.42771,1.29565,1.42771,1096448.2208818437,0
LQTY.V,D,20230518,000000,1.41957,1.41957,1.29252,1.33253,804746.3963568909,0
LQTY.V,D,20230519,000000,1.33453,1.34691,1.29265,1.30639,488824.3541431271,0
LQTY.V,D,20230520,000000,1.30965,1.3388,1.28251,1.3043,480833.7455334666,0
LQTY.V,D,20230521,000000,1.30517,1.33967,1.23974,1.24975,1558742.3969520736,0
LQTY.V,D,20230522,000000,1.25275,1.29665,1.22261,1.28564,737576.3080211665,0
LQTY.V,D,20230523,000000,1.28564,1.35109,1.26933,1.30808,1682442.656135434,0
LQTY.V,D,20230524,000000,1.31108,1.33811,1.22302,1.26992,1187887.0833810924,0
LQTY.V,D,20230525,000000,1.27194,1.27392,1.22398,1.24802,799786.3091327182,0
LQTY.V,D,20230526,000000,1.2495,1.26749,1.23011,1.25729,771717.6922249725,0
LQTY.V,D,20230527,000000,1.25725,1.29836,1.22636,1.23648,1174715.047586095,0
LQTY.V,D,20230528,000000,1.2385,1.27437,1.23362,1.27128,667144.317474218,0
LQTY.V,D,20230529,000000,1.27829,1.32741,1.24417,1.25336,2125997.57841107,0
LQTY.V,D,20230530,000000,1.25038,1.27236,1.22833,1.24849,917517.6395285269,0
LQTY.V,D,20230531,000000,1.24749,1.25631,1.15525,1.16819,742695.5661375199,0
LQTY.V,D,20230601,000000,1.16719,1.22518,1.16718,1.20633,1014050.6807848829,0
LQTY.V,D,20230602,000000,1.20634,1.25935,1.17626,1.25433,637589.7743849637,0
LQTY.V,D,20230603,000000,1.25531,1.27044,1.22348,1.23649,649632.2484523194,0
LQTY.V,D,20230604,000000,1.23945,1.27345,1.22739,1.2554,437675.6421366065,0
LQTY.V,D,20230605,000000,1.25741,1.26741,1.03031,1.0483,1622465.13849851,0
LQTY.V,D,20230606,000000,1.04731,1.12721,1.02416,1.10731,1503291.9410584844,0
LQTY.V,D,20230607,000000,1.10731,1.11228,1.00703,1.00711,973614.781527919,0
LQTY.V,D,20230608,000000,1.0091,1.04514,0.99417,1.03119,594130.2832225432,0
LQTY.V,D,20230609,000000,1.03119,1.03996,0.99509,1.01481,845851.058584883,0
LQTY.V,D,20230610,000000,1.01582,1.01589,0.74214,0.82749,1699458.9412299881,0
LQTY.V,D,20230611,000000,0.82748,0.86241,0.82549,0.84635,903766.2849017427,0
LQTY.V,D,20230612,000000,0.84935,0.8821,0.81829,0.87802,911599.3713161667,0
LQTY.V,D,20230613,000000,0.88004,0.89995,0.86781,0.87488,620989.7558623283,0
LQTY.V,D,20230614,000000,0.87286,0.889751,0.830925,0.843924,574195.963559363,0
LQTY.V,D,20230615,000000,0.848924,0.922336,0.811099,0.834265,5216342.903738327,0
LQTY.V,D,20230616,000000,0.835306,0.870199,0.823928,0.853317,1354242.722714461,0
LQTY.V,D,20230617,000000,0.854325,0.88232,0.836448,0.851651,909722.2393821531,0
LQTY.V,D,20230618,000000,0.851642,0.855752,0.818844,0.824819,860729.0223461998,0
LQTY.V,D,20230619,000000,0.82581,0.844704,0.81977,0.840739,624148.5754675716,0
LQTY.V,D,20230620,000000,0.841739,0.882132,0.816673,0.870148,908463.4816771983,0
LQTY.V,D,20230621,000000,0.872131,1.029804,0.872122,0.978039,3435720.390856632,0
LQTY.V,D,20230622,000000,0.977107,1.027,0.903108,0.919184,2661395.9635752537,0
LQTY.V,D,20230623,000000,0.918193,0.979401,0.896161,0.94955,2071418.7971267002,0
LQTY.V,D,20230624,000000,0.948559,1.00051,0.91352,0.924582,2517343.0788333016,0
LQTY.V,D,20230625,000000,0.924582,1.008383,0.922553,0.964308,2007947.8024271394,0
LQTY.V,D,20230626,000000,0.961279,0.986158,0.922184,0.925194,1563575.9593082692,0
LQTY.V,D,20230627,000000,0.922203,0.965232,0.915229,0.94517,1042882.9308502317,0
LQTY.V,D,20230628,000000,0.944179,0.945094,0.866078,0.896964,1938488.0201159774,0
LQTY.V,D,20230629,000000,0.895991,0.912909,0.87786,0.890964,774312.7790432514,0
LQTY.V,D,20230630,000000,0.889884,0.934748,0.875641,0.922649,1836780.857015161,0
LQTY.V,D,20230701,000000,0.919678,0.964855,0.91389,0.94,2019805.3225764849,0
LQTY.V,D,20230702,000000,0.943,0.964913,0.925,0.940047,856637.650946986,0
LQTY.V,D,20230703,000000,0.944085,1.02599,0.943085,0.984059,2873727.5991935246,0
LQTY.V,D,20230704,000000,0.984079,0.994119,0.963154,0.991218,1162565.072251929,0
LQTY.V,D,20230705,000000,0.990198,1.01502,0.926009,0.93615,1605219.5889957615,0
LQTY.V,D,20230706,000000,0.93615,0.99199,0.904063,0.908973,1265247.509262241,0
LQTY.V,D,20230707,000000,0.911973,0.915954,0.889053,0.906018,884962.2837695729,0
LQTY.V,D,20230708,000000,0.902081,0.917046,0.882026,0.891143,761245.3412691125,0
LQTY.V,D,20230709,000000,0.891116,0.912119,0.885097,0.88816,468714.07025307365,0
LQTY.V,D,20230710,000000,0.88816,0.91811,0.874122,0.907118,1029766.0848949614,0
LQTY.V,D,20230711,000000,0.901171,1.01603,0.889947,0.965019,5004851.731758815,0
LQTY.V,D,20230712,000000,0.967019,1.170965,0.95899,1.097912,12320381.43045384,0
LQTY.V,D,20230713,000000,1.095978,1.575567,1.079946,1.428571,11942652.092502486,0
LQTY.V,D,20230714,000000,1.428557,1.868766,1.189416,1.322648,32131326.599115666,0
LQTY.V,D,20230715,000000,1.323648,1.388486,1.192322,1.203361,17324409.67088073,0
LQTY.V,D,20230716,000000,1.203361,1.258352,1.185569,1.193549,4104578.3513849126,0
LQTY.V,D,20230717,000000,1.194561,1.233469,1.146344,1.200216,3799242.949832808,0
LQTY.V,D,20230718,000000,1.201204,1.229234,1.124022,1.13825,3257708.256845098,0
LQTY.V,D,20230719,000000,1.13825,1.170047,1.117989,1.159988,6268795.4480680125,0
LQTY.V,D,20230720,000000,1.159988,1.162058,1.082946,1.104901,5648623.8092955025,0
LQTY.V,D,20230721,000000,1.105989,1.126944,1.081968,1.100011,2755007.202436547,0
LQTY.V,D,20230722,000000,1.100922,1.1146,1.09153,1.09561,1703077.4731331225,0
LQTY.V,D,20230723,000000,1.09732,1.13601,1.06946,1.07807,3831281.057008774,0
LQTY.V,D,20230724,000000,1.07847,1.10304,1.01891,1.03659,3136802.450755593,0
LQTY.V,D,20230725,000000,1.03718,1.07844,1.02589,1.04163,4920592.730936592,0
LQTY.V,D,20230726,000000,1.04273,1.07386,1.02989,1.05314,1760779.266241247,0
LQTY.V,D,20230727,000000,1.05454,1.13373,1.03531,1.08351,1526259.6542628405,0
LQTY.V,D,20230728,000000,1.08351,1.18343,1.08351,1.17278,3598516.973802344,0
LQTY.V,D,20230729,000000,1.17196,1.19134,1.11669,1.1174,1465312.1842721347,0
LQTY.V,D,20230730,000000,1.11739,1.14236,1.08921,1.1121,985297.9565596625,0
LQTY.V,D,20230731,000000,1.111,1.12054,1.0431,1.05632,2237691.17181505,0
LQTY.V,D,20230801,000000,1.05632,1.07515,1.01106,1.06336,968719.1887221002,0
LQTY.V,D,20230802,000000,1.06296,1.08237,1.03683,1.0543,1093896.1373375806,0
LQTY.V,D,20230803,000000,1.05429,1.06616,1.01628,1.05174,2118427.303151165,0
LQTY.V,D,20230804,000000,1.05135,1.06748,1.00979,1.03862,6251487.729280725,0
LQTY.V,D,20230805,000000,1.03862,1.06241,1.03133,1.04495,946867.728191283,0
LQTY.V,D,20230806,000000,1.04721,1.1487,1.04426,1.06556,2940409.426111965,0
LQTY.V,D,20230807,000000,1.068,1.09358,1.00536,1.03129,2377075.8216833887,0
LQTY.V,D,20230808,000000,1.03179,1.04049,0.98159,1.00235,5766564.586013662,0
LQTY.V,D,20230809,000000,1.00245,1.00395,0.97115,0.97554,1641340.4630265268,0
LQTY.V,D,20230810,000000,0.97525,2.51878,0.97429,1.000438,4143458.677659143,0
LQTY.V,D,20230811,000000,0.999929,1.019569,0.97631,0.982518,2281285.8733375776,0
LQTY.V,D,20230812,000000,0.982518,0.985711,0.960862,0.965959,818014.9483331187,0
LQTY.V,D,20230813,000000,0.965949,1.002078,0.961494,0.995523,847526.239146611,0
LQTY.V,D,20230814,000000,0.995413,1.007798,0.963652,0.982169,1815830.4221298557,0
LQTY.V,D,20230815,000000,0.982369,0.985913,0.889909,0.895705,1867457.4781529445,0
LQTY.V,D,20230816,000000,0.895714,0.905339,0.856009,0.864131,1714253.566385444,0
LQTY.V,D,20230817,000000,0.86553,0.89,0.699643,0.752971,2362464.6682319897,0
LQTY.V,D,20230818,000000,0.75327,0.824335,0.745512,0.808296,4690075.738759916,0
LQTY.V,D,20230819,000000,0.807888,0.851187,0.80675,0.822986,3362118.5106740133,0
LQTY.V,D,20230820,000000,0.822886,0.833583,0.808743,0.819059,2737472.091710793,0
LQTY.V,D,20230821,000000,0.819159,0.842248,0.796368,0.819177,3175863.580041821,0
LQTY.V,D,20230822,000000,0.819077,0.819869,0.763132,0.772337,3594921.6564849913,0
LQTY.V,D,20230823,000000,0.77233,0.832584,0.77203,0.820344,3087530.131222708,0
LQTY.V,D,20230824,000000,0.820436,0.825385,0.800184,0.808487,2649314.7219190267,0
LQTY.V,D,20230825,000000,0.808487,0.812161,0.78507,0.805857,2530893.2479699887,0
LQTY.V,D,20230826,000000,0.805749,0.807772,0.768231,0.78217,2490938.78453299,0
LQTY.V,D,20230827,000000,0.78207,0.796746,0.776143,0.777235,2257566.6278260015,0
LQTY.V,D,20230828,000000,0.777334,0.799288,0.773613,0.7834,2036394.309463997,0
LQTY.V,D,20230829,000000,0.7835,0.854291,0.771129,0.84206,1932218.6403196207,0
LQTY.V,D,20230830,000000,0.841251,0.845844,0.806008,0.8137,2667645.739957197,0
LQTY.V,D,20230831,000000,0.8138,0.830334,0.792881,0.802904,2597849.0229080864,0
LQTY.V,D,20230901,000000,0.802604,0.81449,0.769699,0.781401,3298522.9348031813,0
LQTY.V,D,20230902,000000,0.781701,0.808211,0.772475,0.808111,3523896.1452499987,0
LQTY.V,D,20230903,000000,0.808311,0.818661,0.792757,0.808554,3343482.850645979,0
LQTY.V,D,20230904,000000,0.808554,0.858902,0.806077,0.819271,2246525.373820438,0
LQTY.V,D,20230905,000000,0.820095,0.852822,0.812404,0.840088,2075348.4883271947,0
LQTY.V,D,20230906,000000,0.840588,0.916332,0.829102,0.865572,5824937.879440806,0
LQTY.V,D,20230907,000000,0.865572,0.871842,0.840853,0.86226,2286221.1290588975,0
LQTY.V,D,20230908,000000,0.86256,0.874706,0.809592,0.844782,2762673.8514081733,0
LQTY.V,D,20230909,000000,0.845382,0.84702,0.804459,0.80545,1221397.6785719,0
LQTY.V,D,20230910,000000,0.805658,0.80725,0.746143,0.772506,1998071.634281479,0
LQTY.V,D,20230911,000000,0.773106,0.775805,0.734765,0.746261,2504466.641023562,0
LQTY.V,D,20230912,000000,0.746361,0.785386,0.745739,0.772538,2779803.9722556905,0
LQTY.V,D,20230913,000000,0.772038,0.792245,0.760886,0.775755,1617831.9131410494,0
LQTY.V,D,20230914,000000,0.775955,0.807345,0.773846,0.79263,1581113.5836589201,0
LQTY.V,D,20230915,000000,0.793522,0.806516,0.789634,0.804968,1211590.9145215866,0
LQTY.V,D,20230916,000000,0.805676,0.840134,0.804216,0.828975,1470191.4620351312,0
LQTY.V,D,20230917,000000,0.828275,0.828875,0.77824,0.788189,774275.5744183001,0
LQTY.V,D,20230918,000000,0.787689,0.829749,0.786349,0.805129,2670712.1369139897,0
LQTY.V,D,20230919,000000,0.805229,0.8275,0.79796,0.816414,4174374.1042300076,0
LQTY.V,D,20230920,000000,0.816614,0.870678,0.809654,0.870652,5673193.301072674,0
LQTY.V,D,20230921,000000,0.867035,0.878509,0.823274,0.857766,1495306.9675379011,0
LQTY.V,D,20230922,000000,0.858966,0.863965,0.829942,0.848949,778146.4599188997,0
LQTY.V,D,20230923,000000,0.84994,0.856966,0.815008,0.83505,1056748.310413498,0
LQTY.V,D,20230924,000000,0.837059,0.848076,0.828017,0.833042,375446.96465582604,0
LQTY.V,D,20230925,000000,0.834042,0.854935,0.819074,0.844797,1993580.7490598555,0
LQTY.V,D,20230926,000000,0.845158,0.881242,0.843088,0.876723,2703684.569441915,0
LQTY.V,D,20230927,000000,0.874424,0.946561,0.871964,0.916921,4310987.91721568,0
LQTY.V,D,20230928,000000,0.916012,0.945432,0.9021,0.905991,1575602.454861649,0
LQTY.V,D,20230929,000000,0.910918,0.963884,0.903946,0.929898,2599955.880314447,0
LQTY.V,D,20230930,000000,0.925898,0.930991,0.897018,0.911182,1464886.2696702625,0
LQTY.V,D,20231001,000000,0.910173,1.124045,0.909155,1.035114,16443510.774135519,0
LQTY.V,D,20231002,000000,1.035114,1.26572,1.004839,1.066009,25380028.392576564,0
LQTY.V,D,20231003,000000,1.066009,1.091487,1.02141,1.067189,12173707.11486601,0
LQTY.V,D,20231004,000000,1.067189,1.155384,0.961248,1.122845,20279709.644292597,0
LQTY.V,D,20231005,000000,1.122156,1.181971,1.073297,1.137118,9195004.451241197,0
LQTY.V,D,20231006,000000,1.129305,1.23726,1.115112,1.209496,7858711.263909053,0
LQTY.V,D,20231007,000000,1.208495,1.235642,1.099604,1.180673,9251880.591247305,0
LQTY.V,D,20231008,000000,1.180773,1.273375,1.151779,1.218394,7727647.85386579,0
LQTY.V,D,20231009,000000,1.217594,1.494329,1.177488,1.457291,35875071.48401437,0
LQTY.V,D,20231010,000000,1.454291,1.536184,1.403267,1.498165,24632407.229145993,0
LQTY.V,D,20231011,000000,1.49915,1.519894,1.378138,1.503564,13074912.282177033,0
LQTY.V,D,20231012,000000,1.502579,1.54932,1.4382,1.49165,7681113.881100173,0
LQTY.V,D,20231013,000000,1.48315,1.5297,1.24601,1.30673,9296677.567026015,0
LQTY.V,D,20231014,000000,1.30473,1.43693,1.28069,1.4239,3966409.697242277,0
LQTY.V,D,20231015,000000,1.4259,1.6759,1.40901,1.58302,13274013.9042429,0
LQTY.V,D,20231016,000000,1.58308,1.63436,1.53409,1.60966,3250192.3464708617,0
LQTY.V,D,20231017,000000,1.61366,1.61566,1.51123,1.58028,6989130.8757889345,0
LQTY.V,D,20231018,000000,1.58008,1.5864,1.44828,1.47081,9664115.110352082,0
LQTY.V,D,20231019,000000,1.47071,1.53755,1.41617,1.45157,7341736.255008013,0
LQTY.V,D,20231020,000000,1.45138,1.53437,1.3395,1.36267,9967621.50728815,0
LQTY.V,D,20231021,000000,1.36266,1.42708,1.33443,1.35518,5702374.434707386,0
LQTY.V,D,20231022,000000,1.36188,1.47654,1.31837,1.35765,5545618.857462102,0
LQTY.V,D,20231023,000000,1.38044,1.51303,1.36541,1.45576,4931339.365283523,0
LQTY.V,D,20231024,000000,1.46586,1.73606,1.46573,1.60281,7433373.02483491,0
LQTY.V,D,20231025,000000,1.59075,2.0685,1.56314,2.00448,8758352.67503295,0
LQTY.V,D,20231026,000000,1.99846,2.28553,1.81127,2.02,18015627.910841145,0
LQTY.V,D,20231027,000000,2.0177,2.02778,1.6776,1.73788,8828807.30817567,0
LQTY.V,D,20231028,000000,1.73822,1.7537,1.69227,1.72628,1476914.4186034303,0
LQTY.V,D,20231029,000000,1.71433,1.72529,1.65233,1.68259,1059436.6556897133,0
LQTY.V,D,20231030,000000,1.68057,1.87315,1.6695,1.77278,5594584.855112985,0
LQTY.V,D,20231031,000000,1.75568,1.77157,1.61508,1.64799,1930314.9042278782,0
LQTY.V,D,20231101,000000,1.64162,1.68584,1.55126,1.63452,3798466.672511922,0
LQTY.V,D,20231102,000000,1.63151,1.76992,1.52761,1.58739,5111244.385365575,0
LQTY.V,D,20231103,000000,1.58952,1.77439,1.53783,1.73968,4810423.531044342,0
LQTY.V,D,20231104,000000,1.72771,1.83772,1.6899,1.78405,5137498.897286099,0
LQTY.V,D,20231105,000000,1.78402,1.84835,1.75955,1.82946,2224743.128922658,0
LQTY.V,D,20231106,000000,1.83143,1.87542,1.3805,1.50042,17329535.100693326,0
LQTY.V,D,20231107,000000,1.50142,1.50544,1.38919,1.43565,7754704.865473956,0
LQTY.V,D,20231108,000000,1.43266,1.4694,1.42767,1.45852,11357969.821424289,0
LQTY.V,D,20231109,000000,1.45862,1.53051,1.28221,1.43647,12602714.044030758,0
LQTY.V,D,20231110,000000,1.43747,1.57989,1.41418,1.47927,11474966.242597055,0
LQTY.V,D,20231111,000000,1.47937,1.50389,1.41676,1.44106,8765210.609350577,0
LQTY.V,D,20231112,000000,1.44036,1.59678,1.38271,1.53601,12753567.814234614,0
LQTY.V,D,20231113,000000,1.53573,1.56024,1.39858,1.41079,5604081.096302526,0
LQTY.V,D,20231114,000000,1.41029,1.46882,1.34477,1.42479,5351799.627369482,0
LQTY.V,D,20231115,000000,1.42439,1.50243,1.42077,1.47938,7859219.136064521,0
LQTY.V,D,20231116,000000,1.47948,1.55187,1.41811,1.46356,12587516.727844741,0
LQTY.V,D,20231117,000000,1.46366,1.53768,1.38012,1.45039,12461513.712162958,0
LQTY.V,D,20231118,000000,1.45079,1.45588,1.33569,1.4329,5850398.2268648995,0
LQTY.V,D,20231119,000000,1.4318,1.45406,1.40187,1.41602,2133556.579486577,0
LQTY.V,D,20231120,000000,1.41622,1.51396,1.41622,1.44229,6355927.122119187,0
LQTY.V,D,20231121,000000,1.44279,1.44907,1.2709,1.28329,6731048.406894133,0
LQTY.V,D,20231122,000000,1.2832,1.39094,1.27068,1.37314,3262483.3298381907,0
LQTY.V,D,20231123,000000,1.37361,1.42431,1.33539,1.37029,3031276.254369438,0
LQTY.V,D,20231124,000000,1.37149,1.45905,1.36046,1.42533,5186182.233030003,0
LQTY.V,D,20231125,000000,1.42414,1.4515,1.40371,1.43084,2416512.2460632036,0
LQTY.V,D,20231126,000000,1.43014,1.45003,1.35254,1.41394,2920022.503791999,0
LQTY.V,D,20231127,000000,1.41384,1.42736,1.32905,1.35813,2880403.866423421,0
LQTY.V,D,20231128,000000,1.35743,1.4872,1.34642,1.46375,5908908.150533237,0
LQTY.V,D,20231129,000000,1.46415,1.48823,1.42384,1.46828,4520354.719619002,0
LQTY.V,D,20231130,000000,1.46909,1.47964,1.40941,1.42073,3183794.146179704,0
LQTY.V,D,20231201,000000,1.42054,1.48143,1.41397,1.43787,3683713.9474424706,0
LQTY.V,D,20231202,000000,1.43878,1.49166,1.43443,1.48357,2754849.6266175313,0
LQTY.V,D,20231203,000000,1.48657,1.59449,1.45225,1.57917,12988250.159021802,0
LQTY.V,D,20231204,000000,1.57915,1.67083,1.50796,1.56308,50939746.4639642,0
LQTY.V,D,20231205,000000,1.56308,1.59595,1.46913,1.51118,9928231.363230964,0
LQTY.V,D,20231206,000000,1.50388,1.54951,1.45016,1.46956,7583297.1268424075,0
LQTY.V,D,20231207,000000,1.46916,1.55155,1.45439,1.52533,6481560.416619681,0
LQTY.V,D,20231208,000000,1.52592,1.57063,1.49828,1.56312,6174657.696752993,0
LQTY.V,D,20231209,000000,1.56332,1.60692,1.50091,1.51259,6883070.769841777,0
LQTY.V,D,20231210,000000,1.51289,1.51705,1.45129,1.50565,4579087.155966965,0
LQTY.V,D,20231211,000000,1.50565,1.51172,1.26646,1.37167,8434125.820351498,0
LQTY.V,D,20231212,000000,1.37205,1.42397,1.31822,1.35249,5761277.56987419,0
LQTY.V,D,20231213,000000,1.35209,1.38241,1.29007,1.36341,5659541.131209789,0
LQTY.V,D,20231214,000000,1.36631,1.40112,1.31957,1.39712,4551967.619697613,0
LQTY.V,D,20231215,000000,1.39654,1.40175,1.31992,1.32062,3780539.949846322,0
LQTY.V,D,20231216,000000,1.32072,1.40782,1.29772,1.40616,4196130.446797247,0
LQTY.V,D,20231217,000000,1.40627,1.41143,1.33437,1.34641,3590493.296772609,0
LQTY.V,D,20231218,000000,1.3442,1.348,1.24158,1.3328,4594500.713927309,0
LQTY.V,D,20231219,000000,1.3334,1.36765,1.28418,1.29704,3705846.6734472625,0
LQTY.V,D,20231220,000000,1.29664,1.39304,1.29222,1.33804,4564566.61261602,0
LQTY.V,D,20231221,000000,1.33795,1.37739,1.32595,1.37205,3141421.9595082104,0
LQTY.V,D,20231222,000000,1.37236,1.42172,1.3518,1.41892,4534565.84247222,0
LQTY.V,D,20231223,000000,1.41923,1.46429,1.36748,1.45201,4163461.517221256,0
LQTY.V,D,20231224,000000,1.45223,1.464,1.3692,1.38511,5833883.865172135,0
LQTY.V,D,20231225,000000,1.38241,1.5063,1.3779,1.47112,4972636.131968018,0
LQTY.V,D,20231226,000000,1.47121,1.51313,1.38543,1.50925,6320209.219920738,0
LQTY.V,D,20231227,000000,1.50935,1.58958,1.49599,1.54936,12896654.426841939,0
LQTY.V,D,20231228,000000,1.55185,1.60411,1.45273,1.51795,7433503.11311368,0
LQTY.V,D,20231229,000000,1.51615,1.54923,1.43906,1.4958,5894511.8068544045,0
LQTY.V,D,20231230,000000,1.49701,1.55568,1.46314,1.49456,4641121.85746581,0
LQTY.V,D,20231231,000000,1.49456,1.54224,1.44907,1.46893,3991452.4492907035,0
LQTY.V,D,20240101,000000,1.46843,1.52737,1.40633,1.50028,4092996.608692847,0
LQTY.V,D,20240102,000000,1.50028,1.55696,1.48025,1.49065,7076016.615278254,0
LQTY.V,D,20240103,000000,1.49095,1.65753,1.13696,1.28468,17342770.848424062,0
LQTY.V,D,20240104,000000,1.2841,1.33036,1.24857,1.30805,13238391.710893145,0
LQTY.V,D,20240105,000000,1.30884,1.32204,1.23712,1.28411,11020969.361215157,0
LQTY.V,D,20240106,000000,1.28371,1.31494,1.24129,1.27426,11421319.337733481,0
LQTY.V,D,20240107,000000,1.27466,1.31236,1.25396,1.26041,5509571.727302713,0
LQTY.V,D,20240108,000000,1.25891,1.33719,1.16093,1.33599,6982099.660203741,0
LQTY.V,D,20240109,000000,1.33499,1.34648,1.23601,1.30891,3965169.597292394,0
LQTY.V,D,20240110,000000,1.3062,1.41413,1.25608,1.38525,8305699.758251678,0
LQTY.V,D,20240111,000000,1.38536,1.61431,1.33122,1.44809,20192540.75148591,0
LQTY.V,D,20240112,000000,1.44799,1.58143,1.31233,1.3694,11909049.865733992,0
LQTY.V,D,20240113,000000,1.36905,1.38189,1.2835,1.36737,6759437.9731762195,0
LQTY.V,D,20240114,000000,1.36837,1.3839,1.30821,1.32077,4177349.8192049973,0
LQTY.V,D,20240115,000000,1.32057,1.35464,1.29519,1.31109,4274181.161071009,0
LQTY.V,D,20240116,000000,1.31189,1.35956,1.28944,1.35348,3914330.4393494343,0
LQTY.V,D,20240117,000000,1.35348,1.37741,1.30903,1.33366,4411302.699933746,0
LQTY.V,D,20240118,000000,1.33406,1.35343,1.24109,1.26882,3966438.179713073,0
LQTY.V,D,20240119,000000,1.26902,1.27461,1.1834,1.25995,3922544.18872431,0
LQTY.V,D,20240120,000000,1.25996,1.29815,1.23464,1.29074,4006401.772023497,0
LQTY.V,D,20240121,000000,1.29284,1.31247,1.26811,1.27331,2807577.904583008,0
LQTY.V,D,20240122,000000,1.27241,1.2892,1.19546,1.2143,2733591.191408373,0
LQTY.V,D,20240123,000000,1.2147,1.23108,1.12742,1.18205,3636353.7382795,0
LQTY.V,D,20240124,000000,1.18974,1.22517,1.18155,1.20216,3253031.041528612,0
LQTY.V,D,20240125,000000,1.20616,1.2192,1.16687,1.20605,2056916.3769857108,0
LQTY.V,D,20240126,000000,1.20675,1.4222,1.19527,1.24854,2379989.6645107693,0
LQTY.V,D,20240127,000000,1.24764,1.29775,1.24149,1.28359,1887449.8848414847,0
LQTY.V,D,20240128,000000,1.2819,1.30292,1.23156,1.2484,1790939.8251119899,0
LQTY.V,D,20240129,000000,1.24471,1.30641,1.23884,1.3018,1865507.1332757631,0
LQTY.V,D,20240130,000000,1.30431,1.31711,1.2758,1.29497,2086265.928546356,0
LQTY.V,D,20240131,000000,1.30029,1.32204,1.24399,1.25939,3027780.782660441,0
LQTY.V,D,20240201,000000,1.25969,1.2787,1.231,1.27243,2410805.1755950083,0
LQTY.V,D,20240202,000000,1.27353,1.3075,1.26074,1.29801,1989982.3547639365,0
LQTY.V,D,20240203,000000,1.29831,1.30102,1.26943,1.27277,1319546.5043004933,0
LQTY.V,D,20240204,000000,1.2705,1.28285,1.25294,1.25896,912645.6773902116,0
LQTY.V,D,20240205,000000,1.25105,1.29139,1.23792,1.26494,1254267.3213637965,0
LQTY.V,D,20240206,000000,1.26524,1.30803,1.26146,1.3059,1198009.2799770006,0
LQTY.V,D,20240207,000000,1.30578,1.33057,1.27829,1.32044,1425482.0866841674,0
LQTY.V,D,20240208,000000,1.32074,1.34867,1.3069,1.33647,2269287.124377039,0
LQTY.V,D,20240209,000000,1.33707,1.40046,1.33144,1.3844,3301162.4238706906,0
LQTY.V,D,20240210,000000,1.38422,1.42804,1.3742,1.42331,1566314.0537044834,0
LQTY.V,D,20240211,000000,1.4231,1.4233,1.38211,1.3961,2038000.5323737431,0
LQTY.V,D,20240212,000000,1.3956,1.45206,1.38146,1.44854,2789126.8335670847,0
LQTY.V,D,20240213,000000,1.44774,1.45839,1.4106,1.44036,1655854.3962713967,0
LQTY.V,D,20240214,000000,1.43786,1.52108,1.42488,1.5032,2006713.6879750357,0
LQTY.V,D,20240215,000000,1.50271,1.53936,1.46699,1.4786,3534635.2419396946,0
LQTY.V,D,20240216,000000,1.48532,1.51942,1.45979,1.48534,2414555.2709993743,0
LQTY.V,D,20240217,000000,1.48574,1.51997,1.42947,1.49383,1435918.5652433971,0
LQTY.V,D,20240218,000000,1.49194,1.52512,1.47126,1.51577,1575385.1565271297,0
LQTY.V,D,20240219,000000,1.51667,1.55547,1.49794,1.54337,2723590.4858610155,0
LQTY.V,D,20240220,000000,1.54347,1.55331,1.4587,1.55071,2610529.997384168,0
LQTY.V,D,20240221,000000,1.54699,1.55863,1.44169,1.5147,2770167.722354472,0
LQTY.V,D,20240222,000000,1.5147,1.53636,1.47146,1.48772,2442529.791615847,0
LQTY.V,D,20240223,000000,1.48691,1.50699,1.43737,1.4635,2020015.0109480962,0
LQTY.V,D,20240224,000000,1.4634,1.53635,1.4486,1.5183,2043479.5483385716,0
LQTY.V,D,20240225,000000,1.517,1.56598,1.50897,1.53194,1599128.5645626944,0
LQTY.V,D,20240226,000000,1.53294,1.59675,1.48215,1.58101,1931096.5777762518,0
LQTY.V,D,20240227,000000,1.58109,1.69302,1.56509,1.65266,3812494.4971971028,0
LQTY.V,D,20240228,000000,1.65366,1.81017,1.64082,1.70519,3546886.553289029,0
LQTY.V,D,20240229,000000,1.7112,1.74616,1.61544,1.63695,2152576.0222650594,0
LQTY.V,D,20240301,000000,1.64377,1.72038,1.64184,1.71635,1461304.0141538887,0
LQTY.V,D,20240302,000000,1.7171,1.7616,1.68514,1.75567,1343508.9506509583,0
LQTY.V,D,20240303,000000,1.75372,1.77036,1.64602,1.70677,1663654.5368731031,0
LQTY.V,D,20240304,000000,1.71277,1.8678,1.68694,1.76994,2530959.0840037614,0
LQTY.V,D,20240305,000000,1.77095,1.84765,1.45458,1.62312,2270913.792730179,0
LQTY.V,D,20240306,000000,1.6231,1.74549,1.58635,1.73395,1270223.4767455885,0
LQTY.V,D,20240307,000000,1.73187,1.79965,1.69473,1.77956,1346340.3927300146,0
LQTY.V,D,20240308,000000,1.77954,1.82391,1.70345,1.79899,2222274.1862587235,0
LQTY.V,D,20240309,000000,1.8021,1.93105,1.78001,1.89369,2674456.9546025093,0
LQTY.V,D,20240310,000000,1.89268,1.90561,1.7037,1.7155,1811063.8735699388,0
LQTY.V,D,20240311,000000,1.72612,1.82529,1.66096,1.77736,2362614.016909219,0
LQTY.V,D,20240312,000000,1.77936,1.79916,1.67118,1.79513,1873315.8588794721,0
LQTY.V,D,20240313,000000,1.79411,1.91051,1.78916,1.84909,2028348.401116394,0
LQTY.V,D,20240314,000000,1.85092,1.90027,1.66423,1.76138,2015086.0972077218,0
LQTY.V,D,20240315,000000,1.76037,1.81326,1.48739,1.6761,4088805.0833361275,0
LQTY.V,D,20240316,000000,1.67517,1.70868,1.47243,1.49212,2819745.261345315,0
LQTY.V,D,20240317,000000,1.49015,1.55418,1.42213,1.53617,1972227.808675126,0
LQTY.V,D,20240318,000000,1.53517,1.54812,1.41599,1.43991,1740763.68197536,0
LQTY.V,D,20240319,000000,1.44091,1.4598,1.24654,1.28697,2725349.800551354,0
LQTY.V,D,20240320,000000,1.29185,1.43434,1.25285,1.42999,1501561.1577612075,0
LQTY.V,D,20240321,000000,1.43977,1.48789,1.41738,1.46366,875654.8855297086,0
LQTY.V,D,20240322,000000,1.46266,1.57486,1.37084,1.39131,3765951.8405906726,0
LQTY.V,D,20240323,000000,1.39131,1.45599,1.39029,1.413,2633469.6417509867,0
LQTY.V,D,20240324,000000,1.412,1.44796,1.36431,1.44291,2282338.26603526,0
LQTY.V,D,20240325,000000,1.44291,1.5343,1.43189,1.51623,3179475.504364873,0
LQTY.V,D,20240326,000000,1.51621,1.54648,1.46628,1.50802,5853975.8947713785,0
LQTY.V,D,20240327,000000,1.50603,1.52179,1.3472,1.37151,9809379.859058114,0
LQTY.V,D,20240328,000000,1.37249,1.4354,1.33821,1.4303,7315921.198601176,0
LQTY.V,D,20240329,000000,1.436,1.73021,1.43279,1.62478,44649455.95948695,0
LQTY.V,D,20240330,000000,1.62676,1.62978,1.54077,1.5466,8789028.959504701,0
LQTY.V,D,20240331,000000,1.5466,2.14513,1.53858,1.88723,49756047.05665176,0
LQTY.V,D,20240401,000000,1.88523,2.02926,1.74991,1.76267,27807399.7784208,0
LQTY.V,D,20240402,000000,1.76267,1.88513,1.60052,1.78972,26384078.188863922,0
LQTY.V,D,20240403,000000,1.78771,1.83662,1.46843,1.50144,23773443.613516834,0
LQTY.V,D,20240404,000000,1.50244,1.54103,1.45313,1.46435,12901013.956898129,0
LQTY.V,D,20240405,000000,1.46335,1.5338,1.42171,1.50751,8667182.73812956,0
LQTY.V,D,20240406,000000,1.50747,1.53769,1.48673,1.52538,6284265.115852199,0
LQTY.V,D,20240407,000000,1.52738,1.68457,1.52156,1.60814,11079856.188056989,0
LQTY.V,D,20240408,000000,1.60714,1.66273,1.58413,1.6339,6989762.681391004,0
LQTY.V,D,20240409,000000,1.6339,1.64292,1.54551,1.59427,5980031.054136404,0
LQTY.V,D,20240410,000000,1.59478,1.60807,1.48029,1.54275,3617974.2915616077,0
LQTY.V,D,20240411,000000,1.54145,1.56522,1.46039,1.4734,2879538.7029424403,0
LQTY.V,D,20240412,000000,1.47422,1.50511,1.14511,1.18134,4312151.746839913,0
LQTY.V,D,20240413,000000,1.18135,1.18355,0.836794,0.907735,8712312.080580203,0
LQTY.V,D,20240414,000000,0.901739,1.01822,0.887727,0.980294,8949958.727384575,0
LQTY.V,D,20240415,000000,0.988296,1.07487,0.924471,0.966164,5605260.303163715,0
LQTY.V,D,20240416,000000,0.966164,1.0202,0.935505,1.0132,5774798.852259219,0
LQTY.V,D,20240417,000000,1.02811,1.03214,0.948691,1.00529,5222563.720888586,0
LQTY.V,D,20240418,000000,1.00468,1.0496,0.963652,1.03251,5148390.848013728,0
LQTY.V,D,20240419,000000,1.03121,1.08005,0.95159,1.02302,7245953.25701959,0
LQTY.V,D,20240420,000000,1.02689,1.12348,0.99001,1.10043,6263020.487905013,0
LQTY.V,D,20240421,000000,1.10223,1.10764,1.04103,1.07208,5004177.615881145,0
LQTY.V,D,20240422,000000,1.08088,1.11021,1.07138,1.09452,4271991.192743197,0
LQTY.V,D,20240423,000000,1.09482,1.14629,1.07339,1.11007,4197652.17785651,0
LQTY.V,D,20240424,000000,1.10768,1.13376,1.04287,1.05853,5622895.491718074,0
LQTY.V,D,20240425,000000,1.05703,1.13804,0.99755,1.11695,7204658.8674546685,0
LQTY.V,D,20240426,000000,1.11715,1.12045,1.04151,1.08113,7163600.341673435,0
LQTY.V,D,20240427,000000,1.08199,1.121,1.04095,1.08652,6417099.330619997,0
LQTY.V,D,20240428,000000,1.09431,1.17117,1.08782,1.14331,3898245.0933205606,0
LQTY.V,D,20240429,000000,1.1461,1.14721,1.06357,1.1024,5266954.667825574,0
LQTY.V,D,20240430,000000,1.10227,1.15003,0.961874,0.994795,5255381.067314159,0
LQTY.V,D,20240501,000000,0.994106,1.030238,0.947562,1.01498,5501750.126260963,0
LQTY.V,D,20240502,000000,1.01378,1.03462,0.9754,1.02675,3739498.253507217,0
LQTY.V,D,20240503,000000,1.02685,1.10144,1.01289,1.09546,3950392.2109019845,0
LQTY.V,D,20240504,000000,1.09546,1.10316,1.06919,1.0777,2558473.3428838053,0
LQTY.V,D,20240505,000000,1.0817,1.1029,1.04873,1.08153,2506774.7064546193,0
LQTY.V,D,20240506,000000,1.08133,1.09767,1.02721,1.05072,2948647.9175225287,0
LQTY.V,D,20240507,000000,1.05611,1.06387,1.01854,1.05297,2061787.9590450726,0
LQTY.V,D,20240508,000000,1.05297,1.06467,1.01287,1.04268,2814878.102552994,0
LQTY.V,D,20240509,000000,1.04268,1.08827,1.03298,1.07894,2997799.3585594096,0
LQTY.V,D,20240510,000000,1.07884,1.08857,0.99405,1.0058,3029438.8074513404,0
LQTY.V,D,20240511,000000,1.00659,1.03222,0.99889,1.01298,2061316.3499180076,0
LQTY.V,D,20240512,000000,1.01308,1.02109,0.98925,0.997871,1438484.7677649024,0
LQTY.V,D,20240513,000000,0.997871,1.009028,0.941436,0.983992,2692613.127570763,0
LQTY.V,D,20240514,000000,0.983892,0.990891,0.935938,0.945759,2306665.609500006,0
LQTY.V,D,20240515,000000,0.94536,1.01883,0.921294,1.00409,3000853.3577670385,0
LQTY.V,D,20240516,000000,1.00449,1.02361,0.958878,0.99589,3204811.678032713,0
LQTY.V,D,20240517,000000,0.991889,1.04373,0.982788,1.03035,2230001.6282310053,0
LQTY.V,D,20240518,000000,1.03076,1.03785,1.01124,1.02327,1898584.3637889873,0
LQTY.V,D,20240519,000000,1.02247,1.04497,0.9701,0.977332,1481140.3497669986,0
LQTY.V,D,20240520,000000,0.975941,1.09613,0.9566,1.09352,2359976.5416779914,0
LQTY.V,D,20240521,000000,1.09662,1.13344,1.07925,1.09356,5336042.334901071,0
LQTY.V,D,20240522,000000,1.09382,1.11362,1.06515,1.10534,2945596.4036943847,0
LQTY.V,D,20240523,000000,1.10803,1.14489,1.03765,1.11828,4059648.3702160083,0
LQTY.V,D,20240524,000000,1.11648,1.17188,1.08019,1.12546,5567876.096023783,0
LQTY.V,D,20240525,000000,1.12556,1.17513,1.12073,1.14247,2385179.479895797,0
LQTY.V,D,20240526,000000,1.15027,1.17083,1.11173,1.12199,2153155.786711879,0
LQTY.V,D,20240527,000000,1.12217,1.18041,1.11247,1.16231,3858471.6826207833,0
LQTY.V,D,20240528,000000,1.16251,1.19981,1.10831,1.16406,5407319.784540512,0
LQTY.V,D,20240529,000000,1.16706,1.17722,1.11748,1.12796,3246475.559977642,0
LQTY.V,D,20240530,000000,1.12735,1.15774,1.08615,1.1293,1439831.5700139918,0
LQTY.V,D,20240531,000000,1.12719,1.16936,1.11549,1.15093,1980125.0475192,0
LQTY.V,D,20240601,000000,1.15193,1.15462,1.12639,1.12959,1355133.7989340012,0
LQTY.V,D,20240602,000000,1.13079,1.23781,1.12495,1.14939,3338960.9535420234,0
LQTY.V,D,20240603,000000,1.14999,1.2603,1.14113,1.22899,5595026.231101013,0
LQTY.V,D,20240604,000000,1.22859,1.23197,1.17828,1.1885,2733153.7481949907,0
LQTY.V,D,20240605,000000,1.1888,1.26127,1.18589,1.24102,2374411.4202180603,0
LQTY.V,D,20240606,000000,1.24072,1.53042,1.2265,1.26659,28897724.229129933,0
LQTY.V,D,20240607,000000,1.26559,1.2826,1.06114,1.12357,5316329.12771882,0
LQTY.V,D,20240608,000000,1.12357,1.20165,1.10947,1.11048,5540217.633439353,0
LQTY.V,D,20240609,000000,1.10977,1.11645,1.08221,1.09884,2782685.8882994535,0
LQTY.V,D,20240610,000000,1.09891,1.10997,1.04119,1.04832,2837903.478614003,0
LQTY.V,D,20240611,000000,1.04872,1.0543,0.97889,1.01139,3535614.0531012276,0
LQTY.V,D,20240612,000000,1.01139,1.05399,0.967703,1.02196,3909470.307380188,0
LQTY.V,D,20240613,000000,1.02236,1.02601,0.961402,0.971411,2135375.691473085,0
LQTY.V,D,20240614,000000,0.972311,0.987027,0.90283,0.943539,3474098.283449541,0
LQTY.V,D,20240615,000000,0.943139,0.957182,0.92937,0.939264,2288253.33024683,0
LQTY.V,D,20240616,000000,0.938365,0.98522,0.911544,0.967825,2750444.737905685,0
LQTY.V,D,20240617,000000,0.971422,0.992654,0.907146,0.941667,6518861.979749946,0
LQTY.V,D,20240618,000000,0.944865,0.944865,0.804463,0.869721,4610830.802653969,0
LQTY.V,D,20240619,000000,0.871121,0.948239,0.857271,0.907637,6009122.430989978,0
LQTY.V,D,20240620,000000,0.911135,0.924286,0.870578,0.879575,4910056.361924031,0
LQTY.V,D,20240621,000000,0.882173,0.897453,0.854236,0.867762,2789637.315556616,0
LQTY.V,D,20240622,000000,0.867762,0.875075,0.846975,0.857157,1221743.0175478256,0
LQTY.V,D,20240623,000000,0.857157,0.873914,0.819007,0.830127,1232276.2968385,0
LQTY.V,D,20240624,000000,0.830027,0.861405,0.801903,0.856774,2152814.1394751477,0
LQTY.V,D,20240625,000000,0.857074,0.882691,0.850147,0.874243,2350104.5914525054,0
LQTY.V,D,20240626,000000,0.874243,0.88465,0.839148,0.859421,1869215.5912446692,0
LQTY.V,D,20240627,000000,0.859646,0.889618,0.839019,0.882489,1590870.9717008127,0
LQTY.V,D,20240628,000000,0.885312,0.893462,0.854356,0.860185,1458431.4147734942,0
LQTY.V,D,20240629,000000,0.859885,0.866186,0.831651,0.835078,776748.918902045,0
LQTY.V,D,20240630,000000,0.835278,0.878372,0.825952,0.869242,1468255.4737271857,0
LQTY.V,D,20240701,000000,0.869541,0.9159,0.868343,0.890202,1638033.6348049843,0
LQTY.V,D,20240702,000000,0.890238,0.901446,0.875052,0.897062,970793.0263617099,0
LQTY.V,D,20240703,000000,0.89826,0.907201,0.850763,0.868535,1515899.794795758,0
LQTY.V,D,20240704,000000,0.868035,0.875727,0.764902,0.771768,2063285.0838450938,0
LQTY.V,D,20240705,000000,0.77136,0.776465,0.637102,0.713857,3995937.8990416043,0
LQTY.V,D,20240706,000000,0.714157,0.762423,0.707885,0.762415,1894373.319236259,0
LQTY.V,D,20240707,000000,0.761515,0.771023,0.717335,0.72742,1747046.7314712196,0
LQTY.V,D,20240708,000000,0.727527,0.774306,0.684638,0.737134,2355051.2469894015,0
LQTY.V,D,20240709,000000,0.736934,0.764585,0.72187,0.756185,1777977.9292289694,0
LQTY.V,D,20240710,000000,0.755185,0.785141,0.74817,0.757539,1494376.6361862286,0
LQTY.V,D,20240711,000000,0.757539,0.791992,0.744722,0.749778,2226677.9245319706,0
LQTY.V,D,20240712,000000,0.750277,0.779318,0.73933,0.770246,1667427.4090746094,0
LQTY.V,D,20240713,000000,0.769746,0.779032,0.760391,0.774639,1228223.2779244808,0
LQTY.V,D,20240714,000000,0.774439,0.804133,0.768431,0.800096,1998680.9492760007,0
LQTY.V,D,20240715,000000,0.800496,0.872436,0.798887,0.866633,2348090.418926746,0
LQTY.V,D,20240716,000000,0.866733,0.885975,0.823939,0.877919,2169287.580766995,0
LQTY.V,D,20240717,000000,0.884021,0.891269,0.850279,0.873479,2192955.7057096604,0
LQTY.V,D,20240718,000000,0.872779,0.889738,0.8315,0.840032,1464060.02670001,0
LQTY.V,D,20240719,000000,0.839932,0.893012,0.829934,0.884571,1197631.6863247347,0
LQTY.V,D,20240720,000000,0.885981,0.896532,0.862736,0.884771,1197194.985851044,0
LQTY.V,D,20240721,000000,0.88468,0.887557,0.819501,0.881076,1279656.7069627838,0
LQTY.V,D,20240722,000000,0.881176,0.891971,0.843953,0.846454,1860916.6472665037,0
LQTY.V,D,20240723,000000,0.846454,0.855186,0.795303,0.813698,1663033.020806759,0
LQTY.V,D,20240724,000000,0.814798,0.823392,0.774615,0.785559,1529706.7704575178,0
LQTY.V,D,20240725,000000,0.785559,0.788358,0.727025,0.75968,2350384.647342273,0
LQTY.V,D,20240726,000000,0.760502,0.804776,0.755411,0.7984,2148979.540675814,0
LQTY.V,D,20240727,000000,0.7998,0.818175,0.783686,0.809076,1582752.891376584,0
LQTY.V,D,20240728,000000,0.809281,0.814527,0.778892,0.792329,1891183.4146705722,0
LQTY.V,D,20240729,000000,0.792529,0.848922,0.787584,0.81481,1783469.8792361394,0
LQTY.V,D,20240730,000000,0.81531,0.932701,0.784833,0.802859,5739003.66035376,0
LQTY.V,D,20240731,000000,0.803761,0.868413,0.795761,0.832883,2121792.1479466613,0
LQTY.V,D,20240801,000000,0.838898,0.840097,0.715313,0.759477,1716646.531914327,0
LQTY.V,D,20240802,000000,0.763174,0.817188,0.70104,0.710981,2969976.74782255,0
LQTY.V,D,20240803,000000,0.710582,0.715184,0.636584,0.65039,1965301.3250176755,0
LQTY.V,D,20240804,000000,0.65069,0.66107,0.59269,0.628918,2347963.523694672,0
LQTY.V,D,20240805,000000,0.628418,0.642656,0.496795,0.57991,3773656.200159848,0
LQTY.V,D,20240806,000000,0.580104,0.62887,0.576161,0.612032,3485216.312418985,0
LQTY.V,D,20240807,000000,0.612133,0.632228,0.579904,0.59586,2370247.151828955,0
LQTY.V,D,20240808,000000,0.593559,0.660098,0.58537,0.659198,808535.0270191707,0
LQTY.V,D,20240809,000000,0.658191,0.668387,0.63319,0.654503,1442190.0574705722,0
LQTY.V,D,20240810,000000,0.654403,0.671721,0.641486,0.667727,988481.4150719678,0
LQTY.V,D,20240811,000000,0.667427,0.676595,0.628769,0.632863,1210535.634222008,0
LQTY.V,D,20240812,000000,0.631863,0.670627,0.616285,0.649765,1496243.259870997,0
LQTY.V,D,20240813,000000,0.649671,0.662266,0.627719,0.650878,1705529.7784964473,0
LQTY.V,D,20240814,000000,0.653278,0.653472,0.593083,0.598848,2060310.2192100782,0
LQTY.V,D,20240815,000000,0.599054,0.608506,0.560962,0.567202,1599600.6456863545,0
LQTY.V,D,20240816,000000,0.567108,0.585111,0.558312,0.577862,1989266.0596646017,0
LQTY.V,D,20240817,000000,0.577462,0.625519,0.574932,0.608855,3127505.289711822,0
LQTY.V,D,20240818,000000,0.6083,0.733232,0.606649,0.676635,8345161.3524764525,0
LQTY.V,D,20240819,000000,0.676135,0.709349,0.653163,0.701754,3328369.04646463,0
LQTY.V,D,20240820,000000,0.703155,0.710813,0.659393,0.663007,2895807.8987649605,0
LQTY.V,D,20240821,000000,0.663207,0.687693,0.640426,0.685148,2266190.115292822,0
LQTY.V,D,20240822,000000,0.68094,0.694314,0.662119,0.688734,2229996.395758863,0
LQTY.V,D,20240823,000000,0.687834,0.975663,0.684475,0.96276,10059107.578610383,0
LQTY.V,D,20240824,000000,0.96276,1.07031,0.917614,1.01435,18661993.912718266,0
LQTY.V,D,20240825,000000,1.01636,1.09343,0.98934,1.07037,10774971.666012982,0
LQTY.V,D,20240826,000000,1.07137,1.08143,0.974185,0.988178,4264883.266182546,0
LQTY.V,D,20240827,000000,0.987178,1.005121,0.849949,0.858,3966666.288994983,0
LQTY.V,D,20240828,000000,0.856109,0.865787,0.789263,0.811573,3637720.1147158425,0
LQTY.V,D,20240829,000000,0.811573,0.829082,0.773046,0.789592,2032578.7267268058,0
LQTY.V,D,20240830,000000,0.788484,0.800816,0.725284,0.750402,2712437.8036976266,0
LQTY.V,D,20240831,000000,0.750795,0.756371,0.711172,0.73876,2404512.104781022,0
LQTY.V,D,20240901,000000,0.738874,0.746851,0.699795,0.710272,2530602.393780995,0
LQTY.V,D,20240902,000000,0.710779,0.743381,0.680232,0.742574,3351626.3192459755,0
LQTY.V,D,20240903,000000,0.742874,0.74914,0.693457,0.702303,2646549.354711596,0
LQTY.V,D,20240904,000000,0.70196,0.757685,0.654023,0.748018,4602453.900300899,0
LQTY.V,D,20240905,000000,0.747218,0.75434,0.709252,0.716842,2625893.09498191,0
LQTY.V,D,20240906,000000,0.716857,0.736535,0.653054,0.674649,4611910.721652689,0
LQTY.V,D,20240907,000000,0.674849,0.708122,0.670951,0.692231,2993593.870490002,0
LQTY.V,D,20240908,000000,0.692531,0.737508,0.685725,0.714029,1493151.6447539502,0
LQTY.V,D,20240909,000000,0.713929,0.803104,0.710673,0.794943,2992894.5088657495,0
LQTY.V,D,20240910,000000,0.795343,0.822418,0.783408,0.801944,2370549.7758801845,0
LQTY.V,D,20240911,000000,0.801944,0.805444,0.75098,0.77307,2739602.9771839897,0
LQTY.V,D,20240912,000000,0.77327,0.783453,0.752357,0.778638,2207661.6012406917,0
LQTY.V,D,20240913,000000,0.779011,0.928871,0.778338,0.918067,6372485.042326599,0
LQTY.V,D,20240914,000000,0.919368,0.927654,0.902471,0.906863,2946232.432388738,0
LQTY.V,D,20240915,000000,0.906063,0.918684,0.8655,0.867409,2046604.393058107,0
LQTY.V,D,20240916,000000,0.868947,0.87141,0.779744,0.78875,2500764.8229179992,0
LQTY.V,D,20240917,000000,0.78715,0.885451,0.774123,0.851377,3296843.3253949923,0
LQTY.V,D,20240918,000000,0.850076,0.912536,0.7992,0.903627,4220074.1104056565,0
LQTY.V,D,20240919,000000,0.903927,0.970216,0.89148,0.957505,4214462.763880973,0
LQTY.V,D,20240920,000000,0.957605,1.03045,0.935322,0.99388,3354014.6519157956,0
LQTY.V,D,20240921,000000,0.994199,1.00169,0.956467,0.958096,1697858.7425524644,0
LQTY.V,D,20240922,000000,0.959396,0.99593,0.943891,0.9455,2040943.1075069618,0
LQTY.V,D,20240923,000000,0.943906,1.0376,0.934365,0.99726,3076494.3145854357,0
LQTY.V,D,20240924,000000,0.99695,1.0264,0.97027,1.01615,2100327.4295580024,0
LQTY.V,D,20240925,000000,1.01595,1.03866,0.938787,0.945439,2872824.0634777006,0
LQTY.V,D,20240926,000000,0.945539,0.968058,0.926268,0.944994,2375762.6313001825,0
LQTY.V,D,20240927,000000,0.944794,0.981504,0.933165,0.979076,1877904.9337457959,0
LQTY.V,D,20240928,000000,0.979976,1.02022,0.945785,0.955105,1731454.1129792458,0
LQTY.V,D,20240929,000000,0.954609,1.02171,0.940812,0.992903,1274598.1004149981,0
LQTY.V,D,20240930,000000,0.992002,0.997898,0.905701,0.924904,1694092.1559043087,0
LQTY.V,D,20241001,000000,0.924104,0.958103,0.784388,0.809689,2677015.299620369,0
LQTY.V,D,20241002,000000,0.80869,0.849921,0.774946,0.797693,3258414.2976175067,0
LQTY.V,D,20241003,000000,0.796993,0.817661,0.765993,0.789405,2044264.573513012,0
LQTY.V,D,20241004,000000,0.789905,0.839241,0.782267,0.832992,1568930.9271999984,0
LQTY.V,D,20241005,000000,0.833883,0.875639,0.820851,0.846673,1138566.0603046627,0
LQTY.V,D,20241006,000000,0.8468,0.88442,0.8467,0.859054,771731.9247920498,0
LQTY.V,D,20241007,000000,0.859054,0.912517,0.859054,0.893532,1361083.0500038343,0
LQTY.V,D,20241008,000000,0.893832,0.894132,0.809954,0.828703,2017258.6873893254,0
LQTY.V,D,20241009,000000,0.829151,0.86741,0.797697,0.805091,2611564.1354232696,0
LQTY.V,D,20241010,000000,0.804491,0.837678,0.755486,0.779857,3253628.9679790623,0
LQTY.V,D,20241011,000000,0.779557,0.869774,0.776161,0.85988,3571184.5972094694,0
LQTY.V,D,20241012,000000,0.858888,0.860879,0.829668,0.851644,1807948.7546948057,0
LQTY.V,D,20241013,000000,0.850945,0.861424,0.797101,0.82886,1641058.716626853,0
LQTY.V,D,20241014,000000,0.829283,0.885158,0.81999,0.87576,2922925.729624699,0
LQTY.V,D,20241015,000000,0.876868,0.890342,0.822686,0.831292,4219623.33098348,0
LQTY.V,D,20241016,000000,0.830892,0.861419,0.802803,0.823335,2535644.7447009953,0
LQTY.V,D,20241017,000000,0.824135,0.830176,0.767054,0.780619,2547279.4846539935,0
LQTY.V,D,20241018,000000,0.782118,0.843007,0.779827,0.835291,2836976.521195808,0
LQTY.V,D,20241019,000000,0.834591,0.846032,0.8335,0.838807,2335462.1248092973,0
LQTY.V,D,20241020,000000,0.838507,0.886796,0.836049,0.876411,2595964.42930843,0
LQTY.V,D,20241021,000000,0.876263,0.899104,0.839604,0.85794,2765796.511476692,0
LQTY.V,D,20241022,000000,0.856749,0.865385,0.835615,0.841294,3224610.4096343466,0
LQTY.V,D,20241023,000000,0.839995,0.915662,0.831193,0.894351,8996430.31451427,0
LQTY.V,D,20241024,000000,0.89525,0.901934,0.810664,0.828894,4432235.946288105,0
LQTY.V,D,20241025,000000,0.829002,0.831384,0.781737,0.803252,2783906.669631838,0
LQTY.V,D,20241026,000000,0.803252,0.903043,0.753172,0.897023,14089821.209908143,0
LQTY.V,D,20241027,000000,0.898821,0.912803,0.85085,0.885776,4200664.000327933,0
LQTY.V,D,20241028,000000,0.886379,0.893568,0.820863,0.858798,3421513.545809428,0
LQTY.V,D,20241029,000000,0.859298,0.990312,0.85894,0.962792,8494350.588104637,0
LQTY.V,D,20241030,000000,0.963692,0.977955,0.933445,0.952395,4131251.170833895,0
LQTY.V,D,20241031,000000,0.952695,0.955794,0.895757,0.902716,2662229.4094453882,0
LQTY.V,D,20241101,000000,0.902616,0.933902,0.858415,0.886088,4609828.248196699,0
LQTY.V,D,20241102,000000,0.886088,0.89489,0.849945,0.879345,1701423.718663008,0
LQTY.V,D,20241103,000000,0.881153,0.883253,0.779627,0.813483,3015385.398620724,0
LQTY.V,D,20241104,000000,0.811075,0.82652,0.783443,0.79368,2588425.430163229,0
LQTY.V,D,20241105,000000,0.793982,0.845172,0.788403,0.820302,2729527.4200503314,0
LQTY.V,D,20241106,000000,0.819602,0.951771,0.81731,0.95117,6207920.890218472,0
LQTY.V,D,20241107,000000,0.95127,0.980463,0.921597,0.953176,3252543.803397844,0
LQTY.V,D,20241108,000000,0.953267,0.972002,0.895116,0.935708,3935374.2753246594,0
LQTY.V,D,20241109,000000,0.936508,0.971891,0.926393,0.971282,4721252.986973681,0
LQTY.V,D,20241110,000000,0.970691,1.38062,0.95896,1.05459,39333250.15898315,0
LQTY.V,D,20241111,000000,1.05559,1.10737,1.01773,1.09625,10822423.389146687,0
LQTY.V,D,20241112,000000,1.09525,1.17653,1.08408,1.15775,10745770.556891182,0
LQTY.V,D,20241113,000000,1.15575,1.22531,1.09949,1.17229,5768871.233869597,0
LQTY.V,D,20241114,000000,1.16928,1.25095,1.12821,1.13814,3665903.3086646055,0
LQTY.V,D,20241115,000000,1.13914,1.14113,1.03189,1.08332,2759808.3778864616,0
LQTY.V,D,20241116,000000,1.08332,1.10361,1.05326,1.08638,2636530.613864732,0
LQTY.V,D,20241117,000000,1.08638,1.1694,1.06748,1.12303,6387371.287709099,0
LQTY.V,D,20241118,000000,1.12004,1.17511,1.08609,1.15304,3020712.295503653,0
LQTY.V,D,20241119,000000,1.15405,1.16757,1.09755,1.1114,1978706.8260535582,0
LQTY.V,D,20241120,000000,1.11598,1.19107,1.08965,1.15079,4579494.075992817,0
LQTY.V,D,20241121,000000,1.14879,1.24412,1.12581,1.21534,4065925.3537587794,0
LQTY.V,D,20241122,000000,1.21853,1.25826,1.19972,1.23028,1598132.4236583486,0
LQTY.V,D,20241123,000000,1.22826,1.32636,1.20152,1.28839,1824837.5776655686,0
LQTY.V,D,20241124,000000,1.28939,1.39213,1.2073,1.39139,2657004.075416252,0
LQTY.V,D,20241125,000000,1.39139,1.43999,1.2796,1.31967,2274851.400261891,0
LQTY.V,D,20241126,000000,1.31368,1.35327,1.22358,1.28452,1799093.8060290217,0
LQTY.V,D,20241127,000000,1.28552,1.72072,1.28037,1.72072,4952301.489980374,0
LQTY.V,D,20241128,000000,1.71872,1.71872,1.51723,1.54408,3430080.4583418597,0
LQTY.V,D,20241129,000000,1.54308,1.54752,1.49006,1.51309,1225455.3145865267,0
LQTY.V,D,20241130,000000,1.5141,1.61465,1.48757,1.60064,1415536.2078073141,0
LQTY.V,D,20241201,000000,1.60064,1.6268,1.53504,1.5678,1470367.7598843495,0
LQTY.V,D,20241202,000000,1.56882,1.62024,1.46542,1.61056,1296097.429276412,0
LQTY.V,D,20241203,000000,1.60856,1.75129,1.57997,1.75116,1975304.1780562068,0
LQTY.V,D,20241204,000000,1.75114,1.93852,1.70707,1.87751,2894085.2509133164,0
LQTY.V,D,20241205,000000,1.87551,1.93051,1.73038,1.78891,1407568.0676850912,0
LQTY.V,D,20241206,000000,1.78549,2.1456,1.76363,2.05391,2848611.400749222,0
LQTY.V,D,20241207,000000,2.05493,2.74419,2.03813,2.69689,11605217.296060616,0
LQTY.V,D,20241208,000000,2.69288,2.88048,2.54217,2.6735,7830985.052524541,0
LQTY.V,D,20241209,000000,2.67047,2.68348,2.1137,2.24567,6589379.591953616,0
LQTY.V,D,20241210,000000,2.23867,2.61544,2.10765,2.22811,7130950.6173803015,0
LQTY.V,D,20241211,000000,2.22811,2.66404,2.11718,2.41118,4601179.811099927,0
LQTY.V,D,20241212,000000,2.4112,2.87115,2.4082,2.47457,4747847.968327,0
LQTY.V,D,20241213,000000,2.47357,2.56533,2.33416,2.35045,2175807.1767450077,0
LQTY.V,D,20241214,000000,2.35145,2.5591,2.25564,2.27779,2672116.8310520914,0
LQTY.V,D,20241215,000000,2.27879,2.36006,2.18656,2.25353,2204615.632809898,0
LQTY.V,D,20241216,000000,2.25355,2.3548,2.11611,2.15358,2235840.91780132,0
LQTY.V,D,20241217,000000,2.1526,2.19747,1.96492,1.9788,1828049.0157505607,0
LQTY.V,D,20241218,000000,1.9788,2.01116,1.8034,1.88823,2084642.5567800251,0
LQTY.V,D,20241219,000000,1.88924,1.94456,1.62564,1.73842,2650131.8055516165,0
LQTY.V,D,20241220,000000,1.73743,1.7455,1.47942,1.73584,3321484.283750477,0
LQTY.V,D,20241221,000000,1.73684,1.8261,1.58724,1.59806,2073666.847613293,0
LQTY.V,D,20241222,000000,1.59604,1.6866,1.57385,1.62407,1291574.2148237617,0
LQTY.V,D,20241223,000000,1.62107,1.93926,1.56966,1.84255,2216385.225998164,0
LQTY.V,D,20241224,000000,1.84954,1.88181,1.73021,1.87058,1901741.6865062467,0
LQTY.V,D,20241225,000000,1.87158,2.37871,1.86575,2.27695,7417735.412864632,0
LQTY.V,D,20241226,000000,2.27397,2.33801,2.0708,2.09967,3010990.6846560375,0
LQTY.V,D,20241227,000000,2.09767,2.24254,1.99011,1.99508,1901268.668189142,0
LQTY.V,D,20241228,000000,1.9961,2.00802,1.8899,1.93236,1081279.8780676206,0
LQTY.V,D,20241229,000000,1.93236,1.97881,1.8563,1.86536,1422976.7437391214,0
LQTY.V,D,20241230,000000,1.86735,1.91581,1.79146,1.85063,1563800.0618337027,0
LQTY.V,D,20241231,000000,1.84863,1.92937,1.78066,1.78467,1002700.6267489588,0
LQTY.V,D,20250101,000000,1.78366,1.83828,1.74358,1.82717,733927.1256489009,0
LQTY.V,D,20250102,000000,1.82619,2.00379,1.81115,1.93303,1792926.794950146,0
LQTY.V,D,20250103,000000,1.93403,2.00824,1.84051,1.98623,1623810.3324341609,0
LQTY.V,D,20250104,000000,1.98724,1.99302,1.90141,1.96861,814185.5348470425,0
LQTY.V,D,20250105,000000,1.96761,2.00938,1.8894,1.97251,1107118.5893739485,0
LQTY.V,D,20250106,000000,1.97551,2.01006,1.90624,1.95455,802333.5717070701,0
LQTY.V,D,20250107,000000,1.95357,1.98177,1.67946,1.69476,1355058.4952506584,0
LQTY.V,D,20250108,000000,1.69075,1.69566,1.51218,1.5965,1120174.6239997493,0
LQTY.V,D,20250109,000000,1.59682,1.69554,1.49162,1.52489,880932.1851935145,0
LQTY.V,D,20250110,000000,1.52091,1.58711,1.49487,1.55267,737510.4480823699,0
LQTY.V,D,20250111,000000,1.54907,1.58321,1.51878,1.54926,502265.4557643955,0
LQTY.V,D,20250112,000000,1.54926,1.55127,1.51508,1.51707,609503.0881496898,0
LQTY.V,D,20250113,000000,1.51909,1.70522,1.43215,1.68429,2729840.031888328,0
LQTY.V,D,20250114,000000,1.68929,2.04873,1.66029,2.02017,3709542.142123234,0
LQTY.V,D,20250115,000000,2.02015,2.17865,1.87001,2.13906,2943130.854895914,0
LQTY.V,D,20250116,000000,2.13609,2.17144,2.01156,2.01454,2072726.6369549984,0
LQTY.V,D,20250117,000000,2.01754,2.08306,2.00664,2.06066,1125602.2797213674,0
LQTY.V,D,20250118,000000,2.06146,2.11574,1.86214,1.8683,2001473.9218725224,0
LQTY.V,D,20250119,000000,1.8673,2.11095,1.74411,1.74911,2981175.351532661,0
LQTY.V,D,20250120,000000,1.80109,1.90662,1.65007,1.74879,2199311.667660139,0
LQTY.V,D,20250121,000000,1.74797,2.07492,1.65108,1.9893,3708409.4671347863,0
LQTY.V,D,20250122,000000,1.99146,2.06288,1.82056,1.82056,2841387.0624336125,0
LQTY.V,D,20250123,000000,1.82256,1.92187,1.72735,1.77739,2636733.4761988735,0
LQTY.V,D,20250124,000000,1.77839,1.82244,1.69107,1.69112,2032061.7203167845,0
LQTY.V,D,20250125,000000,1.6876,1.69858,1.5658,1.60569,1106018.7115515112,0
LQTY.V,D,20250126,000000,1.60271,1.64557,1.57009,1.57945,760777.4645407394,0
LQTY.V,D,20250127,000000,1.57536,1.64471,1.42661,1.52982,1174063.6350620072,0
LQTY.V,D,20250128,000000,1.53442,1.61422,1.3695,1.46295,1481676.9711119994,0
LQTY.V,D,20250129,000000,1.3852,1.59362,1.36336,1.50754,1559028.9403630935,0
LQTY.V,D,20250130,000000,1.50684,1.62645,1.49446,1.53984,1711445.6172195857,0
LQTY.V,D,20250131,000000,1.53755,1.72551,1.51059,1.52606,1303859.8625579996,0
LQTY.V,D,20250201,000000,1.52407,1.61852,1.41536,1.42046,1432231.6196822876,0
LQTY.V,D,20250202,000000,1.41826,1.48309,1.14399,1.21094,2656980.0285322806,0
LQTY.V,D,20250203,000000,1.20624,1.25882,0.95991,1.2055,5181481.980949114,0
LQTY.V,D,20250204,000000,1.2058,1.23795,1.00442,1.05111,2483854.511427999,0
LQTY.V,D,20250205,000000,1.04811,1.11586,0.99341,1.00328,2323914.4762378046,0
LQTY.V,D,20250206,000000,1.00448,1.07266,0.960106,1.00147,2276879.0002259896,0
LQTY.V,D,20250207,000000,1.00337,1.11722,0.956657,0.969329,2400702.2516242047,0
LQTY.V,D,20250208,000000,0.968729,1.06292,0.958704,1.05048,2702072.174540706,0
LQTY.V,D,20250209,000000,1.05048,1.14992,0.97801,1.016122,2144524.8999541015,0
LQTY.V,D,20250210,000000,1.017422,1.09651,0.990898,1.05158,1899382.6300146042,0
LQTY.V,D,20250211,000000,1.07708,1.19503,1.04802,1.05968,2734284.0857297033,0
LQTY.V,D,20250212,000000,1.05918,1.11532,1.0072,1.06597,3613542.656847103,0
LQTY.V,D,20250213,000000,1.07418,1.08504,1.00704,1.00812,2524829.4791576522,0
LQTY.V,D,20250214,000000,1.00952,1.05158,0.962802,0.969365,3173462.613321815,0
LQTY.V,D,20250215,000000,0.968955,0.99374,0.948714,0.967087,2434624.130771507,0
