<TICKER>,<PER>,<DATE>,<TIME>,<OPEN>,<HIGH>,<LOW>,<CLOSE>,<VOL>,<OPENINT>
MINA.V,D,20210930,000000,4.005,4.138,3.981,4.067,0,0
MINA.V,D,20211001,000000,4.067,4.649,4.014,4.538,0,0
MINA.V,D,20211002,000000,4.538,4.671,4.419,4.46,0,0
MINA.V,D,20211003,000000,4.46,4.651,4.343,4.507,0,0
MINA.V,D,20211004,000000,4.507,4.508,4.219,4.291,0,0
MINA.V,D,20211005,000000,4.291,4.944,4.276,4.695,0,0
MINA.V,D,20211006,000000,4.695,4.881,4.316,4.573,0,0
MINA.V,D,20211007,000000,4.573,4.81,4.49,4.589,0,0
MINA.V,D,20211008,000000,4.589,4.732,4.459,4.505,0,0
MINA.V,D,20211009,000000,4.505,4.652,4.366,4.452,0,0
MINA.V,D,20211010,000000,4.452,4.486,4.132,4.157,0,0
MINA.V,D,20211011,000000,4.157,4.575,4.066,4.204,0,0
MINA.V,D,20211012,000000,4.204,4.318,3.952,4.179,0,0
MINA.V,D,20211013,000000,4.179,4.267,4.035,4.18,0,0
MINA.V,D,20211014,000000,4.18,4.519,4.132,4.35,0,0
MINA.V,D,20211015,000000,4.35,4.383,4.157,4.21,0,0
MINA.V,D,20211016,000000,4.21,4.299,4.092,4.181,0,0
MINA.V,D,20211017,000000,4.181,4.251,4.014,4.099,0,0
MINA.V,D,20211018,000000,4.099,4.176,3.982,4.082,0,0
MINA.V,D,20211019,000000,4.082,4.137,3.981,4.019,0,0
MINA.V,D,20211020,000000,4.019,4.39,4,4.295,0,0
MINA.V,D,20211021,000000,4.295,4.455,4.165,4.194,0,0
MINA.V,D,20211022,000000,4.194,4.398,4.13,4.204,0,0
MINA.V,D,20211023,000000,4.204,4.296,4.167,4.202,0,0
MINA.V,D,20211024,000000,4.202,4.771,4.157,4.596,0,0
MINA.V,D,20211025,000000,4.596,4.898,4.509,4.842,0,0
MINA.V,D,20211026,000000,4.842,5.329,4.803,4.938,0,0
MINA.V,D,20211027,000000,4.938,4.958,4.305,4.403,0,0
MINA.V,D,20211028,000000,4.403,4.98,4.318,4.662,0,0
MINA.V,D,20211029,000000,4.662,4.861,4.527,4.64,0,0
MINA.V,D,20211030,000000,4.64,4.816,4.33,4.48,0,0
MINA.V,D,20211031,000000,4.48,4.494,4.301,4.464,0,0
MINA.V,D,20211101,000000,4.464,4.696,4.343,4.44,0,0
MINA.V,D,20211102,000000,4.44,4.553,4.377,4.53,0,0
MINA.V,D,20211103,000000,4.53,4.652,4.348,4.448,0,0
MINA.V,D,20211104,000000,4.448,4.535,4.235,4.281,0,0
MINA.V,D,20211105,000000,4.281,4.352,4.233,4.31,0,0
MINA.V,D,20211106,000000,4.31,4.413,4.087,4.246,0,0
MINA.V,D,20211107,000000,4.246,4.541,4.153,4.401,0,0
MINA.V,D,20211108,000000,4.401,4.483,4.255,4.369,0,0
MINA.V,D,20211109,000000,4.369,4.536,4.244,4.266,0,0
MINA.V,D,20211110,000000,4.266,5.938,4.172,5.136,0,0
MINA.V,D,20211111,000000,5.136,6.67,4.917,5.894,0,0
MINA.V,D,20211112,000000,5.894,6.33,5.304,5.634,0,0
MINA.V,D,20211113,000000,5.634,6.04,5.352,5.474,0,0
MINA.V,D,20211114,000000,5.474,5.555,5.063,5.34,0,0
MINA.V,D,20211115,000000,5.34,5.647,5.051,5.077,0,0
MINA.V,D,20211116,000000,5.077,5.08,4.414,4.476,0,0
MINA.V,D,20211117,000000,4.476,4.83,4.269,4.647,0,0
MINA.V,D,20211118,000000,4.647,4.846,4.102,4.203,0,0
MINA.V,D,20211119,000000,4.203,4.899,4.159,4.719,0,0
MINA.V,D,20211120,000000,4.719,4.898,4.393,4.624,0,0
MINA.V,D,20211121,000000,4.624,4.821,4.393,4.466,0,0
MINA.V,D,20211122,000000,4.466,4.69,4.296,4.379,0,0
MINA.V,D,20211123,000000,4.379,4.734,4.373,4.487,0,0
MINA.V,D,20211124,000000,4.51,5.24,4.4,4.97000,0,0
MINA.V,D,20211125,000000,4.97000,5.49,4.86,4.99000,0,0
MINA.V,D,20211126,000000,5.00000,5.06,4.38,4.58000,0,0
MINA.V,D,20211127,000000,4.58000,5.22,4.56,4.70000,0,0
MINA.V,D,20211128,000000,4.70000,4.76,4.45,4.7054863812,0,0
MINA.V,D,20211129,000000,4.676655834,4.91,4.67,4.81000,0,0
MINA.V,D,20211130,000000,4.81000,4.85,4.56,4.58000,0,0
MINA.V,D,20211201,000000,4.58000,4.69,4.54,4.55000,0,0
MINA.V,D,20211202,000000,4.56000,4.57,4.31,4.40000,0,0
MINA.V,D,20211203,000000,4.40000,4.46,4.15,4.23000,0,0
MINA.V,D,20211204,000000,4.23000,4.26,3.45,3.82000,0,0
MINA.V,D,20211205,000000,3.82000,3.89,3.41,3.48000,0,0
MINA.V,D,20211206,000000,3.48000,3.99,3.24,3.86000,0,0
MINA.V,D,20211207,000000,3.86000,4.16,3.71,3.81000,0,0
MINA.V,D,20211208,000000,3.82000,4,3.68,3.93000,0,0
MINA.V,D,20211209,000000,3.94000,3.97,3.53,3.62000,0,0
MINA.V,D,20211210,000000,3.63000,3.76,3.47,3.56000,0,0
MINA.V,D,20211211,000000,3.53000,3.63,3.39,3.55000,0,0
MINA.V,D,20211212,000000,3.55000,3.77,3.54,3.67000,0,0
MINA.V,D,20211213,000000,3.67000,3.67,3.17,3.25830648849999,0,0
MINA.V,D,20211214,000000,3.26230942399999,3.32,3.09,3.21000,0,0
MINA.V,D,20211215,000000,3.22000,3.71723,3.03752,3.52812,0,0
MINA.V,D,20211216,000000,3.52411,3.63818,3.31099,3.349,0,0
MINA.V,D,20211217,000000,3.349,3.35667,3.09293,3.19928,0,0
MINA.V,D,20211218,000000,3.20128,3.33934,3.11825,3.22929,0,0
MINA.V,D,20211219,000000,3.22461,3.32333,3.15726,3.19228,0,0
MINA.V,D,20211220,000000,3.1936,3.23997,2.95189,3.09093,0,0
MINA.V,D,20211221,000000,3.08323,3.26931,3.08323,3.2463,0,0
MINA.V,D,20211222,000000,3.24597,3.4964,3.21997,3.37835,0,0
MINA.V,D,20211223,000000,3.37835,3.76951,3.25965,3.73249,0,0
MINA.V,D,20211224,000000,3.73849,3.74187,3.57414,3.62617,0,0
MINA.V,D,20211225,000000,3.63181,3.68984,3.52776,3.6028,0,0
MINA.V,D,20211226,000000,3.60344,3.86493,3.45673,3.8029,2030106,0
MINA.V,D,20211227,000000,3.80052,4.22027,3.77689,3.88917,5078010,0
MINA.V,D,20211228,000000,3.89417,3.91617,3.38934,3.5007,3178828,0
MINA.V,D,20211229,000000,3.5007,3.72474,3.30733,3.39568,1994878,0
MINA.V,D,20211230,000000,3.39034,3.88178,3.29833,3.57271,4686087,0
MINA.V,D,20211231,000000,3.58372,3.69937,3.47135,3.55436,1682237.2417101,0
MINA.V,D,20220101,000000,3.54235,3.73375,3.53235,3.70374,1046540.8502695,0
MINA.V,D,20220102,000000,3.70637,3.84877,3.60236,3.73475,1383750.6745487,0
MINA.V,D,20220103,000000,3.72875,3.77776,3.49565,3.55436,2418586.2801619,0
MINA.V,D,20220104,000000,3.55164,3.88961,3.476,3.744,5333194.721207,0
MINA.V,D,20220105,000000,3.74188,4.248,3.42066,3.66027,9971057.2597969,0
MINA.V,D,20220106,000000,3.669,4.079,3.51565,3.69363,6225711.9895133,0
MINA.V,D,20220107,000000,3.69463,3.71863,3.31334,3.35766,3756049.6827944,0
MINA.V,D,20220108,000000,3.36366,3.52965,3.16237,3.296,2040671.4726249,0
MINA.V,D,20220109,000000,3.296,3.487,3.165,3.384,1720380.0028466,0
MINA.V,D,20220110,000000,3.386,3.402,2.9927,3.178,2153123.4196597,0
MINA.V,D,20220111,000000,3.175,3.57436,3.134,3.46235,2701200.5828211,0
MINA.V,D,20220112,000000,3.461,3.70074,3.44034,3.58944,2896405.9123904,0
MINA.V,D,20220113,000000,3.59044,3.65182,3.27231,3.29232,2378201.3082311,0
MINA.V,D,20220114,000000,3.28932,3.57143,3.2483,3.48905,2073802.2322749,0
MINA.V,D,20220115,000000,3.49505,3.63145,3.42037,3.50475,1381217.1421555,0
MINA.V,D,20220116,000000,3.50975,3.57643,3.45773,3.5134,1131812.8946106,0
MINA.V,D,20220117,000000,3.51906,3.51906,3.31099,3.41737,1674629.3891738,0
MINA.V,D,20220118,000000,3.41737,3.63409,3.36334,3.4994,4340668.7258872,0
MINA.V,D,20220119,000000,3.49305,3.68647,3.38235,3.42103,3040533.3145857,0
MINA.V,D,20220120,000000,3.41903,3.64773,3.34133,3.38134,2364654.2643583,0
MINA.V,D,20220121,000000,3.37567,3.43569,2.85057,2.90587,3221473.1741923,0
MINA.V,D,20220122,000000,2.91158,3.0116,2.21244,2.3387,5852509.9748531,0
MINA.V,D,20220123,000000,2.3377,2.56477,2.24345,2.37648,3905931.0008845,0
MINA.V,D,20220124,000000,2.38048,2.46725,2.06841,2.29546,2102283.535976,0
MINA.V,D,20220125,000000,2.29869,2.38672,2.20266,2.29415,2493776.8719182,0
MINA.V,D,20220126,000000,2.29638,2.54927,2.25635,2.29338,2470923.402527,0
MINA.V,D,20220127,000000,2.29638,2.37095,2.17309,2.25012,1769096.5577319,0
MINA.V,D,20220128,000000,2.2449,2.3467,2.16265,2.28569,1194732.5466909,0
MINA.V,D,20220129,000000,2.29146,2.37971,2.25245,2.3317,1715153.0204954,0
MINA.V,D,20220130,000000,2.3307,2.40972,2.21589,2.26468,1391543.2411407,0
MINA.V,D,20220131,000000,2.26491,2.39444,2.18988,2.38219,1128638.2257599,0
MINA.V,D,20220201,000000,2.37971,2.67234,2.35841,2.6676,3784930.3786908,0
MINA.V,D,20220202,000000,2.6616,2.79167,2.42897,2.47498,3040686.1422208,0
MINA.V,D,20220203,000000,2.47798,2.60004,2.36318,2.44522,2091965.0078348,0
MINA.V,D,20220204,000000,2.44322,2.71736,2.43497,2.68014,2076938.7007652,0
MINA.V,D,20220205,000000,2.67614,3.04783,2.65913,2.90574,4320554.3020357,0
MINA.V,D,20220206,000000,2.90874,3.18991,2.87572,2.95118,2376396.0718573,0
MINA.V,D,20220207,000000,2.95318,3.18987,2.94577,3.12519,2662282.5283239,0
MINA.V,D,20220208,000000,3.12218,3.1502,2.82726,2.94265,2115121.266449,0
MINA.V,D,20220209,000000,2.94165,3.03412,2.88001,2.94924,1069208.3636192,0
MINA.V,D,20220210,000000,2.94824,2.97408,2.77922,2.82197,1734970.6925943,0
MINA.V,D,20220211,000000,2.81869,2.82698,2.508,2.51675,1520289.9013872,0
MINA.V,D,20220212,000000,2.51876,2.65459,2.38019,2.54252,1594551.3761273,0
MINA.V,D,20220213,000000,2.54753,2.54753,2.36318,2.39444,902680.94786567,0
MINA.V,D,20220214,000000,2.38743,2.79167,2.29915,2.64359,6209174.5140193,0
MINA.V,D,20220215,000000,2.64659,3.01081,2.64032,2.73064,4277641.0160643,0
MINA.V,D,20220216,000000,2.72964,2.8014,2.5953,2.69134,1611612.8590997,0
MINA.V,D,20220217,000000,2.69161,2.89574,2.5085,2.59582,2081544.3954948,0
MINA.V,D,20220218,000000,2.59556,2.64585,2.39744,2.39944,1545488.3128757,0
MINA.V,D,20220219,000000,2.39844,2.4955,2.34441,2.40344,1089731.2366498,0
MINA.V,D,20220220,000000,2.40296,2.57629,2.2549,2.49225,3585193.9537613,0
MINA.V,D,20220221,000000,2.49024,2.57529,2.17709,2.21088,4295208.5307042,0
MINA.V,D,20220222,000000,2.2071,2.27291,2.10884,2.17809,2415135.0240612,0
MINA.V,D,20220223,000000,2.18031,2.33517,2.11506,2.15329,3671321.466389,0
MINA.V,D,20220224,000000,2.15329,2.15829,1.75488,1.93878,5044063.6860875,0
MINA.V,D,20220225,000000,1.94078,2.09284,1.93878,2.09084,2163752.489418,0
MINA.V,D,20220226,000000,2.09305,2.18809,2.05382,2.05982,2151010.6062042,0
MINA.V,D,20220227,000000,2.05882,2.13285,1.92896,1.97079,2229420.1698613,0
MINA.V,D,20220228,000000,1.97579,2.2071,1.92577,2.19188,2193814.3724337,0
MINA.V,D,20220301,000000,2.19188,2.27491,2.14643,2.16643,2189226.7586426,0
MINA.V,D,20220302,000000,2.16465,2.20666,2.07942,2.14464,1582920.2083152,0
MINA.V,D,20220303,000000,2.14164,2.18165,1.9994,2.04241,1477031.6838761,0
MINA.V,D,20220304,000000,2.04641,2.22344,1.94358,2.02161,3868078.2186495,0
MINA.V,D,20220305,000000,2.02261,2.11342,1.95439,2.02361,2223061.5535298,0
MINA.V,D,20220306,000000,2.02361,2.03841,1.93039,1.95859,1100490.8796481,0
MINA.V,D,20220307,000000,1.95659,1.95659,1.80654,1.84355,1503915.920644,0
MINA.V,D,20220308,000000,1.84237,1.90357,1.80518,1.81336,1235568.1610728,0
MINA.V,D,20220309,000000,1.81336,1.97239,1.81218,1.88938,1669660.9340045,0
MINA.V,D,20220310,000000,1.89038,1.90838,1.7617,1.79472,1016994.2761844,0
MINA.V,D,20220311,000000,1.81054,1.83773,1.75135,1.76435,501616.35007002,0
MINA.V,D,20220312,000000,1.75835,1.77335,1.70234,1.732,1189395.3237883,0
MINA.V,D,20220313,000000,1.73335,1.73335,1.62149,1.62833,1017214.135139,0
MINA.V,D,20220314,000000,1.62833,1.71834,1.61932,1.65733,1226624.3525765,0
MINA.V,D,20220315,000000,1.66333,1.71834,1.58532,1.63949,1494835.8313235,0
MINA.V,D,20220316,000000,1.64233,1.94158,1.61048,1.82455,6694321.676848,0
MINA.V,D,20220317,000000,1.82336,2.21689,1.75052,2.10605,14994195.806056,0
MINA.V,D,20220318,000000,2.09805,2.38519,2.02301,2.22789,18179849.310167,0
MINA.V,D,20220319,000000,2.22911,2.32816,2.15308,2.17287,3174650.9511523,0
MINA.V,D,20220320,000000,2.16387,2.18809,2.06503,2.16008,1623208.9624643,0
MINA.V,D,20220321,000000,2.16286,2.18209,2.04182,2.09004,3056105.6839157,0
MINA.V,D,20220322,000000,2.08783,2.31416,2.07103,2.1921,2902122.8759499,0
MINA.V,D,20220323,000000,2.1931,2.83885,2.14786,2.62005,21882172.403572,0
MINA.V,D,20220324,000000,2.61505,2.7561,2.48699,2.56302,9327567.903834,0
MINA.V,D,20220325,000000,2.56302,2.62131,2.42697,2.46799,2272730.8040767,0
MINA.V,D,20220326,000000,2.46499,2.66233,2.44422,2.57003,2014300.4750976,0
MINA.V,D,20220327,000000,2.57128,2.7491,2.51626,2.70108,2155384.5635526,0
MINA.V,D,20220328,000000,2.70181,2.79012,2.6518,2.6748,2811244.070911,0
MINA.V,D,20220329,000000,2.67107,2.7431,2.56903,2.57929,2856388.5740752,0
MINA.V,D,20220330,000000,2.57503,2.71982,2.52126,2.64053,1601267.0396176,0
MINA.V,D,20220331,000000,2.63879,2.86657,2.56751,2.77956,3519940.4442709,0
MINA.V,D,20220401,000000,2.77783,2.78884,2.50675,2.74282,3864059.2707906,0
MINA.V,D,20220402,000000,2.7421,2.81156,2.62205,2.66507,3326817.5532415,0
MINA.V,D,20220403,000000,2.6648,2.7501,2.57703,2.74882,1995923.1533087,0
MINA.V,D,20220404,000000,2.74882,3.21997,2.71581,3.08993,8392022.105207,0
MINA.V,D,20220405,000000,3.09393,3.53071,2.96389,3.28166,10388019.441738,0
MINA.V,D,20220406,000000,3.28466,3.5007,2.9963,3.15031,10011545.535936,0
MINA.V,D,20220407,000000,3.15432,3.50035,3.01,3.40134,18471923.038536,0
MINA.V,D,20220408,000000,3.40634,3.53735,3.13531,3.33633,8877355.0305187,0
MINA.V,D,20220409,000000,3.334,3.34834,3.14594,3.17695,3806306.8929222,0
MINA.V,D,20220410,000000,3.17595,3.25698,2.92588,3.05992,4216256.0113109,0
MINA.V,D,20220411,000000,3.05161,3.06261,2.57577,2.57677,3601670.3074627,0
MINA.V,D,20220412,000000,2.57752,2.68054,2.36871,2.42173,5917950.6571283,0
MINA.V,D,20220413,000000,2.42173,2.55877,2.27168,2.45174,5086755.2792341,0
MINA.V,D,20220414,000000,2.45749,2.62679,2.29046,2.32323,3819431.636829,0
MINA.V,D,20220415,000000,2.32423,2.37948,2.26245,2.32246,2459152.3990798,0
MINA.V,D,20220416,000000,2.32346,2.5005,2.30546,2.42248,2446766.136401,0
MINA.V,D,20220417,000000,2.43024,2.44449,2.30146,2.36347,1428988.9452874,0
MINA.V,D,20220418,000000,2.36147,2.38071,2.16822,2.3277,3524317.237188,0
MINA.V,D,20220419,000000,2.3387,2.4955,2.3257,2.43749,3333947.4809332,0
MINA.V,D,20220420,000000,2.43749,2.60052,2.37047,2.43749,3851462.5310362,0
MINA.V,D,20220421,000000,2.43749,2.56051,2.30646,2.33447,3334273.6465699,0
MINA.V,D,20220422,000000,2.33223,2.43449,2.25445,2.29323,2379967.7904784,0
MINA.V,D,20220423,000000,2.29546,2.31646,2.22122,2.28046,1415542.3679916,0
MINA.V,D,20220424,000000,2.28246,2.29846,2.15543,2.18344,1922790.2511199,0
MINA.V,D,20220425,000000,2.18644,2.26245,1.9812,2.23045,2720235.5363491,0
MINA.V,D,20220426,000000,2.22344,2.27546,1.90919,2.023,3020195.0987736,0
MINA.V,D,20220427,000000,2.0232,2.099,1.94419,2.0092,2831178.3327065,0
MINA.V,D,20220428,000000,2.0102,2.09221,1.98,2.0062,2550813.9964644,0
MINA.V,D,20220429,000000,2.0052,2.0272,1.88,1.88919,2048380.9223799,0
MINA.V,D,20220430,000000,1.88919,1.91119,1.763,1.79318,1734062.3364923,0
MINA.V,D,20220501,000000,1.792,1.82718,1.66,1.755,3050243.7488597,0
MINA.V,D,20220502,000000,1.755,1.934,1.721,1.822,5051767.8108672,0
MINA.V,D,20220503,000000,1.82218,1.92619,1.73983,1.77082,1832132.0030188,0
MINA.V,D,20220504,000000,1.77182,2.031,1.75465,1.97,5769397.6213641,0
MINA.V,D,20220505,000000,1.971,2.11979,1.72565,1.79382,4281603.6708218,0
MINA.V,D,20220506,000000,1.79382,1.89981,1.71948,1.80982,2339468.9107562,0
MINA.V,D,20220507,000000,1.80982,1.84782,1.72166,1.72466,2419322.3265175,0
MINA.V,D,20220508,000000,1.72565,1.73265,1.60336,1.6725,2372815.5130257,0
MINA.V,D,20220509,000000,1.6735,1.6735,1.37945,1.42771,2237233.5910062,0
MINA.V,D,20220510,000000,1.42771,1.61968,1.33946,1.38145,3433395.2750069,0
MINA.V,D,20220511,000000,1.38145,1.47441,0.92338,0.9953,3936256.6128566,0
MINA.V,D,20220512,000000,0.99331,1.136153,0.795087,0.92568,5963549.7943287,0
MINA.V,D,20220513,000000,0.921413,1.219943,0.906546,1.10112,4167165.5455101,0
MINA.V,D,20220514,000000,1.09913,1.13507,0.93413,1.034446,2349061.9862723,0
MINA.V,D,20220515,000000,1.033551,1.142627,1.009483,1.132639,2247847.8352089,0
MINA.V,D,20220516,000000,1.134637,1.160722,1.011784,1.076599,2339928.8330916,0
MINA.V,D,20220517,000000,1.0756,1.12576,1.039438,1.103674,1079100.2553623,0
MINA.V,D,20220518,000000,1.104562,1.133638,0.999699,1.008687,1330638.5305867,0
MINA.V,D,20220519,000000,1.009686,1.061937,0.945769,1.020081,1629510.9789343,0
MINA.V,D,20220520,000000,1.020081,1.075139,0.961748,0.980822,1871461.6508457,0
MINA.V,D,20220521,000000,0.982819,1.039647,0.972831,1.002695,1394753.0382875,0
MINA.V,D,20220522,000000,1.001696,1.046638,0.990611,1.010786,1747626.1517618,0
MINA.V,D,20220523,000000,1.010786,1.06893,0.9988,1.016778,2880300.8662227,0
MINA.V,D,20220524,000000,1.018674,1.088801,0.948955,1.018674,3540704.5326886,0
MINA.V,D,20220525,000000,1.018674,1.032759,0.97193,0.994805,1922859.5731131,0
MINA.V,D,20220526,000000,0.992807,0.996902,0.845984,0.880031,4670147.7327601,0
MINA.V,D,20220527,000000,0.880031,0.887112,0.807192,0.826173,1871317.9472499,0
MINA.V,D,20220528,000000,0.826049,0.851122,0.804904,0.839017,1031694.0353725,0
MINA.V,D,20220529,000000,0.839,0.907074,0.814193,0.869034,1831239.5719678,0
MINA.V,D,20220530,000000,0.869043,0.990306,0.865073,0.973221,2816180.4054889,0
MINA.V,D,20220531,000000,0.972319,0.9992,0.928257,0.95514,1444649.7397805,0
MINA.V,D,20220601,000000,0.955273,0.967293,0.858141,0.865221,921930.63209888,0
MINA.V,D,20220602,000000,0.862241,0.887201,0.837246,0.871215,1388137.1837852,0
MINA.V,D,20220603,000000,0.872214,0.885203,0.817354,0.853257,3110457.6591067,0
MINA.V,D,20220604,000000,0.854256,0.856263,0.817305,0.840369,1728045.0658844,0
MINA.V,D,20220605,000000,0.840369,0.859286,0.825331,0.841217,2408514.1592162,0
MINA.V,D,20220606,000000,0.842208,0.924177,0.836205,0.881259,6931173.3505653,0
MINA.V,D,20220607,000000,0.879261,0.885318,0.813324,0.882276,10422044.232055,0
MINA.V,D,20220608,000000,0.884292,0.889324,0.828486,0.847449,5636141.0314511,0
MINA.V,D,20220609,000000,0.848448,0.865255,0.820294,0.827304,4194168.8457873,0
MINA.V,D,20220610,000000,0.828295,0.849278,0.762161,0.776005,7576589.9826226,0
MINA.V,D,20220611,000000,0.776005,0.814112,0.699132,0.732172,12187486.62659,0
MINA.V,D,20220612,000000,0.730167,0.735183,0.625117,0.669176,7960495.1078073,0
MINA.V,D,20220613,000000,0.66618,0.669116,0.556477,0.627133,53952684.382535,0
MINA.V,D,20220614,000000,0.626135,0.6949,0.600105,0.627246,50495377.179172,0
MINA.V,D,20220615,000000,0.627246,0.697093,0.585943,0.686968,34948372.478565,0
MINA.V,D,20220616,000000,0.682249,0.682249,0.601278,0.612142,7962068.2986347,0
MINA.V,D,20220617,000000,0.59617,0.625,0.588181,0.608269,36232633.031057,0
MINA.V,D,20220618,000000,0.61,0.616272,0.545225,0.578062,21792487.627696,0
MINA.V,D,20220619,000000,0.578062,0.633176,0.548215,0.617258,4773966.5048213,0
MINA.V,D,20220620,000000,0.619256,0.642293,0.600279,0.619318,2846701.0634002,0
MINA.V,D,20220621,000000,0.619318,0.679456,0.610328,0.651348,3234460.3586928,0
MINA.V,D,20220622,000000,0.650349,0.652347,0.601338,0.611388,3936668.2846621,0
MINA.V,D,20220623,000000,0.611388,0.641358,0.606332,0.631305,1811849.3713846,0
MINA.V,D,20220624,000000,0.632367,0.668478,0.624437,0.667479,13265358.522047,0
MINA.V,D,20220625,000000,0.668478,0.809284,0.662337,0.729289,14269382.507968,0
MINA.V,D,20220626,000000,0.729289,0.799656,0.698674,0.707468,9528153.4664618,0
MINA.V,D,20220627,000000,0.707175,0.87917,0.669177,0.68489,2527847.856959,0
MINA.V,D,20220628,000000,0.683598,0.707263,0.654419,0.664582,1927011.038965,0
MINA.V,D,20220629,000000,0.665867,0.6659,0.614337,0.632534,4511388.3442386,0
MINA.V,D,20220630,000000,0.63244,0.637196,0.579346,0.586595,3710388.3636834,0
MINA.V,D,20220701,000000,0.587494,0.636,0.585996,0.609729,6962645.2746984,0
MINA.V,D,20220702,000000,0.611027,0.622952,0.601577,0.622952,4901891.8361543,0
MINA.V,D,20220703,000000,0.623051,0.626547,0.606011,0.617496,4620254.201898,0
MINA.V,D,20220704,000000,0.617496,0.636735,0.608447,0.633739,3816505.9581897,0
MINA.V,D,20220705,000000,0.633539,0.67439,0.621116,0.656477,3488951.5388414,0
MINA.V,D,20220706,000000,0.656477,0.704924,0.639596,0.666666,2882832.8295192,0
MINA.V,D,20220707,000000,0.666766,0.732493,0.666566,0.701179,4801244.8064924,0
MINA.V,D,20220708,000000,0.701979,0.725619,0.6668,0.68229,3165138.6076894,0
MINA.V,D,20220709,000000,0.68219,0.705476,0.676126,0.69978,1337149.9735479,0
MINA.V,D,20220710,000000,0.69971,0.702078,0.65604,0.671997,1345666.7033142,0
MINA.V,D,20220711,000000,0.671997,0.713629,0.643785,0.664901,3248132.3899888,0
MINA.V,D,20220712,000000,0.665061,0.684615,0.633566,0.645654,5657578.5204948,0
MINA.V,D,20220713,000000,0.645473,0.655544,0.603995,0.641322,1872714.2528085,0
MINA.V,D,20220714,000000,0.641122,0.670997,0.632594,0.659338,1599468.5307743,0
MINA.V,D,20220715,000000,0.658505,0.686688,0.652408,0.669799,1471006.1027494,0
MINA.V,D,20220716,000000,0.669499,0.694961,0.65007,0.682095,901046.42943894,0
MINA.V,D,20220717,000000,0.681995,0.692334,0.667706,0.677817,1050804.7050204,0
MINA.V,D,20220718,000000,0.677517,0.728178,0.670192,0.69474,2574187.9199869,0
MINA.V,D,20220719,000000,0.694292,0.863,0.693206,0.802628,8305206.2131338,0
MINA.V,D,20220720,000000,0.8025,0.828308,0.719886,0.753138,3645450.6212706,0
MINA.V,D,20220721,000000,0.753175,0.759429,0.695283,0.750087,2799534.817118,0
MINA.V,D,20220722,000000,0.75008,0.784657,0.720636,0.731302,3190797.1468625,0
MINA.V,D,20220723,000000,0.731168,0.764654,0.714286,0.729095,3535779.1570757,0
MINA.V,D,20220724,000000,0.729173,0.775616,0.728136,0.762652,3731725.0520351,0
MINA.V,D,20220725,000000,0.762753,0.769754,0.66338,0.680254,4662587.5620273,0
MINA.V,D,20220726,000000,0.680254,0.680254,0.631038,0.646397,1510588.482731,0
MINA.V,D,20220727,000000,0.64649,0.721988,0.646032,0.714671,2147509.4111822,0
MINA.V,D,20220728,000000,0.713171,0.771254,0.712671,0.760452,2996408.1177222,0
MINA.V,D,20220729,000000,0.760252,0.791355,0.734876,0.760812,2703819.3243185,0
MINA.V,D,20220730,000000,0.761112,0.8566,0.757365,0.810367,4544447.6351781,0
MINA.V,D,20220731,000000,0.810043,0.827132,0.772816,0.805085,3382213.8380334,0
MINA.V,D,20220801,000000,0.803721,0.804885,0.748802,0.769223,3805381.9936353,0
MINA.V,D,20220802,000000,0.769131,0.796711,0.740822,0.778132,2309483.4947915,0
MINA.V,D,20220803,000000,0.778356,0.825249,0.751365,0.796099,2863853.2037274,0
MINA.V,D,20220804,000000,0.796099,0.81433,0.774223,0.774223,2021705.9952289,0
MINA.V,D,20220805,000000,0.774223,0.848961,0.772431,0.848961,2237259.4968517,0
MINA.V,D,20220806,000000,0.849061,0.890327,0.832658,0.856988,3975089.4273701,0
MINA.V,D,20220807,000000,0.857089,0.861455,0.816796,0.857963,1938114.5720168,0
MINA.V,D,20220808,000000,0.857854,0.928967,0.848253,0.903108,3866678.4654789,0
MINA.V,D,20220809,000000,0.902808,0.984197,0.881362,0.954991,14170295.193889,0
MINA.V,D,20220810,000000,0.956791,0.990672,0.896915,0.960378,3944466.7297549,0
MINA.V,D,20220811,000000,0.960584,0.976044,0.92647,0.933839,2262933.8542348,0
MINA.V,D,20220812,000000,0.933673,0.93745,0.905653,0.929518,1405848.7539898,0
MINA.V,D,20220813,000000,0.929509,0.952133,0.918213,0.921859,1546641.4528255,0
MINA.V,D,20220814,000000,0.921559,0.940457,0.887686,0.893068,1074642.9892213,0
MINA.V,D,20220815,000000,0.893268,0.914347,0.835792,0.857406,2420651.0820024,0
MINA.V,D,20220816,000000,0.857406,0.870378,0.832533,0.837475,1077083.5043986,0
MINA.V,D,20220817,000000,0.837375,0.867404,0.77417,0.775154,2089830.9829068,0
MINA.V,D,20220818,000000,0.775354,0.792232,0.761269,0.775308,1404491.0508013,0
MINA.V,D,20220819,000000,0.775508,0.777478,0.68,0.70077,2699859.7817635,0
MINA.V,D,20220820,000000,0.701421,0.754813,0.687511,0.702093,2070241.7715865,0
MINA.V,D,20220821,000000,0.703679,0.744963,0.701765,0.732985,1503959.9178277,0
MINA.V,D,20220822,000000,0.732685,0.732685,0.684952,0.705373,1470114.1559078,0
MINA.V,D,20220823,000000,0.704573,0.739656,0.697593,0.728307,1585694.4521238,0
MINA.V,D,20220824,000000,0.728493,0.744407,0.712879,0.730266,1121501.9486797,0
MINA.V,D,20220825,000000,0.730466,0.744463,0.717572,0.724629,824772.90081031,0
MINA.V,D,20220826,000000,0.725322,0.731566,0.66458,0.667167,1792535.1047169,0
MINA.V,D,20220827,000000,0.667967,0.675527,0.642958,0.65702,1923057.7828318,0
MINA.V,D,20220828,000000,0.65722,0.67802,0.653274,0.6692,1162807.0172234,0
MINA.V,D,20220829,000000,0.6695,0.705821,0.643042,0.693042,1931497.9407462,0
MINA.V,D,20220830,000000,0.693055,0.706942,0.654546,0.676061,1781661.3324777,0
MINA.V,D,20220831,000000,0.676161,0.686062,0.657274,0.6736,1198984.005387,0
MINA.V,D,20220901,000000,0.673593,0.673887,0.645719,0.66236,900684.42887868,0
MINA.V,D,20220902,000000,0.662367,0.678722,0.653259,0.660512,976970.10030434,0
MINA.V,D,20220903,000000,0.660599,0.6635,0.653052,0.6606,582912.33790307,0
MINA.V,D,20220904,000000,0.6606,0.7101,0.6604,0.6703,2802836.7367888,0
MINA.V,D,20220905,000000,0.6704,0.678168,0.653465,0.659666,940290.47691034,0
MINA.V,D,20220906,000000,0.659666,0.6851,0.6314,0.634,1613295.0080577,0
MINA.V,D,20220907,000000,0.6341,0.658879,0.613731,0.653346,1374416.8472581,0
MINA.V,D,20220908,000000,0.6533,0.661307,0.631925,0.651104,1162615.2886518,0
MINA.V,D,20220909,000000,0.6513,0.694246,0.648771,0.680431,1510758.1260708,0
MINA.V,D,20220910,000000,0.680586,0.692663,0.67389,0.683423,1118221.5000402,0
MINA.V,D,20220911,000000,0.683191,0.698772,0.671368,0.682464,1599320.9556095,0
MINA.V,D,20220912,000000,0.682371,0.702405,0.667713,0.673921,1822103.9205755,0
MINA.V,D,20220913,000000,0.673835,0.673835,0.607718,0.613512,1947253.825098,0
MINA.V,D,20220914,000000,0.613561,0.642003,0.606506,0.629157,3440272.5347966,0
MINA.V,D,20220915,000000,0.628557,0.634778,0.604073,0.609745,1230520.5393123,0
MINA.V,D,20220916,000000,0.609763,0.611376,0.594781,0.608839,1330988.4237514,0
MINA.V,D,20220917,000000,0.6088,0.6383,0.6054,0.6191,1174319.5865258,0
MINA.V,D,20220918,000000,0.6191,0.633563,0.582742,0.5862,1447522.3414235,0
MINA.V,D,20220919,000000,0.5854,0.59792,0.5653,0.59696,1652695.2311429,0
MINA.V,D,20220920,000000,0.59696,0.59862,0.578016,0.580058,1296591.9455695,0
MINA.V,D,20220921,000000,0.579712,0.606,0.5649,0.5691,1515862.957232,0
MINA.V,D,20220922,000000,0.5693,0.6024,0.562056,0.5943,1352149.9289804,0
MINA.V,D,20220923,000000,0.594241,0.6071,0.578,0.591341,1393389.1753985,0
MINA.V,D,20220924,000000,0.591459,0.60226,0.5883,0.593848,1288134.102024,0
MINA.V,D,20220925,000000,0.594,0.594118,0.572094,0.572094,1025849.7772002,0
MINA.V,D,20220926,000000,0.5721,0.5965,0.569557,0.5919,1382761.6065346,0
MINA.V,D,20220927,000000,0.5917,0.6223,0.5863,0.586841,2831369.8123295,0
MINA.V,D,20220928,000000,0.586841,0.5974,0.573943,0.5959,1529395.5974692,0
MINA.V,D,20220929,000000,0.5959,0.6061,0.5763,0.5886,1557467.8088496,0
MINA.V,D,20220930,000000,0.589059,0.6052,0.5857,0.5871,1412333.22251,0
MINA.V,D,20221001,000000,0.587059,0.592559,0.5793,0.582,1003584.8726943,0
MINA.V,D,20221002,000000,0.5824,0.5851,0.5728,0.5787,814174.01823753,0
MINA.V,D,20221003,000000,0.5786,0.5939,0.572257,0.590359,1121900.3350146,0
MINA.V,D,20221004,000000,0.590359,0.601981,0.588018,0.595779,1614491.5691185,0
MINA.V,D,20221005,000000,0.595779,0.597779,0.581858,0.588159,1166696.120191,0
MINA.V,D,20221006,000000,0.588118,0.598814,0.58417,0.5883,1434731.7366355,0
MINA.V,D,20221007,000000,0.5883,0.588306,0.578117,0.583282,1114961.2424976,0
MINA.V,D,20221008,000000,0.583282,0.588882,0.581628,0.581645,656137.17341356,0
MINA.V,D,20221009,000000,0.581545,0.590818,0.5791,0.585417,606401.58401909,0
MINA.V,D,20221010,000000,0.585359,0.590059,0.575585,0.578042,827201.30888828,0
MINA.V,D,20221011,000000,0.5782,0.5784,0.550801,0.55215,1648429.7962386,0
MINA.V,D,20221012,000000,0.552145,0.564183,0.550478,0.553017,1178488.4278555,0
MINA.V,D,20221013,000000,0.553717,0.556194,0.503555,0.539943,2461679.9058008,0
MINA.V,D,20221014,000000,0.540043,0.550211,0.523005,0.527421,1192329.3417868,0
MINA.V,D,20221015,000000,0.526321,0.541449,0.523716,0.533032,1093478.7096851,0
MINA.V,D,20221016,000000,0.532132,0.549795,0.530837,0.541822,816215.15819903,0
MINA.V,D,20221017,000000,0.541822,0.599254,0.541611,0.569011,4118194.0589859,0
MINA.V,D,20221018,000000,0.569211,0.573129,0.540111,0.548522,1250201.3594729,0
MINA.V,D,20221019,000000,0.548533,0.550544,0.532911,0.545205,1275864.3333214,0
MINA.V,D,20221020,000000,0.545195,0.54916,0.527579,0.532763,1342474.0118412,0
MINA.V,D,20221021,000000,0.532847,0.540105,0.513379,0.539243,1186817.1004307,0
MINA.V,D,20221022,000000,0.539538,0.549544,0.536638,0.548044,1046149.1795562,0
MINA.V,D,20221023,000000,0.548044,0.549844,0.524042,0.541576,1563272.4734594,0
MINA.V,D,20221024,000000,0.54217,0.548038,0.521563,0.530821,2078264.6091168,0
MINA.V,D,20221025,000000,0.530921,0.800152,0.526116,0.561196,4557525.8030756,0
MINA.V,D,20221026,000000,0.560791,0.626363,0.55545,0.617479,5404331.8602557,0
MINA.V,D,20221027,000000,0.617279,0.667047,0.598112,0.604242,5908503.5847828,0
MINA.V,D,20221028,000000,0.604036,0.652124,0.590447,0.635127,4090219.8854894,0
MINA.V,D,20221029,000000,0.634814,0.790221,0.631533,0.736869,31925670.035105,0
MINA.V,D,20221030,000000,0.734276,0.737914,0.668267,0.674335,8357839.2059613,0
MINA.V,D,20221031,000000,0.674235,0.725293,0.66216,0.687245,5381667.8926154,0
MINA.V,D,20221101,000000,0.687159,0.726111,0.66902,0.673733,3012000.1802373,0
MINA.V,D,20221102,000000,0.673733,0.751915,0.66432,0.693886,9501155.3421054,0
MINA.V,D,20221103,000000,0.693865,0.831117,0.693458,0.7294,13013382.677984,0
MINA.V,D,20221104,000000,0.7292,0.797324,0.713814,0.779362,6399651.1313135,0
MINA.V,D,20221105,000000,0.779255,0.818265,0.748215,0.756645,4216571.668792415,0
MINA.V,D,20221106,000000,0.756645,0.756645,0.717479,0.720558,2059380.3855874133,0
MINA.V,D,20221107,000000,0.722151,0.743022,0.683955,0.715393,3809650.451796409,0
MINA.V,D,20221108,000000,0.715114,0.7229,0.566936,0.641017,5120944.28437077,0
MINA.V,D,20221109,000000,0.640817,0.66288,0.530165,0.584382,5035093.128222237,0
MINA.V,D,20221110,000000,0.58243,0.692958,0.551243,0.608865,2171196.805783335,0
MINA.V,D,20221111,000000,0.608725,0.69348,0.546055,0.565221,1485274.7725020158,0
MINA.V,D,20221112,000000,0.564626,0.589737,0.534436,0.554201,2073522.5555196228,0
MINA.V,D,20221113,000000,0.554201,0.57227,0.533359,0.538545,2852371.768853786,0
MINA.V,D,20221114,000000,0.537946,0.551238,0.504742,0.526309,1714609.8212280124,0
MINA.V,D,20221115,000000,0.526283,0.612864,0.526283,0.563336,3009211.319255277,0
MINA.V,D,20221116,000000,0.562637,0.578262,0.542141,0.56488,1315729.0262890118,0
MINA.V,D,20221117,000000,0.566433,0.577115,0.550377,0.563849,1323701.8944981901,0
MINA.V,D,20221118,000000,0.563954,0.569433,0.548196,0.554262,1441078.2719764772,0
MINA.V,D,20221119,000000,0.554562,0.601244,0.545705,0.569607,5899064.944036839,0
MINA.V,D,20221120,000000,0.569687,0.590002,0.526299,0.530992,4520212.91896614,0
MINA.V,D,20221121,000000,0.531097,0.538831,0.509549,0.518477,2458796.5340352836,0
MINA.V,D,20221122,000000,0.518272,0.553774,0.493962,0.530053,5694064.055298431,0
MINA.V,D,20221123,000000,0.530275,0.563657,0.529211,0.550394,1837532.1611833647,0
MINA.V,D,20221124,000000,0.5502,0.554895,0.540891,0.54694,1330227.6205040722,0
MINA.V,D,20221125,000000,0.546935,0.550665,0.527777,0.534495,971442.9205320075,0
MINA.V,D,20221126,000000,0.53449,0.551358,0.53439,0.539382,1257816.4205245494,0
MINA.V,D,20221127,000000,0.540081,0.597529,0.540081,0.581228,3725360.623549508,0
MINA.V,D,20221128,000000,0.578768,0.589587,0.538803,0.55369,3353279.3932314003,0
MINA.V,D,20221129,000000,0.55359,0.575447,0.549869,0.563691,1430526.0795781657,0
MINA.V,D,20221130,000000,0.563991,0.582635,0.552189,0.582429,1561912.1732605074,0
MINA.V,D,20221201,000000,0.581517,0.583558,0.5609,0.564434,1052701.83670262,0
MINA.V,D,20221202,000000,0.564828,0.574457,0.559962,0.573134,1181491.1547342376,0
MINA.V,D,20221203,000000,0.572934,0.578052,0.559056,0.559456,747599.9244135872,0
MINA.V,D,20221204,000000,0.560012,0.591459,0.556856,0.575515,2591317.958475119,0
MINA.V,D,20221205,000000,0.575415,0.588947,0.560517,0.562817,1206909.5358680484,0
MINA.V,D,20221206,000000,0.562311,0.585,0.558011,0.564889,3247121.517920343,0
MINA.V,D,20221207,000000,0.564789,0.567689,0.541405,0.545389,1320985.4258903626,0
MINA.V,D,20221208,000000,0.5454,0.557617,0.538,0.552639,981485.2137870875,0
MINA.V,D,20221209,000000,0.552539,0.566134,0.541311,0.543816,1380103.2429055686,0
MINA.V,D,20221210,000000,0.544922,0.578394,0.543927,0.559194,1838312.042741111,0
MINA.V,D,20221211,000000,0.558589,0.572623,0.554811,0.555311,976031.9093990925,0
MINA.V,D,20221212,000000,0.555356,0.557,0.540416,0.55065,927474.7419923842,0
MINA.V,D,20221213,000000,0.54991,0.560951,0.530138,0.550768,1428541.0059433798,0
MINA.V,D,20221214,000000,0.550668,0.570211,0.549684,0.554833,1484778.2064410876,0
MINA.V,D,20221215,000000,0.5549,0.555256,0.539454,0.541108,706279.3143207681,0
MINA.V,D,20221216,000000,0.540908,0.547855,0.50105,0.50105,1097594.0056605153,0
MINA.V,D,20221217,000000,0.50095,0.512587,0.474485,0.480262,3260433.0577266994,0
MINA.V,D,20221218,000000,0.480262,0.490659,0.468947,0.476162,1091199.4809929978,0
MINA.V,D,20221219,000000,0.475957,0.49784,0.460409,0.4635,1217907.5324113024,0
MINA.V,D,20221220,000000,0.4649,0.50594,0.463709,0.485919,2454982.127451769,0
MINA.V,D,20221221,000000,0.486119,0.49062,0.466995,0.472519,1169623.42430935,0
MINA.V,D,20221222,000000,0.472819,0.476376,0.462449,0.475314,837762.6110062756,0
MINA.V,D,20221223,000000,0.475424,0.479823,0.467444,0.469848,547681.842275943,0
MINA.V,D,20221224,000000,0.469648,0.476762,0.468753,0.470772,356266.95924783667,0
MINA.V,D,20221225,000000,0.470667,0.472891,0.462235,0.466539,426066.57365835743,0
MINA.V,D,20221226,000000,0.466444,0.476409,0.465026,0.474105,598398.3551428631,0
MINA.V,D,20221227,000000,0.474205,0.483569,0.470102,0.472216,987321.5614022427,0
MINA.V,D,20221228,000000,0.472111,0.47451,0.449148,0.450761,1642160.4245387455,0
MINA.V,D,20221229,000000,0.450861,0.452065,0.443878,0.447094,562594.178640308,0
MINA.V,D,20221230,000000,0.446999,0.450802,0.43038,0.437377,871902.5392164493,0
MINA.V,D,20221231,000000,0.437377,0.44649,0.433083,0.433083,799555.431006557,0
MINA.V,D,20230101,000000,0.433079,0.437985,0.421081,0.4338,1224355.9597867485,0
MINA.V,D,20230102,000000,0.433596,0.44181,0.423026,0.437364,1035307.3499580151,0
MINA.V,D,20230103,000000,0.437256,0.483902,0.434057,0.462624,3600662.8336569555,0
MINA.V,D,20230104,000000,0.461525,0.478404,0.455759,0.461048,2061240.6431714497,0
MINA.V,D,20230105,000000,0.461048,0.463956,0.445635,0.450542,950471.83286531,0
MINA.V,D,20230106,000000,0.450338,0.455322,0.429398,0.447261,1630495.222939825,0
MINA.V,D,20230107,000000,0.447357,0.454473,0.443667,0.444393,888479.526047857,0
MINA.V,D,20230108,000000,0.444393,0.464721,0.442834,0.459231,1506856.5868533573,0
MINA.V,D,20230109,000000,0.460145,0.494755,0.460145,0.474205,2258152.0602223016,0
MINA.V,D,20230110,000000,0.4741,0.486724,0.462577,0.482768,1663955.4975961582,0
MINA.V,D,20230111,000000,0.482877,0.540062,0.480358,0.508095,8361869.891656691,0
MINA.V,D,20230112,000000,0.507259,0.541168,0.491566,0.522552,4843809.089470329,0
MINA.V,D,20230113,000000,0.521852,0.547627,0.502045,0.536554,5142893.755626772,0
MINA.V,D,20230114,000000,0.536848,0.580081,0.532864,0.559828,4528425.561487751,0
MINA.V,D,20230115,000000,0.559856,0.568976,0.527353,0.555261,2474746.0196500327,0
MINA.V,D,20230116,000000,0.555567,0.573918,0.537327,0.565611,2622231.1256774897,0
MINA.V,D,20230117,000000,0.563706,0.57124,0.553906,0.556556,2087047.6580765564,0
MINA.V,D,20230118,000000,0.556461,0.563539,0.49667,0.516474,3061760.210814599,0
MINA.V,D,20230119,000000,0.516474,0.535695,0.507854,0.524784,2245327.6043326766,0
MINA.V,D,20230120,000000,0.524779,0.562524,0.521095,0.561295,2879136.507078178,0
MINA.V,D,20230121,000000,0.561101,0.592218,0.556784,0.588994,4387308.299484756,0
MINA.V,D,20230122,000000,0.585488,0.613317,0.564396,0.58111,5835571.436427826,0
MINA.V,D,20230123,000000,0.582116,0.605091,0.580052,0.587088,3494505.162248963,0
MINA.V,D,20230124,000000,0.587694,0.606497,0.56289,0.568817,4194401.077676623,0
MINA.V,D,20230125,000000,0.567717,0.738118,0.545098,0.665113,22206142.16747395,0
MINA.V,D,20230126,000000,0.666113,0.768131,0.653046,0.656052,18171413.402029924,0
MINA.V,D,20230127,000000,0.656059,0.680061,0.629176,0.65725,9639823.6214297,0
MINA.V,D,20230128,000000,0.657223,0.673195,0.630139,0.642128,2834640.56852744,0
MINA.V,D,20230129,000000,0.642929,0.786039,0.640447,0.75703,15729107.62905835,0
MINA.V,D,20230130,000000,0.75703,0.948085,0.732044,0.761053,46173014.2570729,0
MINA.V,D,20230131,000000,0.761053,0.930065,0.752045,0.839084,37214254.32927608,0
MINA.V,D,20230201,000000,0.838075,0.961096,0.766046,0.893054,22359985.838081148,0
MINA.V,D,20230202,000000,0.891053,0.93014,0.839101,0.853162,19442513.881796382,0
MINA.V,D,20230203,000000,0.85217,0.910091,0.81609,0.852068,26921202.578142677,0
MINA.V,D,20230204,000000,0.854068,0.869052,0.819049,0.825066,11658184.895893915,0
MINA.V,D,20230205,000000,0.825066,0.858172,0.762213,0.787197,11680370.663048184,0
MINA.V,D,20230206,000000,0.787205,0.844008,0.752135,0.803032,17787723.34914709,0
MINA.V,D,20230207,000000,0.800032,0.874009,0.780062,0.86106,19052651.704332165,0
MINA.V,D,20230208,000000,0.860052,0.887089,0.793056,0.819066,11684445.999560606,0
MINA.V,D,20230209,000000,0.821066,0.882947,0.710149,0.725073,28800121.409222458,0
MINA.V,D,20230210,000000,0.724072,0.960182,0.713178,0.876131,39498596.09601996,0
MINA.V,D,20230211,000000,0.878132,1.146103,0.841109,1.132102,55513651.42327413,0
MINA.V,D,20230212,000000,1.138228,1.154115,0.980137,1.013101,41116504.64959323,0
MINA.V,D,20230213,000000,1.016102,1.039197,0.886629,0.910491,21135027.59933644,0
MINA.V,D,20230214,000000,0.911501,1.024338,0.906453,1.022388,33328033.956489302,0
MINA.V,D,20230215,000000,1.020408,1.232197,0.998349,1.190214,30600329.421069875,0
MINA.V,D,20230216,000000,1.190214,1.220183,1.033331,1.034352,33811028.26863321,0
MINA.V,D,20230217,000000,1.035352,1.116011,1.029051,1.078097,17219097.626973722,0
MINA.V,D,20230218,000000,1.077108,1.170152,1.041291,1.058169,13251131.329730509,0
MINA.V,D,20230219,000000,1.057169,1.088185,0.983275,1.008232,10587224.805487793,0
MINA.V,D,20230220,000000,1.007232,1.075204,0.954286,1.056042,11567497.896077486,0
MINA.V,D,20230221,000000,1.056042,1.109133,0.958182,0.973165,10518405.137939751,0
MINA.V,D,20230222,000000,0.972165,0.984157,0.910091,0.97901,7152755.689731927,0
MINA.V,D,20230223,000000,0.97698,1.044094,0.960182,0.977127,12372087.183427427,0
MINA.V,D,20230224,000000,0.977156,0.995199,0.924083,0.936991,9939571.461171487,0
MINA.V,D,20230225,000000,0.936991,0.979059,0.884124,0.923065,8290566.349321209,0
MINA.V,D,20230226,000000,0.921064,0.964077,0.920037,0.947085,3035658.0431650123,0
MINA.V,D,20230227,000000,0.947047,0.982029,0.921255,0.936047,3556459.3166662087,0
MINA.V,D,20230228,000000,0.937056,0.99401,0.925204,0.937206,9598378.636191756,0
MINA.V,D,20230301,000000,0.938188,0.984098,0.924129,0.971126,6763865.359395081,0
MINA.V,D,20230302,000000,0.970126,1.039062,0.934953,0.984089,13436029.663316706,0
MINA.V,D,20230303,000000,0.983079,0.987069,0.839067,0.877061,8314863.327971593,0
MINA.V,D,20230304,000000,0.877053,0.889036,0.79804,0.817065,3837943.9187417314,0
MINA.V,D,20230305,000000,0.816065,0.852043,0.816065,0.824091,2295132.070250289,0
MINA.V,D,20230306,000000,0.824099,0.833025,0.802992,0.813951,3020411.815532631,0
MINA.V,D,20230307,000000,0.813951,0.834,0.753977,0.765015,4895552.121802349,0
MINA.V,D,20230308,000000,0.764962,0.783992,0.692965,0.699965,4746508.350915584,0
MINA.V,D,20230309,000000,0.699016,0.734772,0.65225,0.66536,7213983.181096693,0
MINA.V,D,20230310,000000,0.665367,0.672973,0.597488,0.640203,24913431.119946677,0
MINA.V,D,20230311,000000,0.640284,0.666837,0.580956,0.612609,13866094.533463454,0
MINA.V,D,20230312,000000,0.613797,0.689837,0.613607,0.680423,7436558.818179631,0
MINA.V,D,20230313,000000,0.678606,0.755692,0.673161,0.747006,10015052.996846547,0
MINA.V,D,20230314,000000,0.742119,0.845932,0.716158,0.80916,10668652.492574777,0
MINA.V,D,20230315,000000,0.807385,0.892342,0.73661,0.788344,20269436.993362747,0
MINA.V,D,20230316,000000,0.785284,0.831694,0.756662,0.797998,9083618.585069343,0
MINA.V,D,20230317,000000,0.797974,0.894364,0.780706,0.879631,20239007.440369338,0
MINA.V,D,20230318,000000,0.881628,0.95141,0.847273,0.860565,22588167.69730188,0
MINA.V,D,20230319,000000,0.860565,0.901967,0.840372,0.873639,4775562.714108355,0
MINA.V,D,20230320,000000,0.87261,0.906613,0.783788,0.807938,10851222.682861382,0
MINA.V,D,20230321,000000,0.807938,0.857394,0.768827,0.831653,9967385.586577987,0
MINA.V,D,20230322,000000,0.832648,0.859194,0.77035,0.796176,9356413.326565314,0
MINA.V,D,20230323,000000,0.795173,0.886938,0.794202,0.88183,6870483.73482814,0
MINA.V,D,20230324,000000,0.879826,0.928761,0.806879,0.829854,14925298.035296828,0
MINA.V,D,20230325,000000,0.827918,0.839064,0.781883,0.789765,4937139.538571677,0
MINA.V,D,20230326,000000,0.788756,0.82274,0.786762,0.801905,2161184.930672528,0
MINA.V,D,20230327,000000,0.801905,0.816783,0.712271,0.726341,6039276.119687785,0
MINA.V,D,20230328,000000,0.726341,0.761205,0.700224,0.744283,4873221.0939162215,0
MINA.V,D,20230329,000000,0.745291,0.787165,0.742193,0.774132,3093707.216440419,0
MINA.V,D,20230330,000000,0.773147,0.790174,0.734139,0.753203,3683029.9511146294,0
MINA.V,D,20230331,000000,0.752203,0.780156,0.737214,0.780156,2792860.8080401802,0
MINA.V,D,20230401,000000,0.780164,0.786283,0.753377,0.764283,2547883.455777461,0
MINA.V,D,20230402,000000,0.764283,0.777373,0.726494,0.735463,3230051.836951455,0
MINA.V,D,20230403,000000,0.733454,0.75309,0.713157,0.730292,4270440.03566084,0
MINA.V,D,20230404,000000,0.732293,0.776326,0.726327,0.766383,3574757.417671288,0
MINA.V,D,20230405,000000,0.766383,0.781289,0.739273,0.757273,3196385.45338826,0
MINA.V,D,20230406,000000,0.755279,0.765153,0.733286,0.743253,2322687.771336725,0
MINA.V,D,20230407,000000,0.742267,0.74538,0.724442,0.727545,1817726.2911605674,0
MINA.V,D,20230408,000000,0.728539,0.739384,0.722368,0.725283,1403540.4383755047,0
MINA.V,D,20230409,000000,0.725283,0.736486,0.714393,0.735441,1717778.7740456355,0
MINA.V,D,20230410,000000,0.736515,0.746589,0.716258,0.740599,1868109.147612512,0
MINA.V,D,20230411,000000,0.740607,0.758629,0.740599,0.744737,2934744.7266194406,0
MINA.V,D,20230412,000000,0.745738,0.746686,0.713791,0.741578,2603887.4394697305,0
MINA.V,D,20230413,000000,0.741578,0.799959,0.739576,0.782751,5894494.5353643205,0
MINA.V,D,20230414,000000,0.785746,0.838804,0.780601,0.815676,7850983.509391003,0
MINA.V,D,20230415,000000,0.814667,0.821755,0.792681,0.79871,2474860.0255617048,0
MINA.V,D,20230416,000000,0.799711,0.832682,0.781672,0.825569,3037521.484038156,0
MINA.V,D,20230417,000000,0.827562,0.830664,0.78544,0.79647,3638003.5843238444,0
MINA.V,D,20230418,000000,0.795469,0.868347,0.788339,0.849153,9381957.472014459,0
MINA.V,D,20230419,000000,0.850136,0.863164,0.742712,0.757378,7667601.158565188,0
MINA.V,D,20230420,000000,0.75941,0.762389,0.703084,0.710064,5962028.913052708,0
MINA.V,D,20230421,000000,0.71005,0.722014,0.653876,0.659927,4756741.799398781,0
MINA.V,D,20230422,000000,0.658928,0.686007,0.657928,0.681068,1863695.1132917483,0
MINA.V,D,20230423,000000,0.682061,0.687069,0.649143,0.661033,1689199.4815018382,0
MINA.V,D,20230424,000000,0.660033,0.680959,0.650123,0.66302,2074140.7768825947,0
MINA.V,D,20230425,000000,0.66302,0.683157,0.641994,0.683157,2121808.8450464676,0
MINA.V,D,20230426,000000,0.684157,0.711135,0.631114,0.662218,4149520.925174034,0
MINA.V,D,20230427,000000,0.662212,0.696132,0.658217,0.692256,2289349.4416086134,0
MINA.V,D,20230428,000000,0.692215,0.692235,0.663278,0.677528,3176424.256366301,0
MINA.V,D,20230429,000000,0.676521,0.688454,0.673464,0.681402,1344506.8769242351,0
MINA.V,D,20230430,000000,0.682402,0.687289,0.657388,0.663378,1578216.76314106,0
MINA.V,D,20230501,000000,0.663371,0.66634,0.622044,0.63117,1952147.8009567172,0
MINA.V,D,20230502,000000,0.63017,0.678102,0.627082,0.645393,2556179.184371099,0
MINA.V,D,20230503,000000,0.645393,0.661178,0.620174,0.656171,3037297.7341639167,0
MINA.V,D,20230504,000000,0.656177,0.66612,0.629233,0.630233,1749858.3354650321,0
MINA.V,D,20230505,000000,0.630227,0.633437,0.612239,0.630573,3456482.9547818056,0
MINA.V,D,20230506,000000,0.632581,0.636687,0.590903,0.598045,1890879.7080835176,0
MINA.V,D,20230507,000000,0.600048,0.601799,0.584975,0.589689,1697966.8240768,0
MINA.V,D,20230508,000000,0.589942,0.593706,0.523356,0.539415,4174847.439587315,0
MINA.V,D,20230509,000000,0.53941,0.558614,0.539399,0.546546,2501970.277906959,0
MINA.V,D,20230510,000000,0.547547,0.585643,0.5456,0.572515,3487132.7201222945,0
MINA.V,D,20230511,000000,0.573516,0.581523,0.528475,0.543543,3023612.221371444,0
MINA.V,D,20230512,000000,0.544544,0.558446,0.531265,0.557446,2478884.926990147,0
MINA.V,D,20230513,000000,0.559447,0.568284,0.553277,0.558695,1504917.8370776735,0
MINA.V,D,20230514,000000,0.558535,0.569031,0.549239,0.558899,1712429.9139395158,0
MINA.V,D,20230515,000000,0.559335,0.576346,0.548329,0.570399,1980133.193919423,0
MINA.V,D,20230516,000000,0.570399,0.57423,0.555333,0.566283,2504024.6564398776,0
MINA.V,D,20230517,000000,0.565226,0.592296,0.55928,0.587293,1898221.87887721,0
MINA.V,D,20230518,000000,0.587293,0.596179,0.565226,0.582175,1994370.6946475233,0
MINA.V,D,20230519,000000,0.582233,0.585234,0.567045,0.578168,1251478.6731273641,0
MINA.V,D,20230520,000000,0.579289,0.585468,0.5724,0.581523,1000187.858795364,0
MINA.V,D,20230521,000000,0.581523,0.592474,0.562281,0.565339,1215145.0909144958,0
MINA.V,D,20230522,000000,0.566283,0.570342,0.551276,0.568284,1795774.259727999,0
MINA.V,D,20230523,000000,0.567079,0.584105,0.55814,0.578035,1128923.0411449978,0
MINA.V,D,20230524,000000,0.578052,0.580064,0.54193,0.555967,1532519.9565395913,0
MINA.V,D,20230525,000000,0.554967,0.564989,0.535027,0.560011,1272655.9932051706,0
MINA.V,D,20230526,000000,0.560011,0.565215,0.548044,0.562129,978917.2388370284,0
MINA.V,D,20230527,000000,0.563107,0.566164,0.554166,0.558218,959089.597090724,0
MINA.V,D,20230528,000000,0.559224,0.580133,0.559224,0.580133,971381.9521126843,0
MINA.V,D,20230529,000000,0.580133,0.590089,0.564073,0.568165,1640804.7843492234,0
MINA.V,D,20230530,000000,0.56817,0.574184,0.561129,0.565226,1209121.1525962956,0
MINA.V,D,20230531,000000,0.564226,0.569171,0.532149,0.536102,1300200.5992074588,0
MINA.V,D,20230601,000000,0.536086,0.542081,0.523126,0.53415,1880980.202037142,0
MINA.V,D,20230602,000000,0.533149,0.546164,0.527105,0.546142,988390.4050343262,0
MINA.V,D,20230603,000000,0.545158,0.551138,0.53921,0.544218,660541.7987240208,0
MINA.V,D,20230604,000000,0.543206,0.561174,0.542173,0.552182,1088649.371989085,0
MINA.V,D,20230605,000000,0.552177,0.556178,0.494247,0.505151,2290151.438954406,0
MINA.V,D,20230606,000000,0.506147,0.521099,0.49,0.514129,1626330.1762397385,0
MINA.V,D,20230607,000000,0.513144,0.526132,0.484,0.484068,4452616.255037335,0
MINA.V,D,20230608,000000,0.484053,0.504045,0.474076,0.497089,1769587.1683452835,0
MINA.V,D,20230609,000000,0.49809,0.512,0.485903,0.491907,1208612.42920319,0
MINA.V,D,20230610,000000,0.492916,0.49499,0.37107,0.417242,6323342.07584099,0
MINA.V,D,20230611,000000,0.416241,0.433204,0.408188,0.42417,1839661.041696451,0
MINA.V,D,20230612,000000,0.425174,0.425174,0.402984,0.411016,2185057.4700674796,0
MINA.V,D,20230613,000000,0.410016,0.424975,0.402,0.417946,2161648.751173462,0
MINA.V,D,20230614,000000,0.41795,0.424957,0.381962,0.396964,1679175.2554215377,0
MINA.V,D,20230615,000000,0.396968,0.407645,0.383044,0.404636,1881889.1778527338,0
MINA.V,D,20230616,000000,0.404664,0.419614,0.398477,0.413673,1651754.5979760305,0
MINA.V,D,20230617,000000,0.413673,0.431741,0.408714,0.426825,1262981.0143984866,0
MINA.V,D,20230618,000000,0.42782,0.43487,0.421802,0.421903,919044.038652518,0
MINA.V,D,20230619,000000,0.422903,0.438737,0.417883,0.430866,1110815.3310545047,0
MINA.V,D,20230620,000000,0.431862,0.45205,0.415846,0.446067,1401076.2173647177,0
MINA.V,D,20230621,000000,0.447067,0.468972,0.436991,0.463028,2686153.6713450737,0
MINA.V,D,20230622,000000,0.46406,0.512764,0.463009,0.483101,6230873.3232376,0
MINA.V,D,20230623,000000,0.483101,0.491221,0.458087,0.478277,2480577.5836779424,0
MINA.V,D,20230624,000000,0.477281,0.492246,0.468243,0.474299,2246407.5899496586,0
MINA.V,D,20230625,000000,0.475275,0.510148,0.475247,0.497159,3533392.847041423,0
MINA.V,D,20230626,000000,0.496144,0.51701,0.479105,0.485102,2949963.337352736,0
MINA.V,D,20230627,000000,0.484102,0.518047,0.483106,0.500095,5280018.918215439,0
MINA.V,D,20230628,000000,0.500095,0.500095,0.44504,0.456,2142859.1911706803,0
MINA.V,D,20230629,000000,0.455995,0.474952,0.451923,0.461958,1787818.3845182373,0
MINA.V,D,20230630,000000,0.46194,0.487863,0.455863,0.483835,2406046.932138102,0
MINA.V,D,20230701,000000,0.48583,0.495985,0.477818,0.489,1118358.0919556068,0
MINA.V,D,20230702,000000,0.491,0.495985,0.476952,0.490044,1765158.0252746784,0
MINA.V,D,20230703,000000,0.491044,0.5241,0.491044,0.516021,3074549.0228461167,0
MINA.V,D,20230704,000000,0.517041,0.524068,0.502055,0.510112,2008791.2245467978,0
MINA.V,D,20230705,000000,0.512102,0.521005,0.48099,0.483077,1393506.6791353147,0
MINA.V,D,20230706,000000,0.483072,0.500995,0.459972,0.463963,1762037.7959428653,0
MINA.V,D,20230707,000000,0.464986,0.464986,0.44704,0.455009,2255081.4597021807,0
MINA.V,D,20230708,000000,0.454045,0.460041,0.435013,0.446076,1456858.0756130514,0
MINA.V,D,20230709,000000,0.446076,0.453082,0.439079,0.440075,1079921.3800944882,0
MINA.V,D,20230710,000000,0.440079,0.483029,0.429043,0.470061,4822541.858847393,0
MINA.V,D,20230711,000000,0.473052,0.520083,0.450036,0.454009,34162489.07588349,0
MINA.V,D,20230712,000000,0.454018,0.456018,0.440956,0.445982,3214445.606326587,0
MINA.V,D,20230713,000000,0.444987,0.499324,0.438974,0.489191,3973698.716402681,0
MINA.V,D,20230714,000000,0.490196,0.514103,0.465181,0.482236,4998285.844759171,0
MINA.V,D,20230715,000000,0.481236,0.494158,0.476171,0.479144,1868981.8830802417,0
MINA.V,D,20230716,000000,0.479339,0.481783,0.465935,0.472222,1800522.1270963633,0
MINA.V,D,20230717,000000,0.472017,0.483584,0.457801,0.47198,2823631.143482978,0
MINA.V,D,20230718,000000,0.47268,0.480482,0.451827,0.457001,2105164.806531717,0
MINA.V,D,20230719,000000,0.457601,0.463402,0.4498,0.455095,2302878.775017044,0
MINA.V,D,20230720,000000,0.454995,0.4645,0.44914,0.457759,2514970.919121551,0
MINA.V,D,20230721,000000,0.457495,0.463654,0.454177,0.463105,1422793.8554308366,0
MINA.V,D,20230722,000000,0.462905,0.468756,0.458027,0.460046,735006.4524854412,0
MINA.V,D,20230723,000000,0.462051,0.468991,0.453059,0.459995,1125125.446949439,0
MINA.V,D,20230724,000000,0.459991,0.463968,0.435887,0.439947,1362958.1551875246,0
MINA.V,D,20230725,000000,0.439934,0.442951,0.43194,0.43497,1000405.19858444,0
MINA.V,D,20230726,000000,0.435961,0.446996,0.425923,0.441018,2086646.5329872128,0
MINA.V,D,20230727,000000,0.440013,0.451986,0.436004,0.44288,1013807.9763303018,0
MINA.V,D,20230728,000000,0.44288,0.449847,0.437869,0.448991,1034609.4568639544,0
MINA.V,D,20230729,000000,0.448987,0.449987,0.443969,0.446996,509882.91645334003,0
MINA.V,D,20230730,000000,0.448996,0.453009,0.434004,0.44096,861123.7772336509,0
MINA.V,D,20230731,000000,0.440965,0.448964,0.435917,0.440925,759088.0281257038,0
MINA.V,D,20230801,000000,0.440929,0.443938,0.425902,0.441775,1267860.8593480473,0
MINA.V,D,20230802,000000,0.441775,0.44882,0.432697,0.435747,1418244.5100487366,0
MINA.V,D,20230803,000000,0.436747,0.438693,0.430565,0.434643,652360.0959560241,0
MINA.V,D,20230804,000000,0.434648,0.437698,0.424724,0.42972,1589933.0120398598,0
MINA.V,D,20230805,000000,0.431719,0.435302,0.427722,0.432524,984391.9563455229,0
MINA.V,D,20230806,000000,0.432486,0.442459,0.431614,0.435215,1043811.8827031724,0
MINA.V,D,20230807,000000,0.435346,0.441204,0.425467,0.436788,1708130.6025220298,0
MINA.V,D,20230808,000000,0.437679,0.459217,0.435125,0.456232,4224601.198703681,0
MINA.V,D,20230809,000000,0.457331,0.465167,0.450049,0.452506,3154033.9001291636,0
MINA.V,D,20230810,000000,0.452506,0.46697,0.449605,0.459812,2484969.815309926,0
MINA.V,D,20230811,000000,0.459912,0.46975,0.457787,0.464893,1520013.4110344495,0
MINA.V,D,20230812,000000,0.466691,0.466822,0.458273,0.463036,571927.4789020194,0
MINA.V,D,20230813,000000,0.461737,0.471674,0.45966,0.466631,1190449.6566717618,0
MINA.V,D,20230814,000000,0.467635,0.484408,0.462639,0.478449,2665819.479333067,0
MINA.V,D,20230815,000000,0.478449,0.493279,0.44352,0.459485,3769892.61769135,0
MINA.V,D,20230816,000000,0.460488,0.460488,0.426526,0.428524,2594027.1864829618,0
MINA.V,D,20230817,000000,0.429518,0.442548,0.371847,0.383777,3279876.1543519483,0
MINA.V,D,20230818,000000,0.382778,0.411415,0.382057,0.406896,33102259.178812444,0
MINA.V,D,20230819,000000,0.406925,0.415667,0.406925,0.414088,14906853.175208185,0
MINA.V,D,20230820,000000,0.415913,0.417971,0.408971,0.412979,421597.903445767,0
MINA.V,D,20230821,000000,0.412975,0.413925,0.397881,0.402344,1861421.7684048405,0
MINA.V,D,20230822,000000,0.402036,0.402536,0.383396,0.389268,1537721.4857717683,0
MINA.V,D,20230823,000000,0.388868,0.41189,0.388156,0.40002,1359043.8745821554,0
MINA.V,D,20230824,000000,0.40052,0.403131,0.387602,0.393099,1696784.8629165553,0
MINA.V,D,20230825,000000,0.392999,0.394495,0.382239,0.387687,59154219.23472421,0
MINA.V,D,20230826,000000,0.387694,0.398968,0.387395,0.395183,68177085.22239996,0
MINA.V,D,20230827,000000,0.393983,0.394887,0.386587,0.388214,63674331.65078376,0
MINA.V,D,20230828,000000,0.388617,0.393895,0.378174,0.389597,57388727.514445946,0
MINA.V,D,20230829,000000,0.391,0.404356,0.378035,0.400076,68980046.95362964,0
MINA.V,D,20230830,000000,0.400572,0.401448,0.391369,0.394292,31431342.645954907,0
MINA.V,D,20230831,000000,0.392241,0.394265,0.371137,0.376651,22710751.35923772,0
MINA.V,D,20230901,000000,0.376451,0.378694,0.36517,0.367209,37160704.415183246,0
MINA.V,D,20230902,000000,0.368208,0.376266,0.368131,0.370959,58672152.08783361,0
MINA.V,D,20230903,000000,0.370859,0.376774,0.369163,0.371933,47548441.7835047,0
MINA.V,D,20230904,000000,0.371933,0.377864,0.364143,0.370396,53423526.50418521,0
MINA.V,D,20230905,000000,0.370396,0.378511,0.365037,0.377615,55426593.754314214,0
MINA.V,D,20230906,000000,0.377315,0.378854,0.365546,0.37727,75428201.84606203,0
MINA.V,D,20230907,000000,0.37727,0.3839,0.373472,0.380606,56493778.76778865,0
MINA.V,D,20230908,000000,0.380321,0.387264,0.372714,0.375251,64953615.404957734,0
MINA.V,D,20230909,000000,0.375147,0.394497,0.373965,0.393478,59938221.627893,0
MINA.V,D,20230910,000000,0.393482,0.394578,0.364623,0.372159,47969972.96567017,0
MINA.V,D,20230911,000000,0.374062,0.37909,0.357143,0.358885,38775558.50456533,0
MINA.V,D,20230912,000000,0.358785,0.380886,0.357978,0.36907,34043347.537796356,0
MINA.V,D,20230913,000000,0.36907,0.3793,0.366034,0.374975,42008501.742598236,0
MINA.V,D,20230914,000000,0.374975,0.380504,0.372589,0.37861,57223479.38862483,0
MINA.V,D,20230915,000000,0.377706,0.37954,0.371204,0.374689,64766195.36978563,0
MINA.V,D,20230916,000000,0.375685,0.392435,0.374685,0.383138,58890680.05521389,0
MINA.V,D,20230917,000000,0.383835,0.385785,0.365788,0.367488,49794513.9546445,0
MINA.V,D,20230918,000000,0.367688,0.386808,0.367388,0.380461,50733033.67054206,0
MINA.V,D,20230919,000000,0.379257,0.388066,0.37868,0.385554,59546730.55767468,0
MINA.V,D,20230920,000000,0.385654,0.386643,0.37753,0.378223,56517500.053403504,0
MINA.V,D,20230921,000000,0.377723,0.393635,0.376111,0.379385,67956321.75049019,0
MINA.V,D,20230922,000000,0.379189,0.382358,0.375751,0.379473,58871669.070364535,0
MINA.V,D,20230923,000000,0.379373,0.3844,0.377377,0.381027,63103968.53858264,0
MINA.V,D,20230924,000000,0.381027,0.385515,0.381023,0.384319,70508098.01467071,0
MINA.V,D,20230925,000000,0.384515,0.385115,0.374534,0.380381,50885900.30316357,0
MINA.V,D,20230926,000000,0.380381,0.380381,0.36571,0.370441,83833878.0894463,0
MINA.V,D,20230927,000000,0.369341,0.377835,0.365596,0.366432,81251085.27060696,0
MINA.V,D,20230928,000000,0.366429,0.380461,0.366025,0.375192,67724824.32057823,0
MINA.V,D,20230929,000000,0.377392,0.379077,0.372455,0.375559,61999406.55577285,0
MINA.V,D,20230930,000000,0.374859,0.382619,0.373759,0.380976,72227768.52538237,0
MINA.V,D,20231001,000000,0.380976,0.393832,0.37933,0.389443,73984746.13677897,0
MINA.V,D,20231002,000000,0.387843,0.397651,0.374409,0.383311,84436343.15226759,0
MINA.V,D,20231003,000000,0.383211,0.384923,0.372407,0.374785,58799503.24791101,0
MINA.V,D,20231004,000000,0.373626,0.4037,0.359532,0.400308,82943429.6665614,0
MINA.V,D,20231005,000000,0.399716,0.406384,0.377298,0.380206,79846317.24256656,0
MINA.V,D,20231006,000000,0.379803,0.395417,0.379803,0.395262,59744932.65878354,0
MINA.V,D,20231007,000000,0.395362,0.39561,0.38495,0.38642,48836631.09298245,0
MINA.V,D,20231008,000000,0.38642,0.39097,0.380809,0.383018,74243600.60061187,0
MINA.V,D,20231009,000000,0.382918,0.383434,0.359965,0.363376,58787653.32943934,0
MINA.V,D,20231010,000000,0.365977,0.36967,0.361025,0.36264,75106055.47117946,0
MINA.V,D,20231011,000000,0.362636,0.363044,0.349052,0.356,90643421.69024694,0
MINA.V,D,20231012,000000,0.356497,0.361206,0.350312,0.360167,70730917.92327265,0
MINA.V,D,20231013,000000,0.357768,0.364961,0.356864,0.362724,85480283.2102041,0
MINA.V,D,20231014,000000,0.36272,0.366238,0.35996,0.362078,50949697.484528735,0
MINA.V,D,20231015,000000,0.362078,0.367004,0.359586,0.366515,130262359.93023677,0
MINA.V,D,20231016,000000,0.367015,0.373979,0.364229,0.371352,62084780.49068866,0
MINA.V,D,20231017,000000,0.371352,0.374857,0.359251,0.366836,75091365.8338276,0
MINA.V,D,20231018,000000,0.366836,0.374654,0.366035,0.370078,88125898.96816249,0
MINA.V,D,20231019,000000,0.370078,0.382953,0.369063,0.377051,66908558.633416325,0
MINA.V,D,20231020,000000,0.377151,0.392883,0.374357,0.388159,84581795.51660815,0
MINA.V,D,20231021,000000,0.387459,0.401156,0.384588,0.399796,51265180.26744449,0
MINA.V,D,20231022,000000,0.399796,0.404442,0.392531,0.398535,78518539.35372336,0
MINA.V,D,20231023,000000,0.399136,0.472508,0.398288,0.458438,78039945.47383486,0
MINA.V,D,20231024,000000,0.458434,0.879194,0.455332,0.594929,389842446.7472551,0
MINA.V,D,20231025,000000,0.659421,0.879188,0.572091,0.635146,120976944.74097341,0
MINA.V,D,20231026,000000,0.595137,0.879285,0.572189,0.5871,62249509.20624215,0
MINA.V,D,20231027,000000,0.5871,0.879458,0.572274,0.620036,91736725.67441519,0
MINA.V,D,20231028,000000,0.620943,0.634333,0.598314,0.613498,82056361.88875738,0
MINA.V,D,20231029,000000,0.613698,0.649156,0.599814,0.622218,78962548.74567279,0
MINA.V,D,20231030,000000,0.622618,0.646878,0.609401,0.63591,95500808.44577368,0
MINA.V,D,20231031,000000,0.63541,0.64175,0.571571,0.589842,86129371.21062851,0
MINA.V,D,20231101,000000,0.590548,0.607561,0.56184,0.595891,103918428.86305797,0
MINA.V,D,20231102,000000,0.595891,0.611493,0.569837,0.58127,88653332.06605515,0
MINA.V,D,20231103,000000,0.58017,0.605576,0.562407,0.594932,72841910.56967804,0
MINA.V,D,20231104,000000,0.601052,0.607037,0.590383,0.600854,73576446.58010307,0
MINA.V,D,20231105,000000,0.600848,0.628746,0.584043,0.585468,98115009.98965174,0
MINA.V,D,20231106,000000,0.59723,0.621174,0.57984,0.619173,65304015.158846,0
MINA.V,D,20231107,000000,0.619173,0.62922,0.587058,0.609074,67403605.94293262,0
MINA.V,D,20231108,000000,0.607643,0.634727,0.601483,0.627444,80453824.690096,0
MINA.V,D,20231109,000000,0.627638,0.754724,0.601808,0.656925,133218915.1343097,0
MINA.V,D,20231110,000000,0.655124,0.700284,0.654724,0.699363,32457625.518354744,0
MINA.V,D,20231111,000000,0.698663,0.70686,0.653899,0.675969,28915619.54579842,0
MINA.V,D,20231112,000000,0.676662,0.682884,0.643487,0.67477,19733865.58859539,0
MINA.V,D,20231113,000000,0.67407,0.681015,0.616429,0.630683,18774363.82999128,0
MINA.V,D,20231114,000000,0.631677,0.636878,0.582941,0.594677,17326237.186583243,0
MINA.V,D,20231115,000000,0.594877,0.633815,0.593471,0.624224,24598630.170923766,0
MINA.V,D,20231116,000000,0.625206,0.648762,0.583776,0.601566,22784628.049283613,0
MINA.V,D,20231117,000000,0.601166,0.615768,0.57614,0.596303,23744133.73575005,0
MINA.V,D,20231118,000000,0.596297,0.638317,0.577083,0.607397,27833838.56265381,0
MINA.V,D,20231119,000000,0.607498,0.622568,0.591849,0.619673,16536406.136586173,0
MINA.V,D,20231120,000000,0.620073,0.67395,0.617722,0.644344,35091210.589478955,0
MINA.V,D,20231121,000000,0.644144,0.665626,0.584728,0.585022,26036664.119498353,0
MINA.V,D,20231122,000000,0.584822,0.635429,0.578945,0.63399,19829075.881830644,0
MINA.V,D,20231123,000000,0.633496,0.704092,0.624681,0.676395,45849574.7481741,0
MINA.V,D,20231124,000000,0.676395,0.771001,0.675895,0.739284,46591777.89506205,0
MINA.V,D,20231125,000000,0.739091,0.88169,0.729862,0.79717,63506401.02201618,0
MINA.V,D,20231126,000000,0.79737,0.816673,0.737002,0.76249,25609216.49519036,0
MINA.V,D,20231127,000000,0.762482,0.765668,0.678986,0.692014,28684545.180428766,0
MINA.V,D,20231128,000000,0.692014,0.742782,0.67116,0.737127,24595586.69693896,0
MINA.V,D,20231129,000000,0.736927,0.748189,0.694208,0.697984,20648015.34983665,0
MINA.V,D,20231130,000000,0.697991,0.745412,0.697146,0.717715,27517967.70373524,0
MINA.V,D,20231201,000000,0.716522,0.770931,0.713821,0.748699,20642733.593328197,0
MINA.V,D,20231202,000000,0.748692,0.771986,0.741026,0.759249,19175727.61030367,0
MINA.V,D,20231203,000000,0.759049,0.759942,0.72346,0.74386,20052335.42274865,0
MINA.V,D,20231204,000000,0.74416,0.763667,0.698907,0.74273,20693824.923640773,0
MINA.V,D,20231205,000000,0.742737,0.767139,0.696035,0.755491,21521727.743029606,0
MINA.V,D,20231206,000000,0.754691,0.788042,0.721222,0.735281,20529645.316368587,0
MINA.V,D,20231207,000000,0.735281,0.753351,0.702812,0.750263,19139956.169083707,0
MINA.V,D,20231208,000000,0.750363,0.783786,0.740422,0.777857,16427814.168862607,0
MINA.V,D,20231209,000000,0.778657,0.812928,0.76763,0.773601,16936033.720935043,0
MINA.V,D,20231210,000000,0.773509,0.860952,0.748754,0.857026,34717296.59262435,0
MINA.V,D,20231211,000000,0.856926,0.914982,0.767555,0.808628,37060800.07130949,0
MINA.V,D,20231212,000000,0.80852,0.840565,0.770037,0.779449,22504019.48315952,0
MINA.V,D,20231213,000000,0.779349,0.799836,0.73347,0.797483,20989804.207606036,0
MINA.V,D,20231214,000000,0.797483,0.802941,0.750085,0.797528,20178065.617876787,0
MINA.V,D,20231215,000000,0.797536,0.80142,0.751975,0.752268,17598791.839465316,0
MINA.V,D,20231216,000000,0.753068,0.788072,0.733346,0.768784,17320632.615013126,0
MINA.V,D,20231217,000000,0.767885,0.779184,0.741639,0.75622,15506441.360415874,0
MINA.V,D,20231218,000000,0.756213,0.75622,0.674345,0.720884,19215709.705085624,0
MINA.V,D,20231219,000000,0.721084,0.783032,0.721084,0.779702,20563294.794132724,0
MINA.V,D,20231220,000000,0.780102,0.94176,0.770284,0.875626,49336357.93699221,0
MINA.V,D,20231221,000000,0.876335,0.957296,0.840824,0.894061,34545652.68839613,0
MINA.V,D,20231222,000000,0.89687,0.918548,0.848927,0.881496,21862444.776297618,0
MINA.V,D,20231223,000000,0.881405,1.04922,0.87735,0.9946,49699993.89967091,0
MINA.V,D,20231224,000000,0.9936,1.2934,0.98628,1.19209,97192054.6736907,0
MINA.V,D,20231225,000000,1.19199,1.26141,1.1607,1.20006,48979076.356337346,0
MINA.V,D,20231226,000000,1.20066,1.42893,1.10192,1.41086,60958129.15025374,0
MINA.V,D,20231227,000000,1.41036,1.48343,1.31716,1.33403,55228384.9661875,0
MINA.V,D,20231228,000000,1.33403,1.37034,1.21892,1.27142,40461777.96402047,0
MINA.V,D,20231229,000000,1.27135,1.40903,1.20638,1.30726,34768682.88657784,0
MINA.V,D,20231230,000000,1.33855,1.47849,1.30458,1.45756,35008912.76826598,0
MINA.V,D,20231231,000000,1.45706,1.49548,1.35112,1.36346,28721848.386243016,0
MINA.V,D,20240101,000000,1.36456,1.551,1.31887,1.52909,30130827.22316009,0
MINA.V,D,20240102,000000,1.52739,1.68922,1.46034,1.46186,49394965.4218753,0
MINA.V,D,20240103,000000,1.46256,1.54062,1.07945,1.39862,38025839.566919535,0
MINA.V,D,20240104,000000,1.39905,1.39985,1.26,1.30745,36726386.90375684,0
MINA.V,D,20240105,000000,1.30744,1.32853,1.17636,1.20955,33148303.912591204,0
MINA.V,D,20240106,000000,1.21016,1.22788,1.07751,1.10806,36293582.33290017,0
MINA.V,D,20240107,000000,1.10806,1.19111,1.06464,1.07559,28819902.174589995,0
MINA.V,D,20240108,000000,1.07509,1.2191,0.948412,1.19736,31370144.599426653,0
MINA.V,D,20240109,000000,1.19756,1.23203,1.08974,1.12475,23482099.442206122,0
MINA.V,D,20240110,000000,1.11176,1.25663,1.05662,1.2421,28290418.6546529,0
MINA.V,D,20240111,000000,1.24232,1.35152,1.18434,1.28008,30608836.46818275,0
MINA.V,D,20240112,000000,1.27958,1.32217,1.157,1.18322,20688834.820124347,0
MINA.V,D,20240113,000000,1.18308,1.24159,1.14556,1.2331,17030536.102386568,0
MINA.V,D,20240114,000000,1.2337,1.24316,1.16522,1.19113,15795050.81228429,0
MINA.V,D,20240115,000000,1.19103,1.22857,1.15168,1.21438,15899351.87015669,0
MINA.V,D,20240116,000000,1.21328,1.31044,1.20927,1.28289,24775564.330795888,0
MINA.V,D,20240117,000000,1.28459,1.31581,1.24474,1.27942,17499022.277911596,0
MINA.V,D,20240118,000000,1.27962,1.32705,1.17989,1.21917,18909141.994214628,0
MINA.V,D,20240119,000000,1.21917,1.22402,1.10502,1.17014,15664663.58745055,0
MINA.V,D,20240120,000000,1.16964,1.17363,1.11089,1.13097,12020051.589158786,0
MINA.V,D,20240121,000000,1.13097,1.17323,1.12451,1.14179,11384207.36442907,0
MINA.V,D,20240122,000000,1.1413,1.14279,1.02072,1.05107,14170869.870476741,0
MINA.V,D,20240123,000000,1.05127,1.05447,0.956816,1.020601,15737571.700126773,0
MINA.V,D,20240124,000000,1.020291,1.0581,1.01607,1.02995,14340004.119536852,0
MINA.V,D,20240125,000000,1.02976,1.04877,0.98656,1.01075,11442872.28396159,0
MINA.V,D,20240126,000000,1.01075,1.09038,0.987276,1.07367,14434639.683899105,0
MINA.V,D,20240127,000000,1.08926,1.1088,1.07012,1.09709,13870036.039167985,0
MINA.V,D,20240128,000000,1.0974,1.12228,1.06031,1.07523,12634187.90486325,0
MINA.V,D,20240129,000000,1.07514,1.13306,1.05707,1.1254,8350615.08355204,0
MINA.V,D,20240130,000000,1.12631,1.20275,1.11504,1.15688,17855743.100766182,0
MINA.V,D,20240131,000000,1.15659,1.19364,1.10672,1.15165,18068349.149519213,0
MINA.V,D,20240201,000000,1.15175,1.24095,1.11186,1.21215,19883927.738114662,0
MINA.V,D,20240202,000000,1.21025,1.27991,1.20765,1.23864,15914745.75319109,0
MINA.V,D,20240203,000000,1.24134,1.25076,1.19409,1.21509,12216646.294597376,0
MINA.V,D,20240204,000000,1.21233,1.2294,1.1647,1.17271,11695597.548008021,0
MINA.V,D,20240205,000000,1.16886,1.21909,1.14427,1.16527,11259575.103764255,0
MINA.V,D,20240206,000000,1.16547,1.19731,1.13617,1.14954,11105440.552684907,0
MINA.V,D,20240207,000000,1.14954,1.18485,1.12157,1.18196,10483686.045172233,0
MINA.V,D,20240208,000000,1.18086,1.23448,1.17495,1.18884,12694973.051682409,0
MINA.V,D,20240209,000000,1.18994,1.28277,1.18193,1.28124,15063568.42614635,0
MINA.V,D,20240210,000000,1.28127,1.35009,1.26992,1.32148,14415534.927586392,0
MINA.V,D,20240211,000000,1.31658,1.40219,1.27693,1.3891,29648807.248669628,0
MINA.V,D,20240212,000000,1.389,1.44302,1.3336,1.40782,19921205.606177095,0
MINA.V,D,20240213,000000,1.40398,1.43933,1.34869,1.38354,15077869.498703148,0
MINA.V,D,20240214,000000,1.38395,1.55911,1.37801,1.49239,23762761.43305041,0
MINA.V,D,20240215,000000,1.4909,1.54378,1.42339,1.43835,19815362.01504525,0
MINA.V,D,20240216,000000,1.43835,1.46387,1.34332,1.36905,19921756.404676747,0
MINA.V,D,20240217,000000,1.36975,1.3951,1.32077,1.32119,8303269.076362435,0
MINA.V,D,20240218,000000,1.38825,1.4192,1.3773,1.41416,1845950.9333009298,0
MINA.V,D,20240219,000000,1.41427,1.43156,1.35439,1.38713,11483843.728170883,0
MINA.V,D,20240220,000000,1.38613,1.43977,1.29706,1.35047,19578050.545354985,0
MINA.V,D,20240221,000000,1.35047,1.36896,1.24741,1.287,15198765.800594466,0
MINA.V,D,20240222,000000,1.2871,1.30808,1.24246,1.28189,13384001.52822991,0
MINA.V,D,20240223,000000,1.28039,1.29106,1.22672,1.26402,11759396.088132044,0
MINA.V,D,20240224,000000,1.26402,1.32649,1.2245,1.314,6572295.912735004,0
MINA.V,D,20240225,000000,1.31439,1.32059,1.27172,1.29505,9483919.985787215,0
MINA.V,D,20240226,000000,1.29504,1.33887,1.23929,1.33887,9567548.862629317,0
MINA.V,D,20240227,000000,1.33557,1.34882,1.28156,1.30792,10312425.914141003,0
MINA.V,D,20240228,000000,1.30812,1.35907,1.16144,1.29209,20201687.590820685,0
MINA.V,D,20240229,000000,1.2923,1.37124,1.25336,1.26194,7248471.078285869,0
MINA.V,D,20240301,000000,1.27505,1.33916,1.27505,1.33544,6735169.999766832,0
MINA.V,D,20240302,000000,1.33541,1.42601,1.30411,1.39607,11798357.12348302,0
MINA.V,D,20240303,000000,1.39947,1.43346,1.31293,1.38302,20919929.663378086,0
MINA.V,D,20240304,000000,1.38232,1.41935,1.29463,1.34368,18584904.826480668,0
MINA.V,D,20240305,000000,1.34406,1.37019,1.04018,1.21073,20964561.959497377,0
MINA.V,D,20240306,000000,1.21072,1.3093,1.17818,1.30115,10349194.599715758,0
MINA.V,D,20240307,000000,1.30115,1.37041,1.2886,1.33463,18679238.400134683,0
MINA.V,D,20240308,000000,1.3338,1.37206,1.25547,1.31605,19577230.64385999,0
MINA.V,D,20240309,000000,1.31605,1.37905,1.30905,1.37297,17809650.150779568,0
MINA.V,D,20240310,000000,1.37296,1.55346,1.35972,1.45472,45416888.63447872,0
MINA.V,D,20240311,000000,1.44734,1.70279,1.38278,1.61432,38669351.9581797,0
MINA.V,D,20240312,000000,1.61431,1.72003,1.48018,1.54311,24670071.38251416,0
MINA.V,D,20240313,000000,1.54311,1.56679,1.4679,1.50765,12161764.944363423,0
MINA.V,D,20240314,000000,1.48499,1.50257,1.38488,1.4336,6559241.6897656005,0
MINA.V,D,20240315,000000,1.43548,1.44765,1.25398,1.28603,17533830.729942735,0
MINA.V,D,20240316,000000,1.33053,1.41203,1.23512,1.27145,16456398.217605734,0
MINA.V,D,20240317,000000,1.26109,1.33928,1.19944,1.33598,12364101.210339159,0
MINA.V,D,20240318,000000,1.33813,1.34052,1.21451,1.23213,8504552.145800197,0
MINA.V,D,20240319,000000,1.23163,1.24499,1.09248,1.14439,12201765.334301922,0
MINA.V,D,20240320,000000,1.1374,1.2535,1.07487,1.23649,13817005.478572426,0
MINA.V,D,20240321,000000,1.23444,1.2828,1.19552,1.22742,6973545.397118344,0
MINA.V,D,20240322,000000,1.22742,1.24945,1.15524,1.15986,9058987.565454466,0
MINA.V,D,20240323,000000,1.16876,1.2177,1.16725,1.2017,10661957.827154603,0
MINA.V,D,20240324,000000,1.2011,1.2386,1.18235,1.23151,12914592.149366302,0
MINA.V,D,20240325,000000,1.2373,1.29548,1.22374,1.27819,14450485.701607294,0
MINA.V,D,20240326,000000,1.27649,1.31683,1.25764,1.28271,25375627.71866601,0
MINA.V,D,20240327,000000,1.28273,1.32561,1.23687,1.26045,35093808.97389314,0
MINA.V,D,20240328,000000,1.26073,1.27433,1.22148,1.25285,26426258.64507673,0
MINA.V,D,20240329,000000,1.26011,1.26751,1.21476,1.22589,23151786.282313935,0
MINA.V,D,20240330,000000,1.23878,1.25737,1.20567,1.20627,20702062.97728177,0
MINA.V,D,20240331,000000,1.20677,1.23999,1.20298,1.23545,18766439.50889461,0
MINA.V,D,20240401,000000,1.23545,1.25845,1.12075,1.15544,26987826.96379575,0
MINA.V,D,20240402,000000,1.15564,1.1644,1.03555,1.04602,27659192.70601247,0
MINA.V,D,20240403,000000,1.04572,1.08974,1.00519,1.0351,25491375.16590349,0
MINA.V,D,20240404,000000,1.0351,1.11858,1.02681,1.08646,25848673.239138212,0
MINA.V,D,20240405,000000,1.08646,1.08898,1.01099,1.05666,30921312.516443793,0
MINA.V,D,20240406,000000,1.05655,1.08838,1.04127,1.08007,22913750.63336553,0
MINA.V,D,20240407,000000,1.07957,1.10747,1.07614,1.08979,20559440.638985317,0
MINA.V,D,20240408,000000,1.091,1.13781,1.0735,1.12873,25228821.546048354,0
MINA.V,D,20240409,000000,1.13253,1.13805,1.05658,1.05911,20946622.78848735,0
MINA.V,D,20240410,000000,1.05881,1.06645,0.99642,1.03197,15680206.581399523,0
MINA.V,D,20240411,000000,1.03757,1.0553,1.01597,1.02737,12294657.973368026,0
MINA.V,D,20240412,000000,1.02738,1.04923,0.719868,0.854348,30737686.119226057,0
MINA.V,D,20240413,000000,0.850155,0.859778,0.604828,0.673045,35125728.50816123,0
MINA.V,D,20240414,000000,0.674946,0.7997,0.66664,0.754126,38486390.91895529,0
MINA.V,D,20240415,000000,0.754226,0.835076,0.733874,0.747027,28307064.274792183,0
MINA.V,D,20240416,000000,0.747027,0.783227,0.722333,0.756351,16158087.8258512,0
MINA.V,D,20240417,000000,0.777455,0.79466,0.734041,0.776815,14093622.467705937,0
MINA.V,D,20240418,000000,0.776815,0.802109,0.741548,0.792538,13683714.863849849,0
MINA.V,D,20240419,000000,0.792338,0.819918,0.722,0.797547,14121424.659270551,0
MINA.V,D,20240420,000000,0.798263,0.870961,0.783621,0.861258,11514758.29814784,0
MINA.V,D,20240421,000000,0.86746,0.877677,0.828082,0.847344,13618401.093725856,0
MINA.V,D,20240422,000000,0.846844,0.913748,0.844376,0.893459,17550145.570245445,0
MINA.V,D,20240423,000000,0.893459,0.924792,0.866234,0.914682,15324655.257080795,0
MINA.V,D,20240424,000000,0.914182,0.972568,0.867623,0.870598,15252833.055083035,0
MINA.V,D,20240425,000000,0.871697,0.885298,0.816261,0.867996,16014529.749964004,0
MINA.V,D,20240426,000000,0.868196,0.876588,0.819672,0.833133,11308974.31952494,0
MINA.V,D,20240427,000000,0.832717,0.867913,0.794382,0.854031,12876617.462120008,0
MINA.V,D,20240428,000000,0.856429,0.886239,0.848366,0.86658,13963335.543212447,0
MINA.V,D,20240429,000000,0.86688,0.867187,0.803196,0.8157,12652307.060674189,0
MINA.V,D,20240430,000000,0.815455,0.846221,0.754079,0.774484,14952349.851690024,0
MINA.V,D,20240501,000000,0.774292,0.816158,0.73212,0.790013,12982192.553982316,0
MINA.V,D,20240502,000000,0.79221,0.819333,0.76402,0.80614,13857411.168799447,0
MINA.V,D,20240503,000000,0.806132,0.862679,0.795992,0.855959,15711219.416149443,0
MINA.V,D,20240504,000000,0.855959,0.857269,0.833875,0.848185,14892074.120027844,0
MINA.V,D,20240505,000000,0.848285,0.860377,0.824799,0.849893,9019030.337541582,0
MINA.V,D,20240506,000000,0.847902,0.874326,0.821627,0.827917,10524480.349442745,0
MINA.V,D,20240507,000000,0.826508,0.922691,0.802584,0.872674,14233267.159938497,0
MINA.V,D,20240508,000000,0.870374,0.873165,0.787529,0.791555,10019279.024193965,0
MINA.V,D,20240509,000000,0.796253,0.82635,0.784494,0.820669,10372964.250289539,0
MINA.V,D,20240510,000000,0.825176,0.846107,0.779343,0.790463,10434618.26469786,0
MINA.V,D,20240511,000000,0.790463,0.82906,0.781005,0.801024,12092770.178388068,0
MINA.V,D,20240512,000000,0.798024,0.805273,0.783371,0.786662,8046464.677958816,0
MINA.V,D,20240513,000000,0.784163,0.796665,0.745584,0.774315,12363305.40746639,0
MINA.V,D,20240514,000000,0.773823,0.775015,0.730929,0.735735,11250955.507391509,0
MINA.V,D,20240515,000000,0.735935,0.804179,0.718885,0.802073,13069904.58913952,0
MINA.V,D,20240516,000000,0.801481,0.812794,0.76363,0.788771,14920094.91447991,0
MINA.V,D,20240517,000000,0.788071,0.818127,0.782439,0.809175,12047035.04105047,0
MINA.V,D,20240518,000000,0.808975,0.815736,0.791453,0.809738,10343574.047577633,0
MINA.V,D,20240519,000000,0.812038,0.827374,0.764692,0.766046,8355853.283196983,0
MINA.V,D,20240520,000000,0.765954,0.847432,0.7516,0.834125,13626355.4128495,0
MINA.V,D,20240521,000000,0.835026,0.852946,0.81409,0.827385,20802958.38153217,0
MINA.V,D,20240522,000000,0.827385,0.836241,0.793306,0.804462,9434965.749834992,0
MINA.V,D,20240523,000000,0.804262,0.818866,0.757654,0.799388,12066839.188192554,0
MINA.V,D,20240524,000000,0.802486,0.85652,0.791723,0.840299,17297766.367985077,0
MINA.V,D,20240525,000000,0.840299,0.87798,0.820172,0.868526,16255423.529570928,0
MINA.V,D,20240526,000000,0.869326,0.877751,0.846968,0.847163,13105757.352255326,0
MINA.V,D,20240527,000000,0.849677,0.89743,0.849677,0.880801,16913802.871457994,0
MINA.V,D,20240528,000000,0.880801,0.881808,0.82669,0.843885,18787475.675674595,0
MINA.V,D,20240529,000000,0.843885,0.871836,0.832783,0.837977,12433646.358161606,0
MINA.V,D,20240530,000000,0.838868,0.870055,0.816202,0.841905,7483320.6248877235,0
MINA.V,D,20240531,000000,0.841905,0.862992,0.825561,0.854182,10703008.381492099,0
MINA.V,D,20240601,000000,0.857187,0.859391,0.836863,0.841351,9886813.5170824,0
MINA.V,D,20240602,000000,0.839852,0.843057,0.806808,0.813768,9448047.957564963,0
MINA.V,D,20240603,000000,0.813768,0.879533,0.805724,0.866353,12338918.62983629,0
MINA.V,D,20240604,000000,0.867861,0.880327,0.835957,0.8426,10152636.7355636,0
MINA.V,D,20240605,000000,0.8422,0.875196,0.841392,0.867287,16452325.122195551,0
MINA.V,D,20240606,000000,0.866778,0.877009,0.831267,0.838332,14142635.359836055,0
MINA.V,D,20240607,000000,0.839831,0.902124,0.732813,0.803195,21131761.165985133,0
MINA.V,D,20240608,000000,0.801803,0.809192,0.739611,0.744018,20210689.251704007,0
MINA.V,D,20240609,000000,0.745011,0.755132,0.724742,0.750287,22053933.81156253,0
MINA.V,D,20240610,000000,0.750475,0.756456,0.723912,0.731003,13689935.981097491,0
MINA.V,D,20240611,000000,0.732302,0.732302,0.675276,0.691555,16591786.59199646,0
MINA.V,D,20240612,000000,0.691555,0.742404,0.668233,0.710665,11783744.301164282,0
MINA.V,D,20240613,000000,0.711565,0.713007,0.668952,0.671731,13061728.811355902,0
MINA.V,D,20240614,000000,0.671431,0.686946,0.631521,0.640551,14552021.952068288,0
MINA.V,D,20240615,000000,0.652343,0.661996,0.639522,0.647131,15103421.564048503,0
MINA.V,D,20240616,000000,0.647131,0.664634,0.636611,0.655275,15567440.999110874,0
MINA.V,D,20240617,000000,0.655775,0.664761,0.585143,0.604916,26853798.144486092,0
MINA.V,D,20240618,000000,0.605016,0.60862,0.524306,0.5451,30893445.935315456,0
MINA.V,D,20240619,000000,0.5458,0.578269,0.542599,0.57427,19579931.24279061,0
MINA.V,D,20240620,000000,0.57417,0.607051,0.566648,0.579988,23631283.55043956,0
MINA.V,D,20240621,000000,0.579388,0.581022,0.554501,0.559153,19355368.04378081,0
MINA.V,D,20240622,000000,0.559053,0.560958,0.546477,0.547087,14708561.303989705,0
MINA.V,D,20240623,000000,0.547081,0.651935,0.51965,0.530534,10985481.385558836,0
MINA.V,D,20240624,000000,0.531033,0.531033,0.489491,0.52012,22825632.295040727,0
MINA.V,D,20240625,000000,0.534709,0.557577,0.531606,0.553795,19186337.879236184,0
MINA.V,D,20240626,000000,0.553295,0.578815,0.519008,0.529082,17463009.300083827,0
MINA.V,D,20240627,000000,0.530497,0.544404,0.510942,0.533347,21050120.043514587,0
MINA.V,D,20240628,000000,0.533484,0.542008,0.509714,0.510288,15035774.185104052,0
MINA.V,D,20240629,000000,0.510283,0.552631,0.508611,0.511424,14997850.926785747,0
MINA.V,D,20240630,000000,0.510226,0.528795,0.503173,0.527176,19097140.420782898,0
MINA.V,D,20240701,000000,0.527176,0.55712,0.525689,0.548091,15736185.093968812,0
MINA.V,D,20240702,000000,0.548191,0.551532,0.529058,0.544428,16333976.599721955,0
MINA.V,D,20240703,000000,0.544727,0.549147,0.507741,0.510333,15944293.555240003,0
MINA.V,D,20240704,000000,0.509629,0.515128,0.462121,0.470636,23992707.933770087,0
MINA.V,D,20240705,000000,0.470536,0.472549,0.394497,0.449436,22290335.761035405,0
MINA.V,D,20240706,000000,0.449036,0.489839,0.444609,0.489215,14656332.645932147,0
MINA.V,D,20240707,000000,0.48901,0.491039,0.456127,0.45705,12078391.143653808,0
MINA.V,D,20240708,000000,0.460649,0.495996,0.435661,0.471758,13676751.034606932,0
MINA.V,D,20240709,000000,0.472158,0.488734,0.465544,0.483695,13395534.253024254,0
MINA.V,D,20240710,000000,0.48369,0.508597,0.483405,0.49486,12343839.26923486,0
MINA.V,D,20240711,000000,0.49486,0.511054,0.47971,0.481386,9856742.513467854,0
MINA.V,D,20240712,000000,0.481786,0.511392,0.472095,0.487898,12957113.109369097,0
MINA.V,D,20240713,000000,0.488093,0.501395,0.485555,0.496889,13308126.636111695,0
MINA.V,D,20240714,000000,0.496549,0.519387,0.493289,0.514685,19703793.500871785,0
MINA.V,D,20240715,000000,0.51499,0.536768,0.51499,0.534667,19555500.365922846,0
MINA.V,D,20240716,000000,0.534667,0.55082,0.514018,0.546537,21939049.144635234,0
MINA.V,D,20240717,000000,0.547537,0.576209,0.539246,0.55755,22739963.779374998,0
MINA.V,D,20240718,000000,0.55755,0.563989,0.521722,0.529494,21203308.380930036,0
MINA.V,D,20240719,000000,0.524295,0.563387,0.518434,0.560235,23289405.47730283,0
MINA.V,D,20240720,000000,0.559935,0.575476,0.553316,0.564737,26476425.515416604,0
MINA.V,D,20240721,000000,0.563742,0.580297,0.545345,0.574415,23754018.426091705,0
MINA.V,D,20240722,000000,0.576621,0.5954,0.560045,0.570771,24415499.758070983,0
MINA.V,D,20240723,000000,0.570771,0.576384,0.514857,0.518257,30952173.11155772,0
MINA.V,D,20240724,000000,0.518262,0.536118,0.508993,0.514307,26448628.730966166,0
MINA.V,D,20240725,000000,0.514307,0.514707,0.477785,0.489458,26172458.376510262,0
MINA.V,D,20240726,000000,0.489473,0.523826,0.489473,0.5189,23555780.23330997,0
MINA.V,D,20240727,000000,0.517995,0.531253,0.507275,0.530084,26150662.226222575,0
MINA.V,D,20240728,000000,0.530153,0.530153,0.50476,0.507854,23749511.097418673,0
MINA.V,D,20240729,000000,0.508754,0.531173,0.502585,0.515038,21227096.89375427,0
MINA.V,D,20240730,000000,0.515043,0.522454,0.489119,0.491552,28149743.48612336,0
MINA.V,D,20240731,000000,0.491798,0.51695,0.483173,0.484326,10948061.192561993,0
MINA.V,D,20240801,000000,0.486825,0.505827,0.445599,0.471513,12437170.767309375,0
MINA.V,D,20240802,000000,0.470723,0.478174,0.439321,0.444688,17864514.947213415,0
MINA.V,D,20240803,000000,0.444688,0.44717,0.407922,0.413239,18557334.04973194,0
MINA.V,D,20240804,000000,0.411141,0.42644,0.378033,0.401084,25985822.07259259,0
MINA.V,D,20240805,000000,0.400884,0.405226,0.328197,0.386573,46588936.71148394,0
MINA.V,D,20240806,000000,0.386974,0.406917,0.379768,0.396651,25187103.125391915,0
MINA.V,D,20240807,000000,0.396651,0.410301,0.376864,0.382338,23780898.746468276,0
MINA.V,D,20240808,000000,0.382338,0.417925,0.374445,0.417625,11135072.195084555,0
MINA.V,D,20240809,000000,0.419426,0.435809,0.414341,0.41923,10994508.175022926,0
MINA.V,D,20240810,000000,0.41923,0.450586,0.417842,0.445985,15257817.9941214,0
MINA.V,D,20240811,000000,0.446123,0.448076,0.409837,0.411041,17511191.395013686,0
MINA.V,D,20240812,000000,0.411041,0.447781,0.40662,0.432448,17722499.369996868,0
MINA.V,D,20240813,000000,0.431247,0.453341,0.424764,0.452654,17282330.06164705,0
MINA.V,D,20240814,000000,0.452554,0.453195,0.427111,0.430734,16118741.35031049,0
MINA.V,D,20240815,000000,0.430939,0.441896,0.413178,0.413374,18992818.29937747,0
MINA.V,D,20240816,000000,0.413479,0.437379,0.401568,0.417017,25843287.96585272,0
MINA.V,D,20240817,000000,0.417192,0.424842,0.410298,0.421338,10574917.577343132,0
MINA.V,D,20240818,000000,0.420338,0.434061,0.415333,0.429186,14354372.269762691,0
MINA.V,D,20240819,000000,0.428786,0.437396,0.417725,0.428094,14700283.059230786,0
MINA.V,D,20240820,000000,0.429094,0.447373,0.424159,0.430904,12605040.71212696,0
MINA.V,D,20240821,000000,0.431304,0.46493,0.430939,0.459637,8751447.107066555,0
MINA.V,D,20240822,000000,0.459637,0.474147,0.459006,0.464105,10542192.743462883,0
MINA.V,D,20240823,000000,0.463723,0.509175,0.462623,0.507606,12734988.164188871,0
MINA.V,D,20240824,000000,0.508001,0.521056,0.501025,0.504477,14128921.531208867,0
MINA.V,D,20240825,000000,0.504877,0.509253,0.48617,0.504977,8660779.391107155,0
MINA.V,D,20240826,000000,0.504977,0.505892,0.469685,0.471285,6870579.3023113245,0
MINA.V,D,20240827,000000,0.472885,0.492805,0.4631,0.4648,14102468.005243963,0
MINA.V,D,20240828,000000,0.4648,0.464805,0.434126,0.453041,13189817.3365225,0
MINA.V,D,20240829,000000,0.452441,0.463502,0.435639,0.441196,14973097.313422231,0
MINA.V,D,20240830,000000,0.441196,0.454218,0.425328,0.443442,14667521.058608275,0
MINA.V,D,20240831,000000,0.443042,0.4562,0.43197,0.434613,19937594.18255057,0
MINA.V,D,20240901,000000,0.434743,0.445715,0.412946,0.424024,18468413.001938496,0
MINA.V,D,20240902,000000,0.424028,0.43793,0.404776,0.437526,22512225.9497183,0
MINA.V,D,20240903,000000,0.437526,0.444769,0.416458,0.421082,21422111.517750945,0
MINA.V,D,20240904,000000,0.421116,0.452991,0.392206,0.425849,17302953.89174976,0
MINA.V,D,20240905,000000,0.425853,0.429957,0.409652,0.410452,17048436.320437413,0
MINA.V,D,20240906,000000,0.409518,0.42062,0.383428,0.389697,17077864.384763937,0
MINA.V,D,20240907,000000,0.389997,0.412459,0.389625,0.40416,19665895.08835527,0
MINA.V,D,20240908,000000,0.403579,0.417325,0.395129,0.405759,16858375.215292938,0
MINA.V,D,20240909,000000,0.405962,0.427773,0.405215,0.424876,17167780.41815246,0
MINA.V,D,20240910,000000,0.424976,0.428073,0.414692,0.42547,21866650.886435494,0
MINA.V,D,20240911,000000,0.42547,0.4512,0.401636,0.415937,19487567.203168795,0
MINA.V,D,20240912,000000,0.415737,0.432757,0.412833,0.429266,16851764.73572589,0
MINA.V,D,20240913,000000,0.428066,0.445609,0.422575,0.443677,18542779.509886663,0
MINA.V,D,20240914,000000,0.443677,0.448069,0.433278,0.436379,14862050.563639207,0
MINA.V,D,20240915,000000,0.437344,0.46664,0.426151,0.428004,16472759.837438693,0
MINA.V,D,20240916,000000,0.429404,0.442123,0.41053,0.414221,16573566.444667252,0
MINA.V,D,20240917,000000,0.410459,0.431535,0.409122,0.422738,14425098.864154499,0
MINA.V,D,20240918,000000,0.422942,0.449609,0.407588,0.428613,17803329.71716638,0
MINA.V,D,20240919,000000,0.428913,0.478638,0.428913,0.460051,14386801.65577817,0
MINA.V,D,20240920,000000,0.459951,0.49761,0.457746,0.481243,14981919.395296868,0
MINA.V,D,20240921,000000,0.481096,0.503545,0.476495,0.490149,16308892.616132425,0
MINA.V,D,20240922,000000,0.490149,0.512046,0.468791,0.4792,10105702.107916329,0
MINA.V,D,20240923,000000,0.4781,0.498175,0.468123,0.484576,12357628.55782817,0
MINA.V,D,20240924,000000,0.485276,0.516569,0.481113,0.513074,13623380.73855483,0
MINA.V,D,20240925,000000,0.513169,0.569683,0.51208,0.548712,24243782.301546253,0
MINA.V,D,20240926,000000,0.548607,0.555928,0.51936,0.538354,16247427.362639286,0
MINA.V,D,20240927,000000,0.539054,0.561528,0.537543,0.543898,18037026.867569245,0
MINA.V,D,20240928,000000,0.543798,0.575563,0.525779,0.538259,16405235.956048965,0
MINA.V,D,20240929,000000,0.537992,0.640384,0.5313,0.619352,32596981.959400646,0
MINA.V,D,20240930,000000,0.619776,0.628691,0.567998,0.570917,18955764.42791124,0
MINA.V,D,20241001,000000,0.570517,0.596506,0.506558,0.516866,17410448.924197245,0
MINA.V,D,20241002,000000,0.517665,0.559977,0.49644,0.509268,13512743.358454265,0
MINA.V,D,20241003,000000,0.509762,0.52299,0.470225,0.482342,17359248.29648684,0
MINA.V,D,20241004,000000,0.482042,0.531757,0.480833,0.524795,15887639.314051546,0
MINA.V,D,20241005,000000,0.52479,0.539368,0.507444,0.509424,20363548.657840524,0
MINA.V,D,20241006,000000,0.5104,0.538403,0.509219,0.52791,12799735.367757179,0
MINA.V,D,20241007,000000,0.52771,0.55104,0.521102,0.539138,17282951.084882997,0
MINA.V,D,20241008,000000,0.539138,0.542737,0.518704,0.523223,12514589.906276911,0
MINA.V,D,20241009,000000,0.526042,0.529419,0.481566,0.487471,15823954.659218013,0
MINA.V,D,20241010,000000,0.48867,0.505598,0.477117,0.487972,11716824.06590217,0
MINA.V,D,20241011,000000,0.48806,0.525479,0.486774,0.519327,12938200.49020323,0
MINA.V,D,20241012,000000,0.518333,0.540238,0.512579,0.53354,19238582.426423438,0
MINA.V,D,20241013,000000,0.533435,0.60042,0.533135,0.56117,31738476.388369784,0
MINA.V,D,20241014,000000,0.560856,0.610943,0.559215,0.590805,22652072.666364186,0
MINA.V,D,20241015,000000,0.585712,0.595111,0.558555,0.562659,19544141.182228025,0
MINA.V,D,20241016,000000,0.562159,0.574456,0.553739,0.57028,12943294.607670614,0
MINA.V,D,20241017,000000,0.57028,0.583783,0.551541,0.560704,16161846.643275667,0
MINA.V,D,20241018,000000,0.560668,0.573996,0.551863,0.565726,20783388.906157028,0
MINA.V,D,20241019,000000,0.565726,0.581272,0.564932,0.576961,12772757.14642428,0
MINA.V,D,20241020,000000,0.576467,0.620763,0.56553,0.609199,14742862.051048944,0
MINA.V,D,20241021,000000,0.609483,0.670832,0.598396,0.623038,35574330.87204041,0
MINA.V,D,20241022,000000,0.622339,0.623544,0.566752,0.577884,24404504.203020036,0
MINA.V,D,20241023,000000,0.577684,0.584314,0.540308,0.557109,14829625.737789996,0
MINA.V,D,20241024,000000,0.556966,0.571645,0.543385,0.569852,20466781.03440818,0
MINA.V,D,20241025,000000,0.569858,0.572345,0.525982,0.535934,14029074.30632583,0
MINA.V,D,20241026,000000,0.535035,0.537846,0.486153,0.513926,16677961.752060954,0
MINA.V,D,20241027,000000,0.513926,0.532123,0.509921,0.529169,13996982.251547605,0
MINA.V,D,20241028,000000,0.530528,0.531528,0.498716,0.52883,19357211.42531341,0
MINA.V,D,20241029,000000,0.524953,0.551684,0.52205,0.543826,12656112.874420432,0
MINA.V,D,20241030,000000,0.545431,0.562031,0.541176,0.562014,14506730.711524779,0
MINA.V,D,20241031,000000,0.56102,0.56242,0.521417,0.523513,15376186.164578933,0
MINA.V,D,20241101,000000,0.523613,0.535389,0.506261,0.509948,13399230.480498644,0
MINA.V,D,20241102,000000,0.510947,0.518267,0.489943,0.494956,13687807.198304022,0
MINA.V,D,20241103,000000,0.495361,0.497051,0.456317,0.473715,13676726.017381359,0
MINA.V,D,20241104,000000,0.472911,0.475124,0.44279,0.449849,13734658.606944034,0
MINA.V,D,20241105,000000,0.451348,0.48554,0.450335,0.474643,12488902.802487878,0
MINA.V,D,20241106,000000,0.475543,0.541225,0.471948,0.536422,30249321.324303683,0
MINA.V,D,20241107,000000,0.536422,0.548874,0.515632,0.530565,25056822.761050902,0
MINA.V,D,20241108,000000,0.532161,0.545771,0.516102,0.537349,17809664.63673859,0
MINA.V,D,20241109,000000,0.536348,0.572366,0.530834,0.570866,24038101.040058322,0
MINA.V,D,20241110,000000,0.569171,0.617803,0.553171,0.587229,36526364.33932727,0
MINA.V,D,20241111,000000,0.587029,0.649156,0.586828,0.629823,40584577.550561056,0
MINA.V,D,20241112,000000,0.635023,0.674662,0.597448,0.668334,45242322.08972164,0
MINA.V,D,20241113,000000,0.668434,0.682309,0.590331,0.638802,33148360.164937053,0
MINA.V,D,20241114,000000,0.638802,0.669134,0.607279,0.617774,16997261.79230527,0
MINA.V,D,20241115,000000,0.617768,0.638285,0.584487,0.638185,12525998.775616502,0
MINA.V,D,20241116,000000,0.636184,0.718952,0.625012,0.697244,24733147.29452047,0
MINA.V,D,20241117,000000,0.694143,0.706747,0.629575,0.632519,16213404.85399936,0
MINA.V,D,20241118,000000,0.632725,0.714872,0.631319,0.693924,20203166.54798219,0
MINA.V,D,20241119,000000,0.693924,0.702951,0.653631,0.661232,16458296.274568232,0
MINA.V,D,20241120,000000,0.658128,0.670669,0.623986,0.639341,13543017.453510338,0
MINA.V,D,20241121,000000,0.639341,0.678938,0.613576,0.656817,15355772.015096966,0
MINA.V,D,20241122,000000,0.665525,0.681993,0.643701,0.672992,15347003.58037895,0
MINA.V,D,20241123,000000,0.6733,0.755107,0.673193,0.732791,22856140.77078504,0
MINA.V,D,20241124,000000,0.732891,0.789088,0.677777,0.748348,24987815.354069576,0
MINA.V,D,20241125,000000,0.748548,0.799963,0.717614,0.729917,22339604.13478042,0
MINA.V,D,20241126,000000,0.736016,0.825565,0.709651,0.761218,21113475.419025194,0
MINA.V,D,20241127,000000,0.760618,0.798057,0.726273,0.797096,22158925.13261314,0
MINA.V,D,20241128,000000,0.797296,0.803178,0.747442,0.782039,15030130.260087088,0
MINA.V,D,20241129,000000,0.781439,0.812785,0.748667,0.812384,17570337.221592505,0
MINA.V,D,20241130,000000,0.812293,0.874562,0.795947,0.857643,24919029.237399083,0
MINA.V,D,20241201,000000,0.857443,0.895128,0.823102,0.86394,14126266.556002997,0
MINA.V,D,20241202,000000,0.86394,0.87737,0.770708,0.86171,20330947.653559722,0
MINA.V,D,20241203,000000,0.861601,0.9089,0.796576,0.902104,24248988.306718044,0
MINA.V,D,20241204,000000,0.903887,0.951719,0.871522,0.918238,21386383.14939336,0
MINA.V,D,20241205,000000,0.915434,0.92925,0.848912,0.880427,16732419.68927071,0
MINA.V,D,20241206,000000,0.882025,1.04586,0.868714,1.00132,28504240.701725964,0
MINA.V,D,20241207,000000,1.000128,1.005356,0.933283,0.950765,15415649.339170525,0
MINA.V,D,20241208,000000,0.950965,0.955154,0.904652,0.931922,8733936.040192932,0
MINA.V,D,20241209,000000,0.932022,0.940358,0.681368,0.765029,16783541.445200887,0
MINA.V,D,20241210,000000,0.76583,0.791898,0.683621,0.749975,20341279.148949448,0
MINA.V,D,20241211,000000,0.749675,0.807705,0.715779,0.794997,12446096.363297798,0
MINA.V,D,20241212,000000,0.8011,0.84517,0.788828,0.806886,12023828.104792336,0
MINA.V,D,20241213,000000,0.806837,0.843918,0.773701,0.811354,12070128.397067847,0
MINA.V,D,20241214,000000,0.812654,0.878656,0.785082,0.829325,20790235.356010556,0
MINA.V,D,20241215,000000,0.832125,0.848701,0.78985,0.82511,12826737.907874385,0
MINA.V,D,20241216,000000,0.824135,0.864433,0.791375,0.828224,13389802.39082708,0
MINA.V,D,20241217,000000,0.828332,0.828332,0.75414,0.762024,12378412.624359725,0
MINA.V,D,20241218,000000,0.762124,0.763631,0.67639,0.701012,11304834.130792215,0
MINA.V,D,20241219,000000,0.701019,0.70401,0.600147,0.624531,15252880.032591831,0
MINA.V,D,20241220,000000,0.624631,0.640566,0.534775,0.620284,15884226.288021049,0
MINA.V,D,20241221,000000,0.62099,0.672789,0.584625,0.594949,10536298.295537617,0
MINA.V,D,20241222,000000,0.595249,0.621365,0.578653,0.593892,10427992.268535353,0
MINA.V,D,20241223,000000,0.592894,0.63941,0.584285,0.63066,10386995.319173424,0
MINA.V,D,20241224,000000,0.63076,0.66055,0.613428,0.649806,10722415.5749667,0
MINA.V,D,20241225,000000,0.649806,0.656075,0.623738,0.629033,9242865.953730794,0
MINA.V,D,20241226,000000,0.630239,0.639571,0.580255,0.589762,12027982.060011381,0
MINA.V,D,20241227,000000,0.590044,0.627153,0.58505,0.592833,10309154.750463888,0
MINA.V,D,20241228,000000,0.592833,0.621217,0.587823,0.619833,9077671.613698477,0
MINA.V,D,20241229,000000,0.619134,0.624617,0.586343,0.586654,10484942.047710821,0
MINA.V,D,20241230,000000,0.585257,0.611507,0.571497,0.583442,12267194.135158576,0
MINA.V,D,20241231,000000,0.583835,0.599244,0.568138,0.571934,8781117.730123362,0
MINA.V,D,20250101,000000,0.572034,0.599886,0.563693,0.597549,6863457.419145906,0
MINA.V,D,20250102,000000,0.597349,0.628502,0.596052,0.612974,8888977.480547307,0
MINA.V,D,20250103,000000,0.611975,0.653471,0.608342,0.651146,9816721.208228469,0
MINA.V,D,20250104,000000,0.651252,0.668286,0.64303,0.652876,9664556.799371919,0
MINA.V,D,20250105,000000,0.652969,0.657269,0.635697,0.65423,7320730.540418641,0
MINA.V,D,20250106,000000,0.65483,0.677647,0.639295,0.660592,7418946.923724816,0
MINA.V,D,20250107,000000,0.661192,0.665573,0.593704,0.599416,7944799.778427026,0
MINA.V,D,20250108,000000,0.59981,0.602292,0.542523,0.575721,7369056.763323316,0
MINA.V,D,20250109,000000,0.575727,0.585519,0.546102,0.561661,8591491.57130491,0
MINA.V,D,20250110,000000,0.560466,0.578983,0.550156,0.56938,6620571.188447604,0
MINA.V,D,20250111,000000,0.570874,0.577717,0.559375,0.571526,7776538.941542431,0
MINA.V,D,20250112,000000,0.571531,0.576,0.554661,0.557365,6663160.130728016,0
MINA.V,D,20250113,000000,0.55686,0.572942,0.498081,0.543772,11355164.174871307,0
MINA.V,D,20250114,000000,0.543871,0.56067,0.537772,0.560664,10331700.023616727,0
MINA.V,D,20250115,000000,0.560664,0.593884,0.548642,0.588024,8230880.1318879435,0
MINA.V,D,20250116,000000,0.59533,0.5986,0.571,0.576667,8178017.348281044,0
MINA.V,D,20250117,000000,0.576667,0.619773,0.575468,0.619298,11582472.62997314,0
MINA.V,D,20250118,000000,0.618523,0.622974,0.558936,0.565885,10873027.812492786,0
MINA.V,D,20250119,000000,0.565885,0.588023,0.512832,0.523329,10597252.485057384,0
MINA.V,D,20250120,000000,0.512786,0.554057,0.489156,0.509457,11880217.186779164,0
MINA.V,D,20250121,000000,0.509657,0.532668,0.481351,0.523979,9758143.783175753,0
MINA.V,D,20250122,000000,0.52382,0.52382,0.503049,0.506378,6892419.145492871,0
MINA.V,D,20250123,000000,0.506478,0.514818,0.487556,0.50061,8879828.904029654,0
MINA.V,D,20250124,000000,0.49981,0.513464,0.482799,0.488534,8809531.646999428,0
MINA.V,D,20250125,000000,0.488634,0.493667,0.479252,0.489807,7310386.656021699,0
MINA.V,D,20250126,000000,0.489907,0.507704,0.486208,0.498025,7556797.834734076,0
MINA.V,D,20250127,000000,0.496825,0.497101,0.439106,0.468778,8617582.814701648,0
MINA.V,D,20250128,000000,0.468683,0.476295,0.435943,0.441513,7743539.040588468,0
MINA.V,D,20250129,000000,0.441413,0.465905,0.436551,0.458282,9480046.945422973,0
MINA.V,D,20250130,000000,0.458282,0.477538,0.445982,0.465742,10772294.87266828,0
MINA.V,D,20250131,000000,0.465447,0.484463,0.457773,0.462366,8336719.791588308,0
MINA.V,D,20250201,000000,0.462266,0.471006,0.428384,0.429497,8955437.404236794,0
MINA.V,D,20250202,000000,0.431492,0.434148,0.351118,0.368489,14422425.908572242,0
MINA.V,D,20250203,000000,0.368393,0.38048,0.275317,0.378174,27690061.706092734,0
MINA.V,D,20250204,000000,0.38028,0.381061,0.335371,0.343968,9223005.703195183,0
MINA.V,D,20250205,000000,0.345569,0.35944,0.336324,0.338724,6709044.556363443,0
MINA.V,D,20250206,000000,0.338827,0.349473,0.322965,0.326823,8205205.347417195,0
MINA.V,D,20250207,000000,0.328623,0.353616,0.320119,0.32221,14653405.621562298,0
MINA.V,D,20250208,000000,0.322613,0.345507,0.322613,0.343027,9586889.574368104,0
MINA.V,D,20250209,000000,0.346042,0.357471,0.331036,0.344341,8030136.531416103,0
MINA.V,D,20250210,000000,0.345738,0.361676,0.337581,0.35166,9106113.656981017,0
MINA.V,D,20250211,000000,0.35106,0.367348,0.340642,0.350161,9073976.072188908,0
MINA.V,D,20250212,000000,0.350158,0.370437,0.336697,0.370422,11926968.020795153,0
MINA.V,D,20250213,000000,0.369526,0.378142,0.348914,0.355307,12529487.54196661,0
MINA.V,D,20250214,000000,0.355307,0.368488,0.352732,0.357264,11741965.43588029,0
MINA.V,D,20250215,000000,0.362458,0.366618,0.344024,0.349735,14002648.680752302,0
