<TICKER>,<PER>,<DATE>,<TIME>,<OPEN>,<HIGH>,<LOW>,<CLOSE>,<VOL>,<OPENINT>
MXC.V,D,20220514,000000,0.0820802,0.0832383,0.0727296,0.0778309,5442023.9474059,0
MXC.V,D,20220515,000000,0.0773416,0.0787007,0.072613,0.0743117,7955431.5155629,0
MXC.V,D,20220516,000000,0.0747377,0.0812462,0.0718992,0.076791,12523325.807277,0
MXC.V,D,20220517,000000,0.07681,0.0856871,0.0762088,0.0855672,14813160.99688,0
MXC.V,D,20220518,000000,0.0855586,0.0886857,0.0803554,0.0826025,17439912.647844,0
MXC.V,D,20220519,000000,0.0830789,0.0851747,0.0796833,0.0821857,15708329.68912,0
MXC.V,D,20220520,000000,0.0822739,0.0841769,0.0785646,0.0837144,17879482.367545,0
MXC.V,D,20220521,000000,0.0837923,0.0868383,0.082738,0.0843222,16677932.028488,0
MXC.V,D,20220522,000000,0.0843142,0.085304,0.0810346,0.0818117,14814333.848388,0
MXC.V,D,20220523,000000,0.0820424,0.0858245,0.0814104,0.0831461,18122538.233485,0
MXC.V,D,20220524,000000,0.0828594,0.0850223,0.0803625,0.0839188,19474720.833046,0
MXC.V,D,20220525,000000,0.0840621,0.0851253,0.0810727,0.0835217,7919454.2336223,0
MXC.V,D,20220526,000000,0.0835696,0.0836169,0.078904,0.0794405,8682253.7264363,0
MXC.V,D,20220527,000000,0.0792028,0.0822906,0.0715312,0.07793,12996673.385878,0
MXC.V,D,20220528,000000,0.0779211,0.0779211,0.0759208,0.0765923,8294029.9152151,0
MXC.V,D,20220529,000000,0.0770782,0.0775246,0.0753638,0.0762852,8119820.8889614,0
MXC.V,D,20220530,000000,0.0762353,0.0812868,0.0761746,0.0797122,9857669.9905416,0
MXC.V,D,20220531,000000,0.0797032,0.0827517,0.0790437,0.0826838,9239086.7692534,0
MXC.V,D,20220601,000000,0.0824435,0.0869304,0.079975,0.0805494,12336391.749353,0
MXC.V,D,20220602,000000,0.0802337,0.0814556,0.0800229,0.0803556,4624245.0045567,0
MXC.V,D,20220603,000000,0.0803886,0.0838647,0.0796508,0.081538,5789998.3816058,0
MXC.V,D,20220604,000000,0.0814381,0.0840436,0.07992,0.0832695,6763829.2363313,0
MXC.V,D,20220605,000000,0.0830295,0.0835979,0.0824052,0.0835774,4410764.1012186,0
MXC.V,D,20220606,000000,0.0835774,0.0905903,0.0833546,0.087994,9032797.2632519,0
MXC.V,D,20220607,000000,0.087964,0.0881359,0.084257,0.0853,6785780.3966645,0
MXC.V,D,20220608,000000,0.0852727,0.0862264,0.0826674,0.0831759,23894048.081542,0
MXC.V,D,20220609,000000,0.0831439,0.0871288,0.08216,0.0858348,27123064.577685,0
MXC.V,D,20220610,000000,0.0856811,0.0868072,0.0799192,0.0811368,33376920.744957,0
MXC.V,D,20220611,000000,0.0806974,0.0819222,0.072545,0.0766033,16710661.92928,0
MXC.V,D,20220612,000000,0.0770309,0.0844104,0.0710507,0.0808864,17999437.230903,0
MXC.V,D,20220613,000000,0.08058,0.0807745,0.0687106,0.0706773,82385323.006961,0
MXC.V,D,20220614,000000,0.0709006,0.0711495,0.0619213,0.0667997,185034806.12796,0
MXC.V,D,20220615,000000,0.0663796,0.0694352,0.0586442,0.0658241,281439988.48666,0
MXC.V,D,20220616,000000,0.0658051,0.0701707,0.0623413,0.0666166,178951036.57327,0
MXC.V,D,20220617,000000,0.064881,0.068652,0.0646007,0.06659,148261241.19352,0
MXC.V,D,20220618,000000,0.0665807,0.0668097,0.059807,0.065304,266662002.92442,0
MXC.V,D,20220619,000000,0.0652941,0.067281,0.0611612,0.066813,25996021.756409,0
MXC.V,D,20220620,000000,0.0671626,0.0677985,0.0640466,0.0658974,11432319.019902,0
MXC.V,D,20220621,000000,0.0659714,0.0752871,0.0655562,0.0712905,9750369.1136292,0
MXC.V,D,20220622,000000,0.0710917,0.0775304,0.0666626,0.0764884,16446198.438639,0
MXC.V,D,20220623,000000,0.0764974,0.0824155,0.0742577,0.0824105,17371993.54819,0
MXC.V,D,20220624,000000,0.0823396,0.0868127,0.080953,0.0860919,89528049.947534,0
MXC.V,D,20220625,000000,0.0857641,0.0861637,0.0822357,0.0829219,54966185.247307,0
MXC.V,D,20220626,000000,0.0831717,0.0876574,0.0826446,0.0853271,35882111.810588,0
MXC.V,D,20220627,000000,0.0852788,0.0853388,0.0809582,0.082917,6560456.6476546,0
MXC.V,D,20220628,000000,0.0829275,0.0850224,0.0810732,0.0816787,9812089.9135813,0
MXC.V,D,20220629,000000,0.0816586,0.0848878,0.078978,0.0847673,16652964.656591,0
MXC.V,D,20220630,000000,0.0847881,0.084898,0.079183,0.0824509,18515950.300012,0
MXC.V,D,20220701,000000,0.0820055,0.0842148,0.079868,0.0812106,21588909.784882,0
MXC.V,D,20220702,000000,0.0811207,0.0813023,0.0780562,0.0805332,24045763.185559,0
MXC.V,D,20220703,000000,0.0804533,0.0812761,0.0781904,0.080685,18583150.558573,0
MXC.V,D,20220704,000000,0.0805071,0.0822412,0.0785677,0.0805532,9212764.9175917,0
MXC.V,D,20220705,000000,0.0805832,0.0818117,0.0778443,0.0796623,10339950.214149,0
MXC.V,D,20220706,000000,0.0796023,0.0808529,0.078094,0.0792228,9263359.6723303,0
MXC.V,D,20220707,000000,0.0791928,0.0809109,0.0758864,0.0798321,9555882.2777458,0
MXC.V,D,20220708,000000,0.0796522,0.0807734,0.0776556,0.0785528,7664367.9814693,0
MXC.V,D,20220709,000000,0.0786028,0.0793224,0.0774258,0.0785728,6392013.3583151,0
MXC.V,D,20220710,000000,0.0783251,0.0786128,0.0759544,0.0781001,6436344.6443062,0
MXC.V,D,20220711,000000,0.0781031,0.0781051,0.075435,0.075537,5843316.4854348,0
MXC.V,D,20220712,000000,0.0754382,0.0756792,0.0717382,0.0732717,8112520.5835998,0
MXC.V,D,20220713,000000,0.0731987,0.0767032,0.0723376,0.0746098,10300874.524994,0
MXC.V,D,20220714,000000,0.0745389,0.0796782,0.0740243,0.0764781,10040547.421424,0
MXC.V,D,20220715,000000,0.076657,0.0775045,0.0750399,0.0762111,7735731.4987501,0
MXC.V,D,20220716,000000,0.0761731,0.0785383,0.0741323,0.07662,7488560.9408912,0
MXC.V,D,20220717,000000,0.0765837,0.0772697,0.0743799,0.0743957,6681882.4177288,0
MXC.V,D,20220718,000000,0.0744037,0.0775247,0.0739661,0.0761575,8358496.6534787,0
MXC.V,D,20220719,000000,0.0761931,0.079076,0.0760267,0.0778475,8361827.8146628,0
MXC.V,D,20220720,000000,0.07788,0.0816665,0.0763353,0.0772819,12868835.752694,0
MXC.V,D,20220721,000000,0.0772529,0.0776967,0.0760018,0.0771469,7832854.4965715,0
MXC.V,D,20220722,000000,0.0770753,0.0791548,0.0760152,0.0767379,7575339.3125564,0
MXC.V,D,20220723,000000,0.076569,0.0768571,0.0760053,0.0760354,6196709.1568508,0
MXC.V,D,20220724,000000,0.0759876,0.0770131,0.0759184,0.0761352,5532611.8956328,0
MXC.V,D,20220725,000000,0.0763845,0.0766553,0.0719679,0.0726458,7603178.6204605,0
MXC.V,D,20220726,000000,0.0727108,0.0729766,0.0685768,0.0688913,8258508.3346475,0
MXC.V,D,20220727,000000,0.068926,0.0750395,0.0688896,0.0741648,9068841.956588,0
MXC.V,D,20220728,000000,0.0740158,0.0751118,0.0709229,0.0736877,8406245.137362,0
MXC.V,D,20220729,000000,0.0737995,0.0742115,0.0710241,0.0723266,7992921.3022421,0
MXC.V,D,20220730,000000,0.0726,0.0732589,0.0709307,0.0719304,6060888.8187416,0
MXC.V,D,20220731,000000,0.0717205,0.0722818,0.0707248,0.0716615,5325438.5623842,0
MXC.V,D,20220801,000000,0.0714571,0.0719594,0.0680288,0.0684705,7298394.2418368,0
MXC.V,D,20220802,000000,0.0684505,0.069348,0.0660845,0.0679085,6781631.8014739,0
MXC.V,D,20220803,000000,0.0678095,0.0725263,0.0661272,0.0702208,7906023.3135345,0
MXC.V,D,20220804,000000,0.0702822,0.0704002,0.0661693,0.06701,9275150.0055318,0
MXC.V,D,20220805,000000,0.066882,0.0683245,0.066068,0.0679679,6771514.2439566,0
MXC.V,D,20220806,000000,0.0676519,0.0681056,0.066568,0.0673148,6335485.6752935,0
MXC.V,D,20220807,000000,0.0672968,0.0675528,0.0663703,0.0673818,5121160.6120104,0
MXC.V,D,20220808,000000,0.0670421,0.0693818,0.0666093,0.0675671,5974740.4913023,0
MXC.V,D,20220809,000000,0.0674511,0.0688924,0.066639,0.0674975,6501219.1175215,0
MXC.V,D,20220810,000000,0.0675245,0.0705425,0.0663202,0.068853,8624282.0987803,0
MXC.V,D,20220811,000000,0.0689057,0.0730267,0.0689057,0.0704451,7909725.0634638,0
MXC.V,D,20220812,000000,0.0705822,0.0729742,0.068631,0.0688046,5959605.1906557,0
MXC.V,D,20220813,000000,0.0692301,0.0719678,0.0688777,0.0704625,5895158.9028411,0
MXC.V,D,20220814,000000,0.0704265,0.0711338,0.0687492,0.070171,6279170.3001964,0
MXC.V,D,20220815,000000,0.0702641,0.0824309,0.066832,0.0682207,30557044.436535,0
MXC.V,D,20220816,000000,0.0682557,0.0723834,0.0670187,0.0693122,5254997.9843487,0
MXC.V,D,20220817,000000,0.0691752,0.0700742,0.0684092,0.0699063,2897758.16636,0
MXC.V,D,20220818,000000,0.0698956,0.0721307,0.0693228,0.0719707,4485330.0246072,0
MXC.V,D,20220819,000000,0.0719672,0.0721872,0.0702,0.070307,5037525.5395738,0
MXC.V,D,20220820,000000,0.0702821,0.0707628,0.0684093,0.0685893,2402405.3793413,0
MXC.V,D,20220821,000000,0.0683779,0.0702179,0.0678486,0.0701286,2260616.1666071,0
MXC.V,D,20220822,000000,0.0700935,0.0730683,0.0679112,0.0715158,11142469.881375,0
MXC.V,D,20220823,000000,0.0716103,0.0716103,0.0685849,0.0701261,3573750.5448997,0
MXC.V,D,20220824,000000,0.0698993,0.0741315,0.0688472,0.0726458,4491149.0460745,0
MXC.V,D,20220825,000000,0.0726158,0.0740967,0.0695986,0.0720322,7409709.9121681,0
MXC.V,D,20220826,000000,0.0720122,0.0742067,0.0706507,0.0728073,4124683.9615345,0
MXC.V,D,20220827,000000,0.0728373,0.075003,0.0700014,0.0700721,6205741.1276265,0
MXC.V,D,20220828,000000,0.0699454,0.0722093,0.06838,0.07164,3690507.4731364,0
MXC.V,D,20220829,000000,0.0716193,0.0725856,0.0687366,0.0692348,3278960.4604512,0
MXC.V,D,20220830,000000,0.0692455,0.0732266,0.0690265,0.0726065,10464742.550763,0
MXC.V,D,20220831,000000,0.0726058,0.0822108,0.0699542,0.08149,47150649.761675,0
MXC.V,D,20220901,000000,0.0814892,0.0835941,0.0718629,0.0763654,36804737.520698,0
MXC.V,D,20220902,000000,0.0764954,0.0767654,0.0713036,0.0714486,10422948.861337,0
MXC.V,D,20220903,000000,0.0714521,0.0719072,0.06975,0.070227,4699105.7129495,0
MXC.V,D,20220904,000000,0.070227,0.0708,0.06882,0.06882,3090674.3555515,0
MXC.V,D,20220905,000000,0.06885,0.07038,0.06674,0.0680368,4394703.9595249,0
MXC.V,D,20220906,000000,0.0680468,0.070267,0.0657,0.066,3565848.7833203,0
MXC.V,D,20220907,000000,0.066,0.0704799,0.0631263,0.0682548,11362260.588996,0
MXC.V,D,20220908,000000,0.06824,0.0712464,0.0665467,0.0702212,8807592.508903,0
MXC.V,D,20220909,000000,0.0701805,0.0750142,0.069138,0.0691735,15183841.995542,0
MXC.V,D,20220910,000000,0.0691419,0.0702543,0.0690775,0.0693705,7615727.1150738,0
MXC.V,D,20220911,000000,0.0693622,0.0694252,0.0678087,0.0680273,15098737.244728,0
MXC.V,D,20220912,000000,0.068051,0.0713173,0.0678808,0.0696189,17542319.399045,0
MXC.V,D,20220913,000000,0.0696295,0.0777073,0.068941,0.0701207,94675246.345526,0
MXC.V,D,20220914,000000,0.07004,0.0770862,0.0697806,0.0722655,56697300.008016,0
MXC.V,D,20220915,000000,0.0722528,0.0722853,0.0701583,0.0707599,14832547.16212,0
MXC.V,D,20220916,000000,0.07078,0.0736786,0.069954,0.0715208,23932999.354899,0
MXC.V,D,20220917,000000,0.0715278,0.0716038,0.070525,0.0706891,9599162.7612576,0
MXC.V,D,20220918,000000,0.0707,0.07096,0.0678232,0.06791,9039368.0717224,0
MXC.V,D,20220919,000000,0.0679132,0.067969,0.064261,0.0661866,11344310.080677,0
MXC.V,D,20220920,000000,0.0661856,0.0692298,0.0657156,0.0657856,15352532.827414,0
MXC.V,D,20220921,000000,0.065791,0.0712471,0.0655786,0.065718,17104893.960468,0
MXC.V,D,20220922,000000,0.065718,0.065771,0.0476962,0.060831,111765348.55413,0
MXC.V,D,20220923,000000,0.0607991,0.061859,0.0561354,0.0572793,21725797.887901,0
MXC.V,D,20220924,000000,0.05728,0.0734993,0.0572444,0.062348,55523864.953657,0
MXC.V,D,20220925,000000,0.062344,0.069181,0.061166,0.0633134,26502694.207951,0
MXC.V,D,20220926,000000,0.063226,0.065151,0.062444,0.064289,12793384.788037,0
MXC.V,D,20220927,000000,0.064209,0.066381,0.061848,0.0654105,20757446.393498,0
MXC.V,D,20220928,000000,0.0653955,0.072559,0.064019,0.066243,27737528.114095,0
MXC.V,D,20220929,000000,0.066247,0.071847,0.06518,0.0684888,29402168.670687,0
MXC.V,D,20220930,000000,0.068408,0.071218,0.0673333,0.06756,16565868.807375,0
MXC.V,D,20221001,000000,0.0675768,0.07263,0.0670933,0.06943,18827378.952026,0
MXC.V,D,20221002,000000,0.0694369,0.0718572,0.06767,0.068199,19363020.817002,0
MXC.V,D,20221003,000000,0.0682128,0.069943,0.067846,0.0688889,11523588.153092,0
MXC.V,D,20221004,000000,0.0689769,0.069854,0.0679904,0.0693308,11958874.646033,0
MXC.V,D,20221005,000000,0.0690218,0.0693149,0.0659682,0.0686047,24193518.102556,0
MXC.V,D,20221006,000000,0.0686187,0.0691647,0.0669317,0.0670441,23406315.405804,0
MXC.V,D,20221007,000000,0.0670114,0.0683262,0.0659163,0.0671704,11017874.291979,0
MXC.V,D,20221008,000000,0.0672064,0.0679718,0.0652499,0.0654644,12519031.784798,0
MXC.V,D,20221009,000000,0.065463,0.0655806,0.0619192,0.0621724,27573999.034866,0
MXC.V,D,20221010,000000,0.0621822,0.0649935,0.0607939,0.0625217,34866261.96853,0
MXC.V,D,20221011,000000,0.062391,0.0641276,0.059775,0.0614948,26703426.130491,0
MXC.V,D,20221012,000000,0.0614209,0.0621408,0.059559,0.0601188,19221285.722778,0
MXC.V,D,20221013,000000,0.0602018,0.06105,0.0583594,0.0599448,15376204.536236,0
MXC.V,D,20221014,000000,0.0599304,0.0622129,0.0598236,0.0606192,15467189.279747,0
MXC.V,D,20221015,000000,0.0608118,0.0615337,0.0605864,0.0614631,12023310.30817,0
MXC.V,D,20221016,000000,0.06142,0.0651833,0.0610324,0.0610524,17428338.780802,0
MXC.V,D,20221017,000000,0.0611124,0.0629053,0.0610101,0.0613812,17943420.393849,0
MXC.V,D,20221018,000000,0.0613652,0.0623611,0.0580376,0.059424,48822326.411335,0
MXC.V,D,20221019,000000,0.059466,0.0596046,0.0558072,0.055985,39581604.98954,0
MXC.V,D,20221020,000000,0.0561774,0.0578287,0.0517004,0.0531153,38909260.202365,0
MXC.V,D,20221021,000000,0.0533943,0.054119,0.050684,0.0522051,42629664.552725,0
MXC.V,D,20221022,000000,0.0522847,0.0525606,0.0471788,0.0488854,27056589.328956,0
MXC.V,D,20221023,000000,0.0488524,0.0501075,0.0483374,0.050021,12060908.174707,0
MXC.V,D,20221024,000000,0.050027,0.0565387,0.048356,0.048954,58810394.584936,0
MXC.V,D,20221025,000000,0.0491915,0.0535566,0.0478874,0.0504116,40528129.188876,0
MXC.V,D,20221026,000000,0.0504932,0.0548109,0.0504622,0.0533479,22168872.194107,0
MXC.V,D,20221027,000000,0.0532549,0.0569778,0.0523385,0.0530702,41613524.392854,0
MXC.V,D,20221028,000000,0.0530212,0.0551869,0.0516515,0.0531836,16289157.06768,0
MXC.V,D,20221029,000000,0.0532066,0.0556067,0.0527218,0.0549212,25376554.473376,0
MXC.V,D,20221030,000000,0.0551442,0.06402,0.0534064,0.0588138,37053974.240998,0
MXC.V,D,20221031,000000,0.0587753,0.0614476,0.0555911,0.0579874,36242170.314387,0
MXC.V,D,20221101,000000,0.0579965,0.0599526,0.0569199,0.0571843,14070285.711586,0
MXC.V,D,20221102,000000,0.0572657,0.0594952,0.0563626,0.0573716,14032913.058019,0
MXC.V,D,20221103,000000,0.0573791,0.0589333,0.0547882,0.0565844,30613791.51641,0
MXC.V,D,20221104,000000,0.0565784,0.0579124,0.0553012,0.0571136,18092264.899091,0
MXC.V,D,20221105,000000,0.056714,0.0578569,0.0558922,0.0572534,10859356.530711062,0
MXC.V,D,20221106,000000,0.0572323,0.0573523,0.0541916,0.0545744,15897832.96352977,0
MXC.V,D,20221107,000000,0.0545344,0.0550928,0.0513362,0.0514162,11370432.020131582,0
MXC.V,D,20221108,000000,0.0515103,0.05205,0.0449977,0.0462584,11455341.869912224,0
MXC.V,D,20221109,000000,0.0461741,0.048361,0.0336568,0.0340505,20606915.65181061,0
MXC.V,D,20221110,000000,0.0341489,0.0483873,0.0329178,0.0433111,16304425.515794683,0
MXC.V,D,20221111,000000,0.0434661,0.0516372,0.03894,0.0408182,11893935.115216693,0
MXC.V,D,20221112,000000,0.0409641,0.0417213,0.0361947,0.0366938,11326049.283726199,0
MXC.V,D,20221113,000000,0.0367138,0.0374899,0.0343587,0.0353005,11802338.22201545,0
MXC.V,D,20221114,000000,0.034971,0.039143,0.0325611,0.0346814,17439220.617663722,0
MXC.V,D,20221115,000000,0.0345763,0.0389571,0.0345763,0.037952,10519011.733727215,0
MXC.V,D,20221116,000000,0.0379748,0.0385007,0.0355173,0.0357771,8467230.938218445,0
MXC.V,D,20221117,000000,0.0355976,0.0371662,0.0355483,0.0357714,11124399.485532388,0
MXC.V,D,20221118,000000,0.0357717,0.03702,0.034792,0.035289,13560790.00223738,0
MXC.V,D,20221119,000000,0.035299,0.0361388,0.0342072,0.0346536,13894526.879805647,0
MXC.V,D,20221120,000000,0.0346539,0.0357892,0.0341573,0.034158,15111278.701387985,0
MXC.V,D,20221121,000000,0.034168,0.0342134,0.0314156,0.0315721,16226103.486366201,0
MXC.V,D,20221122,000000,0.0315721,0.033034,0.0308445,0.0321108,15705698.330295725,0
MXC.V,D,20221123,000000,0.0320209,0.0339199,0.0315714,0.0320847,16601278.89548568,0
MXC.V,D,20221124,000000,0.0321546,0.032912,0.0319645,0.0322626,16228446.343654439,0
MXC.V,D,20221125,000000,0.0322229,0.0325875,0.0317343,0.0325015,11500683.923495397,0
MXC.V,D,20221126,000000,0.0325015,0.0329139,0.0324602,0.0325708,9225286.56830373,0
MXC.V,D,20221127,000000,0.0325908,0.032769,0.0321507,0.0326198,9648742.592844192,0
MXC.V,D,20221128,000000,0.0326597,0.0327223,0.0296378,0.0297887,12616719.299146554,0
MXC.V,D,20221129,000000,0.0297974,0.0299267,0.0279185,0.0279766,13966827.365714151,0
MXC.V,D,20221130,000000,0.0280393,0.0290883,0.0277111,0.0288017,12199437.489904689,0
MXC.V,D,20221201,000000,0.0288326,0.0291703,0.028455,0.0285347,10355758.849473044,0
MXC.V,D,20221202,000000,0.0284487,0.0286416,0.0269654,0.0273776,20088688.009019423,0
MXC.V,D,20221203,000000,0.0273851,0.0279784,0.0273061,0.0275398,21000339.36665138,0
MXC.V,D,20221204,000000,0.0275308,0.0283385,0.0275118,0.0280946,12001072.771201774,0
MXC.V,D,20221205,000000,0.0280986,0.0282997,0.0276985,0.0277908,11528340.048312144,0
MXC.V,D,20221206,000000,0.0278006,0.027882,0.0274503,0.0276294,11883588.883940147,0
MXC.V,D,20221207,000000,0.0276034,0.0276617,0.0260018,0.026472,15455880.732544633,0
MXC.V,D,20221208,000000,0.0264383,0.0265185,0.024864,0.0250628,19267857.523686316,0
MXC.V,D,20221209,000000,0.0250685,0.026066,0.0250478,0.0256248,15792146.793215174,0
MXC.V,D,20221210,000000,0.025619,0.0545221,0.025581,0.0404632,130091368.94049004,0
MXC.V,D,20221211,000000,0.0407012,0.0443999,0.033458,0.039794,75210076.79225457,0
MXC.V,D,20221212,000000,0.039793,0.0477973,0.0355717,0.0413337,56705094.36869083,0
MXC.V,D,20221213,000000,0.0414277,0.0530161,0.0414277,0.0447972,51904149.63422083,0
MXC.V,D,20221214,000000,0.0449571,0.0483783,0.0416095,0.0421495,23728503.383170117,0
MXC.V,D,20221215,000000,0.0421792,0.0421792,0.0375648,0.0375685,9537992.184181815,0
MXC.V,D,20221216,000000,0.0376175,0.0376175,0.0341698,0.0341784,16598040.708674062,0
MXC.V,D,20221217,000000,0.0341854,0.0344612,0.032617,0.0333133,13012531.147015616,0
MXC.V,D,20221218,000000,0.0333377,0.0340984,0.0326699,0.033544,7786457.482368378,0
MXC.V,D,20221219,000000,0.03363,0.0338321,0.0291382,0.0293067,15289578.950705227,0
MXC.V,D,20221220,000000,0.0293147,0.0317047,0.0290633,0.0305872,19480520.084720306,0
MXC.V,D,20221221,000000,0.0306302,0.0312779,0.029724,0.0301125,17012135.533548523,0
MXC.V,D,20221222,000000,0.0301315,0.0399996,0.029345,0.0342052,46619579.44415453,0
MXC.V,D,20221223,000000,0.0341932,0.0627925,0.0331874,0.0350045,26457800.65878373,0
MXC.V,D,20221224,000000,0.0349795,0.0350849,0.0323104,0.0324017,9611714.979109228,0
MXC.V,D,20221225,000000,0.0323281,0.0366934,0.0320884,0.0348555,25864275.55516904,0
MXC.V,D,20221226,000000,0.0349058,0.0391757,0.0347365,0.0352829,32652539.99027422,0
MXC.V,D,20221227,000000,0.0354029,0.0354933,0.0327962,0.0329275,15878832.119382031,0
MXC.V,D,20221228,000000,0.0329478,0.0348683,0.0321691,0.033892,11880063.468818538,0
MXC.V,D,20221229,000000,0.03387,0.0351549,0.0311207,0.0330031,14882199.723875446,0
MXC.V,D,20221230,000000,0.0330041,0.0348277,0.031914,0.0331781,13438188.320259232,0
MXC.V,D,20221231,000000,0.0331371,0.0331567,0.0319707,0.032064,9013361.865876023,0
MXC.V,D,20230101,000000,0.032058,0.0329042,0.0314258,0.031804,10063736.04300813,0
MXC.V,D,20230102,000000,0.0317761,0.0320359,0.0309836,0.0315476,9757592.917518666,0
MXC.V,D,20230103,000000,0.0314436,0.0322061,0.0307777,0.0309093,11318264.838716509,0
MXC.V,D,20230104,000000,0.030881,0.0315511,0.030869,0.0311067,9168488.796312546,0
MXC.V,D,20230105,000000,0.0309458,0.031529,0.0296132,0.0302784,11165189.22041414,0
MXC.V,D,20230106,000000,0.0303751,0.0303864,0.0293875,0.0298151,9816585.983335398,0
MXC.V,D,20230107,000000,0.0298904,0.030765,0.0294702,0.0299538,11422691.398091314,0
MXC.V,D,20230108,000000,0.03003,0.0307498,0.0296211,0.0299164,10867332.242626963,0
MXC.V,D,20230109,000000,0.02989,0.0342278,0.0297681,0.031857,12496223.146058563,0
MXC.V,D,20230110,000000,0.03175,0.0328364,0.0305876,0.0314444,7358703.797615412,0
MXC.V,D,20230111,000000,0.0313647,0.0322561,0.0309057,0.0311697,5760067.881572968,0
MXC.V,D,20230112,000000,0.0313275,0.0321661,0.0311681,0.0312025,4863079.737348517,0
MXC.V,D,20230113,000000,0.0314231,0.0326136,0.0311428,0.0323832,3142223.2841643295,0
MXC.V,D,20230114,000000,0.0323129,0.0342355,0.0323123,0.0328213,4014114.243668324,0
MXC.V,D,20230115,000000,0.0326916,0.0327803,0.0317089,0.0318195,1846171.12476771,0
MXC.V,D,20230116,000000,0.0318195,0.033191,0.0317292,0.0320106,4592829.3589815395,0
MXC.V,D,20230117,000000,0.0320733,0.03445,0.031962,0.0333333,3346392.4724881514,0
MXC.V,D,20230118,000000,0.0333137,0.0343834,0.0306879,0.0307282,4107352.9055640954,0
MXC.V,D,20230119,000000,0.0308197,0.0321258,0.0307691,0.0317687,1866968.2200854125,0
MXC.V,D,20230120,000000,0.0318319,0.033116,0.0313469,0.033116,1625130.5281043197,0
MXC.V,D,20230121,000000,0.0331466,0.0346869,0.0323465,0.0323465,2538696.3806853117,0
MXC.V,D,20230122,000000,0.0325262,0.0334757,0.0321726,0.0322064,1167371.5556787702,0
MXC.V,D,20230123,000000,0.0322765,0.0329426,0.0318057,0.0326852,1952251.0127775744,0
MXC.V,D,20230124,000000,0.0326749,0.0420013,0.0322842,0.0416108,13372311.017266843,0
MXC.V,D,20230125,000000,0.0414112,0.0440044,0.0339644,0.0348456,25523150.788179107,0
MXC.V,D,20230126,000000,0.0348759,0.0365637,0.032571,0.033753,9473892.962723505,0
MXC.V,D,20230127,000000,0.0337527,0.035425,0.0331356,0.0339866,5538362.100735278,0
MXC.V,D,20230128,000000,0.034182,0.034769,0.0330469,0.0330763,2463591.1737173526,0
MXC.V,D,20230129,000000,0.0331966,0.0345883,0.0321855,0.0334117,6904525.165658239,0
MXC.V,D,20230130,000000,0.0333817,0.0335917,0.0309519,0.0310419,4752918.900049787,0
MXC.V,D,20230131,000000,0.0310522,0.032129,0.0310022,0.0313428,4850420.151343194,0
MXC.V,D,20230201,000000,0.0314019,0.0319829,0.0307806,0.0318122,6576702.165351162,0
MXC.V,D,20230202,000000,0.0318619,0.0334213,0.0317238,0.031776,3273088.3298359253,0
MXC.V,D,20230203,000000,0.0317273,0.0323536,0.0315041,0.0319426,2437521.716258219,0
MXC.V,D,20230204,000000,0.0319329,0.0326033,0.0316116,0.0319926,1645034.8689908774,0
MXC.V,D,20230205,000000,0.0318829,0.0326682,0.0311678,0.0312178,2734058.4857239076,0
MXC.V,D,20230206,000000,0.0311581,0.0313856,0.0307803,0.0309909,3436348.031906761,0
MXC.V,D,20230207,000000,0.0308509,0.0313194,0.0305303,0.0308419,3604660.0699436753,0
MXC.V,D,20230208,000000,0.0308,0.0312119,0.0303512,0.0305721,3153856.9141383213,0
MXC.V,D,20230209,000000,0.0305221,0.0305794,0.0281153,0.0281153,2997196.964171723,0
MXC.V,D,20230210,000000,0.0280828,0.0291323,0.0278778,0.0280539,4689005.497614103,0
MXC.V,D,20230211,000000,0.0281142,0.0286334,0.0278039,0.0285329,1397119.2429153984,0
MXC.V,D,20230212,000000,0.0286129,0.0292038,0.028052,0.028072,2928046.957470785,0
MXC.V,D,20230213,000000,0.0280925,0.028428,0.0273361,0.0275752,6502807.836466688,0
MXC.V,D,20230214,000000,0.0275752,0.0282504,0.0274451,0.0279601,5171308.033423699,0
MXC.V,D,20230215,000000,0.0279601,0.0290035,0.0276986,0.0287452,2033559.9308998177,0
MXC.V,D,20230216,000000,0.028844,0.030243,0.0285731,0.0287395,4294036.327277671,0
MXC.V,D,20230217,000000,0.0286286,0.0288658,0.0281425,0.0285326,2043849.4256080987,0
MXC.V,D,20230218,000000,0.0285346,0.0293953,0.0282854,0.0288252,2854357.632998219,0
MXC.V,D,20230219,000000,0.0288546,0.0296239,0.0284565,0.0287066,2866973.3492911393,0
MXC.V,D,20230220,000000,0.028766,0.0298633,0.0282774,0.0295824,2340337.1405427735,0
MXC.V,D,20230221,000000,0.0296012,0.029643,0.0278739,0.0279047,2829087.169570937,0
MXC.V,D,20230222,000000,0.027845,0.0285726,0.0274147,0.0276422,4152424.611815598,0
MXC.V,D,20230223,000000,0.027544,0.0285014,0.0273217,0.0275058,3431508.0860011647,0
MXC.V,D,20230224,000000,0.0275241,0.0286034,0.026654,0.0270097,3573037.180933916,0
MXC.V,D,20230225,000000,0.0270603,0.0282717,0.0269024,0.0271119,3656487.465368368,0
MXC.V,D,20230226,000000,0.0272116,0.0277325,0.0266327,0.0269922,3140040.717384645,0
MXC.V,D,20230227,000000,0.0269413,0.0276708,0.0263618,0.0266613,2548974.822611484,0
MXC.V,D,20230228,000000,0.0266813,0.0268816,0.02594,0.0260957,4294940.283607755,0
MXC.V,D,20230301,000000,0.0260652,0.0268724,0.0256723,0.0262437,2371705.25645225,0
MXC.V,D,20230302,000000,0.0261939,0.0262637,0.0248202,0.0248812,3113526.0824568276,0
MXC.V,D,20230303,000000,0.0248112,0.0302421,0.0218988,0.027952,20057119.419615008,0
MXC.V,D,20230304,000000,0.0283025,0.0290626,0.0231109,0.0238217,14577768.030451806,0
MXC.V,D,20230305,000000,0.0237519,0.0260321,0.0237317,0.0238826,5183898.753162006,0
MXC.V,D,20230306,000000,0.0238926,0.0239129,0.0233007,0.0236486,2202455.3276099674,0
MXC.V,D,20230307,000000,0.0236776,0.0238693,0.0218687,0.0221404,4281724.762117959,0
MXC.V,D,20230308,000000,0.0221191,0.0223987,0.0214076,0.0214691,2515081.3671787423,0
MXC.V,D,20230309,000000,0.021457,0.0226543,0.0185961,0.0196618,4321210.442073888,0
MXC.V,D,20230310,000000,0.0196629,0.0196629,0.0180598,0.0189485,3348850.3469657796,0
MXC.V,D,20230311,000000,0.018943,0.0206044,0.0187013,0.0191431,2573334.95691568,0
MXC.V,D,20230312,000000,0.0191507,0.020278,0.0190566,0.0202599,2209898.5615721927,0
MXC.V,D,20230313,000000,0.020235,0.0230552,0.0197914,0.0209641,4266970.072758946,0
MXC.V,D,20230314,000000,0.0210143,0.0228319,0.0204786,0.0211963,3764183.720961673,0
MXC.V,D,20230315,000000,0.0212054,0.0224509,0.0204007,0.0209386,1644495.2960754607,0
MXC.V,D,20230316,000000,0.0210047,0.0210049,0.0197795,0.0200097,1416092.804376424,0
MXC.V,D,20230317,000000,0.0200181,0.020988,0.0198536,0.0209516,1612726.3278794752,0
MXC.V,D,20230318,000000,0.0209,0.0216006,0.0203585,0.0203766,3571558.917761039,0
MXC.V,D,20230319,000000,0.0202504,0.0206983,0.0200197,0.020319,2002349.2303059963,0
MXC.V,D,20230320,000000,0.020381,0.0205533,0.0199157,0.0200331,1651611.759030184,0
MXC.V,D,20230321,000000,0.0199823,0.0203015,0.019582,0.0201541,1661375.4384111187,0
MXC.V,D,20230322,000000,0.0201641,0.0202204,0.0192837,0.0192837,1974483.3884642816,0
MXC.V,D,20230323,000000,0.0192835,0.0201986,0.0192626,0.0196828,3266190.6875278396,0
MXC.V,D,20230324,000000,0.0197321,0.0200817,0.0191311,0.0193399,1649259.9106358653,0
MXC.V,D,20230325,000000,0.0193112,0.0193936,0.0190371,0.0190681,1075039.9354774957,0
MXC.V,D,20230326,000000,0.019059,0.0205983,0.0190488,0.0204531,2477648.8997498695,0
MXC.V,D,20230327,000000,0.0205025,0.0205671,0.018769,0.0187788,2808261.8464618796,0
MXC.V,D,20230328,000000,0.0187588,0.0191348,0.0187277,0.0190576,1544993.0137322133,0
MXC.V,D,20230329,000000,0.0190372,0.0196367,0.0190253,0.0194308,1991368.7799931804,0
MXC.V,D,20230330,000000,0.0194137,0.0194858,0.0189653,0.0189953,824307.7659185911,0
MXC.V,D,20230331,000000,0.0189551,0.0196769,0.0186619,0.0193039,2569522.8413517703,0
MXC.V,D,20230401,000000,0.019254,0.0195359,0.0190386,0.0192369,810250.4633459959,0
MXC.V,D,20230402,000000,0.0193179,0.0199638,0.0192379,0.0195023,1742375.2279463408,0
MXC.V,D,20230403,000000,0.0194921,0.0270035,0.0194721,0.0202981,35373879.12020377,0
MXC.V,D,20230404,000000,0.0203081,0.0215993,0.0198069,0.0203402,6728204.2800037395,0
MXC.V,D,20230405,000000,0.0204504,0.020608,0.0198036,0.0199174,2930857.173841107,0
MXC.V,D,20230406,000000,0.0199174,0.0200496,0.0192475,0.019438,2664031.646570293,0
MXC.V,D,20230407,000000,0.0194368,0.0198103,0.0192891,0.0193545,1128294.888198136,0
MXC.V,D,20230408,000000,0.0193343,0.0197297,0.0193039,0.0195578,1020005.1573455025,0
MXC.V,D,20230409,000000,0.0194988,0.0197124,0.0192622,0.0193104,1013164.726356163,0
MXC.V,D,20230410,000000,0.0193289,0.0194705,0.0191988,0.0193755,768785.2658124565,0
MXC.V,D,20230411,000000,0.0194652,0.019788,0.0193333,0.0196512,1646108.2948353295,0
MXC.V,D,20230412,000000,0.019618,0.0200374,0.0192122,0.0194552,2390799.5755773317,0
MXC.V,D,20230413,000000,0.0195258,0.0197193,0.0191389,0.0196338,907998.7232177701,0
MXC.V,D,20230414,000000,0.0195679,0.0201221,0.0193152,0.019573,2443305.6524382075,0
MXC.V,D,20230415,000000,0.0195722,0.0196142,0.0193353,0.0194305,833842.5329126403,0
MXC.V,D,20230416,000000,0.0193656,0.0194857,0.019239,0.0193475,1441693.9127911015,0
MXC.V,D,20230417,000000,0.0193994,0.019743,0.0191227,0.0192842,2781347.6562778964,0
MXC.V,D,20230418,000000,0.0193292,0.0203747,0.0193195,0.0193945,2032456.733626473,0
MXC.V,D,20230419,000000,0.0193945,0.0194872,0.0185025,0.0185292,823374.2914622889,0
MXC.V,D,20230420,000000,0.0183965,0.0187037,0.018004,0.0180076,1389007.5880706536,0
MXC.V,D,20230421,000000,0.0180507,0.0183025,0.017622,0.0176564,1762999.3935385915,0
MXC.V,D,20230422,000000,0.0176619,0.0178245,0.017401,0.0177488,873005.2652577718,0
MXC.V,D,20230423,000000,0.0178226,0.017917,0.0174583,0.0174859,758584.7469263953,0
MXC.V,D,20230424,000000,0.0175122,0.0179092,0.0174788,0.0176625,1002060.3302704538,0
MXC.V,D,20230425,000000,0.0176825,0.0178905,0.0173417,0.0177041,2324123.946742425,0
MXC.V,D,20230426,000000,0.0177263,0.0182091,0.0171172,0.0174071,3096492.4715332426,0
MXC.V,D,20230427,000000,0.0173427,0.0178905,0.0173427,0.0176075,1460124.754031118,0
MXC.V,D,20230428,000000,0.0176616,0.0178233,0.0174557,0.0176396,1912100.5798310922,0
MXC.V,D,20230429,000000,0.0176634,0.0180159,0.0175745,0.0178093,1616557.3588767934,0
MXC.V,D,20230430,000000,0.0176893,0.0184953,0.0173936,0.017521,2403051.367860358,0
MXC.V,D,20230501,000000,0.0175386,0.0260025,0.017031,0.022168,22010438.591541257,0
MXC.V,D,20230502,000000,0.022156,0.0245664,0.0178507,0.0182411,30483517.890665438,0
MXC.V,D,20230503,000000,0.0182211,0.0188173,0.0176948,0.0182749,7489551.203182247,0
MXC.V,D,20230504,000000,0.0183466,0.018955,0.017734,0.0185977,6516002.043373281,0
MXC.V,D,20230505,000000,0.0185779,0.0187724,0.0179804,0.0181245,9421845.416912591,0
MXC.V,D,20230506,000000,0.0182238,0.0185923,0.0180328,0.0180726,7150134.211947302,0
MXC.V,D,20230507,000000,0.0181948,0.0182419,0.0177347,0.0177588,1758076.2203875321,0
MXC.V,D,20230508,000000,0.0177389,0.0177798,0.0169103,0.0169847,7195980.923127732,0
MXC.V,D,20230509,000000,0.0169909,0.0178959,0.0167787,0.0169016,6059286.133163438,0
MXC.V,D,20230510,000000,0.0169074,0.0172477,0.0168125,0.0168458,4720939.973933246,0
MXC.V,D,20230511,000000,0.0168899,0.0172102,0.0166586,0.0167337,5565113.675096774,0
MXC.V,D,20230512,000000,0.0167547,0.0167601,0.0163698,0.0164792,4251519.868028438,0
MXC.V,D,20230513,000000,0.0164832,0.0186922,0.0163702,0.0176516,7889814.132965177,0
MXC.V,D,20230514,000000,0.0176448,0.0190114,0.0171883,0.0174104,6930306.1726042945,0
MXC.V,D,20230515,000000,0.0174194,0.0178135,0.0170572,0.0173494,5547473.183232592,0
MXC.V,D,20230516,000000,0.0173471,0.0175513,0.0166497,0.0170955,6544012.164638909,0
MXC.V,D,20230517,000000,0.0170825,0.0173667,0.0167424,0.0169855,3637907.617370421,0
MXC.V,D,20230518,000000,0.0169975,0.0172089,0.0137045,0.0157613,30679072.03302729,0
MXC.V,D,20230519,000000,0.0157423,0.0170218,0.01542,0.0159906,7491996.749063925,0
MXC.V,D,20230520,000000,0.015994,0.0167907,0.0152401,0.0159119,7105523.4010842815,0
MXC.V,D,20230521,000000,0.0158683,0.0162013,0.0152806,0.0153232,3495970.743519033,0
MXC.V,D,20230522,000000,0.0152966,0.0161317,0.0152366,0.0154677,3747099.0794155593,0
MXC.V,D,20230523,000000,0.0154162,0.0158179,0.0152995,0.0155209,2543505.3086737497,0
MXC.V,D,20230524,000000,0.0154024,0.0159864,0.0147589,0.0148791,3284495.958307542,0
MXC.V,D,20230525,000000,0.0149413,0.0158188,0.0147841,0.0152293,4026104.5977750462,0
MXC.V,D,20230526,000000,0.0151733,0.0157783,0.0149635,0.0153634,3462477.7129139644,0
MXC.V,D,20230527,000000,0.0153791,0.0156321,0.0148988,0.0151659,2694347.8328389497,0
MXC.V,D,20230528,000000,0.0151315,0.0154032,0.014982,0.0151805,3074531.2662658514,0
MXC.V,D,20230529,000000,0.0152655,0.015625,0.014876,0.0151305,2705865.1087828362,0
MXC.V,D,20230530,000000,0.0151265,0.0155399,0.0146381,0.01491,4809626.381046578,0
MXC.V,D,20230531,000000,0.0151321,0.0151354,0.0146294,0.0147708,2497751.9500658726,0
MXC.V,D,20230601,000000,0.0146976,0.0154379,0.0146382,0.0151164,3002600.3932924476,0
MXC.V,D,20230602,000000,0.0151833,0.0152835,0.0148718,0.0150839,2829327.574670236,0
MXC.V,D,20230603,000000,0.0150642,0.0154348,0.0149736,0.015286,2224108.005364162,0
MXC.V,D,20230604,000000,0.0152852,0.015655,0.0149842,0.0152549,2602720.877478357,0
MXC.V,D,20230605,000000,0.0156142,0.0156145,0.0142827,0.0143543,4714415.398521759,0
MXC.V,D,20230606,000000,0.0143743,0.0146551,0.0141627,0.014324,5048689.46059653,0
MXC.V,D,20230607,000000,0.014288,0.0144778,0.0138317,0.0138427,3323312.400588337,0
MXC.V,D,20230608,000000,0.0138312,0.0138414,0.0129721,0.0133224,3430685.916209469,0
MXC.V,D,20230609,000000,0.0132924,0.0157073,0.0132324,0.0153471,15108475.883343125,0
MXC.V,D,20230610,000000,0.0153572,0.0198288,0.0122256,0.0132077,27148220.110553976,0
MXC.V,D,20230611,000000,0.0130876,0.0149566,0.0126369,0.0139257,16919523.90326451,0
MXC.V,D,20230612,000000,0.0139456,0.0150114,0.0127836,0.0134504,15004573.613238288,0
MXC.V,D,20230613,000000,0.0134305,0.0152583,0.0133296,0.0143381,21428890.094860565,0
MXC.V,D,20230614,000000,0.0143581,0.0157973,0.0130188,0.0130188,22950193.33466224,0
MXC.V,D,20230615,000000,0.0130588,0.0139646,0.0130583,0.0136186,9595049.758440232,0
MXC.V,D,20230616,000000,0.0135937,0.0137057,0.0128749,0.0130897,13619482.83957113,0
MXC.V,D,20230617,000000,0.0130798,0.0139812,0.0128618,0.0132945,34900461.985127285,0
MXC.V,D,20230618,000000,0.0132944,0.013505,0.0129835,0.0129971,23202073.3644937,0
MXC.V,D,20230619,000000,0.0130067,0.0134962,0.0128764,0.0130759,14256675.019006807,0
MXC.V,D,20230620,000000,0.013049,0.0132489,0.0126578,0.0130722,6850257.598690587,0
MXC.V,D,20230621,000000,0.0129618,0.0134503,0.012748,0.0131007,14113355.10211077,0
MXC.V,D,20230622,000000,0.0131013,0.0136307,0.0130016,0.0130827,7092589.436171648,0
MXC.V,D,20230623,000000,0.0130927,0.0135971,0.0130129,0.0132177,16663553.26644678,0
MXC.V,D,20230624,000000,0.0132175,0.013537,0.0130682,0.0133184,4483572.263839716,0
MXC.V,D,20230625,000000,0.0133184,0.0143991,0.0130552,0.0131842,12630175.523248274,0
MXC.V,D,20230626,000000,0.0131838,0.0132833,0.013006,0.0130212,3659070.397293642,0
MXC.V,D,20230627,000000,0.0130425,0.0135523,0.0129192,0.0130622,7306007.348649754,0
MXC.V,D,20230628,000000,0.0130824,0.0133817,0.012998,0.01301,4431833.341565213,0
MXC.V,D,20230629,000000,0.0129962,0.0131026,0.0127633,0.0128852,3087287.2792094015,0
MXC.V,D,20230630,000000,0.0128907,0.0129488,0.0123955,0.0124753,5927299.53801228,0
MXC.V,D,20230701,000000,0.0124756,0.0126886,0.0123362,0.01265,4604359.102999524,0
MXC.V,D,20230702,000000,0.0126499,0.0128309,0.0124088,0.0126411,3878281.8849075316,0
MXC.V,D,20230703,000000,0.0126311,0.0129191,0.0124983,0.0126709,3257801.401997026,0
MXC.V,D,20230704,000000,0.0127611,0.012846,0.012619,0.0127738,1924930.9485645397,0
MXC.V,D,20230705,000000,0.0127085,0.0128827,0.0123675,0.012507,2554304.791503277,0
MXC.V,D,20230706,000000,0.01252,0.0126679,0.01227,0.0123119,16611746.18288564,0
MXC.V,D,20230707,000000,0.01231,0.0123106,0.0121172,0.0122834,15884592.472678212,0
MXC.V,D,20230708,000000,0.0122831,0.012878,0.0122405,0.012271,18739909.332509663,0
MXC.V,D,20230709,000000,0.012281,0.0124291,0.0121293,0.0121341,12893201.758487318,0
MXC.V,D,20230710,000000,0.0121342,0.0121361,0.0118466,0.0118748,8610676.780242635,0
MXC.V,D,20230711,000000,0.0118774,0.0121189,0.0113993,0.0114182,11618450.745058633,0
MXC.V,D,20230712,000000,0.0114166,0.011622,0.0114155,0.0114981,10785930.755981587,0
MXC.V,D,20230713,000000,0.0114988,0.0117456,0.0111551,0.0112305,11589645.298046874,0
MXC.V,D,20230714,000000,0.0112274,0.0117616,0.0111993,0.0112158,8658164.571828527,0
MXC.V,D,20230715,000000,0.011202,0.0114636,0.0111487,0.0112743,7042080.443497532,0
MXC.V,D,20230716,000000,0.0112844,0.0113183,0.0111211,0.0111241,10835778.536863558,0
MXC.V,D,20230717,000000,0.0111312,0.0111342,0.0102883,0.0103238,10780728.854602989,0
MXC.V,D,20230718,000000,0.0103208,0.0105773,0.0096788,0.0099012,15095182.851615097,0
MXC.V,D,20230719,000000,0.0098704,0.0102326,0.0097698,0.0098039,14781293.727386437,0
MXC.V,D,20230720,000000,0.0098039,0.0100638,0.0095983,0.0096059,12258922.489827085,0
MXC.V,D,20230721,000000,0.0096059,0.0096455,0.0095082,0.0095261,11931361.205109315,0
MXC.V,D,20230722,000000,0.0095252,0.00972197,0.0095216,0.00962696,11932205.376069454,0
MXC.V,D,20230723,000000,0.00963506,0.00985999,0.00956324,0.0095639,11172099.277626991,0
MXC.V,D,20230724,000000,0.00956181,0.00958052,0.00906646,0.00907091,6656447.077792181,0
MXC.V,D,20230725,000000,0.00907091,0.009071,0.00879151,0.00892529,9084193.744841333,0
MXC.V,D,20230726,000000,0.0089252,0.00894655,0.00843065,0.00852909,10216144.257710323,0
MXC.V,D,20230727,000000,0.00852034,0.00881541,0.00844308,0.00864067,8522769.858107757,0
MXC.V,D,20230728,000000,0.00863558,0.0088419,0.00849745,0.00868483,7876250.376554471,0
MXC.V,D,20230729,000000,0.00868474,0.00872374,0.00857983,0.00859091,8426659.934220325,0
MXC.V,D,20230730,000000,0.00859,0.00890538,0.00858291,0.00863831,5249307.88687512,0
MXC.V,D,20230731,000000,0.00849332,0.00899865,0.00849107,0.00863762,3917753.0542351557,0
MXC.V,D,20230801,000000,0.00861245,0.00909472,0.00832017,0.00895543,6230594.0925556775,0
MXC.V,D,20230802,000000,0.00868305,0.00868305,0.00839336,0.00856503,6400701.570954551,0
MXC.V,D,20230803,000000,0.00855512,0.00988308,0.00855512,0.00896247,18143131.291521076,0
MXC.V,D,20230804,000000,0.00896264,0.00904367,0.00856143,0.00872433,2798740.375899399,0
MXC.V,D,20230805,000000,0.00871433,0.00872433,0.00836456,0.00863325,2108334.1739234505,0
MXC.V,D,20230806,000000,0.00861172,0.00877538,0.00832832,0.00854515,2556055.6912598945,0
MXC.V,D,20230807,000000,0.00849955,0.00863962,0.00829588,0.0084209,4282918.219000858,0
MXC.V,D,20230808,000000,0.00848772,0.00851626,0.00829853,0.00843957,3263542.1867975118,0
MXC.V,D,20230809,000000,0.0084094,0.00849086,0.00839669,0.00839669,432549.39186779107,0
MXC.V,D,20230810,000000,0.00841025,0.00858932,0.00830535,0.00842613,1484753.621404051,0
MXC.V,D,20230811,000000,0.00843179,0.00879543,0.00834348,0.00849964,2610696.7427969016,0
MXC.V,D,20230812,000000,0.00848266,0.00860533,0.00841975,0.00851514,1364979.7134042096,0
MXC.V,D,20230813,000000,0.00852096,0.0086575,0.00849532,0.00865016,1122506.7256928245,0
MXC.V,D,20230814,000000,0.00862535,0.00876768,0.00856919,0.00865603,1943244.3799935908,0
MXC.V,D,20230815,000000,0.00866867,0.00929235,0.00840716,0.00842972,5966751.095270714,0
MXC.V,D,20230816,000000,0.00839068,0.00841116,0.00817933,0.00817965,3276699.190107521,0
MXC.V,D,20230817,000000,0.00796116,0.00830387,0.00729076,0.00729083,3481000.638884596,0
MXC.V,D,20230818,000000,0.00727007,0.00727007,0.00679233,0.00683558,4314019.410200002,0
MXC.V,D,20230819,000000,0.00686825,0.00718035,0.00682727,0.00704396,2918896.3103761985,0
MXC.V,D,20230820,000000,0.00704467,0.00720469,0.00699737,0.00714266,2721702.7499746573,0
MXC.V,D,20230821,000000,0.00707938,0.0094901,0.00707867,0.00856871,75144934.69550075,0
MXC.V,D,20230822,000000,0.00861871,0.00920899,0.00751759,0.00784741,30861266.236820396,0
MXC.V,D,20230823,000000,0.00792846,0.00848977,0.00750025,0.00803647,19628298.2203947,0
MXC.V,D,20230824,000000,0.00804207,0.00829842,0.00764332,0.0080289,10547213.009901782,0
MXC.V,D,20230825,000000,0.00804941,0.00817289,0.00773252,0.00783845,11751306.489997067,0
MXC.V,D,20230826,000000,0.00785683,0.00794239,0.00764979,0.00765479,2488335.243259991,0
MXC.V,D,20230827,000000,0.00765702,0.00774697,0.007549,0.00762334,1072572.2014475758,0
MXC.V,D,20230828,000000,0.00759612,0.00778117,0.0074956,0.00766047,735638.551152003,0
MXC.V,D,20230829,000000,0.00765309,0.00765387,0.00730396,0.00738748,2351368.265629613,0
MXC.V,D,20230830,000000,0.00738426,0.00763024,0.00705922,0.00722893,6465977.23869837,0
MXC.V,D,20230831,000000,0.007226,0.00770969,0.0069843,0.00707887,4071603.0702807787,0
MXC.V,D,20230901,000000,0.00702909,0.00747693,0.00698762,0.00712629,2929312.9481263687,0
MXC.V,D,20230902,000000,0.00716763,0.00757909,0.0070791,0.00717921,1966215.8318970466,0
MXC.V,D,20230903,000000,0.00718928,0.00732875,0.00706908,0.00713871,1638356.5149557707,0
MXC.V,D,20230904,000000,0.00709872,0.007697,0.00704852,0.00745791,4344032.098430557,0
MXC.V,D,20230905,000000,0.00746768,0.01172097,0.00744642,0.00883531,148500008.5425647,0
MXC.V,D,20230906,000000,0.00891563,0.01088532,0.00856417,0.0088347,41494437.38485412,0
MXC.V,D,20230907,000000,0.0088247,0.00889546,0.00799488,0.00815592,12835944.771913096,0
MXC.V,D,20230908,000000,0.00815616,0.00863542,0.00796601,0.00827901,6163223.324238855,0
MXC.V,D,20230909,000000,0.00825893,0.00867644,0.00809676,0.00819795,5577149.2477216,0
MXC.V,D,20230910,000000,0.00823753,0.00852778,0.00773861,0.00850677,10727735.05939485,0
MXC.V,D,20230911,000000,0.00846695,0.0116164,0.00846687,0.0112464,80959202.96403682,0
MXC.V,D,20230912,000000,0.0111163,0.0118462,0.0090994,0.0092993,35980736.87257763,0
MXC.V,D,20230913,000000,0.0093892,0.0105019,0.0088296,0.0102522,13621968.467090903,0
MXC.V,D,20230914,000000,0.0102621,0.0112705,0.0094804,0.0106031,28378586.036717,0
MXC.V,D,20230915,000000,0.0102929,0.0105834,0.0093793,0.0094803,7259028.070861008,0
MXC.V,D,20230916,000000,0.0095497,0.0096307,0.0091814,0.0092408,3118965.0300350008,0
MXC.V,D,20230917,000000,0.0091709,0.0108422,0.0090016,0.0104526,14748525.898031,0
MXC.V,D,20230918,000000,0.0104926,0.0106917,0.0094124,0.0098518,17729114.523742523,0
MXC.V,D,20230919,000000,0.0099216,0.010182,0.0094918,0.00956096,7243551.666296455,0
MXC.V,D,20230920,000000,0.00956124,0.00970049,0.00935159,0.00953057,6084047.313948232,0
MXC.V,D,20230921,000000,0.00957057,0.00957057,0.00910918,0.00912963,5662273.1458604075,0
MXC.V,D,20230922,000000,0.00909009,0.00912927,0.00865965,0.00874939,6430710.804404532,0
MXC.V,D,20230923,000000,0.00874948,0.00886,0.00863009,0.00883053,2612464.4035002086,0
MXC.V,D,20230924,000000,0.00879053,0.00884062,0.00836033,0.00836033,7375394.826758746,0
MXC.V,D,20230925,000000,0.00831033,0.00835134,0.0080188,0.00804855,5435343.910505217,0
MXC.V,D,20230926,000000,0.00803944,0.00989713,0.00799712,0.00944594,53595275.51339649,0
MXC.V,D,20230927,000000,0.00935551,0.00939558,0.00837304,0.00841377,18135411.989316188,0
MXC.V,D,20230928,000000,0.00841385,0.00851301,0.00822284,0.00832983,8481617.473917121,0
MXC.V,D,20230929,000000,0.00831925,0.00846907,0.00819926,0.00823901,5609492.054312945,0
MXC.V,D,20230930,000000,0.00823909,0.00839958,0.0082,0.00825165,8439268.652935889,0
MXC.V,D,20231001,000000,0.00825165,0.0082805,0.0079508,0.00795095,5880453.7628092775,0
MXC.V,D,20231002,000000,0.00795016,0.00819828,0.00787228,0.00787228,24548318.757763617,0
MXC.V,D,20231003,000000,0.01025215,0.01287,0.00766962,0.01088022,16065409.089979611,0
MXC.V,D,20231004,000000,0.00768061,0.01106111,0.0074003,0.00748015,31803170.51741518,0
MXC.V,D,20231005,000000,0.0074894,0.00774046,0.00743208,0.00753211,13842878.464531709,0
MXC.V,D,20231006,000000,0.00747172,0.00785259,0.00744045,0.00773317,5496376.102806251,0
MXC.V,D,20231007,000000,0.00769377,0.00769477,0.00753384,0.00760433,2070063.2580897096,0
MXC.V,D,20231008,000000,0.00761426,0.00782877,0.00756646,0.00758224,2307792.833756818,0
MXC.V,D,20231009,000000,0.00758409,0.00758409,0.00705099,0.00726145,3986540.9695972414,0
MXC.V,D,20231010,000000,0.0072516,0.00742096,0.00701056,0.00720108,4871341.945854032,0
MXC.V,D,20231011,000000,0.00728073,0.00728073,0.00679803,0.00688807,1684482.2921569897,0
MXC.V,D,20231012,000000,0.00686828,0.00731839,0.00686808,0.00705767,6420044.462209022,0
MXC.V,D,20231013,000000,0.00701733,0.00702726,0.00679592,0.00690786,1669901.0872903792,0
MXC.V,D,20231014,000000,0.00694254,0.00701951,0.00685952,0.00691758,7681958.05777033,0
MXC.V,D,20231015,000000,0.00688952,0.00695986,0.006841,0.00688821,3727180.2857808983,0
MXC.V,D,20231016,000000,0.00683889,0.00962115,0.00676684,0.00676684,26732163.941902876,0
MXC.V,D,20231017,000000,0.0092637,0.0092638,0.00667053,0.00671055,8568045.282526964,0
MXC.V,D,20231018,000000,0.00670448,0.00673529,0.00613278,0.00631939,16587625.766078668,0
MXC.V,D,20231019,000000,0.00625913,0.00640122,0.00608337,0.00610638,8968886.114263214,0
MXC.V,D,20231020,000000,0.00608237,0.00628458,0.0056617,0.00578043,14179351.65828057,0
MXC.V,D,20231021,000000,0.00578037,0.00597287,0.00564276,0.0059209,10212875.112397743,0
MXC.V,D,20231022,000000,0.00593291,0.00605915,0.00582597,0.00594196,4688032.629436457,0
MXC.V,D,20231023,000000,0.0059013,0.00610005,0.00587305,0.0060911,7206289.573351483,0
MXC.V,D,20231024,000000,0.00611818,0.00678532,0.00590935,0.00623925,15791421.81413061,0
MXC.V,D,20231025,000000,0.00622925,0.00654052,0.00608136,0.00636053,7911292.8069546,0
MXC.V,D,20231026,000000,0.00635246,0.00665053,0.0061716,0.00659007,8306631.339986264,0
MXC.V,D,20231027,000000,0.00659126,0.00664026,0.00630063,0.00638547,5551322.039758505,0
MXC.V,D,20231028,000000,0.0063854,0.00643022,0.00629276,0.00642103,1811158.1869999543,0
MXC.V,D,20231029,000000,0.00642116,0.00645029,0.00626069,0.00632984,5929358.967631424,0
MXC.V,D,20231030,000000,0.00632984,0.00667507,0.00629357,0.00655216,5516084.2739680875,0
MXC.V,D,20231031,000000,0.00659244,0.00696167,0.00652483,0.00664079,12128406.408914763,0
MXC.V,D,20231101,000000,0.00664059,0.00683037,0.00650678,0.00663012,7859762.975390294,0
MXC.V,D,20231102,000000,0.00662192,0.00702372,0.00660198,0.00677081,7424931.292301705,0
MXC.V,D,20231103,000000,0.00678088,0.00678129,0.00645258,0.00649253,6527964.147363194,0
MXC.V,D,20231104,000000,0.00654262,0.00695334,0.00654242,0.00677399,3393779.0301417066,0
MXC.V,D,20231105,000000,0.00682375,0.00691608,0.0066141,0.00677582,4811891.137710296,0
MXC.V,D,20231106,000000,0.00680422,0.00680422,0.00653268,0.00663179,4569109.465332431,0
MXC.V,D,20231107,000000,0.00667187,0.00670235,0.00620161,0.00655301,7036621.519077268,0
MXC.V,D,20231108,000000,0.00656315,0.00671221,0.00655301,0.00669154,11450191.611508802,0
MXC.V,D,20231109,000000,0.00666226,0.00685356,0.00635159,0.0064609,12951664.02474215,0
MXC.V,D,20231110,000000,0.00646116,0.00659072,0.00620056,0.00635311,14183041.123081658,0
MXC.V,D,20231111,000000,0.00640333,0.00690159,0.00635311,0.00659165,5722806.6041155,0
MXC.V,D,20231112,000000,0.00663172,0.00666233,0.00640269,0.00647259,7521679.66828548,0
MXC.V,D,20231113,000000,0.00644258,0.00657486,0.00615228,0.00617173,4526075.883865075,0
MXC.V,D,20231114,000000,0.00621106,0.00676149,0.00610122,0.00632082,39049850.66380341,0
MXC.V,D,20231115,000000,0.01621259,0.01788197,0.01205578,0.01291645,42131251.90539304,0
MXC.V,D,20231116,000000,0.0129162,0.0146463,0.01250038,0.012511,5866212.016120941,0
MXC.V,D,20231117,000000,0.00627094,0.01244162,0.00607115,0.00608225,3352867.747880626,0
MXC.V,D,20231118,000000,0.00613196,0.00613245,0.00596286,0.00606351,3183946.3005809523,0
MXC.V,D,20231119,000000,0.0060831,0.00622317,0.00590283,0.00607267,4243850.096048217,0
MXC.V,D,20231120,000000,0.00609289,0.00627332,0.0060432,0.0061543,3208323.61243936,0
MXC.V,D,20231121,000000,0.00616382,0.00623405,0.00600096,0.00602229,1702069.171996411,0
MXC.V,D,20231122,000000,0.00604536,0.00604536,0.00566,0.00580186,8752807.045755317,0
MXC.V,D,20231123,000000,0.00581174,0.00609231,0.00570177,0.00584082,3257594.5498247757,0
MXC.V,D,20231124,000000,0.00588071,0.00593231,0.00576109,0.00587511,2489665.414662266,0
MXC.V,D,20231125,000000,0.00588441,0.00602331,0.00588376,0.00597358,897328.9565770723,0
MXC.V,D,20231126,000000,0.00601349,0.0060423,0.00591225,0.00591225,2069982.7986570618,0
MXC.V,D,20231127,000000,0.00591171,0.00597239,0.00574069,0.00580012,1449494.8191981323,0
MXC.V,D,20231128,000000,0.00581,0.00600006,0.00576017,0.00582332,3213360.5501225065,0
MXC.V,D,20231129,000000,0.00582338,0.00593368,0.00574287,0.0058607,3547041.3965686574,0
MXC.V,D,20231130,000000,0.00590124,0.00591124,0.00572046,0.0058307,4780746.258108137,0
MXC.V,D,20231201,000000,0.0058121,0.00601132,0.00572109,0.00592237,5861138.842502327,0
MXC.V,D,20231202,000000,0.00593237,0.00651247,0.00587288,0.00631284,10538649.072384106,0
MXC.V,D,20231203,000000,0.00625275,0.00636248,0.00607188,0.00635222,17193838.376647867,0
MXC.V,D,20231204,000000,0.00635229,0.00640237,0.00599988,0.006,7663703.307308055,0
MXC.V,D,20231205,000000,0.00610043,0.0138208,0.00588071,0.00617068,14734111.931470979,0
MXC.V,D,20231206,000000,0.01561187,0.01996499,0.00620068,0.00620068,36741185.720997766,0
MXC.V,D,20231207,000000,0.00620025,0.00747067,0.00616012,0.00672228,28574759.332025964,0
MXC.V,D,20231208,000000,0.00673242,0.0071205,0.00640122,0.00678224,10940240.076753054,0
MXC.V,D,20231209,000000,0.00678217,0.00731175,0.00677183,0.00693166,11743701.009377897,0
MXC.V,D,20231210,000000,0.00691187,0.00722065,0.00665113,0.00708,14681734.19075834,0
MXC.V,D,20231211,000000,0.00708057,0.00708057,0.00625412,0.00644645,10854658.924181374,0
MXC.V,D,20231212,000000,0.00642698,0.00688738,0.00632715,0.00637719,11312522.864571597,0
MXC.V,D,20231213,000000,0.0063672,0.00654033,0.00630584,0.00646116,5357101.075623189,0
MXC.V,D,20231214,000000,0.00647142,0.00661053,0.00632145,0.00655098,8702769.669546807,0
MXC.V,D,20231215,000000,0.00656125,0.00662834,0.00621894,0.00637006,9876066.512876196,0
MXC.V,D,20231216,000000,0.0063607,0.00712444,0.00631937,0.00678477,12714353.334609112,0
MXC.V,D,20231217,000000,0.00675459,0.00692383,0.00659373,0.00681298,24994056.33813546,0
MXC.V,D,20231218,000000,0.00674271,0.00675365,0.00629458,0.00651804,7613731.088758403,0
MXC.V,D,20231219,000000,0.00651863,0.00678667,0.00637675,0.00659657,10709209.379468521,0
MXC.V,D,20231220,000000,0.0065967,0.00684856,0.00647812,0.0066202,6599489.822589727,0
MXC.V,D,20231221,000000,0.00664007,0.00674067,0.00644903,0.0066412,5462081.617376044,0
MXC.V,D,20231222,000000,0.00659132,0.17805162,0.00644103,0.0485388,891613750.3795882,0
MXC.V,D,20231223,000000,0.0485388,0.0680388,0.0312578,0.0426409,779643691.7847345,0
MXC.V,D,20231224,000000,0.0117057,0.0117057,0.00790514,0.00797518,196545058.2710953,0
MXC.V,D,20231225,000000,0.00801513,0.00888018,0.00779343,0.00832183,74759755.21498367,0
MXC.V,D,20231226,000000,0.00834183,0.01097923,0.00789921,0.00837908,82204774.61133243,0
MXC.V,D,20231227,000000,0.00840882,0.00895982,0.00819943,0.0082552,34197182.36394861,0
MXC.V,D,20231228,000000,0.00827455,0.00845693,0.00755113,0.00777388,41225514.642768584,0
MXC.V,D,20231229,000000,0.03421436,0.0725578,0.0077958,0.0485487,102753876.4692751,0
MXC.V,D,20231230,000000,0.0488398,0.071725,0.0348783,0.0540189,141525793.41923216,0
MXC.V,D,20231231,000000,0.0539384,0.0548118,0.0416996,0.0439943,40067241.3170076,0
MXC.V,D,20240101,000000,0.0430997,0.0431896,0.0353554,0.0404577,16857784.454649843,0
MXC.V,D,20240102,000000,0.0404593,0.0408955,0.00781258,0.0078429,14150208.154144324,0
MXC.V,D,20240103,000000,0.00782289,0.0093227,0.007704,0.008333,48029218.30976553,0
MXC.V,D,20240104,000000,0.00833333,0.01151161,0.00829323,0.0100619,111138876.64557606,0
MXC.V,D,20240105,000000,0.0100317,0.012073,0.00946596,0.0098777,78974927.42341135,0
MXC.V,D,20240106,000000,0.00984777,0.01032557,0.00883812,0.00973584,67506196.354845,0
MXC.V,D,20240107,000000,0.00968571,0.0118459,0.00943547,0.00971583,158068287.32029665,0
MXC.V,D,20240108,000000,0.00972612,0.00991495,0.0086933,0.00905805,45247530.03405577,0
MXC.V,D,20240109,000000,0.00909645,0.00921737,0.0081,0.00819295,31698609.68187149,0
MXC.V,D,20240110,000000,0.00818303,0.00883247,0.00801136,0.00869217,20954263.104928896,0
MXC.V,D,20240111,000000,0.00867251,0.00905163,0.00804614,0.00844093,25867432.442004353,0
MXC.V,D,20240112,000000,0.00841076,0.00889318,0.00788903,0.00801827,13156309.724041972,0
MXC.V,D,20240113,000000,0.00794731,0.00830901,0.00769992,0.00804507,14054737.714620702,0
MXC.V,D,20240114,000000,0.00799812,0.0083809,0.00776613,0.0079491,21061445.195155233,0
MXC.V,D,20240115,000000,0.00799448,0.00813058,0.00749385,0.00755796,21088786.120322913,0
MXC.V,D,20240116,000000,0.00762396,0.0083285,0.00751216,0.00818402,23048167.196724042,0
MXC.V,D,20240117,000000,0.00818353,0.00914843,0.00759886,0.00791508,59435247.28403225,0
MXC.V,D,20240118,000000,0.00789841,0.00924817,0.00787314,0.00839751,54275746.48204588,0
MXC.V,D,20240119,000000,0.00836454,0.01058929,0.00780654,0.00955063,186706620.32677233,0
MXC.V,D,20240120,000000,0.00954131,0.0119914,0.00946205,0.01052137,214217355.84861243,0
MXC.V,D,20240121,000000,0.010442,0.0106427,0.00943358,0.00975395,72919675.60133475,0
MXC.V,D,20240122,000000,0.00968431,0.0097142,0.00833124,0.00833208,54387006.2705835,0
MXC.V,D,20240123,000000,0.00835588,0.00912195,0.00788437,0.00845447,48993742.47606549,0
MXC.V,D,20240124,000000,0.00867288,0.00912552,0.00816271,0.00855398,26149831.32068407,0
MXC.V,D,20240125,000000,0.00868174,0.00884728,0.00805017,0.00830884,23538124.613895353,0
MXC.V,D,20240126,000000,0.00830951,0.00860762,0.0080241,0.00847747,30505591.796303313,0
MXC.V,D,20240127,000000,0.00861679,0.00979933,0.00842447,0.009292,41963847.029905215,0
MXC.V,D,20240128,000000,0.009282,0.00993161,0.00830359,0.00943749,50148462.21846322,0
MXC.V,D,20240129,000000,0.00943149,0.0099963,0.00929593,0.009586,31027015.711468045,0
MXC.V,D,20240130,000000,0.0095511,0.0096511,0.00894296,0.00911791,18142309.36430091,0
MXC.V,D,20240131,000000,0.00907364,0.00909991,0.0085692,0.00901231,22266886.786087632,0
MXC.V,D,20240201,000000,0.00924134,0.00924143,0.0086083,0.00874646,17824186.36695593,0
MXC.V,D,20240202,000000,0.00875828,0.00905665,0.00861655,0.00877735,15344499.074999835,0
MXC.V,D,20240203,000000,0.00883205,0.0089099,0.00865267,0.00871816,10216386.542863242,0
MXC.V,D,20240204,000000,0.0087093,0.00914625,0.00869039,0.00874624,15761218.459934156,0
MXC.V,D,20240205,000000,0.00875762,0.00901934,0.00872741,0.00882957,9639637.456427772,0
MXC.V,D,20240206,000000,0.0088088,0.0089607,0.00865108,0.00872221,12211420.985555194,0
MXC.V,D,20240207,000000,0.00870874,0.00918617,0.00869526,0.0087629,18245773.775201306,0
MXC.V,D,20240208,000000,0.00888922,0.00944285,0.00879827,0.00911491,14935913.741295628,0
MXC.V,D,20240209,000000,0.00907272,0.009307,0.0089501,0.00905843,15470404.249729529,0
MXC.V,D,20240210,000000,0.00905798,0.00921071,0.00884595,0.00890458,12643107.017381554,0
MXC.V,D,20240211,000000,0.00890449,0.00914539,0.00890449,0.0089877,9648441.23295239,0
MXC.V,D,20240212,000000,0.00902808,0.00910191,0.0087734,0.00899623,12344882.298153952,0
MXC.V,D,20240213,000000,0.0089113,0.00925402,0.00886737,0.00900051,14067572.70097798,0
MXC.V,D,20240214,000000,0.00895903,0.00905671,0.00855928,0.00877816,31114720.06276452,0
MXC.V,D,20240215,000000,0.00879709,0.00916368,0.00863382,0.00869047,14756042.761102796,0
MXC.V,D,20240216,000000,0.00871662,0.00896514,0.00866302,0.00866345,10315072.931392437,0
MXC.V,D,20240217,000000,0.00875878,0.00884074,0.00855597,0.00856697,8994187.758542903,0
MXC.V,D,20240218,000000,0.00864877,0.00902389,0.0084146,0.00900299,15606553.417247107,0
MXC.V,D,20240219,000000,0.00892169,0.00922729,0.00869074,0.00885412,20917150.46854903,0
MXC.V,D,20240220,000000,0.00885404,0.01048158,0.00883197,0.00927986,35064914.32405024,0
MXC.V,D,20240221,000000,0.00922112,0.00941591,0.00884785,0.00896772,28457546.321508788,0
MXC.V,D,20240222,000000,0.00896736,0.00915408,0.00886469,0.00890806,13144240.472784663,0
MXC.V,D,20240223,000000,0.00890761,0.00929477,0.00877595,0.00877595,15415907.123940181,0
MXC.V,D,20240224,000000,0.0087776,0.00909254,0.00877716,0.009034,7859225.304582297,0
MXC.V,D,20240225,000000,0.009034,0.00914782,0.00879703,0.00898664,15695373.122131724,0
MXC.V,D,20240226,000000,0.00898709,0.01342946,0.008987,0.0115174,144752559.63221082,0
MXC.V,D,20240227,000000,0.011558,0.0245298,0.0115579,0.0168267,397388641.8335144,0
MXC.V,D,20240228,000000,0.0167667,0.0299164,0.0160469,0.0240468,371981880.26230556,0
MXC.V,D,20240229,000000,0.024307,0.0253731,0.019055,0.0191013,53784335.92193107,0
MXC.V,D,20240301,000000,0.0191375,0.0210071,0.0181453,0.0188847,49144737.44736591,0
MXC.V,D,20240302,000000,0.0188843,0.0193949,0.0167467,0.0173069,25875640.1434548,0
MXC.V,D,20240303,000000,0.0172869,0.0226711,0.0165896,0.0192887,74852512.64491697,0
MXC.V,D,20240304,000000,0.0192086,0.0245633,0.0190286,0.0214336,72655200.29514681,0
MXC.V,D,20240305,000000,0.0214736,0.0224358,0.0157267,0.0174821,41872928.31277554,0
MXC.V,D,20240306,000000,0.0175221,0.0193504,0.0169871,0.0190295,35454511.821014725,0
MXC.V,D,20240307,000000,0.0190595,0.0252111,0.0181689,0.0213409,97314678.20413014,0
MXC.V,D,20240308,000000,0.0213509,0.0218762,0.0199911,0.0205369,40022619.038308196,0
MXC.V,D,20240309,000000,0.0205107,0.0222241,0.0201877,0.0214014,32664229.213903133,0
MXC.V,D,20240310,000000,0.0214014,0.0257003,0.0214014,0.0229334,47775963.165210724,0
MXC.V,D,20240311,000000,0.0228722,0.0284274,0.0226217,0.0255151,38759309.6299182,0
MXC.V,D,20240312,000000,0.0254451,0.026997,0.0227536,0.0233819,45815024.72385408,0
MXC.V,D,20240313,000000,0.0233814,0.0266219,0.0230719,0.0241545,28264607.97939891,0
MXC.V,D,20240314,000000,0.0241321,0.0243922,0.0214179,0.0226387,31991068.389448386,0
MXC.V,D,20240315,000000,0.0226921,0.0232877,0.0168224,0.0205412,21168217.954357594,0
MXC.V,D,20240316,000000,0.0205719,0.0217637,0.0190721,0.0191483,10070886.779448994,0
MXC.V,D,20240317,000000,0.0189394,0.0211332,0.0182308,0.0207794,12414247.620198552,0
MXC.V,D,20240318,000000,0.0209934,0.0216857,0.0191908,0.0201088,18503680.165912677,0
MXC.V,D,20240319,000000,0.0201982,0.0202684,0.0165904,0.0173067,10594394.902451288,0
MXC.V,D,20240320,000000,0.0170674,0.0189657,0.0161534,0.0185498,11020604.822083673,0
MXC.V,D,20240321,000000,0.0187713,0.0192621,0.0179314,0.0187148,11292509.692718973,0
MXC.V,D,20240322,000000,0.0186457,0.0192248,0.0178047,0.0182703,10514328.26442718,0
MXC.V,D,20240323,000000,0.0180658,0.0189928,0.0180253,0.0183928,10933455.796722252,0
MXC.V,D,20240324,000000,0.01829,0.0230452,0.0182898,0.0207988,73398274.23229337,0
MXC.V,D,20240325,000000,0.0206588,0.0273168,0.0203392,0.025185,112043934.47939779,0
MXC.V,D,20240326,000000,0.0252938,0.0264556,0.0227923,0.0237705,133847201.33409199,0
MXC.V,D,20240327,000000,0.0238505,0.0239359,0.02154,0.022732,89383070.80142571,0
MXC.V,D,20240328,000000,0.0219673,0.0243503,0.0219047,0.0225547,103029641.78901233,0
MXC.V,D,20240329,000000,0.022402,0.0239457,0.0213326,0.0223707,72215677.79567614,0
MXC.V,D,20240330,000000,0.0228109,0.0235511,0.0216208,0.0216584,78660482.2374389,0
MXC.V,D,20240331,000000,0.0217178,0.0218767,0.0210808,0.0214224,49507210.035226375,0
MXC.V,D,20240401,000000,0.021303,0.0214758,0.0196013,0.0201176,48632247.69602142,0
MXC.V,D,20240402,000000,0.0201475,0.0202477,0.0171054,0.0184774,48095035.34773945,0
MXC.V,D,20240403,000000,0.0181434,0.0192061,0.0180034,0.0182455,49722326.79150635,0
MXC.V,D,20240404,000000,0.0182053,0.0196849,0.0177147,0.0191856,44245320.75859916,0
MXC.V,D,20240405,000000,0.0193696,0.0198399,0.0180562,0.0190084,32047009.31252968,0
MXC.V,D,20240406,000000,0.0187241,0.0195875,0.0183155,0.0187047,32372794.554908145,0
MXC.V,D,20240407,000000,0.0187045,0.0201046,0.0187043,0.0196576,40800346.820831984,0
MXC.V,D,20240408,000000,0.0193704,0.0224905,0.019162,0.0206588,123494616.38456608,0
MXC.V,D,20240409,000000,0.0205479,0.0206096,0.0188128,0.0188813,54402329.05866708,0
MXC.V,D,20240410,000000,0.0191794,0.0194502,0.0180276,0.018138,18321776.006986428,0
MXC.V,D,20240411,000000,0.0182896,0.0191094,0.0179996,0.0183156,16329556.766588824,0
MXC.V,D,20240412,000000,0.0183016,0.0189088,0.0151075,0.0151273,29493333.416776624,0
MXC.V,D,20240413,000000,0.0150244,0.0150347,0.0110088,0.0110089,26067174.8259477,0
MXC.V,D,20240414,000000,0.0114684,0.0150415,0.0114682,0.0148044,50949610.99389494,0
MXC.V,D,20240415,000000,0.0149803,0.0155017,0.0138846,0.014314,21745791.460007116,0
MXC.V,D,20240416,000000,0.0143724,0.0146002,0.0128561,0.0135847,18451187.07183897,0
MXC.V,D,20240417,000000,0.0136124,0.0136124,0.012194,0.0128442,15461722.44211893,0
MXC.V,D,20240418,000000,0.0124448,0.0131379,0.0120098,0.0130669,12495871.004650718,0
MXC.V,D,20240419,000000,0.0127046,0.0130682,0.0114651,0.0127351,16328390.039873725,0
MXC.V,D,20240420,000000,0.0127235,0.014244,0.0124387,0.0141733,25217014.97617326,0
MXC.V,D,20240421,000000,0.0141734,0.0163126,0.0137846,0.0163126,33703577.36059185,0
MXC.V,D,20240422,000000,0.0157148,0.0158605,0.0148439,0.0151325,25851377.481623914,0
MXC.V,D,20240423,000000,0.0150645,0.0152941,0.0140708,0.014549,16072673.284240348,0
MXC.V,D,20240424,000000,0.0145799,0.0150947,0.0140607,0.014088,11183289.53696354,0
MXC.V,D,20240425,000000,0.0140171,0.0140171,0.0130431,0.01381,12481817.936458943,0
MXC.V,D,20240426,000000,0.0138542,0.0138695,0.0133393,0.0137106,12121383.389834112,0
MXC.V,D,20240427,000000,0.0134763,0.0137134,0.012795,0.0130779,11838505.81270346,0
MXC.V,D,20240428,000000,0.0131035,0.0134693,0.0128901,0.0130522,11642524.517334748,0
MXC.V,D,20240429,000000,0.0130861,0.0130861,0.0121276,0.0127012,13766357.72695348,0
MXC.V,D,20240430,000000,0.0127766,0.0135557,0.0116838,0.0122067,34825523.3495512,0
MXC.V,D,20240501,000000,0.011925,0.0134501,0.0115294,0.0131552,17256759.838113036,0
MXC.V,D,20240502,000000,0.012931,0.012931,0.0122085,0.0128395,15362095.500704592,0
MXC.V,D,20240503,000000,0.01294,0.013807,0.0126479,0.0136497,15561731.841205949,0
MXC.V,D,20240504,000000,0.0135571,0.0140762,0.0131479,0.0136414,19144555.86393457,0
MXC.V,D,20240505,000000,0.0137194,0.0140815,0.0133805,0.0137715,9574439.913897706,0
MXC.V,D,20240506,000000,0.0136345,0.0151548,0.0129996,0.0132788,19322090.715094604,0
MXC.V,D,20240507,000000,0.013463,0.0140406,0.0130787,0.0134596,12774855.122611655,0
MXC.V,D,20240508,000000,0.0134091,0.0136691,0.0130058,0.0130658,19476449.458835848,0
MXC.V,D,20240509,000000,0.0132957,0.0179808,0.0128846,0.0146778,57614966.578987435,0
MXC.V,D,20240510,000000,0.0145071,0.0152578,0.0135933,0.0136459,50014248.99277594,0
MXC.V,D,20240511,000000,0.0135559,0.0150237,0.0133967,0.0145768,61259894.85581401,0
MXC.V,D,20240512,000000,0.0145868,0.0156536,0.0138547,0.0142639,55013599.23388415,0
MXC.V,D,20240513,000000,0.0145639,0.0146133,0.0134591,0.0137085,18624473.189343594,0
MXC.V,D,20240514,000000,0.0137386,0.0147848,0.0136286,0.0145847,36131937.8427333,0
MXC.V,D,20240515,000000,0.0144648,0.0147445,0.013713,0.0142484,33747738.378349304,0
MXC.V,D,20240516,000000,0.0143485,0.0149431,0.0137623,0.0141693,45674214.18972768,0
MXC.V,D,20240517,000000,0.0140813,0.0146158,0.0138308,0.0145049,23477428.508266967,0
MXC.V,D,20240518,000000,0.014415,0.0152039,0.0143649,0.0148625,50440443.93815637,0
MXC.V,D,20240519,000000,0.0149715,0.0154817,0.0145317,0.0146991,66592310.09005276,0
MXC.V,D,20240520,000000,0.0146991,0.0156162,0.0144893,0.0155859,72193479.46224947,0
MXC.V,D,20240521,000000,0.0155459,0.0162854,0.0150828,0.0152789,84890766.77089061,0
MXC.V,D,20240522,000000,0.015215,0.0157339,0.0148064,0.0151795,69039166.31514919,0
MXC.V,D,20240523,000000,0.0152286,0.0156,0.014236,0.0146706,38351971.87802851,0
MXC.V,D,20240524,000000,0.0146806,0.014974,0.0141262,0.0147682,22449608.95145866,0
MXC.V,D,20240525,000000,0.0148082,0.0156184,0.0145974,0.014887,18530093.870583914,0
MXC.V,D,20240526,000000,0.0148669,0.0150568,0.0144565,0.0145639,22708786.394443896,0
MXC.V,D,20240527,000000,0.0145549,0.0163185,0.0144999,0.0155661,69387427.96559255,0
MXC.V,D,20240528,000000,0.0156181,0.0204799,0.0152446,0.0169895,228394427.01114225,0
MXC.V,D,20240529,000000,0.0169786,0.0175463,0.0159279,0.0168644,73648654.89109379,0
MXC.V,D,20240530,000000,0.0168653,0.0169627,0.0156576,0.0158195,30713703.032105554,0
MXC.V,D,20240531,000000,0.0157895,0.0171185,0.0155274,0.0162037,80766375.8935295,0
MXC.V,D,20240601,000000,0.0162686,0.0183438,0.0159639,0.0170078,79169446.43188101,0
MXC.V,D,20240602,000000,0.0170398,0.0178247,0.016371,0.0166212,57877917.04955591,0
MXC.V,D,20240603,000000,0.0166542,0.0168069,0.0161431,0.0162074,30163409.375668973,0
MXC.V,D,20240604,000000,0.0162522,0.0168588,0.0161751,0.016269,20514799.356719602,0
MXC.V,D,20240605,000000,0.016283,0.016695,0.015995,0.0161016,124933604.2523163,0
MXC.V,D,20240606,000000,0.0161064,0.0162283,0.0155243,0.0155429,28017266.054586824,0
MXC.V,D,20240607,000000,0.015536,0.0156402,0.0142913,0.0143555,26447332.811276756,0
MXC.V,D,20240608,000000,0.0143567,0.0155543,0.0142167,0.0143253,23340217.0061981,0
MXC.V,D,20240609,000000,0.0143823,0.0146345,0.0141604,0.0143478,34856915.83050538,0
MXC.V,D,20240610,000000,0.0143784,0.0158617,0.0135345,0.0142502,50853036.14374469,0
MXC.V,D,20240611,000000,0.0142462,0.0143638,0.0129946,0.0130673,36815644.62080744,0
MXC.V,D,20240612,000000,0.0130853,0.0148201,0.0130297,0.0140014,46688095.82532864,0
MXC.V,D,20240613,000000,0.0139994,0.0140835,0.0133735,0.0135706,25976620.39870882,0
MXC.V,D,20240614,000000,0.0135436,0.0136079,0.0115503,0.0120053,36922774.353760056,0
MXC.V,D,20240615,000000,0.0120011,0.0125924,0.0119668,0.012361,14835968.903925445,0
MXC.V,D,20240616,000000,0.012449,0.0128235,0.012156,0.0121569,13483738.38351475,0
MXC.V,D,20240617,000000,0.0121473,0.0122065,0.0108765,0.0113197,17795341.503654204,0
MXC.V,D,20240618,000000,0.0111149,0.0112693,0.0099759,0.010366,17460300.163471524,0
MXC.V,D,20240619,000000,0.0102744,0.0115843,0.0102273,0.0110456,14932229.605052609,0
MXC.V,D,20240620,000000,0.0111955,0.0118433,0.0110337,0.0114309,12182896.376839101,0
MXC.V,D,20240621,000000,0.0111986,0.0112089,0.0102027,0.0104375,18975131.69340811,0
MXC.V,D,20240622,000000,0.0105435,0.010805,0.0103936,0.0107157,11292341.093625799,0
MXC.V,D,20240623,000000,0.0108257,0.0108633,0.010593,0.0106427,12162770.612464953,0
MXC.V,D,20240624,000000,0.0107098,0.0107098,0.00953389,0.00962697,15463683.516240397,0
MXC.V,D,20240625,000000,0.00965704,0.0109466,0.00962535,0.0109459,14987594.663348362,0
MXC.V,D,20240626,000000,0.0106554,0.0117666,0.0102207,0.0106128,34157283.47931939,0
MXC.V,D,20240627,000000,0.0106188,0.0106221,0.0100259,0.0101546,31224376.228174996,0
MXC.V,D,20240628,000000,0.0101414,0.0103983,0.0099837,0.00998808,28842119.141823266,0
MXC.V,D,20240629,000000,0.00998609,0.0108995,0.0099323,0.0104572,27200336.782781694,0
MXC.V,D,20240630,000000,0.0104582,0.0105386,0.00936006,0.00954209,42314099.196307726,0
MXC.V,D,20240701,000000,0.00953311,0.01039744,0.00952949,0.00979602,27086867.23500615,0
MXC.V,D,20240702,000000,0.0098061,0.01001997,0.00930477,0.00949878,41477515.31381954,0
MXC.V,D,20240703,000000,0.00949678,0.0118559,0.00914281,0.0111065,38459000.03381215,0
MXC.V,D,20240704,000000,0.0108608,0.0110337,0.00923719,0.0092848,26984450.926416747,0
MXC.V,D,20240705,000000,0.00928371,0.00936675,0.00718442,0.00811441,42490774.40130032,0
MXC.V,D,20240706,000000,0.00810449,0.00868095,0.00786116,0.00868,17668795.859978005,0
MXC.V,D,20240707,000000,0.00864069,0.00864069,0.00805279,0.0081077,14392746.594485672,0
MXC.V,D,20240708,000000,0.00789421,0.01029122,0.00736341,0.00877947,38818721.76586042,0
MXC.V,D,20240709,000000,0.0091849,0.0103742,0.00842374,0.00962181,80780696.17817822,0
MXC.V,D,20240710,000000,0.00961081,0.01068792,0.00909609,0.00909727,49512546.070696376,0
MXC.V,D,20240711,000000,0.00899228,0.00971075,0.00870383,0.00870383,29757069.13759128,0
MXC.V,D,20240712,000000,0.00869983,0.00897144,0.00850009,0.00876245,25822168.102740236,0
MXC.V,D,20240713,000000,0.00877175,0.00931649,0.00868256,0.0088115,22331889.53872651,0
MXC.V,D,20240714,000000,0.00883159,0.00911373,0.00880158,0.00883327,19940554.433816902,0
MXC.V,D,20240715,000000,0.00883618,0.00977681,0.00869369,0.00935768,32956057.84126447,0
MXC.V,D,20240716,000000,0.00943547,0.00965364,0.00905171,0.00954086,28455962.290727425,0
MXC.V,D,20240717,000000,0.00938366,0.00967677,0.00910773,0.00936775,21191333.15285523,0
MXC.V,D,20240718,000000,0.00934991,0.00948676,0.00920063,0.00921816,18319518.71091369,0
MXC.V,D,20240719,000000,0.00920807,0.00950114,0.00906919,0.00937569,21718540.37725599,0
MXC.V,D,20240720,000000,0.00928499,0.00953677,0.00907936,0.00938303,22261548.979218896,0
MXC.V,D,20240721,000000,0.00932252,0.00947075,0.00909027,0.00934196,18435303.045715645,0
MXC.V,D,20240722,000000,0.00928584,0.00936766,0.009068,0.00923332,19477912.760211825,0
MXC.V,D,20240723,000000,0.00922313,0.00979108,0.00902945,0.009081,27819663.379423417,0
MXC.V,D,20240724,000000,0.00905127,0.00918828,0.00893063,0.00908809,20541155.925716367,0
MXC.V,D,20240725,000000,0.00894848,0.00894848,0.00823001,0.00855803,26457569.574291285,0
MXC.V,D,20240726,000000,0.00848288,0.00890431,0.0084793,0.00885782,25592841.340341184,0
MXC.V,D,20240727,000000,0.00880226,0.01037293,0.00874735,0.00931281,50807615.40667041,0
MXC.V,D,20240728,000000,0.00932093,0.00979922,0.00884894,0.0088692,30788142.542738933,0
MXC.V,D,20240729,000000,0.00885991,0.0093596,0.00881991,0.00887238,29072653.011477266,0
MXC.V,D,20240730,000000,0.00880885,0.00951981,0.00864575,0.0087093,21950512.838544566,0
MXC.V,D,20240731,000000,0.00879171,0.00892627,0.00848669,0.00848669,16587606.822516285,0
MXC.V,D,20240801,000000,0.00848037,0.00862382,0.00809214,0.00815166,19201395.195841204,0
MXC.V,D,20240802,000000,0.00834107,0.00844714,0.00813767,0.00814562,17938379.235190533,0
MXC.V,D,20240803,000000,0.0080192,0.00808113,0.00744301,0.00744331,27552610.323273018,0
MXC.V,D,20240804,000000,0.00738457,0.00773436,0.00712429,0.00719784,34113096.816402785,0
MXC.V,D,20240805,000000,0.00717691,0.00717706,0.00570103,0.00621118,24366712.681380674,0
MXC.V,D,20240806,000000,0.00623781,0.00781963,0.00623769,0.00663265,27648948.08114932,0
MXC.V,D,20240807,000000,0.00666246,0.00786464,0.00641899,0.00646052,35775781.21262433,0
MXC.V,D,20240808,000000,0.00645077,0.00691131,0.00634976,0.006895,19117860.92910649,0
MXC.V,D,20240809,000000,0.00702004,0.00724996,0.00692125,0.00705211,12879840.282690374,0
MXC.V,D,20240810,000000,0.00708198,0.00762229,0.00707076,0.00729139,18569413.457470052,0
MXC.V,D,20240811,000000,0.00727138,0.00728495,0.00684196,0.00686669,28657526.5795405,0
MXC.V,D,20240812,000000,0.00690048,0.00756012,0.00670974,0.00716136,19044097.1240356,0
MXC.V,D,20240813,000000,0.00721672,0.00730073,0.00686924,0.0071425,36144172.791459896,0
MXC.V,D,20240814,000000,0.00725203,0.00731254,0.00687906,0.00701056,23647208.69588011,0
MXC.V,D,20240815,000000,0.00697633,0.00745485,0.00692031,0.00708163,19902924.667093318,0
MXC.V,D,20240816,000000,0.00705127,0.00720558,0.0068413,0.00687499,13125252.835937105,0
MXC.V,D,20240817,000000,0.00689979,0.00706027,0.00683537,0.00701056,12187199.52739555,0
MXC.V,D,20240818,000000,0.00704063,0.00719565,0.00680954,0.00705127,18546759.319524407,0
MXC.V,D,20240819,000000,0.00699133,0.00728153,0.00677256,0.00706155,21549422.903219957,0
MXC.V,D,20240820,000000,0.00701196,0.00726054,0.00688503,0.00700986,19524701.661672443,0
MXC.V,D,20240821,000000,0.00703028,0.00714064,0.0066442,0.00714064,21955671.34796483,0
MXC.V,D,20240822,000000,0.00710128,0.00714443,0.00690638,0.00705035,16946483.825099204,0
MXC.V,D,20240823,000000,0.00705035,0.008534,0.00687369,0.00765512,31364706.177550107,0
MXC.V,D,20240824,000000,0.00763557,0.00833083,0.00758631,0.00798379,28925924.1138018,0
MXC.V,D,20240825,000000,0.00798439,0.00929707,0.00779426,0.00796279,62144848.19341606,0
MXC.V,D,20240826,000000,0.00794278,0.00805248,0.00757067,0.00761137,22271291.76322404,0
MXC.V,D,20240827,000000,0.00758121,0.00776032,0.00729258,0.00729556,25386369.2637368,0
MXC.V,D,20240828,000000,0.00712707,0.00955586,0.00694232,0.00705463,16080323.129735086,0
MXC.V,D,20240829,000000,0.00704263,0.00782278,0.0069567,0.00716965,15590172.280778218,0
MXC.V,D,20240830,000000,0.00714257,0.007223,0.00690569,0.00700602,20198526.13532842,0
MXC.V,D,20240831,000000,0.00703494,0.0074985,0.00689438,0.00697665,22796663.05109663,0
MXC.V,D,20240901,000000,0.0069776,0.0069796,0.00661081,0.00669893,20366944.690301757,0
MXC.V,D,20240902,000000,0.00669893,0.0075198,0.00625912,0.00751972,60285111.69020139,0
MXC.V,D,20240903,000000,0.0074818,0.00859645,0.00709723,0.00762586,69397184.38455512,0
MXC.V,D,20240904,000000,0.00769,0.00786911,0.00698297,0.0072482,29708306.656568974,0
MXC.V,D,20240905,000000,0.00720021,0.00728442,0.00670479,0.00680748,52657273.68794261,0
MXC.V,D,20240906,000000,0.0066536,0.00795161,0.0065286,0.0065286,70608828.63916913,0
MXC.V,D,20240907,000000,0.00656078,0.00673733,0.00648486,0.00660341,20426576.168220013,0
MXC.V,D,20240908,000000,0.0066818,0.00727284,0.00653035,0.0066184,17653156.673833035,0
MXC.V,D,20240909,000000,0.00662066,0.00726864,0.00656774,0.00678388,19832787.7635986,0
MXC.V,D,20240910,000000,0.0068591,0.00733915,0.0066734,0.00681952,25654697.98554098,0
MXC.V,D,20240911,000000,0.00677166,0.00690824,0.00656134,0.00675054,20211736.385019984,0
MXC.V,D,20240912,000000,0.0067176,0.0070347,0.0066824,0.00684632,25037502.013459176,0
MXC.V,D,20240913,000000,0.00688938,0.00706943,0.00671326,0.00695213,24782931.024833225,0
MXC.V,D,20240914,000000,0.00698328,0.00926478,0.00689707,0.00709835,42789326.72798546,0
MXC.V,D,20240915,000000,0.00708435,0.00718937,0.00693962,0.00697291,27250361.33786145,0
MXC.V,D,20240916,000000,0.0070092,0.0070107,0.006713,0.00685677,21512384.340371598,0
MXC.V,D,20240917,000000,0.0068547,0.006985,0.00677371,0.00691369,20217535.630245216,0
MXC.V,D,20240918,000000,0.0069727,0.00704193,0.00672,0.00691828,22401370.777772278,0
MXC.V,D,20240919,000000,0.00695056,0.007709,0.00688869,0.00716872,36985920.20780909,0
MXC.V,D,20240920,000000,0.00723265,0.00724665,0.00705178,0.00706749,31948227.026859824,0
MXC.V,D,20240921,000000,0.00711964,0.0080074,0.00700121,0.00727873,21857228.371525828,0
MXC.V,D,20240922,000000,0.00714064,0.00742959,0.00699863,0.007113,30926877.837240234,0
MXC.V,D,20240923,000000,0.00717978,0.00730263,0.00699807,0.00719557,27775576.912357233,0
MXC.V,D,20240924,000000,0.00713179,0.00732468,0.00689083,0.00706058,24828070.076989442,0
MXC.V,D,20240925,000000,0.00707372,0.00723957,0.00697251,0.00713814,13701761.650821941,0
MXC.V,D,20240926,000000,0.00708879,0.00725329,0.00696977,0.00713471,5425205.73739458,0
MXC.V,D,20240927,000000,0.00714614,0.0072908,0.00710207,0.00725073,6940886.467411635,0
MXC.V,D,20240928,000000,0.00725231,0.00755098,0.00718079,0.00731788,13734369.976527141,0
MXC.V,D,20240929,000000,0.00731527,0.00735715,0.00719144,0.0073,2493655.6095430045,0
MXC.V,D,20240930,000000,0.00730849,0.00748555,0.00714964,0.00721776,9634842.101487098,0
MXC.V,D,20241001,000000,0.00722683,0.00726564,0.00666173,0.00669226,5804484.694187746,0
MXC.V,D,20241002,000000,0.00662834,0.00682966,0.00654736,0.00664114,4201702.830822526,0
MXC.V,D,20241003,000000,0.00661835,0.00683291,0.00640885,0.00647235,5365466.913242652,0
MXC.V,D,20241004,000000,0.00648522,0.00692875,0.00648522,0.00675666,8225939.8960784795,0
MXC.V,D,20241005,000000,0.0067438,0.00684573,0.00671093,0.00671499,3363162.709119751,0
MXC.V,D,20241006,000000,0.00671099,0.00677973,0.00663914,0.00674153,2536617.4002932683,0
MXC.V,D,20241007,000000,0.00672986,0.00693854,0.00671285,0.00674818,5613638.085354423,0
MXC.V,D,20241008,000000,0.00673052,0.00673984,0.00656419,0.00658605,6703473.788787074,0
MXC.V,D,20241009,000000,0.00658932,0.00664794,0.00648816,0.00649908,10015907.025817582,0
MXC.V,D,20241010,000000,0.00653657,0.00688635,0.00644029,0.00646101,7116398.001942265,0
MXC.V,D,20241011,000000,0.00646859,0.00667906,0.00646859,0.00667906,1552848.4707425868,0
MXC.V,D,20241012,000000,0.00663361,0.00698797,0.00660009,0.00681389,4925659.119515858,0
MXC.V,D,20241013,000000,0.00678996,0.00678996,0.00661795,0.00668193,1579576.0822210407,0
MXC.V,D,20241014,000000,0.00667759,0.00688745,0.00665121,0.00681891,5649510.608735572,0
MXC.V,D,20241015,000000,0.00680298,0.0069637,0.00667273,0.00667273,3417349.480715468,0
MXC.V,D,20241016,000000,0.00671859,0.00684063,0.00665847,0.00665847,2495606.5556233726,0
MXC.V,D,20241017,000000,0.0066776,0.00671164,0.00661702,0.00664081,1015958.394848858,0
MXC.V,D,20241018,000000,0.00665567,0.00671919,0.00660922,0.00670513,1572592.7946722622,0
MXC.V,D,20241019,000000,0.0066792,0.00675351,0.00660774,0.0066644,2628856.10871,0
MXC.V,D,20241020,000000,0.006674,0.00669606,0.00663827,0.00664781,1004906.5748662503,0
MXC.V,D,20241021,000000,0.00664781,0.00668906,0.00652808,0.00653332,1933144.9449439952,0
MXC.V,D,20241022,000000,0.00656452,0.0066634,0.0065225,0.0066,1196627.5363162507,0
MXC.V,D,20241023,000000,0.00659032,0.00664635,0.00613807,0.00625243,5757023.11131568,0
MXC.V,D,20241024,000000,0.00621166,0.00649054,0.00621166,0.00643994,3410778.82370426,0
MXC.V,D,20241025,000000,0.00647298,0.00647592,0.00619071,0.00621069,1025402.9990233497,0
MXC.V,D,20241026,000000,0.00619882,0.00619882,0.00593674,0.00593674,1563673.5778371596,0
MXC.V,D,20241027,000000,0.00594814,0.00614419,0.00592587,0.00614419,643328.4597389,0
MXC.V,D,20241028,000000,0.00616045,0.00616174,0.0055777,0.00579823,10584221.078441774,0
MXC.V,D,20241029,000000,0.00580294,0.00603819,0.00572208,0.00582161,7823466.983747014,0
MXC.V,D,20241030,000000,0.00580161,0.00599812,0.00576056,0.00584007,8056829.285372667,0
MXC.V,D,20241031,000000,0.00584913,0.00595809,0.00549213,0.00553258,27785422.42223368,0
MXC.V,D,20241101,000000,0.00554711,0.00556743,0.00526216,0.00528346,22496045.61170938,0
MXC.V,D,20241102,000000,0.00529035,0.00536994,0.0049942,0.00502149,5406203.708653061,0
MXC.V,D,20241103,000000,0.00504064,0.00576004,0.00477423,0.00491598,18699247.290433396,0
MXC.V,D,20241104,000000,0.00490709,0.00495084,0.00453678,0.00463747,5519157.284619997,0
MXC.V,D,20241105,000000,0.0046771,0.00496536,0.00460896,0.00467544,4789101.936555801,0
MXC.V,D,20241106,000000,0.00466058,0.00519488,0.00466058,0.00506604,9702597.949695444,0
MXC.V,D,20241107,000000,0.00508456,0.00595103,0.00508456,0.00543572,41136499.145553686,0
MXC.V,D,20241108,000000,0.00545927,0.00570636,0.00539066,0.00542953,9719882.870062277,0
MXC.V,D,20241109,000000,0.00543753,0.00702281,0.00528285,0.00585876,41019028.31584736,0
MXC.V,D,20241110,000000,0.00587376,0.00652417,0.00579332,0.00608535,17911126.75381962,0
MXC.V,D,20241111,000000,0.0060744,0.00630454,0.00580412,0.00600596,15612371.08373001,0
MXC.V,D,20241112,000000,0.0060026,0.00717645,0.00532512,0.0058508,64759187.605282634,0
MXC.V,D,20241113,000000,0.00574673,0.00580406,0.00532717,0.00546146,24906205.946386777,0
MXC.V,D,20241114,000000,0.00550778,0.0062128,0.00535007,0.00580493,26864720.12125689,0
MXC.V,D,20241115,000000,0.00570897,0.00607427,0.005454,0.00590077,20766908.92917255,0
MXC.V,D,20241116,000000,0.00579868,0.00606142,0.00555239,0.00572929,25068198.010343995,0
MXC.V,D,20241117,000000,0.005706,0.00579994,0.005574,0.00559122,13814444.149000337,0
MXC.V,D,20241118,000000,0.00558017,0.00581074,0.00550451,0.00565214,16464453.656345006,0
MXC.V,D,20241119,000000,0.00562655,0.00579904,0.00550247,0.0055922,11433212.471331999,0
MXC.V,D,20241120,000000,0.00560628,0.0058611,0.00544173,0.00565524,16638961.231520254,0
MXC.V,D,20241121,000000,0.00563989,0.00600658,0.00544994,0.00596266,11679437.802629072,0
MXC.V,D,20241122,000000,0.00599563,0.00604598,0.00530745,0.00531419,10646180.544991003,0
MXC.V,D,20241123,000000,0.00532627,0.00560913,0.00512856,0.00529772,6939645.52532752,0
MXC.V,D,20241124,000000,0.00529271,0.00597657,0.00517528,0.00545945,45758627.873403184,0
MXC.V,D,20241125,000000,0.00546346,0.00550319,0.00522274,0.00541919,13770008.01661721,0
MXC.V,D,20241126,000000,0.00540424,0.00557867,0.00515299,0.00518703,9044344.918901991,0
MXC.V,D,20241127,000000,0.00515804,0.00544043,0.00513243,0.00544043,3971957.001732,0
MXC.V,D,20241128,000000,0.00541241,0.00574172,0.00529613,0.00557433,9664673.377420094,0
MXC.V,D,20241129,000000,0.0055995,0.00569455,0.00545049,0.00558407,7130499.372870001,0
MXC.V,D,20241130,000000,0.00556673,0.00723582,0.00554161,0.00657963,83469074.965565,0
MXC.V,D,20241201,000000,0.00656202,0.00716494,0.00618671,0.0066734,39695338.65343701,0
MXC.V,D,20241202,000000,0.00667947,0.00667947,0.00587059,0.00608319,19009882.539958004,0
MXC.V,D,20241203,000000,0.0061022,0.00624969,0.00570883,0.00609451,13584656.713743,0
MXC.V,D,20241204,000000,0.00611797,0.0070018,0.00607322,0.00662894,19497162.45233057,0
MXC.V,D,20241205,000000,0.00662193,0.00713934,0.00651673,0.00681129,23071557.424680077,0
MXC.V,D,20241206,000000,0.00679211,0.0079581,0.00643244,0.00690786,100156377.14460017,0
MXC.V,D,20241207,000000,0.00684971,0.0121297,0.00678029,0.00985689,484635937.4388336,0
MXC.V,D,20241208,000000,0.00990693,0.0105064,0.00891276,0.00914112,106283053.44717409,0
MXC.V,D,20241209,000000,0.00917814,0.00949808,0.00651983,0.00680604,68270048.043242,0
MXC.V,D,20241210,000000,0.00677003,0.00748217,0.00601631,0.00651426,39157129.221355945,0
MXC.V,D,20241211,000000,0.00650725,0.00693925,0.00618509,0.0068044,46266723.56104397,0
MXC.V,D,20241212,000000,0.00683141,0.0085004,0.00680408,0.00817888,106791440.84316568,0
MXC.V,D,20241213,000000,0.00818239,0.00818523,0.00707992,0.00748035,52629587.01355497,0
MXC.V,D,20241214,000000,0.00745242,0.0075603,0.00650193,0.0066594,58955002.28302703,0
MXC.V,D,20241215,000000,0.00663934,0.00695463,0.00637479,0.00678139,40440579.99717196,0
MXC.V,D,20241216,000000,0.00680677,0.0072246,0.00617086,0.00621074,41891313.07004917,0
MXC.V,D,20241217,000000,0.00621268,0.00636019,0.00594176,0.0059994,26791965.176737998,0
MXC.V,D,20241218,000000,0.00598288,0.00627387,0.00542618,0.00543177,22577521.039304998,0
MXC.V,D,20241219,000000,0.00541362,0.00593608,0.00510034,0.00523676,21958277.95827808,0
MXC.V,D,20241220,000000,0.00527409,0.00579223,0.00474031,0.00578512,28256478.467958998,0
MXC.V,D,20241221,000000,0.0057472,0.00594626,0.00515814,0.00528188,20423880.4009381,0
MXC.V,D,20241222,000000,0.00528777,0.00592338,0.00525421,0.00534096,22842690.442921456,0
MXC.V,D,20241223,000000,0.00536418,0.00569995,0.00525548,0.00567156,10860944.58207899,0
MXC.V,D,20241224,000000,0.0056624,0.00617968,0.0053352,0.00567468,27755849.006141003,0
MXC.V,D,20241225,000000,0.00569818,0.00588352,0.00543581,0.00547207,20844836.26542018,0
MXC.V,D,20241226,000000,0.00547213,0.00578631,0.00520332,0.00530237,15953711.880720394,0
MXC.V,D,20241227,000000,0.00529733,0.00568066,0.00525789,0.00536216,13993296.746281123,0
MXC.V,D,20241228,000000,0.00536316,0.00553324,0.00528743,0.00543471,6875449.750720002,0
MXC.V,D,20241229,000000,0.00542484,0.00553873,0.00509763,0.00510881,11295202.36402939,0
MXC.V,D,20241230,000000,0.00509006,0.00530022,0.00498376,0.00505488,11680295.656138016,0
MXC.V,D,20241231,000000,0.00502758,0.00512981,0.00488067,0.00491988,13457169.428579997,0
MXC.V,D,20250101,000000,0.0049108,0.00503845,0.00487528,0.00503845,4730601.441489999,0
MXC.V,D,20250102,000000,0.00506145,0.00519898,0.00503601,0.00503791,6655231.4657931505,0
MXC.V,D,20250103,000000,0.00503781,0.00545458,0.00503781,0.00524711,16909480.30156001,0
MXC.V,D,20250104,000000,0.00524043,0.0054,0.00515788,0.00522411,15790603.334283007,0
MXC.V,D,20250105,000000,0.005269,0.005269,0.00313,0.00512977,32430047.832445033,0
MXC.V,D,20250106,000000,0.00513141,0.00516035,0.00470512,0.00477138,108009321.55308785,0
MXC.V,D,20250107,000000,0.00477939,0.00490444,0.00394045,0.00394045,61883034.21659799,0
MXC.V,D,20250108,000000,0.00387042,0.00405927,0.00338858,0.0035409,34947306.362587996,0
MXC.V,D,20250109,000000,0.00355393,0.00362017,0.00322274,0.00327341,11665284.255321003,0
MXC.V,D,20250110,000000,0.00328377,0.00469925,0.00326977,0.00417912,65142039.33845099,0
MXC.V,D,20250111,000000,0.00417312,0.00449789,0.00381231,0.00409303,48133127.58852101,0
MXC.V,D,20250112,000000,0.00413106,0.00441079,0.00283,0.0037677,17252102.974872988,0
MXC.V,D,20250113,000000,0.00373613,0.00387952,0.00323928,0.00348457,14295735.164149992,0
MXC.V,D,20250114,000000,0.00348853,0.00366328,0.00340806,0.00351756,17475600.599008206,0
MXC.V,D,20250115,000000,0.00352455,0.0036284,0.00329722,0.00356114,18163263.172069006,0
MXC.V,D,20250116,000000,0.00354911,0.00361229,0.00247,0.00346724,10896803.96783999,0
MXC.V,D,20250117,000000,0.0034672,0.00381385,0.00346527,0.00370015,13750631.422133002,0
MXC.V,D,20250118,000000,0.00370211,0.00377419,0.00224941,0.00331398,11584451.299853338,0
MXC.V,D,20250119,000000,0.00331491,0.00341534,0.00218,0.00270208,37817556.793152645,0
MXC.V,D,20250120,000000,0.00271207,0.00284758,0.00253261,0.00269865,14753338.333169997,0
MXC.V,D,20250121,000000,0.00274184,0.00304107,0.00269133,0.00288243,17868994.312497996,0
MXC.V,D,20250122,000000,0.00287172,0.00300495,0.00273653,0.0029153,26475890.694616996,0
MXC.V,D,20250123,000000,0.00291027,0.00381905,0.00285,0.00303964,146006076.10179392,0
MXC.V,D,20250124,000000,0.00302864,0.00467398,0.0029018,0.00419729,203240353.39091372,0
MXC.V,D,20250125,000000,0.00418529,0.00490912,0.00327344,0.00340139,319888031.72966737,0
MXC.V,D,20250126,000000,0.00339735,0.00353854,0.00309632,0.0031455,70533871.1191409,0
MXC.V,D,20250127,000000,0.00313753,0.004896,0.00289894,0.003859,121382844.42260501,0
MXC.V,D,20250128,000000,0.00395129,0.00469986,0.00345124,0.00350772,147267851.71212092,0
MXC.V,D,20250129,000000,0.00348773,0.0042988,0.00340098,0.00383985,112844223.41538091,0
MXC.V,D,20250130,000000,0.00385392,0.00462232,0.00369704,0.00433739,81815560.61600305,0
MXC.V,D,20250131,000000,0.00433043,0.00479077,0.00411708,0.00431596,67599681.92165488,0
MXC.V,D,20250201,000000,0.00427676,0.00433722,0.00262,0.00374306,43495062.00276001,0
MXC.V,D,20250202,000000,0.00376902,0.00474139,0.00361823,0.003997,79728587.89371195,0
MXC.V,D,20250203,000000,0.00404783,0.00440168,0.00320125,0.00356967,61718601.037209965,0
MXC.V,D,20250204,000000,0.00352501,0.00372754,0.00322106,0.00332343,18232665.67177501,0
MXC.V,D,20250205,000000,0.00330578,0.00357486,0.00329033,0.00335323,14095254.188045999,0
MXC.V,D,20250206,000000,0.00336317,0.00344289,0.00310822,0.00311119,11930465.850328002,0
MXC.V,D,20250207,000000,0.00311819,0.00358472,0.00300512,0.00305921,12070238.62089099,0
MXC.V,D,20250208,000000,0.00305912,0.00345059,0.00303927,0.00315347,19096189.81353402,0
MXC.V,D,20250209,000000,0.00318032,0.00328756,0.00306434,0.00313925,14558584.540151993,0
MXC.V,D,20250210,000000,0.00309834,0.00352374,0.00307158,0.00324949,27099930.934704036,0
MXC.V,D,20250211,000000,0.00323058,0.00347897,0.00323058,0.0033486,13496868.89302201,0
MXC.V,D,20250212,000000,0.00335346,0.00343962,0.00327054,0.00339024,9554375.39914,0
MXC.V,D,20250213,000000,0.00339031,0.00350018,0.00330013,0.00338297,10096242.77097,0
MXC.V,D,20250214,000000,0.00337127,0.00342431,0.00325068,0.00325068,6014431.728037001,0
MXC.V,D,20250215,000000,0.00328613,0.00339331,0.00324039,0.00330523,6667941.946446,0
