<TICKER>,<PER>,<DATE>,<TIME>,<OPEN>,<HIGH>,<LOW>,<CLOSE>,<VOL>,<OPENINT>
ORBS.V,D,20220513,000000,0.0431266,0.0431266,0.0431179,0.0431179,0,0
ORBS.V,D,20220514,000000,0.043413,0.0449145,0.0427101,0.0446374,37372.226831511,0
ORBS.V,D,20220515,000000,0.0448371,0.0475429,0.0444377,0.0475429,15700.78906271,0
ORBS.V,D,20220516,000000,0.0482924,0.0482924,0.0446933,0.0459208,89186.395726126,0
ORBS.V,D,20220517,000000,0.0467491,0.0475581,0.044542,0.0472033,916116.98153693,0
ORBS.V,D,20220518,000000,0.0473284,0.0476827,0.0442124,0.0448616,486783.67121374,0
ORBS.V,D,20220519,000000,0.0447617,0.045509,0.0421578,0.0450095,1377962.9708451,0
ORBS.V,D,20220520,000000,0.0449895,0.0469424,0.0433679,0.0444521,645464.01409555,0
ORBS.V,D,20220521,000000,0.0445365,0.0454408,0.0398242,0.0446274,337829.27869364,0
ORBS.V,D,20220522,000000,0.0452611,0.0528013,0.0452611,0.0481721,1131060.5211546,0
ORBS.V,D,20220523,000000,0.0483319,0.0514485,0.0476328,0.0479124,812552.68033326,0
ORBS.V,D,20220524,000000,0.0474482,0.0485865,0.0456991,0.0483922,515150.23980489,0
ORBS.V,D,20220525,000000,0.0486518,0.0495305,0.0473379,0.0491059,394797.16647141,0
ORBS.V,D,20220526,000000,0.0492309,0.0503695,0.0465288,0.0474026,636534.66116499,0
ORBS.V,D,20220527,000000,0.0480919,0.0486113,0.04542,0.046319,523892.93965737,0
ORBS.V,D,20220528,000000,0.0464272,0.0475053,0.0441844,0.0469455,766796.60408819,0
ORBS.V,D,20220529,000000,0.046964,0.0495664,0.0436823,0.0479396,766573.47831545,0
ORBS.V,D,20220530,000000,0.0482312,0.0516338,0.0477379,0.0515787,799102.67159981,0
ORBS.V,D,20220531,000000,0.0508744,0.0518485,0.0477618,0.0497702,731636.32952027,0
ORBS.V,D,20220601,000000,0.0498126,0.0566612,0.0486362,0.048866,1803060.5533106,0
ORBS.V,D,20220602,000000,0.0490658,0.0506544,0.0474872,0.0503047,594041.2101316,0
ORBS.V,D,20220603,000000,0.0501348,0.0524885,0.0468934,0.0500364,702443.70525167,0
ORBS.V,D,20220604,000000,0.0500364,0.0587206,0.0462365,0.0516907,1286565.9366719,0
ORBS.V,D,20220605,000000,0.0525705,0.0528424,0.0390027,0.0516914,675772.51319205,0
ORBS.V,D,20220606,000000,0.0513916,0.0536554,0.0472203,0.0516166,529385.83193059,0
ORBS.V,D,20220607,000000,0.0516066,0.0556582,0.049186,0.0531069,1206507.8020132,0
ORBS.V,D,20220608,000000,0.0533873,0.0539484,0.0412232,0.0529655,3574542.144111,0
ORBS.V,D,20220609,000000,0.0526757,0.0539479,0.0526552,0.0532552,4032566.1326581,0
ORBS.V,D,20220610,000000,0.0532542,0.0532568,0.0497827,0.0499365,10297201.98667,0
ORBS.V,D,20220611,000000,0.050404,0.0505459,0.047151,0.0472565,641445.32696219,0
ORBS.V,D,20220612,000000,0.0474059,0.0483914,0.0438776,0.0450345,866644.29949387,0
ORBS.V,D,20220613,000000,0.043836,0.043836,0.0371575,0.0396157,4463550.6865283,0
ORBS.V,D,20220614,000000,0.0393648,0.0402336,0.0347678,0.0384838,59424511.106966,0
ORBS.V,D,20220615,000000,0.0384838,0.039825,0.0358389,0.039825,345908777.15103,0
ORBS.V,D,20220616,000000,0.0414144,0.042075,0.039175,0.0394846,10053085.584609,0
ORBS.V,D,20220617,000000,0.0391778,0.0409096,0.0379472,0.040282,18755435.981335,0
ORBS.V,D,20220618,000000,0.0402117,0.0418168,0.0363496,0.0372891,23548516.949679,0
ORBS.V,D,20220619,000000,0.0372884,0.041275,0.0367248,0.041275,55484807.081981,0
ORBS.V,D,20220620,000000,0.041275,0.04575,0.03785,0.040175,24768621.669283,0
ORBS.V,D,20220621,000000,0.040075,0.0455,0.03685,0.044925,2001436.2942658,0
ORBS.V,D,20220622,000000,0.0433566,0.0435264,0.0408491,0.0415,41824690.054948,0
ORBS.V,D,20220624,000000,0.0437062,0.0438861,0.0418194,0.0429265,2685476.0520801,0
ORBS.V,D,20220625,000000,0.042987,0.0447524,0.0420422,0.0439892,4072980.5799208,0
ORBS.V,D,20220626,000000,0.0440105,0.044416,0.0429342,0.0431033,2666060.1369873,0
ORBS.V,D,20220627,000000,0.0431645,0.0444127,0.0419648,0.0436807,316696.93897798,0
ORBS.V,D,20220628,000000,0.0437701,0.0457383,0.042301,0.0428073,879630.95487342,0
ORBS.V,D,20220629,000000,0.0429562,0.0443771,0.0403339,0.0419592,4063018.325721,0
ORBS.V,D,20220630,000000,0.0422788,0.0425788,0.0371183,0.038324,18671674.205059,0
ORBS.V,D,20220701,000000,0.03865,0.045325,0.038625,0.039675,168992143.62752,0
ORBS.V,D,20220705,000000,0.0407052,0.0426031,0.039966,0.0415101,729288.98666051,0
ORBS.V,D,20220706,000000,0.0413644,0.041804,0.0403056,0.040825,864870.63354578,0
ORBS.V,D,20220707,000000,0.040845,0.0429527,0.0407651,0.0425644,615774.31476778,0
ORBS.V,D,20220708,000000,0.0425944,0.0448596,0.0410753,0.0428143,604884.41804031,0
ORBS.V,D,20220709,000000,0.0427144,0.0449685,0.0413052,0.0424145,1205864.9293033,0
ORBS.V,D,20220710,000000,0.0424003,0.0442334,0.0406556,0.0426344,826393.66141994,0
ORBS.V,D,20220711,000000,0.0425045,0.0426944,0.0397921,0.0402837,1066003.3316269,0
ORBS.V,D,20220712,000000,0.0402618,0.0448851,0.0382717,0.0394705,2261192.2495276,0
ORBS.V,D,20220713,000000,0.0394217,0.0417482,0.0375487,0.039964,1054973.526955,0
ORBS.V,D,20220714,000000,0.039924,0.0406734,0.0379896,0.0400859,949088.70484437,0
ORBS.V,D,20220715,000000,0.0402259,0.0425045,0.0395762,0.0414176,661574.59693311,0
ORBS.V,D,20220716,000000,0.0414776,0.0417475,0.0395581,0.0414817,888758.08832849,0
ORBS.V,D,20220717,000000,0.0415117,0.0424298,0.0407123,0.0411089,756485.63055481,0
ORBS.V,D,20220718,000000,0.0413188,0.042967,0.0407133,0.0420803,712785.88573127,0
ORBS.V,D,20220719,000000,0.0419874,0.0480947,0.0413463,0.0444471,2001648.3175825,0
ORBS.V,D,20220720,000000,0.044037,0.0452818,0.0425364,0.0429721,620071.46372,0
ORBS.V,D,20220721,000000,0.0432322,0.0434556,0.0410488,0.0429033,621695.724804,0
ORBS.V,D,20220722,000000,0.0430003,0.0433821,0.0411541,0.0420793,680227.36899258,0
ORBS.V,D,20220723,000000,0.04199,0.0441809,0.0411045,0.0418784,514376.41603895,0
ORBS.V,D,20220724,000000,0.0419742,0.0434052,0.0416479,0.0422985,965278.78379199,0
ORBS.V,D,20220725,000000,0.0422885,0.0427385,0.0400344,0.0405236,826807.33008561,0
ORBS.V,D,20220726,000000,0.0405336,0.0405441,0.0382015,0.0391659,520935.27383708,0
ORBS.V,D,20220727,000000,0.03912,0.0416838,0.038745,0.0412895,406426.83750213,0
ORBS.V,D,20220728,000000,0.0411099,0.0440048,0.0409012,0.0436087,810911.1267406,0
ORBS.V,D,20220729,000000,0.0437109,0.0446031,0.0421101,0.0429176,871699.6407707,0
ORBS.V,D,20220730,000000,0.0432177,0.0453149,0.0426149,0.0438149,795507.00421152,0
ORBS.V,D,20220731,000000,0.0437162,0.0455114,0.042712,0.0448108,616184.33067433,0
ORBS.V,D,20220801,000000,0.0448103,0.0476109,0.0429172,0.0462139,815827.46931754,0
ORBS.V,D,20220802,000000,0.046714,0.0490186,0.0424102,0.0445076,900296.86854723,0
ORBS.V,D,20220803,000000,0.0444089,0.0449094,0.0422063,0.0437109,724707.34592449,0
ORBS.V,D,20220804,000000,0.0437096,0.0447045,0.0426098,0.0435022,920660.85460609,0
ORBS.V,D,20220805,000000,0.0435013,0.046,0.0432013,0.0448085,543678.57781852,0
ORBS.V,D,20220806,000000,0.0448085,0.0479057,0.0444089,0.0463102,1670676.3658487,0
ORBS.V,D,20220807,000000,0.0462102,0.0468117,0.04541,0.0459087,529383.743418,0
ORBS.V,D,20220808,000000,0.0460087,0.0475095,0.0458018,0.0471066,249405.339587,0
ORBS.V,D,20220809,000000,0.0472057,0.0472142,0.0436074,0.0447089,368251.61723699,0
ORBS.V,D,20220810,000000,0.044909,0.0476076,0.0439123,0.0470136,635787.37030252,0
ORBS.V,D,20220811,000000,0.0470141,0.0499225,0.0465158,0.0479225,708135.19782041,0
ORBS.V,D,20220812,000000,0.0479239,0.0498249,0.047619,0.0492221,636015.32479525,0
ORBS.V,D,20220813,000000,0.0491226,0.0500275,0.0489225,0.0492197,160309.59485311,0
ORBS.V,D,20220814,000000,0.0492192,0.0523146,0.0478129,0.0491157,384841.18315686,0
ORBS.V,D,20220815,000000,0.0490147,0.0495144,0.0473132,0.0480106,259029.24588237,0
ORBS.V,D,20220816,000000,0.0481111,0.0492079,0.0462023,0.0465042,304510.91167578,0
ORBS.V,D,20220817,000000,0.0465042,0.0473066,0.0448996,0.0455032,270665.31745206,0
ORBS.V,D,20220818,000000,0.0455032,0.0464028,0.0448942,0.0451,333617.95824023,0
ORBS.V,D,20220819,000000,0.0452045,0.0452045,0.039704,0.0398,383516.14253032,0
ORBS.V,D,20220820,000000,0.0400012,0.0412062,0.0388,0.0388996,750712.88427254,0
ORBS.V,D,20220821,000000,0.0390988,0.0402012,0.0387957,0.0397988,121887.80981696,0
ORBS.V,D,20220822,000000,0.0399016,0.0401008,0.0382943,0.0392929,419636.25470011,0
ORBS.V,D,20220823,000000,0.0393941,0.0404955,0.0384992,0.0398012,312178.96295004,0
ORBS.V,D,20220824,000000,0.0397996,0.0405024,0.0388988,0.0401036,159344.59756485,0
ORBS.V,D,20220825,000000,0.0400028,0.0417975,0.0391004,0.0401016,184895.56739639,0
ORBS.V,D,20220826,000000,0.0401012,0.0416058,0.0381008,0.0386039,694020.55267424,0
ORBS.V,D,20220827,000000,0.0386039,0.0416017,0.0374007,0.0378011,524420.30286005,0
ORBS.V,D,20220828,000000,0.0380008,0.0387015,0.0376974,0.0383996,217889.26451467,0
ORBS.V,D,20220829,000000,0.0383,0.0388012,0.0367941,0.0382027,493836.31235992,0
ORBS.V,D,20220830,000000,0.0382031,0.0416008,0.0378019,0.038103,386445.96743205,0
ORBS.V,D,20220831,000000,0.0382031,0.0400996,0.0379023,0.0388996,96922.073905868,0
ORBS.V,D,20220901,000000,0.0386996,0.0388008,0.0373981,0.0382977,173687.06695144,0
ORBS.V,D,20220902,000000,0.0382981,0.038807,0.0379019,0.0379057,209547.0210557,0
ORBS.V,D,20220903,000000,0.0380061,0.038405,0.0375,0.0377038,150140.91073779,0
ORBS.V,D,20220904,000000,0.0377038,0.0382038,0.0374,0.0377,119365.92913065,0
ORBS.V,D,20220905,000000,0.0378,0.0379038,0.037,0.0377038,172971.39303036,0
ORBS.V,D,20220906,000000,0.0376038,0.0385038,0.0356,0.0359,401548.82489812,0
ORBS.V,D,20220907,000000,0.0359,0.037103,0.0346986,0.0366022,205057.24328135,0
ORBS.V,D,20220908,000000,0.0366026,0.0385058,0.0363033,0.0377057,145171.32653677,0
ORBS.V,D,20220909,000000,0.0377,0.0393145,0.0376041,0.0389132,205767.03205701,0
ORBS.V,D,20220910,000000,0.0389144,0.0419193,0.0389124,0.0394079,280112.60364101,0
ORBS.V,D,20220911,000000,0.0394083,0.0402129,0.0391133,0.0397099,101033.58874509,0
ORBS.V,D,20220912,000000,0.0396079,0.0408073,0.0394051,0.0398072,368404.48549821,0
ORBS.V,D,20220913,000000,0.0398072,0.0402092,0.0365004,0.0365004,294893.33716169,0
ORBS.V,D,20220914,000000,0.0363007,0.0368033,0.036,0.0362094,1309185.2190621,0
ORBS.V,D,20220915,000000,0.0363091,0.0365102,0.0353933,0.0356964,351994.93369015,0
ORBS.V,D,20220916,000000,0.0356979,0.0357,0.0349969,0.0356,187292.22461389,0
ORBS.V,D,20220917,000000,0.0355964,0.0363036,0.0354964,0.0363,94364.31509828,0
ORBS.V,D,20220918,000000,0.0363036,0.0365036,0.0348965,0.0349,169949.95215501,0
ORBS.V,D,20220919,000000,0.0349,0.0349,0.0329,0.0346069,730372.2325718,0
ORBS.V,D,20220920,000000,0.0347069,0.035007,0.0337067,0.0340034,127996.77319053,0
ORBS.V,D,20220921,000000,0.034,0.0354035,0.0335,0.0336,294240.94128683,0
ORBS.V,D,20220922,000000,0.0336,0.0347,0.0331,0.0344966,160518.68515387,0
ORBS.V,D,20220923,000000,0.0347,0.0353,0.0341,0.0346965,126041.20876901,0
ORBS.V,D,20220924,000000,0.0347972,0.0352042,0.0346972,0.0351039,114266.39149812,0
ORBS.V,D,20220925,000000,0.0350035,0.0350035,0.034201,0.034399,87499.584748153,0
ORBS.V,D,20220926,000000,0.0344,0.0346,0.0332033,0.0337,145822.13869326,0
ORBS.V,D,20220927,000000,0.0344,0.0350035,0.0339,0.0339966,220909.54258492,0
ORBS.V,D,20220928,000000,0.0339966,0.0355,0.0325,0.0347,260590.52265825,0
ORBS.V,D,20220929,000000,0.0347,0.0427957,0.0341,0.0391,2535156.7151441,0
ORBS.V,D,20220930,000000,0.0392,0.0425,0.036069,0.037997,1812652.4512814,0
ORBS.V,D,20221001,000000,0.0380288,0.0383468,0.035143,0.0352625,2455967.3592471,0
ORBS.V,D,20221002,000000,0.035245,0.035997,0.033497,0.034832,2696338.9661608,0
ORBS.V,D,20221003,000000,0.034834,0.0353885,0.033845,0.034951,2727563.27106,0
ORBS.V,D,20221004,000000,0.0349495,0.0357797,0.0342784,0.0355817,2811797.4101214,0
ORBS.V,D,20221005,000000,0.0355821,0.0356967,0.0345075,0.035217,2664490.704248,0
ORBS.V,D,20221006,000000,0.035229,0.0355736,0.0346678,0.035075,2634654.2662059,0
ORBS.V,D,20221007,000000,0.035073,0.0388066,0.0343995,0.035781,3491181.485213,0
ORBS.V,D,20221008,000000,0.0357856,0.0359897,0.0350536,0.0351011,2379542.0403814,0
ORBS.V,D,20221009,000000,0.0351031,0.0351605,0.0345515,0.0348615,2368231.6423969,0
ORBS.V,D,20221010,000000,0.0348605,0.035002,0.0342424,0.0342756,2542227.021906,0
ORBS.V,D,20221011,000000,0.034279,0.034279,0.0327114,0.032958,2878316.712968,0
ORBS.V,D,20221012,000000,0.032959,0.033585,0.0328427,0.033266,2596746.4114279,0
ORBS.V,D,20221013,000000,0.033266,0.0332733,0.0302742,0.0322136,2909777.3811988,0
ORBS.V,D,20221014,000000,0.0322139,0.0327973,0.0320216,0.032282,2602071.2205177,0
ORBS.V,D,20221015,000000,0.032267,0.0323096,0.0317155,0.0319796,2526489.2536565,0
ORBS.V,D,20221016,000000,0.031973,0.0323943,0.0318506,0.0320096,1986011.1091594,0
ORBS.V,D,20221017,000000,0.0320153,0.0326996,0.031829,0.0326517,2666810.6040333,0
ORBS.V,D,20221018,000000,0.03265,0.0338207,0.0321142,0.0322059,2695950.0568112,0
ORBS.V,D,20221019,000000,0.0322062,0.033448,0.0312072,0.031689,2884275.9886606,0
ORBS.V,D,20221020,000000,0.031687,0.0316929,0.0306899,0.0310578,2996318.5161142,0
ORBS.V,D,20221021,000000,0.0310579,0.0311919,0.0301402,0.0311025,3060399.7307987,0
ORBS.V,D,20221022,000000,0.0311042,0.0311998,0.0305909,0.0311965,2859668.6606733,0
ORBS.V,D,20221023,000000,0.0311955,0.0316853,0.0307682,0.0313604,2876286.908264,0
ORBS.V,D,20221024,000000,0.0313675,0.033874,0.0308639,0.0318746,3537185.5715709,0
ORBS.V,D,20221025,000000,0.0318653,0.0332326,0.0315855,0.0329605,2583696.1142233,0
ORBS.V,D,20221026,000000,0.0329635,0.033466,0.0325004,0.0334517,2921191.6248747,0
ORBS.V,D,20221027,000000,0.0334454,0.0339555,0.0322525,0.032814,3152064.6636678,0
ORBS.V,D,20221028,000000,0.032816,0.0329386,0.0317472,0.0326892,2684243.3285411,0
ORBS.V,D,20221029,000000,0.0326965,0.0334584,0.0326659,0.0334427,2736449.7922657,0
ORBS.V,D,20221030,000000,0.03343,0.0334814,0.0326405,0.0330716,2638381.9289424,0
ORBS.V,D,20221031,000000,0.0330709,0.033472,0.0325645,0.0328964,2529247.8575113,0
ORBS.V,D,20221101,000000,0.032899,0.0332277,0.0327348,0.0329667,2059459.9544603,0
ORBS.V,D,20221102,000000,0.0329584,0.0330844,0.0317457,0.0323107,2929679.7881393,0
ORBS.V,D,20221103,000000,0.0323194,0.0329727,0.0322547,0.0328157,2551483.3785063,0
ORBS.V,D,20221104,000000,0.0328117,0.034465,0.032557,0.0338824,2482702.0959714,0
ORBS.V,D,20221105,000000,0.0338574,0.0343654,0.033808,0.0341197,2545674.565406444,0
ORBS.V,D,20221106,000000,0.0341224,0.034501,0.0334097,0.0337587,3238935.6598457126,0
ORBS.V,D,20221107,000000,0.0337864,0.0339177,0.0324486,0.032946,2611725.902897726,0
ORBS.V,D,20221108,000000,0.0329876,0.0332896,0.0281646,0.0289837,3529555.324048841,0
ORBS.V,D,20221109,000000,0.0289777,0.0307706,0.0228462,0.0246631,5210036.229711865,0
ORBS.V,D,20221110,000000,0.0244287,0.0284089,0.0224981,0.0256601,2673354.578161141,0
ORBS.V,D,20221111,000000,0.0256257,0.0312716,0.0232813,0.0244339,1177527.6256807065,0
ORBS.V,D,20221112,000000,0.0244288,0.0252531,0.0219604,0.0246076,847547.6509418088,0
ORBS.V,D,20221113,000000,0.0245697,0.0253064,0.0200819,0.0211004,2327155.633037596,0
ORBS.V,D,20221114,000000,0.0209706,0.0237677,0.0192901,0.0230297,3626236.648811635,0
ORBS.V,D,20221115,000000,0.0229144,0.0264273,0.0204803,0.0232827,1146709.7601574117,0
ORBS.V,D,20221116,000000,0.0231638,0.023765,0.0213197,0.0229309,840813.391569141,0
ORBS.V,D,20221117,000000,0.0230609,0.0234503,0.0205003,0.0214608,999126.4120127081,0
ORBS.V,D,20221118,000000,0.0214103,0.0235761,0.0206439,0.0220936,944477.0018710699,0
ORBS.V,D,20221119,000000,0.0220027,0.0283549,0.0217645,0.023744,1483236.8044389556,0
ORBS.V,D,20221120,000000,0.0236931,0.0300153,0.0229248,0.0232686,1415295.4932298406,0
ORBS.V,D,20221121,000000,0.022997,0.0241032,0.0217103,0.0229554,1428007.63979846,0
ORBS.V,D,20221122,000000,0.0229344,0.0251146,0.0208648,0.0240666,1859019.0174932252,0
ORBS.V,D,20221123,000000,0.0241755,0.0309618,0.0219239,0.0256228,2117762.065529593,0
ORBS.V,D,20221124,000000,0.0255199,0.0402373,0.0255199,0.0313164,6146929.534453005,0
ORBS.V,D,20221125,000000,0.0313533,0.031374,0.0254824,0.0258095,3551874.7734609274,0
ORBS.V,D,20221126,000000,0.0258063,0.0264836,0.0252666,0.0256329,3200908.798293375,0
ORBS.V,D,20221127,000000,0.0256311,0.0267296,0.0254889,0.0262272,3210086.3547590314,0
ORBS.V,D,20221128,000000,0.0262252,0.0263521,0.0234094,0.0241738,5787338.419330384,0
ORBS.V,D,20221129,000000,0.0241656,0.0251464,0.0241046,0.0247099,6389935.119911878,0
ORBS.V,D,20221130,000000,0.0247588,0.0260281,0.024503,0.0250863,7814823.804411112,0
ORBS.V,D,20221201,000000,0.025124,0.0275452,0.0248072,0.0252053,5798505.355085747,0
ORBS.V,D,20221202,000000,0.0252423,0.0279035,0.0251455,0.0254785,3507329.3566091396,0
ORBS.V,D,20221203,000000,0.0254825,0.0259716,0.0248027,0.0254695,1880277.844638385,0
ORBS.V,D,20221204,000000,0.0254455,0.0266017,0.0244334,0.0251145,1819543.758912198,0
ORBS.V,D,20221205,000000,0.0251335,0.0256571,0.0245049,0.0253978,765676.8931436398,0
ORBS.V,D,20221206,000000,0.0254045,0.025503,0.0249435,0.0251615,705390.5788521419,0
ORBS.V,D,20221207,000000,0.025159,0.0252315,0.0230989,0.024566,846306.2932619305,0
ORBS.V,D,20221208,000000,0.02458,0.0251345,0.0235327,0.0247097,624079.7629847659,0
ORBS.V,D,20221209,000000,0.0247317,0.0256353,0.0242977,0.0254128,771241.3530471341,0
ORBS.V,D,20221210,000000,0.025311,0.0255973,0.0246718,0.0250625,656996.8358425772,0
ORBS.V,D,20221211,000000,0.0252565,0.0257048,0.0251365,0.0252605,826169.8740085046,0
ORBS.V,D,20221212,000000,0.0252731,0.025317,0.023579,0.0244342,1771241.4898112009,0
ORBS.V,D,20221213,000000,0.0244122,0.0255221,0.0234915,0.0246708,2339759.2001493527,0
ORBS.V,D,20221214,000000,0.0246403,0.026341,0.0246351,0.0249737,2864153.380361036,0
ORBS.V,D,20221215,000000,0.025011,0.025025,0.0239588,0.0239728,2296471.3897319986,0
ORBS.V,D,20221216,000000,0.0239654,0.0242134,0.0233503,0.0235054,2228815.992416648,0
ORBS.V,D,20221217,000000,0.0236484,0.0237127,0.0214336,0.0217838,2720234.580413755,0
ORBS.V,D,20221218,000000,0.0217998,0.0219562,0.0217998,0.0219086,2177263.0494199973,0
ORBS.V,D,20221219,000000,0.021909,0.0220495,0.0211058,0.021244,2345858.3314989232,0
ORBS.V,D,20221220,000000,0.0211718,0.0224998,0.0211412,0.0223439,2212237.2145712487,0
ORBS.V,D,20221221,000000,0.0223429,0.023221,0.0223414,0.0228311,2244154.0402335743,0
ORBS.V,D,20221222,000000,0.0228401,0.023714,0.022748,0.0233043,2160077.7758517866,0
ORBS.V,D,20221223,000000,0.023301,0.023396,0.0229165,0.0230325,2171888.774947875,0
ORBS.V,D,20221224,000000,0.0230515,0.0233796,0.0228579,0.0232456,2168399.391147997,0
ORBS.V,D,20221225,000000,0.0232574,0.0234948,0.0228268,0.0228706,2246734.7480778913,0
ORBS.V,D,20221226,000000,0.0228713,0.0229479,0.0223231,0.0224785,2329607.8337053712,0
ORBS.V,D,20221227,000000,0.0224817,0.0227885,0.0221426,0.0221793,2213768.0693192007,0
ORBS.V,D,20221228,000000,0.0221671,0.0231152,0.0215633,0.0217375,2365560.429885813,0
ORBS.V,D,20221229,000000,0.0217375,0.0217623,0.0208085,0.0208488,2577613.00799535,0
ORBS.V,D,20221230,000000,0.0208546,0.0211638,0.01994,0.0204178,2479332.6555329296,0
ORBS.V,D,20221231,000000,0.0204176,0.157917,0.020394,0.0208436,6169537.412154914,0
ORBS.V,D,20230101,000000,0.0208334,0.0211509,0.0201867,0.0208952,2989861.735455323,0
ORBS.V,D,20230102,000000,0.0209012,0.0213377,0.0206125,0.0212154,2594115.5474154525,0
ORBS.V,D,20230103,000000,0.0212212,0.0212368,0.0200154,0.0207369,2645054.919811442,0
ORBS.V,D,20230104,000000,0.0207619,0.0216355,0.0203237,0.0214159,2580995.247936108,0
ORBS.V,D,20230105,000000,0.0214009,0.0218235,0.0210648,0.0218121,2381172.219657526,0
ORBS.V,D,20230106,000000,0.0218184,0.0218281,0.020338,0.0217912,2315196.703694774,0
ORBS.V,D,20230107,000000,0.021794,0.022314,0.021456,0.0217818,2445038.153014998,0
ORBS.V,D,20230108,000000,0.0217985,0.0224576,0.0215153,0.0218054,2189490.8030357896,0
ORBS.V,D,20230109,000000,0.0218024,0.0235111,0.0217859,0.0232432,2500927.364264391,0
ORBS.V,D,20230110,000000,0.023248,0.0639985,0.0224213,0.0234633,3863194.881103965,0
ORBS.V,D,20230111,000000,0.023459,0.0237149,0.0224065,0.0234598,2175426.998826313,0
ORBS.V,D,20230112,000000,0.0234766,0.0242542,0.0231165,0.0240622,2049947.012606922,0
ORBS.V,D,20230113,000000,0.0240614,0.025122,0.0240469,0.0250705,2084881.662987448,0
ORBS.V,D,20230114,000000,0.0250693,0.0263259,0.0250618,0.0254883,2245690.4940599627,0
ORBS.V,D,20230115,000000,0.0255486,0.0276812,0.0255486,0.0266327,2688294.609802542,0
ORBS.V,D,20230116,000000,0.026645,0.0276586,0.0259255,0.0262625,2115562.95056986,0
ORBS.V,D,20230117,000000,0.0262701,0.0299512,0.0261556,0.0277381,2675806.783452956,0
ORBS.V,D,20230118,000000,0.0277641,0.0278823,0.0257202,0.0257247,2004699.368890317,0
ORBS.V,D,20230119,000000,0.0257317,0.0269564,0.0257127,0.0267922,2268005.244637229,0
ORBS.V,D,20230120,000000,0.0267909,0.035881,0.0267812,0.0284738,2559699.8114885045,0
ORBS.V,D,20230121,000000,0.0284781,0.0291347,0.0282637,0.0287748,2090257.4524246352,0
ORBS.V,D,20230122,000000,0.0287695,0.028804,0.0282172,0.0287497,2114105.7503458774,0
ORBS.V,D,20230123,000000,0.0286894,0.0287287,0.0284298,0.0285856,1627448.660763204,0
ORBS.V,D,20230124,000000,0.0285836,0.0425544,0.0282916,0.0288599,2509606.8826935063,0
ORBS.V,D,20230125,000000,0.0288609,0.0308457,0.0276893,0.02913,2508087.6804732736,0
ORBS.V,D,20230126,000000,0.0290829,0.0303919,0.0286241,0.0292166,2114288.9096591836,0
ORBS.V,D,20230127,000000,0.0292353,0.0308326,0.0283162,0.0303429,2062311.9406738041,0
ORBS.V,D,20230128,000000,0.0303423,0.0321317,0.0296471,0.029966,2227014.2337899357,0
ORBS.V,D,20230129,000000,0.029982,0.0308862,0.0297373,0.0304031,1972486.661575152,0
ORBS.V,D,20230130,000000,0.0304402,0.0305419,0.0276534,0.0276779,1873118.0917926119,0
ORBS.V,D,20230131,000000,0.0277839,0.0284531,0.0274498,0.0284016,1977639.9228950022,0
ORBS.V,D,20230201,000000,0.0284083,0.0294208,0.0278298,0.0293358,2311313.6092087436,0
ORBS.V,D,20230202,000000,0.0293265,0.0305454,0.0292368,0.0300024,1792120.7132818047,0
ORBS.V,D,20230203,000000,0.0299792,0.0524522,0.0297008,0.0524522,8691863.09046381,0
ORBS.V,D,20230204,000000,0.0524817,0.0533388,0.0416136,0.0422338,3202862.1137880343,0
ORBS.V,D,20230205,000000,0.0419914,0.0423188,0.0356061,0.0365521,1850998.9835130533,0
ORBS.V,D,20230206,000000,0.0365345,0.0366184,0.0352855,0.0357564,1453802.5505223973,0
ORBS.V,D,20230207,000000,0.0357774,0.0361569,0.034262,0.0361335,1734829.8643204956,0
ORBS.V,D,20230208,000000,0.0361342,0.0366881,0.0356978,0.0356991,1168166.728894801,0
ORBS.V,D,20230209,000000,0.0358221,0.0358366,0.0330123,0.0333873,407433.5332476277,0
ORBS.V,D,20230210,000000,0.0333393,0.035058,0.0329816,0.0347342,557948.4906757664,0
ORBS.V,D,20230211,000000,0.0345321,0.0345942,0.0342558,0.0345091,166826.67813310688,0
ORBS.V,D,20230212,000000,0.0346042,0.0349038,0.0336027,0.033702,253983.69511694252,0
ORBS.V,D,20230213,000000,0.0336034,0.0337064,0.0309803,0.0319966,1431126.639533319,0
ORBS.V,D,20230214,000000,0.0319886,0.0331346,0.0317331,0.0328922,1089600.039552005,0
ORBS.V,D,20230215,000000,0.0328901,0.0349836,0.0325958,0.0349593,1726227.3627439986,0
ORBS.V,D,20230216,000000,0.0349663,0.037483,0.0349089,0.0351449,1706013.1332220214,0
ORBS.V,D,20230217,000000,0.0351536,0.0363146,0.0345331,0.0362051,863248.432111176,0
ORBS.V,D,20230218,000000,0.0362041,0.0368264,0.0361698,0.0365522,283171.6700276192,0
ORBS.V,D,20230219,000000,0.0366059,0.0379061,0.0361072,0.0366084,277238.3830075433,0
ORBS.V,D,20230220,000000,0.0366084,0.037249,0.0354092,0.0372325,1277760.5693497523,0
ORBS.V,D,20230221,000000,0.0372315,0.0372334,0.0353992,0.0357854,1535525.1636096013,0
ORBS.V,D,20230222,000000,0.0357661,0.0363227,0.0343297,0.0350715,1951247.6827332387,0
ORBS.V,D,20230223,000000,0.0350603,0.0361853,0.0347792,0.0353096,2061472.4974365332,0
ORBS.V,D,20230224,000000,0.0353149,0.0369015,0.0352266,0.0360326,1693421.461726681,0
ORBS.V,D,20230225,000000,0.036044,0.0364305,0.0345098,0.0347834,1757088.8242647788,0
ORBS.V,D,20230226,000000,0.0347774,0.0356502,0.0347294,0.0353448,1633805.2630463976,0
ORBS.V,D,20230227,000000,0.0353442,0.0385499,0.0348555,0.0361048,2040074.929979493,0
ORBS.V,D,20230228,000000,0.0360912,0.0366242,0.0348693,0.0349963,1459490.0550226176,0
ORBS.V,D,20230301,000000,0.0349863,0.0353689,0.0347395,0.0352522,1567669.5318877972,0
ORBS.V,D,20230302,000000,0.0352526,0.0353203,0.0335477,0.0339417,657275.652261606,0
ORBS.V,D,20230303,000000,0.0338267,0.0339434,0.0312104,0.0323083,931554.7156453278,0
ORBS.V,D,20230304,000000,0.0323029,0.0328033,0.0317022,0.0321026,188233.56520640757,0
ORBS.V,D,20230305,000000,0.0320026,0.0327036,0.0319013,0.0325036,134626.84454099985,0
ORBS.V,D,20230306,000000,0.0325039,0.0325039,0.0312006,0.0316978,182993.98141727835,0
ORBS.V,D,20230307,000000,0.0318971,0.0322997,0.0307685,0.0308492,1026814.9195801993,0
ORBS.V,D,20230308,000000,0.0308585,0.0311733,0.0296786,0.0302792,1804679.5763687773,0
ORBS.V,D,20230309,000000,0.030327,0.0306339,0.0273285,0.0275265,1870936.4028065368,0
ORBS.V,D,20230310,000000,0.0276538,0.0278798,0.0264687,0.0278479,1866907.7855645206,0
ORBS.V,D,20230311,000000,0.0278408,0.0309431,0.0277596,0.0284414,2198097.7942364197,0
ORBS.V,D,20230312,000000,0.0284477,0.0292101,0.0277115,0.0291893,2064668.2347286732,0
ORBS.V,D,20230313,000000,0.0292278,0.0320813,0.0289938,0.032069,2331255.9601067523,0
ORBS.V,D,20230314,000000,0.0320678,0.0355321,0.0316067,0.0332136,2679938.97368622,0
ORBS.V,D,20230315,000000,0.033163,0.0351196,0.031562,0.0324854,2025228.4845886396,0
ORBS.V,D,20230316,000000,0.0324765,0.034085,0.0310144,0.0322768,1741089.9587730004,0
ORBS.V,D,20230317,000000,0.0322381,0.0342444,0.0321345,0.0333287,1505242.5635486662,0
ORBS.V,D,20230318,000000,0.0333143,0.0341155,0.0331356,0.0336446,1619279.6638347683,0
ORBS.V,D,20230319,000000,0.0336527,0.0336827,0.0322685,0.0333146,1608929.3423275435,0
ORBS.V,D,20230320,000000,0.0332919,0.0336456,0.0324608,0.032641,1673652.1561230833,0
ORBS.V,D,20230321,000000,0.0326511,0.0334443,0.0306878,0.0316426,1714313.2915356236,0
ORBS.V,D,20230322,000000,0.0316356,0.0337699,0.0313865,0.0314138,1692588.1460950165,0
ORBS.V,D,20230323,000000,0.0314098,0.0318732,0.030984,0.0318304,1716989.6125530354,0
ORBS.V,D,20230324,000000,0.0318441,0.0320744,0.0307302,0.0308303,1842085.6332566189,0
ORBS.V,D,20230325,000000,0.0308302,0.0310642,0.0308036,0.030931,1718728.180890998,0
ORBS.V,D,20230326,000000,0.030909,0.0310223,0.0307917,0.0309009,1632078.912357193,0
ORBS.V,D,20230327,000000,0.030898,0.0309029,0.0293459,0.0295472,1966298.2360099456,0
ORBS.V,D,20230328,000000,0.0295402,0.0306991,0.0290383,0.0292521,2356381.510275841,0
ORBS.V,D,20230329,000000,0.0292534,0.0304403,0.0292346,0.0303149,1931491.0114090806,0
ORBS.V,D,20230330,000000,0.0303201,0.0313345,0.0302408,0.0311597,1814692.249160281,0
ORBS.V,D,20230331,000000,0.0311644,0.0314469,0.0310905,0.0313293,1862174.9785143035,0
ORBS.V,D,20230401,000000,0.0313316,0.0331363,0.0313191,0.032566,2071122.680409375,0
ORBS.V,D,20230402,000000,0.032563,0.0327151,0.0317632,0.0317897,1630695.7979409115,0
ORBS.V,D,20230403,000000,0.0317837,0.031799,0.0312117,0.0312335,1719947.0548286662,0
ORBS.V,D,20230404,000000,0.0312312,0.0314727,0.0306968,0.0314447,1669748.2230193135,0
ORBS.V,D,20230405,000000,0.031467,0.0328995,0.0314311,0.0328098,1792210.5253153648,0
ORBS.V,D,20230406,000000,0.0327905,0.0352755,0.0324587,0.0325684,2347205.690491997,0
ORBS.V,D,20230407,000000,0.0325497,0.0325903,0.0322357,0.0322478,1546284.5853863743,0
ORBS.V,D,20230408,000000,0.0322488,0.0353982,0.0322423,0.0336071,3237827.9031656655,0
ORBS.V,D,20230409,000000,0.0335214,0.0336265,0.0317875,0.0320699,2100595.1269087945,0
ORBS.V,D,20230410,000000,0.0320784,0.0324133,0.0319901,0.0322291,1558048.9241535605,0
ORBS.V,D,20230411,000000,0.0322314,0.032464,0.0322314,0.032396,1736390.5442742459,0
ORBS.V,D,20230412,000000,0.0324101,0.0324281,0.0317572,0.0319289,1632127.0861858805,0
ORBS.V,D,20230413,000000,0.0319239,0.032252,0.0315692,0.0320427,1812388.5959345459,0
ORBS.V,D,20230414,000000,0.0320417,0.033035,0.0320347,0.0325573,1498415.2180377278,0
ORBS.V,D,20230415,000000,0.0325557,0.0327695,0.0325125,0.0325399,1800239.274301546,0
ORBS.V,D,20230416,000000,0.0324979,0.032588,0.0323507,0.0324437,1600501.6142111262,0
ORBS.V,D,20230417,000000,0.0324537,0.0325524,0.0322095,0.0322224,1440327.9095939214,0
ORBS.V,D,20230418,000000,0.032236,0.0323106,0.0321955,0.032214,1447049.0388588456,0
ORBS.V,D,20230419,000000,0.0322128,0.0324636,0.0317474,0.0317912,1622152.2131934273,0
ORBS.V,D,20230420,000000,0.0317661,0.0317915,0.0303976,0.030472,1747182.7964557249,0
ORBS.V,D,20230421,000000,0.0304828,0.0308696,0.0302763,0.030278,1844328.0943367383,0
ORBS.V,D,20230422,000000,0.0302817,0.0304338,0.0302804,0.0303227,1576571.809496685,0
ORBS.V,D,20230423,000000,0.0303207,0.033719,0.0303207,0.0313286,2268090.035135128,0
ORBS.V,D,20230424,000000,0.0313246,0.0313273,0.0296158,0.0297006,2322824.837346052,0
ORBS.V,D,20230425,000000,0.0296999,0.030058,0.0290456,0.0299409,1749340.859774427,0
ORBS.V,D,20230426,000000,0.0299639,0.0317742,0.0299366,0.0300696,2085768.227723898,0
ORBS.V,D,20230427,000000,0.0300576,0.030196,0.0297015,0.0297493,1656346.8679126857,0
ORBS.V,D,20230428,000000,0.0297555,0.030754,0.0295466,0.0297662,1741013.3763491078,0
ORBS.V,D,20230429,000000,0.0297729,0.030091,0.0296914,0.0300717,1743071.052581825,0
ORBS.V,D,20230430,000000,0.0300677,0.0301167,0.0292412,0.0295475,2923974.4953391994,0
ORBS.V,D,20230501,000000,0.0295595,0.0295621,0.0290924,0.0291239,1700069.2661834452,0
ORBS.V,D,20230502,000000,0.0291372,0.0291483,0.028005,0.0287375,1897150.3188647747,0
ORBS.V,D,20230503,000000,0.0287325,0.0288285,0.0282245,0.0287047,1828432.0586161653,0
ORBS.V,D,20230504,000000,0.0287328,0.0287768,0.0286655,0.0287356,1638501.3336269993,0
ORBS.V,D,20230505,000000,0.0287436,0.0292596,0.0286117,0.0292506,1961221.444999022,0
ORBS.V,D,20230506,000000,0.0292356,0.0292743,0.0284626,0.0288742,1948236.7629381623,0
ORBS.V,D,20230507,000000,0.0288784,0.0299901,0.0288531,0.0290633,1517530.457829698,0
ORBS.V,D,20230508,000000,0.029057,0.0293646,0.0269311,0.0270015,2733193.9429810755,0
ORBS.V,D,20230509,000000,0.0269972,0.0306367,0.0264904,0.027056,2255869.4645299544,0
ORBS.V,D,20230510,000000,0.0270449,0.0275222,0.0270249,0.0272875,2408578.7235138193,0
ORBS.V,D,20230511,000000,0.0272963,0.0274895,0.0268001,0.0268158,2241717.7780257966,0
ORBS.V,D,20230512,000000,0.0268158,0.0268662,0.0259105,0.0259818,2350043.9129526177,0
ORBS.V,D,20230513,000000,0.0259778,0.0262107,0.025972,0.0261627,1947336.624449577,0
ORBS.V,D,20230514,000000,0.0261717,0.0265519,0.0260756,0.0265259,1868068.6257456038,0
ORBS.V,D,20230515,000000,0.0265283,0.0265506,0.0265079,0.0265416,1921580.9645321022,0
ORBS.V,D,20230516,000000,0.0265356,0.0265426,0.0260756,0.0262551,1714594.7328595775,0
ORBS.V,D,20230517,000000,0.0262545,0.0266313,0.0262005,0.0263121,1842009.8616760045,0
ORBS.V,D,20230518,000000,0.0263101,0.0271932,0.0262989,0.0265236,1799887.1853317302,0
ORBS.V,D,20230519,000000,0.0265266,0.0265763,0.0264947,0.0265227,1799655.432652052,0
ORBS.V,D,20230520,000000,0.0265173,0.0265742,0.0264709,0.0264898,1814572.4901500382,0
ORBS.V,D,20230521,000000,0.0264845,0.0264925,0.0261767,0.0261867,1741554.7941623603,0
ORBS.V,D,20230522,000000,0.0261811,0.0262201,0.0253222,0.0256658,1870474.790333481,0
ORBS.V,D,20230523,000000,0.0256636,0.0258064,0.0256621,0.0258005,1983246.3216484382,0
ORBS.V,D,20230524,000000,0.0257803,0.0258083,0.0247123,0.0247435,1947616.2850770028,0
ORBS.V,D,20230525,000000,0.0247245,0.0247477,0.0246523,0.0247245,2018900.4837619967,0
ORBS.V,D,20230526,000000,0.0247279,0.0247744,0.0246635,0.0247734,1908394.2754568576,0
ORBS.V,D,20230527,000000,0.0247744,0.0247949,0.0245996,0.0246786,1819833.142020999,0
ORBS.V,D,20230528,000000,0.0246739,0.025039,0.0246634,0.0250218,1878346.633860084,0
ORBS.V,D,20230529,000000,0.0250265,0.0252636,0.0250265,0.0251683,1841240.1881372272,0
ORBS.V,D,20230530,000000,0.0251673,0.0261691,0.0247291,0.0247389,2037937.912137671,0
ORBS.V,D,20230531,000000,0.0247386,0.0248292,0.0242165,0.0243029,1992826.6159702328,0
ORBS.V,D,20230601,000000,0.0243026,0.0252231,0.0241803,0.0244011,1892429.1393869459,0
ORBS.V,D,20230602,000000,0.0244038,0.0251641,0.0243829,0.0244944,1788389.806320833,0
ORBS.V,D,20230603,000000,0.0244724,0.0252751,0.0244698,0.0252061,1912437.689908259,0
ORBS.V,D,20230604,000000,0.0252073,0.0252176,0.0249842,0.024993,1750168.5813186872,0
ORBS.V,D,20230605,000000,0.025001,0.025018,0.0235268,0.0235268,1983930.572169794,0
ORBS.V,D,20230606,000000,0.0231609,0.0235139,0.0228281,0.0235006,2236354.7405655226,0
ORBS.V,D,20230607,000000,0.0235056,0.0238303,0.0234169,0.0234922,1773481.188272937,0
ORBS.V,D,20230608,000000,0.0235021,0.0235112,0.0230722,0.0231154,1884479.263692363,0
ORBS.V,D,20230609,000000,0.0231402,0.0233252,0.0230171,0.0233113,1974895.2729333756,0
ORBS.V,D,20230610,000000,0.023311,0.0233358,0.0202405,0.0204048,2243597.0931275687,0
ORBS.V,D,20230611,000000,0.0204038,0.0217169,0.0203912,0.0212765,2477191.82709226,0
ORBS.V,D,20230612,000000,0.0212785,0.0214591,0.0208074,0.0208628,2398379.765091838,0
ORBS.V,D,20230613,000000,0.0208548,0.0214001,0.0208454,0.0211652,2155495.1512968508,0
ORBS.V,D,20230614,000000,0.0211642,0.0217938,0.0206497,0.0206673,2572689.508628787,0
ORBS.V,D,20230615,000000,0.0206653,0.0206745,0.0195292,0.0195329,2155534.805514003,0
ORBS.V,D,20230616,000000,0.0201559,0.0205381,0.0200897,0.0205338,2269148.3043272654,0
ORBS.V,D,20230617,000000,0.020524,0.0208406,0.0205178,0.0207873,2067348.9459561582,0
ORBS.V,D,20230618,000000,0.0207913,0.0215156,0.0206676,0.0207172,2207746.733839997,0
ORBS.V,D,20230619,000000,0.0207272,0.021306,0.020482,0.0207876,2295234.2513726857,0
ORBS.V,D,20230620,000000,0.0207813,0.0208952,0.0207333,0.0208913,2274307.344352613,0
ORBS.V,D,20230621,000000,0.0208941,0.0217645,0.0208853,0.0217551,2077102.735756372,0
ORBS.V,D,20230622,000000,0.0217472,0.0233038,0.0217396,0.0225495,2140394.6882373886,0
ORBS.V,D,20230623,000000,0.0225457,0.0235344,0.022534,0.0235226,2249835.264357638,0
ORBS.V,D,20230624,000000,0.0235319,0.0237441,0.0234585,0.0236649,2154068.6102149775,0
ORBS.V,D,20230625,000000,0.0236707,0.0246858,0.0236443,0.0238106,2464888.174619403,0
ORBS.V,D,20230626,000000,0.0237879,0.0239573,0.0233738,0.0234323,2344841.8133335956,0
ORBS.V,D,20230627,000000,0.0234439,0.0242064,0.023375,0.0240133,2039294.927001053,0
ORBS.V,D,20230628,000000,0.0240106,0.0240241,0.0231955,0.0232328,2034167.2608719412,0
ORBS.V,D,20230629,000000,0.0232226,0.0232434,0.0229264,0.0230129,2133051.185326954,0
ORBS.V,D,20230630,000000,0.0230142,0.0237921,0.0228428,0.023432,2027856.1027684528,0
ORBS.V,D,20230701,000000,0.0234308,0.0261825,0.023422,0.0242308,2330961.606000564,0
ORBS.V,D,20230702,000000,0.0242298,0.024308,0.0237776,0.0238781,2089504.6450692913,0
ORBS.V,D,20230703,000000,0.0238744,0.024297,0.0233779,0.0238744,2049645.660049999,0
ORBS.V,D,20230704,000000,0.0238679,0.0246749,0.0238528,0.0243083,2103697.703097533,0
ORBS.V,D,20230705,000000,0.0243109,0.0257269,0.0242921,0.0244439,2240811.1096568704,0
ORBS.V,D,20230706,000000,0.0244427,0.0245322,0.0240844,0.0242651,2268274.2140705036,0
ORBS.V,D,20230707,000000,0.0242651,0.0247528,0.02394,0.0240145,1702647.7958310083,0
ORBS.V,D,20230708,000000,0.0240154,0.0240164,0.0236784,0.0239782,52474.335588678616,0
ORBS.V,D,20230709,000000,0.0235518,0.0241249,0.0235461,0.0241078,72657.1093083623,0
ORBS.V,D,20230710,000000,0.0240726,0.0241136,0.0236695,0.0239369,1576713.528343233,0
ORBS.V,D,20230711,000000,0.0239423,0.0254258,0.0239251,0.0253385,1979605.4231269972,0
ORBS.V,D,20230712,000000,0.025342,0.0258025,0.0253245,0.025569,1980650.1372042499,0
ORBS.V,D,20230713,000000,0.0255652,0.0262932,0.0252645,0.0261955,1819390.178458297,0
ORBS.V,D,20230714,000000,0.0261985,0.0270036,0.0261952,0.0262653,1747020.798160051,0
ORBS.V,D,20230715,000000,0.0262859,0.0282979,0.0262651,0.0277283,1578131.0139509477,0
ORBS.V,D,20230716,000000,0.027731,0.027738,0.0271973,0.0272035,1117584.631676114,0
ORBS.V,D,20230717,000000,0.0272095,0.0272181,0.0262252,0.0262905,1402492.5264170007,0
ORBS.V,D,20230718,000000,0.0262937,0.026438,0.0253923,0.0254056,1414545.8777269972,0
ORBS.V,D,20230719,000000,0.0254231,0.025881,0.0254006,0.0258637,1568583.7645120092,0
ORBS.V,D,20230720,000000,0.025885,0.0262004,0.025569,0.0260231,1908500.0917590014,0
ORBS.V,D,20230721,000000,0.0260289,0.026108,0.0259433,0.0260923,1523831.4067921976,0
ORBS.V,D,20230722,000000,0.0261093,0.0262688,0.0261093,0.0261886,1511233.0719800002,0
ORBS.V,D,20230723,000000,0.0261959,0.0452025,0.0261801,0.0269042,16075827.521726502,0
ORBS.V,D,20230724,000000,0.0268955,0.0274655,0.0252579,0.0254922,8318424.558213101,0
ORBS.V,D,20230725,000000,0.0254949,0.0256729,0.0250192,0.0256312,2708031.6851415,0
ORBS.V,D,20230726,000000,0.0255662,0.0263372,0.0255337,0.026022,2140826.4533742475,0
ORBS.V,D,20230727,000000,0.0260278,0.0260994,0.0259528,0.026012,1424924.3279299953,0
ORBS.V,D,20230728,000000,0.0260257,0.0268182,0.025893,0.0267385,1620902.7735306579,0
ORBS.V,D,20230729,000000,0.0267422,0.0279377,0.0267302,0.0278797,1483521.7280436612,0
ORBS.V,D,20230730,000000,0.027879,0.0279106,0.0269688,0.0269816,1799983.981301,0
ORBS.V,D,20230731,000000,0.0269828,0.0270701,0.0268205,0.0268857,1530030.1940030013,0
ORBS.V,D,20230801,000000,0.0268874,0.0269073,0.0264695,0.0264865,1458349.1985421511,0
ORBS.V,D,20230802,000000,0.0264845,0.0301285,0.0264337,0.0274511,7256436.499652286,0
ORBS.V,D,20230803,000000,0.0274583,0.0293192,0.027447,0.0279412,4513008.502906858,0
ORBS.V,D,20230804,000000,0.0279533,0.0279602,0.0264947,0.0266377,1486950.1902399992,0
ORBS.V,D,20230805,000000,0.0266377,0.0266537,0.0264078,0.0265258,1681504.5013490005,0
ORBS.V,D,20230806,000000,0.02651,0.0282655,0.0264589,0.0265079,1294589.8967603717,0
ORBS.V,D,20230807,000000,0.026487,0.0271424,0.0257244,0.0264574,1514641.9257773287,0
ORBS.V,D,20230808,000000,0.026444,0.0266754,0.0256449,0.0258991,2002366.464641244,0
ORBS.V,D,20230809,000000,0.0259033,0.0261139,0.0255021,0.0257663,1514846.4386664373,0
ORBS.V,D,20230810,000000,0.0257596,0.0257823,0.0253023,0.0256548,1575361.7438269998,0
ORBS.V,D,20230811,000000,0.0256585,0.0256695,0.0250769,0.0255479,1548351.211866028,0
ORBS.V,D,20230812,000000,0.0255509,0.0256864,0.0254994,0.0256286,1574430.939650997,0
ORBS.V,D,20230813,000000,0.0256266,0.0256394,0.0252656,0.0254761,1575525.796425133,0
ORBS.V,D,20230814,000000,0.0254731,0.0255124,0.0252527,0.0254697,1389787.098863999,0
ORBS.V,D,20230815,000000,0.0254619,0.0254775,0.0247105,0.0247657,1587768.767816998,0
ORBS.V,D,20230816,000000,0.0247597,0.024769,0.0228156,0.0228306,1977276.772217063,0
ORBS.V,D,20230817,000000,0.0228213,0.0246122,0.021502,0.021502,2670520.8230353696,0
ORBS.V,D,20230818,000000,0.0214977,0.0214977,0.0203742,0.0209935,2763724.4054166945,0
ORBS.V,D,20230819,000000,0.0209954,0.0212864,0.0209886,0.0212473,2063491.5235143993,0
ORBS.V,D,20230820,000000,0.0212468,0.0215986,0.021243,0.0215589,2093034.97015,0
ORBS.V,D,20230821,000000,0.0215487,0.0216411,0.0210256,0.0211708,2035954.654955487,0
ORBS.V,D,20230822,000000,0.0211618,0.021256,0.0209085,0.0209109,1690073.372524028,0
ORBS.V,D,20230823,000000,0.0209079,0.0211929,0.0209026,0.0211818,1712272.7407712124,0
ORBS.V,D,20230824,000000,0.0211818,0.021296,0.0211098,0.0211722,1718228.5011292757,0
ORBS.V,D,20230825,000000,0.0211697,0.0222211,0.0211674,0.0216918,1767297.972283224,0
ORBS.V,D,20230826,000000,0.0216957,0.0222202,0.0216656,0.0220891,1486044.149118002,0
ORBS.V,D,20230827,000000,0.0220769,0.0220929,0.0215875,0.0216978,1431703.151081,0
ORBS.V,D,20230828,000000,0.0216826,0.0218315,0.0206795,0.0209883,1014980.1805589985,0
ORBS.V,D,20230829,000000,0.0209813,0.0218139,0.0205732,0.0214501,1114563.3481319998,0
ORBS.V,D,20230830,000000,0.0214506,0.0215691,0.0213562,0.0215402,1577473.8286720002,0
ORBS.V,D,20230831,000000,0.02154,0.0215783,0.0207285,0.0207285,1559234.6186617096,0
ORBS.V,D,20230901,000000,0.0207263,0.0208469,0.0205372,0.0205503,1272873.20220688,0
ORBS.V,D,20230902,000000,0.0205545,0.0205772,0.0203659,0.0205589,1509759.5568920001,0
ORBS.V,D,20230903,000000,0.0205507,0.0206955,0.0205507,0.0206953,1325997.576794296,0
ORBS.V,D,20230904,000000,0.0206911,0.0206915,0.0204324,0.0204903,939706.8845579998,0
ORBS.V,D,20230905,000000,0.0205009,0.0206849,0.0204838,0.0206832,1113501.3361082023,0
ORBS.V,D,20230906,000000,0.0206849,0.0207449,0.0205374,0.0205557,1100625.081521619,0
ORBS.V,D,20230907,000000,0.0205527,0.0207434,0.0205288,0.0206695,1172152.678242182,0
ORBS.V,D,20230908,000000,0.020667,0.0211215,0.020667,0.0208041,1284784.7163949283,0
ORBS.V,D,20230909,000000,0.0208041,0.0244129,0.0204682,0.0205596,839102.0829463,0
ORBS.V,D,20230910,000000,0.0205506,0.028993,0.0196957,0.0205322,9469072.791423546,0
ORBS.V,D,20230911,000000,0.0204924,0.0205332,0.0197225,0.0199738,1453844.8907005568,0
ORBS.V,D,20230912,000000,0.0199474,0.0206986,0.0198197,0.0204998,2406732.0917467196,0
ORBS.V,D,20230913,000000,0.0204882,0.0206517,0.0203673,0.0206281,1241359.1518327065,0
ORBS.V,D,20230914,000000,0.0206835,0.0214985,0.0206419,0.0208269,1034926.4848599995,0
ORBS.V,D,20230915,000000,0.0208203,0.0212479,0.0208203,0.0211886,898387.9671415145,0
ORBS.V,D,20230916,000000,0.0211832,0.0221713,0.0211802,0.0216369,1018224.5064240629,0
ORBS.V,D,20230917,000000,0.0216439,0.0218328,0.0213551,0.0214401,698317.6027653554,0
ORBS.V,D,20230918,000000,0.0214461,0.0221023,0.0211763,0.0217059,1634426.1896914279,0
ORBS.V,D,20230919,000000,0.0217043,0.0228681,0.0216949,0.0219951,2277040.8983920026,0
ORBS.V,D,20230920,000000,0.0219959,0.0228281,0.0219149,0.0227354,2095843.8756712335,0
ORBS.V,D,20230921,000000,0.0227299,0.0229847,0.0221061,0.0223781,2500820.407327997,0
ORBS.V,D,20230922,000000,0.0223693,0.0230945,0.0222197,0.0228146,1896573.3583,0
ORBS.V,D,20230923,000000,0.0228114,0.0231323,0.022716,0.0229614,1378205.3083361767,0
ORBS.V,D,20230924,000000,0.0229556,0.0230371,0.0225545,0.0225721,965187.9054670003,0
ORBS.V,D,20230925,000000,0.0225819,0.0225838,0.021977,0.0222837,1696351.9864089973,0
ORBS.V,D,20230926,000000,0.0222829,0.0224365,0.0220455,0.0220595,1405054.6324659996,0
ORBS.V,D,20230927,000000,0.0220625,0.0230049,0.0219098,0.0219218,1748155.032782275,0
ORBS.V,D,20230928,000000,0.0219168,0.0222674,0.0218947,0.0222666,1106981.8148700001,0
ORBS.V,D,20230929,000000,0.022311,0.0236286,0.022309,0.0230275,316496.45704929385,0
ORBS.V,D,20230930,000000,0.0230268,0.0232779,0.0229093,0.0230656,274662.6346729999,0
ORBS.V,D,20231001,000000,0.0231596,0.023709,0.0230602,0.0234656,492430.65106876835,0
ORBS.V,D,20231002,000000,0.0233736,0.0243228,0.0230386,0.0231357,2957312.8747505564,0
ORBS.V,D,20231003,000000,0.0231429,0.0231929,0.0229478,0.0230318,3191081.8316546218,0
ORBS.V,D,20231004,000000,0.0230198,0.0230351,0.022303,0.0224404,2609784.6177892294,0
ORBS.V,D,20231005,000000,0.0224371,0.0225211,0.022325,0.0225163,2300406.500600621,0
ORBS.V,D,20231006,000000,0.0225211,0.0226859,0.0223152,0.0225773,2521075.9572712993,0
ORBS.V,D,20231007,000000,0.0225803,0.0235734,0.0225077,0.0233623,1924033.5603918883,0
ORBS.V,D,20231008,000000,0.0233595,0.0356246,0.023352,0.0290465,17732730.08318822,0
ORBS.V,D,20231009,000000,0.0291066,0.0310768,0.0258367,0.0262552,11394906.405777419,0
ORBS.V,D,20231010,000000,0.0262155,0.0270554,0.0247449,0.0253628,8076053.23458573,0
ORBS.V,D,20231011,000000,0.0253725,0.0263111,0.0243236,0.024893,5296355.408606906,0
ORBS.V,D,20231012,000000,0.024984,0.0268954,0.0247998,0.0252607,5661122.425458425,0
ORBS.V,D,20231013,000000,0.0252724,0.0330035,0.0249885,0.0313234,12849372.767272983,0
ORBS.V,D,20231014,000000,0.0313431,0.0404672,0.029125,0.0375977,31858781.925952867,0
ORBS.V,D,20231015,000000,0.0374578,0.050617,0.035,0.0381215,49453111.582598865,0
ORBS.V,D,20231016,000000,0.0379415,0.0421029,0.0343776,0.036595,29375282.18981878,0
ORBS.V,D,20231017,000000,0.0366554,0.0661824,0.0361523,0.0620029,183976829.40537688,0
ORBS.V,D,20231018,000000,0.062153,0.0810116,0.0353267,0.0399284,410611617.991766,0
ORBS.V,D,20231019,000000,0.0400084,0.0491418,0.0362472,0.0453381,168640373.5062382,0
ORBS.V,D,20231020,000000,0.0452681,0.046198,0.0406959,0.0433482,63441215.0231665,0
ORBS.V,D,20231021,000000,0.0433178,0.0463244,0.0408296,0.0440516,47740731.116154455,0
ORBS.V,D,20231022,000000,0.0441016,0.0513367,0.0435674,0.0479558,31229159.154022325,0
ORBS.V,D,20231023,000000,0.0479763,0.0497359,0.0444107,0.0465637,20467050.243504647,0
ORBS.V,D,20231024,000000,0.0465342,0.0486246,0.0407085,0.0422549,46197712.61746667,0
ORBS.V,D,20231025,000000,0.0422245,0.0436217,0.0380003,0.0388493,28481867.19725809,0
ORBS.V,D,20231026,000000,0.0388489,0.0430095,0.0374764,0.0398104,37423476.372804984,0
ORBS.V,D,20231027,000000,0.0398104,0.0406957,0.0383131,0.0395387,16660383.382425193,0
ORBS.V,D,20231028,000000,0.0395691,0.0408661,0.0392986,0.0405665,7992548.9657029705,0
ORBS.V,D,20231029,000000,0.0405369,0.0410378,0.0393979,0.0407743,4876697.203130178,0
ORBS.V,D,20231030,000000,0.0408139,0.0480553,0.0406022,0.0475857,63912044.28179793,0
ORBS.V,D,20231031,000000,0.0476857,0.0508603,0.041562,0.0445487,89991572.56743024,0
ORBS.V,D,20231101,000000,0.0445082,0.0449875,0.0404797,0.0425036,21822250.53094043,0
ORBS.V,D,20231102,000000,0.0425436,0.0434465,0.039291,0.0406649,14888035.887111243,0
ORBS.V,D,20231103,000000,0.0406989,0.0408625,0.0382227,0.0401517,11794350.724569669,0
ORBS.V,D,20231104,000000,0.0401727,0.0453827,0.0401727,0.0441756,28161623.521371584,0
ORBS.V,D,20231105,000000,0.0442456,0.0442456,0.0402138,0.0411929,16000287.695319032,0
ORBS.V,D,20231106,000000,0.041243,0.0413177,0.039731,0.0411415,10927564.242741615,0
ORBS.V,D,20231107,000000,0.0412201,0.0448879,0.0411703,0.0435196,29680408.647892505,0
ORBS.V,D,20231108,000000,0.0435596,0.0469807,0.0433873,0.0458201,25819954.434676893,0
ORBS.V,D,20231109,000000,0.0458101,0.0462366,0.0386512,0.0434483,20692950.371245794,0
ORBS.V,D,20231110,000000,0.0434282,0.0455632,0.0423272,0.0454636,11654728.224677358,0
ORBS.V,D,20231111,000000,0.0454932,0.049159,0.0440956,0.047992,16054650.421625467,0
ORBS.V,D,20231112,000000,0.0480025,0.0480415,0.0444578,0.0472989,9461323.850757442,0
ORBS.V,D,20231113,000000,0.0473469,0.0474495,0.0438171,0.04448,8977669.356415441,0
ORBS.V,D,20231114,000000,0.0444229,0.0523152,0.0429373,0.0456359,58346727.37658865,0
ORBS.V,D,20231115,000000,0.0457264,0.0506316,0.0456982,0.0501961,34175165.84078844,0
ORBS.V,D,20231116,000000,0.0502946,0.0547737,0.0472338,0.0496255,39145139.7273302,0
ORBS.V,D,20231117,000000,0.0495755,0.0520657,0.0453273,0.0482064,29675588.99286143,0
ORBS.V,D,20231118,000000,0.0481864,0.048619,0.0418184,0.0454923,27155441.949899614,0
ORBS.V,D,20231119,000000,0.0454323,0.0462527,0.0438141,0.0458902,8905655.9325142,0
ORBS.V,D,20231120,000000,0.0458902,0.0464272,0.0446704,0.0454613,6334348.281997801,0
ORBS.V,D,20231121,000000,0.0454513,0.0459521,0.0397831,0.0401156,13732378.263668533,0
ORBS.V,D,20231122,000000,0.0401052,0.0429925,0.0396107,0.042755,7474638.5777850095,0
ORBS.V,D,20231123,000000,0.0427032,0.0434265,0.0409606,0.043076,17133306.639311787,0
ORBS.V,D,20231124,000000,0.043076,0.0468864,0.0425851,0.0458071,16426836.979331309,0
ORBS.V,D,20231125,000000,0.0457566,0.0474675,0.0445267,0.0452067,11189966.030208986,0
ORBS.V,D,20231126,000000,0.0451967,0.0463636,0.0428771,0.0451371,9178521.549314084,0
ORBS.V,D,20231127,000000,0.0451471,0.0451471,0.0415183,0.0426209,9628050.27811742,0
ORBS.V,D,20231128,000000,0.0425904,0.0436353,0.0413737,0.0432451,8922274.24224574,0
ORBS.V,D,20231129,000000,0.0432651,0.0439198,0.0423857,0.0431456,6512377.134308,0
ORBS.V,D,20231130,000000,0.0430856,0.0432273,0.0421746,0.0425477,5001850.155731168,0
ORBS.V,D,20231201,000000,0.0424576,0.0438358,0.0422685,0.043723,6446833.348497689,0
ORBS.V,D,20231202,000000,0.043711,0.0444432,0.0436543,0.044432,5826372.069251987,0
ORBS.V,D,20231203,000000,0.044434,0.0449115,0.0428954,0.0441154,8270332.509627997,0
ORBS.V,D,20231204,000000,0.0440859,0.0464416,0.0411481,0.0451923,25372897.81484527,0
ORBS.V,D,20231205,000000,0.0453036,0.0489015,0.0451436,0.0463056,33674116.17024536,0
ORBS.V,D,20231206,000000,0.0464451,0.0498415,0.0437344,0.045175,20624318.28674795,0
ORBS.V,D,20231207,000000,0.0452118,0.0458909,0.0427456,0.0449257,13376699.553174969,0
ORBS.V,D,20231208,000000,0.0449362,0.0459933,0.0443211,0.0457046,7266318.582041675,0
ORBS.V,D,20231209,000000,0.0456951,0.0467536,0.0448552,0.0454818,8546370.788248988,0
ORBS.V,D,20231210,000000,0.0454427,0.0457246,0.0434282,0.0452714,9326057.91221698,0
ORBS.V,D,20231211,000000,0.0453123,0.0455914,0.0350028,0.0414593,23969273.363106024,0
ORBS.V,D,20231212,000000,0.0414009,0.0421769,0.0402298,0.0411619,11060813.841941612,0
ORBS.V,D,20231213,000000,0.0411519,0.0428191,0.039024,0.0423097,10612224.703636188,0
ORBS.V,D,20231214,000000,0.0423876,0.0430156,0.0411392,0.0429069,4028560.631198872,0
ORBS.V,D,20231215,000000,0.0429289,0.0431586,0.0411565,0.0414807,6126698.018800005,0
ORBS.V,D,20231216,000000,0.0413435,0.041929,0.04035,0.0413049,4672306.815288009,0
ORBS.V,D,20231217,000000,0.0413489,0.0416369,0.0405075,0.0408848,4298940.590912219,0
ORBS.V,D,20231218,000000,0.0407901,0.0411264,0.0365165,0.0390787,13406566.801180976,0
ORBS.V,D,20231219,000000,0.0391286,0.0411207,0.0388152,0.0406792,7312959.674908774,0
ORBS.V,D,20231220,000000,0.0407266,0.0417315,0.0395216,0.0409056,5057240.473108878,0
ORBS.V,D,20231221,000000,0.0409212,0.0412721,0.0402412,0.0410974,6821438.231806342,0
ORBS.V,D,20231222,000000,0.0411478,0.0428686,0.0407361,0.0423034,7308714.146979795,0
ORBS.V,D,20231223,000000,0.0423704,0.0426806,0.0411118,0.0417625,8739006.900581,0
ORBS.V,D,20231224,000000,0.0417765,0.0419388,0.0399021,0.0402485,5007719.2790055415,0
ORBS.V,D,20231225,000000,0.0402718,0.041853,0.0399888,0.0416037,7670326.077236011,0
ORBS.V,D,20231226,000000,0.0415987,0.04169,0.0372318,0.0404651,7945042.37821078,0
ORBS.V,D,20231227,000000,0.040266,0.0416008,0.0392688,0.0410959,5697453.739357016,0
ORBS.V,D,20231228,000000,0.0412124,0.0418259,0.0394836,0.0405098,7252884.380682699,0
ORBS.V,D,20231229,000000,0.040467,0.0407338,0.0387585,0.0392679,7227841.611134655,0
ORBS.V,D,20231230,000000,0.0392879,0.0404,0.0388696,0.0393188,4442244.273397851,0
ORBS.V,D,20231231,000000,0.0393412,0.0406909,0.0384235,0.0391202,5409173.7512951,0
ORBS.V,D,20240101,000000,0.0391098,0.03988,0.0383473,0.0396775,8813793.973236699,0
ORBS.V,D,20240102,000000,0.0397391,0.0408114,0.0392698,0.0397447,6754513.9401187515,0
ORBS.V,D,20240103,000000,0.0397737,0.0415123,0.0271831,0.0366436,20990527.211041715,0
ORBS.V,D,20240104,000000,0.0365843,0.0371467,0.0352642,0.0363432,11549063.068564305,0
ORBS.V,D,20240105,000000,0.0363965,0.0365208,0.0340547,0.0350327,7723721.22975447,0
ORBS.V,D,20240106,000000,0.0350603,0.0384678,0.0343833,0.0364829,19586446.774147667,0
ORBS.V,D,20240107,000000,0.0364719,0.0370045,0.0338827,0.0338827,8034793.099398586,0
ORBS.V,D,20240108,000000,0.0339817,0.034845,0.0312188,0.034845,7492808.232082295,0
ORBS.V,D,20240109,000000,0.034845,0.0349157,0.0323878,0.0332743,8244190.70158337,0
ORBS.V,D,20240110,000000,0.0332833,0.0356869,0.0319426,0.0356085,6452246.738795555,0
ORBS.V,D,20240111,000000,0.0356343,0.0407148,0.0351635,0.0374962,11121135.414224092,0
ORBS.V,D,20240112,000000,0.0374559,0.0390317,0.0348089,0.0356011,10459071.197008632,0
ORBS.V,D,20240113,000000,0.0356213,0.0364978,0.0350392,0.0363793,4144584.70142263,0
ORBS.V,D,20240114,000000,0.0363149,0.0378168,0.036077,0.0365564,11710496.330422712,0
ORBS.V,D,20240115,000000,0.0364301,0.036576,0.0357004,0.0360258,6294337.077084416,0
ORBS.V,D,20240116,000000,0.0361034,0.0373446,0.0357526,0.0372954,4495286.490595707,0
ORBS.V,D,20240117,000000,0.037292,0.0375209,0.0361128,0.0365045,3866747.5019820025,0
ORBS.V,D,20240118,000000,0.0364791,0.0374279,0.0342886,0.0350705,5734934.294422465,0
ORBS.V,D,20240119,000000,0.035001,0.0359457,0.0338856,0.0358695,11788413.847021066,0
ORBS.V,D,20240120,000000,0.0358049,0.0359407,0.0347976,0.035316,4213118.816341281,0
ORBS.V,D,20240121,000000,0.035359,0.0361802,0.0352287,0.0353081,5330739.310126001,0
ORBS.V,D,20240122,000000,0.0353627,0.0353627,0.0327999,0.0331135,5458525.378477461,0
ORBS.V,D,20240123,000000,0.0332504,0.0347116,0.0309746,0.0325623,11457949.308082286,0
ORBS.V,D,20240124,000000,0.0326113,0.0345131,0.0325236,0.0342838,9161359.07266871,0
ORBS.V,D,20240125,000000,0.0343495,0.0372499,0.034068,0.03642,14943101.099326083,0
ORBS.V,D,20240126,000000,0.0364303,0.0372803,0.0352017,0.0368619,6676537.256182799,0
ORBS.V,D,20240127,000000,0.0369176,0.0369642,0.0356349,0.036574,4788806.798122122,0
ORBS.V,D,20240128,000000,0.036516,0.0366434,0.0351784,0.0353643,2705392.4055597777,0
ORBS.V,D,20240129,000000,0.0353867,0.0357364,0.0345783,0.0357364,3521014.7649754016,0
ORBS.V,D,20240130,000000,0.0357604,0.0363172,0.0353886,0.0356623,2958345.1251855786,0
ORBS.V,D,20240131,000000,0.0356496,0.0357556,0.0333896,0.0337581,4366083.949538781,0
ORBS.V,D,20240201,000000,0.0338224,0.0338572,0.0328877,0.0337682,3132229.2366203316,0
ORBS.V,D,20240202,000000,0.0337792,0.0344075,0.0335818,0.0343988,2272323.7851236816,0
ORBS.V,D,20240203,000000,0.0343654,0.0344653,0.0340383,0.0342224,1715488.5052369994,0
ORBS.V,D,20240204,000000,0.0342703,0.0343086,0.0335156,0.0335436,1476959.218417128,0
ORBS.V,D,20240205,000000,0.0335689,0.0338055,0.0330328,0.0332005,2416896.4451179993,0
ORBS.V,D,20240206,000000,0.0331375,0.0339656,0.0331279,0.0338595,4233967.025664301,0
ORBS.V,D,20240207,000000,0.0337895,0.0346497,0.0333396,0.0345831,2237676.1155123254,0
ORBS.V,D,20240208,000000,0.0345857,0.0357534,0.0343668,0.034915,5070990.884981001,0
ORBS.V,D,20240209,000000,0.034884,0.0358649,0.0348393,0.0357511,3344864.763508108,0
ORBS.V,D,20240210,000000,0.0357745,0.035845,0.0350695,0.035659,1663194.4592470976,0
ORBS.V,D,20240211,000000,0.035663,0.0365324,0.0355601,0.035899,3939695.4405388413,0
ORBS.V,D,20240212,000000,0.0359044,0.0364416,0.03488,0.036273,3369575.9284990923,0
ORBS.V,D,20240213,000000,0.036315,0.0365312,0.0350985,0.0357389,3694229.1501940475,0
ORBS.V,D,20240214,000000,0.0357099,0.0365338,0.0354106,0.0362937,3244192.401240282,0
ORBS.V,D,20240215,000000,0.0363101,0.0371773,0.0359219,0.0366692,5039483.771842164,0
ORBS.V,D,20240216,000000,0.0366318,0.0374514,0.0358808,0.036858,5486308.6979082925,0
ORBS.V,D,20240217,000000,0.0368784,0.0373702,0.0354249,0.0365084,3457712.611375001,0
ORBS.V,D,20240218,000000,0.0365154,0.0377868,0.0363012,0.0375041,3323025.494373681,0
ORBS.V,D,20240219,000000,0.0375556,0.0386762,0.0370156,0.0383292,4514946.671940264,0
ORBS.V,D,20240220,000000,0.0383588,0.0407033,0.0371137,0.0401276,22827973.802524272,0
ORBS.V,D,20240221,000000,0.0402785,0.0405985,0.0366263,0.03794,8939613.574720738,0
ORBS.V,D,20240222,000000,0.03798,0.040498,0.03798,0.0397765,9602666.896335628,0
ORBS.V,D,20240223,000000,0.0397769,0.0409748,0.0383692,0.0397244,13515303.864097014,0
ORBS.V,D,20240224,000000,0.039714,0.0406131,0.0386373,0.03958,7364643.780082756,0
ORBS.V,D,20240225,000000,0.03961,0.0402296,0.0384281,0.0392984,6606873.715670165,0
ORBS.V,D,20240226,000000,0.0393584,0.039737,0.0374826,0.0395653,4392524.122844997,0
ORBS.V,D,20240227,000000,0.0396458,0.0404302,0.0387205,0.040136,5631696.009181201,0
ORBS.V,D,20240228,000000,0.0401857,0.0419207,0.0368053,0.0400776,15427533.211665755,0
ORBS.V,D,20240229,000000,0.0400976,0.0430412,0.0396477,0.0408741,16598649.206255656,0
ORBS.V,D,20240301,000000,0.0409997,0.0447053,0.0409997,0.0446252,9600034.229134213,0
ORBS.V,D,20240302,000000,0.0446335,0.0461641,0.0436362,0.0457925,10970448.334105548,0
ORBS.V,D,20240303,000000,0.0457248,0.0463324,0.0410402,0.0447001,8220375.5598520525,0
ORBS.V,D,20240304,000000,0.04456,0.0478663,0.0435679,0.0464906,12191455.187141867,0
ORBS.V,D,20240305,000000,0.046401,0.0499429,0.0380294,0.0426894,40511192.99149305,0
ORBS.V,D,20240306,000000,0.0424889,0.0461752,0.0421058,0.0460053,16336833.563623765,0
ORBS.V,D,20240307,000000,0.045933,0.0487516,0.0455396,0.0485002,10736680.823996892,0
ORBS.V,D,20240308,000000,0.0484401,0.0492286,0.0455874,0.0478126,7923810.8407721305,0
ORBS.V,D,20240309,000000,0.0477624,0.0497622,0.0472957,0.048783,6477640.289718616,0
ORBS.V,D,20240310,000000,0.0487849,0.0502849,0.0467701,0.047215,8753526.819194185,0
ORBS.V,D,20240311,000000,0.0472503,0.0512833,0.0453985,0.0510402,7259299.932502458,0
ORBS.V,D,20240312,000000,0.0510812,0.051704,0.0475076,0.0509836,10940762.91655201,0
ORBS.V,D,20240313,000000,0.0509236,0.0558279,0.050455,0.0530918,13249971.359487507,0
ORBS.V,D,20240314,000000,0.0530665,0.0533561,0.047205,0.0505623,7096527.182565927,0
ORBS.V,D,20240315,000000,0.0506518,0.0508122,0.04258,0.0462232,6602341.817618546,0
ORBS.V,D,20240316,000000,0.0462146,0.0481755,0.0414143,0.0421538,9446013.748200899,0
ORBS.V,D,20240317,000000,0.042086,0.043676,0.0392464,0.0433866,6533408.996702077,0
ORBS.V,D,20240318,000000,0.0432684,0.0434048,0.0394437,0.0403672,3941612.962427504,0
ORBS.V,D,20240319,000000,0.0403976,0.0410259,0.0354116,0.036308,6705169.663241869,0
ORBS.V,D,20240320,000000,0.0361563,0.0405058,0.0348444,0.040194,5744153.132514021,0
ORBS.V,D,20240321,000000,0.040242,0.0418993,0.0402235,0.0410701,4784309.49447766,0
ORBS.V,D,20240322,000000,0.0411305,0.0428102,0.03872,0.0397787,8176357.901742411,0
ORBS.V,D,20240323,000000,0.0398288,0.0415521,0.0397491,0.04103,5115341.1798236305,0
ORBS.V,D,20240324,000000,0.04103,0.0419724,0.0402125,0.04186,3917895.3604229973,0
ORBS.V,D,20240325,000000,0.0419375,0.045003,0.0416775,0.0444967,6078213.503965672,0
ORBS.V,D,20240326,000000,0.0445053,0.0503015,0.044188,0.048311,44351192.81896862,0
ORBS.V,D,20240327,000000,0.048321,0.0496665,0.04614,0.0475629,20081498.01081991,0
ORBS.V,D,20240328,000000,0.0475119,0.0483721,0.0452333,0.0470094,15741432.223466117,0
ORBS.V,D,20240329,000000,0.0470099,0.0470452,0.0451068,0.0462022,7547549.728986097,0
ORBS.V,D,20240330,000000,0.0461121,0.0472436,0.045691,0.0457879,9731232.210957842,0
ORBS.V,D,20240331,000000,0.0457678,0.0497895,0.045349,0.0475057,26892332.49280391,0
ORBS.V,D,20240401,000000,0.0475657,0.0480134,0.0422108,0.0437566,16562204.052664686,0
ORBS.V,D,20240402,000000,0.0436862,0.0440463,0.0394282,0.0401761,11435524.13676305,0
ORBS.V,D,20240403,000000,0.040126,0.0413665,0.0385077,0.039932,11720252.976406787,0
ORBS.V,D,20240404,000000,0.0398211,0.0422211,0.0385666,0.04154,10412752.458140986,0
ORBS.V,D,20240405,000000,0.04151,0.042289,0.0397399,0.0414061,10432383.607483275,0
ORBS.V,D,20240406,000000,0.041452,0.0426985,0.0412181,0.0423206,7726129.820682992,0
ORBS.V,D,20240407,000000,0.0422201,0.0451595,0.0421918,0.044284,15519969.436251843,0
ORBS.V,D,20240408,000000,0.044344,0.0465251,0.0426791,0.0462472,15014542.763997987,0
ORBS.V,D,20240409,000000,0.0462077,0.0462972,0.0433461,0.0435899,8727075.17513781,0
ORBS.V,D,20240410,000000,0.0436204,0.0449425,0.0417753,0.0436087,9810500.424371257,0
ORBS.V,D,20240411,000000,0.0437091,0.0445736,0.0429206,0.0444936,4143089.8041858706,0
ORBS.V,D,20240412,000000,0.0445436,0.0471311,0.0343666,0.0403841,34337385.43549327,0
ORBS.V,D,20240413,000000,0.0403517,0.0520318,0.0352503,0.0449059,159515658.0695336,0
ORBS.V,D,20240414,000000,0.0447462,0.0476681,0.0381283,0.0392418,45500096.3665171,0
ORBS.V,D,20240415,000000,0.0392718,0.0435961,0.0387112,0.0394475,27859978.57583765,0
ORBS.V,D,20240416,000000,0.0393767,0.0398692,0.0371267,0.0392875,8250239.338805543,0
ORBS.V,D,20240417,000000,0.0391298,0.0393314,0.0352196,0.036416,6001498.767623371,0
ORBS.V,D,20240418,000000,0.0363064,0.0368743,0.0345566,0.036641,6416229.303631533,0
ORBS.V,D,20240419,000000,0.036601,0.0430057,0.0351795,0.0408427,52043394.51143429,0
ORBS.V,D,20240420,000000,0.0407835,0.0411469,0.0384019,0.039942,9126488.231451048,0
ORBS.V,D,20240421,000000,0.040022,0.0402125,0.0384385,0.0392563,5254348.30014835,0
ORBS.V,D,20240422,000000,0.0391367,0.040505,0.0386177,0.0401516,5067034.95986299,0
ORBS.V,D,20240423,000000,0.0402321,0.0404713,0.0388844,0.0392804,4231121.901567913,0
ORBS.V,D,20240424,000000,0.0392592,0.0415771,0.0368338,0.0372157,14285806.215395767,0
ORBS.V,D,20240425,000000,0.0372557,0.037991,0.0355283,0.0368786,12902524.682918968,0
ORBS.V,D,20240426,000000,0.0368786,0.0373013,0.0356722,0.0368647,3564664.725401133,0
ORBS.V,D,20240427,000000,0.0368363,0.0368469,0.0350015,0.0364072,4437120.076535098,0
ORBS.V,D,20240428,000000,0.0363972,0.0368905,0.0362201,0.03655,3104791.539975257,0
ORBS.V,D,20240429,000000,0.0365744,0.0366037,0.0344628,0.034966,3417243.688058493,0
ORBS.V,D,20240430,000000,0.0350474,0.0354683,0.0321578,0.0328572,6488398.034280867,0
ORBS.V,D,20240501,000000,0.0328975,0.0333473,0.030704,0.0324812,4435751.870245752,0
ORBS.V,D,20240502,000000,0.0324912,0.0344517,0.0318678,0.0344117,5265545.307090782,0
ORBS.V,D,20240503,000000,0.0344014,0.0359254,0.0338597,0.0356049,5972085.142887184,0
ORBS.V,D,20240504,000000,0.0355249,0.0357295,0.0348373,0.0353532,3715145.479569069,0
ORBS.V,D,20240505,000000,0.0353762,0.0359632,0.0346142,0.0355699,2469803.6674098386,0
ORBS.V,D,20240506,000000,0.0355633,0.0379834,0.0353958,0.0362307,10362272.530020036,0
ORBS.V,D,20240507,000000,0.0360414,0.0366734,0.0351493,0.0355993,2171808.0651407647,0
ORBS.V,D,20240508,000000,0.0356172,0.0357011,0.0343738,0.0349192,2679928.361050981,0
ORBS.V,D,20240509,000000,0.0349492,0.0357707,0.0343059,0.0357446,2630135.444504451,0
ORBS.V,D,20240510,000000,0.0357046,0.036044,0.0333946,0.0337995,3394334.422041872,0
ORBS.V,D,20240511,000000,0.0338295,0.0343081,0.0333626,0.0337006,2135783.7629664326,0
ORBS.V,D,20240512,000000,0.0337426,0.0338049,0.0327648,0.0328799,1556515.7726940052,0
ORBS.V,D,20240513,000000,0.0328639,0.0343842,0.0316205,0.0329577,4418081.968505998,0
ORBS.V,D,20240514,000000,0.0329764,0.0334719,0.032143,0.0322471,4726853.0988612035,0
ORBS.V,D,20240515,000000,0.0322491,0.0341896,0.0317159,0.033891,3058549.813831081,0
ORBS.V,D,20240516,000000,0.033909,0.034067,0.0328999,0.033622,2727057.3968497207,0
ORBS.V,D,20240517,000000,0.03362,0.0349322,0.033348,0.0348178,2145430.2466289285,0
ORBS.V,D,20240518,000000,0.0348112,0.0351522,0.0344459,0.0348673,2383559.365630555,0
ORBS.V,D,20240519,000000,0.0349023,0.0351326,0.033384,0.0335866,1664152.8535564237,0
ORBS.V,D,20240520,000000,0.033571,0.0360531,0.033023,0.0359176,2911057.146468001,0
ORBS.V,D,20240521,000000,0.0359076,0.0367245,0.0351038,0.0354942,4608862.291663345,0
ORBS.V,D,20240522,000000,0.0355004,0.0357179,0.0344902,0.0350669,2838709.3685390367,0
ORBS.V,D,20240523,000000,0.0350549,0.0355448,0.0328783,0.0344499,3336636.825292793,0
ORBS.V,D,20240524,000000,0.0344749,0.034907,0.0333886,0.0344162,2455685.1351578524,0
ORBS.V,D,20240525,000000,0.0344139,0.0347051,0.0342308,0.0343161,2299576.2024999983,0
ORBS.V,D,20240526,000000,0.0343131,0.0345565,0.0337777,0.0339595,2026390.9746997196,0
ORBS.V,D,20240527,000000,0.0340037,0.034962,0.0335688,0.0346756,3629591.3041910618,0
ORBS.V,D,20240528,000000,0.034604,0.0358853,0.0334855,0.0340453,8359021.033476182,0
ORBS.V,D,20240529,000000,0.0341083,0.0341399,0.0327163,0.0329034,4309099.262583425,0
ORBS.V,D,20240530,000000,0.0328735,0.033324,0.0319608,0.0328682,3579474.223353084,0
ORBS.V,D,20240531,000000,0.0328285,0.0329299,0.0319541,0.032751,4200756.512133775,0
ORBS.V,D,20240601,000000,0.0327806,0.0327849,0.032317,0.0326436,1668466.506426999,0
ORBS.V,D,20240602,000000,0.0326416,0.0330975,0.0318862,0.032021,2453243.316921998,0
ORBS.V,D,20240603,000000,0.0320467,0.0326485,0.0318562,0.0319629,2308045.409704305,0
ORBS.V,D,20240604,000000,0.0318983,0.032314,0.0311816,0.032227,2500102.1544355033,0
ORBS.V,D,20240605,000000,0.032262,0.0332297,0.0321987,0.0330933,6914672.641722942,0
ORBS.V,D,20240606,000000,0.0330433,0.0330433,0.0317402,0.0320867,2631757.795700515,0
ORBS.V,D,20240607,000000,0.0321274,0.0328863,0.0273221,0.0292472,4568612.874818328,0
ORBS.V,D,20240608,000000,0.0292322,0.0297404,0.0279944,0.0281266,8193810.134956275,0
ORBS.V,D,20240609,000000,0.0280766,0.0287166,0.0278169,0.0286057,6519881.813936534,0
ORBS.V,D,20240610,000000,0.0285679,0.0293748,0.0281418,0.028674,4436901.823404949,0
ORBS.V,D,20240611,000000,0.0287022,0.0287568,0.0266062,0.0274495,4470076.308512933,0
ORBS.V,D,20240612,000000,0.0274338,0.0295018,0.0265176,0.0285076,4435920.29793812,0
ORBS.V,D,20240613,000000,0.0284826,0.0287382,0.027029,0.0273591,3342575.6844530054,0
ORBS.V,D,20240614,000000,0.0273368,0.0278504,0.0259304,0.0266703,3428581.156769134,0
ORBS.V,D,20240615,000000,0.0266573,0.0269336,0.0263075,0.0266218,2009851.434236816,0
ORBS.V,D,20240616,000000,0.0266188,0.0266333,0.0252543,0.0253472,4309427.725003595,0
ORBS.V,D,20240617,000000,0.0253707,0.0255849,0.021377,0.02168,10740512.700309444,0
ORBS.V,D,20240618,000000,0.0216898,0.0232151,0.0193663,0.0213878,26222466.89620474,0
ORBS.V,D,20240619,000000,0.0213982,0.0232174,0.0212583,0.0223011,13603269.025143744,0
ORBS.V,D,20240620,000000,0.0222711,0.0232107,0.0218515,0.0224938,8144627.204566393,0
ORBS.V,D,20240621,000000,0.022494,0.0235093,0.0221069,0.022556,6668001.3167476775,0
ORBS.V,D,20240622,000000,0.0225462,0.0230376,0.0222689,0.0226809,5452414.817189186,0
ORBS.V,D,20240623,000000,0.0227069,0.0229751,0.0219904,0.0224932,2393673.82123101,0
ORBS.V,D,20240624,000000,0.0224075,0.0224085,0.0212504,0.0220239,4256419.360816053,0
ORBS.V,D,20240625,000000,0.0220639,0.0239737,0.0218869,0.0233456,7697086.296795691,0
ORBS.V,D,20240626,000000,0.0233356,0.0239003,0.0227104,0.0232662,6451615.785849027,0
ORBS.V,D,20240627,000000,0.0232453,0.0239031,0.022735,0.0238909,4663266.084395694,0
ORBS.V,D,20240628,000000,0.0238832,0.0239967,0.0229159,0.0230343,6358623.454401014,0
ORBS.V,D,20240629,000000,0.0230441,0.0233871,0.022815,0.0229118,3450822.457259274,0
ORBS.V,D,20240630,000000,0.0228958,0.0236528,0.0224782,0.0234124,4505576.686787357,0
ORBS.V,D,20240701,000000,0.0233974,0.0238705,0.0230436,0.023381,4288947.08992496,0
ORBS.V,D,20240702,000000,0.0233388,0.0233388,0.0216966,0.0218919,6139723.481269005,0
ORBS.V,D,20240703,000000,0.0219189,0.0226421,0.0215614,0.0221504,5225159.203540205,0
ORBS.V,D,20240704,000000,0.0221254,0.0221654,0.0199586,0.0207914,5042706.5976867825,0
ORBS.V,D,20240705,000000,0.0208003,0.0209001,0.0177232,0.0193132,8127766.505908024,0
ORBS.V,D,20240706,000000,0.0193135,0.0205696,0.0191729,0.0205694,4343461.301181997,0
ORBS.V,D,20240707,000000,0.0204956,0.0207289,0.0192711,0.0194641,3641278.0844158973,0
ORBS.V,D,20240708,000000,0.0194541,0.0204033,0.0184283,0.0199384,4830306.507787116,0
ORBS.V,D,20240709,000000,0.019898,0.0207498,0.019757,0.0205998,4040886.1149530387,0
ORBS.V,D,20240710,000000,0.0205726,0.0223078,0.0205446,0.0210993,4515837.687119003,0
ORBS.V,D,20240711,000000,0.0210953,0.0216291,0.0207317,0.0209006,3212923.069443827,0
ORBS.V,D,20240712,000000,0.0208794,0.021548,0.020498,0.0213153,3805896.5657313666,0
ORBS.V,D,20240713,000000,0.021313,0.0228466,0.021313,0.0216659,2586062.002794386,0
ORBS.V,D,20240714,000000,0.0216847,0.022177,0.0215449,0.0219941,2352118.152570778,0
ORBS.V,D,20240715,000000,0.0220189,0.0225675,0.0219487,0.0225163,2929695.9613999915,0
ORBS.V,D,20240716,000000,0.0225032,0.0249875,0.0220325,0.0243361,7510052.380582674,0
ORBS.V,D,20240717,000000,0.0243661,0.0246247,0.0240546,0.0242819,5212941.384720691,0
ORBS.V,D,20240718,000000,0.0242322,0.0251008,0.0234865,0.0238852,6188617.45908933,0
ORBS.V,D,20240719,000000,0.023945,0.0264658,0.023945,0.0255507,14624467.708137551,0
ORBS.V,D,20240720,000000,0.025591,0.0257341,0.025101,0.0255007,3748198.611987005,0
ORBS.V,D,20240721,000000,0.0255527,0.0257692,0.024422,0.0256704,2880639.899001002,0
ORBS.V,D,20240722,000000,0.0256884,0.0257964,0.0242949,0.0245244,3910945.613545879,0
ORBS.V,D,20240723,000000,0.0245414,0.025249,0.0238331,0.0243259,3823923.1172647364,0
ORBS.V,D,20240724,000000,0.0241629,0.027248,0.0238421,0.0252294,4066408.703861007,0
ORBS.V,D,20240725,000000,0.0251345,0.0251565,0.0223746,0.0232732,6155967.418035823,0
ORBS.V,D,20240726,000000,0.0233137,0.02461,0.0232937,0.0245798,3123462.715806397,0
ORBS.V,D,20240727,000000,0.0246118,0.027593,0.0246118,0.0266595,15338710.787699798,0
ORBS.V,D,20240728,000000,0.0266927,0.0267168,0.0249393,0.0249873,6036562.304477695,0
ORBS.V,D,20240729,000000,0.0249935,0.0279444,0.0249715,0.025237,5481835.118840996,0
ORBS.V,D,20240730,000000,0.0252162,0.025739,0.0247798,0.0251105,3684887.535149584,0
ORBS.V,D,20240731,000000,0.0251257,0.0268179,0.0249863,0.0261698,14194092.081447486,0
ORBS.V,D,20240801,000000,0.0262716,0.0278061,0.025089,0.026768,24728407.469421443,0
ORBS.V,D,20240802,000000,0.0267383,0.0280156,0.0260074,0.0265295,12341445.823748756,0
ORBS.V,D,20240803,000000,0.0265794,0.0270669,0.022737,0.0230854,8963735.238856537,0
ORBS.V,D,20240804,000000,0.0230952,0.0268152,0.0229069,0.0255726,30591884.377094246,0
ORBS.V,D,20240805,000000,0.0255626,0.0258225,0.0195084,0.0217039,20673835.634122673,0
ORBS.V,D,20240806,000000,0.0217541,0.0284454,0.0215863,0.0272103,39330906.28728966,0
ORBS.V,D,20240807,000000,0.0272303,0.0287426,0.0252545,0.0254823,24975419.616309397,0
ORBS.V,D,20240808,000000,0.0254025,0.0263934,0.0244546,0.0259683,5758168.277629837,0
ORBS.V,D,20240809,000000,0.0260075,0.0293591,0.0252871,0.0292691,9960206.564010814,0
ORBS.V,D,20240810,000000,0.0293391,0.0306461,0.0266901,0.0285154,17028308.6062627,0
ORBS.V,D,20240811,000000,0.0286454,0.0292353,0.0261826,0.0263126,6925125.39806951,0
ORBS.V,D,20240812,000000,0.0262926,0.0267803,0.0252645,0.0256728,6749777.028799001,0
ORBS.V,D,20240813,000000,0.0257526,0.0292553,0.0257526,0.0278933,25970661.101078015,0
ORBS.V,D,20240814,000000,0.0278631,0.0295959,0.0272779,0.0277025,14145966.81172994,0
ORBS.V,D,20240815,000000,0.0276925,0.0290649,0.026156,0.026495,9573372.873028768,0
ORBS.V,D,20240816,000000,0.0264548,0.0267153,0.0244146,0.0252171,5026711.144109374,0
ORBS.V,D,20240817,000000,0.0251965,0.0252968,0.0245957,0.0251543,3286555.2965594977,0
ORBS.V,D,20240818,000000,0.0251523,0.0259923,0.0248,0.0249417,4787255.787555368,0
ORBS.V,D,20240819,000000,0.02498,0.0254766,0.0240262,0.0251045,3783998.3888365375,0
ORBS.V,D,20240820,000000,0.0251655,0.0259295,0.0251463,0.02565,4901761.55053449,0
ORBS.V,D,20240821,000000,0.0256603,0.0261213,0.0247212,0.0252823,4873739.726121894,0
ORBS.V,D,20240822,000000,0.0253123,0.0256491,0.0247445,0.0255323,2590901.4440839966,0
ORBS.V,D,20240823,000000,0.025572,0.0267424,0.025469,0.0267151,2319769.200375331,0
ORBS.V,D,20240824,000000,0.0267211,0.0269591,0.0260666,0.0260761,3159748.377534999,0
ORBS.V,D,20240825,000000,0.0261879,0.0291199,0.0259756,0.0279395,24724700.742786925,0
ORBS.V,D,20240826,000000,0.0279095,0.0289287,0.0257777,0.0260947,10038949.40320257,0
ORBS.V,D,20240827,000000,0.0261247,0.0268346,0.0242181,0.0243902,5062837.16928453,0
ORBS.V,D,20240828,000000,0.0243992,0.0248815,0.0232641,0.0240832,3094943.9443229986,0
ORBS.V,D,20240829,000000,0.0240362,0.0248755,0.0237841,0.0240215,3288324.1646145913,0
ORBS.V,D,20240830,000000,0.0239648,0.0242078,0.0229952,0.0238659,3621323.258884296,0
ORBS.V,D,20240831,000000,0.0238567,0.0240965,0.0233758,0.0236805,1604644.8995333172,0
ORBS.V,D,20240901,000000,0.0235955,0.023631,0.0228149,0.0231148,2047889.475816716,0
ORBS.V,D,20240902,000000,0.0231318,0.0237057,0.0223878,0.023496,5312341.7141784765,0
ORBS.V,D,20240903,000000,0.0235362,0.0238583,0.0226212,0.0227436,3470800.138870001,0
ORBS.V,D,20240904,000000,0.0226389,0.0230388,0.0212413,0.0229582,3335054.35609126,0
ORBS.V,D,20240905,000000,0.0229837,0.0230165,0.0219911,0.0221258,3301554.6717363843,0
ORBS.V,D,20240906,000000,0.022125,0.022746,0.0209669,0.021548,2798985.712983769,0
ORBS.V,D,20240907,000000,0.0216018,0.0223788,0.0215707,0.0221018,2516566.678188818,0
ORBS.V,D,20240908,000000,0.0220438,0.0226347,0.0220086,0.0223148,1890499.9123425868,0
ORBS.V,D,20240909,000000,0.0223365,0.0235681,0.0223031,0.0233922,1994888.7152268013,0
ORBS.V,D,20240910,000000,0.023389,0.0238138,0.0231321,0.0234104,2250620.9181109997,0
ORBS.V,D,20240911,000000,0.0234184,0.0237168,0.0226604,0.0232251,3729009.8856271384,0
ORBS.V,D,20240912,000000,0.0232221,0.02363,0.0228561,0.0232581,3461981.291871288,0
ORBS.V,D,20240913,000000,0.0232481,0.0240096,0.0232088,0.0239696,3527313.2638404937,0
ORBS.V,D,20240914,000000,0.0239936,0.0241105,0.0236027,0.0236675,1552229.6181092875,0
ORBS.V,D,20240915,000000,0.0236723,0.0238753,0.022837,0.0228932,1393304.2476960008,0
ORBS.V,D,20240916,000000,0.0229102,0.0230069,0.0219924,0.0222058,2835789.6058409996,0
ORBS.V,D,20240917,000000,0.0221656,0.0232921,0.0221496,0.0231521,4360506.5337345945,0
ORBS.V,D,20240918,000000,0.0231523,0.0232123,0.0222884,0.0229307,4784577.967034004,0
ORBS.V,D,20240919,000000,0.0229415,0.0245142,0.0229307,0.0241724,3538354.999667359,0
ORBS.V,D,20240920,000000,0.0241324,0.0250718,0.0240122,0.024784,5000334.6414008215,0
ORBS.V,D,20240921,000000,0.0247885,0.0260226,0.0247885,0.0259526,2864069.1280430807,0
ORBS.V,D,20240922,000000,0.0259626,0.02719,0.0253697,0.02719,4576139.649925999,0
ORBS.V,D,20240923,000000,0.0271673,0.0282975,0.0267865,0.0276189,9759149.959062835,0
ORBS.V,D,20240924,000000,0.0277389,0.0278289,0.0263376,0.0269187,2983919.6933144364,0
ORBS.V,D,20240925,000000,0.0269284,0.0271589,0.026219,0.0264258,13964889.220941702,0
ORBS.V,D,20240926,000000,0.0264155,0.0271116,0.0257236,0.0267727,4168164.108733257,0
ORBS.V,D,20240927,000000,0.0268127,0.0273233,0.0266537,0.0270849,6238477.337666379,0
ORBS.V,D,20240928,000000,0.0270949,0.0276333,0.0265637,0.0267529,11315702.177273411,0
ORBS.V,D,20240929,000000,0.0268046,0.0276511,0.0262326,0.0272991,11047141.731822534,0
ORBS.V,D,20240930,000000,0.0273555,0.029517,0.0264071,0.0267814,12280420.475918334,0
ORBS.V,D,20241001,000000,0.0267717,0.0317276,0.0260269,0.0300622,37473315.88050223,0
ORBS.V,D,20241002,000000,0.0301222,0.0317927,0.0272129,0.0272226,36221013.01067519,0
ORBS.V,D,20241003,000000,0.0271427,0.0278958,0.0258241,0.0263868,17053231.590008475,0
ORBS.V,D,20241004,000000,0.0263868,0.0287434,0.0259756,0.0276894,21878111.628527757,0
ORBS.V,D,20241005,000000,0.0277297,0.0320381,0.0270884,0.0300052,22137570.49510232,0
ORBS.V,D,20241006,000000,0.0299955,0.0317446,0.0289365,0.0300849,23050057.90730802,0
ORBS.V,D,20241007,000000,0.0300849,0.0352601,0.0295044,0.03324,35766398.83172246,0
ORBS.V,D,20241008,000000,0.0331297,0.0360984,0.0317054,0.0330662,25698808.473379347,0
ORBS.V,D,20241009,000000,0.0329259,0.0342904,0.0319618,0.0327112,14324970.667747578,0
ORBS.V,D,20241010,000000,0.0326612,0.0335964,0.030198,0.0304071,12213206.668280661,0
ORBS.V,D,20241011,000000,0.0303971,0.0304822,0.0291631,0.0298861,6378051.0472759595,0
ORBS.V,D,20241012,000000,0.0299061,0.0319563,0.0298425,0.0306908,11268968.629981019,0
ORBS.V,D,20241013,000000,0.0307708,0.0325767,0.029773,0.0314768,10884234.417860053,0
ORBS.V,D,20241014,000000,0.0314731,0.0315732,0.0303472,0.0309154,11275637.334950794,0
ORBS.V,D,20241015,000000,0.0309454,0.031587,0.0294923,0.0300122,11614653.479226952,0
ORBS.V,D,20241016,000000,0.0300325,0.0301034,0.0289733,0.0295838,6910520.155613995,0
ORBS.V,D,20241017,000000,0.0295538,0.0299507,0.0283806,0.0289199,8227098.8836858645,0
ORBS.V,D,20241018,000000,0.0289196,0.0291765,0.028658,0.0289562,3820317.818626501,0
ORBS.V,D,20241019,000000,0.0289765,0.0290765,0.027908,0.0283035,3305308.624382901,0
ORBS.V,D,20241020,000000,0.0282958,0.0287617,0.0280447,0.0286802,2955020.61274214,0
ORBS.V,D,20241021,000000,0.0286986,0.0289387,0.0272086,0.0273788,8493840.53289179,0
ORBS.V,D,20241022,000000,0.0273985,0.0274574,0.0267712,0.0272104,4415062.458713588,0
ORBS.V,D,20241023,000000,0.0272007,0.0280076,0.0262437,0.0269911,7024944.450930208,0
ORBS.V,D,20241024,000000,0.0270013,0.0277594,0.0264851,0.0271459,8404671.758830281,0
ORBS.V,D,20241025,000000,0.0271931,0.0273125,0.0257839,0.0262127,6536891.130608327,0
ORBS.V,D,20241026,000000,0.0261828,0.0288507,0.0252874,0.0265052,30758152.628985167,0
ORBS.V,D,20241027,000000,0.0264952,0.0265649,0.0255875,0.0259342,4139173.8104924085,0
ORBS.V,D,20241028,000000,0.025954,0.0261338,0.0246707,0.0253123,6802936.542076591,0
ORBS.V,D,20241029,000000,0.0253522,0.0261135,0.0251019,0.0258899,7416105.937183259,0
ORBS.V,D,20241030,000000,0.0258235,0.0258922,0.0253591,0.0256215,9692617.12781278,0
ORBS.V,D,20241031,000000,0.0256418,0.025672,0.0237372,0.0239386,20917387.713233914,0
ORBS.V,D,20241101,000000,0.0239184,0.0251356,0.0237198,0.0243432,22918208.457606938,0
ORBS.V,D,20241102,000000,0.0243532,0.0255577,0.0239828,0.0245231,12130268.042187452,0
ORBS.V,D,20241103,000000,0.0244731,0.0245321,0.0225123,0.0233709,6056347.717443526,0
ORBS.V,D,20241104,000000,0.0232207,0.0233855,0.0221443,0.0225626,6495427.600788057,0
ORBS.V,D,20241105,000000,0.0225722,0.0234406,0.0224456,0.0230572,5281696.049710168,0
ORBS.V,D,20241106,000000,0.0230572,0.0247749,0.0230277,0.0247749,5207450.841608128,0
ORBS.V,D,20241107,000000,0.0247648,0.0253124,0.0243817,0.0248624,6280944.976978106,0
ORBS.V,D,20241108,000000,0.0249422,0.0251759,0.02436,0.0249362,3350201.3049374754,0
ORBS.V,D,20241109,000000,0.0249262,0.0255677,0.0243727,0.0255677,5234325.660419288,0
ORBS.V,D,20241110,000000,0.0255777,0.0276079,0.0252824,0.0265546,7938201.603450984,0
ORBS.V,D,20241111,000000,0.0265749,0.0276683,0.0258496,0.0274618,8346286.508168042,0
ORBS.V,D,20241112,000000,0.0275386,0.0291035,0.0260595,0.0289888,14985786.898499278,0
ORBS.V,D,20241113,000000,0.0289485,0.0292692,0.0262957,0.0269997,9966977.912063932,0
ORBS.V,D,20241114,000000,0.0269599,0.0280942,0.0257752,0.0266032,12926156.077267082,0
ORBS.V,D,20241115,000000,0.0266329,0.0275988,0.025147,0.0275283,7544188.443388659,0
ORBS.V,D,20241116,000000,0.027538,0.0292417,0.0274877,0.0290199,4029915.3186914963,0
ORBS.V,D,20241117,000000,0.0290102,0.0301921,0.0273397,0.0275411,4708873.155738831,0
ORBS.V,D,20241118,000000,0.0275511,0.0299075,0.0273811,0.0298368,3815313.9331473135,0
ORBS.V,D,20241119,000000,0.0298368,0.0311155,0.0291766,0.0295572,10602818.856648784,0
ORBS.V,D,20241120,000000,0.0295766,0.0303109,0.0281742,0.029,2986949.1760230004,0
ORBS.V,D,20241121,000000,0.0290603,0.0298204,0.0276538,0.0295681,2513192.296765097,0
ORBS.V,D,20241122,000000,0.0295277,0.0303852,0.0292718,0.0303072,1190709.79960377,0
ORBS.V,D,20241123,000000,0.0303185,0.0323746,0.0303185,0.0316541,2330872.247557926,0
ORBS.V,D,20241124,000000,0.031534,0.0336212,0.0300068,0.0327127,4341633.339611355,0
ORBS.V,D,20241125,000000,0.0327227,0.0351133,0.0323167,0.0334703,6050228.773607302,0
ORBS.V,D,20241126,000000,0.0334633,0.0363062,0.0322594,0.0361766,9904407.286865948,0
ORBS.V,D,20241127,000000,0.0361366,0.0365828,0.0345545,0.036426,4077418.404621509,0
ORBS.V,D,20241128,000000,0.0364324,0.0364628,0.0344966,0.0355118,2447413.3835099516,0
ORBS.V,D,20241129,000000,0.0354321,0.0359779,0.0315344,0.0354759,57153654.42002288,0
ORBS.V,D,20241130,000000,0.0354535,0.0382264,0.0352544,0.0367947,9864853.156193007,0
ORBS.V,D,20241201,000000,0.0369548,0.0369844,0.0352511,0.0363185,4260832.060948377,0
ORBS.V,D,20241202,000000,0.0363685,0.0364997,0.03356,0.0350923,5014279.589577997,0
ORBS.V,D,20241203,000000,0.0350826,0.036744,0.032959,0.036364,11805032.31656504,0
ORBS.V,D,20241204,000000,0.0363836,0.0407575,0.0361142,0.0392545,33856547.21405294,0
ORBS.V,D,20241205,000000,0.039313,0.0403869,0.0370276,0.0382355,14780179.592941325,0
ORBS.V,D,20241206,000000,0.0378748,0.0392904,0.0359548,0.0381144,15858428.323935308,0
ORBS.V,D,20241207,000000,0.038064,0.0388936,0.0370296,0.0376663,5145001.386485486,0
ORBS.V,D,20241208,000000,0.0376363,0.0379007,0.0363982,0.0372705,6422958.356236313,0
ORBS.V,D,20241209,000000,0.0372809,0.0378508,0.0279261,0.0318095,14120644.093088996,0
ORBS.V,D,20241210,000000,0.0318395,0.0327085,0.0283331,0.0312656,20200313.711827166,0
ORBS.V,D,20241211,000000,0.0312456,0.0332586,0.0293264,0.0329465,10079402.527065583,0
ORBS.V,D,20241212,000000,0.0329265,0.0341122,0.0323306,0.0328172,11394050.782552145,0
ORBS.V,D,20241213,000000,0.0328256,0.0338147,0.0320342,0.0325362,9267321.479914485,0
ORBS.V,D,20241214,000000,0.0325259,0.033478,0.0310878,0.0316971,3767305.209421505,0
ORBS.V,D,20241215,000000,0.0317071,0.0335366,0.0317071,0.0329521,8481868.477679173,0
ORBS.V,D,20241216,000000,0.0330341,0.0336967,0.0311072,0.0319386,3683171.5056777517,0
ORBS.V,D,20241217,000000,0.0319289,0.0319389,0.0304097,0.0304285,5257882.33822094,0
ORBS.V,D,20241218,000000,0.0303573,0.0305421,0.0270573,0.0277386,5046234.500522894,0
ORBS.V,D,20241219,000000,0.0275726,0.0295949,0.0251829,0.0265858,6810575.712065061,0
ORBS.V,D,20241220,000000,0.0265358,0.0274153,0.023901,0.0273517,6054523.395726408,0
ORBS.V,D,20241221,000000,0.0273425,0.0287056,0.0258097,0.0260146,5703231.50904833,0
ORBS.V,D,20241222,000000,0.0260444,0.0277672,0.0258942,0.0271693,6653018.136674121,0
ORBS.V,D,20241223,000000,0.0271876,0.0284878,0.0266363,0.0284022,3630195.7889048913,0
ORBS.V,D,20241224,000000,0.0284316,0.0292521,0.027892,0.0290779,4013764.9638160053,0
ORBS.V,D,20241225,000000,0.0291008,0.0299972,0.0284355,0.0285443,3767258.0903412695,0
ORBS.V,D,20241226,000000,0.0286245,0.0289074,0.0267716,0.0273107,3538860.382059138,0
ORBS.V,D,20241227,000000,0.0271803,0.0280131,0.0267171,0.0273403,8295365.16103439,0
ORBS.V,D,20241228,000000,0.0273403,0.0287681,0.0272604,0.0286757,6637308.914701888,0
ORBS.V,D,20241229,000000,0.0286061,0.0293758,0.0272967,0.0274455,4591052.48707876,0
ORBS.V,D,20241230,000000,0.0273967,0.0284487,0.0267251,0.0271208,4220948.842014641,0
ORBS.V,D,20241231,000000,0.0271108,0.0280179,0.0268052,0.0271893,4673526.244448726,0
ORBS.V,D,20250101,000000,0.0271694,0.027572,0.0264171,0.0275426,3768596.060443618,0
ORBS.V,D,20250102,000000,0.0276424,0.0280855,0.0274819,0.0277716,1785139.6117977947,0
ORBS.V,D,20250103,000000,0.0277825,0.0290185,0.0275976,0.0289296,2323593.4723206665,0
ORBS.V,D,20250104,000000,0.028937,0.0291915,0.0286757,0.0290145,1399483.6284702504,0
ORBS.V,D,20250105,000000,0.0289942,0.0300331,0.0289942,0.0299625,2910176.1649394287,0
ORBS.V,D,20250106,000000,0.0299219,0.0312487,0.0298249,0.0306789,3241315.178092499,0
ORBS.V,D,20250107,000000,0.030621,0.0311834,0.027742,0.0280558,3185294.9037318397,0
ORBS.V,D,20250108,000000,0.0280561,0.0291918,0.0266536,0.029091,5437787.871172693,0
ORBS.V,D,20250109,000000,0.0290819,0.0314473,0.0287125,0.0307678,9496436.35097152,0
ORBS.V,D,20250110,000000,0.0307278,0.0316165,0.02935,0.0304736,12925728.657258004,0
ORBS.V,D,20250111,000000,0.0305433,0.0314368,0.0302627,0.0307352,8258874.519491368,0
ORBS.V,D,20250112,000000,0.0307056,0.0324602,0.0298921,0.0298921,16782958.59686158,0
ORBS.V,D,20250113,000000,0.029902,0.0304729,0.0269349,0.028678,7234916.222663258,0
ORBS.V,D,20250114,000000,0.0286577,0.029888,0.0282162,0.0298877,4683446.999179544,0
ORBS.V,D,20250115,000000,0.0297878,0.0306106,0.0285049,0.0305912,2794815.8259805087,0
ORBS.V,D,20250116,000000,0.0305809,0.0317813,0.0296696,0.0298031,4852091.104871812,0
ORBS.V,D,20250117,000000,0.0298631,0.0306569,0.029794,0.0305898,2699917.1945280335,0
ORBS.V,D,20250118,000000,0.0305552,0.0310396,0.0281805,0.0286137,5858394.091730425,0
ORBS.V,D,20250119,000000,0.0285937,0.0291494,0.0262719,0.0268683,4639481.535701629,0
ORBS.V,D,20250120,000000,0.0269409,0.0288083,0.0261278,0.027485,5338068.822891883,0
ORBS.V,D,20250121,000000,0.0273779,0.0284891,0.0269919,0.0279942,10717705.871027866,0
ORBS.V,D,20250122,000000,0.027867,0.0281986,0.0272956,0.0274334,4610520.959995808,0
ORBS.V,D,20250123,000000,0.0273484,0.0280393,0.0260983,0.0268859,15040211.145445837,0
ORBS.V,D,20250124,000000,0.0269056,0.0277611,0.0261471,0.0271619,7191236.9930711845,0
ORBS.V,D,20250125,000000,0.0269942,0.0277556,0.0265827,0.027715,5337259.239704679,0
ORBS.V,D,20250126,000000,0.027605,0.0279624,0.0273764,0.0275056,4198983.088143002,0
ORBS.V,D,20250127,000000,0.0274756,0.0274756,0.0251244,0.0262932,7448965.863157412,0
ORBS.V,D,20250128,000000,0.0263053,0.0271648,0.0256159,0.0260231,6527544.220527272,0
ORBS.V,D,20250129,000000,0.0259728,0.026857,0.0256446,0.0266292,5972854.918071188,0
ORBS.V,D,20250130,000000,0.0264895,0.02709,0.0260584,0.0268524,4773692.044987021,0
ORBS.V,D,20250131,000000,0.0268237,0.0271535,0.0261811,0.0263024,5507196.164956397,0
ORBS.V,D,20250201,000000,0.0262824,0.0275326,0.0259227,0.0262234,7749752.035428907,0
ORBS.V,D,20250202,000000,0.0261632,0.0264566,0.022272,0.023253,10162108.590814462,0
ORBS.V,D,20250203,000000,0.0233132,0.023994,0.0164342,0.0239139,18913542.01519161,0
ORBS.V,D,20250204,000000,0.0237838,0.0242457,0.0214793,0.0217409,8944682.334221002,0
ORBS.V,D,20250205,000000,0.0217907,0.0228146,0.0215824,0.0217015,6356949.144712879,0
ORBS.V,D,20250206,000000,0.0217711,0.0223672,0.020821,0.0210815,3593287.9041805556,0
ORBS.V,D,20250207,000000,0.0211135,0.0224143,0.0206632,0.0209318,2922314.7402987173,0
ORBS.V,D,20250208,000000,0.0209925,0.0217435,0.0209405,0.0217387,2943967.690311999,0
ORBS.V,D,20250209,000000,0.0217662,0.0225695,0.0215474,0.0218016,2852762.073094864,0
ORBS.V,D,20250210,000000,0.0217904,0.0229901,0.0214735,0.0226664,3238446.5846146764,0
ORBS.V,D,20250211,000000,0.0226869,0.0238692,0.0226334,0.0236864,5446028.979405379,0
ORBS.V,D,20250212,000000,0.023706,0.0260697,0.0230189,0.0255015,13343312.809189085,0
ORBS.V,D,20250213,000000,0.0254618,0.0267911,0.0246617,0.0262805,18647071.24030867,0
ORBS.V,D,20250214,000000,0.0262205,0.0266437,0.0258641,0.0260144,7973389.072566628,0
ORBS.V,D,20250215,000000,0.0259792,0.0263811,0.0253243,0.0261654,4044301.95959843,0
