<TICKER>,<PER>,<DATE>,<TIME>,<OPEN>,<HIGH>,<LOW>,<CLOSE>,<VOL>,<OPENINT>
OSMO.V,D,20220515,000000,1.56335,1.61276,1.53619,1.61276,483.43421090000004,0
OSMO.V,D,20220516,000000,1.87346,1.87346,1.62169,1.62169,404.00839899140004,0
OSMO.V,D,20220517,000000,1.61364,1.66297,1.61364,1.64416,741.162097521,0
OSMO.V,D,20220518,000000,1.64036,1.64036,1.49655,1.49655,682.917121,0
OSMO.V,D,20220519,000000,1.50254,1.56539,1.47752,1.56539,297.38067472399996,0
OSMO.V,D,20220520,000000,1.60014,1.7503,1.5996,1.69301,1635.875458341,0
OSMO.V,D,20220521,000000,1.68717,1.80805,1.68717,1.78018,483.83185485189995,0
OSMO.V,D,20220522,000000,1.72156,1.84069,1.72156,1.82551,209.815029835,0
OSMO.V,D,20220523,000000,1.79636,1.909,1.79355,1.82221,796.2785518119999,0
OSMO.V,D,20220524,000000,1.744,1.80521,1.69763,1.721,2212.09656626,0
OSMO.V,D,20220525,000000,1.74143,1.74143,1.61063,1.64962,465.102273768,0
OSMO.V,D,20220526,000000,1.62481,1.62481,1.46019,1.47293,859.7314706810998,0
OSMO.V,D,20220527,000000,1.43122,1.43946,1.41319,1.41319,332.9018227587,0
OSMO.V,D,20220528,000000,1.30555,1.37858,1.30555,1.31841,189.89594234679998,0
OSMO.V,D,20220529,000000,1.3495,1.37436,1.31768,1.36703,131.33012769,0
OSMO.V,D,20220530,000000,1.40674,1.48181,1.36364,1.42526,2958.0805724148995,0
OSMO.V,D,20220531,000000,1.4976,1.4976,1.39039,1.39039,1018.80690624,0
OSMO.V,D,20220601,000000,1.37895,1.39888,1.28998,1.28998,555.2000727991001,0
OSMO.V,D,20220602,000000,1.26246,1.31871,1.26246,1.31871,257.75255842400003,0
OSMO.V,D,20220603,000000,1.28984,1.28984,1.22003,1.24301,1444.8797311510002,0
OSMO.V,D,20220604,000000,1.23343,1.23489,1.09841,1.09841,210.586432102,0
OSMO.V,D,20220605,000000,1.17515,1.21986,1.17515,1.21986,428.47873413800005,0
OSMO.V,D,20220606,000000,1.26083,1.27122,1.22092,1.22477,325.058892637,0
OSMO.V,D,20220607,000000,1.24054,1.24054,1.12104,1.14448,544.880177412,0
OSMO.V,D,20220608,000000,1.15477,1.22515,1.13048,1.20201,239.11993371160003,0
OSMO.V,D,20220609,000000,1.19452,1.21412,1.17675,1.18716,296.107067509,0
OSMO.V,D,20220610,000000,1.18128,1.25047,1.1515,1.17874,772.28772254,0
OSMO.V,D,20220611,000000,1.1803,1.48949,1.1803,1.29531,592.531845614,0
OSMO.V,D,20220612,000000,1.28334,1.41981,1.23693,1.41981,611.064854192,0
OSMO.V,D,20220613,000000,1.34359,1.34359,0.90243,0.90548,915.8589609735,0
OSMO.V,D,20220614,000000,0.92656,0.9622,0.92656,0.93348,1018.015157848,0
OSMO.V,D,20220615,000000,0.91092,0.9454,0.78366,0.87064,1822.6166029,0
OSMO.V,D,20220616,000000,0.874237,0.921793,0.830419,0.830419,1169.41292823,0
OSMO.V,D,20220617,000000,0.819959,0.826216,0.784285,0.826216,3283.76893241,0
OSMO.V,D,20220618,000000,0.858377,0.947244,0.845708,0.846637,3853.948071948,0
OSMO.V,D,20220619,000000,0.818986,0.884637,0.818986,0.828522,1302.23127322,0
OSMO.V,D,20220620,000000,0.846683,0.855272,0.753519,0.780441,3939.652895215,0
OSMO.V,D,20220621,000000,0.774747,0.788411,0.765257,0.77942,1407.11226331,0
OSMO.V,D,20220622,000000,0.789709,0.789709,0.746153,0.782517,4057.25254157,0
OSMO.V,D,20220623,000000,0.766932,0.886013,0.755568,0.854844,2458.28519934,0
OSMO.V,D,20220624,000000,0.845753,0.906974,0.845753,0.906974,1075.9583531649998,0
OSMO.V,D,20220625,000000,0.890908,0.905502,0.880345,0.880445,1158.7932612999998,0
OSMO.V,D,20220626,000000,0.923782,0.923782,0.879884,0.919385,1056.0850710260002,0
OSMO.V,D,20220627,000000,0.902758,0.902758,0.862808,0.865412,871.69659738,0
OSMO.V,D,20220628,000000,0.850166,0.850166,0.803671,0.803671,382.26081693000003,0
OSMO.V,D,20220629,000000,0.808736,0.81498,0.776013,0.776013,1176.77172543,0
OSMO.V,D,20220630,000000,0.766141,0.785785,0.745363,0.752396,1791.30021974,0
OSMO.V,D,20220701,000000,0.756191,0.793646,0.756191,0.767002,1950.0503999000002,0
OSMO.V,D,20220702,000000,0.808709,0.810308,0.798541,0.803854,673.211724903,0
OSMO.V,D,20220703,000000,0.799839,0.818017,0.786897,0.789793,2064.037620954,0
OSMO.V,D,20220704,000000,0.799859,0.82411,0.796264,0.82411,2406.54407048,0
OSMO.V,D,20220705,000000,0.826707,0.859967,0.822394,0.822394,736.9574171229999,0
OSMO.V,D,20220706,000000,0.856856,0.867245,0.853061,0.856071,1302.8662510000001,0
OSMO.V,D,20220707,000000,0.83568,0.846368,0.815003,0.845069,1741.425599295,0
OSMO.V,D,20220708,000000,0.890965,0.891076,0.837997,0.877373,1533.4188596,0
OSMO.V,D,20220709,000000,0.876174,0.88267,0.859584,0.864394,756.819179313,0
OSMO.V,D,20220710,000000,0.861783,0.880571,0.829302,0.832001,1838.5378722299997,0
OSMO.V,D,20220711,000000,0.837297,0.845423,0.815429,0.845423,2021.3312095799997,0
OSMO.V,D,20220712,000000,0.81017,0.81017,0.746653,0.770928,2020.2512729189998,0
OSMO.V,D,20220713,000000,0.738161,0.775124,0.738161,0.757542,1390.5691533000002,0
OSMO.V,D,20220714,000000,0.770106,0.830435,0.770106,0.821307,5518.1456383899995,0
OSMO.V,D,20220715,000000,0.846692,0.878161,0.839796,0.871351,2093.5479337,0
OSMO.V,D,20220716,000000,0.845746,0.872825,0.845746,0.872825,2145.32232568,0
OSMO.V,D,20220717,000000,0.88726,0.889249,0.85327,0.85327,1100.9103232500001,0
OSMO.V,D,20220718,000000,0.887543,0.921725,0.876649,0.879662,1896.1392266099997,0
OSMO.V,D,20220719,000000,0.891359,0.918372,0.891359,0.918372,1539.64996265,0
OSMO.V,D,20220720,000000,0.968765,0.977696,0.943632,0.943632,0.05643791,0
OSMO.V,D,20220721,000000,0.928521,0.988848,0.914109,0.988848,568.9297633,0
OSMO.V,D,20220722,000000,0.988838,1.026364,0.951605,1.026364,1440.10546742,0
OSMO.V,D,20220723,000000,1.00119,1.021202,0.929019,0.947095,2260.35453004,0
OSMO.V,D,20220724,000000,0.963925,0.982512,0.949442,0.957882,2030.89423633,0
OSMO.V,D,20220725,000000,0.927009,0.927009,0.912073,0.9201,1008.55646228,0
OSMO.V,D,20220726,000000,0.894818,0.913118,0.847776,0.847776,2357.74650558,0
OSMO.V,D,20220727,000000,0.865195,0.942326,0.865195,0.942326,1513.394643,0
OSMO.V,D,20220728,000000,0.974483,1.066613,0.974483,1.066613,2437.37317335,0
OSMO.V,D,20220729,000000,1.067667,1.067667,1.030833,1.030833,75.441581762,0
OSMO.V,D,20220730,000000,1.044655,1.071721,1.044655,1.071721,526.759057584,0
OSMO.V,D,20220731,000000,1.04106,1.079816,1.04106,1.065056,65.94107016400001,0
OSMO.V,D,20220801,000000,1.054037,1.055417,1.038076,1.038076,152.435136608,0
OSMO.V,D,20220802,000000,1.0157,1.02344,0.99523,1.01051,1698.9526282826,0
OSMO.V,D,20220803,000000,1.006,1.03701,1.006,1.03538,240.045207114,0
OSMO.V,D,20220804,000000,1.05216,1.07928,1.02877,1.07928,630.3336738200001,0
OSMO.V,D,20220805,000000,1.01975,1.07347,1.01975,1.06635,393.561610726,0
OSMO.V,D,20220806,000000,1.0635,1.08627,1.0635,1.07636,126.867509461,0
OSMO.V,D,20220807,000000,1.09246,1.14863,1.0862,1.14021,500.42369041099994,0
OSMO.V,D,20220808,000000,1.14331,1.19948,1.13779,1.17906,551.0252863738,0
OSMO.V,D,20220809,000000,1.15863,1.15863,1.11797,1.11797,0.005347217,0
OSMO.V,D,20220810,000000,1.15505,1.17276,1.08865,1.1592,730.2738307258,0
OSMO.V,D,20220811,000000,1.19519,1.20515,1.18392,1.18881,1158.5188082579998,0
OSMO.V,D,20220812,000000,1.18009,1.19049,1.16231,1.16231,504.218644479,0
OSMO.V,D,20220813,000000,1.1868,1.26023,1.1868,1.22429,3165.3489309429992,0
OSMO.V,D,20220814,000000,1.22618,1.22618,1.19503,1.19503,372.614868611,0
OSMO.V,D,20220815,000000,1.17039,1.18384,1.1507,1.17183,1126.446074845,0
OSMO.V,D,20220816,000000,1.16738,1.20908,1.16738,1.20908,406.91532545300004,0
OSMO.V,D,20220817,000000,1.20023,1.21407,1.20023,1.21407,0.005118545,0
OSMO.V,D,20220818,000000,1.21562,1.2322,1.21562,1.2322,163.61676721299997,0
OSMO.V,D,20220819,000000,1.23322,1.23322,1.1088,1.13791,738.093983867,0
OSMO.V,D,20220820,000000,1.12961,1.13553,1.09082,1.09082,118.861354627,0
OSMO.V,D,20220821,000000,1.08738,1.14177,1.08738,1.1398,212.39945349609997,0
OSMO.V,D,20220822,000000,1.14392,1.14392,1.09132,1.09705,202.71011703899998,0
OSMO.V,D,20220823,000000,1.11863,1.18126,1.11863,1.17492,226.93824446900004,0
OSMO.V,D,20220824,000000,1.18646,1.25753,1.15485,1.25753,131.55050255199998,0
OSMO.V,D,20220825,000000,1.22559,1.28222,1.19665,1.28222,812.7951074749999,0
OSMO.V,D,20220826,000000,1.26734,1.27327,1.20762,1.20831,2282.2155706890003,0
OSMO.V,D,20220827,000000,1.15116,1.16401,1.13311,1.16401,199.30838810900002,0
OSMO.V,D,20220828,000000,1.125,1.15547,1.125,1.14048,2709.584289842,0
OSMO.V,D,20220829,000000,1.09421,1.17254,1.09325,1.14253,585.864767376,0
OSMO.V,D,20220830,000000,1.14379,1.18947,1.14151,1.14151,397.5731063288,0
OSMO.V,D,20220831,000000,1.17942,1.1941,1.15295,1.15295,242.625367593,0
OSMO.V,D,20220901,000000,1.18864,1.23788,1.1786,1.19785,374.7619931018901,0
OSMO.V,D,20220902,000000,1.25735,1.25735,1.21454,1.24692,463.361202941,0
OSMO.V,D,20220903,000000,1.22542,1.23735,1.1829,1.2097,194.07261794599998,0
OSMO.V,D,20220904,000000,1.213,1.22712,1.207,1.22712,88.174161746,0
OSMO.V,D,20220905,000000,1.21152,1.2442,1.2014,1.21172,178.951698327,0
OSMO.V,D,20220906,000000,1.21332,1.21332,1.1688,1.1688,258.038090819,0
OSMO.V,D,20220907,000000,1.17917,1.18968,1.13898,1.18968,183.30366874600003,0
OSMO.V,D,20220908,000000,1.20202,1.28182,1.20202,1.28182,170.22576176899997,0
OSMO.V,D,20220909,000000,1.29219,1.40441,1.29219,1.40441,140.973961,0
OSMO.V,D,20220910,000000,1.38858,1.41261,1.38858,1.41261,271.55707447,0
OSMO.V,D,20220911,000000,1.43013,1.43013,1.41878,1.41878,274.89117891999996,0
OSMO.V,D,20220912,000000,1.40844,1.40844,1.40844,1.40844,623.47005,0
OSMO.V,D,20220913,000000,1.39626,1.43037,1.334,1.334,2291.34429035203,0
OSMO.V,D,20220914,000000,1.29449,1.32367,1.29449,1.32367,0.02275816,0
OSMO.V,D,20220915,000000,1.29907,1.34275,1.27353,1.34275,359.934281135,0
OSMO.V,D,20220916,000000,1.35828,1.38486,1.35828,1.38486,401.392730332,0
OSMO.V,D,20220917,000000,1.4249,1.4249,1.4249,1.4249,223.72321,0
OSMO.V,D,20220918,000000,1.4125,1.4125,1.4125,1.4125,0.0007806296,0
OSMO.V,D,20220919,000000,1.3438,1.36924,1.3438,1.36924,274.23228573,0
OSMO.V,D,20220920,000000,1.35287,1.35287,1.33083,1.33083,771.32219,0
OSMO.V,D,20220921,000000,1.24852,1.25643,1.24852,1.25643,280.96355723,0
OSMO.V,D,20220922,000000,1.1984,1.2379,1.1984,1.2379,1094.0300130379999,0
OSMO.V,D,20220923,000000,1.28137,1.28137,1.22148,1.22148,614.11505162,0
OSMO.V,D,20220924,000000,1.22729,1.22729,1.22635,1.22635,286.04595021,0
OSMO.V,D,20220925,000000,1.19345,1.19345,1.19345,1.19345,0.0118146,0
OSMO.V,D,20220926,000000,1.1943,1.1967,1.1943,1.1967,0.02350824,0
OSMO.V,D,20220927,000000,1.19698,1.19698,1.1616,1.1616,0.02383757,0
OSMO.V,D,20220928,000000,1.16678,1.17708,1.1426,1.1426,0.03559913,0
OSMO.V,D,20220929,000000,1.1262,1.1262,1.1262,1.1262,0.007324461,0
OSMO.V,D,20220930,000000,1.1022,1.10442,1.1022,1.10442,0.02211763,0
OSMO.V,D,20221001,000000,1.11071,1.11071,1.11071,1.11071,0.01139125,0
OSMO.V,D,20221002,000000,1.0943,1.0943,1.0865,1.0865,497.78025398999995,0
OSMO.V,D,20221003,000000,1.0459,1.0459,1.0459,1.0459,0.01155682,0
OSMO.V,D,20221004,000000,1.10342,1.10342,1.10342,1.10342,0.009331229,0
OSMO.V,D,20221005,000000,1.07652,1.08412,1.07652,1.08171,335.00665066529,0
OSMO.V,D,20221006,000000,1.08894,1.08894,1.08894,1.08894,0.00835633,0
OSMO.V,D,20221007,000000,1.10042,1.10042,1.08786,1.08786,237.22098509399999,0
OSMO.V,D,20221008,000000,1.12315,1.12315,1.12315,1.12315,0,0
OSMO.V,D,20221009,000000,1.12811,1.12811,1.12352,1.12352,199.48946081900002,0
OSMO.V,D,20221010,000000,1.12531,1.12531,1.09579,1.09579,0.040485588,0
OSMO.V,D,20221011,000000,1.1245,1.1245,1.1245,1.1245,299.64975,0
OSMO.V,D,20221013,000000,1.08819,1.08819,1.06496,1.0687,492.81075778200005,0
OSMO.V,D,20221014,000000,1.16008,1.16009,1.16008,1.16009,217.794362778,0
OSMO.V,D,20221016,000000,1.1792,1.1792,1.1792,1.1792,0,0
OSMO.V,D,20221017,000000,1.20913,1.20913,1.20913,1.20913,487.461,0
OSMO.V,D,20221019,000000,1.19077,1.19822,1.19077,1.19596,194.90946972999998,0
OSMO.V,D,20221020,000000,1.15472,1.16562,1.15009,1.15262,1777.3239416800002,0
OSMO.V,D,20221021,000000,1.15079,1.15079,1.15079,1.15079,203.39883,0
OSMO.V,D,20221022,000000,1.14809,1.16125,1.14809,1.16125,469.662874,0
OSMO.V,D,20221023,000000,1.17564,1.17564,1.16082,1.16082,275.27903599,0
OSMO.V,D,20221024,000000,1.18845,1.19901,1.18683,1.18683,760.9752699999999,0
OSMO.V,D,20221025,000000,1.17788,1.21987,1.16472,1.21987,606.51604221,0
OSMO.V,D,20221026,000000,1.23642,1.23642,1.23642,1.23642,0.006410462,0
OSMO.V,D,20221027,000000,1.3012,1.3012,1.27628,1.27628,679.0200500000001,0
OSMO.V,D,20221028,000000,1.58926,1.65026,1.40731,1.58732,2334729.0701507423,0
OSMO.V,D,20221029,000000,1.58532,1.76155,1.51136,1.55637,4583716.214153068,0
OSMO.V,D,20221030,000000,1.55537,1.56137,1.4934,1.5233,505310.2257059277,0
OSMO.V,D,20221031,000000,1.52332,1.69788,1.51511,1.59087,707883.0960436071,0
OSMO.V,D,20221101,000000,1.5879,1.61979,1.53577,1.55781,153039.98221799737,0
OSMO.V,D,20221102,000000,1.56081,1.56081,1.44,1.46793,161279.96009094853,0
OSMO.V,D,20221103,000000,1.46993,1.54389,1.46993,1.51997,216651.7801078905,0
OSMO.V,D,20221104,000000,1.51898,1.649,1.50792,1.62311,251357.6815518414,0
OSMO.V,D,20221105,000000,1.62411,1.6792,1.61813,1.64008,207739.52269909074,0
OSMO.V,D,20221106,000000,1.64508,1.64608,1.57216,1.57805,66868.07726643606,0
OSMO.V,D,20221107,000000,1.57114,1.61305,1.51414,1.52917,231887.47603165524,0
OSMO.V,D,20221108,000000,1.533,1.55078,1.27003,1.35104,273759.14124779374,0
OSMO.V,D,20221109,000000,1.33198,1.36685,1.08411,1.11208,164501.41468209913,0
OSMO.V,D,20221110,000000,1.11249,1.39202,1.0958,1.29665,92298.13921711677,0
OSMO.V,D,20221111,000000,1.30962,1.483,1.20036,1.23348,38190.65711752904,0
OSMO.V,D,20221112,000000,1.23025,1.24852,1.17688,1.18985,52934.80697345714,0
OSMO.V,D,20221113,000000,1.19285,1.20395,1.11977,1.12942,63360.71874351761,0
OSMO.V,D,20221114,000000,1.12343,1.17359,1.07528,1.13042,66538.02877650408,0
OSMO.V,D,20221115,000000,1.1303,1.2008,1.1303,1.1797,29492.67565980724,0
OSMO.V,D,20221116,000000,1.17856,1.18386,1.11988,1.12694,41293.915291066165,0
OSMO.V,D,20221117,000000,1.132,1.14513,1.10204,1.11114,22563.40881529838,0
OSMO.V,D,20221118,000000,1.11312,1.14708,1.0992,1.11472,205096.6192666857,0
OSMO.V,D,20221119,000000,1.11271,1.12179,1.09777,1.11982,61297.909770711805,0
OSMO.V,D,20221120,000000,1.12183,1.13366,1.05382,1.05541,59973.95456159548,0
OSMO.V,D,20221121,000000,1.05641,1.05648,1.00096,1.01677,53615.09586104862,0
OSMO.V,D,20221122,000000,1.01678,1.03975,0.99071,1.02968,183691.37058558466,0
OSMO.V,D,20221123,000000,1.02667,1.06976,1.01588,1.01788,153093.57866417183,0
OSMO.V,D,20221124,000000,1.01788,1.03917,1.00908,1.02614,173401.459235538,0
OSMO.V,D,20221125,000000,1.02711,1.03018,0.99618,1.01242,36133.66432821114,0
OSMO.V,D,20221126,000000,1.01142,1.04136,1.01142,1.02435,172156.85011146386,0
OSMO.V,D,20221127,000000,1.02341,1.07938,1.02038,1.02637,154806.40014950096,0
OSMO.V,D,20221128,000000,1.02338,1.02338,0.96548,0.97964,63055.354145219186,0
OSMO.V,D,20221129,000000,0.98063,1.007657,0.97658,1.002609,86713.45687391178,0
OSMO.V,D,20221130,000000,1.00063,1.030536,0.99694,1.019061,38465.5839751162,0
OSMO.V,D,20221201,000000,1.017102,1.020102,0.983118,0.99306,36573.314858465725,0
OSMO.V,D,20221202,000000,0.99406,1.00412,0.981088,1.00206,60335.56401405081,0
OSMO.V,D,20221203,000000,1.00306,1.00806,0.981196,0.982196,65183.42115057889,0
OSMO.V,D,20221204,000000,0.980098,1.045209,0.975097,0.989198,112931.14155353632,0
OSMO.V,D,20221205,000000,0.986197,1.007081,0.971961,0.98102,55735.304561926314,0
OSMO.V,D,20221206,000000,0.98002,0.98301,0.946981,0.946981,115096.09103396056,0
OSMO.V,D,20221207,000000,0.949981,0.953,0.899982,0.908982,144588.4705648584,0
OSMO.V,D,20221208,000000,0.910009,0.918982,0.894089,0.914101,162080.19998841238,0
OSMO.V,D,20221209,000000,0.915064,0.922101,0.896009,0.900045,41244.03325672592,0
OSMO.V,D,20221210,000000,0.900045,4.581046,0.886,1.047979,17508347.297961816,0
OSMO.V,D,20221211,000000,1.046979,1.05,0.938094,0.938094,1962012.1361556812,0
OSMO.V,D,20221212,000000,0.943094,0.944189,0.894072,0.928065,696255.0674819296,0
OSMO.V,D,20221213,000000,0.930065,0.943141,0.895269,0.916789,401559.95051213476,0
OSMO.V,D,20221214,000000,0.916743,0.920843,0.885027,0.890062,260233.58902541673,0
OSMO.V,D,20221215,000000,0.888,0.894089,0.858086,0.859086,145802.187913737,0
OSMO.V,D,20221216,000000,0.858172,0.870087,0.755076,0.775077,478186.7013189562,0
OSMO.V,D,20221217,000000,0.773155,0.781156,0.747075,0.774101,237705.51299373395,0
OSMO.V,D,20221218,000000,0.776093,0.78307,0.762069,0.7711,156527.6937608089,0
OSMO.V,D,20221219,000000,0.7721,0.772131,0.738,0.743,185439.03786147782,0
OSMO.V,D,20221220,000000,0.745007,0.762069,0.730993,0.741022,353979.4108436279,0
OSMO.V,D,20221221,000000,0.74203,0.74403,0.711021,0.713029,139310.63877139287,0
OSMO.V,D,20221222,000000,0.712028,0.727971,0.70293,0.724891,172046.94492449934,0
OSMO.V,D,20221223,000000,0.725891,0.75003,0.721928,0.738933,175476.72165717147,0
OSMO.V,D,20221224,000000,0.737963,0.917908,0.737963,0.74697,2016269.2211211794,0
OSMO.V,D,20221225,000000,0.746955,0.750977,0.733905,0.744888,137590.33371621132,0
OSMO.V,D,20221226,000000,0.743933,0.747933,0.738926,0.743844,99115.35059886059,0
OSMO.V,D,20221227,000000,0.744858,0.760833,0.735698,0.736742,265672.4979769863,0
OSMO.V,D,20221228,000000,0.733714,0.737771,0.706597,0.708603,176569.08280829323,0
OSMO.V,D,20221229,000000,0.707625,0.707653,0.694715,0.698678,117431.44100037216,0
OSMO.V,D,20221230,000000,0.699678,0.703641,0.692716,0.693639,74923.73549759606,0
OSMO.V,D,20221231,000000,0.695659,0.696658,0.683644,0.683644,124295.4370864718,0
OSMO.V,D,20230101,000000,0.683658,0.689689,0.676621,0.686684,189983.3067466601,0
OSMO.V,D,20230102,000000,0.686677,0.724696,0.68272,0.714764,249419.0695574253,0
OSMO.V,D,20230103,000000,0.713779,0.821663,0.711786,0.722732,951959.6250702803,0
OSMO.V,D,20230104,000000,0.726724,0.741696,0.72471,0.730759,164151.3829268316,0
OSMO.V,D,20230105,000000,0.731758,0.735779,0.716742,0.719748,259741.71462540113,0
OSMO.V,D,20230106,000000,0.716742,0.724732,0.691626,0.723797,235127.50662699214,0
OSMO.V,D,20230107,000000,0.723776,0.726796,0.717777,0.71982,81229.27667382856,0
OSMO.V,D,20230108,000000,0.71982,0.733868,0.714907,0.731861,89655.60058225556,0
OSMO.V,D,20230109,000000,0.731861,0.775969,0.731861,0.75394,430566.41500381054,0
OSMO.V,D,20230110,000000,0.751,0.765977,0.74597,0.762053,98589.924682016,0
OSMO.V,D,20230111,000000,0.766115,0.800032,0.756894,0.775984,280838.32926260214,0
OSMO.V,D,20230112,000000,0.776,0.818049,0.776,0.816082,255799.81521311574,0
OSMO.V,D,20230113,000000,0.816073,0.83905,0.808887,0.833083,392051.66465192504,0
OSMO.V,D,20230114,000000,0.830066,0.87907,0.830066,0.860034,325840.8233389223,0
OSMO.V,D,20230115,000000,0.861086,0.866303,0.840092,0.860249,340765.3579613914,0
OSMO.V,D,20230116,000000,0.859249,0.906353,0.838008,0.838017,526242.1441615414,0
OSMO.V,D,20230117,000000,0.836025,0.844068,0.82605,0.833092,213816.89432484782,0
OSMO.V,D,20230118,000000,0.831083,0.835067,0.77993,0.790945,291204.1359210972,0
OSMO.V,D,20230119,000000,0.79396,0.798976,0.782,0.783976,103058.30398426774,0
OSMO.V,D,20230120,000000,0.784047,0.853128,0.783976,0.848144,430589.4082282005,0
OSMO.V,D,20230121,000000,0.849161,0.865164,0.840235,0.851128,453393.38849854446,0
OSMO.V,D,20230122,000000,0.848136,1.185213,0.833083,0.909182,6468264.630859593,0
OSMO.V,D,20230123,000000,0.913173,1.014142,0.912182,0.948142,2645439.1785570253,0
OSMO.V,D,20230124,000000,0.950152,0.9971,0.918147,0.92512,711556.9982389383,0
OSMO.V,D,20230125,000000,0.919074,1.00214,0.899117,0.977166,669437.1254613515,0
OSMO.V,D,20230126,000000,0.974166,0.993189,0.945028,0.952067,835860.6473395288,0
OSMO.V,D,20230127,000000,0.953076,0.989455,0.932214,0.96829,506765.6660460511,0
OSMO.V,D,20230128,000000,0.978333,1.007534,0.960182,0.960192,342929.41747749527,0
OSMO.V,D,20230129,000000,0.962212,1.230209,0.955229,1.047052,3817162.079033,0
OSMO.V,D,20230130,000000,1.046031,1.089054,0.950981,0.959048,1267313.2159525147,0
OSMO.V,D,20230131,000000,0.960058,0.985049,0.954933,0.978098,404058.53811929026,0
OSMO.V,D,20230201,000000,0.974068,1.174,0.969029,1.053063,2761893.7151032942,0
OSMO.V,D,20230202,000000,1.054053,1.111089,1.044063,1.059212,1210419.7169735504,0
OSMO.V,D,20230203,000000,1.061212,1.149057,1.04821,1.09509,1330195.0170312037,0
OSMO.V,D,20230204,000000,1.09809,1.11208,1.03817,1.0631,1545801.4820588822,0
OSMO.V,D,20230205,000000,1.0661,1.0661,1.00431,1.01826,626984.5380295485,0
OSMO.V,D,20230206,000000,1.01625,1.04102,0.99019,1.03204,534044.1386124822,0
OSMO.V,D,20230207,000000,1.03003,1.09407,1.01507,1.09407,862408.6536022389,0
OSMO.V,D,20230208,000000,1.09305,1.10907,1.05307,1.10307,576198.9066133141,0
OSMO.V,D,20230209,000000,1.10609,1.13397,1.00115,1.0061,951717.4539772741,0
OSMO.V,D,20230210,000000,1.00614,1.03625,1.00208,1.00813,206076.41603149002,0
OSMO.V,D,20230211,000000,1.00816,1.02309,0.9961,1.02109,208226.39406046784,0
OSMO.V,D,20230212,000000,1.0211,1.03711,1.00115,1.01107,264166.95270014345,0
OSMO.V,D,20230213,000000,1.01409,1.01409,0.93568,0.95353,185737.5669377743,0
OSMO.V,D,20230214,000000,0.95646,0.992397,0.95275,0.978381,333085.9463714802,0
OSMO.V,D,20230215,000000,0.979411,1.030144,0.976264,1.029175,412069.182993338,0
OSMO.V,D,20230216,000000,1.027164,1.053179,0.9991,1.00032,514869.0525687802,0
OSMO.V,D,20230217,000000,0.99928,1.02999,0.989119,1.016091,275331.3573129393,0
OSMO.V,D,20230218,000000,1.017132,1.073215,1.009192,1.06417,590470.4820860055,0
OSMO.V,D,20230219,000000,1.065181,1.108166,1.035279,1.04523,672504.7086781764,0
OSMO.V,D,20230220,000000,1.04424,1.085109,0.988277,1.072096,672428.1180162664,0
OSMO.V,D,20230221,000000,1.071075,1.088174,1.01415,1.02426,325442.37787962524,0
OSMO.V,D,20230222,000000,1.02517,1.0331,0.98417,1.0081,119565.8939145076,0
OSMO.V,D,20230223,000000,1.00905,1.02509,0.99911,1.01108,235033.3555441311,0
OSMO.V,D,20230224,000000,1.01015,1.01915,0.97011,0.97199,292906.377244506,0
OSMO.V,D,20230225,000000,0.97302,0.97705,0.93117,0.94606,173676.97617744154,0
OSMO.V,D,20230226,000000,0.9481,0.979069,0.9481,0.964096,161497.9765858377,0
OSMO.V,D,20230227,000000,0.970107,0.976029,0.950048,0.959048,174756.1759815964,0
OSMO.V,D,20230228,000000,0.959048,0.968039,0.935243,0.944198,341785.3262689185,0
OSMO.V,D,20230301,000000,0.944198,0.951019,0.91511,0.940113,299130.4524017098,0
OSMO.V,D,20230302,000000,0.942141,0.949142,0.891938,0.907073,203084.37810676,0
OSMO.V,D,20230303,000000,0.908082,0.908082,0.843034,0.848059,372436.3109537247,0
OSMO.V,D,20230304,000000,0.848076,0.856094,0.832042,0.840059,161710.9371587649,0
OSMO.V,D,20230305,000000,0.841059,0.866087,0.841059,0.851102,140200.5357129997,0
OSMO.V,D,20230306,000000,0.850094,0.866957,0.83921,0.85794,122568.74899618478,0
OSMO.V,D,20230307,000000,0.859914,0.862,0.832883,0.840042,89259.36765508536,0
OSMO.V,D,20230308,000000,0.838992,0.847949,0.80196,0.80396,143972.02384695137,0
OSMO.V,D,20230309,000000,0.80288,0.910672,0.777829,0.789126,1379010.3244687235,0
OSMO.V,D,20230310,000000,0.789071,0.815008,0.759939,0.800586,562781.431877567,0
OSMO.V,D,20230311,000000,0.801932,0.863423,0.759145,0.793249,488081.11649452895,0
OSMO.V,D,20230312,000000,0.793831,0.836288,0.793831,0.832771,211411.22405470323,0
OSMO.V,D,20230313,000000,0.833872,0.881195,0.82224,0.870494,206387.43047125716,0
OSMO.V,D,20230314,000000,0.869438,0.911124,0.859261,0.900184,250633.22354951568,0
OSMO.V,D,20230315,000000,0.905861,0.911535,0.815008,0.85563,291374.7616150131,0
OSMO.V,D,20230316,000000,0.855544,0.875958,0.844947,0.870083,187374.61422775246,0
OSMO.V,D,20230317,000000,0.872262,0.904408,0.865892,0.897685,143284.05343128488,0
OSMO.V,D,20230318,000000,0.898679,0.906296,0.847281,0.854547,290980.2565503411,0
OSMO.V,D,20230319,000000,0.85555,0.884972,0.84536,0.856596,220763.69346474635,0
OSMO.V,D,20230320,000000,0.855576,0.860548,0.810876,0.815967,225744.91983313317,0
OSMO.V,D,20230321,000000,0.817975,0.843481,0.797981,0.83065,211215.610478101,0
OSMO.V,D,20230322,000000,0.831645,0.834612,0.780093,0.795205,210278.51392582245,0
OSMO.V,D,20230323,000000,0.796231,0.827203,0.79417,0.814764,188914.87865198345,0
OSMO.V,D,20230324,000000,0.813681,0.818503,0.781914,0.786802,184132.92087771418,0
OSMO.V,D,20230325,000000,0.786872,0.79879,0.77988,0.789757,131509.33788762262,0
OSMO.V,D,20230326,000000,0.788764,0.810721,0.787779,0.800904,110730.84921921455,0
OSMO.V,D,20230327,000000,0.801881,0.808719,0.762511,0.77538,249320.04057449466,0
OSMO.V,D,20230328,000000,0.774364,0.810219,0.76833,0.802313,187363.82592059948,0
OSMO.V,D,20230329,000000,0.801304,0.823263,0.800208,0.814138,133927.0610975071,0
OSMO.V,D,20230330,000000,0.812244,0.820221,0.78711,0.800264,210699.11893555036,0
OSMO.V,D,20230331,000000,0.799144,0.807323,0.791229,0.803169,197434.296515847,0
OSMO.V,D,20230401,000000,0.803249,0.813341,0.799256,0.807299,260007.6811387405,0
OSMO.V,D,20230402,000000,0.808331,0.811333,0.778529,0.783384,215109.98667612456,0
OSMO.V,D,20230403,000000,0.783485,0.790324,0.764321,0.771285,247423.55461833728,0
OSMO.V,D,20230404,000000,0.772301,0.796271,0.772301,0.785322,159310.28371739213,0
OSMO.V,D,20230405,000000,0.786401,0.807371,0.783243,0.796295,300517.90910703596,0
OSMO.V,D,20230406,000000,0.797287,0.803161,0.78529,0.792269,100871.70179412584,0
OSMO.V,D,20230407,000000,0.792285,0.794389,0.765459,0.778654,219411.45982158507,0
OSMO.V,D,20230408,000000,0.777583,0.782391,0.766414,0.770308,178301.02051559262,0
OSMO.V,D,20230409,000000,0.7703,0.773495,0.759433,0.771447,241933.52870608857,0
OSMO.V,D,20230410,000000,0.77147,0.782532,0.764489,0.775636,310233.7159571615,0
OSMO.V,D,20230411,000000,0.781594,0.789663,0.776745,0.785769,281514.58808045863,0
OSMO.V,D,20230412,000000,0.784776,0.784776,0.764076,0.780608,186224.58567544987,0
OSMO.V,D,20230413,000000,0.781648,0.812853,0.778607,0.806774,384077.80939822266,0
OSMO.V,D,20230414,000000,0.807767,0.842707,0.806838,0.842707,584464.7759300781,0
OSMO.V,D,20230415,000000,0.8437,0.853682,0.839738,0.842758,292479.4464866344,0
OSMO.V,D,20230416,000000,0.841748,0.874594,0.841748,0.868608,846230.0074693353,0
OSMO.V,D,20230417,000000,0.869591,0.87563,0.845389,0.847449,527134.3087177561,0
OSMO.V,D,20230418,000000,0.849569,0.881352,0.841362,0.875149,704853.2350407714,0
OSMO.V,D,20230419,000000,0.875166,0.881529,0.818384,0.825412,470091.67533788993,0
OSMO.V,D,20230420,000000,0.826438,0.828414,0.78785,0.793111,242011.76130566854,0
OSMO.V,D,20230421,000000,0.79604,0.799032,0.755871,0.757939,163739.2340621511,0
OSMO.V,D,20230422,000000,0.755924,0.771015,0.754015,0.766077,252232.06080446165,0
OSMO.V,D,20230423,000000,0.769069,0.772062,0.746179,0.757038,155272.66428747468,0
OSMO.V,D,20230424,000000,0.755038,0.763023,0.74606,0.750015,243286.08924977953,0
OSMO.V,D,20230425,000000,0.749022,0.758288,0.737029,0.758174,160469.88352952563,0
OSMO.V,D,20230426,000000,0.760175,0.796382,0.723087,0.761259,1263450.4110781744,0
OSMO.V,D,20230427,000000,0.762244,0.825223,0.755294,0.809275,1396080.4741958128,0
OSMO.V,D,20230428,000000,0.810259,0.810259,0.782336,0.793626,437601.07246833073,0
OSMO.V,D,20230429,000000,0.793595,0.795628,0.781531,0.786464,114463.61318180535,0
OSMO.V,D,20230430,000000,0.78644,0.798327,0.770462,0.77545,207265.01248655596,0
OSMO.V,D,20230501,000000,0.775426,0.776357,0.722993,0.730212,421082.16763664305,0
OSMO.V,D,20230502,000000,0.731183,0.755128,0.724616,0.739151,393600.05028113455,0
OSMO.V,D,20230503,000000,0.739251,0.742075,0.717094,0.735098,469947.4280986902,0
OSMO.V,D,20230504,000000,0.734798,0.746679,0.726219,0.726261,456370.2984379619,0
OSMO.V,D,20230505,000000,0.726662,0.746815,0.724961,0.737871,451893.38489583775,0
OSMO.V,D,20230506,000000,0.73677,0.740025,0.699075,0.701418,337204.47825953923,0
OSMO.V,D,20230507,000000,0.701491,0.709736,0.698423,0.700018,395365.6405349543,0
OSMO.V,D,20230508,000000,0.700219,0.701934,0.656653,0.663711,560408.8268502431,0
OSMO.V,D,20230509,000000,0.663404,0.669969,0.649449,0.651451,433598.5310375605,0
OSMO.V,D,20230510,000000,0.650186,0.670337,0.64034,0.661661,424039.9530970656,0
OSMO.V,D,20230511,000000,0.661761,0.662762,0.627064,0.639439,386327.4146044504,0
OSMO.V,D,20230512,000000,0.639839,0.655255,0.629114,0.63851,405916.85071293265,0
OSMO.V,D,20230513,000000,0.63831,0.641785,0.629277,0.632779,323760.8232454267,0
OSMO.V,D,20230514,000000,0.631816,0.639483,0.627814,0.63338,308747.23354171857,0
OSMO.V,D,20230515,000000,0.633216,0.64345,0.624374,0.634644,336778.7015936601,0
OSMO.V,D,20230516,000000,0.634844,0.634844,0.623536,0.629815,406476.7844868721,0
OSMO.V,D,20230517,000000,0.629852,0.637519,0.618909,0.630515,520390.3268154914,0
OSMO.V,D,20230518,000000,0.630452,0.636991,0.613584,0.620948,445689.7820455177,0
OSMO.V,D,20230519,000000,0.621148,0.623206,0.609904,0.612578,470463.75537223415,0
OSMO.V,D,20230520,000000,0.612506,0.615292,0.609888,0.61175,317297.193650534,0
OSMO.V,D,20230521,000000,0.61205,0.612512,0.599259,0.601261,408758.5988617857,0
OSMO.V,D,20230522,000000,0.6007,0.622673,0.594356,0.597058,420857.47816252685,0
OSMO.V,D,20230523,000000,0.596684,0.606803,0.592748,0.596336,673157.0762264495,0
OSMO.V,D,20230524,000000,0.59633,0.677012,0.579419,0.599164,2861817.863306343,0
OSMO.V,D,20230525,000000,0.59927,0.607021,0.588635,0.597018,1052362.849483747,0
OSMO.V,D,20230526,000000,0.597139,0.601312,0.591424,0.593019,534348.5252413672,0
OSMO.V,D,20230527,000000,0.592978,0.592978,0.573689,0.574813,614917.7194850938,0
OSMO.V,D,20230528,000000,0.574872,0.59133,0.57423,0.59113,472934.1780369701,0
OSMO.V,D,20230529,000000,0.59123,0.596161,0.578133,0.579174,372440.9086130359,0
OSMO.V,D,20230530,000000,0.577167,0.584164,0.561123,0.570228,829409.195653821,0
OSMO.V,D,20230531,000000,0.571228,0.574155,0.552094,0.553088,583474.8948761061,0
OSMO.V,D,20230601,000000,0.5531,0.560157,0.545054,0.555161,475104.65430390177,0
OSMO.V,D,20230602,000000,0.554155,0.572223,0.549104,0.568148,408556.7315914139,0
OSMO.V,D,20230603,000000,0.567159,0.580209,0.567159,0.57523,464131.9857045304,0
OSMO.V,D,20230604,000000,0.575218,0.583169,0.575178,0.580186,326817.4628791626,0
OSMO.V,D,20230605,000000,0.581186,0.584187,0.536155,0.541162,672550.6984166794,0
OSMO.V,D,20230606,000000,0.537161,0.556106,0.529063,0.551154,435414.5499550803,0
OSMO.V,D,20230607,000000,0.551154,0.55116,0.520057,0.520057,571624.6037540509,0
OSMO.V,D,20230608,000000,0.521047,0.528753,0.516995,0.522894,526540.5370431794,0
OSMO.V,D,20230609,000000,0.522294,0.526295,0.506104,0.510103,442587.6706073585,0
OSMO.V,D,20230610,000000,0.510213,0.510749,0.449011,0.464769,548610.9113583282,0
OSMO.V,D,20230611,000000,0.464569,0.472794,0.459097,0.471889,506401.49958825734,0
OSMO.V,D,20230612,000000,0.471689,0.475943,0.461738,0.475019,427809.54463461775,0
OSMO.V,D,20230613,000000,0.474924,0.476962,0.461489,0.46264,538866.7603201816,0
OSMO.V,D,20230614,000000,0.462544,0.467663,0.449006,0.451259,376754.39789455215,0
OSMO.V,D,20230615,000000,0.451359,0.460404,0.44621,0.45831,436757.2307795112,0
OSMO.V,D,20230616,000000,0.458319,0.505633,0.453074,0.488014,1559305.344147761,0
OSMO.V,D,20230617,000000,0.488119,0.503958,0.486878,0.502594,225287.0239812217,0
OSMO.V,D,20230618,000000,0.502289,0.505057,0.490712,0.491087,178839.2215910882,0
OSMO.V,D,20230619,000000,0.491087,0.493698,0.478127,0.486849,1244900.489831846,0
OSMO.V,D,20230620,000000,0.487544,0.50048,0.478399,0.499085,560884.8349549795,0
OSMO.V,D,20230621,000000,0.502575,0.5183,0.497075,0.510726,394421.4020628801,0
OSMO.V,D,20230622,000000,0.511451,0.525805,0.509171,0.511507,244358.73049840247,0
OSMO.V,D,20230623,000000,0.512002,0.525589,0.507232,0.517405,385060.645025586,0
OSMO.V,D,20230624,000000,0.517205,0.526131,0.510765,0.512923,269768.126351154,0
OSMO.V,D,20230625,000000,0.513418,0.529001,0.512772,0.51476,284835.29021207633,0
OSMO.V,D,20230626,000000,0.514254,0.516634,0.49825,0.498905,377447.81344907766,0
OSMO.V,D,20230627,000000,0.49841,0.506267,0.496799,0.504996,234085.85384158397,0
OSMO.V,D,20230628,000000,0.505196,0.505351,0.4829,0.487195,237941.37945206903,0
OSMO.V,D,20230629,000000,0.487661,0.49723,0.482342,0.487651,297586.477910511,0
OSMO.V,D,20230630,000000,0.487142,0.498785,0.478714,0.493512,409942.31004852446,0
OSMO.V,D,20230701,000000,0.493627,0.5036,0.489024,0.501495,220731.9827573295,0
OSMO.V,D,20230702,000000,0.5007,0.502875,0.49172,0.495325,216986.74438794045,0
OSMO.V,D,20230703,000000,0.495045,0.527005,0.494849,0.516236,345951.50628799974,0
OSMO.V,D,20230704,000000,0.516441,0.516726,0.500705,0.504011,260868.54444564116,0
OSMO.V,D,20230705,000000,0.504001,0.50941,0.48711,0.487573,282341.97819674003,0
OSMO.V,D,20230706,000000,0.487673,0.50279,0.478238,0.49686,417913.2425586116,0
OSMO.V,D,20230707,000000,0.49706,0.499375,0.489168,0.490849,523934.13793208526,0
OSMO.V,D,20230708,000000,0.491044,0.494444,0.484824,0.486978,221265.40463474015,0
OSMO.V,D,20230709,000000,0.487178,0.503381,0.486854,0.497089,256656.76169337585,0
OSMO.V,D,20230710,000000,0.496884,0.501265,0.48909,0.49484,252537.09961674042,0
OSMO.V,D,20230711,000000,0.492694,0.495915,0.487939,0.488605,228616.5055992775,0
OSMO.V,D,20230712,000000,0.488724,0.496795,0.482252,0.484761,485356.7935345153,0
OSMO.V,D,20230713,000000,0.485185,0.517909,0.480681,0.512305,969192.981369582,0
OSMO.V,D,20230714,000000,0.5129,0.675144,0.5129,0.561475,4490512.783454184,0
OSMO.V,D,20230715,000000,0.556272,0.563169,0.535155,0.538156,2443053.6420267047,0
OSMO.V,D,20230716,000000,0.538161,0.540162,0.520198,0.523241,357422.8332868091,0
OSMO.V,D,20230717,000000,0.524246,0.529138,0.508076,0.517093,448628.75617613987,0
OSMO.V,D,20230718,000000,0.518098,0.521089,0.505015,0.510112,144351.52034998743,0
OSMO.V,D,20230719,000000,0.509117,0.519088,0.50798,0.511995,193822.17979619323,0
OSMO.V,D,20230720,000000,0.511995,0.525421,0.509046,0.515295,246756.52053717888,0
OSMO.V,D,20230721,000000,0.515359,0.524,0.515295,0.52311,190245.60435256193,0
OSMO.V,D,20230722,000000,0.524705,0.527295,0.513651,0.513957,551434.5633753855,0
OSMO.V,D,20230723,000000,0.513656,0.513656,0.504185,0.504185,305481.94922952715,0
OSMO.V,D,20230724,000000,0.50489,0.507475,0.488473,0.489946,396469.73759010487,0
OSMO.V,D,20230725,000000,0.489441,0.49794,0.485747,0.493065,283685.68034042517,0
OSMO.V,D,20230726,000000,0.493156,0.494685,0.484803,0.49132,320941.846196548,0
OSMO.V,D,20230727,000000,0.490915,0.496295,0.487103,0.490073,207340.31230090582,0
OSMO.V,D,20230728,000000,0.489563,0.495891,0.486049,0.49299,196613.6575594399,0
OSMO.V,D,20230729,000000,0.493985,0.494985,0.489966,0.491995,102934.71120191591,0
OSMO.V,D,20230730,000000,0.492,0.49403,0.48501,0.488956,115219.94674475418,0
OSMO.V,D,20230731,000000,0.488956,0.495955,0.476909,0.478928,167617.51152710096,0
OSMO.V,D,20230801,000000,0.477924,0.480937,0.466622,0.473758,122963.38516927097,0
OSMO.V,D,20230802,000000,0.473763,0.480827,0.4687,0.470732,231626.9270355582,0
OSMO.V,D,20230803,000000,0.469228,0.471094,0.462906,0.464619,318049.9718474811,0
OSMO.V,D,20230804,000000,0.464623,0.465042,0.454205,0.456903,281070.22245571227,0
OSMO.V,D,20230805,000000,0.457003,0.4609,0.453605,0.45885,619650.1178410786,0
OSMO.V,D,20230806,000000,0.458392,0.462676,0.451559,0.452955,372430.84154693945,0
OSMO.V,D,20230807,000000,0.45321,0.462773,0.448232,0.454776,346388.2851218525,0
OSMO.V,D,20230808,000000,0.455062,0.459736,0.454163,0.458731,368180.83408629557,0
OSMO.V,D,20230809,000000,0.458731,0.460751,0.450312,0.451402,338957.8066808542,0
OSMO.V,D,20230810,000000,0.451407,0.462274,0.448615,0.451621,248098.35821293294,0
OSMO.V,D,20230811,000000,0.451616,0.458934,0.446918,0.450304,279365.9988278747,0
OSMO.V,D,20230812,000000,0.451003,0.460356,0.450077,0.453946,360007.71616556245,0
OSMO.V,D,20230813,000000,0.454041,0.458888,0.452506,0.455045,312018.40786314534,0
OSMO.V,D,20230814,000000,0.45504,0.464642,0.451852,0.458172,308556.3157107861,0
OSMO.V,D,20230815,000000,0.458277,0.459797,0.440588,0.443503,303883.2617724474,0
OSMO.V,D,20230816,000000,0.443407,0.496079,0.424728,0.424728,557203.5152651021,0
OSMO.V,D,20230817,000000,0.424524,0.554317,0.420858,0.433822,18932125.27986241,0
OSMO.V,D,20230818,000000,0.43178,0.452909,0.427769,0.441814,1957668.05367559,0
OSMO.V,D,20230819,000000,0.438816,0.440837,0.428884,0.436886,429009.5389344055,0
OSMO.V,D,20230820,000000,0.435874,0.44292,0.428953,0.431978,892025.7090887245,0
OSMO.V,D,20230821,000000,0.430966,0.432987,0.416917,0.420941,585331.55721739,0
OSMO.V,D,20230822,000000,0.420937,0.421911,0.398884,0.399864,459741.490684046,0
OSMO.V,D,20230823,000000,0.39946,0.429163,0.39946,0.409022,656403.9562084313,0
OSMO.V,D,20230824,000000,0.408802,0.455386,0.401467,0.401995,362140.916115085,0
OSMO.V,D,20230825,000000,0.401795,0.407219,0.396362,0.397381,383914.37946490245,0
OSMO.V,D,20230826,000000,0.398793,0.408004,0.385999,0.390481,289557.36214007455,0
OSMO.V,D,20230827,000000,0.391796,0.3921,0.372447,0.376419,515784.44772225147,0
OSMO.V,D,20230828,000000,0.377019,0.381798,0.372705,0.378803,539713.9096307721,0
OSMO.V,D,20230829,000000,0.376808,0.393059,0.373738,0.385069,325256.66730379907,0
OSMO.V,D,20230830,000000,0.385069,0.388066,0.374955,0.376,393085.96731450636,0
OSMO.V,D,20230831,000000,0.378496,0.414975,0.358953,0.362938,2190756.2329312693,0
OSMO.V,D,20230901,000000,0.361953,0.363898,0.351778,0.353819,395839.3206201193,0
OSMO.V,D,20230902,000000,0.353241,0.363956,0.35157,0.355961,348455.4473558777,0
OSMO.V,D,20230903,000000,0.354361,0.363142,0.352558,0.356236,285920.8330646501,0
OSMO.V,D,20230904,000000,0.356136,0.390979,0.352687,0.357682,396629.2336323489,0
OSMO.V,D,20230905,000000,0.351916,0.360794,0.34986,0.358824,375711.7013035145,0
OSMO.V,D,20230906,000000,0.358824,0.361826,0.35086,0.358785,448611.08341961337,0
OSMO.V,D,20230907,000000,0.357782,0.363774,0.352778,0.356818,433566.25829478464,0
OSMO.V,D,20230908,000000,0.355836,0.360856,0.345837,0.350951,951638.2132485374,0
OSMO.V,D,20230909,000000,0.349951,0.352901,0.346875,0.348895,298363.51883345,0
OSMO.V,D,20230910,000000,0.348892,0.349895,0.33294,0.336872,471438.1161646865,0
OSMO.V,D,20230911,000000,0.337875,0.337892,0.316914,0.317901,504311.147978044,0
OSMO.V,D,20230912,000000,0.317898,0.328908,0.317876,0.323974,509836.0490269421,0
OSMO.V,D,20230913,000000,0.324971,0.329577,0.320971,0.324465,356213.525584819,0
OSMO.V,D,20230914,000000,0.324865,0.332046,0.322829,0.330092,574457.9327557244,0
OSMO.V,D,20230915,000000,0.331089,0.335101,0.32598,0.33101,504175.44571482006,0
OSMO.V,D,20230916,000000,0.330987,0.339031,0.330987,0.33803,241138.408896592,0
OSMO.V,D,20230917,000000,0.33803,0.340048,0.329072,0.331079,420053.8550193183,0
OSMO.V,D,20230918,000000,0.330083,0.342068,0.328046,0.33606,429953.6184779324,0
OSMO.V,D,20230919,000000,0.33575,0.342875,0.33266,0.338547,498507.46402923984,0
OSMO.V,D,20230920,000000,0.338944,0.342244,0.330593,0.332717,449075.576427616,0
OSMO.V,D,20230921,000000,0.332813,0.33622,0.324468,0.325687,538526.3652641311,0
OSMO.V,D,20230922,000000,0.32549,0.327384,0.322271,0.322881,264153.3915129816,0
OSMO.V,D,20230923,000000,0.322881,0.32862,0.32149,0.323419,298932.92286567215,0
OSMO.V,D,20230924,000000,0.323123,0.326023,0.32061,0.323413,159472.27729785856,0
OSMO.V,D,20230925,000000,0.323316,0.326429,0.315405,0.315784,349041.321726189,0
OSMO.V,D,20230926,000000,0.315881,0.328121,0.314362,0.314665,356119.06440615887,0
OSMO.V,D,20230927,000000,0.314349,0.32474,0.303675,0.304178,567786.7334802651,0
OSMO.V,D,20230928,000000,0.303775,0.334063,0.302758,0.309094,776067.2962457715,0
OSMO.V,D,20230929,000000,0.309491,0.322039,0.308557,0.311266,714137.173418397,0
OSMO.V,D,20230930,000000,0.311066,0.322764,0.307782,0.311859,991915.0303234174,0
OSMO.V,D,20231001,000000,0.311262,0.318732,0.311053,0.316738,1228760.3211009288,0
OSMO.V,D,20231002,000000,0.316638,0.325798,0.305589,0.305689,739703.1175479104,0
OSMO.V,D,20231003,000000,0.305689,0.311278,0.305194,0.3075,509912.37111208576,0
OSMO.V,D,20231004,000000,0.307525,0.307625,0.296306,0.296806,368878.52030232287,0
OSMO.V,D,20231005,000000,0.299615,0.304406,0.292659,0.294482,452559.66830651363,0
OSMO.V,D,20231006,000000,0.294482,0.299602,0.291479,0.297519,563083.6273284086,0
OSMO.V,D,20231007,000000,0.297822,0.298125,0.293379,0.297069,518261.1113074548,0
OSMO.V,D,20231008,000000,0.297369,0.297402,0.284862,0.284862,423232.50196640583,0
OSMO.V,D,20231009,000000,0.28516,0.286163,0.267053,0.270054,464212.40441424004,0
OSMO.V,D,20231010,000000,0.271054,0.318457,0.265029,0.267027,6102068.6421977505,0
OSMO.V,D,20231011,000000,0.268029,0.269035,0.259922,0.261927,750063.7824298803,0
OSMO.V,D,20231012,000000,0.260427,0.26254,0.247016,0.250005,1077043.2143018395,0
OSMO.V,D,20231013,000000,0.250207,0.252004,0.247511,0.251042,862285.135005447,0
OSMO.V,D,20231014,000000,0.251345,0.252562,0.249378,0.250682,499332.5494871765,0
OSMO.V,D,20231015,000000,0.250095,0.33508,0.249588,0.25921,12384825.500389526,0
OSMO.V,D,20231016,000000,0.258613,0.262303,0.24814,0.250403,2452454.5456689587,0
OSMO.V,D,20231017,000000,0.250503,0.251786,0.240086,0.240389,1429498.6840167635,0
OSMO.V,D,20231018,000000,0.239989,0.24297,0.232947,0.234552,2002868.6398239927,0
OSMO.V,D,20231019,000000,0.234049,0.23564,0.224287,0.22569,1124256.5586024884,0
OSMO.V,D,20231020,000000,0.22499,0.234044,0.223999,0.228994,1396742.604716781,0
OSMO.V,D,20231021,000000,0.229594,0.240018,0.228091,0.238817,1507704.1254936117,0
OSMO.V,D,20231022,000000,0.239017,0.241723,0.23573,0.237281,851659.9863397053,0
OSMO.V,D,20231023,000000,0.236583,0.2499,0.235883,0.247326,1149538.96205801,0
OSMO.V,D,20231024,000000,0.247426,0.262824,0.247329,0.255669,1895440.1649380107,0
OSMO.V,D,20231025,000000,0.255267,0.269265,0.254369,0.265861,1001357.0647271515,0
OSMO.V,D,20231026,000000,0.266061,0.282362,0.265958,0.2714,1409793.949951727,0
OSMO.V,D,20231027,000000,0.271503,0.28,0.268851,0.274963,1100007.4547338483,0
OSMO.V,D,20231028,000000,0.276063,0.287046,0.275358,0.286346,510206.19703049207,0
OSMO.V,D,20231029,000000,0.286452,0.304185,0.283554,0.303991,722715.9138762595,0
OSMO.V,D,20231030,000000,0.303509,0.368655,0.299287,0.362219,7775394.014717504,0
OSMO.V,D,20231031,000000,0.362223,0.395786,0.342769,0.361652,5848716.6959343385,0
OSMO.V,D,20231101,000000,0.360751,0.368474,0.33385,0.356711,3247157.764276253,0
OSMO.V,D,20231102,000000,0.356814,0.78871,0.354917,0.468456,48643588.57563471,0
OSMO.V,D,20231103,000000,0.468656,0.494489,0.405089,0.43587,18756714.287773136,0
OSMO.V,D,20231104,000000,0.435866,0.447304,0.426079,0.447059,2675036.945141126,0
OSMO.V,D,20231105,000000,0.446837,0.50667,0.446236,0.479283,4790729.67608143,0
OSMO.V,D,20231106,000000,0.479173,0.565722,0.477348,0.539451,6467987.987717694,0
OSMO.V,D,20231107,000000,0.540646,0.540646,0.494414,0.506928,2145076.807489891,0
OSMO.V,D,20231108,000000,0.506543,0.532891,0.504237,0.528121,1814006.9173447273,0
OSMO.V,D,20231109,000000,0.526916,0.540927,0.50016,0.5245,1808780.118674683,0
OSMO.V,D,20231110,000000,0.522699,0.550881,0.521583,0.549486,1424833.1355245004,0
OSMO.V,D,20231111,000000,0.550481,0.709447,0.545216,0.634465,5874364.503286452,0
OSMO.V,D,20231112,000000,0.634752,0.651034,0.613878,0.62645,2787318.6033764165,0
OSMO.V,D,20231113,000000,0.627551,0.71535,0.618377,0.645681,2138711.8523809807,0
OSMO.V,D,20231114,000000,0.646281,0.648181,0.601736,0.61168,1574749.7777451545,0
OSMO.V,D,20231115,000000,0.611798,0.687779,0.600666,0.684929,2568114.113304894,0
OSMO.V,D,20231116,000000,0.685636,0.715607,0.66388,0.677775,1569245.4398670404,0
OSMO.V,D,20231117,000000,0.678775,0.699791,0.638045,0.659724,1531993.7217760591,0
OSMO.V,D,20231118,000000,0.661018,0.82452,0.63139,0.682834,6178591.239421422,0
OSMO.V,D,20231119,000000,0.683435,0.687837,0.656361,0.663592,1551886.6119930088,0
OSMO.V,D,20231120,000000,0.663592,0.680467,0.645267,0.650248,988573.5155054232,0
OSMO.V,D,20231121,000000,0.650242,0.65143,0.593731,0.596226,1178649.802844803,0
OSMO.V,D,20231122,000000,0.596126,0.637649,0.5895,0.63359,803610.8438998857,0
OSMO.V,D,20231123,000000,0.63349,0.644822,0.628151,0.634089,689092.528116153,0
OSMO.V,D,20231124,000000,0.635389,0.661131,0.631176,0.648512,700398.5303563494,0
OSMO.V,D,20231125,000000,0.649439,0.696376,0.643618,0.667494,873366.2397111305,0
OSMO.V,D,20231126,000000,0.668988,0.693295,0.654977,0.677257,1234441.7748561422,0
OSMO.V,D,20231127,000000,0.677357,0.682118,0.63042,0.637913,757781.4524666322,0
OSMO.V,D,20231128,000000,0.637806,0.651291,0.618143,0.646175,861909.9151019843,0
OSMO.V,D,20231129,000000,0.645474,0.713414,0.643289,0.703484,2567986.063081651,0
OSMO.V,D,20231130,000000,0.702391,0.732295,0.68991,0.690162,1705719.0425797324,0
OSMO.V,D,20231201,000000,0.689817,0.703534,0.687131,0.692577,955526.5599237302,0
OSMO.V,D,20231202,000000,0.692477,0.716672,0.690918,0.711527,612845.3519224767,0
OSMO.V,D,20231203,000000,0.71122,0.729062,0.703144,0.727747,636207.870227328,0
OSMO.V,D,20231204,000000,0.729155,0.761906,0.722958,0.730937,1858206.2733983847,0
OSMO.V,D,20231205,000000,0.731537,0.763269,0.710864,0.762191,970447.1933611324,0
OSMO.V,D,20231206,000000,0.762191,0.7746,0.740081,0.743382,1399282.4280540124,0
OSMO.V,D,20231207,000000,0.742389,0.769123,0.735496,0.762067,1204154.3979986538,0
OSMO.V,D,20231208,000000,0.762567,0.795402,0.756366,0.785959,1245864.9761684127,0
OSMO.V,D,20231209,000000,0.78706,0.82909,0.785651,0.799616,1228927.0652567856,0
OSMO.V,D,20231210,000000,0.800016,0.828808,0.785149,0.828808,759495.0286666113,0
OSMO.V,D,20231211,000000,0.829158,0.852614,0.778486,0.848701,1855958.2171657037,0
OSMO.V,D,20231212,000000,0.8509,1.16065,0.847518,1.06502,11119409.393933086,0
OSMO.V,D,20231213,000000,1.06592,1.1073,0.987,1.08125,2646818.219065143,0
OSMO.V,D,20231214,000000,1.08175,1.252,1.07869,1.248,3775672.583775062,0
OSMO.V,D,20231215,000000,1.2482,1.5084,1.21915,1.38973,4804132.71567442,0
OSMO.V,D,20231216,000000,1.38852,1.62636,1.32992,1.54656,4885742.488430608,0
OSMO.V,D,20231217,000000,1.54576,1.56935,1.3672,1.37938,4251183.311960775,0
OSMO.V,D,20231218,000000,1.37846,1.55893,1.21214,1.53254,4004330.7096562237,0
OSMO.V,D,20231219,000000,1.52066,1.57972,1.29059,1.33102,2619063.6737447013,0
OSMO.V,D,20231220,000000,1.33103,1.46023,1.31905,1.41844,1880832.1892402426,0
OSMO.V,D,20231221,000000,1.41704,1.53358,1.39123,1.51357,1418629.8914259288,0
OSMO.V,D,20231222,000000,1.51239,1.55698,1.48988,1.51189,1308237.4761149809,0
OSMO.V,D,20231223,000000,1.51269,1.52119,1.47291,1.49453,481266.1592724922,0
OSMO.V,D,20231224,000000,1.49443,1.60085,1.48822,1.53261,1199804.93837461,0
OSMO.V,D,20231225,000000,1.53098,1.58421,1.51461,1.56344,885525.7610925557,0
OSMO.V,D,20231226,000000,1.56323,2.55469,1.53267,1.69521,16152733.639914818,0
OSMO.V,D,20231227,000000,1.69465,1.7485,1.63777,1.74656,1291592.831746488,0
OSMO.V,D,20231228,000000,1.74688,1.8251,1.61116,1.63692,1480163.472012392,0
OSMO.V,D,20231229,000000,1.63609,1.64581,1.53035,1.54028,707414.9551132367,0
OSMO.V,D,20231230,000000,1.54192,1.55562,1.48054,1.51727,812192.661233846,0
OSMO.V,D,20231231,000000,1.51665,1.54828,1.50004,1.51172,498718.85211873817,0
OSMO.V,D,20240101,000000,1.51262,1.55996,1.49947,1.55259,674735.3169735043,0
OSMO.V,D,20240102,000000,1.55081,1.61477,1.55081,1.579,1360727.9429116133,0
OSMO.V,D,20240103,000000,1.57888,1.63492,1.42181,1.51786,1212700.680080883,0
OSMO.V,D,20240104,000000,1.51719,1.96013,1.50422,1.84219,3381999.171854709,0
OSMO.V,D,20240105,000000,1.84598,2.34664,1.70607,1.75807,6966322.75582771,0
OSMO.V,D,20240106,000000,1.75799,1.81235,1.70732,1.78097,1992856.7841774782,0
OSMO.V,D,20240107,000000,1.78087,1.8307,1.76806,1.79515,1031688.4158290204,0
OSMO.V,D,20240108,000000,1.80115,1.88686,1.68671,1.88257,1031535.3804102703,0
OSMO.V,D,20240109,000000,1.88087,1.91503,1.74242,1.76385,884328.4224181804,0
OSMO.V,D,20240110,000000,1.76395,1.88411,1.73824,1.87577,835225.4041750826,0
OSMO.V,D,20240111,000000,1.87664,1.96074,1.83534,1.88999,1385595.5469727032,0
OSMO.V,D,20240112,000000,1.88861,1.90772,1.70159,1.72216,995943.3235678393,0
OSMO.V,D,20240113,000000,1.72503,1.79748,1.70321,1.79587,686810.2715781018,0
OSMO.V,D,20240114,000000,1.79577,1.81157,1.76215,1.77745,563997.30893043,0
OSMO.V,D,20240115,000000,1.77673,1.79509,1.74719,1.76577,534297.27333831,0
OSMO.V,D,20240116,000000,1.76557,1.79852,1.75476,1.79143,632133.9776874741,0
OSMO.V,D,20240117,000000,1.79153,1.79431,1.73949,1.74835,593344.8399577534,0
OSMO.V,D,20240118,000000,1.74845,1.75029,1.61852,1.64144,715741.1750255568,0
OSMO.V,D,20240119,000000,1.63946,1.64234,1.55929,1.62669,545386.7470657652,0
OSMO.V,D,20240120,000000,1.6263,1.63638,1.592,1.61338,490437.4715121232,0
OSMO.V,D,20240121,000000,1.61378,1.62306,1.57521,1.57771,283397.0467282914,0
OSMO.V,D,20240122,000000,1.5792,1.5792,1.43171,1.44434,874288.2483974508,0
OSMO.V,D,20240123,000000,1.44335,1.45806,1.34543,1.42783,647759.1432534668,0
OSMO.V,D,20240124,000000,1.43003,1.48215,1.42974,1.44625,526808.7382900857,0
OSMO.V,D,20240125,000000,1.44635,1.46411,1.409,1.43832,321598.7142141851,0
OSMO.V,D,20240126,000000,1.43832,1.53958,1.42998,1.53296,407310.8927158523,0
OSMO.V,D,20240127,000000,1.53461,1.58811,1.52922,1.57808,748685.4823048977,0
OSMO.V,D,20240128,000000,1.57748,1.60659,1.57248,1.58165,586506.4679201185,0
OSMO.V,D,20240129,000000,1.58175,1.6606,1.57686,1.6577,626950.5447238446,0
OSMO.V,D,20240130,000000,1.65802,1.71807,1.64798,1.69297,666675.0763501513,0
OSMO.V,D,20240131,000000,1.68858,1.69237,1.58749,1.59856,552362.5092560686,0
OSMO.V,D,20240201,000000,1.60042,1.62668,1.57444,1.60953,321037.84218596853,0
OSMO.V,D,20240202,000000,1.61053,1.63982,1.60177,1.61784,379936.11152495816,0
OSMO.V,D,20240203,000000,1.61864,1.62458,1.59631,1.59706,287907.5210409382,0
OSMO.V,D,20240204,000000,1.59458,1.60056,1.55209,1.55465,286117.9835091893,0
OSMO.V,D,20240205,000000,1.55605,1.58173,1.53682,1.54477,327759.430555284,0
OSMO.V,D,20240206,000000,1.54278,1.57441,1.54278,1.56921,869493.8053410574,0
OSMO.V,D,20240207,000000,1.57201,1.65427,1.56436,1.64587,731287.6692048246,0
OSMO.V,D,20240208,000000,1.64765,1.67317,1.63997,1.66525,1280456.8638411064,0
OSMO.V,D,20240209,000000,1.66503,1.69429,1.64968,1.68298,745173.4363981229,0
OSMO.V,D,20240210,000000,1.68281,1.6954,1.66797,1.67217,322877.00401929376,0
OSMO.V,D,20240211,000000,1.67297,1.68894,1.62559,1.63136,309643.5793375951,0
OSMO.V,D,20240212,000000,1.63127,1.66903,1.5916,1.65313,500677.73286546505,0
OSMO.V,D,20240213,000000,1.65261,1.65503,1.60632,1.63704,680686.3113262086,0
OSMO.V,D,20240214,000000,1.63684,1.67607,1.62168,1.65774,558756.2321960699,0
OSMO.V,D,20240215,000000,1.65736,1.67557,1.59575,1.60399,1583827.3585359112,0
OSMO.V,D,20240216,000000,1.60249,1.62398,1.56926,1.60193,588222.0888211314,0
OSMO.V,D,20240217,000000,1.60143,1.62115,1.5652,1.60215,461610.8051781339,0
OSMO.V,D,20240218,000000,1.60317,1.63576,1.59288,1.63288,394305.704320005,0
OSMO.V,D,20240219,000000,1.63393,1.65143,1.61033,1.63869,732173.7509335984,0
OSMO.V,D,20240220,000000,1.64029,1.64178,1.55741,1.60872,786630.6626621733,0
OSMO.V,D,20240221,000000,1.60814,1.61834,1.52975,1.5467,692054.3726382422,0
OSMO.V,D,20240222,000000,1.5476,1.57382,1.5188,1.5483,430240.1251374517,0
OSMO.V,D,20240223,000000,1.54939,1.5494,1.51347,1.53229,446928.7156725661,0
OSMO.V,D,20240224,000000,1.53167,1.58754,1.51539,1.5793,382685.6833805244,0
OSMO.V,D,20240225,000000,1.5771,1.5962,1.57226,1.58144,327667.0009816368,0
OSMO.V,D,20240226,000000,1.58402,1.6321,1.54931,1.62384,639687.7182384831,0
OSMO.V,D,20240227,000000,1.6243,1.65469,1.60182,1.61685,799838.2381074764,0
OSMO.V,D,20240228,000000,1.61695,1.65523,1.53779,1.60092,747124.575497425,0
OSMO.V,D,20240229,000000,1.60092,1.65475,1.55879,1.57153,961965.6011117619,0
OSMO.V,D,20240301,000000,1.56881,1.61404,1.56881,1.60255,678462.9832991816,0
OSMO.V,D,20240302,000000,1.6021,1.61931,1.58939,1.60499,817416.1781305196,0
OSMO.V,D,20240303,000000,1.60626,1.61837,1.55924,1.6016,788407.4511752884,0
OSMO.V,D,20240304,000000,1.60462,1.6298,1.57931,1.60897,1132361.1077644054,0
OSMO.V,D,20240305,000000,1.60875,1.61191,1.45742,1.52185,1105050.6895735732,0
OSMO.V,D,20240306,000000,1.52315,1.75245,1.50232,1.74537,1154965.1364888055,0
OSMO.V,D,20240307,000000,1.74807,1.83922,1.71514,1.72989,1779172.0087993713,0
OSMO.V,D,20240308,000000,1.72987,1.75174,1.63193,1.64907,1094191.7601665384,0
OSMO.V,D,20240309,000000,1.65007,1.68639,1.64066,1.65582,627727.3376232192,0
OSMO.V,D,20240310,000000,1.65651,1.66418,1.59323,1.59373,598661.2377004572,0
OSMO.V,D,20240311,000000,1.599,1.6682,1.58141,1.65453,704651.6879740013,0
OSMO.V,D,20240312,000000,1.65576,1.69535,1.57094,1.61951,985727.1845548467,0
OSMO.V,D,20240313,000000,1.62131,1.6513,1.60559,1.64579,619992.5040124414,0
OSMO.V,D,20240314,000000,1.64827,1.65711,1.54238,1.58934,594149.3287707887,0
OSMO.V,D,20240315,000000,1.58854,1.60118,1.43354,1.4875,1017610.5568259133,0
OSMO.V,D,20240316,000000,1.48503,1.51151,1.36323,1.38154,713067.5469198402,0
OSMO.V,D,20240317,000000,1.38111,1.43512,1.30682,1.41853,534960.087742909,0
OSMO.V,D,20240318,000000,1.41949,1.42423,1.31985,1.32462,1173545.2883917284,0
OSMO.V,D,20240319,000000,1.32271,1.33557,1.2006,1.251,806859.367518034,0
OSMO.V,D,20240320,000000,1.253,1.36232,1.21231,1.35589,686523.8146061929,0
OSMO.V,D,20240321,000000,1.35588,1.37846,1.32264,1.33088,408958.0190425471,0
OSMO.V,D,20240322,000000,1.33098,1.34332,1.26063,1.27087,530121.5255597003,0
OSMO.V,D,20240323,000000,1.27148,1.31249,1.27128,1.291,422606.11535573256,0
OSMO.V,D,20240324,000000,1.2909,1.31449,1.263,1.31381,443974.04627980286,0
OSMO.V,D,20240325,000000,1.31362,1.3748,1.30643,1.36346,773120.2873011644,0
OSMO.V,D,20240326,000000,1.3637,1.39532,1.33211,1.34463,1437354.2106911142,0
OSMO.V,D,20240327,000000,1.34513,1.3849,1.32219,1.35992,1207189.288847771,0
OSMO.V,D,20240328,000000,1.3607,1.37949,1.3407,1.36307,1055316.805721546,0
OSMO.V,D,20240329,000000,1.36309,1.39567,1.34919,1.39567,947382.4264902605,0
OSMO.V,D,20240330,000000,1.39446,1.40453,1.36745,1.37123,1558832.0884733184,0
OSMO.V,D,20240331,000000,1.37111,1.38786,1.36003,1.37246,1096312.2801995843,0
OSMO.V,D,20240401,000000,1.37496,1.39025,1.29015,1.3061,1076216.008290567,0
OSMO.V,D,20240402,000000,1.3081,1.31535,1.22116,1.2507,771366.5980870395,0
OSMO.V,D,20240403,000000,1.2505,1.2875,1.23206,1.25408,1006234.6947639979,0
OSMO.V,D,20240404,000000,1.25456,1.33837,1.22872,1.30795,1144258.628321178,0
OSMO.V,D,20240405,000000,1.30803,1.31549,1.2573,1.28484,1192860.047336918,0
OSMO.V,D,20240406,000000,1.28649,1.31083,1.27676,1.30763,552712.8431889665,0
OSMO.V,D,20240407,000000,1.30741,1.32822,1.30641,1.3109,1059750.6069479124,0
OSMO.V,D,20240408,000000,1.3121,1.35932,1.30056,1.34942,1344921.0231226997,0
OSMO.V,D,20240409,000000,1.34983,1.35191,1.26648,1.28191,1145622.0581467785,0
OSMO.V,D,20240410,000000,1.27901,1.28272,1.22636,1.26376,542161.4334274221,0
OSMO.V,D,20240411,000000,1.26357,1.28486,1.23523,1.24129,464187.93496661005,0
OSMO.V,D,20240412,000000,1.2407,1.25319,1.01141,1.0461,1432184.2753230187,0
OSMO.V,D,20240413,000000,1.04641,1.04861,0.840514,0.890712,2133425.4270878895,0
OSMO.V,D,20240414,000000,0.891421,0.990385,0.880613,0.928679,1807812.5904138163,0
OSMO.V,D,20240415,000000,0.93398,0.987636,0.896448,0.913455,1184994.5419781292,0
OSMO.V,D,20240416,000000,0.912846,0.939888,0.881396,0.936887,643715.7953277236,0
OSMO.V,D,20240417,000000,0.935496,0.942611,0.885591,0.919199,418693.16613992624,0
OSMO.V,D,20240418,000000,0.920399,0.928422,0.889978,0.919757,755069.9338881297,0
OSMO.V,D,20240419,000000,0.919476,0.947964,0.857591,0.929688,633707.4156345413,0
OSMO.V,D,20240420,000000,0.929935,0.977322,0.906472,0.973792,500205.57813325786,0
OSMO.V,D,20240421,000000,0.973792,0.97762,0.95291,0.964264,472758.16997096455,0
OSMO.V,D,20240422,000000,0.962864,0.985994,0.959373,0.982285,320111.4826417775,0
OSMO.V,D,20240423,000000,0.982195,1.22103,0.969133,1.01537,4511207.260352772,0
OSMO.V,D,20240424,000000,1.01498,1.02004,0.948855,0.953232,646197.8321880336,0
OSMO.V,D,20240425,000000,0.954221,0.95896,0.929886,0.952647,623880.7692480419,0
OSMO.V,D,20240426,000000,0.951248,0.951248,0.914026,0.932014,427202.51801993954,0
OSMO.V,D,20240427,000000,0.93172,0.940729,0.901039,0.935357,239031.1149100607,0
OSMO.V,D,20240428,000000,0.934346,0.951319,0.932773,0.939836,225234.8480701487,0
OSMO.V,D,20240429,000000,0.940494,0.940494,0.87589,0.879636,351106.86499105365,0
OSMO.V,D,20240430,000000,0.879636,0.896113,0.806332,0.831917,889667.5015348592,0
OSMO.V,D,20240501,000000,0.832325,0.861412,0.804442,0.850422,604587.0015734758,0
OSMO.V,D,20240502,000000,0.853426,0.867648,0.841641,0.856643,635114.937569406,0
OSMO.V,D,20240503,000000,0.857134,0.883689,0.846841,0.879478,500089.1420142749,0
OSMO.V,D,20240504,000000,0.879069,0.88908,0.874392,0.880888,303746.6138634145,0
OSMO.V,D,20240505,000000,0.880088,0.921183,0.874005,0.918001,503343.171812934,0
OSMO.V,D,20240506,000000,0.919601,0.9376,0.901727,0.912818,451787.615349325,0
OSMO.V,D,20240507,000000,0.912409,0.912736,0.883873,0.886273,294982.0865339094,0
OSMO.V,D,20240508,000000,0.885873,0.886073,0.85017,0.853027,284592.0374856898,0
OSMO.V,D,20240509,000000,0.853527,0.868539,0.843254,0.860162,324668.7805415313,0
OSMO.V,D,20240510,000000,0.859871,0.882303,0.831726,0.836149,330897.69481312676,0
OSMO.V,D,20240511,000000,0.836649,0.843706,0.82711,0.828518,346208.27503355575,0
OSMO.V,D,20240512,000000,0.828518,0.836065,0.821212,0.823846,192208.83207904678,0
OSMO.V,D,20240513,000000,0.824245,0.829451,0.79836,0.810411,430496.812422482,0
OSMO.V,D,20240514,000000,0.811411,0.813011,0.775741,0.777712,522810.4298045577,0
OSMO.V,D,20240515,000000,0.77782,0.846908,0.768731,0.844498,659982.9662887217,0
OSMO.V,D,20240516,000000,0.844398,1.05228,0.835841,0.843267,3439836.120501734,0
OSMO.V,D,20240517,000000,0.843576,0.882256,0.842367,0.875598,651588.4298090199,0
OSMO.V,D,20240518,000000,0.875598,0.879008,0.860489,0.864847,523571.66255140974,0
OSMO.V,D,20240519,000000,0.864147,0.866504,0.830692,0.83225,227519.51511265707,0
OSMO.V,D,20240520,000000,0.83305,0.905544,0.820892,0.905544,557868.6031813578,0
OSMO.V,D,20240521,000000,0.905444,0.918801,0.881609,0.885961,707604.6533683253,0
OSMO.V,D,20240522,000000,0.886369,0.895439,0.862971,0.879722,641586.4375977962,0
OSMO.V,D,20240523,000000,0.879122,0.879522,0.810216,0.839163,431812.95429033996,0
OSMO.V,D,20240524,000000,0.839362,0.840329,0.802267,0.819902,336104.43348995404,0
OSMO.V,D,20240525,000000,0.819493,0.836791,0.817353,0.832833,270527.1343310348,0
OSMO.V,D,20240526,000000,0.833125,0.841545,0.824344,0.83265,274157.006650771,0
OSMO.V,D,20240527,000000,0.832575,0.875015,0.829102,0.868313,2190925.4188615326,0
OSMO.V,D,20240528,000000,0.867914,0.890444,0.84679,0.883233,602475.9038054975,0
OSMO.V,D,20240529,000000,0.883532,0.905857,0.8692,0.870441,733226.705345828,0
OSMO.V,D,20240530,000000,0.871332,0.916012,0.854587,0.873685,2810726.544267681,0
OSMO.V,D,20240531,000000,0.873394,0.874103,0.835314,0.842296,1190350.839781839,0
OSMO.V,D,20240601,000000,0.842396,0.843686,0.828071,0.839552,765057.822058883,0
OSMO.V,D,20240602,000000,0.837954,0.842775,0.820891,0.824163,288465.85526285507,0
OSMO.V,D,20240603,000000,0.823747,0.839015,0.820416,0.825768,296550.1607594409,0
OSMO.V,D,20240604,000000,0.826068,0.835792,0.813748,0.8312,461108.6376328183,0
OSMO.V,D,20240605,000000,0.8315,0.850443,0.829966,0.845776,424328.3643594626,0
OSMO.V,D,20240606,000000,0.845976,0.856769,0.829185,0.830234,568051.1199529654,0
OSMO.V,D,20240607,000000,0.831026,0.834791,0.746534,0.751814,934516.8231813223,0
OSMO.V,D,20240608,000000,0.751314,0.757367,0.726146,0.72642,414972.1849017657,0
OSMO.V,D,20240609,000000,0.72652,0.736026,0.718728,0.728591,349564.2999777925,0
OSMO.V,D,20240610,000000,0.728373,0.728373,0.653597,0.664814,1131846.1934632584,0
OSMO.V,D,20240611,000000,0.665714,0.6658,0.626874,0.632967,1016038.8976005074,0
OSMO.V,D,20240612,000000,0.632867,0.662367,0.614245,0.649486,964427.6635927273,0
OSMO.V,D,20240613,000000,0.649679,0.649679,0.598314,0.602759,784159.4382930076,0
OSMO.V,D,20240614,000000,0.602653,0.619397,0.581445,0.594484,782565.6306283241,0
OSMO.V,D,20240615,000000,0.594384,0.605524,0.591151,0.599658,373373.99272894644,0
OSMO.V,D,20240616,000000,0.599658,0.608951,0.58984,0.606315,272463.0481617718,0
OSMO.V,D,20240617,000000,0.607514,0.612983,0.558359,0.57503,730710.8402595673,0
OSMO.V,D,20240618,000000,0.57513,0.576735,0.499815,0.519014,1148786.5448908224,0
OSMO.V,D,20240619,000000,0.519714,0.568367,0.513815,0.567567,1200601.3533870045,0
OSMO.V,D,20240620,000000,0.567273,0.588741,0.55756,0.561901,1105287.010813327,0
OSMO.V,D,20240621,000000,0.561801,0.568151,0.546996,0.553357,1239725.7804267912,0
OSMO.V,D,20240622,000000,0.552857,0.555533,0.546981,0.548381,356620.8505538495,0
OSMO.V,D,20240623,000000,0.547886,0.557055,0.53215,0.537029,336797.4596327925,0
OSMO.V,D,20240624,000000,0.53633,0.540116,0.512582,0.539206,561681.9684685392,0
OSMO.V,D,20240625,000000,0.538507,0.557566,0.538501,0.552001,505897.260182879,0
OSMO.V,D,20240626,000000,0.5529,0.554073,0.528489,0.534142,1044264.5907788159,0
OSMO.V,D,20240627,000000,0.534005,0.560628,0.524717,0.545769,839353.6512602149,0
OSMO.V,D,20240628,000000,0.545773,0.54768,0.524213,0.525368,977304.277955889,0
OSMO.V,D,20240629,000000,0.526151,0.53559,0.522048,0.523509,362376.4839910001,0
OSMO.V,D,20240630,000000,0.522705,0.535258,0.519126,0.531669,409527.960112,0
OSMO.V,D,20240701,000000,0.53178,0.548685,0.530892,0.548685,823349.50714043,0
OSMO.V,D,20240702,000000,0.54849,0.548807,0.535897,0.539835,521865.6993540003,0
OSMO.V,D,20240703,000000,0.539635,0.542178,0.496648,0.501942,433518.9448679996,0
OSMO.V,D,20240704,000000,0.501837,0.504439,0.468021,0.475329,759045.7302260002,0
OSMO.V,D,20240705,000000,0.476928,0.477328,0.403975,0.440626,1195429.6404599994,0
OSMO.V,D,20240706,000000,0.43944,0.481805,0.437335,0.48091,493074.10154100024,0
OSMO.V,D,20240707,000000,0.482214,0.485839,0.463954,0.467625,361457.33900619985,0
OSMO.V,D,20240708,000000,0.466953,0.492226,0.44656,0.476757,550518.7225062005,0
OSMO.V,D,20240709,000000,0.476657,0.550039,0.473015,0.50559,2089494.1194009995,0
OSMO.V,D,20240710,000000,0.50539,0.507796,0.490866,0.492066,684644.5695771999,0
OSMO.V,D,20240711,000000,0.491961,0.499895,0.477286,0.47909,499591.30258899997,0
OSMO.V,D,20240712,000000,0.47769,0.479334,0.467128,0.473995,368199.61199800036,0
OSMO.V,D,20240713,000000,0.47459,0.484487,0.47459,0.481682,360312.2767187999,0
OSMO.V,D,20240714,000000,0.481945,0.488871,0.478667,0.487275,318503.4296029998,0
OSMO.V,D,20240715,000000,0.488976,0.516658,0.487471,0.514357,479877.69722000003,0
OSMO.V,D,20240716,000000,0.515157,0.542985,0.506942,0.540835,688231.2534248541,0
OSMO.V,D,20240717,000000,0.540835,0.553538,0.532012,0.540149,443427.51672499947,0
OSMO.V,D,20240718,000000,0.540449,0.543705,0.524837,0.528794,356273.6164190002,0
OSMO.V,D,20240719,000000,0.529794,0.547835,0.520101,0.545935,379982.91036599944,0
OSMO.V,D,20240720,000000,0.545629,0.560041,0.54077,0.559735,549219.2232260007,0
OSMO.V,D,20240721,000000,0.55884,0.562997,0.534502,0.536607,683311.7220989997,0
OSMO.V,D,20240722,000000,0.538913,0.5467,0.520156,0.521556,748432.7656409994,0
OSMO.V,D,20240723,000000,0.523857,0.524047,0.497645,0.503855,519490.42330400116,0
OSMO.V,D,20240724,000000,0.50346,0.508959,0.483052,0.485018,417633.42441099987,0
OSMO.V,D,20240725,000000,0.484913,0.484913,0.455591,0.469464,532136.7274469995,0
OSMO.V,D,20240726,000000,0.470173,0.4882,0.468883,0.4857,396626.6406860001,0
OSMO.V,D,20240727,000000,0.4854,0.494249,0.478353,0.48919,335017.8195359998,0
OSMO.V,D,20240728,000000,0.488761,0.491856,0.47579,0.478857,303683.68618299917,0
OSMO.V,D,20240729,000000,0.478752,0.495106,0.475857,0.479747,388528.6445110999,0
OSMO.V,D,20240730,000000,0.480142,0.481042,0.457263,0.460262,735122.2486310006,0
OSMO.V,D,20240731,000000,0.459892,0.46755,0.448494,0.451528,743658.0642799998,0
OSMO.V,D,20240801,000000,0.451542,0.453114,0.420596,0.43731,1139950.4735438013,0
OSMO.V,D,20240802,000000,0.43655,0.443496,0.401123,0.405537,1310546.7725459978,0
OSMO.V,D,20240803,000000,0.405034,0.409062,0.376947,0.384857,979945.519046699,0
OSMO.V,D,20240804,000000,0.385157,0.39376,0.356393,0.374691,634112.116003,0
OSMO.V,D,20240805,000000,0.374288,0.37816,0.301476,0.334263,2227540.504797502,0
OSMO.V,D,20240806,000000,0.334163,0.364338,0.331493,0.363138,907311.8811640007,0
OSMO.V,D,20240807,000000,0.363138,0.373149,0.350132,0.352332,337500.88395760057,0
OSMO.V,D,20240808,000000,0.352835,0.393368,0.348598,0.383919,649346.2602210192,0
OSMO.V,D,20240809,000000,0.386216,0.39341,0.384115,0.390521,350931.3738300006,0
OSMO.V,D,20240810,000000,0.391721,0.406377,0.386347,0.405277,479720.95387500006,0
OSMO.V,D,20240811,000000,0.405477,0.408553,0.378942,0.380434,659894.7912838006,0
OSMO.V,D,20240812,000000,0.380438,0.397976,0.375813,0.390039,365106.6611153995,0
OSMO.V,D,20240813,000000,0.390443,0.398784,0.38255,0.396748,408796.0809750001,0
OSMO.V,D,20240814,000000,0.396844,0.39946,0.384769,0.386235,399399.2141300003,0
OSMO.V,D,20240815,000000,0.386135,0.38747,0.358765,0.360165,443312.11102500075,0
OSMO.V,D,20240816,000000,0.360368,0.368644,0.348666,0.358904,542005.3361369,0
OSMO.V,D,20240817,000000,0.359101,0.366333,0.355885,0.366033,314034.00986099994,0
OSMO.V,D,20240818,000000,0.366033,0.37716,0.363733,0.372771,413471.4199350001,0
OSMO.V,D,20240819,000000,0.372875,0.447681,0.365822,0.380484,3504679.032519003,0
OSMO.V,D,20240820,000000,0.38118,0.396923,0.37941,0.392104,1048411.8401720005,0
OSMO.V,D,20240821,000000,0.392204,0.406737,0.386819,0.406637,1136873.9489169999,0
OSMO.V,D,20240822,000000,0.406903,0.418188,0.401292,0.408204,894338.0405940007,0
OSMO.V,D,20240823,000000,0.408233,0.447275,0.40782,0.447258,639253.6601404002,0
OSMO.V,D,20240824,000000,0.446857,0.472842,0.445276,0.461962,742909.2070759995,0
OSMO.V,D,20240825,000000,0.461438,0.46553,0.442055,0.451458,694796.7360840007,0
OSMO.V,D,20240826,000000,0.451358,0.452358,0.434643,0.438579,474085.8989529998,0
OSMO.V,D,20240827,000000,0.438375,0.44854,0.415775,0.4199,590721.4236964997,0
OSMO.V,D,20240828,000000,0.419,0.423504,0.396536,0.405036,509229.0738880004,0
OSMO.V,D,20240829,000000,0.403736,0.422689,0.40034,0.404592,415489.53214900097,0
OSMO.V,D,20240830,000000,0.404496,0.412079,0.390022,0.403947,374575.48271200043,0
OSMO.V,D,20240831,000000,0.403543,0.40881,0.39348,0.397724,236191.38042909978,0
OSMO.V,D,20240901,000000,0.397324,0.39792,0.385135,0.388134,264273.58166999964,0
OSMO.V,D,20240902,000000,0.387734,0.399728,0.375755,0.399036,302910.01680199977,0
OSMO.V,D,20240903,000000,0.399036,0.406172,0.379352,0.380094,441284.0304165998,0
OSMO.V,D,20240904,000000,0.380324,0.3919,0.360813,0.389053,554620.95254,0
OSMO.V,D,20240905,000000,0.389361,0.391369,0.373699,0.376464,442140.71600939974,0
OSMO.V,D,20240906,000000,0.376664,0.386031,0.353912,0.362212,714600.1980239999,0
OSMO.V,D,20240907,000000,0.362411,0.373118,0.361748,0.365463,397472.51183460036,0
OSMO.V,D,20240908,000000,0.36506,0.374603,0.362749,0.371067,261477.0865335,0
OSMO.V,D,20240909,000000,0.371449,0.399352,0.3706,0.396971,423665.9364629997,0
OSMO.V,D,20240910,000000,0.397599,0.401592,0.391584,0.398672,322189.6496900002,0
OSMO.V,D,20240911,000000,0.398872,0.39998,0.383462,0.395036,381229.51603500097,0
OSMO.V,D,20240912,000000,0.394121,0.403496,0.394121,0.401568,478761.16196390043,0
OSMO.V,D,20240913,000000,0.402668,0.418217,0.40068,0.416863,291755.47884799994,0
OSMO.V,D,20240914,000000,0.417267,0.423576,0.413524,0.42088,480576.5000830001,0
OSMO.V,D,20240915,000000,0.420676,0.462983,0.41998,0.448804,2158606.9741650033,0
OSMO.V,D,20240916,000000,0.448645,0.44977,0.417379,0.423115,859005.6477159992,0
OSMO.V,D,20240917,000000,0.42312,0.490174,0.421158,0.472843,2037942.4988159977,0
OSMO.V,D,20240918,000000,0.472843,0.48829,0.4525,0.475914,1620957.3502319995,0
OSMO.V,D,20240919,000000,0.475514,0.530564,0.475319,0.513951,1347910.5472081008,0
OSMO.V,D,20240920,000000,0.513156,0.540538,0.509546,0.526542,839952.3683600007,0
OSMO.V,D,20240921,000000,0.527347,0.543654,0.5195,0.542754,594352.4377560007,0
OSMO.V,D,20240922,000000,0.542654,0.548844,0.515395,0.5191,583240.5668340005,0
OSMO.V,D,20240923,000000,0.5172,0.564877,0.513726,0.563972,766548.0901536994,0
OSMO.V,D,20240924,000000,0.564072,0.583353,0.551945,0.582671,595522.734812,0
OSMO.V,D,20240925,000000,0.583582,0.602897,0.577365,0.601798,815993.1818960006,0
OSMO.V,D,20240926,000000,0.600504,0.663633,0.583054,0.654565,1762370.5974919999,0
OSMO.V,D,20240927,000000,0.655359,0.686169,0.651159,0.66422,838966.5523971014,0
OSMO.V,D,20240928,000000,0.662919,0.66792,0.632763,0.63697,409845.93859699945,0
OSMO.V,D,20240929,000000,0.636873,0.664967,0.629415,0.661297,538097.1447539995,0
OSMO.V,D,20240930,000000,0.660168,0.661497,0.615334,0.619802,442348.7501999996,0
OSMO.V,D,20241001,000000,0.618702,0.618702,0.532456,0.553356,1518991.5906208,0
OSMO.V,D,20241002,000000,0.553256,0.56978,0.527937,0.539654,885739.9494408984,0
OSMO.V,D,20241003,000000,0.537555,0.547012,0.507619,0.517838,902997.5292092006,0
OSMO.V,D,20241004,000000,0.517238,0.548318,0.513913,0.547689,511074.3421140002,0
OSMO.V,D,20241005,000000,0.547584,0.563077,0.540114,0.545218,508950.92779400025,0
OSMO.V,D,20241006,000000,0.545213,0.552612,0.538614,0.541008,601097.9584929993,0
OSMO.V,D,20241007,000000,0.540008,0.568103,0.539908,0.54953,1267210.187623001,0
OSMO.V,D,20241008,000000,0.546836,0.547936,0.519714,0.526621,698283.6454180005,0
OSMO.V,D,20241009,000000,0.526016,0.526321,0.496767,0.503551,436836.51306499954,0
OSMO.V,D,20241010,000000,0.503856,0.508146,0.482871,0.491369,461511.06498600007,0
OSMO.V,D,20241011,000000,0.491664,0.531131,0.489965,0.530431,565244.5673219999,0
OSMO.V,D,20241012,000000,0.530531,0.563586,0.528231,0.552934,1166470.9406439988,0
OSMO.V,D,20241013,000000,0.552134,0.557794,0.531372,0.545476,529189.000953,0
OSMO.V,D,20241014,000000,0.545955,0.569689,0.538574,0.56391,448523.98300200026,0
OSMO.V,D,20241015,000000,0.562816,0.567935,0.541859,0.546958,547801.067439999,0
OSMO.V,D,20241016,000000,0.547063,0.562054,0.545385,0.555183,413604.17681600014,0
OSMO.V,D,20241017,000000,0.555389,0.559788,0.527457,0.531414,782372.0726569997,0
OSMO.V,D,20241018,000000,0.532808,0.544971,0.530277,0.534031,381984.72108199954,0
OSMO.V,D,20241019,000000,0.533831,0.541881,0.527253,0.532472,350965.4444139998,0
OSMO.V,D,20241020,000000,0.532833,0.549413,0.525537,0.549119,414548.09935700026,0
OSMO.V,D,20241021,000000,0.549465,0.561502,0.534675,0.539579,1116516.6281079988,0
OSMO.V,D,20241022,000000,0.538879,0.541724,0.519426,0.524522,554965.0059690004,0
OSMO.V,D,20241023,000000,0.524422,0.527625,0.500863,0.510953,1084518.080548001,0
OSMO.V,D,20241024,000000,0.511047,0.514892,0.500589,0.509194,431937.8871222102,0
OSMO.V,D,20241025,000000,0.509394,0.510283,0.474715,0.477045,621261.9552326202,0
OSMO.V,D,20241026,000000,0.47704,0.479336,0.439588,0.439823,554551.1368730004,0
OSMO.V,D,20241027,000000,0.439823,0.445802,0.435342,0.4439,311533.39487800025,0
OSMO.V,D,20241028,000000,0.444655,0.445386,0.42048,0.436894,663913.364161,0
OSMO.V,D,20241029,000000,0.436694,0.459099,0.435612,0.453946,1036782.4123479987,0
OSMO.V,D,20241030,000000,0.453559,0.453959,0.437677,0.439159,703402.278565,0
OSMO.V,D,20241031,000000,0.440259,0.440259,0.411509,0.414756,720061.7477480005,0
OSMO.V,D,20241101,000000,0.414756,0.418232,0.399216,0.401723,543249.2083739998,0
OSMO.V,D,20241102,000000,0.401623,0.404369,0.393154,0.394486,280670.6818649997,0
OSMO.V,D,20241103,000000,0.394589,0.396573,0.376476,0.392143,451107.1040269995,0
OSMO.V,D,20241104,000000,0.391943,0.394664,0.372232,0.380399,512770.42201399995,0
OSMO.V,D,20241105,000000,0.379504,0.400956,0.377862,0.396952,553622.5991629993,0
OSMO.V,D,20241106,000000,0.396748,0.437258,0.396748,0.436862,775981.1958370005,0
OSMO.V,D,20241107,000000,0.438063,0.448824,0.43219,0.442121,609175.6085529997,0
OSMO.V,D,20241108,000000,0.441552,0.452221,0.436044,0.44639,403017.67096300004,0
OSMO.V,D,20241109,000000,0.44649,0.455878,0.440764,0.455136,587659.0257289998,0
OSMO.V,D,20241110,000000,0.456037,0.508554,0.450816,0.484971,1343765.7889679994,0
OSMO.V,D,20241111,000000,0.485272,0.511988,0.478859,0.511988,1028690.3009899994,0
OSMO.V,D,20241112,000000,0.511883,0.533222,0.473226,0.502226,1110640.4449831457,0
OSMO.V,D,20241113,000000,0.501526,0.501526,0.452114,0.468815,1354377.4835736265,0
OSMO.V,D,20241114,000000,0.468315,0.481421,0.447658,0.451954,808596.1920982003,0
OSMO.V,D,20241115,000000,0.451854,0.47025,0.436814,0.469441,583563.2046490003,0
OSMO.V,D,20241116,000000,0.469441,0.513405,0.465726,0.510679,806823.8358648003,0
OSMO.V,D,20241117,000000,0.510779,0.533795,0.498674,0.504115,1608240.5661038018,0
OSMO.V,D,20241118,000000,0.50302,0.558424,0.50212,0.550501,2344170.3747029933,0
OSMO.V,D,20241119,000000,0.551196,0.588559,0.539586,0.552395,2571744.9178381,0
OSMO.V,D,20241120,000000,0.551889,0.582224,0.527253,0.540273,1488653.6350636682,0
OSMO.V,D,20241121,000000,0.539572,0.551093,0.507831,0.546819,949490.5943070104,0
OSMO.V,D,20241122,000000,0.547915,0.558375,0.536861,0.551167,1089194.7660083342,0
OSMO.V,D,20241123,000000,0.551173,0.631416,0.551173,0.613162,2172196.555890001,0
OSMO.V,D,20241124,000000,0.612461,0.686896,0.601737,0.637637,2100190.2021581153,0
OSMO.V,D,20241125,000000,0.638338,0.652289,0.584819,0.593369,1477465.9416424383,0
OSMO.V,D,20241126,000000,0.594451,0.599338,0.545998,0.558393,1209512.0042653002,0
OSMO.V,D,20241127,000000,0.558388,0.588246,0.55083,0.584484,1322122.056009815,0
OSMO.V,D,20241128,000000,0.584083,0.594924,0.556611,0.585129,1182939.3989501165,0
OSMO.V,D,20241129,000000,0.587023,0.594122,0.566523,0.593027,1089592.1407200105,0
OSMO.V,D,20241130,000000,0.593433,0.628983,0.582975,0.618747,1526999.093356004,0
OSMO.V,D,20241201,000000,0.619148,0.626939,0.598911,0.620316,1199560.1453268519,0
OSMO.V,D,20241202,000000,0.620022,0.632323,0.572406,0.60041,1939869.3112100032,0
OSMO.V,D,20241203,000000,0.600116,0.658687,0.600116,0.65654,1985054.833366896,0
OSMO.V,D,20241204,000000,0.656827,0.719817,0.65171,0.710057,2882175.0935029397,0
OSMO.V,D,20241205,000000,0.711559,0.739102,0.667567,0.70358,2381595.7390400553,0
OSMO.V,D,20241206,000000,0.702675,0.849313,0.69403,0.84721,8764951.152825642,0
OSMO.V,D,20241207,000000,0.846008,0.854422,0.786937,0.788752,2714570.4508563126,0
OSMO.V,D,20241208,000000,0.787851,0.797429,0.754352,0.771132,1381647.5134010005,0
OSMO.V,D,20241209,000000,0.770831,0.772124,0.621061,0.651195,2255416.797403802,0
OSMO.V,D,20241210,000000,0.649595,0.675782,0.579964,0.626013,2016960.724519459,0
OSMO.V,D,20241211,000000,0.626313,0.676039,0.602037,0.671035,2059299.638010409,0
OSMO.V,D,20241212,000000,0.671936,0.696923,0.647717,0.654651,1580658.4444537996,0
OSMO.V,D,20241213,000000,0.655651,0.661652,0.631,0.648323,1731338.5117353965,0
OSMO.V,D,20241214,000000,0.648323,0.666147,0.606651,0.619144,1169057.2649203022,0
OSMO.V,D,20241215,000000,0.618838,0.637887,0.596687,0.60986,1472044.4161900016,0
OSMO.V,D,20241216,000000,0.609978,0.637468,0.575247,0.586764,2287153.8516379027,0
OSMO.V,D,20241217,000000,0.586458,0.587959,0.547845,0.547845,1894836.8686648018,0
OSMO.V,D,20241218,000000,0.547545,0.560977,0.504456,0.510996,1928810.872830123,0
OSMO.V,D,20241219,000000,0.511495,0.511495,0.44844,0.468373,1850432.8862271986,0
OSMO.V,D,20241220,000000,0.467674,0.476062,0.404395,0.474682,1751402.494234685,0
OSMO.V,D,20241221,000000,0.474487,0.497611,0.437437,0.439241,1529206.770478315,0
OSMO.V,D,20241222,000000,0.43984,0.452606,0.426099,0.434682,1024771.5506184305,0
OSMO.V,D,20241223,000000,0.434682,0.466593,0.424539,0.466293,1367715.1200229977,0
OSMO.V,D,20241224,000000,0.469465,0.471832,0.445894,0.462049,1625661.2676582034,0
OSMO.V,D,20241225,000000,0.462248,0.470523,0.456089,0.468578,1334689.6379499994,0
OSMO.V,D,20241226,000000,0.468683,0.479792,0.440433,0.446122,1085808.6715381,0
OSMO.V,D,20241227,000000,0.445605,0.46515,0.440475,0.442952,622996.1041052584,0
OSMO.V,D,20241228,000000,0.442453,0.46963,0.441255,0.468817,1089715.0303963304,0
OSMO.V,D,20241229,000000,0.468418,0.469677,0.444159,0.444531,828910.5345020001,0
OSMO.V,D,20241230,000000,0.44543,0.460721,0.433054,0.441196,738382.3821283014,0
OSMO.V,D,20241231,000000,0.440801,0.451403,0.431552,0.43239,636034.1233750008,0
OSMO.V,D,20250101,000000,0.43259,0.43944,0.422171,0.432898,725817.8100917594,0
OSMO.V,D,20250102,000000,0.432299,0.461668,0.4317,0.453937,814568.9483869997,0
OSMO.V,D,20250103,000000,0.453737,0.483021,0.44464,0.483021,804998.7922493737,0
OSMO.V,D,20250104,000000,0.482421,0.491662,0.475952,0.480909,902366.7157529983,0
OSMO.V,D,20250105,000000,0.480909,0.509078,0.477424,0.508168,841966.2293120004,0
OSMO.V,D,20250106,000000,0.507573,0.645355,0.498795,0.571666,22395045.609383266,0
OSMO.V,D,20250107,000000,0.571766,0.579143,0.504329,0.506524,3000741.0060550007,0
OSMO.V,D,20250108,000000,0.505924,0.510898,0.461683,0.48235,1278786.4862244995,0
OSMO.V,D,20250109,000000,0.482355,0.489548,0.45231,0.463868,973572.9351414996,0
OSMO.V,D,20250110,000000,0.463868,0.477519,0.457995,0.465602,586024.9434890319,0
OSMO.V,D,20250111,000000,0.465602,0.469401,0.453841,0.461878,319814.01149899984,0
OSMO.V,D,20250112,000000,0.461878,0.463178,0.448194,0.44923,494292.66734300024,0
OSMO.V,D,20250113,000000,0.44963,0.462504,0.409463,0.439515,939881.5791240007,0
OSMO.V,D,20250114,000000,0.439515,0.451715,0.436586,0.451715,728531.8034010001,0
OSMO.V,D,20250115,000000,0.45161,0.478019,0.440406,0.477919,895886.7790199992,0
OSMO.V,D,20250116,000000,0.478119,0.483242,0.462298,0.471687,865593.4181530002,0
OSMO.V,D,20250117,000000,0.471691,0.5022,0.470911,0.489657,833612.8274220001,0
OSMO.V,D,20250118,000000,0.489762,0.494483,0.447053,0.452388,1029733.5213569995,0
OSMO.V,D,20250119,000000,0.452288,0.469683,0.41441,0.41441,1041389.2521621508,0
OSMO.V,D,20250120,000000,0.416916,0.444257,0.397519,0.417074,756362.0626689009,0
OSMO.V,D,20250121,000000,0.417373,0.434391,0.397475,0.42866,743710.6164730317,0
OSMO.V,D,20250122,000000,0.427407,0.432739,0.419325,0.420499,945599.3653180009,0
OSMO.V,D,20250123,000000,0.419503,0.420076,0.401627,0.414391,478498.6281100002,0
OSMO.V,D,20250124,000000,0.414287,0.43447,0.405651,0.418725,841966.8606560007,0
OSMO.V,D,20250125,000000,0.418129,0.422137,0.411079,0.417321,474589.7394432989,0
OSMO.V,D,20250126,000000,0.417721,0.427927,0.412038,0.417333,576684.710138,0
OSMO.V,D,20250127,000000,0.416038,0.416038,0.370744,0.396497,723828.9342920006,0
OSMO.V,D,20250128,000000,0.396401,0.401824,0.373998,0.379953,403060.91676157975,0
OSMO.V,D,20250129,000000,0.380053,0.393253,0.372322,0.385688,585610.1327490003,0
OSMO.V,D,20250130,000000,0.385692,0.401516,0.379189,0.39694,912950.3029370003,0
OSMO.V,D,20250131,000000,0.39664,0.41825,0.388577,0.401584,665436.4021479995,0
OSMO.V,D,20250201,000000,0.401687,0.407227,0.374406,0.37461,448654.2072090002,0
OSMO.V,D,20250202,000000,0.37441,0.380073,0.304997,0.311906,1117497.4715809985,0
OSMO.V,D,20250203,000000,0.312506,0.324757,0.243717,0.323223,2593035.020848935,0
OSMO.V,D,20250204,000000,0.322325,0.354577,0.290535,0.323659,3136958.5069280025,0
OSMO.V,D,20250205,000000,0.324059,0.325937,0.296162,0.299024,1579205.9729029972,0
OSMO.V,D,20250206,000000,0.299515,0.303867,0.279481,0.28322,570704.6656059991,0
OSMO.V,D,20250207,000000,0.283217,0.300674,0.27882,0.282608,778108.6257839989,0
OSMO.V,D,20250208,000000,0.282111,0.299133,0.282111,0.297724,843597.138946002,0
OSMO.V,D,20250209,000000,0.297724,0.305361,0.283728,0.293035,690460.2291683995,0
OSMO.V,D,20250210,000000,0.292735,0.311322,0.285557,0.308546,1209485.201148,0
OSMO.V,D,20250211,000000,0.308355,0.320942,0.293347,0.295168,853674.6112160013,0
OSMO.V,D,20250212,000000,0.295268,0.318603,0.290851,0.315919,609660.9009510003,0
OSMO.V,D,20250213,000000,0.316322,0.317632,0.303109,0.311403,730203.2054239993,0
OSMO.V,D,20250214,000000,0.311306,0.323871,0.310125,0.315354,712744.7106290008,0
OSMO.V,D,20250215,000000,0.315751,0.413833,0.312034,0.33643,7320892.680122002,0
