<TICKER>,<PER>,<DATE>,<TIME>,<OPEN>,<HIGH>,<LOW>,<CLOSE>,<VOL>,<OPENINT>
RACA.V,D,20220515,000000,0.000505292,0.000553695,0.000495705,0.000553695,977857755.04588,0
RACA.V,D,20220516,000000,0.000552361,0.000703065,0.000530762,0.000576799,4209787893.9648,0
RACA.V,D,20220517,000000,0.000576709,0.000595584,0.000551133,0.000578337,2482813185.3489,0
RACA.V,D,20220518,000000,0.000578337,0.000594047,0.000512773,0.000535833,2505775097.6074,0
RACA.V,D,20220519,000000,0.000537107,0.000563382,0.000515501,0.000544849,2926021658.2771,0
RACA.V,D,20220520,000000,0.000545024,0.00056938,0.000521933,0.000539212,2083480518.3315,0
RACA.V,D,20220521,000000,0.000539732,0.000567441,0.000535646,0.000554908,2314502875.8876,0
RACA.V,D,20220522,000000,0.000554648,0.00057655,0.000534434,0.000562524,1770102490.6808,0
RACA.V,D,20220523,000000,0.000562724,0.000594445,0.000550439,0.000566263,2073980812.7827,0
RACA.V,D,20220524,000000,0.000565564,0.000566819,0.000530463,0.000553979,1214326380.7835,0
RACA.V,D,20220525,000000,0.000550783,0.000567219,0.000537354,0.000552831,1138788565.8607,0
RACA.V,D,20220526,000000,0.00054964,0.000550539,0.00048282,0.000501847,2027639851.622,0
RACA.V,D,20220527,000000,0.000503906,0.000505943,0.000467285,0.000488911,1836302983.8265,0
RACA.V,D,20220528,000000,0.000489042,0.000498641,0.000469711,0.000487229,1457554434.37,0
RACA.V,D,20220529,000000,0.000488019,0.000493137,0.000474777,0.000487229,1190771561.505,0
RACA.V,D,20220530,000000,0.000487259,0.000544119,0.000480255,0.000539968,2715590920.1023,0
RACA.V,D,20220531,000000,0.000542066,0.000555955,0.000509692,0.000522711,3101791313.3634,0
RACA.V,D,20220601,000000,0.000522908,0.000545868,0.000482399,0.000492037,3365203304.8057,0
RACA.V,D,20220602,000000,0.000491797,0.000524807,0.00048924,0.000508682,3453095908.0522,0
RACA.V,D,20220603,000000,0.000509221,0.000518173,0.000491372,0.000504241,2526005901.6904,0
RACA.V,D,20220604,000000,0.000504311,0.000717859,0.000496303,0.000503237,1639329364.0231,0
RACA.V,D,20220605,000000,0.000505225,0.000512673,0.000497337,0.000504435,858182205.01186,0
RACA.V,D,20220606,000000,0.00050979,0.000527657,0.00049379,0.000501653,2155134663.1029,0
RACA.V,D,20220607,000000,0.000503577,0.000507589,0.000477594,0.000501588,2288942984.1847,0
RACA.V,D,20220608,000000,0.000498601,0.000502673,0.000470694,0.000474696,4817312016.3863,0
RACA.V,D,20220609,000000,0.000473692,0.000488589,0.000468629,0.000477598,3747724327.297,0
RACA.V,D,20220610,000000,0.000475595,0.000490578,0.000451525,0.000463411,5419527009.3618,0
RACA.V,D,20220611,000000,0.000462412,0.000468498,0.000397503,0.000413532,6089676221.4898,0
RACA.V,D,20220612,000000,0.000413532,0.000419525,0.000367485,0.000387523,6035370606.668,0
RACA.V,D,20220613,000000,0.00038652,0.000386524,0.000319274,0.00035181,13318824627.753,0
RACA.V,D,20220614,000000,0.00035201,0.000372633,0.000327911,0.000352077,14931996137.949,0
RACA.V,D,20220615,000000,0.000351481,0.000373976,0.000319524,0.000371442,37532906735.02,0
RACA.V,D,20220616,000000,0.000370444,0.000375511,0.000339626,0.000347348,31602131574.844,0
RACA.V,D,20220617,000000,0.000340733,0.000357103,0.000340733,0.000347782,13179222076.12,0
RACA.V,D,20220618,000000,0.000348185,0.000354478,0.000312764,0.000325871,23295817488.939,0
RACA.V,D,20220619,000000,0.000325672,0.000353775,0.000320625,0.000349944,8078831588.0324,0
RACA.V,D,20220620,000000,0.000351368,0.000388293,0.000341056,0.000378793,6882353161.6738,0
RACA.V,D,20220621,000000,0.000378106,0.000416222,0.000374018,0.000384177,7776622251.4746,0
RACA.V,D,20220622,000000,0.000384097,0.000386024,0.000361342,0.000365334,3848708540.1231,0
RACA.V,D,20220623,000000,0.000365125,0.000386713,0.000362058,0.000382277,2934444736.4044,0
RACA.V,D,20220624,000000,0.000381618,0.000429256,0.000371628,0.000419668,10001790479.482,0
RACA.V,D,20220625,000000,0.00041968,0.000427101,0.000399048,0.000425502,4990769889.6123,0
RACA.V,D,20220626,000000,0.000426102,0.000487678,0.000415742,0.000452124,7563399983.1256,0
RACA.V,D,20220627,000000,0.000451933,0.000453005,0.000412033,0.000416929,4430485053.7048,0
RACA.V,D,20220628,000000,0.000418119,0.000426716,0.000386025,0.000397307,4360535255.518,0
RACA.V,D,20220629,000000,0.000396907,0.000409135,0.000365358,0.00039602,5545905881.2701,0
RACA.V,D,20220630,000000,0.000395824,0.00039942,0.00035466,0.000363164,5664631138.72,0
RACA.V,D,20220701,000000,0.000361166,0.000385476,0.000360966,0.000377984,3082137015.8888,0
RACA.V,D,20220702,000000,0.000378084,0.000379682,0.000353575,0.000369856,3767320185.6536,0
RACA.V,D,20220703,000000,0.000369956,0.00039133,0.000363027,0.000377908,18888427966.184,0
RACA.V,D,20220704,000000,0.000378987,0.000423871,0.000372875,0.000422263,3743263666.3539,0
RACA.V,D,20220705,000000,0.000420395,0.000425888,0.000379782,0.000397862,4975407059.3712,0
RACA.V,D,20220706,000000,0.000397163,0.000423534,0.000385376,0.000412646,3798037629.4569,0
RACA.V,D,20220707,000000,0.000412745,0.000424333,0.000395664,0.000413552,3869612468.4794,0
RACA.V,D,20220708,000000,0.000413552,0.00042506,0.000397461,0.000406556,3627662883.5222,0
RACA.V,D,20220709,000000,0.000406656,0.000411453,0.000397062,0.000408855,2272388055.0392,0
RACA.V,D,20220710,000000,0.000408514,0.000409954,0.00038257,0.000393864,2297490959.0306,0
RACA.V,D,20220711,000000,0.000393464,0.000398581,0.000381133,0.00038905,3194412829.9846,0
RACA.V,D,20220712,000000,0.000389027,0.000389149,0.000370729,0.000372727,2766060838.2638,0
RACA.V,D,20220713,000000,0.000372438,0.000382217,0.000356843,0.000372265,2661505797.1812,0
RACA.V,D,20220714,000000,0.000372764,0.000387267,0.000371066,0.000382071,2866835695.5266,0
RACA.V,D,20220715,000000,0.00038232,0.000494103,0.000279902,0.000387084,2386749112.0445,0
RACA.V,D,20220716,000000,0.000387584,0.000421616,0.000374588,0.000404619,2532011287.6723,0
RACA.V,D,20220717,000000,0.000404795,0.000415675,0.000392586,0.000394697,2388224328.9238,0
RACA.V,D,20220718,000000,0.000393694,0.00041348,0.000391582,0.000405307,3994856729.6677,0
RACA.V,D,20220719,000000,0.000405307,0.000425,0.000404291,0.000420567,2244350555.7266,0
RACA.V,D,20220720,000000,0.0004209,0.000432226,0.000392316,0.00040302,2812111553.1596,0
RACA.V,D,20220721,000000,0.000402544,0.000403256,0.000383992,0.000399224,2094575309.4579,0
RACA.V,D,20220722,000000,0.000398896,0.000405981,0.00038248,0.000385435,1744438242.978,0
RACA.V,D,20220723,000000,0.00038531,0.000705259,0.000380159,0.000382827,1340290532.7884,0
RACA.V,D,20220724,000000,0.000382208,0.000403277,0.000367916,0.00040036,1038288905.4496,0
RACA.V,D,20220725,000000,0.00040004,0.000705209,0.00037064,0.000388331,1889714217.7862,0
RACA.V,D,20220726,000000,0.000388331,0.000705181,0.000363897,0.000372086,1489293729.9761,0
RACA.V,D,20220727,000000,0.00037205,0.000705132,0.000365912,0.000396165,1481069148.5787,0
RACA.V,D,20220728,000000,0.000395815,0.000705181,0.000369555,0.000415033,3899188181.9843,0
RACA.V,D,20220729,000000,0.000415003,0.000427164,0.000373585,0.000405336,3426254646.2956,0
RACA.V,D,20220730,000000,0.000405346,0.000705364,0.000383883,0.000408715,2618538530.932,0
RACA.V,D,20220731,000000,0.000407765,0.000418599,0.000404963,0.000407084,1772637016.1337,0
RACA.V,D,20220801,000000,0.000406176,0.000412014,0.000387979,0.000404191,1476014554.1928,0
RACA.V,D,20220802,000000,0.000404161,0.000705372,0.000379512,0.000402662,1975227471.2973,0
RACA.V,D,20220803,000000,0.000402888,0.000705364,0.000373446,0.000407962,1420958772.3446,0
RACA.V,D,20220804,000000,0.000408654,0.000423083,0.000398454,0.0004049,2151212676.8046,0
RACA.V,D,20220805,000000,0.000404852,0.000424675,0.000391967,0.00041921,1209789281.5478,0
RACA.V,D,20220806,000000,0.00041923,0.000475184,0.000390684,0.000417416,1669462151.5759,0
RACA.V,D,20220807,000000,0.000417396,0.000421789,0.00041041,0.00041893,1033956267.2507,0
RACA.V,D,20220808,000000,0.000418425,0.000431252,0.000415139,0.000423921,1283751218.0679,0
RACA.V,D,20220809,000000,0.000421641,0.000437744,0.000403649,0.000406611,2324106972.154,0
RACA.V,D,20220810,000000,0.000406651,0.000705494,0.000403263,0.000421052,1249413489.6762,0
RACA.V,D,20220811,000000,0.000423637,0.000433129,0.000417774,0.000421998,1257451091.6814,0
RACA.V,D,20220812,000000,0.000421551,0.000434084,0.000413377,0.000428607,1019403282.0038,0
RACA.V,D,20220813,000000,0.000428587,0.000492968,0.000421429,0.000482198,2120676030.3871,0
RACA.V,D,20220814,000000,0.000482188,0.000579418,0.000454756,0.000475387,12056320030.992,0
RACA.V,D,20220815,000000,0.000475147,0.000490542,0.000446134,0.000452863,2609660396.6559,0
RACA.V,D,20220816,000000,0.000453483,0.000467094,0.000438868,0.000454621,1773819638.1735,0
RACA.V,D,20220817,000000,0.000454301,0.000468612,0.00043211,0.0004335,1526841369.9167,0
RACA.V,D,20220818,000000,0.000433935,0.000562424,0.000412112,0.000426534,1264412535.7508,0
RACA.V,D,20220819,000000,0.000426623,0.000427863,0.00038114,0.000383598,1945863076.9469,0
RACA.V,D,20220820,000000,0.000384732,0.000395594,0.000381045,0.00038541,839924022.59357,0
RACA.V,D,20220821,000000,0.000386455,0.000427527,0.000386455,0.000407458,1489684589.2591,0
RACA.V,D,20220822,000000,0.000406712,0.000407544,0.000388232,0.000392423,837856795.03253,0
RACA.V,D,20220823,000000,0.000391711,0.000569936,0.000390073,0.000399938,1096982895.9929,0
RACA.V,D,20220824,000000,0.00039991,0.00040383,0.000393166,0.000402196,589026445.94402,0
RACA.V,D,20220825,000000,0.000402282,0.000405936,0.000393635,0.000397192,504429895.29121,0
RACA.V,D,20220826,000000,0.000396822,0.000569987,0.000376857,0.000379498,796419521.99668,0
RACA.V,D,20220827,000000,0.000379018,0.000383485,0.000358692,0.000363831,1338638578.3756,0
RACA.V,D,20220828,000000,0.000363027,0.00056451,0.000361162,0.000379056,783973989.27417,0
RACA.V,D,20220829,000000,0.00038809,0.000400138,0.000361661,0.000385647,1934840365.8171,0
RACA.V,D,20220830,000000,0.000385621,0.000401248,0.000370637,0.000380344,966917006.45464,0
RACA.V,D,20220831,000000,0.000380184,0.00039255,0.00037449,0.0003828,646879970.7007,0
RACA.V,D,20220901,000000,0.000382896,0.000383792,0.000367878,0.000378977,565636096.11347,0
RACA.V,D,20220902,000000,0.000380647,0.000504981,0.000370614,0.000372176,626983885.0465,0
RACA.V,D,20220903,000000,0.00037215,0.00038324,0.000370897,0.00037876,435878140.67554,0
RACA.V,D,20220904,000000,0.00037691,0.0005665,0.00037684,0.00038024,414713804.06153,0
RACA.V,D,20220905,000000,0.00037823,0.000383028,0.00036892,0.000378098,744466199.44428,0
RACA.V,D,20220906,000000,0.000378048,0.00038293,0.0003516,0.00036187,1142897755.939,0
RACA.V,D,20220907,000000,0.00035798,0.00036996,0.000339456,0.000362635,1715787159.1823,0
RACA.V,D,20220908,000000,0.000362635,0.000363752,0.000351681,0.000359197,1055084409.3016,0
RACA.V,D,20220909,000000,0.00035532,0.000378647,0.000354033,0.000363253,1321922401.2374,0
RACA.V,D,20220910,000000,0.000362388,0.000380885,0.000362388,0.000371834,1621106898.9416,0
RACA.V,D,20220911,000000,0.000369568,0.000564725,0.000364091,0.000369712,1585528254.9562,0
RACA.V,D,20220912,000000,0.000371019,0.000382844,0.000363093,0.000369657,1194501604.5683,0
RACA.V,D,20220913,000000,0.000369521,0.000384207,0.000352132,0.000353507,1586693920.4343,0
RACA.V,D,20220914,000000,0.000353085,0.000363214,0.000333983,0.000345463,1847161427.0481,0
RACA.V,D,20220915,000000,0.000344816,0.000365016,0.000224053,0.000329117,2822416208.9066,0
RACA.V,D,20220916,000000,0.000328077,0.000329217,0.000311299,0.000316928,1405633563.0115,0
RACA.V,D,20220917,000000,0.000319468,0.000333353,0.000314909,0.0003291,987248373.61414,0
RACA.V,D,20220918,000000,0.00032908,0.000547415,0.00030415,0.0003084,859420880.83259,0
RACA.V,D,20220919,000000,0.000305799,0.000317492,0.00029524,0.000314801,1519496725.1933,0
RACA.V,D,20220920,000000,0.000316232,0.000317512,0.00030003,0.00030346,1010699200.7292,0
RACA.V,D,20220921,000000,0.00030207,0.00049752,0.000209471,0.000308,1775536736.5335,0
RACA.V,D,20220922,000000,0.00030812,0.00032207,0.00030227,0.00031591,1600847490.2725,0
RACA.V,D,20220923,000000,0.000318612,0.00032411,0.000305319,0.000309089,1018230608.9864,0
RACA.V,D,20220924,000000,0.000310388,0.00031827,0.000307666,0.000313148,1130224644.823,0
RACA.V,D,20220925,000000,0.00031417,0.00031742,0.000204602,0.000305607,724368151.67021,0
RACA.V,D,20220926,000000,0.00020461,0.000309041,0.000152307,0.00030696,1686163632.3009,0
RACA.V,D,20220927,000000,0.00030708,0.00031402,0.00029781,0.00030181,2657288421.5176,0
RACA.V,D,20220928,000000,0.0003009,0.000304969,0.000275972,0.00029875,3594124397.9194,0
RACA.V,D,20220929,000000,0.00029758,0.00029985,0.000150015,0.00029649,1363941630.9963,0
RACA.V,D,20220930,000000,0.000293829,0.00029973,0.000150985,0.00029211,1144752871.4881,0
RACA.V,D,20221001,000000,0.00029214,0.00029505,0.00015034,0.00028604,1268842290.704,0
RACA.V,D,20221002,000000,0.0002875,0.00029022,0.00028165,0.00028339,827198167.01062,0
RACA.V,D,20221003,000000,0.000283578,0.000286077,0.000147515,0.000285179,881747791.79304,0
RACA.V,D,20221004,000000,0.000283108,0.000290407,0.000280418,0.000287746,1115434990.9575,0
RACA.V,D,20221005,000000,0.000287716,0.000292628,0.00028135,0.000284248,1113846785.923,0
RACA.V,D,20221006,000000,0.000283217,0.000293577,0.000281097,0.000284801,1558002720.0174,0
RACA.V,D,20221007,000000,0.000284958,0.000288314,0.000272814,0.00028444,3360222426.3059,0
RACA.V,D,20221008,000000,0.000284237,0.000285326,0.000276036,0.000279833,1315535458.1302,0
RACA.V,D,20221009,000000,0.000279683,0.000281428,0.000146805,0.000274515,1392596848.6847,0
RACA.V,D,20221010,000000,0.000274607,0.000280226,0.000269796,0.000270573,1033635757.3206,0
RACA.V,D,20221011,000000,0.0002706,0.00027288,0.00014269,0.000255834,1567393663.8305,0
RACA.V,D,20221012,000000,0.000253567,0.000289126,0.000249093,0.000269298,7121064785.4201,0
RACA.V,D,20221013,000000,0.000270588,0.000277802,0.000250305,0.000263841,5111945088.4687,0
RACA.V,D,20221014,000000,0.000262911,0.0004975,0.000185279,0.000258968,1451561472.8999,0
RACA.V,D,20221015,000000,0.000258038,0.000283081,0.00025573,0.000258473,5184077037.8688,0
RACA.V,D,20221016,000000,0.000259663,0.000280011,0.00025767,0.000263581,3855286267.5679,0
RACA.V,D,20221017,000000,0.000263553,0.000283617,0.000260562,0.000276106,3979739361.0921,0
RACA.V,D,20221018,000000,0.000276808,0.000285709,0.000256505,0.000263316,2644878301.6321,0
RACA.V,D,20221019,000000,0.000263326,0.000265624,0.000182324,0.00025766,1276017707.8061,0
RACA.V,D,20221020,000000,0.000256483,0.000266191,0.000251295,0.000257242,1936148383.9313,0
RACA.V,D,20221021,000000,0.000254857,0.000497475,0.000242783,0.00025297,2244521343.3928,0
RACA.V,D,20221022,000000,0.000252998,0.000255493,0.00024704,0.000249462,1022949631.1539,0
RACA.V,D,20221023,000000,0.00025063,0.000253303,0.00024517,0.000250313,1274335710.8898,0
RACA.V,D,20221024,000000,0.000251733,0.000255015,0.00024515,0.000247632,1255671498.3558,0
RACA.V,D,20221025,000000,0.00024761,0.000257165,0.000244615,0.000252078,1159240100.7728,0
RACA.V,D,20221026,000000,0.000251363,0.00025921,0.00023257,0.000255824,2883574948.0895,0
RACA.V,D,20221027,000000,0.000255842,0.000265238,0.000252848,0.000252993,2329908173.1084,0
RACA.V,D,20221028,000000,0.000252693,0.000260672,0.000246765,0.000256834,2102826205.7723,0
RACA.V,D,20221029,000000,0.000256569,0.000340866,0.000256191,0.000287386,19751827125.499,0
RACA.V,D,20221030,000000,0.000286939,0.000300057,0.000269154,0.000273355,4863544808.9668,0
RACA.V,D,20221031,000000,0.000272413,0.00027698,0.000264061,0.000271478,2196469176.2241,0
RACA.V,D,20221101,000000,0.000271684,0.000279016,0.000268041,0.000272973,1415746374.5143,0
RACA.V,D,20221102,000000,0.000272973,0.000273164,0.000257079,0.000264287,2174991673.9067,0
RACA.V,D,20221103,000000,0.000264084,0.00027297,0.000262471,0.0002642,2275669571.3931,0
RACA.V,D,20221104,000000,0.000263897,0.000284417,0.000262279,0.000283923,2493512447.3903,0
RACA.V,D,20221105,000000,0.00028382,0.000307006,0.000274125,0.000288914,7672066732.920768,0
RACA.V,D,20221106,000000,0.000289114,0.000315084,0.000283308,0.000288723,4490318335.49126,0
RACA.V,D,20221107,000000,0.00028892,0.000290629,0.000275125,0.000276636,3645970605.810465,0
RACA.V,D,20221108,000000,0.000275883,0.000287058,0.000246513,0.000251954,3969555589.9225564,0
RACA.V,D,20221109,000000,0.000251954,0.000255194,0.000207396,0.000211195,3684654818.5981894,0
RACA.V,D,20221110,000000,0.000211397,0.000250424,0.000204059,0.000232372,2905524305.681519,0
RACA.V,D,20221111,000000,0.000234516,0.00026482,0.000212006,0.00021613,1291634132.2160091,0
RACA.V,D,20221112,000000,0.000215922,0.000221101,0.000208624,0.000211419,1301623403.2431753,0
RACA.V,D,20221113,000000,0.000211718,0.000217039,0.000202455,0.00020671,2256548775.29308,0
RACA.V,D,20221114,000000,0.000205743,0.000213743,0.00019281,0.000204913,1862318964.0644226,0
RACA.V,D,20221115,000000,0.000204882,0.000241083,0.000202997,0.000216683,2931539084.8231425,0
RACA.V,D,20221116,000000,0.00021614,0.000222768,0.000205798,0.000211603,3474367931.390858,0
RACA.V,D,20221117,000000,0.000212504,0.000221951,0.000211316,0.000216427,1261218824.195988,0
RACA.V,D,20221118,000000,0.000216535,0.00022267,0.000215123,0.000220646,1332106143.285911,0
RACA.V,D,20221119,000000,0.000220846,0.00022784,0.000217252,0.000222069,766906273.4872705,0
RACA.V,D,20221120,000000,0.000222069,0.000225842,0.000211237,0.000212087,1139020982.4088502,0
RACA.V,D,20221121,000000,0.000211638,0.000212586,0.000201925,0.000205104,1108796870.7115898,0
RACA.V,D,20221122,000000,0.000204794,0.000209396,0.000200655,0.000206268,1270131520.4250379,0
RACA.V,D,20221123,000000,0.000206186,0.000220238,0.000205759,0.000214923,1274531905.01701,0
RACA.V,D,20221124,000000,0.000214925,0.000217178,0.000211563,0.000212002,927444894.3204885,0
RACA.V,D,20221125,000000,0.00021189,0.000215657,0.000207451,0.00021099,1181067235.8772893,0
RACA.V,D,20221126,000000,0.00021074,0.000222151,0.000210226,0.000215173,1246698656.4647508,0
RACA.V,D,20221127,000000,0.000215173,0.000218569,0.000210973,0.000215962,995956128.0410899,0
RACA.V,D,20221128,000000,0.000215568,0.000216385,0.000207286,0.000211917,1443403178.9077497,0
RACA.V,D,20221129,000000,0.000211817,0.000218769,0.000206322,0.000212921,868330315.1895502,0
RACA.V,D,20221130,000000,0.000213121,0.000219792,0.000209485,0.000217109,1731998641.3829963,0
RACA.V,D,20221201,000000,0.000217009,0.000217715,0.000213136,0.000216113,724750930.4442778,0
RACA.V,D,20221202,000000,0.000216111,0.000218309,0.000209123,0.000217113,1547632290.8391895,0
RACA.V,D,20221203,000000,0.000216813,0.000241805,0.000214324,0.000224322,2202986096.1841483,0
RACA.V,D,20221204,000000,0.000224422,0.000230423,0.000218287,0.000222144,1130860812.1566005,0
RACA.V,D,20221205,000000,0.000221944,0.000226318,0.000217502,0.000220507,937932009.6534615,0
RACA.V,D,20221206,000000,0.000220304,0.000223902,0.000216707,0.000218998,635667477.4554409,0
RACA.V,D,20221207,000000,0.000219096,0.000222598,0.000209902,0.0002126,681839182.7933166,0
RACA.V,D,20221208,000000,0.00021289,0.000215632,0.000209481,0.000213445,747354726.5632403,0
RACA.V,D,20221209,000000,0.000213365,0.000217018,0.00020984,0.000210856,580196857.5169392,0
RACA.V,D,20221210,000000,0.000210558,0.00021361,0.000210122,0.000212396,330339207.8769899,0
RACA.V,D,20221211,000000,0.000212308,0.0002137,0.000210162,0.000211681,822492127.7649614,0
RACA.V,D,20221212,000000,0.000211482,0.000211532,0.000200514,0.000207054,724638013.7330245,0
RACA.V,D,20221213,000000,0.000206919,0.000210042,0.000200654,0.00020863,621942056.1598147,0
RACA.V,D,20221214,000000,0.00020825,0.000211594,0.0002057,0.000206914,576937261.6321968,0
RACA.V,D,20221215,000000,0.00020696,0.000216763,0.000202581,0.000207091,971696589.4773108,0
RACA.V,D,20221216,000000,0.000206991,0.0002085,0.000190219,0.000190628,838230030.4649293,0
RACA.V,D,20221217,000000,0.000192179,0.000192659,0.000182239,0.000185236,975150893.8712798,0
RACA.V,D,20221218,000000,0.000185314,0.000188918,0.000182015,0.000186094,356493524.1282395,0
RACA.V,D,20221219,000000,0.000185944,0.000188377,0.000179277,0.000179542,694227302.8672795,0
RACA.V,D,20221220,000000,0.00017916,0.00019406,0.00017808,0.000183897,997509225.4576702,0
RACA.V,D,20221221,000000,0.000183767,0.000186096,0.000179964,0.000181107,796326845.1231698,0
RACA.V,D,20221222,000000,0.000181687,0.000184128,0.000179211,0.000183019,781344101.7287015,0
RACA.V,D,20221223,000000,0.000184011,0.000184171,0.000180804,0.000183052,427689445.1486699,0
RACA.V,D,20221224,000000,0.000183052,0.000183072,0.000179716,0.000180537,385698723.91715,0
RACA.V,D,20221225,000000,0.000180549,0.000181233,0.00017609,0.000176527,462688402.9413109,0
RACA.V,D,20221226,000000,0.000176449,0.000180892,0.000174675,0.000175705,514832722.4147009,0
RACA.V,D,20221227,000000,0.000175687,0.000178343,0.0001702,0.000171783,444486732.2078103,0
RACA.V,D,20221228,000000,0.000171843,0.000173192,0.000163958,0.000165012,519078323.9411101,0
RACA.V,D,20221229,000000,0.000164979,0.000171008,0.000164376,0.000166493,701368440.5266039,0
RACA.V,D,20221230,000000,0.000166497,0.000166513,0.000155982,0.000157791,648013636.2717006,0
RACA.V,D,20221231,000000,0.000157751,0.000165552,0.000156477,0.000162399,737203424.8166008,0
RACA.V,D,20230101,000000,0.000164318,0.000164618,0.000160213,0.000163423,379426648.6133865,0
RACA.V,D,20230102,000000,0.000160206,0.000167934,0.000159728,0.000166847,686449060.3437313,0
RACA.V,D,20230103,000000,0.000166845,0.00016715,0.000161532,0.000163038,471195738.47982967,0
RACA.V,D,20230104,000000,0.000163038,0.000166432,0.000162933,0.000164846,409483398.8796498,0
RACA.V,D,20230105,000000,0.000165185,0.000169682,0.000159185,0.000165542,601310333.3820105,0
RACA.V,D,20230106,000000,0.000165452,0.000174179,0.000159205,0.000170887,742561077.261249,0
RACA.V,D,20230107,000000,0.000173543,0.000174749,0.000164754,0.000169258,1398869677.5058901,0
RACA.V,D,20230108,000000,0.000169059,0.000176163,0.000162077,0.000173874,1123590024.3665607,0
RACA.V,D,20230109,000000,0.000173865,0.000197264,0.000172565,0.0001826,2391950117.499222,0
RACA.V,D,20230110,000000,0.0001823,0.000185181,0.000178284,0.000182624,797552924.9194988,0
RACA.V,D,20230111,000000,0.000178839,0.000188348,0.000177173,0.000182096,898515315.4161507,0
RACA.V,D,20230112,000000,0.000181784,0.000189002,0.000180572,0.000186919,729212803.4999446,0
RACA.V,D,20230113,000000,0.000185439,0.000199222,0.000183996,0.000195418,968513870.5572293,0
RACA.V,D,20230114,000000,0.000195818,0.000211136,0.000193921,0.00020151,1635453727.8783238,0
RACA.V,D,20230115,000000,0.000201912,0.000228669,0.000191917,0.000217063,2168283192.643945,0
RACA.V,D,20230116,000000,0.000217563,0.000226202,0.000202277,0.000215504,1537471623.749855,0
RACA.V,D,20230117,000000,0.000215306,0.000219518,0.000210819,0.000214821,803949474.6938989,0
RACA.V,D,20230118,000000,0.000214224,0.000224218,0.000196882,0.00020019,1405824849.8793588,0
RACA.V,D,20230119,000000,0.00020079,0.000202998,0.000194477,0.000200692,1032501148.4192538,0
RACA.V,D,20230120,000000,0.000201412,0.00021493,0.000194996,0.000213336,939251220.4043531,0
RACA.V,D,20230121,000000,0.000213138,0.00021842,0.000207737,0.000212034,1180434181.769928,0
RACA.V,D,20230122,000000,0.000212434,0.000216933,0.000205353,0.00020814,770433011.6790984,0
RACA.V,D,20230123,000000,0.000208342,0.000217507,0.000208221,0.000215132,1670185313.7939894,0
RACA.V,D,20230124,000000,0.00021523,0.0002304,0.000211728,0.000214204,1499477005.5661037,0
RACA.V,D,20230125,000000,0.000213615,0.000216741,0.000207,0.000212534,950621358.6999708,0
RACA.V,D,20230126,000000,0.000212338,0.000218739,0.000212338,0.000215824,793925541.0766884,0
RACA.V,D,20230127,000000,0.000215917,0.00021984,0.000206039,0.000215906,1579988150.7572222,0
RACA.V,D,20230128,000000,0.000216574,0.00023337,0.000215675,0.000218544,1664257335.6308284,0
RACA.V,D,20230129,000000,0.000218746,0.000236057,0.000218448,0.000231312,2000164867.9282184,0
RACA.V,D,20230130,000000,0.000231412,0.000232505,0.000212202,0.000213913,1268899295.3313503,0
RACA.V,D,20230131,000000,0.000214015,0.000222407,0.000212515,0.00021962,975220030.0354111,0
RACA.V,D,20230201,000000,0.000219313,0.000223616,0.000213104,0.000223513,837824067.7701318,0
RACA.V,D,20230202,000000,0.000223513,0.000234721,0.000221518,0.000224545,1002107259.7131209,0
RACA.V,D,20230203,000000,0.000223847,0.000228334,0.000220113,0.000225318,1090959400.1086538,0
RACA.V,D,20230204,000000,0.000225318,0.000251118,0.000224518,0.000239519,2179645372.768043,0
RACA.V,D,20230205,000000,0.000239519,0.000296471,0.000234347,0.000262766,8491731556.151095,0
RACA.V,D,20230206,000000,0.000261668,0.000266864,0.000250945,0.00025601,2421212793.2833395,0
RACA.V,D,20230207,000000,0.000253418,0.000272008,0.000248,0.000268016,3376472380.413646,0
RACA.V,D,20230208,000000,0.000268413,0.000272905,0.000248335,0.000254218,2866089234.5315194,0
RACA.V,D,20230209,000000,0.000254118,0.000256905,0.00021922,0.000219222,2182181741.906661,0
RACA.V,D,20230210,000000,0.000221522,0.00022565,0.000210748,0.000217233,1823026898.0222325,0
RACA.V,D,20230211,000000,0.0002171,0.000221627,0.000211119,0.000221622,879534795.3461945,0
RACA.V,D,20230212,000000,0.000221522,0.000225523,0.00021503,0.000218322,1342502240.319672,0
RACA.V,D,20230213,000000,0.000218322,0.000218961,0.000203345,0.000207912,1909870706.1617785,0
RACA.V,D,20230214,000000,0.000208012,0.000217585,0.000205987,0.000215963,1119862424.2155302,0
RACA.V,D,20230215,000000,0.000215986,0.000233537,0.000212681,0.000231044,1902283454.3201306,0
RACA.V,D,20230216,000000,0.000230842,0.000240741,0.000221927,0.000222971,2887834941.437254,0
RACA.V,D,20230217,000000,0.000222927,0.000235493,0.000217324,0.000232023,2004786641.4554312,0
RACA.V,D,20230218,000000,0.000231635,0.000239448,0.00022723,0.00023254,2143395887.0053842,0
RACA.V,D,20230219,000000,0.000232137,0.000237836,0.000228164,0.000229953,1555671669.8652182,0
RACA.V,D,20230220,000000,0.000229651,0.000239329,0.000223365,0.000236509,2051686155.3093376,0
RACA.V,D,20230221,000000,0.000236509,0.000253348,0.000227036,0.000243144,3417339873.943938,0
RACA.V,D,20230222,000000,0.000243444,0.000256836,0.000230232,0.000236019,2496081950.16101,0
RACA.V,D,20230223,000000,0.000236995,0.000242417,0.000232444,0.00023313,1546500898.6898959,0
RACA.V,D,20230224,000000,0.000233037,0.000236859,0.000221417,0.000222766,1161465960.1031377,0
RACA.V,D,20230225,000000,0.00022276,0.000223539,0.0002171,0.000222396,1422033481.84608,0
RACA.V,D,20230226,000000,0.000222023,0.000229295,0.000218313,0.000223618,1796779421.4439561,0
RACA.V,D,20230227,000000,0.00022391,0.000225275,0.000218231,0.000221271,1612800150.4918206,0
RACA.V,D,20230228,000000,0.000221253,0.0002278,0.000217548,0.000219537,1590014167.8061216,0
RACA.V,D,20230301,000000,0.000219442,0.000224018,0.00021703,0.000222029,1015155531.2780834,0
RACA.V,D,20230302,000000,0.000222033,0.000224427,0.0002105,0.000215519,1137672466.5572705,0
RACA.V,D,20230303,000000,0.000215517,0.000216119,0.000199028,0.000202112,1666681213.2010982,0
RACA.V,D,20230304,000000,0.000202316,0.000205616,0.00019701,0.000198414,823150088.3972704,0
RACA.V,D,20230305,000000,0.000198004,0.000211591,0.000197934,0.000204432,1137987131.649857,0
RACA.V,D,20230306,000000,0.000204522,0.000211683,0.000198382,0.000203288,1099191263.8346384,0
RACA.V,D,20230307,000000,0.000203278,0.000203592,0.000194786,0.00019479,1475692078.764369,0
RACA.V,D,20230308,000000,0.000194892,0.000197878,0.000189489,0.000189489,894164184.482798,0
RACA.V,D,20230309,000000,0.000189732,0.000190515,0.0001728,0.000175316,1194352437.6900141,0
RACA.V,D,20230310,000000,0.000175016,0.000180911,0.000170186,0.000179234,1481133499.1952097,0
RACA.V,D,20230311,000000,0.00017934,0.000186026,0.000171245,0.000177154,1540568539.9610238,0
RACA.V,D,20230312,000000,0.000177097,0.000185907,0.000172564,0.000185353,1182143023.0629082,0
RACA.V,D,20230313,000000,0.000185183,0.000196743,0.000182266,0.000194372,2159519936.0364456,0
RACA.V,D,20230314,000000,0.000194372,0.000204389,0.000189606,0.000195902,1636725561.2297354,0
RACA.V,D,20230315,000000,0.000196236,0.000200517,0.000184655,0.00018598,1317926390.896289,0
RACA.V,D,20230316,000000,0.000186355,0.000192866,0.000181918,0.000190373,1414773833.9675913,0
RACA.V,D,20230317,000000,0.000190967,0.00020782,0.00018841,0.00020782,2768474927.6736097,0
RACA.V,D,20230318,000000,0.000205713,0.000208781,0.000198234,0.000199952,1901717752.510534,0
RACA.V,D,20230319,000000,0.000199597,0.0002026,0.000196057,0.000199703,1705015504.491492,0
RACA.V,D,20230320,000000,0.000199699,0.00020198,0.000192369,0.000193805,1418382760.506295,0
RACA.V,D,20230321,000000,0.000193706,0.000197782,0.000191716,0.00019452,969515598.7048708,0
RACA.V,D,20230322,000000,0.00019492,0.000198157,0.000185332,0.000188912,1012851676.7506988,0
RACA.V,D,20230323,000000,0.000188623,0.000196928,0.000187408,0.000194022,732367511.3365793,0
RACA.V,D,20230324,000000,0.000193912,0.000197635,0.000188908,0.000191197,901557912.2083004,0
RACA.V,D,20230325,000000,0.000190815,0.000197937,0.000189508,0.000191986,813210698.1932902,0
RACA.V,D,20230326,000000,0.000191992,0.000194173,0.000189863,0.000192918,541551698.5561095,0
RACA.V,D,20230327,000000,0.000193168,0.000194288,0.000182271,0.000184687,679127923.0032207,0
RACA.V,D,20230328,000000,0.000184889,0.000190255,0.000182411,0.000187373,535434622.4022996,0
RACA.V,D,20230329,000000,0.000187271,0.000192444,0.000186856,0.000190434,485070083.70609957,0
RACA.V,D,20230330,000000,0.000190257,0.000192648,0.00018622,0.000189051,967210415.3677843,0
RACA.V,D,20230331,000000,0.000188951,0.000192046,0.00018562,0.00019124,680703830.5404993,0
RACA.V,D,20230401,000000,0.000191238,0.000197269,0.000188279,0.000191471,990644484.9016168,0
RACA.V,D,20230402,000000,0.00019158,0.000201801,0.000189576,0.000192021,1452369495.4393797,0
RACA.V,D,20230403,000000,0.000191619,0.000196592,0.00018706,0.000188972,1929161404.146143,0
RACA.V,D,20230404,000000,0.000188674,0.00019609,0.000188266,0.000194097,1301469968.5798504,0
RACA.V,D,20230405,000000,0.000193997,0.000238874,0.000192692,0.000223881,6477961449.33111,0
RACA.V,D,20230406,000000,0.000223083,0.000275802,0.000219744,0.000230081,15122164602.913105,0
RACA.V,D,20230407,000000,0.000230783,0.000234415,0.000214678,0.00021586,3037694275.363888,0
RACA.V,D,20230408,000000,0.00021576,0.000247619,0.000212065,0.000226691,5340857648.350885,0
RACA.V,D,20230409,000000,0.000227691,0.000229219,0.00021753,0.000221633,1227330973.5071206,0
RACA.V,D,20230410,000000,0.000222436,0.000227248,0.000219451,0.000222282,1553998355.3148696,0
RACA.V,D,20230411,000000,0.000223081,0.000229881,0.000221486,0.000222918,2320413098.886928,0
RACA.V,D,20230412,000000,0.000222418,0.000227523,0.000211912,0.00021767,1801567444.3833406,0
RACA.V,D,20230413,000000,0.000217369,0.000222943,0.000211222,0.000218009,1761251645.3549378,0
RACA.V,D,20230414,000000,0.000218808,0.00022773,0.000211974,0.000218882,2779803385.888683,0
RACA.V,D,20230415,000000,0.000219382,0.000224108,0.000216804,0.000220298,1109930040.4230492,0
RACA.V,D,20230416,000000,0.000221397,0.000237216,0.000220997,0.00022886,3060516231.631179,0
RACA.V,D,20230417,000000,0.000229253,0.000230357,0.000220685,0.000224317,1500751460.6055605,0
RACA.V,D,20230418,000000,0.000224246,0.000230695,0.000222722,0.000225134,1917577970.5671105,0
RACA.V,D,20230419,000000,0.000225141,0.000226557,0.000202633,0.000204612,2842010428.0184145,0
RACA.V,D,20230420,000000,0.000204504,0.000209863,0.000192165,0.000195216,3052093083.2020974,0
RACA.V,D,20230421,000000,0.000196214,0.000201624,0.000186963,0.000187483,1645315443.8443832,0
RACA.V,D,20230422,000000,0.000187515,0.000194006,0.000185467,0.000193219,1088549771.2611,0
RACA.V,D,20230423,000000,0.000193217,0.000193712,0.000186741,0.000187808,1049669928.4463339,0
RACA.V,D,20230424,000000,0.000187902,0.000192598,0.000186735,0.000189106,745072603.2551748,0
RACA.V,D,20230425,000000,0.000189306,0.000196633,0.0001888,0.000196345,973307773.145161,0
RACA.V,D,20230426,000000,0.000195247,0.000200824,0.000185524,0.000190767,1164199857.0529,0
RACA.V,D,20230427,000000,0.000190461,0.000195121,0.000189859,0.000194098,638104676.6039697,0
RACA.V,D,20230428,000000,0.000194226,0.000194256,0.000188201,0.00018981,710514000.1787096,0
RACA.V,D,20230429,000000,0.0001895,0.000191478,0.000188671,0.00019029,495011207.4579401,0
RACA.V,D,20230430,000000,0.000190455,0.000191167,0.000187415,0.000189388,700188114.8083,0
RACA.V,D,20230501,000000,0.000189322,0.000189322,0.000181216,0.000182389,775294835.7185998,0
RACA.V,D,20230502,000000,0.000182177,0.000183164,0.000179491,0.000181392,465628505.1341403,0
RACA.V,D,20230503,000000,0.000181462,0.000182053,0.000175607,0.000178937,618605592.8068492,0
RACA.V,D,20230504,000000,0.000178963,0.000182066,0.000178456,0.000178456,425986801.11019975,0
RACA.V,D,20230505,000000,0.000178874,0.000182905,0.000177886,0.000180524,881775942.1508607,0
RACA.V,D,20230506,000000,0.000181205,0.000181507,0.000168499,0.000169074,993038861.3936194,0
RACA.V,D,20230507,000000,0.000167763,0.000169534,0.000163492,0.000167376,569511529.0920873,0
RACA.V,D,20230508,000000,0.000167047,0.000167709,0.000152465,0.000154244,1275020962.6428702,0
RACA.V,D,20230509,000000,0.000154303,0.000157047,0.000151441,0.000154184,852610765.5091801,0
RACA.V,D,20230510,000000,0.000154119,0.000157919,0.000151411,0.000154789,1293689253.345212,0
RACA.V,D,20230511,000000,0.000154685,0.000154695,0.000145831,0.000147092,1394849149.6491816,0
RACA.V,D,20230512,000000,0.000147047,0.00015027,0.000144528,0.00015027,921761621.9555699,0
RACA.V,D,20230513,000000,0.00015005,0.00015092,0.000146158,0.000148124,1026197019.0388999,0
RACA.V,D,20230514,000000,0.000148044,0.000155513,0.000147144,0.000152301,1168168637.0934725,0
RACA.V,D,20230515,000000,0.000152106,0.000157536,0.000150865,0.000156109,1032102917.04558,0
RACA.V,D,20230516,000000,0.000156079,0.000156289,0.000152971,0.000154367,562970108.8574451,0
RACA.V,D,20230517,000000,0.000155182,0.000158329,0.000153827,0.000156683,941444000.17561,0
RACA.V,D,20230518,000000,0.000156618,0.000158493,0.000152151,0.000153471,639380720.6281999,0
RACA.V,D,20230519,000000,0.000153391,0.000156788,0.000152862,0.000154065,678519710.2541002,0
RACA.V,D,20230520,000000,0.000154067,0.000158212,0.000153357,0.000156401,685635212.4907006,0
RACA.V,D,20230521,000000,0.000156226,0.000157848,0.000151021,0.000151281,577250843.1791002,0
RACA.V,D,20230522,000000,0.000151311,0.000154032,0.000150835,0.000152406,432728407.1383101,0
RACA.V,D,20230523,000000,0.000152698,0.000157388,0.000151339,0.000155419,1507044209.5511007,0
RACA.V,D,20230524,000000,0.000155221,0.000155367,0.000147098,0.000148186,1084370501.0570302,0
RACA.V,D,20230525,000000,0.00014831,0.000148948,0.000145607,0.000148023,561925968.0896997,0
RACA.V,D,20230526,000000,0.000148434,0.000148693,0.000142623,0.000146684,964220285.9576198,0
RACA.V,D,20230527,000000,0.000146559,0.000147467,0.000144706,0.000145947,275976764.7292,0
RACA.V,D,20230528,000000,0.000146594,0.00014922,0.000144418,0.000149043,255521392.51563,0
RACA.V,D,20230529,000000,0.000149303,0.000151175,0.00014787,0.000149034,452256363.90534955,0
RACA.V,D,20230530,000000,0.000149083,0.000149093,0.000144861,0.000146539,601903749.2047803,0
RACA.V,D,20230531,000000,0.000146489,0.000146988,0.000141513,0.000142123,398626345.31715995,0
RACA.V,D,20230601,000000,0.00014189,0.000142927,0.00014041,0.00014224,360228119.9405401,0
RACA.V,D,20230602,000000,0.000142071,0.000143542,0.000141541,0.000143516,428016585.54726005,0
RACA.V,D,20230603,000000,0.000143422,0.00014413,0.000141947,0.000143646,471378048.1978998,0
RACA.V,D,20230604,000000,0.000143596,0.000145604,0.000125744,0.000135845,1781286171.5807095,0
RACA.V,D,20230605,000000,0.000135383,0.000135693,0.000117625,0.000118376,1235093470.4217598,0
RACA.V,D,20230606,000000,0.000118384,0.000126325,0.000118384,0.000125645,899031737.7149799,0
RACA.V,D,20230607,000000,0.000125756,0.000128802,0.00012187,0.000121976,1748901227.3075907,0
RACA.V,D,20230608,000000,0.000122122,0.000124762,0.000120904,0.000123964,447734867.79350007,0
RACA.V,D,20230609,000000,0.00012435,0.000124591,0.000122593,0.000123245,232406445.29158047,0
RACA.V,D,20230610,000000,0.000123268,0.000123466,0.000104737,0.000106732,1123089415.7927022,0
RACA.V,D,20230611,000000,0.000106462,0.000108158,0.000105933,0.000106514,538530353.4719399,0
RACA.V,D,20230612,000000,0.000106603,0.00010718,0.000104753,0.000105735,504890488.4693003,0
RACA.V,D,20230613,000000,0.000105744,0.0001094,0.000105527,0.000107696,686653457.0729092,0
RACA.V,D,20230614,000000,0.000107938,0.000109358,0.000104349,0.000105171,649834879.1070265,0
RACA.V,D,20230615,000000,0.000105206,0.000110078,0.000104882,0.000108009,18268361424.217533,0
RACA.V,D,20230616,000000,0.00010821,0.000110777,0.000106563,0.000109513,13795239925.135534,0
RACA.V,D,20230617,000000,0.000110913,0.000110922,0.000108312,0.000110446,559565770.1745905,0
RACA.V,D,20230618,000000,0.000110054,0.000111447,0.000107767,0.000108835,1031020193.4289002,0
RACA.V,D,20230619,000000,0.000108844,0.000109882,0.000108484,0.000109185,494568368.1712002,0
RACA.V,D,20230620,000000,0.000109402,0.000112596,0.000108449,0.000111758,513453794.7371,0
RACA.V,D,20230621,000000,0.000111977,0.000118562,0.000111691,0.000117486,974478425.0667999,0
RACA.V,D,20230622,000000,0.000117445,0.000121161,0.000117402,0.000117435,590130920.5965601,0
RACA.V,D,20230623,000000,0.000117664,0.000123636,0.000116826,0.000122561,538112123.6969396,0
RACA.V,D,20230624,000000,0.000122301,0.000122582,0.000117842,0.000118954,485096905.75587386,0
RACA.V,D,20230625,000000,0.000118834,0.000123636,0.000118421,0.000119123,742086779.91197,0
RACA.V,D,20230626,000000,0.000119052,0.000119266,0.00011644,0.000117173,473235384.9665001,0
RACA.V,D,20230627,000000,0.000116959,0.000118763,0.000116403,0.000118763,362725771.04392195,0
RACA.V,D,20230628,000000,0.000118813,0.000118911,0.00011309,0.000113181,576533044.2026261,0
RACA.V,D,20230629,000000,0.000113285,0.000116899,0.000112804,0.00011566,290776880.3278001,0
RACA.V,D,20230630,000000,0.000115725,0.000117822,0.000113364,0.000114726,643765742.0499793,0
RACA.V,D,20230701,000000,0.00011442,0.000119351,0.000113575,0.000118269,447606030.43459994,0
RACA.V,D,20230702,000000,0.000117899,0.000174714,0.000115994,0.000132762,19544345923.050007,0
RACA.V,D,20230703,000000,0.000132712,0.000140324,0.000128464,0.000131373,2740792310.826828,0
RACA.V,D,20230704,000000,0.000131411,0.000131794,0.000123026,0.000123696,1950707791.745309,0
RACA.V,D,20230705,000000,0.000123326,0.0001252,0.000117509,0.000120038,1484617161.663278,0
RACA.V,D,20230706,000000,0.000120198,0.000123809,0.000117016,0.000117054,1186931776.2228494,0
RACA.V,D,20230707,000000,0.000117206,0.000117334,0.00011204,0.000115452,1424002500.4276304,0
RACA.V,D,20230708,000000,0.000115419,0.000116396,0.000112578,0.000113998,1303953383.379419,0
RACA.V,D,20230709,000000,0.000114163,0.000117729,0.000113881,0.00011589,632636661.4118195,0
RACA.V,D,20230710,000000,0.000115956,0.000117805,0.000112495,0.000114988,906313388.2708,0
RACA.V,D,20230711,000000,0.000114413,0.000116854,0.000113211,0.000114931,1389949571.5718095,0
RACA.V,D,20230712,000000,0.000114895,0.000116419,0.000112411,0.000114061,416967250.5517005,0
RACA.V,D,20230713,000000,0.000113988,0.000117232,0.00011235,0.000116561,542264772.30204,0
RACA.V,D,20230714,000000,0.000116606,0.000120497,0.00011371,0.000114024,1074916884.2599807,0
RACA.V,D,20230715,000000,0.000113859,0.000116854,0.000108734,0.000115935,1459205361.966692,0
RACA.V,D,20230716,000000,0.000128138,0.000128959,0.000123746,0.00012826,540239184.1363213,0
RACA.V,D,20230717,000000,0.00012826,0.000128849,0.000122528,0.000124821,814775397.1556995,0
RACA.V,D,20230718,000000,0.000124421,0.000131,0.000122509,0.000127728,652375768.9570397,0
RACA.V,D,20230719,000000,0.000127829,0.000128924,0.00011931,0.000119899,1122444278.749199,0
RACA.V,D,20230720,000000,0.000120499,0.000124511,0.000119196,0.000121289,1022660688.1963003,0
RACA.V,D,20230721,000000,0.000120693,0.000125892,0.0001188,0.000125403,864226890.9173052,0
RACA.V,D,20230722,000000,0.000125403,0.000131408,0.000123399,0.000129213,481025153.77080005,0
RACA.V,D,20230723,000000,0.000129014,0.000136,0.000118617,0.000120799,443768934.7201998,0
RACA.V,D,20230724,000000,0.000120598,0.000125386,0.000117075,0.000123481,1063605865.4925604,0
RACA.V,D,20230725,000000,0.000123786,0.000154481,0.000115685,0.00012139,492449923.7686999,0
RACA.V,D,20230726,000000,0.00012149,0.000123681,0.0001193,0.000123298,902552714.8239301,0
RACA.V,D,20230727,000000,0.000123505,0.0001293,0.000117587,0.000119868,639771043.7639002,0
RACA.V,D,20230728,000000,0.000119468,0.000123264,0.000114175,0.000120398,327590503.5182,0
RACA.V,D,20230729,000000,0.000120196,0.000124799,0.000115895,0.0001217,548054032.1060002,0
RACA.V,D,20230730,000000,0.000121699,0.000139699,0.000116191,0.00012249,705561822.3414408,0
RACA.V,D,20230731,000000,0.00012239,0.00012239,0.000115587,0.000116981,694559110.9298993,0
RACA.V,D,20230801,000000,0.000116581,0.000122419,0.000115562,0.000120638,804723119.6201003,0
RACA.V,D,20230802,000000,0.000120735,0.000122626,0.00012023,0.00012073,336561756.31210065,0
RACA.V,D,20230803,000000,0.000120731,0.000126289,0.000119277,0.0001215,444774346.1655996,0
RACA.V,D,20230804,000000,0.000121406,0.000125392,0.000115725,0.000115825,459229222.3212002,0
RACA.V,D,20230805,000000,0.000115425,0.000123819,0.000115425,0.000119243,771514342.8522017,0
RACA.V,D,20230806,000000,0.000119324,0.000121965,0.000112706,0.000117499,1002103383.8328202,0
RACA.V,D,20230807,000000,0.000117887,0.000118572,0.000113352,0.000118471,986977033.359641,0
RACA.V,D,20230808,000000,0.000118258,0.000125191,0.00011025,0.000116682,3018260475.3785963,0
RACA.V,D,20230809,000000,0.000117582,0.000120057,0.000111906,0.000112202,872216254.488571,0
RACA.V,D,20230810,000000,0.000112201,0.000115472,0.000110888,0.00011318,664768252.393601,0
RACA.V,D,20230811,000000,0.00011298,0.000114884,0.000110376,0.000112276,517444794.2070999,0
RACA.V,D,20230812,000000,0.000112276,0.000117234,0.000110587,0.000115434,632008218.5471996,0
RACA.V,D,20230813,000000,0.000115335,0.000115534,0.000111314,0.000111512,560349053.7859004,0
RACA.V,D,20230814,000000,0.000111413,0.000112313,0.000109037,0.000109774,695456571.5776994,0
RACA.V,D,20230815,000000,0.000109775,0.000111971,0.000108652,0.000109477,921446304.2708994,0
RACA.V,D,20230816,000000,0.000109678,0.000110969,0.000107159,0.000108179,587347007.0835884,0
RACA.V,D,20230817,000000,0.000108992,0.000109491,0.000107362,0.000107838,1313796847.748,0
RACA.V,D,20230818,000000,0.000107841,0.000108259,0.00010066,0.000101048,835880525.3063593,0
RACA.V,D,20230819,000000,0.000101063,0.000103774,0.000098859,0.000103072,456057767.0321007,0
RACA.V,D,20230820,000000,0.00010317,0.00010328,0.000100398,0.000100594,329457108.8705997,0
RACA.V,D,20230821,000000,0.000100694,0.000111171,0.000097786,0.000098585,440087014.54710037,0
RACA.V,D,20230822,000000,0.000098384,0.000103165,0.000095151,0.000096068,490731417.44880015,0
RACA.V,D,20230823,000000,0.000096067,0.000104652,0.000095847,0.000102382,528082943.80299985,0
RACA.V,D,20230824,000000,0.00010228,0.000102748,0.00009877,0.000100347,1060488160.6534997,0
RACA.V,D,20230825,000000,0.000100343,0.000100745,0.00009666,0.000097642,1043199493.2795008,0
RACA.V,D,20230826,000000,0.000097649,0.000100848,0.000096648,0.000098748,354650076.0771998,0
RACA.V,D,20230827,000000,0.000098746,0.000100559,0.000097153,0.000097153,352143873.9064997,0
RACA.V,D,20230828,000000,0.000097154,0.00009914,0.000095933,0.000098453,519753407.8304997,0
RACA.V,D,20230829,000000,0.000098349,0.000100718,0.000096034,0.000100618,585049561.1818,0
RACA.V,D,20230830,000000,0.000100518,0.0001020898,0.000099085,0.0001015,588880261.3795999,0
RACA.V,D,20230831,000000,0.0001016,0.0001024897,0.000095877,0.0000983833,888113537.4661511,0
RACA.V,D,20230901,000000,0.0000982833,0.0000985635,0.0000951315,0.0000951476,920029077.9059992,0
RACA.V,D,20230902,000000,0.0000951581,0.0000970689,0.0000951562,0.0000961894,670311239.1103003,0
RACA.V,D,20230903,000000,0.0000961913,0.0000966894,0.0000929942,0.0000955328,1591805296.7598002,0
RACA.V,D,20230904,000000,0.0000948829,0.0000965845,0.0000936097,0.0000939737,445520258.8954007,0
RACA.V,D,20230905,000000,0.0000939865,0.0000956144,0.0000925744,0.0000939439,822327574.7086008,0
RACA.V,D,20230906,000000,0.0000935641,0.0000965839,0.0000931843,0.0000954127,630125878.8144548,0
RACA.V,D,20230907,000000,0.000094943,0.0000980319,0.0000948497,0.0000964308,732535903.1866016,0
RACA.V,D,20230908,000000,0.0000966487,0.000097724,0.0000959883,0.0000965874,351116646.41244,0
RACA.V,D,20230909,000000,0.0000962004,0.0000972728,0.0000956342,0.0000963759,477829324.3175,0
RACA.V,D,20230910,000000,0.0000963701,0.0000966826,0.0000932776,0.0000938643,448508919.02480006,0
RACA.V,D,20230911,000000,0.0000938643,0.0000959535,0.0000805821,0.0000838732,2456306411.0077295,0
RACA.V,D,20230912,000000,0.0000838423,0.0000873594,0.0000817367,0.000082905,944666690.1600713,0
RACA.V,D,20230913,000000,0.0000827934,0.0000871939,0.0000821927,0.0000853871,505208636.3702996,0
RACA.V,D,20230914,000000,0.0000846944,0.0000861591,0.0000832217,0.0000844445,405821221.84229964,0
RACA.V,D,20230915,000000,0.0000850738,0.0000865348,0.0000829308,0.0000843625,682510448.3686022,0
RACA.V,D,20230916,000000,0.0000839392,0.0000860169,0.0000830158,0.0000848085,578183691.3667105,0
RACA.V,D,20230917,000000,0.0000852377,0.0000868374,0.0000846469,0.0000852213,351289468.9646999,0
RACA.V,D,20230918,000000,0.0000848404,0.0000859772,0.0000843402,0.0000845344,493782091.8222,0
RACA.V,D,20230919,000000,0.0000848027,0.000092012,0.000084126,0.0000883824,732923866.6294985,0
RACA.V,D,20230920,000000,0.0000885615,0.0000918619,0.0000871483,0.0000909155,1366962050.8043985,0
RACA.V,D,20230921,000000,0.0000910536,0.0000953857,0.0000897864,0.0000905573,1153483055.5629175,0
RACA.V,D,20230922,000000,0.0000905573,0.0000923708,0.0000904519,0.0000919136,528152799.7116003,0
RACA.V,D,20230923,000000,0.0000917636,0.0000920082,0.0000900773,0.0000918446,510900168.63849986,0
RACA.V,D,20230924,000000,0.0000912964,0.0000922109,0.0000905018,0.0000906154,154651181.4436,0
RACA.V,D,20230925,000000,0.0000907536,0.0000910227,0.0000891271,0.0000904646,499529837.04580015,0
RACA.V,D,20230926,000000,0.0000900246,0.0000909364,0.0000892479,0.0000894615,378045038.0036009,0
RACA.V,D,20230927,000000,0.0000925602,0.0000925602,0.0000896202,0.0000907737,559211653.9645005,0
RACA.V,D,20230928,000000,0.0000908618,0.0000925343,0.0000888409,0.0000915291,481091580.6950004,0
RACA.V,D,20230929,000000,0.0000915027,0.0000922898,0.0000906055,0.00009073,471496898.2172,0
RACA.V,D,20230930,000000,0.0000930898,0.000098902,0.0000909018,0.0000930886,1226916196.5689,0
RACA.V,D,20231001,000000,0.0000930086,0.0000951905,0.0000919692,0.000091991,817037582.5169992,0
RACA.V,D,20231002,000000,0.0000925402,0.0000960298,0.00009196,0.0000929279,657991440.5610994,0
RACA.V,D,20231003,000000,0.0000926369,0.0000944028,0.0000912927,0.0000917991,707021789.0585501,0
RACA.V,D,20231004,000000,0.0000919074,0.000097901,0.0000861991,0.0000872017,455518483.37450016,0
RACA.V,D,20231005,000000,0.0000871026,0.0000897,0.0000871026,0.0000895242,448137622.5039003,0
RACA.V,D,20231006,000000,0.0000895242,0.0000899387,0.0000881053,0.0000893366,427997802.6120994,0
RACA.V,D,20231007,000000,0.0000893366,0.0000939854,0.0000885487,0.0000916322,877672474.0957414,0
RACA.V,D,20231008,000000,0.0000918423,0.0000939639,0.0000910555,0.0000914612,739257924.8511008,0
RACA.V,D,20231009,000000,0.0000913821,0.0000924069,0.0000882491,0.000088563,635865908.9944394,0
RACA.V,D,20231010,000000,0.0000892178,0.0000910146,0.0000853119,0.0000876096,663220607.6899993,0
RACA.V,D,20231011,000000,0.0000877088,0.0000883079,0.0000840092,0.0000848788,697192138.0289111,0
RACA.V,D,20231012,000000,0.0000846754,0.0000885432,0.0000843671,0.000084872,852678122.6296004,0
RACA.V,D,20231013,000000,0.000084567,0.0000864089,0.0000842604,0.0000851804,731114792.6206996,0
RACA.V,D,20231014,000000,0.0000852829,0.0000873904,0.0000846831,0.0000865939,215609123.78160003,0
RACA.V,D,20231015,000000,0.0000870922,0.0000978432,0.0000870922,0.0000918882,2579105816.0201,0
RACA.V,D,20231016,000000,0.0000921437,0.0000937231,0.0000890187,0.0000908681,854323368.2724997,0
RACA.V,D,20231017,000000,0.0000914065,0.0000947098,0.0000896476,0.0000898332,726609252.1747006,0
RACA.V,D,20231018,000000,0.0000885319,0.0000908336,0.0000866346,0.0000908209,810083433.4379305,0
RACA.V,D,20231019,000000,0.0000912173,0.0001136661,0.0000843287,0.0001012495,8268266498.389872,0
RACA.V,D,20231020,000000,0.0001014506,0.0001106131,0.0000980002,0.0001103063,2952332522.0566955,0
RACA.V,D,20231021,000000,0.0001104052,0.0001182173,0.0001017527,0.0001111744,2362182017.1195807,0
RACA.V,D,20231022,000000,0.000112225,0.0002239273,0.0001105719,0.000208941,42398958653.584404,0
RACA.V,D,20231023,000000,0.0002066402,0.0002440488,0.0001300889,0.0001390022,44501655152.680725,0
RACA.V,D,20231024,000000,0.0001391423,0.0001668867,0.0001329973,0.0001472323,21621078190.38573,0
RACA.V,D,20231025,000000,0.0001472723,0.0001581811,0.0001410032,0.000146065,9161526097.25444,0
RACA.V,D,20231026,000000,0.000145815,0.0001806117,0.0001378303,0.00016586,24635660123.619865,0
RACA.V,D,20231027,000000,0.0001657717,0.000270121,0.0001617391,0.000238442,65081514867.21438,0
RACA.V,D,20231028,000000,0.000239445,0.000257106,0.0001982,0.000218385,39558831846.8567,0
RACA.V,D,20231029,000000,0.000217155,0.00026392,0.000213178,0.000251671,27710273224.46761,0
RACA.V,D,20231030,000000,0.000251045,0.000251045,0.000222987,0.000233857,12642131165.077595,0
RACA.V,D,20231031,000000,0.00023487,0.000235892,0.000187227,0.000208888,16702138070.369373,0
RACA.V,D,20231101,000000,0.000208868,0.000224392,0.000189237,0.000209165,11937434202.19049,0
RACA.V,D,20231102,000000,0.000209097,0.000234288,0.000201897,0.000205075,13375750454.677309,0
RACA.V,D,20231103,000000,0.000205345,0.000207783,0.000190471,0.000196397,9491444211.35593,0
RACA.V,D,20231104,000000,0.000195926,0.000203233,0.000192537,0.000200736,3843599389.906039,0
RACA.V,D,20231105,000000,0.000200688,0.000205057,0.000192822,0.000194846,3482333250.857815,0
RACA.V,D,20231106,000000,0.000195286,0.000203065,0.000190406,0.000198404,4382497554.111544,0
RACA.V,D,20231107,000000,0.000199336,0.000222169,0.000192257,0.000205042,10469297052.316782,0
RACA.V,D,20231108,000000,0.000205419,0.000218053,0.000201491,0.000208036,5323382895.965012,0
RACA.V,D,20231109,000000,0.000208598,0.000222714,0.000169954,0.000200038,10185153851.553686,0
RACA.V,D,20231110,000000,0.000200138,0.000209207,0.000194178,0.000207006,5287801456.5072565,0
RACA.V,D,20231111,000000,0.000208308,0.000210113,0.000195459,0.000195751,9154882726.928333,0
RACA.V,D,20231112,000000,0.000195649,0.000198348,0.000178652,0.000190076,7234849616.729178,0
RACA.V,D,20231113,000000,0.000190578,0.000191517,0.000175482,0.000176746,7559088603.096391,0
RACA.V,D,20231114,000000,0.00017705,0.000198094,0.00017075,0.000182424,9136306623.977741,0
RACA.V,D,20231115,000000,0.000182729,0.000187981,0.000178227,0.000186893,4840779428.789411,0
RACA.V,D,20231116,000000,0.000186695,0.000189089,0.000174845,0.00017812,4777889526.224794,0
RACA.V,D,20231117,000000,0.00017782,0.000180293,0.000167227,0.000174758,3285191214.0903397,0
RACA.V,D,20231118,000000,0.000174959,0.000175558,0.000167474,0.000169885,2702896960.1130066,0
RACA.V,D,20231119,000000,0.000170083,0.000183082,0.000167078,0.000173978,6928594059.018206,0
RACA.V,D,20231120,000000,0.000174577,0.000177984,0.000170585,0.00017142,4286472018.645296,0
RACA.V,D,20231121,000000,0.000171917,0.000173813,0.000151458,0.000151858,4956157521.030818,0
RACA.V,D,20231122,000000,0.000152158,0.000162147,0.000151659,0.000159451,4264250930.3639975,0
RACA.V,D,20231123,000000,0.000159648,0.000170127,0.000145148,0.000165425,6059858684.564142,0
RACA.V,D,20231124,000000,0.000165423,0.000180965,0.000164625,0.000168536,5608114454.633738,0
RACA.V,D,20231125,000000,0.000168435,0.000198619,0.000167332,0.000181907,14390928084.967592,0
RACA.V,D,20231126,000000,0.000181905,0.000185606,0.000175661,0.000182069,5178085823.888606,0
RACA.V,D,20231127,000000,0.000181667,0.000181869,0.000171812,0.000175304,4574755354.861881,0
RACA.V,D,20231128,000000,0.000175304,0.00017845,0.000167013,0.000175003,4557432374.241497,0
RACA.V,D,20231129,000000,0.000174403,0.000187512,0.000173268,0.000175521,4924547868.068086,0
RACA.V,D,20231130,000000,0.000175423,0.000181729,0.000162419,0.000175628,2951821051.3080144,0
RACA.V,D,20231201,000000,0.000175732,0.00018146,0.000171867,0.000179772,3578435505.586272,0
RACA.V,D,20231202,000000,0.000179672,0.000191084,0.000176176,0.000184983,6295141002.983829,0
RACA.V,D,20231203,000000,0.000184683,0.000187686,0.000178866,0.000181263,2791974670.416789,0
RACA.V,D,20231204,000000,0.000181965,0.000189349,0.00015857,0.000177809,47030709595.92538,0
RACA.V,D,20231205,000000,0.000177409,0.000186009,0.000175209,0.000182422,6430402978.377702,0
RACA.V,D,20231206,000000,0.000182522,0.000185139,0.000175316,0.00017792,2483717142.765014,0
RACA.V,D,20231207,000000,0.000177607,0.000180298,0.000171822,0.000178663,3718710581.8013077,0
RACA.V,D,20231208,000000,0.000178664,0.000214328,0.000176621,0.000191963,13390518557.441248,0
RACA.V,D,20231209,000000,0.000191263,0.000200948,0.000186462,0.00019235,6166483151.999105,0
RACA.V,D,20231210,000000,0.00019165,0.000204933,0.000186934,0.000194006,7507113390.583933,0
RACA.V,D,20231211,000000,0.000194006,0.000194614,0.000163833,0.000176503,6363561460.751872,0
RACA.V,D,20231212,000000,0.000176217,0.000182941,0.000171862,0.000176222,3041819633.067918,0
RACA.V,D,20231213,000000,0.000176121,0.000181009,0.000168331,0.000178941,2950756530.2966948,0
RACA.V,D,20231214,000000,0.000179132,0.000182511,0.000170297,0.000178529,2535334068.580654,0
RACA.V,D,20231215,000000,0.00017843,0.000194402,0.000172347,0.000178416,7314173911.582153,0
RACA.V,D,20231216,000000,0.000178618,0.00019978,0.000177523,0.000183353,8055204547.877784,0
RACA.V,D,20231217,000000,0.000183053,0.000187314,0.000177139,0.000180814,2972756156.2337937,0
RACA.V,D,20231218,000000,0.000180705,0.000183335,0.000165741,0.000176745,3618987567.3094788,0
RACA.V,D,20231219,000000,0.000177147,0.000180328,0.000169708,0.000172112,2355349646.3033056,0
RACA.V,D,20231220,000000,0.000171914,0.0001789,0.000170644,0.000175705,2679355570.7869444,0
RACA.V,D,20231221,000000,0.000175807,0.000178786,0.000173503,0.000177134,3380949864.1358767,0
RACA.V,D,20231222,000000,0.000177434,0.000181142,0.00017493,0.000178441,1876937797.6845295,0
RACA.V,D,20231223,000000,0.000178443,0.000180308,0.000173556,0.000178586,2436215901.827402,0
RACA.V,D,20231224,000000,0.000179084,0.000185491,0.00017491,0.000176216,3721992231.310299,0
RACA.V,D,20231225,000000,0.000176515,0.000188304,0.000174882,0.000184141,2946172116.7541394,0
RACA.V,D,20231226,000000,0.000184439,0.000186741,0.000170562,0.000181382,4372666271.882888,0
RACA.V,D,20231227,000000,0.000181684,0.000183975,0.000175795,0.000182515,2327526287.1808195,0
RACA.V,D,20231228,000000,0.000182506,0.000186128,0.000173857,0.000175486,3616189848.9417605,0
RACA.V,D,20231229,000000,0.000176076,0.000179206,0.000170178,0.000171533,2415694116.0502133,0
RACA.V,D,20231230,000000,0.000172136,0.000175003,0.0001692,0.000171895,1821633995.846464,0
RACA.V,D,20231231,000000,0.000171897,0.000175751,0.000161573,0.000165659,2872280726.41136,0
RACA.V,D,20240101,000000,0.000165957,0.000173042,0.000163082,0.000172233,2001360874.1339803,0
RACA.V,D,20240102,000000,0.000172341,0.000177331,0.000167642,0.000170065,2086921818.2715688,0
RACA.V,D,20240103,000000,0.000170165,0.000177041,0.000125275,0.000153455,5053122948.14698,0
RACA.V,D,20240104,000000,0.000153661,0.000161397,0.000152605,0.000158388,2825443288.4530783,0
RACA.V,D,20240105,000000,0.000158384,0.000159861,0.000148585,0.000152719,2209913170.8676815,0
RACA.V,D,20240106,000000,0.000153507,0.000178021,0.000145939,0.000175005,7948621389.414416,0
RACA.V,D,20240107,000000,0.000174803,0.0001816,0.0001562,0.0001562,7024691556.420497,0
RACA.V,D,20240108,000000,0.0001568,0.000164036,0.000149481,0.000161942,3299455615.4009657,0
RACA.V,D,20240109,000000,0.000162244,0.00016313,0.00014973,0.000155347,2167503247.08226,0
RACA.V,D,20240110,000000,0.000155659,0.000164348,0.00015192,0.000164339,1955250382.1059039,0
RACA.V,D,20240111,000000,0.000164748,0.000170372,0.000160522,0.000164707,3689493134.348117,0
RACA.V,D,20240112,000000,0.000164715,0.000165917,0.000153691,0.000155902,2956441407.6505218,0
RACA.V,D,20240113,000000,0.000156106,0.000160339,0.000152756,0.000160262,1536702907.4055972,0
RACA.V,D,20240114,000000,0.000160262,0.00016616,0.000156298,0.000156625,1910496341.203379,0
RACA.V,D,20240115,000000,0.000156823,0.000159132,0.000154386,0.000157255,1699825040.476397,0
RACA.V,D,20240116,000000,0.000157652,0.000161136,0.000156581,0.000160576,1625045981.3881693,0
RACA.V,D,20240117,000000,0.000160574,0.00016222,0.000155761,0.000156743,2210862309.4797244,0
RACA.V,D,20240118,000000,0.000156843,0.000158606,0.000146437,0.000149351,1369169358.4117532,0
RACA.V,D,20240119,000000,0.000149151,0.000149251,0.000140656,0.000147256,1701403728.1996067,0
RACA.V,D,20240120,000000,0.000147056,0.000150177,0.000145896,0.000149877,1362991253.1795018,0
RACA.V,D,20240121,000000,0.000150177,0.000152522,0.000148008,0.000148208,1545437917.105501,0
RACA.V,D,20240122,000000,0.000148307,0.000148708,0.000138467,0.000139351,1550340705.1075778,0
RACA.V,D,20240123,000000,0.000139549,0.000141959,0.00013115,0.00013588,1384962264.5708742,0
RACA.V,D,20240124,000000,0.000136079,0.000139726,0.000135801,0.000137129,1413118354.4420846,0
RACA.V,D,20240125,000000,0.000137029,0.000138943,0.000132906,0.000135725,1910365376.2087831,0
RACA.V,D,20240126,000000,0.000135727,0.000142145,0.000135126,0.00014067,1961560484.5095985,0
RACA.V,D,20240127,000000,0.000140673,0.000152995,0.000138467,0.000150098,3320715770.3726497,0
RACA.V,D,20240128,000000,0.000150198,0.000165383,0.000144787,0.000145577,7907866605.268048,0
RACA.V,D,20240129,000000,0.000145578,0.000150009,0.000142661,0.0001494,1715440783.6528416,0
RACA.V,D,20240130,000000,0.000149301,0.000150671,0.000146388,0.000147599,1599538519.4981332,0
RACA.V,D,20240131,000000,0.000147197,0.000147399,0.00014192,0.00014262,1572440202.9471588,0
RACA.V,D,20240201,000000,0.000142622,0.000154146,0.00013949,0.000151356,3268664824.2985544,0
RACA.V,D,20240202,000000,0.000152056,0.000152457,0.000143898,0.000147722,2241076241.550909,0
RACA.V,D,20240203,000000,0.000147716,0.000148116,0.000143847,0.000145151,1160265065.1452205,0
RACA.V,D,20240204,000000,0.000145149,0.000148645,0.000142049,0.00014394,2042344887.9966202,0
RACA.V,D,20240205,000000,0.00014374,0.000150852,0.000141325,0.000147407,3532456443.787881,0
RACA.V,D,20240206,000000,0.000147507,0.000151006,0.000140756,0.000144654,2600882150.981201,0
RACA.V,D,20240207,000000,0.000145054,0.000148064,0.000141889,0.00014797,2640726514.4733615,0
RACA.V,D,20240208,000000,0.00014797,0.000156864,0.000147957,0.000152932,3801291548.405211,0
RACA.V,D,20240209,000000,0.00015223,0.00015738,0.000151424,0.000154891,3811050434.2616525,0
RACA.V,D,20240210,000000,0.000154793,0.000157047,0.000151357,0.000154745,3067083242.49295,0
RACA.V,D,20240211,000000,0.000154943,0.000160871,0.000152343,0.000154645,3673463944.427736,0
RACA.V,D,20240212,000000,0.000154745,0.000158136,0.000152298,0.000157769,3619136203.7375793,0
RACA.V,D,20240213,000000,0.000157668,0.0001584,0.000154414,0.000157261,2977904669.138771,0
RACA.V,D,20240214,000000,0.000157261,0.000165386,0.000156575,0.000163652,2596534232.4771843,0
RACA.V,D,20240215,000000,0.000163554,0.000167137,0.000159942,0.00016274,3952005048.0556006,0
RACA.V,D,20240216,000000,0.000162241,0.000169537,0.000158765,0.000161825,4277777453.8251133,0
RACA.V,D,20240217,000000,0.000161724,0.000166153,0.000159051,0.000163736,2911784675.9131603,0
RACA.V,D,20240218,000000,0.000164336,0.000182557,0.000160332,0.000164918,2933523005.9482703,0
RACA.V,D,20240219,000000,0.000165325,0.000172328,0.000163139,0.00016694,3696879209.937849,0
RACA.V,D,20240220,000000,0.00016754,0.00016774,0.000158322,0.00016003,4815448552.630278,0
RACA.V,D,20240221,000000,0.00016013,0.00016432,0.000152985,0.0001557,3800340559.873858,0
RACA.V,D,20240222,000000,0.0001557,0.000166063,0.000155508,0.000163848,4990137896.04813,0
RACA.V,D,20240223,000000,0.000163646,0.00016927,0.000159852,0.000160877,3330994245.1541224,0
RACA.V,D,20240224,000000,0.000161076,0.000163172,0.000158789,0.0001619,1946942656.2055683,0
RACA.V,D,20240225,000000,0.0001618,0.000167892,0.000160994,0.000164193,2484003157.13993,0
RACA.V,D,20240226,000000,0.000164897,0.000182391,0.000163072,0.000176913,4809364769.666916,0
RACA.V,D,20240227,000000,0.000176813,0.000197907,0.000175807,0.000193577,6491792129.016951,0
RACA.V,D,20240228,000000,0.000192175,0.000227236,0.000179604,0.000192335,12464026253.72533,0
RACA.V,D,20240229,000000,0.000192735,0.000250888,0.000188894,0.000217828,19469530705.915737,0
RACA.V,D,20240301,000000,0.000218126,0.00024575,0.00021254,0.000238986,12157719497.156199,0
RACA.V,D,20240302,000000,0.00023958,0.000328095,0.000236963,0.00028588,21196513193.71545,0
RACA.V,D,20240303,000000,0.00028578,0.000357264,0.000256454,0.000300232,20054242134.638767,0
RACA.V,D,20240304,000000,0.000301436,0.000312028,0.000278039,0.000292722,8424338153.547878,0
RACA.V,D,20240305,000000,0.000292822,0.000351326,0.000246564,0.000263679,12870472298.809082,0
RACA.V,D,20240306,000000,0.000263582,0.00028478,0.000252607,0.00027325,4956831863.272445,0
RACA.V,D,20240307,000000,0.000273237,0.000284356,0.00026549,0.000270792,3581327820.1398106,0
RACA.V,D,20240308,000000,0.000270787,0.000294127,0.000265723,0.000288199,5731998393.11135,0
RACA.V,D,20240309,000000,0.000288299,0.000395608,0.000285839,0.000367415,19247868118.306824,0
RACA.V,D,20240310,000000,0.000367512,0.000430295,0.000350659,0.000367436,16142024019.16463,0
RACA.V,D,20240311,000000,0.000368838,0.000658458,0.000353954,0.000624125,37888659897.928604,0
RACA.V,D,20240312,000000,0.000626225,0.000692397,0.000475176,0.000521737,18333448907.52885,0
RACA.V,D,20240313,000000,0.000522437,0.000561384,0.000474093,0.000493996,9716485966.247322,0
RACA.V,D,20240314,000000,0.000494447,0.000513395,0.000439602,0.000486125,8192610609.019704,0
RACA.V,D,20240315,000000,0.000483826,0.000496742,0.00038914,0.000454841,5992494970.279172,0
RACA.V,D,20240316,000000,0.000454041,0.000529215,0.000388663,0.000400963,10299148919.368454,0
RACA.V,D,20240317,000000,0.000400472,0.000418824,0.000368379,0.000413077,5663115525.800193,0
RACA.V,D,20240318,000000,0.000412777,0.000414156,0.000349916,0.000358975,4202667317.8354225,0
RACA.V,D,20240319,000000,0.000359878,0.000363964,0.000304523,0.000320553,3525649398.658603,0
RACA.V,D,20240320,000000,0.000320914,0.000375224,0.000304151,0.000362596,2864820493.764718,0
RACA.V,D,20240321,000000,0.000360418,0.000391292,0.000345862,0.000351616,2523213470.615575,0
RACA.V,D,20240322,000000,0.000352019,0.00037027,0.000332657,0.000337074,4051588151.6010046,0
RACA.V,D,20240323,000000,0.000336674,0.000374396,0.000336674,0.00036,4846015903.300923,0
RACA.V,D,20240324,000000,0.0003597,0.0004006,0.000352532,0.000389377,10919776970.239128,0
RACA.V,D,20240325,000000,0.000391373,0.000470003,0.000378877,0.00043196,10308474268.769234,0
RACA.V,D,20240326,000000,0.000432865,0.000446745,0.000405877,0.000420904,15792915306.50238,0
RACA.V,D,20240327,000000,0.000420908,0.000428953,0.000386529,0.000392259,10516327638.07178,0
RACA.V,D,20240328,000000,0.000392659,0.000413648,0.000376647,0.000404385,10633360021.11011,0
RACA.V,D,20240329,000000,0.000403385,0.000407065,0.000375102,0.000381783,8556784294.075438,0
RACA.V,D,20240330,000000,0.000382079,0.000407957,0.000381383,0.000389048,17581293735.973335,0
RACA.V,D,20240331,000000,0.000388852,0.000395436,0.000382454,0.000384946,7377939949.510262,0
RACA.V,D,20240401,000000,0.000383346,0.000394406,0.000337483,0.000352034,10769366330.28941,0
RACA.V,D,20240402,000000,0.000351734,0.000359526,0.000313409,0.000328531,8357727900.909927,0
RACA.V,D,20240403,000000,0.000328231,0.000345393,0.000313269,0.000319393,9618650195.790339,0
RACA.V,D,20240404,000000,0.000319593,0.000338586,0.000307555,0.000323778,8514133264.368766,0
RACA.V,D,20240405,000000,0.000324032,0.000343537,0.000306277,0.00032331,7249692513.871734,0
RACA.V,D,20240406,000000,0.000324301,0.000339509,0.00031561,0.000324881,7603101897.743395,0
RACA.V,D,20240407,000000,0.000324181,0.000350274,0.000323778,0.000333127,7722998106.936459,0
RACA.V,D,20240408,000000,0.00033223,0.000359296,0.000323994,0.000349883,13689823114.909693,0
RACA.V,D,20240409,000000,0.000349883,0.000353008,0.000318833,0.000322811,7495418455.487557,0
RACA.V,D,20240410,000000,0.000323165,0.000332493,0.000306489,0.00033159,4820293718.399964,0
RACA.V,D,20240411,000000,0.000330993,0.00033291,0.000316294,0.000318662,4634695628.454264,0
RACA.V,D,20240412,000000,0.000318715,0.00033071,0.000240291,0.000268481,6220671172.135415,0
RACA.V,D,20240413,000000,0.000268741,0.000322097,0.0002106,0.000221579,9067094173.385843,0
RACA.V,D,20240414,000000,0.000221179,0.000302363,0.000217476,0.000235821,8009197501.053163,0
RACA.V,D,20240415,000000,0.000236111,0.000311899,0.000236111,0.000245892,6192426390.21158,0
RACA.V,D,20240416,000000,0.000245312,0.000293773,0.000228473,0.000245247,5862847488.3071575,0
RACA.V,D,20240417,000000,0.000245149,0.000297742,0.00022897,0.000241163,6977010162.849916,0
RACA.V,D,20240418,000000,0.000240334,0.000251395,0.000232326,0.000250845,4766178695.361036,0
RACA.V,D,20240419,000000,0.000250335,0.000289504,0.000228985,0.000249387,4812984575.7598715,0
RACA.V,D,20240420,000000,0.000248932,0.000302512,0.000242257,0.000271862,4402144394.486121,0
RACA.V,D,20240421,000000,0.000271812,0.000307426,0.000259384,0.000266945,5792766862.175046,0
RACA.V,D,20240422,000000,0.000267696,0.000300317,0.000265683,0.000267558,4664257841.41111,0
RACA.V,D,20240423,000000,0.000268158,0.000300229,0.000256305,0.000261442,4317825095.843355,0
RACA.V,D,20240424,000000,0.000261695,0.000308394,0.000247514,0.00024993,6344700844.77426,0
RACA.V,D,20240425,000000,0.00025007,0.000251232,0.000239534,0.000248846,4803376918.186822,0
RACA.V,D,20240426,000000,0.000248766,0.000274489,0.000236914,0.000238966,3729624279.414747,0
RACA.V,D,20240427,000000,0.000238926,0.000239092,0.000226418,0.00023338,3965940476.6197906,0
RACA.V,D,20240428,000000,0.00023343,0.00027589,0.000233093,0.000238947,2781378660.114171,0
RACA.V,D,20240429,000000,0.000274708,0.000282,0.000269592,0.0002749,2112511835.2990928,0
RACA.V,D,20240430,000000,0.000275817,0.000276387,0.000251557,0.00026126,2619013022.799354,0
RACA.V,D,20240501,000000,0.000260661,0.000287598,0.0002483,0.000265301,2326804106.6790214,0
RACA.V,D,20240502,000000,0.000264303,0.000272933,0.000253239,0.000262213,2340749080.0977764,0
RACA.V,D,20240503,000000,0.00026221,0.000287752,0.000254195,0.000273815,2464762720.912544,0
RACA.V,D,20240504,000000,0.000271617,0.000274618,0.000228848,0.000240124,2212357298.1941156,0
RACA.V,D,20240505,000000,0.000241724,0.000245822,0.000231928,0.000243927,1941839850.400956,0
RACA.V,D,20240506,000000,0.000241829,0.0002475,0.000232605,0.000244605,1888935314.631333,0
RACA.V,D,20240507,000000,0.000244002,0.000247098,0.000219602,0.000220493,1156254290.4622555,0
RACA.V,D,20240508,000000,0.000220589,0.000239174,0.000208075,0.000214833,3423370338.566813,0
RACA.V,D,20240509,000000,0.000214933,0.000236677,0.000212911,0.000222464,1635293172.645095,0
RACA.V,D,20240510,000000,0.000235365,0.000237871,0.000228425,0.000233328,1832130238.9273984,0
RACA.V,D,20240511,000000,0.00023273,0.00024854,0.000225603,0.000241247,1655176389.7776728,0
RACA.V,D,20240512,000000,0.000240247,0.000245607,0.000223897,0.000243395,2748394902.6139407,0
RACA.V,D,20240513,000000,0.000217906,0.000239583,0.00021016,0.000212977,8574585307.026004,0
RACA.V,D,20240514,000000,0.000212277,0.00023508,0.000204269,0.000207925,5237526891.645313,0
RACA.V,D,20240515,000000,0.000208123,0.000239719,0.000206109,0.000222734,5042744132.551924,0
RACA.V,D,20240516,000000,0.000222631,0.000243951,0.000220958,0.000236321,3701567268.987409,0
RACA.V,D,20240517,000000,0.000235719,0.000236221,0.000222318,0.000231281,3401805613.1533556,0
RACA.V,D,20240518,000000,0.000230979,0.00023444,0.000225563,0.00023374,2136057731.7074928,0
RACA.V,D,20240519,000000,0.000231439,0.00023444,0.000224398,0.000226984,2266036856.6848364,0
RACA.V,D,20240520,000000,0.000226686,0.000243314,0.00021413,0.000240794,1900843689.7661347,0
RACA.V,D,20240521,000000,0.000240791,0.000244888,0.000232288,0.000240935,3149092530.9300203,0
RACA.V,D,20240522,000000,0.000241237,0.000273321,0.000234746,0.00026129,5054974074.13423,0
RACA.V,D,20240523,000000,0.000245994,0.000262442,0.000224895,0.000239647,5814186178.421235,0
RACA.V,D,20240524,000000,0.000239846,0.000287182,0.000235684,0.000268368,16681513263.420599,0
RACA.V,D,20240525,000000,0.000268168,0.000286874,0.000262634,0.000268946,9627948435.300083,0
RACA.V,D,20240526,000000,0.000269146,0.000278008,0.000258497,0.000274623,4721759249.191587,0
RACA.V,D,20240527,000000,0.000272996,0.000279714,0.00025947,0.000269225,6371734954.096505,0
RACA.V,D,20240528,000000,0.000269125,0.000270524,0.000250824,0.000256661,6836025093.145259,0
RACA.V,D,20240529,000000,0.000256871,0.000273779,0.000252494,0.000256218,6027302942.166262,0
RACA.V,D,20240530,000000,0.000256318,0.000257516,0.000243954,0.000244814,2714868987.5659914,0
RACA.V,D,20240531,000000,0.000250212,0.000256123,0.000243503,0.000248903,3349735836.234855,0
RACA.V,D,20240601,000000,0.000248506,0.00026646,0.000244852,0.000259669,4008851734.9326143,0
RACA.V,D,20240602,000000,0.000258567,0.000343125,0.000249613,0.000293244,39946993813.96072,0
RACA.V,D,20240603,000000,0.000293544,0.000300335,0.000270032,0.000276753,21157542989.364273,0
RACA.V,D,20240604,000000,0.000276153,0.000319107,0.000274053,0.0002972,19881335333.117924,0
RACA.V,D,20240605,000000,0.0002972,0.00030544,0.000282738,0.000285726,7254646779.291558,0
RACA.V,D,20240606,000000,0.000286126,0.000312516,0.0002837,0.000298205,12480932759.696808,0
RACA.V,D,20240607,000000,0.000298005,0.000303875,0.00023721,0.000259002,6602029180.567746,0
RACA.V,D,20240608,000000,0.000258104,0.000262679,0.000243949,0.000245773,6645361196.273017,0
RACA.V,D,20240609,000000,0.00025407,0.000259469,0.000244173,0.000244361,3088286507.7318807,0
RACA.V,D,20240610,000000,0.000244563,0.000253729,0.000243122,0.000249033,4109542484.019943,0
RACA.V,D,20240611,000000,0.00025063,0.000253404,0.000228681,0.00023605,4391212114.93211,0
RACA.V,D,20240612,000000,0.00023615,0.000254931,0.000232256,0.000238121,3876473050.3970885,0
RACA.V,D,20240613,000000,0.000237921,0.000240723,0.00023397,0.000238005,2833862678.8611836,0
RACA.V,D,20240614,000000,0.000237705,0.00024381,0.000224745,0.000236235,3447716288.412691,0
RACA.V,D,20240615,000000,0.000236032,0.000245323,0.000233967,0.000238964,1818733543.0560675,0
RACA.V,D,20240616,000000,0.000238964,0.000242754,0.000236004,0.000236111,1441387113.9347017,0
RACA.V,D,20240617,000000,0.000236111,0.000244024,0.000229921,0.00023479,2385623214.5511703,0
RACA.V,D,20240618,000000,0.000233792,0.000236589,0.000176093,0.000228872,5073579920.017434,0
RACA.V,D,20240619,000000,0.000228674,0.000248193,0.000216985,0.000227509,2431341924.535353,0
RACA.V,D,20240620,000000,0.000228006,0.000241382,0.000220241,0.00022464,2021293099.0657828,0
RACA.V,D,20240621,000000,0.000223741,0.000230811,0.000213965,0.000218165,2169159167.9026265,0
RACA.V,D,20240622,000000,0.000218365,0.000223788,0.00021552,0.000219112,1434981709.6837783,0
RACA.V,D,20240623,000000,0.00021919,0.000226603,0.000215297,0.000221747,1518910566.5339143,0
RACA.V,D,20240624,000000,0.000219448,0.000261919,0.000171602,0.000214743,2254632584.619624,0
RACA.V,D,20240625,000000,0.000215343,0.000224765,0.000177991,0.000218861,2418671660.0250645,0
RACA.V,D,20240626,000000,0.00021956,0.000233827,0.000179233,0.000210357,1851601414.2856972,0
RACA.V,D,20240627,000000,0.000210334,0.000227057,0.000176666,0.000220697,2334867847.905209,0
RACA.V,D,20240628,000000,0.000219603,0.000227522,0.0002103,0.000214375,1836791382.041906,0
RACA.V,D,20240629,000000,0.000213774,0.000231334,0.000212576,0.000218428,1759049940.0147445,0
RACA.V,D,20240630,000000,0.000218126,0.000220662,0.000209552,0.000219158,1878548750.2847598,0
RACA.V,D,20240701,000000,0.000218858,0.00023292,0.000213739,0.000217558,2259919088.6767116,0
RACA.V,D,20240702,000000,0.000217667,0.000219776,0.000210732,0.000214057,1383425800.753678,0
RACA.V,D,20240703,000000,0.000214057,0.000220269,0.000169586,0.000206271,1230735468.4671676,0
RACA.V,D,20240704,000000,0.000205869,0.000216531,0.000155764,0.000206884,2389537362.741036,0
RACA.V,D,20240705,000000,0.000208381,0.000209948,0.000146274,0.000192515,3584698090.840274,0
RACA.V,D,20240706,000000,0.000191617,0.000205925,0.000190115,0.000197906,2178465771.4732223,0
RACA.V,D,20240707,000000,0.000199204,0.000205844,0.000152588,0.000195678,1865551159.409927,0
RACA.V,D,20240708,000000,0.00019628,0.000208698,0.000150458,0.000206281,2035735220.880439,0
RACA.V,D,20240709,000000,0.000207581,0.000207581,0.000152109,0.000196296,1995814979.457096,0
RACA.V,D,20240710,000000,0.000196396,0.00020079,0.000191906,0.000196884,1509191418.3347116,0
RACA.V,D,20240711,000000,0.000196584,0.000201074,0.000192162,0.000195594,2408694433.752309,0
RACA.V,D,20240712,000000,0.000195796,0.000200924,0.000155772,0.00019824,1837414416.8255162,0
RACA.V,D,20240713,000000,0.000198338,0.000205625,0.000192629,0.000200534,1640589335.1248367,0
RACA.V,D,20240714,000000,0.00020016,0.000239257,0.000187058,0.000198573,2528308893.1597757,0
RACA.V,D,20240715,000000,0.000202473,0.000208408,0.000191594,0.0001996,2514956401.212332,0
RACA.V,D,20240716,000000,0.0001996,0.000207514,0.00018967,0.00020085,3629167819.5147166,0
RACA.V,D,20240717,000000,0.00020105,0.000245525,0.000192019,0.000205018,4613508434.4024105,0
RACA.V,D,20240718,000000,0.000204618,0.000213098,0.000201158,0.000207159,3803241252.685005,0
RACA.V,D,20240719,000000,0.000206859,0.000221207,0.000195059,0.000207787,2916634667.8318233,0
RACA.V,D,20240720,000000,0.000207687,0.00020929,0.000205382,0.000208488,2222721434.0714436,0
RACA.V,D,20240721,000000,0.00020849,0.000210963,0.00020536,0.000209542,2151696038.9604726,0
RACA.V,D,20240722,000000,0.000209044,0.000211011,0.000200132,0.000203261,2863335269.11127,0
RACA.V,D,20240723,000000,0.000203161,0.000204233,0.00019842,0.000201724,2450474071.8000336,0
RACA.V,D,20240724,000000,0.000201724,0.000206619,0.000199198,0.000200464,2148528332.413782,0
RACA.V,D,20240725,000000,0.000200464,0.000208054,0.000188945,0.000196643,2931408295.2646027,0
RACA.V,D,20240726,000000,0.000198548,0.0002094,0.000191767,0.0002053,2531168124.483882,0
RACA.V,D,20240727,000000,0.0002057,0.000211706,0.000190827,0.000193494,2053403034.2319643,0
RACA.V,D,20240728,000000,0.000193219,0.00020719,0.0001913,0.000194083,1914833192.6703703,0
RACA.V,D,20240729,000000,0.000194081,0.000208571,0.000189875,0.000198378,2139603565.5893624,0
RACA.V,D,20240730,000000,0.000198178,0.000207254,0.000197809,0.000198141,2056413285.4589891,0
RACA.V,D,20240731,000000,0.00019834,0.000207821,0.000163725,0.000200824,1320393396.4008665,0
RACA.V,D,20240801,000000,0.000198828,0.000204394,0.000156636,0.000190544,2069611660.4176874,0
RACA.V,D,20240802,000000,0.000189748,0.000203419,0.000180065,0.000181092,1820246913.3081172,0
RACA.V,D,20240803,000000,0.000181291,0.00020008,0.000176999,0.000181186,3183825200.9702682,0
RACA.V,D,20240804,000000,0.000180984,0.000197781,0.000170353,0.000177548,3128914408.514516,0
RACA.V,D,20240805,000000,0.000176849,0.00019106,0.000113291,0.000168932,3348947621.4895735,0
RACA.V,D,20240806,000000,0.000168732,0.00018806,0.000157877,0.00017917,3319445764.903103,0
RACA.V,D,20240807,000000,0.000176169,0.000184198,0.000166168,0.000177416,3516766895.016213,0
RACA.V,D,20240808,000000,0.000177518,0.000184718,0.000167218,0.000178353,876557607.1013519,0
RACA.V,D,20240809,000000,0.000178252,0.00017865,0.000173233,0.000176555,1432641585.6404037,0
RACA.V,D,20240810,000000,0.000176755,0.000176969,0.000173533,0.000176434,1674666660.8691857,0
RACA.V,D,20240811,000000,0.000176588,0.000176834,0.000173119,0.000174117,1485516340.4617515,0
RACA.V,D,20240812,000000,0.000175118,0.000176923,0.000170432,0.000176619,2047911349.7733634,0
RACA.V,D,20240813,000000,0.000176718,0.000176953,0.000171327,0.000176421,1775516875.8657131,0
RACA.V,D,20240814,000000,0.000176519,0.000176958,0.000171853,0.000174714,1849834501.9781342,0
RACA.V,D,20240815,000000,0.000174916,0.000176911,0.000169692,0.000171731,1727734436.3063693,0
RACA.V,D,20240816,000000,0.000171733,0.000176967,0.000136338,0.000174249,1720192067.9746518,0
RACA.V,D,20240817,000000,0.000174049,0.000178914,0.000135801,0.000176016,1282701788.1204185,0
RACA.V,D,20240818,000000,0.000175916,0.000187832,0.000142137,0.000183435,2127522850.6786687,0
RACA.V,D,20240819,000000,0.000180936,0.000185135,0.000138429,0.000173038,1426289507.6278913,0
RACA.V,D,20240820,000000,0.000173138,0.000188073,0.000170449,0.000177202,2235746000.1084604,0
RACA.V,D,20240821,000000,0.000177102,0.000185519,0.000168117,0.000180513,2556179249.3539605,0
RACA.V,D,20240822,000000,0.000181014,0.000184335,0.000174416,0.000178909,2150267417.3850613,0
RACA.V,D,20240823,000000,0.000178909,0.000184683,0.000165148,0.000181845,1993559587.0938668,0
RACA.V,D,20240824,000000,0.000181844,0.000187164,0.000176857,0.000177562,2267750680.2112575,0
RACA.V,D,20240825,000000,0.000177807,0.000189502,0.000171258,0.000178262,2063991793.0263402,0
RACA.V,D,20240826,000000,0.000178262,0.00020042,0.000172916,0.000173631,1683896494.5945575,0
RACA.V,D,20240827,000000,0.000173631,0.000214794,0.000150979,0.0001754,1505999530.824609,0
RACA.V,D,20240828,000000,0.000175102,0.000182009,0.000144313,0.000174716,1640375370.9868455,0
RACA.V,D,20240829,000000,0.000174816,0.000182122,0.000174297,0.000175398,1565048352.8295248,0
RACA.V,D,20240830,000000,0.000175498,0.000185481,0.000168273,0.000173577,1809629152.3879657,0
RACA.V,D,20240831,000000,0.000174577,0.000178582,0.000169661,0.000176965,1302099727.2771752,0
RACA.V,D,20240901,000000,0.000175418,0.000178768,0.000170169,0.000171769,1680210498.3462977,0
RACA.V,D,20240902,000000,0.000170571,0.000178786,0.000163966,0.000169271,1756159095.9906743,0
RACA.V,D,20240903,000000,0.000168566,0.000172988,0.000167231,0.000167951,1649939977.2309506,0
RACA.V,D,20240904,000000,0.000168066,0.00017235,0.000161548,0.000166082,1821794666.6255767,0
RACA.V,D,20240905,000000,0.000165982,0.000172771,0.000163864,0.000166738,1977361669.575027,0
RACA.V,D,20240906,000000,0.00016634,0.000173832,0.000161058,0.000161916,1825943865.7533286,0
RACA.V,D,20240907,000000,0.000161116,0.000172846,0.000161116,0.000163784,1573327509.112174,0
RACA.V,D,20240908,000000,0.000163851,0.000173172,0.000161884,0.000164684,1080762651.1552079,0
RACA.V,D,20240909,000000,0.000165666,0.000169381,0.000161387,0.00016593,1392429220.211966,0
RACA.V,D,20240910,000000,0.00016593,0.000171091,0.000161394,0.000167988,1776295820.3999724,0
RACA.V,D,20240911,000000,0.000167867,0.000173086,0.000154088,0.000166915,6681549024.0499525,0
RACA.V,D,20240912,000000,0.000166767,0.000168802,0.000163016,0.000165987,2170779967.2726574,0
RACA.V,D,20240913,000000,0.000165487,0.000177219,0.000157355,0.000165466,2183738619.7901683,0
RACA.V,D,20240914,000000,0.000165466,0.000176502,0.000159288,0.00016553,1527632298.4505603,0
RACA.V,D,20240915,000000,0.00016543,0.000173223,0.000164431,0.0001656,1234479730.183701,0
RACA.V,D,20240916,000000,0.000166702,0.000168334,0.000144386,0.000163869,2256659740.673901,0
RACA.V,D,20240917,000000,0.000163069,0.0001716,0.00014722,0.000170017,1595043692.5303311,0
RACA.V,D,20240918,000000,0.000169915,0.000171917,0.0001598,0.000165407,1930915731.7393703,0
RACA.V,D,20240919,000000,0.000165683,0.000173321,0.000163242,0.000165016,3437156852.1988587,0
RACA.V,D,20240920,000000,0.000165215,0.000175002,0.000159326,0.000160811,1892482870.8875842,0
RACA.V,D,20240921,000000,0.000160816,0.000171317,0.000159511,0.000170417,1417921106.0977662,0
RACA.V,D,20240922,000000,0.000171017,0.000175196,0.000166997,0.0001729,2349062657.9845285,0
RACA.V,D,20240923,000000,0.000173683,0.000179691,0.000165279,0.000177291,1864780524.5594668,0
RACA.V,D,20240924,000000,0.000177891,0.000227059,0.000166083,0.000215189,14208862942.329243,0
RACA.V,D,20240925,000000,0.000215487,0.000233072,0.000201888,0.000214364,11199303674.422817,0
RACA.V,D,20240926,000000,0.000214264,0.000225335,0.000202118,0.00020472,6056090079.368693,0
RACA.V,D,20240927,000000,0.00020202,0.000212738,0.000200814,0.000206937,3029237364.680949,0
RACA.V,D,20240928,000000,0.000206937,0.000233023,0.000203428,0.000229325,4335409158.81492,0
RACA.V,D,20240929,000000,0.000230654,0.000257874,0.000219933,0.000222111,7015611164.817488,0
RACA.V,D,20240930,000000,0.000221956,0.000224604,0.000205075,0.000209733,2939855417.860408,0
RACA.V,D,20241001,000000,0.000209733,0.000216615,0.00017805,0.000185352,3890669627.4063525,0
RACA.V,D,20241002,000000,0.000185352,0.000205249,0.000177056,0.000180953,2911911840.2956643,0
RACA.V,D,20241003,000000,0.000180951,0.000184274,0.000171978,0.000172679,2442164539.610681,0
RACA.V,D,20241004,000000,0.000172679,0.000198862,0.000172179,0.000189498,3149630896.6331058,0
RACA.V,D,20241005,000000,0.000189198,0.000195384,0.000184978,0.00018677,1839904701.8748064,0
RACA.V,D,20241006,000000,0.000186872,0.000196867,0.000185778,0.000193267,1929632894.3392107,0
RACA.V,D,20241007,000000,0.000193267,0.000198368,0.000190041,0.000192042,2197425672.907538,0
RACA.V,D,20241008,000000,0.000192042,0.000192909,0.000185857,0.000187165,2242061733.555729,0
RACA.V,D,20241009,000000,0.000187144,0.000196564,0.000185946,0.000186434,1628064752.6713521,0
RACA.V,D,20241010,000000,0.000186136,0.000186745,0.00017746,0.000179905,1445405358.7167625,0
RACA.V,D,20241011,000000,0.000179806,0.000192373,0.000179406,0.000192175,1137145983.2330513,0
RACA.V,D,20241012,000000,0.000192175,0.000221054,0.000187723,0.000211836,3897945544.3706646,0
RACA.V,D,20241013,000000,0.000211821,0.000221733,0.0001963,0.000198718,2415419689.7372,0
RACA.V,D,20241014,000000,0.00019882,0.000214901,0.000198681,0.000209067,2059221601.293254,0
RACA.V,D,20241015,000000,0.000209067,0.000215364,0.000199946,0.000204549,2133147069.6258183,0
RACA.V,D,20241016,000000,0.000204535,0.000211154,0.000200826,0.000207658,1734485740.5115974,0
RACA.V,D,20241017,000000,0.000207558,0.000207558,0.000187838,0.000190033,1556481115.5053012,0
RACA.V,D,20241018,000000,0.000190133,0.00020246,0.000190132,0.000197374,1489465139.9808607,0
RACA.V,D,20241019,000000,0.000196774,0.000208354,0.000195282,0.000196155,1251558270.086108,0
RACA.V,D,20241020,000000,0.000196039,0.000216857,0.000195446,0.000204932,2112562113.2569509,0
RACA.V,D,20241021,000000,0.000205532,0.000208329,0.000193119,0.000196118,2360774815.548993,0
RACA.V,D,20241022,000000,0.00019542,0.00019552,0.000185957,0.000188064,1432925417.307555,0
RACA.V,D,20241023,000000,0.000188264,0.000197306,0.000179746,0.000184005,2395416516.914522,0
RACA.V,D,20241024,000000,0.000184304,0.000191218,0.000181914,0.000189085,2049707731.6800382,0
RACA.V,D,20241025,000000,0.000188783,0.000190284,0.00017921,0.000180475,1682075790.804875,0
RACA.V,D,20241026,000000,0.000180475,0.000182181,0.000171671,0.000174072,1697124103.172722,0
RACA.V,D,20241027,000000,0.000173972,0.000182951,0.00017307,0.000178953,1564093199.1033719,0
RACA.V,D,20241028,000000,0.000178875,0.000186775,0.000173609,0.000182172,2106254279.0852523,0
RACA.V,D,20241029,000000,0.000182072,0.000190834,0.000181974,0.00018734,1871287337.7053578,0
RACA.V,D,20241030,000000,0.000187442,0.000189743,0.000181053,0.000182442,2921987963.9241023,0
RACA.V,D,20241031,000000,0.000182342,0.000183443,0.000175451,0.000177168,1927828926.5883787,0
RACA.V,D,20241101,000000,0.000177066,0.000181162,0.000170844,0.000172581,2761579138.9133554,0
RACA.V,D,20241102,000000,0.000172481,0.000173003,0.000168851,0.000170051,2107662660.6978037,0
RACA.V,D,20241103,000000,0.000169553,0.000171228,0.000167333,0.000170434,1967174296.2526271,0
RACA.V,D,20241104,000000,0.000170633,0.000170633,0.00016668,0.00016687,1780101954.6783311,0
RACA.V,D,20241105,000000,0.00016687,0.000180182,0.000166692,0.00016958,2200925680.425523,0
RACA.V,D,20241106,000000,0.00016948,0.000189914,0.000169478,0.000189414,3035720013.9477897,0
RACA.V,D,20241107,000000,0.000189714,0.000192396,0.00018329,0.000186593,1786661664.3319001,0
RACA.V,D,20241108,000000,0.000186993,0.000189842,0.000183246,0.000187422,1997390927.817173,0
RACA.V,D,20241109,000000,0.00018722,0.000210863,0.000184794,0.00020716,4274583870.8259583,0
RACA.V,D,20241110,000000,0.00020726,0.000220216,0.000198774,0.000207616,3810864415.3257637,0
RACA.V,D,20241111,000000,0.000207516,0.0002215,0.000203154,0.000216749,3678598399.620958,0
RACA.V,D,20241112,000000,0.000217948,0.000233124,0.00019979,0.000214037,10458058320.050085,0
RACA.V,D,20241113,000000,0.000213939,0.00022033,0.000194564,0.000205626,6632549327.052504,0
RACA.V,D,20241114,000000,0.000205125,0.000218598,0.000194433,0.000203224,5428711565.971614,0
RACA.V,D,20241115,000000,0.000202722,0.000251228,0.000187164,0.000228769,14268414663.038313,0
RACA.V,D,20241116,000000,0.000229366,0.00024926,0.000221193,0.000230381,7263568046.305943,0
RACA.V,D,20241117,000000,0.00022998,0.00025,0.000222573,0.000228807,5689057148.46887,0
RACA.V,D,20241118,000000,0.000228809,0.000236516,0.00022352,0.00023321,2474642331.8433228,0
RACA.V,D,20241119,000000,0.000232809,0.000246246,0.0002231,0.000225284,3031617761.5074306,0
RACA.V,D,20241120,000000,0.000224683,0.000231752,0.000212074,0.000215749,1963347851.7815638,0
RACA.V,D,20241121,000000,0.000215751,0.000225792,0.000206268,0.000225612,1691224966.4634857,0
RACA.V,D,20241122,000000,0.000225211,0.000228713,0.000210603,0.000217023,1000092968.6975105,0
RACA.V,D,20241123,000000,0.000217426,0.000238262,0.000216423,0.000230449,1332192428.6918025,0
RACA.V,D,20241124,000000,0.000231249,0.00027785,0.000229147,0.000253053,10539685644.723335,0
RACA.V,D,20241125,000000,0.000254454,0.000255355,0.000228923,0.00023954,3284993331.2686477,0
RACA.V,D,20241126,000000,0.000238847,0.000244251,0.000214239,0.000227414,2355391690.611551,0
RACA.V,D,20241127,000000,0.000226614,0.00024418,0.000215814,0.000242642,1794266930.8759677,0
RACA.V,D,20241128,000000,0.000243043,0.000248852,0.000230617,0.000243212,1569919309.404356,0
RACA.V,D,20241129,000000,0.000243312,0.000249382,0.000227032,0.000248681,1330276719.3967075,0
RACA.V,D,20241130,000000,0.000248281,0.000256703,0.000234391,0.000251901,1728580721.314365,0
RACA.V,D,20241201,000000,0.000252301,0.000268485,0.000233514,0.000260633,2361151762.478683,0
RACA.V,D,20241202,000000,0.000260335,0.000271893,0.0002282,0.000253591,3199090985.4646797,0
RACA.V,D,20241203,000000,0.000253889,0.000267829,0.000234466,0.000267579,4087391044.1453457,0
RACA.V,D,20241204,000000,0.000267574,0.000307403,0.000247331,0.000298603,6558495116.4053135,0
RACA.V,D,20241205,000000,0.000297701,0.000329367,0.000271187,0.000305367,7371157013.244596,0
RACA.V,D,20241206,000000,0.000304896,0.000327962,0.000297493,0.000314346,5204386314.5594635,0
RACA.V,D,20241207,000000,0.000314546,0.000328323,0.000302945,0.000307615,4552069658.764838,0
RACA.V,D,20241208,000000,0.000307415,0.000326214,0.000292405,0.000317878,4032639877.5994196,0
RACA.V,D,20241209,000000,0.000318178,0.000343537,0.000239966,0.000254976,6549611725.1012125,0
RACA.V,D,20241210,000000,0.000255077,0.000262468,0.000227432,0.000248724,3535354685.939697,0
RACA.V,D,20241211,000000,0.000248522,0.000277138,0.000236618,0.000276635,2110522006.7018178,0
RACA.V,D,20241212,000000,0.000276138,0.000280176,0.00026065,0.000263661,2234594799.0429854,0
RACA.V,D,20241213,000000,0.000264237,0.000271222,0.000257834,0.000266351,1871103380.052571,0
RACA.V,D,20241214,000000,0.000265951,0.000289091,0.000245166,0.000251377,1445199977.1296258,0
RACA.V,D,20241215,000000,0.000251277,0.000259399,0.000247351,0.000251345,1013943761.7295785,0
RACA.V,D,20241216,000000,0.000251755,0.000261509,0.0002446,0.000250168,1653225413.1067839,0
RACA.V,D,20241217,000000,0.000250268,0.000251788,0.000236872,0.000236876,1522147397.3109388,0
RACA.V,D,20241218,000000,0.000237176,0.000244922,0.000215803,0.00021931,2102105757.8544214,0
RACA.V,D,20241219,000000,0.000218313,0.000231754,0.00019302,0.000202797,1635267655.7250338,0
RACA.V,D,20241220,000000,0.000202516,0.000234387,0.000176815,0.000207361,2255843232.864302,0
RACA.V,D,20241221,000000,0.000207263,0.000217387,0.000195024,0.000200881,3395543762.08055,0
RACA.V,D,20241222,000000,0.000201377,0.000216746,0.000195246,0.000198863,1711251387.231684,0
RACA.V,D,20241223,000000,0.000199063,0.000213133,0.000193935,0.000207424,1091102499.1478596,0
RACA.V,D,20241224,000000,0.000207819,0.000227159,0.000200205,0.000208741,1055539780.810784,0
RACA.V,D,20241225,000000,0.000209239,0.000233963,0.000206033,0.000207215,960430354.9122692,0
RACA.V,D,20241226,000000,0.000207715,0.000212453,0.000191898,0.00019599,914804025.5311469,0
RACA.V,D,20241227,000000,0.000195481,0.000209413,0.00019366,0.000195514,1050797461.724914,0
RACA.V,D,20241228,000000,0.000195015,0.000209713,0.00019432,0.000204315,880870780.8938439,0
RACA.V,D,20241229,000000,0.000203319,0.000228239,0.000191407,0.000191825,854893887.5993146,0
RACA.V,D,20241230,000000,0.000212786,0.000212905,0.000184648,0.000193347,1303061922.5260305,0
RACA.V,D,20241231,000000,0.000191651,0.000222401,0.00018652,0.00019304,1025051160.5971844,0
RACA.V,D,20250101,000000,0.000192839,0.000210663,0.000189326,0.000197488,876679073.9875672,0
RACA.V,D,20250102,000000,0.000197389,0.000216978,0.000197389,0.000200495,829825621.9726679,0
RACA.V,D,20250103,000000,0.000209686,0.000230811,0.000203935,0.000208918,1132098745.1044748,0
RACA.V,D,20250104,000000,0.000209004,0.000226761,0.000204663,0.00020796,818868147.7181405,0
RACA.V,D,20250105,000000,0.000222955,0.000224257,0.000202741,0.000206748,822683797.3899152,0
RACA.V,D,20250106,000000,0.000207348,0.000211525,0.000203125,0.000206458,844387458.4909803,0
RACA.V,D,20250107,000000,0.000206362,0.000208058,0.000196494,0.00019797,750158446.5671066,0
RACA.V,D,20250108,000000,0.000197372,0.000198462,0.000171214,0.000172447,962228320.660771,0
RACA.V,D,20250109,000000,0.000172447,0.000177548,0.000163562,0.00016639,996160498.3174686,0
RACA.V,D,20250110,000000,0.00016519,0.000177382,0.000164785,0.000171362,1437937806.79814,0
RACA.V,D,20250111,000000,0.000171364,0.000173737,0.000166735,0.000173417,689612476.8380072,0
RACA.V,D,20250112,000000,0.000173918,0.000175207,0.000165214,0.000165799,580585649.4366201,0
RACA.V,D,20250113,000000,0.0001659,0.000172521,0.000153376,0.000163131,1624718563.7773836,0
RACA.V,D,20250114,000000,0.000162832,0.000169932,0.000158135,0.000169932,1235635542.791229,0
RACA.V,D,20250115,000000,0.000170228,0.000183832,0.000163313,0.000182105,4808396982.536873,0
RACA.V,D,20250116,000000,0.000181807,0.000185206,0.000175667,0.000177059,1289940816.4759083,0
RACA.V,D,20250117,000000,0.000174958,0.000192362,0.000174063,0.000191361,1467085338.9757442,0
RACA.V,D,20250118,000000,0.000192363,0.000192764,0.000171838,0.000172643,1909823410.5155344,0
RACA.V,D,20250119,000000,0.00017234,0.000178618,0.000155134,0.000160327,4321550372.020714,0
RACA.V,D,20250120,000000,0.000159729,0.000168114,0.000149128,0.000153007,3544175377.548696,0
RACA.V,D,20250121,000000,0.000150723,0.000160095,0.000143904,0.000157425,2354956876.4461594,0
RACA.V,D,20250122,000000,0.000157139,0.000159303,0.000150661,0.000151864,1441946013.8682666,0
RACA.V,D,20250123,000000,0.000150864,0.000152841,0.000145485,0.000148333,1814782250.1605527,0
RACA.V,D,20250124,000000,0.000148333,0.000154411,0.000144481,0.00014621,2106039157.9741018,0
RACA.V,D,20250125,000000,0.000146009,0.000148272,0.000140686,0.000146272,1285889374.712423,0
RACA.V,D,20250126,000000,0.000146272,0.000153655,0.000143574,0.000146277,1049326376.6700221,0
RACA.V,D,20250127,000000,0.000146678,0.000146775,0.000132631,0.000138064,1786196298.6039293,0
RACA.V,D,20250128,000000,0.000138667,0.00014079,0.000132732,0.000133313,1711556536.6473637,0
RACA.V,D,20250129,000000,0.000133013,0.000139185,0.000132274,0.000134996,1427185227.9652803,0
RACA.V,D,20250130,000000,0.000134795,0.000140693,0.000133393,0.000139313,1239616186.7438757,0
RACA.V,D,20250131,000000,0.000139014,0.000142921,0.000133676,0.00013626,985413233.9980298,0
RACA.V,D,20250201,000000,0.000135961,0.000139968,0.000127269,0.000128569,1233499750.5513432,0
RACA.V,D,20250202,000000,0.000128368,0.000131691,0.000111492,0.000114066,2288012844.2579017,0
RACA.V,D,20250203,000000,0.000114267,0.000119932,0.0000911726,0.000119319,6056389217.828179,0
RACA.V,D,20250204,000000,0.000118319,0.000119419,0.000104324,0.000106552,2129706244.0913582,0
RACA.V,D,20250205,000000,0.000106852,0.00011204,0.000105403,0.000106409,1512251245.4981976,0
RACA.V,D,20250206,000000,0.000106509,0.000111607,0.000103808,0.000105307,1585361592.3487732,0
RACA.V,D,20250207,000000,0.000104907,0.000116242,0.000103904,0.000105703,3045401609.3958454,0
RACA.V,D,20250208,000000,0.000105603,0.000114514,0.000105109,0.000112909,2334714891.6953344,0
RACA.V,D,20250209,000000,0.000113309,0.000116721,0.000107309,0.000110013,1790406604.3574033,0
RACA.V,D,20250210,000000,0.000109813,0.00011621,0.000107622,0.000113619,1655833254.899239,0
RACA.V,D,20250211,000000,0.000113819,0.000134399,0.000112419,0.000125486,5534112953.401259,0
RACA.V,D,20250212,000000,0.000125686,0.000128408,0.000116685,0.000127508,4392639034.784049,0
RACA.V,D,20250213,000000,0.000127806,0.000128808,0.000116405,0.000119701,3163285465.7077746,0
RACA.V,D,20250214,000000,0.000119902,0.000123915,0.000118308,0.000120621,2456850260.4521523,0
RACA.V,D,20250215,000000,0.000120919,0.000127111,0.000117113,0.000118512,2700498123.644744,0
