<TICKER>,<PER>,<DATE>,<TIME>,<OPEN>,<HIGH>,<LOW>,<CLOSE>,<VOL>,<OPENINT>
RAY.V,D,20220514,000000,1.30578,1.31064,1.17952,1.26822,1761863.8041190016,0
RAY.V,D,20220515,000000,1.26722,1.32527,1.23427,1.32527,1664711.610688902,0
RAY.V,D,20220516,000000,1.32441,1.35337,1.20431,1.24538,2122629.5025718007,0
RAY.V,D,20220517,000000,1.24838,1.33453,1.21817,1.27234,1253894.3437089024,0
RAY.V,D,20220518,000000,1.27234,1.32428,1.17747,1.18346,2107727.286784496,0
RAY.V,D,20220519,000000,1.18246,1.19892,1.13375,1.15185,2293584.1805895,0
RAY.V,D,20220520,000000,1.14985,1.18358,1.05473,1.07071,2253789.474104595,0
RAY.V,D,20220521,000000,1.06872,1.09258,1.04175,1.05463,1668994.5590776019,0
RAY.V,D,20220522,000000,1.05252,1.11166,1.04564,1.07371,1610674.0707730001,0
RAY.V,D,20220523,000000,1.07471,1.12376,1.03775,1.04065,2057136.3528380042,0
RAY.V,D,20220524,000000,1.03975,1.03975,0.96284,0.9967,2386572.186591794,0
RAY.V,D,20220525,000000,0.9977,1.02067,0.97583,0.9969,2299963.7713068086,0
RAY.V,D,20220526,000000,0.9959,0.9959,0.871952,0.903096,2396594.140308005,0
RAY.V,D,20220527,000000,0.908999,0.9208,0.854059,0.8922,2575891.4479150022,0
RAY.V,D,20220528,000000,0.8916,0.922984,0.8739,0.911932,1773489.3341079997,0
RAY.V,D,20220529,000000,0.911904,0.955938,0.885034,0.943951,2162236.1324880025,0
RAY.V,D,20220530,000000,0.945949,1.02728,0.935969,1.012291,2086961.1722320036,0
RAY.V,D,20220531,000000,1.014289,1.07714,0.98321,1.01818,2989404.166791998,0
RAY.V,D,20220601,000000,1.01721,1.04322,0.89102,0.90818,2295140.4729360975,0
RAY.V,D,20220602,000000,0.90509,0.94015,0.8922,0.93016,2074406.277541003,0
RAY.V,D,20220603,000000,0.93116,0.94231,0.8771,0.89222,1979445.7608794991,0
RAY.V,D,20220604,000000,0.89422,0.90419,0.85011,0.87434,4561285.956324599,0
RAY.V,D,20220605,000000,0.87334,0.91222,0.8524,0.89116,4178328.876974804,0
RAY.V,D,20220606,000000,0.89316,0.96413,0.87816,0.92722,10775985.167032521,0
RAY.V,D,20220607,000000,0.92622,0.96223,0.84334,0.91826,6802461.087332699,0
RAY.V,D,20220608,000000,0.92026,0.92526,0.87437,0.88642,6039842.0385764595,0
RAY.V,D,20220609,000000,0.88742,0.93517,0.86636,0.887254,6408360.0420048665,0
RAY.V,D,20220610,000000,0.886246,0.890287,0.805113,0.813965,5874941.3797863815,0
RAY.V,D,20220611,000000,0.813957,0.82112,0.733082,0.758142,3485321.3609340936,0
RAY.V,D,20220612,000000,0.757136,0.797833,0.70999,0.767055,3719076.7120439988,0
RAY.V,D,20220613,000000,0.765058,0.765058,0.648069,0.688042,12508786.323351825,0
RAY.V,D,20220614,000000,0.689048,0.721959,0.645037,0.690171,19334167.715236746,0
RAY.V,D,20220615,000000,0.68818,0.730902,0.631861,0.730902,14436992.922686169,0
RAY.V,D,20220616,000000,0.732899,0.767002,0.663659,0.681644,2495099.2217381885,0
RAY.V,D,20220617,000000,0.658384,0.688641,0.653384,0.674889,3733664.6311959065,0
RAY.V,D,20220618,000000,0.674397,0.674896,0.589139,0.611009,10093971.057441425,0
RAY.V,D,20220619,000000,0.611009,0.712144,0.602035,0.698091,33100544.155011445,0
RAY.V,D,20220620,000000,0.7004,0.7277,0.6668,0.7062,4809384.027282495,0
RAY.V,D,20220621,000000,0.707221,0.757394,0.698231,0.715212,1689265.3327655972,0
RAY.V,D,20220622,000000,0.715212,0.723276,0.673259,0.682317,4743207.967579997,0
RAY.V,D,20220623,000000,0.683248,0.728271,0.673326,0.721278,2593439.7638650006,0
RAY.V,D,20220624,000000,0.721,0.776347,0.721,0.765403,4364768.967749021,0
RAY.V,D,20220625,000000,0.767232,0.778455,0.723493,0.757469,2879514.1497148657,0
RAY.V,D,20220626,000000,0.758469,0.791561,0.739656,0.75414,5456948.019844095,0
RAY.V,D,20220627,000000,0.754147,0.754147,0.694888,0.702574,807375.0044699998,0
RAY.V,D,20220628,000000,0.704337,0.725347,0.678158,0.681154,1851833.8438618989,0
RAY.V,D,20220629,000000,0.682153,0.682297,0.651087,0.670188,1594688.4996377032,0
RAY.V,D,20220630,000000,0.671493,0.67718,0.616204,0.633239,5356539.324222553,0
RAY.V,D,20220701,000000,0.633239,0.6724,0.6305,0.6552,2085933.5388331008,0
RAY.V,D,20220702,000000,0.65428,0.677985,0.639632,0.677186,3764566.667992993,0
RAY.V,D,20220703,000000,0.677486,0.69067,0.647857,0.676719,3591797.0282031987,0
RAY.V,D,20220704,000000,0.67632,0.704753,0.664635,0.69876,770470.804084,0
RAY.V,D,20220705,000000,0.685177,0.707221,0.669263,0.702227,785303.6647109974,0
RAY.V,D,20220706,000000,0.702227,0.7194,0.6828,0.7153,1226803.3898379987,0
RAY.V,D,20220707,000000,0.7157,0.7573,0.7148,0.7483,1147420.123789001,0
RAY.V,D,20220708,000000,0.7492,0.765,0.717,0.7382,1220481.0052120013,0
RAY.V,D,20220709,000000,0.7377,0.828503,0.7341,0.806516,4172164.1657250063,0
RAY.V,D,20220710,000000,0.808515,0.811513,0.761543,0.771537,1025698.3297829997,0
RAY.V,D,20220711,000000,0.771537,0.771537,0.729489,0.740333,976596.679527999,0
RAY.V,D,20220712,000000,0.739334,0.739334,0.695234,0.696303,1257163.3519309142,0
RAY.V,D,20220713,000000,0.695332,0.722277,0.678253,0.718353,1526049.0755449254,0
RAY.V,D,20220714,000000,0.717354,0.89946,0.717354,0.857485,21011106.057179805,0
RAY.V,D,20220715,000000,0.858485,0.88056,0.820425,0.862741,4410412.774163671,0
RAY.V,D,20220716,000000,0.862741,0.9978,0.844746,0.973805,6704485.777065029,0
RAY.V,D,20220717,000000,0.974805,0.986822,0.89683,0.912763,3047560.3115777303,0
RAY.V,D,20220718,000000,0.913753,0.943953,0.874711,0.893785,2524314.433396222,0
RAY.V,D,20220719,000000,0.893785,0.964058,0.889929,0.943151,2372572.4595148596,0
RAY.V,D,20220720,000000,0.941,0.953095,0.853932,0.874044,2335196.2651538784,0
RAY.V,D,20220721,000000,0.873096,0.888169,0.827091,0.885212,1710383.9600513708,0
RAY.V,D,20220722,000000,0.884212,0.925185,0.841067,0.848119,1206921.441042104,0
RAY.V,D,20220723,000000,0.845,0.872983,0.818,0.834158,935927.0720388364,0
RAY.V,D,20220724,000000,0.834158,0.868017,0.834158,0.851162,668529.9649938111,0
RAY.V,D,20220725,000000,0.853862,0.859163,0.794087,0.809073,1142963.3027978544,0
RAY.V,D,20220726,000000,0.809073,0.809089,0.74263,0.755713,1050837.1446597222,0
RAY.V,D,20220727,000000,0.755306,0.843402,0.755106,0.843102,1164059.3000695026,0
RAY.V,D,20220728,000000,0.842202,0.889196,0.822,0.879176,1471593.1024645197,0
RAY.V,D,20220729,000000,0.879229,0.898117,0.839252,0.867355,1542247.7339536948,0
RAY.V,D,20220730,000000,0.864346,0.912328,0.853299,0.869295,1417243.6558101133,0
RAY.V,D,20220731,000000,0.869261,0.924185,0.852239,0.885204,2014348.2030891043,0
RAY.V,D,20220801,000000,0.884203,0.894206,0.834117,0.841244,1892297.5806170267,0
RAY.V,D,20220802,000000,0.841252,0.862336,0.793111,0.820139,1219783.252171797,0
RAY.V,D,20220803,000000,0.819156,0.848178,0.789174,0.829207,2741527.0631791977,0
RAY.V,D,20220804,000000,0.82819,0.834158,0.794016,0.794024,966552.7894248377,0
RAY.V,D,20220805,000000,0.795024,0.85017,0.793024,0.828157,1169188.8150085183,0
RAY.V,D,20220806,000000,0.828166,0.885062,0.828166,0.850195,2495130.919658065,0
RAY.V,D,20220807,000000,0.849187,0.873166,0.822206,0.865156,832052.471251158,0
RAY.V,D,20220808,000000,0.867165,0.896224,0.846144,0.872105,1003128.2416048623,0
RAY.V,D,20220809,000000,0.872096,0.893179,0.825132,0.837176,1279957.5195435327,0
RAY.V,D,20220810,000000,0.836167,0.867512,0.817229,0.859249,800242.2853550663,0
RAY.V,D,20220811,000000,0.859149,0.95139,0.854122,0.903424,5503667.124004603,0
RAY.V,D,20220812,000000,0.904425,0.958479,0.878351,0.909418,2523192.23232128,0
RAY.V,D,20220813,000000,0.91041,0.949456,0.90328,0.910355,1385453.440377653,0
RAY.V,D,20220814,000000,0.909355,0.933373,0.854196,0.863268,2076613.9896932642,0
RAY.V,D,20220815,000000,0.860267,0.882256,0.8322,0.84021,1815106.6962714298,0
RAY.V,D,20220816,000000,0.84021,0.863121,0.827149,0.846076,1139659.8348852072,0
RAY.V,D,20220817,000000,0.845076,0.880114,0.779039,0.787055,2124510.680350388,0
RAY.V,D,20220818,000000,0.787055,0.800056,0.778062,0.786008,672681.5969508111,0
RAY.V,D,20220819,000000,0.786079,0.787079,0.678068,0.681,1798928.1185393531,0
RAY.V,D,20220820,000000,0.682027,1.236198,0.670819,0.686993,10208755.09251311,0
RAY.V,D,20220821,000000,0.688993,0.725978,0.683884,0.718986,999929.8265223972,0
RAY.V,D,20220822,000000,0.717986,0.720029,0.668946,0.682884,960354.9426771739,0
RAY.V,D,20220823,000000,0.682898,0.716021,0.67798,0.708007,546182.52121274,0
RAY.V,D,20220824,000000,0.707993,0.737993,0.691972,0.729066,1153060.263362902,0
RAY.V,D,20220825,000000,0.731051,0.742963,0.716036,0.727022,549231.0045926815,0
RAY.V,D,20220826,000000,0.726985,0.731066,0.652993,0.659059,1161900.626170044,0
RAY.V,D,20220827,000000,0.659059,0.660086,0.633019,0.636019,1004084.3261247167,0
RAY.V,D,20220828,000000,0.634013,0.660026,0.631013,0.646994,1202985.0138677254,0
RAY.V,D,20220829,000000,0.6475,0.679048,0.62495,0.679048,1459956.2577465258,0
RAY.V,D,20220830,000000,0.679054,0.720978,0.677047,0.702063,1956970.667829798,0
RAY.V,D,20220831,000000,0.702063,0.721065,0.668993,0.672993,1621793.1783328187,0
RAY.V,D,20220901,000000,0.672993,0.674007,0.633962,0.648961,751575.6509658231,0
RAY.V,D,20220902,000000,0.650974,0.663119,0.630057,0.638108,795284.1114029917,0
RAY.V,D,20220903,000000,0.638308,0.643964,0.6321,0.6386,565197.5324385428,0
RAY.V,D,20220904,000000,0.6376,0.673967,0.6351,0.6723,759031.2496569152,0
RAY.V,D,20220905,000000,0.672967,0.6825,0.6464,0.655966,676069.4520090055,0
RAY.V,D,20220906,000000,0.656166,0.6917,0.59894,0.601,1776273.5469000372,0
RAY.V,D,20220907,000000,0.602,0.626088,0.589006,0.621062,1529399.5069094033,0
RAY.V,D,20220908,000000,0.621043,0.622037,0.598018,0.617117,1186204.4283829299,0
RAY.V,D,20220909,000000,0.617099,0.675162,0.61408,0.669227,1521632.1791412306,0
RAY.V,D,20220910,000000,0.669261,0.692284,0.665193,0.676135,1495619.163234689,0
RAY.V,D,20220911,000000,0.678129,0.698244,0.665166,0.668167,872529.2516392583,0
RAY.V,D,20220912,000000,0.668167,0.728146,0.662113,0.670134,2563449.453664786,0
RAY.V,D,20220913,000000,0.66912,0.674189,0.608024,0.615006,1836551.8058123034,0
RAY.V,D,20220914,000000,0.614012,0.621037,0.600012,0.615154,933538.4666065173,0
RAY.V,D,20220915,000000,0.61616,0.620174,0.582878,0.594946,2188618.1698861467,0
RAY.V,D,20220916,000000,0.594958,0.59497,0.571943,0.583942,886925.1271889018,0
RAY.V,D,20220917,000000,0.583942,0.619062,0.581942,0.619062,496298.56551512046,0
RAY.V,D,20220918,000000,0.6189,0.622062,0.527747,0.5528,934086.8296241714,0
RAY.V,D,20220919,000000,0.550945,0.575115,0.536946,0.573057,2219617.9857559716,0
RAY.V,D,20220920,000000,0.572114,0.574115,0.550055,0.550055,1252960.8764608833,0
RAY.V,D,20220921,000000,0.549,0.576173,0.536,0.539054,2130499.748767795,0
RAY.V,D,20220922,000000,0.537,0.571,0.53,0.566,1078287.6174298038,0
RAY.V,D,20220923,000000,0.567,0.59,0.556944,0.578,1448246.3011352129,0
RAY.V,D,20220924,000000,0.578959,0.586994,0.575942,0.578046,552620.2961843117,0
RAY.V,D,20220925,000000,0.577358,0.579217,0.550217,0.5517,531846.0626934873,0
RAY.V,D,20220926,000000,0.5517,0.5632,0.539354,0.557,1187742.2213975368,0
RAY.V,D,20220927,000000,0.557,0.605,0.555944,0.557944,1772149.2939754112,0
RAY.V,D,20220928,000000,0.556944,0.574,0.540946,0.573,1333994.0339020474,0
RAY.V,D,20220929,000000,0.574,0.585941,0.559944,0.579,1586028.8641050379,0
RAY.V,D,20220930,000000,0.58,0.591118,0.57,0.572,1112184.2244405553,0
RAY.V,D,20221001,000000,0.57,0.5835,0.5609,0.5641,1142386.7349540154,0
RAY.V,D,20221002,000000,0.5637,0.566857,0.551,0.5584,656653.7730411227,0
RAY.V,D,20221003,000000,0.5581,0.573457,0.5439,0.569757,1576460.034901421,0
RAY.V,D,20221004,000000,0.570057,0.598479,0.569057,0.595078,1516855.128887895,0
RAY.V,D,20221005,000000,0.594278,0.594278,0.562756,0.571514,1063984.3129485887,0
RAY.V,D,20221006,000000,0.571603,0.584576,0.565396,0.566202,842358.3124941955,0
RAY.V,D,20221007,000000,0.566202,0.586953,0.552311,0.564379,1051455.7873479032,0
RAY.V,D,20221008,000000,0.566974,0.57174,0.548843,0.549343,500988.53841339087,0
RAY.V,D,20221009,000000,0.548843,0.558412,0.547831,0.551455,395212.90658542106,0
RAY.V,D,20221010,000000,0.551355,0.557856,0.536993,0.539446,653437.5645949945,0
RAY.V,D,20221011,000000,0.5395,0.539746,0.5083,0.509654,1155374.3990239112,0
RAY.V,D,20221012,000000,0.509754,0.520674,0.50569,0.510315,597385.1156172308,0
RAY.V,D,20221013,000000,0.510115,0.511105,0.468644,0.49494,2318529.8837656965,0
RAY.V,D,20221014,000000,0.49504,0.508746,0.471814,0.471914,777017.8329612765,0
RAY.V,D,20221015,000000,0.471814,0.484824,0.469909,0.476524,572818.5372766041,0
RAY.V,D,20221016,000000,0.476129,0.499935,0.470338,0.49342,1169886.5372794152,0
RAY.V,D,20221017,000000,0.492415,0.49892,0.482105,0.49391,761487.6801062644,0
RAY.V,D,20221018,000000,0.494,0.512105,0.485805,0.501025,3088609.380850657,0
RAY.V,D,20221019,000000,0.49903,0.50205,0.484776,0.487205,784844.8497858427,0
RAY.V,D,20221020,000000,0.486405,0.498895,0.472909,0.489366,1543792.889380207,0
RAY.V,D,20221021,000000,0.489256,0.489871,0.463386,0.483419,1063664.3829730027,0
RAY.V,D,20221022,000000,0.484219,0.494735,0.478133,0.490239,366849.3160557422,0
RAY.V,D,20221023,000000,0.489644,0.496045,0.477553,0.493464,1032232.8968687328,0
RAY.V,D,20221024,000000,0.494564,0.50213,0.481748,0.487419,957229.3929554084,0
RAY.V,D,20221025,000000,0.48782,0.525205,0.4801,0.511279,1191238.771485018,0
RAY.V,D,20221026,000000,0.509568,0.524231,0.505252,0.514744,1168351.1339612906,0
RAY.V,D,20221027,000000,0.514449,0.538102,0.5033,0.50922,1228299.273863497,0
RAY.V,D,20221028,000000,0.510031,0.528506,0.49954,0.525205,1029469.384673249,0
RAY.V,D,20221029,000000,0.525105,0.546207,0.518029,0.533128,2297120.731520282,0
RAY.V,D,20221030,000000,0.534128,0.550104,0.516134,0.523105,2449380.152218637,0
RAY.V,D,20221031,000000,0.52411,0.537,0.51401,0.519958,1122794.2812275032,0
RAY.V,D,20221101,000000,0.519969,0.528942,0.507909,0.509949,615511.5982841182,0
RAY.V,D,20221102,000000,0.509939,0.511898,0.477981,0.483971,1447952.9335398474,0
RAY.V,D,20221103,000000,0.483971,0.515943,0.483942,0.488995,2455135.505684787,0
RAY.V,D,20221104,000000,0.49,0.541043,0.486981,0.540043,2379134.7836365514,0
RAY.V,D,20221105,000000,0.541043,0.614012,0.539043,0.576029,7386746.068338471,0
RAY.V,D,20221106,000000,0.577029,0.580023,0.523021,0.524031,3242406.3638737695,0
RAY.V,D,20221107,000000,0.521036,0.523042,0.465042,0.477062,3117912.426637158,0
RAY.V,D,20221108,000000,0.479144,0.483,0.296885,0.352053,3377539.9948817017,0
RAY.V,D,20221109,000000,0.352153,0.365921,0.208084,0.223869,4665988.00991164,0
RAY.V,D,20221110,000000,0.223503,0.309386,0.2153,0.286413,2898397.5666418993,0
RAY.V,D,20221111,000000,0.284217,0.312955,0.242788,0.269296,1029291.4838441998,0
RAY.V,D,20221112,000000,0.268707,0.297264,0.247554,0.24975,3368037.480021828,0
RAY.V,D,20221113,000000,0.249849,0.250848,0.192749,0.20006,3497733.6085779006,0
RAY.V,D,20221114,000000,0.198622,0.240012,0.181282,0.215698,6417589.166445238,0
RAY.V,D,20221115,000000,0.215277,0.269949,0.199221,0.231368,17853086.40211466,0
RAY.V,D,20221116,000000,0.229719,0.237883,0.204189,0.209909,4475896.5290994,0
RAY.V,D,20221117,000000,0.210209,0.215736,0.182463,0.192646,5269595.529720768,0
RAY.V,D,20221118,000000,0.192761,0.196662,0.180301,0.184787,2768570.0812222366,0
RAY.V,D,20221119,000000,0.184987,0.184987,0.169799,0.178814,2547627.222882799,0
RAY.V,D,20221120,000000,0.177515,0.221321,0.163813,0.167146,13682893.492358932,0
RAY.V,D,20221121,000000,0.167443,0.29566,0.166561,0.238913,122210468.73780018,0
RAY.V,D,20221122,000000,0.238713,0.25503,0.202337,0.21314,21770044.81872619,0
RAY.V,D,20221123,000000,0.213524,0.230525,0.207249,0.212468,6220269.206385797,0
RAY.V,D,20221124,000000,0.212866,0.237189,0.212266,0.227311,6643770.894967595,0
RAY.V,D,20221125,000000,0.226807,0.231635,0.213344,0.21408,3541198.1514667,0
RAY.V,D,20221126,000000,0.214778,0.22866,0.213259,0.213972,2527905.5780450697,0
RAY.V,D,20221127,000000,0.215173,0.227046,0.211573,0.22196,1859553.7143486126,0
RAY.V,D,20221128,000000,0.221061,0.221358,0.192196,0.197223,2418925.7921465514,0
RAY.V,D,20221129,000000,0.197823,0.211084,0.184896,0.192825,3323815.523683683,0
RAY.V,D,20221130,000000,0.193127,0.19981,0.191494,0.19351,2014091.0896081717,0
RAY.V,D,20221201,000000,0.19531,0.198818,0.185298,0.187511,2168338.005282297,0
RAY.V,D,20221202,000000,0.187809,0.189217,0.175719,0.182705,3849604.871010203,0
RAY.V,D,20221203,000000,0.182607,0.244612,0.181409,0.207621,44924860.71726364,0
RAY.V,D,20221204,000000,0.207521,0.218244,0.197039,0.19932,7275681.690806039,0
RAY.V,D,20221205,000000,0.19942,0.201422,0.1886,0.191806,2473707.678294902,0
RAY.V,D,20221206,000000,0.191406,0.204502,0.187402,0.1906,3179567.867141297,0
RAY.V,D,20221207,000000,0.1908,0.194402,0.180502,0.186398,5472926.355192704,0
RAY.V,D,20221208,000000,0.1857,0.191523,0.182418,0.189719,2332303.9592893207,0
RAY.V,D,20221209,000000,0.189113,0.2275,0.186807,0.199806,10541716.561755603,0
RAY.V,D,20221210,000000,0.200808,0.20821,0.189398,0.191696,1920886.3910589837,0
RAY.V,D,20221211,000000,0.191896,0.1974,0.188798,0.190138,1647771.543479069,0
RAY.V,D,20221212,000000,0.190519,0.192,0.1826,0.184617,1158345.4469707992,0
RAY.V,D,20221213,000000,0.185313,0.19335,0.183248,0.189758,1400393.4258050132,0
RAY.V,D,20221214,000000,0.190339,0.2236,0.187972,0.194514,8692628.88958023,0
RAY.V,D,20221215,000000,0.194219,0.19652,0.173435,0.180718,2254376.1367388624,0
RAY.V,D,20221216,000000,0.180836,0.180836,0.154715,0.156231,1674651.6735458013,0
RAY.V,D,20221217,000000,0.156016,0.17742,0.147615,0.162621,5864115.823023938,0
RAY.V,D,20221218,000000,0.162621,0.166308,0.155214,0.156419,703932.6879474998,0
RAY.V,D,20221219,000000,0.15662,0.157324,0.145,0.1454,570960.3851343098,0
RAY.V,D,20221220,000000,0.1459,0.153806,0.145201,0.151706,372717.27320357977,0
RAY.V,D,20221221,000000,0.151706,0.154606,0.142299,0.143006,1163898.438166099,0
RAY.V,D,20221222,000000,0.143107,0.15288,0.139286,0.145077,1280435.118536405,0
RAY.V,D,20221223,000000,0.144875,0.14558,0.142184,0.143584,597335.3014575993,0
RAY.V,D,20221224,000000,0.143587,0.147287,0.140387,0.14199,508629.3690702933,0
RAY.V,D,20221225,000000,0.141593,0.163589,0.141593,0.145778,3645491.626076237,0
RAY.V,D,20221226,000000,0.145683,0.171383,0.145683,0.149569,3763268.2651039995,0
RAY.V,D,20221227,000000,0.149272,0.151771,0.144457,0.145849,448149.26661226014,0
RAY.V,D,20221228,000000,0.147043,0.167548,0.143918,0.145323,4148170.354685206,0
RAY.V,D,20221229,000000,0.145423,0.150722,0.133547,0.137937,1192660.0749815004,0
RAY.V,D,20221230,000000,0.137739,0.157423,0.137136,0.146827,3524935.6422575214,0
RAY.V,D,20221231,000000,0.146825,0.147628,0.140024,0.140128,777808.1027943707,0
RAY.V,D,20230101,000000,0.14053,0.14083,0.13793,0.138536,432352.97066199995,0
RAY.V,D,20230102,000000,0.138435,0.153139,0.137442,0.144355,1891916.715146322,0
RAY.V,D,20230103,000000,0.144755,0.176629,0.142053,0.161237,9199284.960730003,0
RAY.V,D,20230104,000000,0.160937,0.172028,0.152942,0.155649,5021447.2051808,0
RAY.V,D,20230105,000000,0.155349,0.15635,0.145942,0.152647,2355061.5662444397,0
RAY.V,D,20230106,000000,0.152645,0.152645,0.145521,0.150055,1444616.0903253604,0
RAY.V,D,20230107,000000,0.149651,0.150556,0.147054,0.148064,532101.6816662495,0
RAY.V,D,20230108,000000,0.148164,0.151879,0.146975,0.150176,615997.2129854804,0
RAY.V,D,20230109,000000,0.150182,0.181795,0.150182,0.1648,5376895.35283696,0
RAY.V,D,20230110,000000,0.1647,0.1661,0.155683,0.160719,2142798.8850719575,0
RAY.V,D,20230111,000000,0.160826,0.162623,0.154602,0.159598,801422.3071903796,0
RAY.V,D,20230112,000000,0.159487,0.164011,0.158092,0.162715,763845.5695120898,0
RAY.V,D,20230113,000000,0.162211,0.176616,0.161715,0.172917,1060774.3185281612,0
RAY.V,D,20230114,000000,0.172814,0.25402,0.171819,0.247712,17956306.625219405,0
RAY.V,D,20230115,000000,0.247712,0.350077,0.219622,0.232567,33055028.24655406,0
RAY.V,D,20230116,000000,0.23357,0.294412,0.229473,0.277206,13855445.605194444,0
RAY.V,D,20230117,000000,0.272405,0.286309,0.242436,0.249027,3910920.9276250075,0
RAY.V,D,20230118,000000,0.249825,0.249825,0.207688,0.214689,3511955.189949652,0
RAY.V,D,20230119,000000,0.214987,0.243085,0.211196,0.233393,5759739.234374862,0
RAY.V,D,20230120,000000,0.234214,0.255046,0.220396,0.249642,2216640.3974378747,0
RAY.V,D,20230121,000000,0.249545,0.259344,0.240236,0.240638,2370693.920636328,0
RAY.V,D,20230122,000000,0.239438,0.24914,0.225145,0.228046,2199894.196080044,0
RAY.V,D,20230123,000000,0.228546,0.238926,0.227836,0.236235,1706841.6393325636,0
RAY.V,D,20230124,000000,0.236038,0.239541,0.225009,0.225009,1270026.9644530683,0
RAY.V,D,20230125,000000,0.225018,0.232942,0.214639,0.226539,1988622.2584153996,0
RAY.V,D,20230126,000000,0.226138,0.232139,0.22232,0.223525,1164009.26367191,0
RAY.V,D,20230127,000000,0.223818,0.234019,0.218661,0.227591,1245712.2929621367,0
RAY.V,D,20230128,000000,0.228678,0.245266,0.226854,0.228246,1699113.434215208,0
RAY.V,D,20230129,000000,0.228143,0.275872,0.22695,0.250715,6714709.654923908,0
RAY.V,D,20230130,000000,0.25201,0.282714,0.225004,0.228316,4842607.421453296,0
RAY.V,D,20230131,000000,0.227716,0.234477,0.224393,0.232221,1513481.922801599,0
RAY.V,D,20230201,000000,0.230514,0.2361,0.219102,0.235214,1781021.5052531182,0
RAY.V,D,20230202,000000,0.235314,0.24793,0.233414,0.237047,1606059.4386985889,0
RAY.V,D,20230203,000000,0.235349,0.259644,0.231325,0.25342,3440389.4587510535,0
RAY.V,D,20230204,000000,0.25332,0.259921,0.246212,0.25222,1592617.422632899,0
RAY.V,D,20230205,000000,0.252123,0.275052,0.24096,0.248462,4205275.598994704,0
RAY.V,D,20230206,000000,0.248062,0.263526,0.240046,0.254108,2293355.7679671985,0
RAY.V,D,20230207,000000,0.25511,0.380392,0.248122,0.320522,24287147.06894197,0
RAY.V,D,20230208,000000,0.320219,0.333707,0.279139,0.289123,5568512.144006265,0
RAY.V,D,20230209,000000,0.28872,0.298903,0.250325,0.251623,2273776.790233369,0
RAY.V,D,20230210,000000,0.251823,0.263624,0.25042,0.257936,1107154.9148368079,0
RAY.V,D,20230211,000000,0.258339,0.27453,0.256033,0.264626,1213395.4344766694,0
RAY.V,D,20230212,000000,0.266127,0.294527,0.262337,0.277622,1748391.7028535,0
RAY.V,D,20230213,000000,0.277728,0.289306,0.258288,0.263242,1497621.1618246213,0
RAY.V,D,20230214,000000,0.263645,0.280312,0.262212,0.275699,1355248.4247398018,0
RAY.V,D,20230215,000000,0.275641,0.30474,0.275285,0.300457,2265533.8008675715,0
RAY.V,D,20230216,000000,0.300654,0.316829,0.287635,0.287898,2679877.941684481,0
RAY.V,D,20230217,000000,0.287198,0.291397,0.279531,0.287226,1421021.0599182993,0
RAY.V,D,20230218,000000,0.28744,0.304461,0.28744,0.29653,1260206.8332074059,0
RAY.V,D,20230219,000000,0.296547,0.329943,0.291744,0.31717,3598790.843987199,0
RAY.V,D,20230220,000000,0.316473,0.334664,0.305361,0.313609,2763731.8500838247,0
RAY.V,D,20230221,000000,0.314022,0.322055,0.287658,0.292753,2202952.414524132,0
RAY.V,D,20230222,000000,0.293553,0.296547,0.278222,0.28912,1230428.3419772512,0
RAY.V,D,20230223,000000,0.293815,0.30013,0.282545,0.289435,1717689.8849263515,0
RAY.V,D,20230224,000000,0.290144,0.305155,0.285743,0.291697,2346989.379958817,0
RAY.V,D,20230225,000000,0.291397,0.295712,0.272519,0.28062,785240.0925846192,0
RAY.V,D,20230226,000000,0.27942,0.288806,0.274305,0.285123,486197.3211191999,0
RAY.V,D,20230227,000000,0.285929,0.287326,0.275706,0.278817,486825.02097330004,0
RAY.V,D,20230228,000000,0.278314,0.324003,0.2776,0.297451,5966392.98697003,0
RAY.V,D,20230301,000000,0.297562,0.300345,0.290252,0.293741,974617.1518603482,0
RAY.V,D,20230302,000000,0.294438,0.345741,0.293535,0.314328,8685827.50073715,0
RAY.V,D,20230303,000000,0.313919,0.316328,0.292617,0.297021,1257704.49769781,0
RAY.V,D,20230304,000000,0.297124,0.303927,0.281714,0.284823,759046.3999741998,0
RAY.V,D,20230305,000000,0.28502,0.287023,0.279828,0.281731,546935.3340977111,0
RAY.V,D,20230306,000000,0.280831,0.281531,0.261474,0.267784,1084649.0885686083,0
RAY.V,D,20230307,000000,0.267076,0.269897,0.245495,0.248388,989225.1404642507,0
RAY.V,D,20230308,000000,0.248198,0.292977,0.237079,0.243788,4080174.771989241,0
RAY.V,D,20230309,000000,0.242266,0.309913,0.239883,0.250325,9448195.116635595,0
RAY.V,D,20230310,000000,0.24914,0.280725,0.239981,0.254132,2149554.902350674,0
RAY.V,D,20230311,000000,0.254905,0.261294,0.231519,0.238061,1223623.0305579512,0
RAY.V,D,20230312,000000,0.238526,0.256484,0.235966,0.252885,556343.5099369468,0
RAY.V,D,20230313,000000,0.252988,0.27231,0.250014,0.263949,1489870.5574494633,0
RAY.V,D,20230314,000000,0.26406,0.281325,0.256776,0.26788,1357252.0319351484,0
RAY.V,D,20230315,000000,0.269144,0.271587,0.242233,0.245941,901985.6974897298,0
RAY.V,D,20230316,000000,0.245826,0.250655,0.242852,0.24861,399645.5843156901,0
RAY.V,D,20230317,000000,0.248908,0.258481,0.245082,0.254248,1488570.9706811514,0
RAY.V,D,20230318,000000,0.253456,0.286122,0.253456,0.263488,3440569.9886995265,0
RAY.V,D,20230319,000000,0.263485,0.269897,0.257529,0.264478,1127833.5810775997,0
RAY.V,D,20230320,000000,0.26419,0.267687,0.25658,0.260141,905851.982904424,0
RAY.V,D,20230321,000000,0.260146,0.262406,0.248024,0.253208,719612.7830052098,0
RAY.V,D,20230322,000000,0.253105,0.257077,0.235987,0.237382,1514988.8012864988,0
RAY.V,D,20230323,000000,0.237659,0.249899,0.237659,0.246033,722758.7169179401,0
RAY.V,D,20230324,000000,0.245925,0.247895,0.233743,0.23524,358892.06451383035,0
RAY.V,D,20230325,000000,0.235261,0.250122,0.234681,0.247537,1926974.354931278,0
RAY.V,D,20230326,000000,0.24734,0.251026,0.245396,0.247379,1208099.7456464705,0
RAY.V,D,20230327,000000,0.248173,0.249019,0.229387,0.231609,696605.6117119113,0
RAY.V,D,20230328,000000,0.231309,0.233763,0.226154,0.23189,447439.0928462034,0
RAY.V,D,20230329,000000,0.23199,0.239374,0.231265,0.235531,651195.2064643488,0
RAY.V,D,20230330,000000,0.235052,0.239453,0.227634,0.230162,694660.748488301,0
RAY.V,D,20230331,000000,0.230262,0.23816,0.227466,0.236247,655549.5819250803,0
RAY.V,D,20230401,000000,0.23585,0.237769,0.232584,0.236585,263275.70375750226,0
RAY.V,D,20230402,000000,0.236397,0.283116,0.235599,0.244654,12016943.980700392,0
RAY.V,D,20230403,000000,0.244652,0.258524,0.2337,0.235587,2882806.5171284997,0
RAY.V,D,20230404,000000,0.235992,0.240777,0.23504,0.239122,738264.0225415104,0
RAY.V,D,20230405,000000,0.239918,0.253589,0.2372,0.241087,1272636.6404798506,0
RAY.V,D,20230406,000000,0.24106,0.241258,0.233887,0.235782,502302.6950674199,0
RAY.V,D,20230407,000000,0.235582,0.237621,0.230815,0.231671,479873.41181369004,0
RAY.V,D,20230408,000000,0.231774,0.245325,0.230673,0.235992,669150.6641262864,0
RAY.V,D,20230409,000000,0.235594,0.239732,0.232228,0.23774,1116960.3712495337,0
RAY.V,D,20230410,000000,0.237657,0.240866,0.235858,0.240395,571350.6803701806,0
RAY.V,D,20230411,000000,0.240297,0.275272,0.239804,0.26526,6776799.623937073,0
RAY.V,D,20230412,000000,0.26546,0.306879,0.243043,0.268509,20402970.676194943,0
RAY.V,D,20230413,000000,0.268609,0.315496,0.263806,0.276265,13887190.523448164,0
RAY.V,D,20230414,000000,0.276065,0.28451,0.269264,0.273127,2236198.1948986193,0
RAY.V,D,20230415,000000,0.273221,0.275072,0.267719,0.268942,796866.5833375516,0
RAY.V,D,20230416,000000,0.268642,0.275092,0.267833,0.274789,894081.7599697775,0
RAY.V,D,20230417,000000,0.274687,0.27872,0.261636,0.263058,1455586.4489103302,0
RAY.V,D,20230418,000000,0.263055,0.280618,0.261449,0.274549,1640300.7685234898,0
RAY.V,D,20230419,000000,0.274541,0.300838,0.264219,0.265546,3074188.7854162464,0
RAY.V,D,20230420,000000,0.264922,0.266728,0.246411,0.249022,883882.8893479503,0
RAY.V,D,20230421,000000,0.249212,0.250825,0.234555,0.237074,903480.5387463046,0
RAY.V,D,20230422,000000,0.236574,0.241827,0.234602,0.241322,535411.9538352103,0
RAY.V,D,20230423,000000,0.241522,0.243339,0.236461,0.238012,486577.9727400784,0
RAY.V,D,20230424,000000,0.237802,0.251625,0.2362,0.241305,1597514.130337059,0
RAY.V,D,20230425,000000,0.241905,0.243922,0.231698,0.239355,452652.2618367187,0
RAY.V,D,20230426,000000,0.239755,0.245349,0.230569,0.232279,510523.33036267856,0
RAY.V,D,20230427,000000,0.232474,0.239626,0.230376,0.237588,567075.1964897382,0
RAY.V,D,20230428,000000,0.237976,0.239701,0.231788,0.236086,495530.98346280004,0
RAY.V,D,20230429,000000,0.236377,0.240588,0.235462,0.23754,349975.12099201384,0
RAY.V,D,20230430,000000,0.23784,0.25013,0.23495,0.23734,1060336.55911932,0
RAY.V,D,20230501,000000,0.237233,0.240527,0.224243,0.224961,475606.02679600025,0
RAY.V,D,20230502,000000,0.225159,0.227859,0.221135,0.226138,468318.11918370036,0
RAY.V,D,20230503,000000,0.226238,0.253984,0.216376,0.228362,3782879.982882793,0
RAY.V,D,20230504,000000,0.228955,0.234775,0.22619,0.227184,796324.7914591996,0
RAY.V,D,20230505,000000,0.226984,0.229991,0.22338,0.227707,415620.2895787697,0
RAY.V,D,20230506,000000,0.22786,0.23858,0.217884,0.21903,736664.1844599891,0
RAY.V,D,20230507,000000,0.219624,0.227068,0.219113,0.223664,236920.49956916206,0
RAY.V,D,20230508,000000,0.223664,0.224064,0.197836,0.199351,702113.9503485505,0
RAY.V,D,20230509,000000,0.198519,0.203483,0.196126,0.197778,658177.6016595452,0
RAY.V,D,20230510,000000,0.19718,0.19853,0.19136,0.19516,680700.9912944207,0
RAY.V,D,20230511,000000,0.19511,0.202612,0.185937,0.188229,1428175.4283880102,0
RAY.V,D,20230512,000000,0.187467,0.188621,0.18031,0.188352,542245.5435069993,0
RAY.V,D,20230513,000000,0.188511,0.191185,0.186302,0.188863,416856.3469637699,0
RAY.V,D,20230514,000000,0.188784,0.191425,0.187322,0.189854,211788.87944747118,0
RAY.V,D,20230515,000000,0.189684,0.19256,0.187823,0.191014,243796.17197939003,0
RAY.V,D,20230516,000000,0.19105,0.19207,0.18757,0.18805,190692.90080894006,0
RAY.V,D,20230517,000000,0.18832,0.19264,0.18668,0.1916,367656.607176796,0
RAY.V,D,20230518,000000,0.19159,0.255577,0.1913,0.230192,25908456.680711046,0
RAY.V,D,20230519,000000,0.230692,0.246925,0.210305,0.213862,7892943.744456491,0
RAY.V,D,20230520,000000,0.214007,0.215308,0.204484,0.205685,915218.3199310412,0
RAY.V,D,20230521,000000,0.206185,0.206306,0.196198,0.196818,901025.5938498594,0
RAY.V,D,20230522,000000,0.197399,0.218731,0.197218,0.201621,3611112.618532072,0
RAY.V,D,20230523,000000,0.201522,0.205839,0.19841,0.201412,866330.1962238204,0
RAY.V,D,20230524,000000,0.201114,0.212491,0.191973,0.200188,2851590.513522204,0
RAY.V,D,20230525,000000,0.20009,0.205294,0.193771,0.194004,778930.7130733773,0
RAY.V,D,20230526,000000,0.194404,0.202153,0.192313,0.195643,645960.5668153047,0
RAY.V,D,20230527,000000,0.195837,0.198167,0.194352,0.197175,321649.10609520046,0
RAY.V,D,20230528,000000,0.196879,0.199546,0.196147,0.199146,252123.04106743992,0
RAY.V,D,20230529,000000,0.199244,0.20233,0.194653,0.195157,484195.333367262,0
RAY.V,D,20230530,000000,0.194958,0.199704,0.194362,0.198277,378062.51312277204,0
RAY.V,D,20230531,000000,0.198379,0.273312,0.197379,0.234945,36650191.30055588,0
RAY.V,D,20230601,000000,0.234838,0.253461,0.210321,0.214762,11953723.798217893,0
RAY.V,D,20230602,000000,0.21476,0.218263,0.208448,0.21005,1739021.237303352,0
RAY.V,D,20230603,000000,0.210861,0.237686,0.210063,0.22549,5741425.451286393,0
RAY.V,D,20230604,000000,0.225686,0.227173,0.215262,0.21857,1451337.0193538894,0
RAY.V,D,20230605,000000,0.21887,0.248892,0.204361,0.20606,7369125.48029134,0
RAY.V,D,20230606,000000,0.206162,0.220666,0.204633,0.21406,1906855.4420158423,0
RAY.V,D,20230607,000000,0.21396,0.214652,0.194047,0.195092,2135635.3444483173,0
RAY.V,D,20230608,000000,0.193319,0.205614,0.187332,0.201136,1751564.5996957622,0
RAY.V,D,20230609,000000,0.200938,0.206619,0.191662,0.193261,1405839.7618924808,0
RAY.V,D,20230610,000000,0.193175,0.193281,0.164179,0.169999,962069.741470909,0
RAY.V,D,20230611,000000,0.170199,0.176678,0.168976,0.174071,380918.0548188501,0
RAY.V,D,20230612,000000,0.173871,0.174489,0.167259,0.170702,254784.53575507982,0
RAY.V,D,20230613,000000,0.170805,0.175886,0.168973,0.171278,453473.71820732986,0
RAY.V,D,20230614,000000,0.171081,0.174856,0.165483,0.166085,405363.89701433794,0
RAY.V,D,20230615,000000,0.167487,0.167934,0.161021,0.166049,635145.944568881,0
RAY.V,D,20230616,000000,0.165757,0.184489,0.164547,0.181457,5887528.4551401315,0
RAY.V,D,20230617,000000,0.180857,0.183255,0.173715,0.174129,1334606.007208441,0
RAY.V,D,20230618,000000,0.174227,0.175014,0.170063,0.170261,447045.1020919999,0
RAY.V,D,20230619,000000,0.170559,0.17145,0.167803,0.170046,251814.102077,0
RAY.V,D,20230620,000000,0.170144,0.182918,0.169744,0.180127,2323450.8368600016,0
RAY.V,D,20230621,000000,0.180329,0.188215,0.179596,0.183809,719369.742328,0
RAY.V,D,20230622,000000,0.18362,0.203537,0.181054,0.194441,4111931.7707389942,0
RAY.V,D,20230623,000000,0.193939,0.230702,0.19034,0.198017,10540056.978714015,0
RAY.V,D,20230624,000000,0.198215,0.199792,0.189198,0.19102,1309455.0575989992,0
RAY.V,D,20230625,000000,0.191319,0.205382,0.190695,0.197563,1992822.944195,0
RAY.V,D,20230626,000000,0.197255,0.203716,0.188706,0.192442,2706502.390303,0
RAY.V,D,20230627,000000,0.19234,0.210825,0.191511,0.196835,2829947.566129398,0
RAY.V,D,20230628,000000,0.196618,0.206894,0.18533,0.203298,3156389.217818337,0
RAY.V,D,20230629,000000,0.202798,0.235779,0.198786,0.220878,14634467.150732987,0
RAY.V,D,20230630,000000,0.221071,0.224162,0.203678,0.210628,5423443.5857954575,0
RAY.V,D,20230701,000000,0.210828,0.211449,0.199968,0.203,1322202.9509791273,0
RAY.V,D,20230702,000000,0.203298,0.204684,0.1995,0.201418,609760.7265246803,0
RAY.V,D,20230703,000000,0.201518,0.210883,0.201498,0.202602,1185588.7514689704,0
RAY.V,D,20230704,000000,0.203016,0.205555,0.197345,0.201546,1460875.6038047797,0
RAY.V,D,20230705,000000,0.20134,0.214319,0.19863,0.198832,2602076.6031978563,0
RAY.V,D,20230706,000000,0.19913,0.20889,0.192815,0.201892,1828270.7394402192,0
RAY.V,D,20230707,000000,0.201994,0.215185,0.197734,0.209104,3291097.5037592896,0
RAY.V,D,20230708,000000,0.208919,0.217915,0.204314,0.206933,1806504.479494042,0
RAY.V,D,20230709,000000,0.207125,0.212828,0.204137,0.204437,908727.2598040174,0
RAY.V,D,20230710,000000,0.203829,0.204529,0.195594,0.197614,692403.4194096734,0
RAY.V,D,20230711,000000,0.196826,0.212438,0.195188,0.19993,2273816.716510214,0
RAY.V,D,20230712,000000,0.200108,0.204208,0.194594,0.196284,1023292.5311546717,0
RAY.V,D,20230713,000000,0.196284,0.204806,0.19199,0.20418,622318.4417424485,0
RAY.V,D,20230714,000000,0.203869,0.221489,0.19987,0.202997,3312178.3380723074,0
RAY.V,D,20230715,000000,0.202999,0.214262,0.202307,0.208763,644805.2790087003,0
RAY.V,D,20230716,000000,0.209063,0.266993,0.20756,0.226206,16548031.969227634,0
RAY.V,D,20230717,000000,0.225706,0.269394,0.217913,0.23704,11194228.266431052,0
RAY.V,D,20230718,000000,0.23694,0.243832,0.217117,0.220148,1416519.3079458806,0
RAY.V,D,20230719,000000,0.220153,0.264334,0.219155,0.2508,7177157.633023506,0
RAY.V,D,20230720,000000,0.250197,0.264481,0.239912,0.253177,3266126.923061601,0
RAY.V,D,20230721,000000,0.25318,0.312197,0.233691,0.234502,13055655.782035073,0
RAY.V,D,20230722,000000,0.234405,0.240917,0.2217,0.230123,4452025.224307826,0
RAY.V,D,20230723,000000,0.230523,0.234931,0.2192,0.2216,1624607.662121419,0
RAY.V,D,20230724,000000,0.221996,0.224189,0.203878,0.204475,1056691.7900258699,0
RAY.V,D,20230725,000000,0.204675,0.213555,0.20177,0.209785,1190632.5739518902,0
RAY.V,D,20230726,000000,0.209881,0.219213,0.203361,0.217104,2056573.183031892,0
RAY.V,D,20230727,000000,0.217111,0.234695,0.215844,0.218441,3636961.5799471666,0
RAY.V,D,20230728,000000,0.218739,0.219841,0.213334,0.215494,551277.8418041725,0
RAY.V,D,20230729,000000,0.215894,0.217396,0.208298,0.2111,853125.9516965359,0
RAY.V,D,20230730,000000,0.2112,0.2164,0.203402,0.203984,883996.0285869815,0
RAY.V,D,20230731,000000,0.203984,0.207844,0.202884,0.205865,375324.41322343977,0
RAY.V,D,20230801,000000,0.205665,0.217048,0.203365,0.206996,2355145.647850063,0
RAY.V,D,20230802,000000,0.208194,0.21075,0.201873,0.202882,472499.09146215016,0
RAY.V,D,20230803,000000,0.202784,0.207211,0.200096,0.204228,566419.9711261505,0
RAY.V,D,20230804,000000,0.203543,0.205266,0.20047,0.202668,549098.8679734279,0
RAY.V,D,20230805,000000,0.202968,0.207007,0.20057,0.207007,695233.4528874408,0
RAY.V,D,20230806,000000,0.206795,0.232583,0.205991,0.209401,5109636.09692307,0
RAY.V,D,20230807,000000,0.209522,0.230553,0.206951,0.210175,3170687.1968714003,0
RAY.V,D,20230808,000000,0.210247,0.216652,0.208416,0.215368,611015.7508688117,0
RAY.V,D,20230809,000000,0.215268,0.215268,0.209738,0.210417,327156.9775582778,0
RAY.V,D,20230810,000000,0.209926,0.21493,0.208056,0.210173,932809.89581689,0
RAY.V,D,20230811,000000,0.209777,0.210129,0.207393,0.208568,256434.55072404997,0
RAY.V,D,20230812,000000,0.208371,0.211945,0.207788,0.21048,224542.848089856,0
RAY.V,D,20230813,000000,0.21088,0.216737,0.208065,0.210038,623055.3523494499,0
RAY.V,D,20230814,000000,0.210534,0.215756,0.208812,0.210158,474941.6585376203,0
RAY.V,D,20230815,000000,0.210859,0.214384,0.204777,0.205769,1093925.729596875,0
RAY.V,D,20230816,000000,0.206373,0.207072,0.193185,0.193883,674049.5775975543,0
RAY.V,D,20230817,000000,0.194276,0.196869,0.186318,0.186995,746667.6998932395,0
RAY.V,D,20230818,000000,0.185494,0.185531,0.180377,0.182509,376766.67352079204,0
RAY.V,D,20230819,000000,0.181824,0.202959,0.181824,0.195143,1585723.1442598808,0
RAY.V,D,20230820,000000,0.195143,0.202357,0.191092,0.19249,742800.6960354005,0
RAY.V,D,20230821,000000,0.19199,0.192681,0.184469,0.187174,299061.27687590686,0
RAY.V,D,20230822,000000,0.187172,0.193891,0.181349,0.181638,1039170.898790574,0
RAY.V,D,20230823,000000,0.182336,0.191541,0.181944,0.186365,642912.5441956861,0
RAY.V,D,20230824,000000,0.186563,0.18942,0.181606,0.182305,337842.78462008014,0
RAY.V,D,20230825,000000,0.182307,0.187025,0.178393,0.180199,689426.9891355677,0
RAY.V,D,20230826,000000,0.180206,0.185305,0.178573,0.179403,806084.7003119998,0
RAY.V,D,20230827,000000,0.179508,0.184697,0.178104,0.180413,756468.795564758,0
RAY.V,D,20230828,000000,0.180713,0.18172,0.175186,0.176919,619113.8757709479,0
RAY.V,D,20230829,000000,0.177206,0.182998,0.173778,0.179832,742672.4172532443,0
RAY.V,D,20230830,000000,0.180131,0.182384,0.175582,0.176693,363234.61784199165,0
RAY.V,D,20230831,000000,0.1771,0.177884,0.168676,0.169673,259568.8028449671,0
RAY.V,D,20230901,000000,0.169576,0.170249,0.164714,0.168512,325256.14603487006,0
RAY.V,D,20230902,000000,0.168614,0.213936,0.168034,0.17958,7747424.817449941,0
RAY.V,D,20230903,000000,0.17958,0.181573,0.172579,0.174469,618446.9351009929,0
RAY.V,D,20230904,000000,0.174769,0.189255,0.174476,0.17715,1687202.0880860942,0
RAY.V,D,20230905,000000,0.17705,0.179774,0.175465,0.178307,1063386.1557883047,0
RAY.V,D,20230906,000000,0.178113,0.178425,0.173694,0.176894,381450.42383156496,0
RAY.V,D,20230907,000000,0.177194,0.177194,0.170797,0.174211,944406.93004267,0
RAY.V,D,20230908,000000,0.174408,0.187035,0.173811,0.181575,2273820.801578559,0
RAY.V,D,20230909,000000,0.181484,0.185348,0.178416,0.179846,1222766.992202,0
RAY.V,D,20230910,000000,0.179944,0.180248,0.169271,0.172634,639755.5379780328,0
RAY.V,D,20230911,000000,0.172736,0.172938,0.162753,0.163849,310684.21763707313,0
RAY.V,D,20230912,000000,0.163539,0.169678,0.163539,0.168487,265149.12404146045,0
RAY.V,D,20230913,000000,0.168485,0.169181,0.161576,0.165051,885366.1828689482,0
RAY.V,D,20230914,000000,0.164931,0.171502,0.164908,0.168447,481509.8308808377,0
RAY.V,D,20230915,000000,0.168854,0.170705,0.16699,0.168993,298141.55269309995,0
RAY.V,D,20230916,000000,0.168808,0.172612,0.168808,0.172215,219452.573301816,0
RAY.V,D,20230917,000000,0.171415,0.181929,0.169841,0.172941,1182083.8965308028,0
RAY.V,D,20230918,000000,0.172243,0.179316,0.170934,0.174033,848870.1926201303,0
RAY.V,D,20230919,000000,0.173826,0.1762,0.171938,0.173424,298644.7149207789,0
RAY.V,D,20230920,000000,0.173623,0.174626,0.170627,0.172516,330001.47459149,0
RAY.V,D,20230921,000000,0.172609,0.173416,0.166788,0.167198,287736.79379340593,0
RAY.V,D,20230922,000000,0.167795,0.174584,0.166497,0.173388,612416.5568177133,0
RAY.V,D,20230923,000000,0.17349,0.174891,0.171486,0.171709,278050.40068839985,0
RAY.V,D,20230924,000000,0.171612,0.177011,0.169915,0.174807,1352137.2383443106,0
RAY.V,D,20230925,000000,0.175207,0.176005,0.170344,0.17089,725791.8934534544,0
RAY.V,D,20230926,000000,0.171091,0.171867,0.16722,0.167413,236289.13119539796,0
RAY.V,D,20230927,000000,0.167928,0.170162,0.165381,0.166477,358422.6836111541,0
RAY.V,D,20230928,000000,0.166876,0.1704,0.166483,0.170297,220832.2972800479,0
RAY.V,D,20230929,000000,0.170295,0.171479,0.169381,0.170273,191542.78029191008,0
RAY.V,D,20230930,000000,0.170581,0.173707,0.168,0.171634,371131.57200441964,0
RAY.V,D,20231001,000000,0.171533,0.182309,0.171533,0.17792,1244023.8699127187,0
RAY.V,D,20231002,000000,0.178021,0.183224,0.173938,0.174438,746167.1885479006,0
RAY.V,D,20231003,000000,0.174351,0.226114,0.174351,0.197,21127059.65314574,0
RAY.V,D,20231004,000000,0.196014,0.22502,0.182922,0.191308,14362764.622361302,0
RAY.V,D,20231005,000000,0.191306,0.192196,0.178353,0.179448,2296027.06161673,0
RAY.V,D,20231006,000000,0.178948,0.180949,0.175133,0.179972,1161133.2902608428,0
RAY.V,D,20231007,000000,0.179874,0.185797,0.175895,0.178202,1150479.9151860902,0
RAY.V,D,20231008,000000,0.178502,0.178507,0.172107,0.175798,520997.7317849541,0
RAY.V,D,20231009,000000,0.175698,0.175698,0.162241,0.166933,827266.1821926348,0
RAY.V,D,20231010,000000,0.166735,0.168722,0.16141,0.163318,1460940.0066064405,0
RAY.V,D,20231011,000000,0.163116,0.165802,0.159813,0.161555,512178.00431640015,0
RAY.V,D,20231012,000000,0.161555,0.162943,0.15946,0.16214,315649.9917270312,0
RAY.V,D,20231013,000000,0.16215,0.165047,0.161121,0.163862,236147.05114224713,0
RAY.V,D,20231014,000000,0.164369,0.167483,0.163276,0.164888,460634.32338736515,0
RAY.V,D,20231015,000000,0.16539,0.166292,0.162898,0.164107,471676.1560976457,0
RAY.V,D,20231016,000000,0.164708,0.171238,0.163207,0.168364,624565.4203486404,0
RAY.V,D,20231017,000000,0.168569,0.17146,0.164569,0.164861,726157.1031173689,0
RAY.V,D,20231018,000000,0.165161,0.16566,0.160451,0.161536,291413.47686645977,0
RAY.V,D,20231019,000000,0.161335,0.176569,0.159835,0.169368,5055326.590245536,0
RAY.V,D,20231020,000000,0.169068,0.199794,0.167976,0.179374,7687719.6564981155,0
RAY.V,D,20231021,000000,0.179273,0.198458,0.177587,0.186193,3443408.568318006,0
RAY.V,D,20231022,000000,0.186491,0.188494,0.176994,0.178461,1035796.5734487694,0
RAY.V,D,20231023,000000,0.178462,0.19407,0.177576,0.183192,1295132.2659325276,0
RAY.V,D,20231024,000000,0.183796,0.192989,0.179302,0.182963,2247391.770315928,0
RAY.V,D,20231025,000000,0.184076,0.208613,0.182413,0.202247,2439805.367259905,0
RAY.V,D,20231026,000000,0.202244,0.213641,0.193108,0.197302,1488637.4391347088,0
RAY.V,D,20231027,000000,0.197302,0.20043,0.190329,0.193344,667715.7290108501,0
RAY.V,D,20231028,000000,0.193343,0.196714,0.189819,0.193431,699514.6900674335,0
RAY.V,D,20231029,000000,0.193433,0.195262,0.189738,0.19417,346056.1042841511,0
RAY.V,D,20231030,000000,0.194268,0.20441,0.191446,0.199064,597444.2959415012,0
RAY.V,D,20231031,000000,0.198766,0.219564,0.198057,0.21529,2915431.502452782,0
RAY.V,D,20231101,000000,0.21499,0.365921,0.210263,0.358211,66378147.560521804,0
RAY.V,D,20231102,000000,0.360112,0.388771,0.242719,0.285934,41391110.24231845,0
RAY.V,D,20231103,000000,0.286434,0.294338,0.245022,0.258701,7175693.368646928,0
RAY.V,D,20231104,000000,0.259296,0.288101,0.251306,0.280365,6558104.1912775,0
RAY.V,D,20231105,000000,0.279862,0.281049,0.25252,0.261109,2874490.180092128,0
RAY.V,D,20231106,000000,0.261309,0.267998,0.249792,0.263874,2386090.3229277935,0
RAY.V,D,20231107,000000,0.263874,0.268083,0.246844,0.257416,2480167.153147238,0
RAY.V,D,20231108,000000,0.257023,0.272117,0.253316,0.26296,3297570.7439577263,0
RAY.V,D,20231109,000000,0.26266,0.344955,0.261586,0.308759,22392322.21129939,0
RAY.V,D,20231110,000000,0.308059,0.415212,0.300748,0.40501,14137822.470548775,0
RAY.V,D,20231111,000000,0.400708,0.476943,0.363121,0.404601,18398111.05063674,0
RAY.V,D,20231112,000000,0.404397,0.427624,0.373012,0.384157,5161075.176476725,0
RAY.V,D,20231113,000000,0.385254,0.402333,0.344045,0.344293,1980742.606012087,0
RAY.V,D,20231114,000000,0.3448,0.384908,0.338802,0.373849,2735021.952126625,0
RAY.V,D,20231115,000000,0.374452,0.454154,0.369248,0.430707,7632252.64267726,0
RAY.V,D,20231116,000000,0.432412,0.443651,0.379676,0.379738,5033920.565606887,0
RAY.V,D,20231117,000000,0.379942,0.391492,0.342334,0.365821,3398301.925753898,0
RAY.V,D,20231118,000000,0.367025,0.398611,0.337345,0.387894,5268516.101882678,0
RAY.V,D,20231119,000000,0.38839,0.397719,0.372468,0.384473,2114081.604693001,0
RAY.V,D,20231120,000000,0.384769,0.394997,0.357847,0.36255,2119664.4330091467,0
RAY.V,D,20231121,000000,0.362446,0.3699,0.335831,0.337428,3025630.8760524914,0
RAY.V,D,20231122,000000,0.337432,0.417379,0.330129,0.395627,8605364.445728889,0
RAY.V,D,20231123,000000,0.395923,0.39878,0.374379,0.378553,2694959.698558174,0
RAY.V,D,20231124,000000,0.378853,0.392832,0.370381,0.387306,2334233.2016433068,0
RAY.V,D,20231125,000000,0.386925,0.399756,0.379327,0.386128,1591977.5577060939,0
RAY.V,D,20231126,000000,0.385627,0.39232,0.363656,0.377143,1271542.4190042939,0
RAY.V,D,20231127,000000,0.377039,0.378448,0.342441,0.351307,1791089.2321737066,0
RAY.V,D,20231128,000000,0.352307,0.387968,0.342831,0.382021,3282601.6954722195,0
RAY.V,D,20231129,000000,0.383222,0.406691,0.375309,0.379646,2744398.6602117666,0
RAY.V,D,20231130,000000,0.379646,0.41435,0.379464,0.398364,2981100.965631879,0
RAY.V,D,20231201,000000,0.398672,0.495099,0.391874,0.443177,8569728.119874384,0
RAY.V,D,20231202,000000,0.443777,0.466833,0.438571,0.449602,2933722.6877200105,0
RAY.V,D,20231203,000000,0.449006,0.47025,0.440741,0.446856,2527181.31750407,0
RAY.V,D,20231204,000000,0.446561,0.469264,0.419096,0.425621,3360334.987561147,0
RAY.V,D,20231205,000000,0.425521,0.429191,0.40872,0.420546,1556324.1669853467,0
RAY.V,D,20231206,000000,0.41975,0.460109,0.41975,0.429247,2491040.776387723,0
RAY.V,D,20231207,000000,0.431217,0.446247,0.411754,0.442355,2390501.867012804,0
RAY.V,D,20231208,000000,0.44376,0.69967,0.440419,0.652515,38960477.08435739,0
RAY.V,D,20231209,000000,0.653215,0.765783,0.596185,0.66758,18978602.74169497,0
RAY.V,D,20231210,000000,0.667874,0.7528,0.618698,0.748922,8433207.450508047,0
RAY.V,D,20231211,000000,0.750123,0.820999,0.669547,0.731434,13622300.61110312,0
RAY.V,D,20231212,000000,0.731156,0.816773,0.660337,0.671005,5536095.780802536,0
RAY.V,D,20231213,000000,0.668899,0.717686,0.602553,0.690759,4107126.5477282205,0
RAY.V,D,20231214,000000,0.690124,0.739692,0.66824,0.735925,3353064.0631035613,0
RAY.V,D,20231215,000000,0.732024,0.947108,0.723436,0.861778,15713859.722272119,0
RAY.V,D,20231216,000000,0.861578,0.934214,0.812164,0.926158,5947372.810418229,0
RAY.V,D,20231217,000000,0.927748,1.032553,0.874234,0.888184,5889686.383610417,0
RAY.V,D,20231218,000000,0.886277,0.928521,0.770806,0.907428,3531719.568741056,0
RAY.V,D,20231219,000000,0.905828,0.955723,0.843303,0.850566,2694295.943840889,0
RAY.V,D,20231220,000000,0.850974,0.979196,0.842104,0.937528,3312219.4378197,0
RAY.V,D,20231221,000000,0.937128,1.58152,0.937128,1.49677,34384820.12556849,0
RAY.V,D,20231222,000000,1.49938,1.99026,1.44675,1.63489,30132241.19424404,0
RAY.V,D,20231223,000000,1.63659,1.97945,1.50801,1.89443,10739405.908042762,0
RAY.V,D,20231224,000000,1.89405,1.98277,1.60124,1.64208,8126117.249926537,0
RAY.V,D,20231225,000000,1.64278,1.94585,1.57069,1.78959,7093182.651369196,0
RAY.V,D,20231226,000000,1.78778,1.83578,1.56219,1.65762,3132711.9607963837,0
RAY.V,D,20231227,000000,1.65893,1.69345,1.45392,1.51686,3479649.4656299097,0
RAY.V,D,20231228,000000,1.51982,1.52335,1.24681,1.3894,5102622.429133281,0
RAY.V,D,20231229,000000,1.3895,1.58044,1.30122,1.38345,5740799.162983484,0
RAY.V,D,20231230,000000,1.38209,1.42013,1.29069,1.30727,1827451.7895697413,0
RAY.V,D,20231231,000000,1.30686,1.35839,1.25319,1.25839,2047647.1337380921,0
RAY.V,D,20240101,000000,1.25926,1.42504,1.19392,1.36226,2859094.2368565435,0
RAY.V,D,20240102,000000,1.36217,1.71475,1.36217,1.49165,8083639.931235253,0
RAY.V,D,20240103,000000,1.48987,1.5245,1.16819,1.38021,2056575.0637308736,0
RAY.V,D,20240104,000000,1.37662,1.49666,1.35134,1.43902,2209633.7582204845,0
RAY.V,D,20240105,000000,1.43908,1.44334,1.24884,1.31302,1583958.890132927,0
RAY.V,D,20240106,000000,1.31554,1.33054,1.19222,1.23023,1576582.8477255797,0
RAY.V,D,20240107,000000,1.22892,1.28197,1.16949,1.16975,1555040.5385054518,0
RAY.V,D,20240108,000000,1.16955,1.27816,1.00061,1.25171,3401530.4630179694,0
RAY.V,D,20240109,000000,1.25682,1.30417,1.12167,1.15196,1615781.5902581583,0
RAY.V,D,20240110,000000,1.15143,1.26894,1.06564,1.2523,1766512.0818632138,0
RAY.V,D,20240111,000000,1.25323,1.26793,1.14112,1.15415,1963050.7236541645,0
RAY.V,D,20240112,000000,1.15616,1.15897,1.03576,1.05964,1307052.700780033,0
RAY.V,D,20240113,000000,1.06154,1.17906,1.04886,1.15081,1833586.2474637812,0
RAY.V,D,20240114,000000,1.15072,1.33301,1.14219,1.2281,5137080.153412834,0
RAY.V,D,20240115,000000,1.2297,1.24204,1.13857,1.15063,1875749.8985334288,0
RAY.V,D,20240116,000000,1.15334,1.23867,1.14564,1.19311,1891931.3102019886,0
RAY.V,D,20240117,000000,1.19981,1.33057,1.17337,1.3027,4275900.927968529,0
RAY.V,D,20240118,000000,1.3,1.38991,1.18116,1.23305,5255091.7292517265,0
RAY.V,D,20240119,000000,1.22617,1.22846,1.09002,1.17943,2166611.1565626753,0
RAY.V,D,20240120,000000,1.17914,1.1843,1.1229,1.17014,831198.9700935307,0
RAY.V,D,20240121,000000,1.16914,1.25341,1.1342,1.22284,1557507.0098259472,0
RAY.V,D,20240122,000000,1.22424,1.24876,1.08537,1.10701,1660260.775249343,0
RAY.V,D,20240123,000000,1.10602,1.12786,1.02449,1.06956,955588.2466947505,0
RAY.V,D,20240124,000000,1.07594,1.16,1.07534,1.10487,1343164.6677308267,0
RAY.V,D,20240125,000000,1.10773,1.14112,1.04881,1.06122,1071895.7442947573,0
RAY.V,D,20240126,000000,1.06303,1.18002,1.05085,1.15066,1557568.569297662,0
RAY.V,D,20240127,000000,1.15575,1.17952,1.12136,1.16549,963237.0721943324,0
RAY.V,D,20240128,000000,1.1667,1.35589,1.15218,1.2357,6105722.048101268,0
RAY.V,D,20240129,000000,1.2318,1.35833,1.22413,1.33671,3135285.8315049317,0
RAY.V,D,20240130,000000,1.33711,1.3737,1.28889,1.33327,2051858.3437653724,0
RAY.V,D,20240131,000000,1.33569,1.33879,1.17202,1.17554,1658054.5819709178,0
RAY.V,D,20240201,000000,1.17404,1.17989,1.07831,1.11608,2019789.4261920608,0
RAY.V,D,20240202,000000,1.11399,1.16252,1.08605,1.09656,1306917.1323356437,0
RAY.V,D,20240203,000000,1.09742,1.10396,1.05361,1.05894,850294.0485338501,0
RAY.V,D,20240204,000000,1.05854,1.06672,1.01967,1.01967,634491.5323638474,0
RAY.V,D,20240205,000000,1.01967,1.05813,1.00349,1.00769,1026273.8579152473,0
RAY.V,D,20240206,000000,1.00798,1.14101,1.0063,1.07727,3255628.2187880757,0
RAY.V,D,20240207,000000,1.07656,1.08973,1.01829,1.08398,1329696.8533752551,0
RAY.V,D,20240208,000000,1.08404,1.10365,1.05294,1.08122,1475136.6280724474,0
RAY.V,D,20240209,000000,1.08072,1.16482,1.07584,1.14878,1806203.3563207553,0
RAY.V,D,20240210,000000,1.15019,1.25739,1.14336,1.16774,1584118.0796687203,0
RAY.V,D,20240211,000000,1.16954,1.17684,1.07691,1.08451,1061798.889020564,0
RAY.V,D,20240212,000000,1.08662,1.12446,1.0348,1.11819,1464858.246579976,0
RAY.V,D,20240213,000000,1.11958,1.15353,1.04684,1.07122,1112846.5044797605,0
RAY.V,D,20240214,000000,1.06883,1.11727,1.05058,1.11023,1315820.863726628,0
RAY.V,D,20240215,000000,1.11074,1.12073,1.05277,1.05681,1542347.560829678,0
RAY.V,D,20240216,000000,1.05832,1.09107,1.04061,1.0441,1135563.9738187324,0
RAY.V,D,20240217,000000,1.04449,1.05548,1.0126,1.02754,1007625.8968256767,0
RAY.V,D,20240218,000000,1.02893,1.10051,1.01872,1.09132,1719933.9423301565,0
RAY.V,D,20240219,000000,1.09063,1.12943,1.08232,1.09615,2305246.650959834,0
RAY.V,D,20240220,000000,1.09665,1.09955,1.02366,1.05401,1008449.5609159594,0
RAY.V,D,20240221,000000,1.05432,1.06061,0.940338,0.9657,1377919.5850879021,0
RAY.V,D,20240222,000000,0.965,0.982674,0.925968,0.927603,1800241.8598164374,0
RAY.V,D,20240223,000000,0.927503,0.929593,0.870169,0.904473,1975484.033106361,0
RAY.V,D,20240224,000000,0.905173,1.097415,0.885429,0.988,8390044.521608666,0
RAY.V,D,20240225,000000,0.989,1.007819,0.939044,0.943362,1704843.944253447,0
RAY.V,D,20240226,000000,0.943981,1.003452,0.915246,1.00105,1557201.2578948608,0
RAY.V,D,20240227,000000,1.00125,1.04411,0.949579,0.956983,2784717.8276029746,0
RAY.V,D,20240228,000000,0.957973,1.07942,0.953948,1.06224,4073304.1536534503,0
RAY.V,D,20240229,000000,1.06454,1.43314,1.06364,1.21201,19376159.897801567,0
RAY.V,D,20240301,000000,1.212,1.38246,1.19612,1.21285,8622763.178950854,0
RAY.V,D,20240302,000000,1.21332,1.25179,1.13387,1.19547,5349579.553617316,0
RAY.V,D,20240303,000000,1.19107,1.23787,1.16033,1.20453,2870095.9886629474,0
RAY.V,D,20240304,000000,1.20724,1.22858,1.09194,1.14075,4543931.8974363785,0
RAY.V,D,20240305,000000,1.13745,1.32371,1.07029,1.14649,6750707.214446719,0
RAY.V,D,20240306,000000,1.14989,1.24994,1.12946,1.19444,3710218.553070649,0
RAY.V,D,20240307,000000,1.1956,1.64124,1.1956,1.48223,13999021.018343251,0
RAY.V,D,20240308,000000,1.48515,1.49946,1.37959,1.41302,4910219.538724245,0
RAY.V,D,20240309,000000,1.41382,1.43283,1.34646,1.34933,2565476.3400187627,0
RAY.V,D,20240310,000000,1.34931,1.42229,1.27128,1.29509,3526305.5555707053,0
RAY.V,D,20240311,000000,1.29557,1.38968,1.24343,1.37836,2575337.964981552,0
RAY.V,D,20240312,000000,1.37748,1.48419,1.25045,1.2918,5327580.480645762,0
RAY.V,D,20240313,000000,1.29049,1.49725,1.27138,1.45287,8337255.637593876,0
RAY.V,D,20240314,000000,1.45301,1.48301,1.31072,1.3835,4456536.708507553,0
RAY.V,D,20240315,000000,1.38472,1.93627,1.32322,1.72336,36686471.51937563,0
RAY.V,D,20240316,000000,1.72556,2.78295,1.66042,2.22888,71242728.92658535,0
RAY.V,D,20240317,000000,2.22489,2.63837,2.08469,2.57961,24629563.33320669,0
RAY.V,D,20240318,000000,2.58051,3.3259,2.52955,2.64814,35795515.09760016,0
RAY.V,D,20240319,000000,2.64814,2.81783,2.07377,2.16697,15479508.060189571,0
RAY.V,D,20240320,000000,2.16637,2.36658,1.82947,2.34228,14656614.280843865,0
RAY.V,D,20240321,000000,2.27416,2.34945,2.13492,2.16178,2414598.3827151353,0
RAY.V,D,20240322,000000,2.1603,2.21025,1.90842,1.97403,5383071.794626609,0
RAY.V,D,20240323,000000,1.97573,2.08346,1.9408,1.9555,3318555.976038637,0
RAY.V,D,20240324,000000,1.9514,2.12162,1.85543,2.06888,5325931.440668168,0
RAY.V,D,20240325,000000,2.06888,2.35474,2.06266,2.30262,14588080.307951951,0
RAY.V,D,20240326,000000,2.30635,2.34005,2.09815,2.12572,9699810.145936733,0
RAY.V,D,20240327,000000,2.12474,2.14386,1.96844,2.05516,12066377.335510323,0
RAY.V,D,20240328,000000,2.05456,2.06589,1.96412,2.01302,5728156.172774744,0
RAY.V,D,20240329,000000,2.01182,2.03422,1.9026,1.97275,4437169.891484709,0
RAY.V,D,20240330,000000,1.97183,2.41556,1.97103,2.11362,39619650.00393979,0
RAY.V,D,20240331,000000,2.11352,2.37993,2.0558,2.33908,14044525.186132463,0
RAY.V,D,20240401,000000,2.34118,2.6616,2.10937,2.21674,24387222.611077774,0
RAY.V,D,20240402,000000,2.21774,2.46396,2.01339,2.33643,13816902.693248948,0
RAY.V,D,20240403,000000,2.33693,2.44286,2.17861,2.27186,18278161.874731556,0
RAY.V,D,20240404,000000,2.27164,2.34126,2.11132,2.17292,9918067.068167346,0
RAY.V,D,20240405,000000,2.17062,2.18853,1.93076,2.00378,8510139.446942749,0
RAY.V,D,20240406,000000,2.00542,2.08637,1.96279,2.03949,4823148.271861687,0
RAY.V,D,20240407,000000,2.03791,2.14668,2.02749,2.07967,5270303.297394073,0
RAY.V,D,20240408,000000,2.07909,2.18539,2.03966,2.12817,4041977.491881943,0
RAY.V,D,20240409,000000,2.12717,2.14716,1.94261,1.98649,4214525.5255363425,0
RAY.V,D,20240410,000000,1.98719,1.99364,1.87989,1.92976,2417132.7738409727,0
RAY.V,D,20240411,000000,1.93474,1.99766,1.88611,1.89103,1746572.110192601,0
RAY.V,D,20240412,000000,1.89375,1.94182,1.48927,1.59826,3996233.085464771,0
RAY.V,D,20240413,000000,1.59826,1.69562,1.19688,1.31406,4897734.958142196,0
RAY.V,D,20240414,000000,1.31657,1.49555,1.29106,1.47264,5807564.990146205,0
RAY.V,D,20240415,000000,1.47214,1.71358,1.44023,1.52076,5429890.3843633775,0
RAY.V,D,20240416,000000,1.51994,1.54031,1.39201,1.5124,2340529.598674872,0
RAY.V,D,20240417,000000,1.512,1.56412,1.4165,1.49534,1951565.5635580982,0
RAY.V,D,20240418,000000,1.49574,1.54847,1.41238,1.54086,1661371.8540386225,0
RAY.V,D,20240419,000000,1.53836,1.63048,1.40075,1.57599,2278565.462878743,0
RAY.V,D,20240420,000000,1.57727,1.70643,1.52586,1.68801,1063652.398248612,0
RAY.V,D,20240421,000000,1.68879,1.74517,1.65495,1.69149,1082433.9535251837,0
RAY.V,D,20240422,000000,1.69369,1.79654,1.66677,1.78884,974524.2397733546,0
RAY.V,D,20240423,000000,1.78722,1.84412,1.72844,1.74185,944456.6900340667,0
RAY.V,D,20240424,000000,1.74037,1.77649,1.62624,1.65008,999204.6512133888,0
RAY.V,D,20240425,000000,1.64858,1.65777,1.56275,1.62176,703700.1423169413,0
RAY.V,D,20240426,000000,1.62066,1.65057,1.5626,1.6149,588189.2638773317,0
RAY.V,D,20240427,000000,1.61024,1.61024,1.5007,1.57408,808304.8655035094,0
RAY.V,D,20240428,000000,1.5736,1.64794,1.56428,1.61053,509217.2684216436,0
RAY.V,D,20240429,000000,1.60997,1.61247,1.50545,1.53134,645361.9554711302,0
RAY.V,D,20240430,000000,1.53046,1.60007,1.35901,1.39978,857833.7794097455,0
RAY.V,D,20240501,000000,1.39918,1.49846,1.31712,1.48707,1328535.8032312451,0
RAY.V,D,20240502,000000,1.49206,1.55833,1.4291,1.54558,994184.3174891426,0
RAY.V,D,20240503,000000,1.55578,1.6611,1.52664,1.65081,1185801.365326505,0
RAY.V,D,20240504,000000,1.65159,1.69515,1.62026,1.63706,565757.8199068478,0
RAY.V,D,20240505,000000,1.63805,1.71685,1.61099,1.68549,540727.5992307921,0
RAY.V,D,20240506,000000,1.68229,1.8095,1.66693,1.73743,842813.9652482716,0
RAY.V,D,20240507,000000,1.73782,1.8106,1.71398,1.73095,704761.3209427417,0
RAY.V,D,20240508,000000,1.72953,1.73198,1.59717,1.6095,782625.3947829298,0
RAY.V,D,20240509,000000,1.60898,1.75433,1.59645,1.73842,1000226.5377807162,0
RAY.V,D,20240510,000000,1.73614,1.79688,1.65204,1.6554,782516.6764982541,0
RAY.V,D,20240511,000000,1.65839,1.6783,1.61429,1.63434,375286.12830376806,0
RAY.V,D,20240512,000000,1.63706,1.64952,1.60344,1.61182,294480.59006550245,0
RAY.V,D,20240513,000000,1.61121,1.65007,1.51249,1.60472,731651.8303480812,0
RAY.V,D,20240514,000000,1.60662,1.61008,1.48973,1.51664,611835.7414546259,0
RAY.V,D,20240515,000000,1.51505,1.67881,1.47194,1.67129,1017473.1010469141,0
RAY.V,D,20240516,000000,1.6717,1.83629,1.65217,1.67303,3165401.9117582347,0
RAY.V,D,20240517,000000,1.67133,1.87911,1.65725,1.83424,1921583.488217541,0
RAY.V,D,20240518,000000,1.83372,1.94254,1.83057,1.86092,1946353.0245101866,0
RAY.V,D,20240519,000000,1.86222,1.92011,1.7721,1.78757,979337.2377713622,0
RAY.V,D,20240520,000000,1.79009,2.07937,1.7631,2.00306,4013709.5118793254,0
RAY.V,D,20240521,000000,2.00618,2.01499,1.88293,1.9259,2167598.3179617724,0
RAY.V,D,20240522,000000,1.9245,1.96805,1.8556,1.90298,1395913.0094285167,0
RAY.V,D,20240523,000000,1.90298,1.90448,1.72925,1.86461,1425883.599743011,0
RAY.V,D,20240524,000000,1.86471,1.87019,1.73841,1.7997,889435.0194034775,0
RAY.V,D,20240525,000000,1.79878,1.88087,1.78976,1.82953,468605.8665540273,0
RAY.V,D,20240526,000000,1.83123,1.84459,1.76068,1.783,582610.7199040125,0
RAY.V,D,20240527,000000,1.7836,1.89806,1.78294,1.88148,1538947.3272684156,0
RAY.V,D,20240528,000000,1.88128,1.914,1.81515,1.85387,2002177.1464775456,0
RAY.V,D,20240529,000000,1.85145,1.89015,1.77111,1.79081,712119.7156673728,0
RAY.V,D,20240530,000000,1.79021,1.805,1.72418,1.753,457056.3446211438,0
RAY.V,D,20240531,000000,1.75189,1.79877,1.71869,1.74003,421517.7024295605,0
RAY.V,D,20240601,000000,1.74143,1.7476,1.70491,1.71947,439901.51830213383,0
RAY.V,D,20240602,000000,1.72057,1.72953,1.64898,1.68101,478247.1803693571,0
RAY.V,D,20240603,000000,1.67961,1.7594,1.66022,1.73382,891149.9046676933,0
RAY.V,D,20240604,000000,1.7357,1.7962,1.7136,1.7815,1805583.4809746356,0
RAY.V,D,20240605,000000,1.7814,1.85082,1.77168,1.82188,2121270.3417640757,0
RAY.V,D,20240606,000000,1.82036,1.88947,1.78,1.83841,1721023.9806791723,0
RAY.V,D,20240607,000000,1.83641,1.86306,1.64796,1.70495,1046181.5757993994,0
RAY.V,D,20240608,000000,1.70327,1.72026,1.63328,1.64102,1033771.0009203088,0
RAY.V,D,20240609,000000,1.6399,1.68438,1.58354,1.67195,748208.6985988673,0
RAY.V,D,20240610,000000,1.67123,1.67935,1.58338,1.59105,483830.77779069927,0
RAY.V,D,20240611,000000,1.58962,1.59299,1.44925,1.48379,795655.8945446381,0
RAY.V,D,20240612,000000,1.48207,1.60264,1.43607,1.53769,776579.8788788596,0
RAY.V,D,20240613,000000,1.53648,1.5391,1.4685,1.4884,433091.5890681769,0
RAY.V,D,20240614,000000,1.4886,1.60089,1.47519,1.53612,984229.4125619729,0
RAY.V,D,20240615,000000,1.53582,1.74536,1.52079,1.70713,2144033.924433224,0
RAY.V,D,20240616,000000,1.70673,1.77922,1.69605,1.7432,823926.8092570363,0
RAY.V,D,20240617,000000,1.7441,1.77771,1.55632,1.58607,2851111.5595165538,0
RAY.V,D,20240618,000000,1.58377,1.59375,1.3882,1.47079,1581517.708627048,0
RAY.V,D,20240619,000000,1.46999,1.56916,1.46151,1.56108,696919.8515788158,0
RAY.V,D,20240620,000000,1.55138,1.64734,1.52635,1.55772,722830.3410003007,0
RAY.V,D,20240621,000000,1.55958,1.58695,1.47132,1.52695,483197.7660571435,0
RAY.V,D,20240622,000000,1.52167,1.54421,1.50894,1.51429,201786.85578847467,0
RAY.V,D,20240623,000000,1.51391,1.52504,1.46245,1.47447,296845.51500434155,0
RAY.V,D,20240624,000000,1.46739,1.47537,1.37415,1.46003,680029.1729635604,0
RAY.V,D,20240625,000000,1.46153,1.56486,1.45375,1.54071,514221.2866306559,0
RAY.V,D,20240626,000000,1.53671,1.57289,1.51308,1.55201,443403.5024081794,0
RAY.V,D,20240627,000000,1.55493,1.73525,1.51114,1.70615,1941823.1934505126,0
RAY.V,D,20240628,000000,1.70844,1.71696,1.59004,1.60102,1355407.2532695644,0
RAY.V,D,20240629,000000,1.60031,1.67521,1.59343,1.63911,548242.5805441716,0
RAY.V,D,20240630,000000,1.64338,1.76196,1.59741,1.73882,1012779.8383904906,0
RAY.V,D,20240701,000000,1.7528,1.862,1.74516,1.84253,1652264.0113866518,0
RAY.V,D,20240702,000000,1.83801,2.00036,1.80106,1.97376,3823038.056546933,0
RAY.V,D,20240703,000000,1.97244,1.99572,1.65055,1.69622,2840545.0699041686,0
RAY.V,D,20240704,000000,1.6956,1.73947,1.59179,1.66815,1445507.7887085238,0
RAY.V,D,20240705,000000,1.66627,1.69902,1.42226,1.6402,2356584.066231481,0
RAY.V,D,20240706,000000,1.65733,1.74232,1.59013,1.72993,1243953.9834391775,0
RAY.V,D,20240707,000000,1.72803,1.74806,1.58256,1.59416,1245026.807851012,0
RAY.V,D,20240708,000000,1.59564,1.66103,1.49157,1.64937,1502658.1056373264,0
RAY.V,D,20240709,000000,1.64985,1.76586,1.59463,1.74267,1333858.4981428038,0
RAY.V,D,20240710,000000,1.74277,1.82395,1.71433,1.78486,903427.1803141695,0
RAY.V,D,20240711,000000,1.79106,1.93118,1.77355,1.80935,1683878.4711796194,0
RAY.V,D,20240712,000000,1.80896,1.84731,1.7666,1.81725,954991.4566396793,0
RAY.V,D,20240713,000000,1.81706,1.86522,1.7992,1.86354,427400.8088175114,0
RAY.V,D,20240714,000000,1.86013,1.91249,1.80405,1.84606,818186.7832207144,0
RAY.V,D,20240715,000000,1.85067,2.01991,1.83456,2.00338,1216610.0924812728,0
RAY.V,D,20240716,000000,2.0021,2.06109,1.93566,2.03511,983715.8267637403,0
RAY.V,D,20240717,000000,2.03381,2.07143,1.90238,1.93327,1286549.229261553,0
RAY.V,D,20240718,000000,1.93427,1.99002,1.90105,1.93261,493358.9071742361,0
RAY.V,D,20240719,000000,1.93121,2.26225,1.90322,2.24004,1563624.5048035572,0
RAY.V,D,20240720,000000,2.23716,2.60115,2.21659,2.45083,8918033.933385175,0
RAY.V,D,20240721,000000,2.45085,2.74429,2.41764,2.71194,3283242.6068226583,0
RAY.V,D,20240722,000000,2.71054,2.7641,2.32833,2.39072,3176958.7822574414,0
RAY.V,D,20240723,000000,2.39572,2.40872,2.10319,2.14326,2063753.720327679,0
RAY.V,D,20240724,000000,2.13726,2.431,2.1254,2.31458,2370542.827470694,0
RAY.V,D,20240725,000000,2.31258,2.32458,2.12149,2.19036,1474918.910293803,0
RAY.V,D,20240726,000000,2.19243,2.47988,2.16255,2.415,1777983.3943170034,0
RAY.V,D,20240727,000000,2.414,2.50505,2.24734,2.38795,1654027.3013284393,0
RAY.V,D,20240728,000000,2.38924,2.43876,2.33295,2.39576,909589.493458502,0
RAY.V,D,20240729,000000,2.40478,2.67549,2.37395,2.4927,3167274.3115153047,0
RAY.V,D,20240730,000000,2.4937,2.5147,2.27932,2.3373,1719794.4634898785,0
RAY.V,D,20240731,000000,2.3413,2.42488,2.25028,2.25712,1318175.713325006,0
RAY.V,D,20240801,000000,2.25919,2.26891,1.9986,2.10912,2645496.0997530296,0
RAY.V,D,20240802,000000,2.10831,2.16503,1.8168,1.86885,2015401.3917431736,0
RAY.V,D,20240803,000000,1.86787,1.87486,1.66963,1.71392,1549939.4739314092,0
RAY.V,D,20240804,000000,1.71292,1.75695,1.51629,1.6725,1396752.8793872902,0
RAY.V,D,20240805,000000,1.6665,1.68638,1.23644,1.48638,6228818.602471061,0
RAY.V,D,20240806,000000,1.49228,1.67277,1.48065,1.63244,2410831.103706201,0
RAY.V,D,20240807,000000,1.63664,1.7778,1.55412,1.60214,1854631.3225109752,0
RAY.V,D,20240808,000000,1.60016,1.89622,1.55819,1.89457,1161372.5138600157,0
RAY.V,D,20240809,000000,1.89757,1.93056,1.78536,1.84857,646842.103943093,0
RAY.V,D,20240810,000000,1.84957,1.90936,1.82153,1.90736,479079.8262296817,0
RAY.V,D,20240811,000000,1.90536,1.96426,1.72419,1.75218,698998.7919740519,0
RAY.V,D,20240812,000000,1.74817,1.90871,1.72215,1.8072,682517.3664215727,0
RAY.V,D,20240813,000000,1.8032,1.88447,1.75733,1.86022,823113.6397455527,0
RAY.V,D,20240814,000000,1.86421,1.93377,1.7955,1.81116,792824.6055108277,0
RAY.V,D,20240815,000000,1.81016,1.82135,1.67617,1.72431,958897.8461611886,0
RAY.V,D,20240816,000000,1.72333,1.75585,1.64736,1.69848,409721.24824787374,0
RAY.V,D,20240817,000000,1.70019,1.72012,1.6714,1.69514,423412.3178315717,0
RAY.V,D,20240818,000000,1.69815,1.74831,1.65513,1.73035,575764.37432667,0
RAY.V,D,20240819,000000,1.72434,1.73233,1.65338,1.69037,309057.27400735655,0
RAY.V,D,20240820,000000,1.69137,1.76149,1.66213,1.68602,451892.07255303854,0
RAY.V,D,20240821,000000,1.68402,1.70203,1.59208,1.68915,1009372.9722809118,0
RAY.V,D,20240822,000000,1.68912,1.73524,1.65538,1.71209,338757.85608702345,0
RAY.V,D,20240823,000000,1.70709,1.86096,1.6838,1.84536,968710.9287571823,0
RAY.V,D,20240824,000000,1.85028,1.96059,1.80167,1.84264,1297358.6999597666,0
RAY.V,D,20240825,000000,1.84365,1.90857,1.7746,1.88064,583900.5303329381,0
RAY.V,D,20240826,000000,1.88066,1.88664,1.76432,1.7663,578358.5514015285,0
RAY.V,D,20240827,000000,1.77032,1.80216,1.6599,1.67402,822328.9880629268,0
RAY.V,D,20240828,000000,1.67102,1.67102,1.52709,1.56414,891818.4791494489,0
RAY.V,D,20240829,000000,1.56314,1.69436,1.54214,1.59297,791746.2413915523,0
RAY.V,D,20240830,000000,1.58797,1.60998,1.48666,1.5388,373828.45046386064,0
RAY.V,D,20240831,000000,1.54377,1.57264,1.50192,1.52271,142722.2240327823,0
RAY.V,D,20240901,000000,1.51915,1.52368,1.45074,1.49675,355423.1522847211,0
RAY.V,D,20240902,000000,1.49173,1.53572,1.41683,1.52276,428086.87775498006,0
RAY.V,D,20240903,000000,1.52474,1.56287,1.45749,1.47357,344813.6077420944,0
RAY.V,D,20240904,000000,1.47259,1.55798,1.39962,1.52682,811578.7017188657,0
RAY.V,D,20240905,000000,1.52283,1.53875,1.44961,1.45548,354726.9828913197,0
RAY.V,D,20240906,000000,1.45846,1.49575,1.3533,1.40227,495128.6961437854,0
RAY.V,D,20240907,000000,1.40427,1.45985,1.39727,1.43286,486140.01607840345,0
RAY.V,D,20240908,000000,1.43384,1.48461,1.42277,1.44786,335100.75633420015,0
RAY.V,D,20240909,000000,1.44958,1.5412,1.4407,1.53828,593151.900712249,0
RAY.V,D,20240910,000000,1.53677,1.53725,1.47987,1.4829,545227.5514190298,0
RAY.V,D,20240911,000000,1.48259,1.48993,1.41377,1.45213,581170.498718936,0
RAY.V,D,20240912,000000,1.45613,1.509,1.4541,1.50086,533602.7366962697,0
RAY.V,D,20240913,000000,1.50088,1.5488,1.45696,1.5446,378433.1136650035,0
RAY.V,D,20240914,000000,1.54662,1.55467,1.50745,1.52124,269579.59793532785,0
RAY.V,D,20240915,000000,1.51929,1.53629,1.46712,1.468,226922.9247717638,0
RAY.V,D,20240916,000000,1.46601,1.47015,1.40762,1.41872,455650.1505378825,0
RAY.V,D,20240917,000000,1.41672,1.50614,1.40972,1.47613,322135.83458102774,0
RAY.V,D,20240918,000000,1.47115,1.482,1.40489,1.45806,540919.6081628356,0
RAY.V,D,20240919,000000,1.45806,1.60916,1.45506,1.57216,875312.5855171136,0
RAY.V,D,20240920,000000,1.57017,1.66985,1.5512,1.60211,843844.1681036332,0
RAY.V,D,20240921,000000,1.60016,1.61215,1.56398,1.58616,269149.98767265683,0
RAY.V,D,20240922,000000,1.58716,1.62013,1.498,1.498,348642.1224094234,0
RAY.V,D,20240923,000000,1.494,1.56284,1.48207,1.50994,626731.0513879618,0
RAY.V,D,20240924,000000,1.50992,1.5849,1.48772,1.5849,882410.6975904563,0
RAY.V,D,20240925,000000,1.58592,1.6409,1.53272,1.54774,839229.086217055,0
RAY.V,D,20240926,000000,1.54475,1.6811,1.51059,1.64015,904930.193892992,0
RAY.V,D,20240927,000000,1.64016,1.81542,1.64016,1.77432,1551364.1829121853,0
RAY.V,D,20240928,000000,1.77332,1.81425,1.71024,1.76521,975127.9165648371,0
RAY.V,D,20240929,000000,1.76665,1.92515,1.75118,1.91723,1553885.2773269578,0
RAY.V,D,20240930,000000,1.92138,1.97179,1.83,1.89139,1619269.2254135676,0
RAY.V,D,20241001,000000,1.8894,1.9314,1.62654,1.69456,1674895.3610150863,0
RAY.V,D,20241002,000000,1.69556,1.75361,1.63754,1.67155,853503.0978357886,0
RAY.V,D,20241003,000000,1.66255,1.68871,1.56475,1.60581,651245.17583822,0
RAY.V,D,20241004,000000,1.60281,1.75349,1.59275,1.73997,940630.0792210001,0
RAY.V,D,20241005,000000,1.73595,1.78593,1.69573,1.70974,581564.479153545,0
RAY.V,D,20241006,000000,1.70874,1.81089,1.70874,1.7927,318015.47909390455,0
RAY.V,D,20241007,000000,1.78818,1.8787,1.78746,1.80446,686640.7718244307,0
RAY.V,D,20241008,000000,1.80446,1.80544,1.56789,1.69178,3080495.998392803,0
RAY.V,D,20241009,000000,1.69649,1.74593,1.58559,1.60157,3006126.819276349,0
RAY.V,D,20241010,000000,1.59859,1.65899,1.57088,1.60227,830070.0210623458,0
RAY.V,D,20241011,000000,1.60427,1.76654,1.59526,1.75377,1284349.1287157068,0
RAY.V,D,20241012,000000,1.75177,1.81446,1.7483,1.75845,558034.6820051903,0
RAY.V,D,20241013,000000,1.76118,1.82625,1.74313,1.82223,622632.4018523002,0
RAY.V,D,20241014,000000,1.82418,2.04932,1.80626,2.03367,2035835.134919909,0
RAY.V,D,20241015,000000,2.03867,2.14038,1.97017,2.09146,2186701.8994233436,0
RAY.V,D,20241016,000000,2.09448,2.18761,1.97635,2.02659,1628510.6593300325,0
RAY.V,D,20241017,000000,2.02659,2.13634,1.98607,2.10924,1420345.95738093,0
RAY.V,D,20241018,000000,2.10824,2.19478,2.07423,2.15874,1146527.976098791,0
RAY.V,D,20241019,000000,2.15174,2.17969,2.10083,2.14748,812450.0777945716,0
RAY.V,D,20241020,000000,2.15092,2.38721,2.14636,2.38521,1513981.0001597751,0
RAY.V,D,20241021,000000,2.38672,2.59342,2.26166,2.56292,4376413.728809524,0
RAY.V,D,20241022,000000,2.55974,2.69908,2.41584,2.65709,4684866.8679364305,0
RAY.V,D,20241023,000000,2.65411,2.68409,2.46194,2.61123,3125158.5320327017,0
RAY.V,D,20241024,000000,2.61622,2.99802,2.58313,2.96219,4327494.852914194,0
RAY.V,D,20241025,000000,2.96722,3.18371,2.76501,2.81892,8543486.178975722,0
RAY.V,D,20241026,000000,2.81792,3.09032,2.64665,3.00606,6917749.021217249,0
RAY.V,D,20241027,000000,3.00306,3.59721,2.96499,3.50715,9634204.35510426,0
RAY.V,D,20241028,000000,3.51215,3.57898,3.18949,3.32067,8639668.499076152,0
RAY.V,D,20241029,000000,3.31868,3.48059,3.1472,3.31394,8238739.0705371415,0
RAY.V,D,20241030,000000,3.31397,3.33773,2.94426,3.11197,5243489.5393733,0
RAY.V,D,20241031,000000,3.113,3.30697,2.9931,3.21079,5955537.085917006,0
RAY.V,D,20241101,000000,3.20779,3.52565,3.01907,3.3357,8290701.797655235,0
RAY.V,D,20241102,000000,3.3377,3.65036,3.29878,3.48399,8948237.666711235,0
RAY.V,D,20241103,000000,3.48402,3.60292,3.10891,3.29971,7216294.132467757,0
RAY.V,D,20241104,000000,3.29868,3.4908,3.11969,3.21349,5155017.441315991,0
RAY.V,D,20241105,000000,3.21049,3.42377,3.20279,3.28961,3980730.806612084,0
RAY.V,D,20241106,000000,3.2936,4.42093,3.196,4.38163,12012946.37810281,0
RAY.V,D,20241107,000000,4.38463,5.06542,4.14949,4.70635,15742165.765713848,0
RAY.V,D,20241108,000000,4.7033,5.10949,4.59871,4.94221,8084480.734926052,0
RAY.V,D,20241109,000000,4.94321,6.0027,4.88813,5.65464,18262687.269269146,0
RAY.V,D,20241110,000000,5.65664,5.89194,5.01986,5.40597,8631017.625152575,0
RAY.V,D,20241111,000000,5.41203,5.75031,5.13562,5.25404,6981517.086724667,0
RAY.V,D,20241112,000000,5.26394,5.29355,4.30715,4.79411,11489287.654757507,0
RAY.V,D,20241113,000000,4.79712,5.13369,4.03648,4.98648,7456831.040656497,0
RAY.V,D,20241114,000000,4.97642,5.34011,4.55291,4.63656,3598898.07319646,0
RAY.V,D,20241115,000000,4.63451,4.91595,4.45838,4.83845,2009264.4953801741,0
RAY.V,D,20241116,000000,4.84445,4.98484,4.61815,4.73466,2373861.3025372257,0
RAY.V,D,20241117,000000,4.74266,6.25594,4.73566,5.74923,13045007.526438681,0
RAY.V,D,20241118,000000,5.74323,6.20169,5.5118,5.62406,4624194.224901097,0
RAY.V,D,20241119,000000,5.62606,6.18315,5.44258,5.50092,5183715.963964094,0
RAY.V,D,20241120,000000,5.49797,5.83725,5.19629,5.6539,2894849.221643437,0
RAY.V,D,20241121,000000,5.6579,6.41671,5.40167,6.19962,3062613.193355226,0
RAY.V,D,20241122,000000,6.20373,6.50728,5.90755,5.96414,2636463.8907350013,0
RAY.V,D,20241123,000000,5.95713,6.3008,5.8752,6.06454,1745240.1070317484,0
RAY.V,D,20241124,000000,6.06454,6.2535,5.65916,5.93493,1542123.0295272362,0
RAY.V,D,20241125,000000,5.94093,6.46992,5.50035,5.62359,2842746.749013695,0
RAY.V,D,20241126,000000,5.61165,5.69849,5.24257,5.43799,2384936.6902994546,0
RAY.V,D,20241127,000000,5.44398,5.7684,5.36437,5.51551,1469729.6026114328,0
RAY.V,D,20241128,000000,5.51351,5.66294,5.25884,5.62428,1731690.5512810047,0
RAY.V,D,20241129,000000,5.62723,5.86276,5.5385,5.74419,840103.8564384638,0
RAY.V,D,20241130,000000,5.74419,5.74613,5.43217,5.48019,1238452.118558887,0
RAY.V,D,20241201,000000,5.48219,5.54094,5.20412,5.25968,1347447.7343324835,0
RAY.V,D,20241202,000000,5.25468,5.31814,4.8341,4.88871,1849341.663101073,0
RAY.V,D,20241203,000000,4.88576,5.33173,4.65786,5.29349,2548030.014101682,0
RAY.V,D,20241204,000000,5.29444,5.33741,4.88837,5.01376,1605364.5321431612,0
RAY.V,D,20241205,000000,5.01576,5.32262,4.72977,4.86563,2069421.4048518778,0
RAY.V,D,20241206,000000,4.86552,5.17522,4.78183,4.98907,1354939.1532299146,0
RAY.V,D,20241207,000000,4.98912,5.17819,4.81464,5.06855,1641848.164530156,0
RAY.V,D,20241208,000000,5.06754,5.21059,4.89725,4.97478,1721200.8357933874,0
RAY.V,D,20241209,000000,4.97273,4.99775,3.99428,4.38231,2094264.2344407283,0
RAY.V,D,20241210,000000,4.37431,4.9956,4.1183,4.96448,4338419.223369959,0
RAY.V,D,20241211,000000,4.96448,5.82502,4.81169,5.46273,7012564.4482400315,0
RAY.V,D,20241212,000000,5.47774,5.71014,5.25526,5.31922,2223614.060676604,0
RAY.V,D,20241213,000000,5.3189,5.64034,5.15167,5.277,1358483.6437465884,0
RAY.V,D,20241214,000000,5.273,5.63261,5.19422,5.32452,1517301.7211345807,0
RAY.V,D,20241215,000000,5.33452,5.46147,5.08003,5.24474,1225745.795941838,0
RAY.V,D,20241216,000000,5.244,5.5771,5.08292,5.15644,1052402.5920757253,0
RAY.V,D,20241217,000000,5.14944,5.22199,4.80742,5.0215,2000869.0787235922,0
RAY.V,D,20241218,000000,5.0195,5.10441,4.48935,4.53914,2291127.271075704,0
RAY.V,D,20241219,000000,4.53718,4.8183,4.18001,4.45095,2631034.9443661077,0
RAY.V,D,20241220,000000,4.45199,4.60491,3.80517,4.59992,2770528.332824875,0
RAY.V,D,20241221,000000,4.59892,4.86435,4.28182,4.38341,2090626.4719377991,0
RAY.V,D,20241222,000000,4.37542,4.49005,4.16342,4.34782,1839283.9967049675,0
RAY.V,D,20241223,000000,4.34882,4.91287,4.21142,4.90447,2285679.595324019,0
RAY.V,D,20241224,000000,4.90846,5.09047,4.73403,5.01818,2354251.3342466624,0
RAY.V,D,20241225,000000,5.02218,5.36587,4.93739,5.29023,2419312.2670187475,0
RAY.V,D,20241226,000000,5.28924,5.34188,4.72493,4.79482,2103762.979012501,0
RAY.V,D,20241227,000000,4.80366,5.21658,4.72661,4.93878,2530045.5536273727,0
RAY.V,D,20241228,000000,4.93783,5.24318,4.70437,5.23215,2158509.3346846965,0
RAY.V,D,20241229,000000,5.23115,5.35545,4.84952,4.85955,1634694.1285678626,0
RAY.V,D,20241230,000000,4.86055,5.10313,4.76663,4.90605,1734182.9273135487,0
RAY.V,D,20241231,000000,4.90306,5.07744,4.75452,4.85196,1770122.0427944933,0
RAY.V,D,20250101,000000,4.85989,5.05232,4.75267,5.02348,1267950.6491742677,0
RAY.V,D,20250102,000000,5.02148,5.54012,4.97049,5.37851,2416085.176836801,0
RAY.V,D,20250103,000000,5.37451,5.51796,5.1459,5.48186,2038868.2534106644,0
RAY.V,D,20250104,000000,5.47886,5.74433,5.29836,5.66992,1765424.2215545315,0
RAY.V,D,20250105,000000,5.67187,5.88218,5.5079,5.77856,1376191.0837387806,0
RAY.V,D,20250106,000000,5.7795,5.82791,5.49197,5.65958,1224789.5988695044,0
RAY.V,D,20250107,000000,5.65864,5.88118,5.37377,5.53517,1958383.3064816,0
RAY.V,D,20250108,000000,5.52623,5.59888,4.82768,5.14945,1790690.1269897325,0
RAY.V,D,20250109,000000,5.14945,5.30829,4.65611,4.86871,2077098.4838635195,0
RAY.V,D,20250110,000000,4.86266,5.005,4.64849,4.743,1411417.1174112181,0
RAY.V,D,20250111,000000,4.744,4.78904,4.53146,4.5788,1569496.4051305812,0
RAY.V,D,20250112,000000,4.5798,4.78118,4.33696,4.61918,1598423.7305715724,0
RAY.V,D,20250113,000000,4.62518,4.77694,4.1486,4.61706,2166254.802962645,0
RAY.V,D,20250114,000000,4.61906,5.38485,4.59911,5.33476,2371458.458220203,0
RAY.V,D,20250115,000000,5.33276,5.79274,5.09676,5.66317,1994722.0031191343,0
RAY.V,D,20250116,000000,5.66723,5.83583,5.43886,5.46074,1530507.113920807,0
RAY.V,D,20250117,000000,5.47574,6.19073,5.45285,5.98291,1830446.203869707,0
RAY.V,D,20250118,000000,5.98085,7.27036,5.9249,6.99763,8580006.04010134,0
RAY.V,D,20250119,000000,6.99962,7.62532,6.24325,6.56091,6255065.375250131,0
RAY.V,D,20250120,000000,6.47554,7.47984,5.90496,7.43961,3665040.18605327,0
RAY.V,D,20250121,000000,7.44061,7.93668,6.9053,7.52405,5659302.256416727,0
RAY.V,D,20250122,000000,7.51273,8.28576,7.49778,7.95317,2748426.1975574587,0
RAY.V,D,20250123,000000,7.97109,8.66382,7.44227,8.06877,2149696.0972967115,0
RAY.V,D,20250124,000000,8.07478,8.31558,7.74115,7.87455,1683434.590951446,0
RAY.V,D,20250125,000000,7.87855,7.915,7.21884,7.67654,1378719.4137176175,0
RAY.V,D,20250126,000000,7.67754,8.06439,7.43588,7.44488,606608.5546266319,0
RAY.V,D,20250127,000000,7.42281,7.45528,6.1741,6.74725,1975103.2600529222,0
RAY.V,D,20250128,000000,6.75331,7.41033,6.44168,6.6037,1672436.1742884263,0
RAY.V,D,20250129,000000,6.58472,7.2332,6.33373,6.91979,1097410.0533449356,0
RAY.V,D,20250130,000000,6.91672,7.91792,6.72907,7.66277,1562836.0754125586,0
RAY.V,D,20250131,000000,7.66277,7.72839,6.9618,7.05295,1194475.8694026365,0
RAY.V,D,20250201,000000,7.04003,7.24319,6.2335,6.34741,1276247.2581345455,0
RAY.V,D,20250202,000000,6.33648,6.42642,5.37627,5.58138,1872981.781636509,0
RAY.V,D,20250203,000000,5.59432,6.49858,4.16971,6.35428,2089988.4516023588,0
RAY.V,D,20250204,000000,6.35041,6.61569,5.78422,6.23405,1789233.6829141106,0
RAY.V,D,20250205,000000,6.23305,6.30377,5.30748,5.32343,1797324.6383117738,0
RAY.V,D,20250206,000000,5.31943,5.63545,4.90098,5.27337,1227641.7644884374,0
RAY.V,D,20250207,000000,5.27737,5.7017,4.80924,4.93115,1392426.6056189928,0
RAY.V,D,20250208,000000,4.92115,5.0849,4.826,4.9634,904842.5268767788,0
RAY.V,D,20250209,000000,4.9664,5.29585,4.49754,4.62455,1469737.2290500985,0
RAY.V,D,20250210,000000,4.61851,5.25547,4.50286,5.15088,1646291.3069761756,0
RAY.V,D,20250211,000000,5.15188,5.76458,5.13387,5.29242,2482527.8695767294,0
RAY.V,D,20250212,000000,5.29236,5.38009,4.81181,5.30032,1469906.3924779166,0
RAY.V,D,20250213,000000,5.31837,5.36454,4.83043,5.14105,1488150.079268289,0
RAY.V,D,20250214,000000,5.13715,6.18154,5.13246,5.60295,2307852.4444081006,0
RAY.V,D,20250215,000000,5.60695,5.75029,5.23752,5.26347,807947.2339050556,0
