<TICKER>,<PER>,<DATE>,<TIME>,<OPEN>,<HIGH>,<LOW>,<CLOSE>,<VOL>,<OPENINT>
REEF.V,D,20220514,000000,0.00464163,0.00465208,0.00464163,0.00464163,1105824.1894358,0
REEF.V,D,20220515,000000,0.00438385,0.00470435,0.00433349,0.00470435,591451521.35429,0
REEF.V,D,20220516,000000,0.00471434,0.00484418,0.00432394,0.00456406,566233237.09285,0
REEF.V,D,20220517,000000,0.00457405,0.00480423,0.0044238,0.00478377,510592166.40661,0
REEF.V,D,20220518,000000,0.00478377,0.00489412,0.00424448,0.00431438,508074816.31031,0
REEF.V,D,20220519,000000,0.00431438,0.00468578,0.00402476,0.00454591,623564435.25556,0
REEF.V,D,20220520,000000,0.0045559,0.00473479,0.00419454,0.00434478,606396178.97551,0
REEF.V,D,20220521,000000,0.00434478,0.00456406,0.00419496,0.00433436,416171272.01917,0
REEF.V,D,20220522,000000,0.00433436,0.00466393,0.00432394,0.00448416,525110347.13438,0
REEF.V,D,20220523,000000,0.00447462,0.00470482,0.00431482,0.0044147,825211170.13133,0
REEF.V,D,20220524,000000,0.00440471,0.00440471,0.00404514,0.00434434,714011804.90408,0
REEF.V,D,20220525,000000,0.0043539,0.00444466,0.00421494,0.00430526,431421707.38625,0
REEF.V,D,20220526,000000,0.00431482,0.00437518,0.00373551,0.00394605,542498145.84924,0
REEF.V,D,20220527,000000,0.00395604,0.00400599,0.003636,0.00373589,518231830.33428,0
REEF.V,D,20220528,000000,0.00371572,0.00389571,0.0036754,0.00383551,299208299.76196,0
REEF.V,D,20220529,000000,0.00383543,0.00398581,0.00375571,0.00397562,877313061.19754,0
REEF.V,D,20220530,000000,0.00398557,0.00446687,0.00396571,0.00439648,709446303.12792,0
REEF.V,D,20220531,000000,0.00440691,0.00453637,0.00420663,0.0043765,478236812.45973,0
REEF.V,D,20220601,000000,0.00436659,0.00479616,0.00412546,0.00417624,922555314.27017,0
REEF.V,D,20220602,000000,0.0041864,0.00440603,0.00411629,0.00440603,538319506.54899,0
REEF.V,D,20220603,000000,0.00440603,0.00454563,0.00415667,0.00444613,484419967.21698,0
REEF.V,D,20220604,000000,0.00444613,0.00446611,0.00420558,0.00434669,780946423.79134,0
REEF.V,D,20220605,000000,0.00434669,0.00445599,0.00426654,0.00441589,765729559.4368,0
REEF.V,D,20220606,000000,0.00442588,0.00464623,0.00434635,0.00443627,1707368436.6031,0
REEF.V,D,20220607,000000,0.00443623,0.00446625,0.00410655,0.00442641,2656048470.8649,0
REEF.V,D,20220608,000000,0.00443631,0.0044766,0.00421726,0.00428721,4287994933.1011,0
REEF.V,D,20220609,000000,0.00429725,0.00436642,0.00413669,0.00419647,3274194358.6054,0
REEF.V,D,20220610,000000,0.00420642,0.00420663,0.00392627,0.00402488,1736175816.9229,0
REEF.V,D,20220611,000000,0.00403483,0.00407563,0.00356557,0.00371572,242124315.56184,0
REEF.V,D,20220612,000000,0.00370577,0.00374576,0.00335523,0.00358558,304501245.22488,0
REEF.V,D,20220613,000000,0.00356561,0.00357563,0.00305091,0.00318557,3678925015.3446,0
REEF.V,D,20220614,000000,0.00318557,0.00335573,0.00295556,0.00319616,4734927421.4404,0
REEF.V,D,20220615,000000,0.00319622,0.00397403,0.00303453,0.00390414,3791998239.4012,0
REEF.V,D,20220616,000000,0.00395,0.003985,0.003275,0.003385,648946762.59054,0
REEF.V,D,20220617,000000,0.00329541,0.0035,0.00324545,0.00338593,649052027.52665,0
REEF.V,D,20220618,000000,0.00337594,0.00343594,0.00297559,0.00308499,1793579032.0839,0
REEF.V,D,20220619,000000,0.00308499,0.00338593,0.00302549,0.00329571,1442867205.7643,0
REEF.V,D,20220620,000000,0.00332,0.00345619,0.00316,0.00331635,351119717.2381,0
REEF.V,D,20220621,000000,0.00329637,0.00386574,0.00327639,0.00353611,735176367.05761,0
REEF.V,D,20220622,000000,0.00354645,0.00361638,0.00333666,0.00343622,268987499.75068,0
REEF.V,D,20220623,000000,0.00343656,0.00360639,0.00338627,0.00351648,227123516.95494,0
REEF.V,D,20220624,000000,0.00352647,0.00382701,0.00352647,0.00377701,608067648.27125,0
REEF.V,D,20220625,000000,0.00378621,0.00387728,0.00360751,0.0038573,345397523.64345,0
REEF.V,D,20220626,000000,0.0038573,0.00407718,0.00370777,0.00382766,329484985.45914,0
REEF.V,D,20220627,000000,0.00384761,0.00385772,0.00364774,0.00371669,187768285.8137,0
REEF.V,D,20220628,000000,0.00371673,0.00376657,0.00356686,0.00360556,176237538.78221,0
REEF.V,D,20220629,000000,0.00361551,0.00361558,0.00337527,0.00344583,269121897.79445,0
REEF.V,D,20220630,000000,0.00344586,0.00347582,0.00316588,0.0032461,839928472.50774,0
REEF.V,D,20220701,000000,0.00325609,0.00343622,0.00321,0.003305,236427573.84357,0
REEF.V,D,20220702,000000,0.00330603,0.00335597,0.00321614,0.00334598,171157024.22518,0
REEF.V,D,20220703,000000,0.00335597,0.00339558,0.00326575,0.003345,138925970.23621,0
REEF.V,D,20220705,000000,0.00334598,0.00348616,0.00328638,0.00343622,113660132.16887,0
REEF.V,D,20220706,000000,0.00343622,0.00347617,0.00333633,0.0034462,160970358.71563,0
REEF.V,D,20220707,000000,0.00343622,0.00365744,0.00341624,0.00359784,164046975.69927,0
REEF.V,D,20220708,000000,0.00359784,0.00377698,0.00348791,0.00354787,168448126.13162,0
REEF.V,D,20220709,000000,0.00354787,0.0036678,0.00351754,0.00362782,65468148.367366,0
REEF.V,D,20220710,000000,0.00363782,0.00363782,0.00341761,0.0034979,86318112.071993,0
REEF.V,D,20220711,000000,0.00348791,0.00348791,0.00327705,0.00327705,91722389.174371,0
REEF.V,D,20220712,000000,0.00328704,0.00328704,0.00314654,0.00317682,123824937.75605,0
REEF.V,D,20220713,000000,0.00316696,0.0032967,0.00309659,0.00324707,344950254.75913,0
REEF.V,D,20220714,000000,0.00325707,0.00349685,0.00325707,0.00342794,439391326.89749,0
REEF.V,D,20220715,000000,0.00342794,0.00365817,0.00341761,0.00357893,407731591.17278,0
REEF.V,D,20220716,000000,0.00358892,0.00369926,0.00345896,0.00361928,235803476.6208,0
REEF.V,D,20220717,000000,0.00361906,0.00373918,0.00354904,0.00360903,237376008.45395,0
REEF.V,D,20220718,000000,0.00360903,0.00386992,0.00352894,0.00370915,511242305.35193,0
REEF.V,D,20220719,000000,0.00371914,0.00404065,0.00369967,0.0040206,824787747.89131,0
REEF.V,D,20220720,000000,0.00402,0.00456018,0.00399,0.00418021,2032604965.8113,0
REEF.V,D,20220721,000000,0.00418021,0.00431121,0.00402016,0.00431108,576037454.29334,0
REEF.V,D,20220722,000000,0.00430103,0.00436039,0.00401032,0.00410057,431651997.2507,0
REEF.V,D,20220723,000000,0.0040909,0.00420076,0.00390961,0.00396079,371518322.40576,0
REEF.V,D,20220724,000000,0.0039604,0.00417967,0.0039604,0.00405077,272792759.97245,0
REEF.V,D,20220725,000000,0.00405081,0.00410082,0.00372045,0.0037803,377176254.51665,0
REEF.V,D,20220726,000000,0.0037803,0.00379053,0.00355011,0.00362054,435771987.07242,0
REEF.V,D,20220727,000000,0.00363054,0.00388147,0.00362091,0.00382092,426464125.38001,0
REEF.V,D,20220728,000000,0.00382092,0.00425094,0.00382088,0.00416083,637186824.15322,0
REEF.V,D,20220729,000000,0.00417088,0.00429236,0.00406118,0.00424174,577306844.09558,0
REEF.V,D,20220730,000000,0.0042517,0.0045716,0.00419168,0.00433147,491550193.26437,0
REEF.V,D,20220731,000000,0.0043313,0.0044809,0.00422118,0.00432104,451902756.63716,0
REEF.V,D,20220801,000000,0.00432173,0.00440194,0.00416062,0.00422127,538527801.33157,0
REEF.V,D,20220802,000000,0.00422127,0.00431164,0.00397115,0.0041307,430556960.85864,0
REEF.V,D,20220803,000000,0.00413078,0.00427068,0.00397091,0.00418105,327779369.67244,0
REEF.V,D,20220804,000000,0.004181,0.0042208,0.00407016,0.00410016,284289968.49095,0
REEF.V,D,20220805,000000,0.00411012,0.00439083,0.00410025,0.00436083,322542037.53353,0
REEF.V,D,20220806,000000,0.00436083,0.0045109,0.00434065,0.00440097,278670410.31708,0
REEF.V,D,20220807,000000,0.00439097,0.00443089,0.00427102,0.00440079,235374160.81194,0
REEF.V,D,20220808,000000,0.00441084,0.00493084,0.00433052,0.00463056,1490774434.1069,0
REEF.V,D,20220809,000000,0.00464056,0.00468094,0.00431116,0.00439092,582276838.87746,0
REEF.V,D,20220810,000000,0.00440092,0.00453258,0.00422122,0.00451131,206635673.62213,0
REEF.V,D,20220811,000000,0.00451135,0.00482217,0.00451108,0.00462217,461962011.70535,0
REEF.V,D,20220812,000000,0.00461217,0.00471235,0.0045018,0.00460212,358541916.85319,0
REEF.V,D,20220813,000000,0.00460207,0.00475261,0.00459202,0.00465186,236952094.77397,0
REEF.V,D,20220814,000000,0.00465181,0.00472156,0.0044713,0.00456137,272780143.04014,0
REEF.V,D,20220815,000000,0.00456141,0.00465116,0.00442049,0.00446103,282986205.89473,0
REEF.V,D,20220816,000000,0.00446107,0.00450072,0.00435091,0.0044004,223344313.53219,0
REEF.V,D,20220817,000000,0.0044004,0.00454064,0.00414029,0.00417029,255258094.13225,0
REEF.V,D,20220818,000000,0.00418033,0.00429021,0.00414008,0.00422004,240437722.64292,0
REEF.V,D,20220819,000000,0.00422042,0.00422042,0.00362,0.00368,271813957.74386,0
REEF.V,D,20220820,000000,0.00368018,0.0039998,0.00361971,0.00368,426251312.0348,0
REEF.V,D,20220821,000000,0.00368993,0.0047799,0.00367982,0.00401992,2208861875.463,0
REEF.V,D,20220822,000000,0.00401992,0.00401992,0.00368978,0.00373933,293046728.38572,0
REEF.V,D,20220823,000000,0.00374936,0.00389996,0.00368996,0.00388,288236399.70586,0
REEF.V,D,20220824,000000,0.00388,0.00399044,0.0038,0.00393031,308771234.79256,0
REEF.V,D,20220825,000000,0.00392035,0.00402012,0.00386008,0.00391012,225037064.00396,0
REEF.V,D,20220826,000000,0.00392012,0.00394012,0.00367971,0.00371033,366137752.54217,0
REEF.V,D,20220827,000000,0.00370033,0.00371037,0.00357043,0.00359011,358261550.0712,0
REEF.V,D,20220828,000000,0.00359011,0.00368011,0.00357975,0.00359,134302871.10907,0
REEF.V,D,20220829,000000,0.0036028,0.00372026,0.00344965,0.00370026,276113208.50608,0
REEF.V,D,20220830,000000,0.0037003,0.00393996,0.00366993,0.00373034,452143240.04472,0
REEF.V,D,20220831,000000,0.0037303,0.00381038,0.00368011,0.00378,288088184.65847,0
REEF.V,D,20220901,000000,0.00377996,0.00379008,0.00361004,0.00372978,180070032.359,0
REEF.V,D,20220902,000000,0.00372981,0.00383046,0.00368,0.00373056,202281086.57116,0
REEF.V,D,20220903,000000,0.0037306,0.00380042,0.00368,0.00376,194532841.5939,0
REEF.V,D,20220904,000000,0.00375037,0.00383038,0.00374,0.00381,235543547.6348,0
REEF.V,D,20220905,000000,0.0038,0.00387,0.00366,0.00370037,424900702.9464,0
REEF.V,D,20220906,000000,0.00370037,0.0038,0.00345965,0.00346,553519140.82517,0
REEF.V,D,20220907,000000,0.00345,0.00363996,0.00338986,0.00360025,184432760.26014,0
REEF.V,D,20220908,000000,0.0036104,0.00363054,0.00349003,0.00360058,270473799.35919,0
REEF.V,D,20220909,000000,0.00360058,0.0039097,0.00359043,0.0038353,447069516.90999,0
REEF.V,D,20220910,000000,0.00383153,0.00397559,0.00382653,0.00387674,787868052.13016,0
REEF.V,D,20220911,000000,0.00388374,0.00394006,0.0037709,0.00378391,648414198.79303,0
REEF.V,D,20220912,000000,0.00379091,0.00614868,0.00377491,0.00505891,9962466270.2519,0
REEF.V,D,20220913,000000,0.00505151,0.00650175,0.0046342,0.00563511,15441335942.676,0
REEF.V,D,20220914,000000,0.00564506,0.00640038,0.00481134,0.00515229,11657629380.705,0
REEF.V,D,20220915,000000,0.00514629,0.0054996,0.00463217,0.00484956,3383520967.0884,0
REEF.V,D,20220916,000000,0.00483556,0.005166,0.00466753,0.0049595,2081128177.9097,0
REEF.V,D,20220917,000000,0.0049595,0.00588941,0.0049595,0.005608,4589124550.9697,0
REEF.V,D,20220918,000000,0.005603,0.005732,0.005009,0.005066,2306012211.0134,0
REEF.V,D,20220919,000000,0.00506249,0.0052,0.00474347,0.00483697,1666319043.4809,0
REEF.V,D,20220920,000000,0.00484048,0.004874,0.004392,0.004433,1807300569.4492,0
REEF.V,D,20220921,000000,0.004425,0.005277,0.00441744,0.004838,5183644955.2691,0
REEF.V,D,20220922,000000,0.00483,0.00506951,0.004679,0.0049,1328190201.0082,0
REEF.V,D,20220923,000000,0.004907,0.005071,0.00463454,0.00482452,944369850.35943,0
REEF.V,D,20220924,000000,0.00482366,0.00600012,0.004773,0.00553244,8721379665.438,0
REEF.V,D,20220925,000000,0.00552944,0.00579258,0.0050759,0.005101,3495066979.7581,0
REEF.V,D,20220926,000000,0.005102,0.005251,0.004936,0.005005,811578801.14052,0
REEF.V,D,20220927,000000,0.005004,0.005386,0.0049,0.00507849,947790080.50885,0
REEF.V,D,20220928,000000,0.00507149,0.006609,0.005011,0.005747,10249779230.721,0
REEF.V,D,20220929,000000,0.005739,0.005761,0.005187,0.00524452,2207152324.533,0
REEF.V,D,20220930,000000,0.005238,0.00525,0.0050465,0.005114,1177860025.9093,0
REEF.V,D,20221001,000000,0.00511551,0.005399,0.005089,0.005227,1825284296.3691,0
REEF.V,D,20221002,000000,0.005225,0.00522652,0.004799,0.004875,1688847454.5481,0
REEF.V,D,20221003,000000,0.00487,0.004899,0.004676,0.00483148,606775263.42936,0
REEF.V,D,20221004,000000,0.00483048,0.00491998,0.00481396,0.00487346,446290500.12304,0
REEF.V,D,20221005,000000,0.00487146,0.00488947,0.00471047,0.00475795,516052710.31908,0
REEF.V,D,20221006,000000,0.00475595,0.00635083,0.00473881,0.00525295,11455746997.85,0
REEF.V,D,20221007,000000,0.00525289,0.00553383,0.00520847,0.00540976,4204485826.4654,0
REEF.V,D,20221008,000000,0.0054097,0.00552466,0.00529042,0.00540541,678015249.76628,0
REEF.V,D,20221009,000000,0.0054044,0.005617,0.00533853,0.0054921,1077021333.6077,0
REEF.V,D,20221010,000000,0.00549055,0.00581816,0.005459,0.00556544,1662012063.1681,0
REEF.V,D,20221011,000000,0.005568,0.00612169,0.00539746,0.00572149,3794845348.8131,0
REEF.V,D,20221012,000000,0.00572143,0.00626731,0.00553783,0.00559917,5016047946.1794,0
REEF.V,D,20221013,000000,0.00559817,0.00613749,0.00530768,0.00606349,3498295739.868,0
REEF.V,D,20221014,000000,0.00606148,0.00644613,0.00582106,0.00617319,6856662127.3163,0
REEF.V,D,20221015,000000,0.00617425,0.00640458,0.00607743,0.00632832,2004778549.2205,0
REEF.V,D,20221016,000000,0.00633438,0.00637632,0.00607518,0.00631825,1532492249.4147,0
REEF.V,D,20221017,000000,0.00631832,0.00791547,0.00631532,0.00694614,5798610575.6042,0
REEF.V,D,20221018,000000,0.00694714,0.00768238,0.00667553,0.00763931,2573481799.3563,0
REEF.V,D,20221019,000000,0.00764376,0.00770939,0.00714129,0.007253,1779077234.1644,0
REEF.V,D,20221020,000000,0.00724693,0.00731678,0.00649348,0.00657254,1058274065.6802,0
REEF.V,D,20221021,000000,0.00657254,0.0066936,0.00628194,0.00635751,908785457.6763,0
REEF.V,D,20221022,000000,0.00636245,0.00642758,0.00597048,0.00603354,765956803.13382,0
REEF.V,D,20221023,000000,0.00603054,0.00604854,0.00572246,0.00590377,1033583162.2203,0
REEF.V,D,20221024,000000,0.00590677,0.00594736,0.0055635,0.00560222,753227541.58764,0
REEF.V,D,20221025,000000,0.00560122,0.00593053,0.00538892,0.00564086,2111792672.7619,0
REEF.V,D,20221026,000000,0.00563992,0.00583122,0.00552449,0.00565158,1086112453.338,0
REEF.V,D,20221027,000000,0.00564958,0.00580616,0.00542695,0.00546333,1042351891.3014,0
REEF.V,D,20221028,000000,0.00545938,0.00548722,0.00521442,0.00542608,903827997.57482,0
REEF.V,D,20221029,000000,0.00543198,0.00549937,0.00502706,0.0052192,1812051061.3615,0
REEF.V,D,20221030,000000,0.00521725,0.00563952,0.00509427,0.00519004,2445561751.3394,0
REEF.V,D,20221031,000000,0.00519104,0.00566806,0.00510356,0.00522858,6316206033.7983,0
REEF.V,D,20221101,000000,0.00523169,0.00546458,0.00520611,0.00522243,772139039.97675,0
REEF.V,D,20221102,000000,0.00521537,0.00525721,0.00493875,0.00506375,871529765.15503,0
REEF.V,D,20221103,000000,0.0050647,0.00537435,0.0050647,0.005126,1084533924.5449,0
REEF.V,D,20221104,000000,0.005122,0.00578859,0.00510995,0.00532837,2787794243.6528,0
REEF.V,D,20221105,000000,0.00533337,0.0054626,0.00531042,0.00537227,765276333.3348604,0
REEF.V,D,20221106,000000,0.00537032,0.00537032,0.00511156,0.00515236,596833481.5329787,0
REEF.V,D,20221107,000000,0.00514436,0.00602154,0.00490544,0.0058217,5250487464.060761,0
REEF.V,D,20221108,000000,0.0058217,0.007183,0.00410474,0.00442122,9163621621.065727,0
REEF.V,D,20221109,000000,0.00441521,0.00461435,0.0033647,0.00340264,1936442438.592486,0
REEF.V,D,20221110,000000,0.00340014,0.0044625,0.00310992,0.00397486,3099631587.635036,0
REEF.V,D,20221111,000000,0.00398588,0.00428757,0.00322211,0.003527,1726856730.1185095,0
REEF.V,D,20221112,000000,0.00352941,0.00359091,0.00331702,0.00335794,786850695.0566769,0
REEF.V,D,20221113,000000,0.00336493,0.00364099,0.0032161,0.00340423,1057936443.735006,0
REEF.V,D,20221114,000000,0.00338693,0.00341321,0.00297283,0.00325743,1057621309.2895446,0
REEF.V,D,20221115,000000,0.00327092,0.00340159,0.00323743,0.00327472,494143464.5920536,0
REEF.V,D,20221116,000000,0.00328898,0.0033262,0.00305313,0.00313808,1080495338.9343865,0
REEF.V,D,20221117,000000,0.00314613,0.00318645,0.00302724,0.0031215,858227206.7811369,0
REEF.V,D,20221118,000000,0.00311953,0.00319647,0.00304731,0.00309141,685093351.0009414,0
REEF.V,D,20221119,000000,0.00309544,0.00316242,0.00301377,0.00311875,527219400.0603213,0
REEF.V,D,20221120,000000,0.00312272,0.00316832,0.00287184,0.00292654,944949791.6601015,0
REEF.V,D,20221121,000000,0.00292558,0.0029385,0.00275458,0.00276665,770216891.7439684,0
REEF.V,D,20221122,000000,0.00276867,0.00289378,0.00268048,0.00286852,478748535.3534574,0
REEF.V,D,20221123,000000,0.00286949,0.00303635,0.00286524,0.00300872,937540320.577653,0
REEF.V,D,20221124,000000,0.00301868,0.00310583,0.00296383,0.00299348,723708757.7887353,0
REEF.V,D,20221125,000000,0.00299748,0.00300659,0.00289077,0.00295731,570265947.2759855,0
REEF.V,D,20221126,000000,0.00296131,0.00322697,0.00294514,0.00296725,1682285297.3697822,0
REEF.V,D,20221127,000000,0.00296425,0.00307297,0.00295402,0.00306604,645786922.6009617,0
REEF.V,D,20221128,000000,0.00306404,0.00306404,0.00282847,0.00292889,1094792727.6439114,0
REEF.V,D,20221129,000000,0.00293189,0.00301837,0.00287579,0.0029639,501054352.62849236,0
REEF.V,D,20221130,000000,0.0029749,0.00308218,0.00295402,0.00308115,662388293.8814421,0
REEF.V,D,20221201,000000,0.00307912,0.00310428,0.00298521,0.00303518,311232708.6096518,0
REEF.V,D,20221202,000000,0.00304118,0.003307,0.00300533,0.00321919,1750556817.6239245,0
REEF.V,D,20221203,000000,0.00322019,0.00331427,0.0030423,0.00309431,595030574.0152689,0
REEF.V,D,20221204,000000,0.00309331,0.00317232,0.00308162,0.00315295,266928526.02626917,0
REEF.V,D,20221205,000000,0.00315031,0.00321439,0.00302512,0.00310509,648054282.5126244,0
REEF.V,D,20221206,000000,0.00310706,0.00313909,0.00307409,0.003101,214675583.95709586,0
REEF.V,D,20221207,000000,0.0031,0.00314403,0.00291512,0.002995,800518646.2944789,0
REEF.V,D,20221208,000000,0.002994,0.00304946,0.002895,0.0030353,326914748.1978015,0
REEF.V,D,20221209,000000,0.00303924,0.00308419,0.002979,0.00300215,483409905.772701,0
REEF.V,D,20221210,000000,0.00300515,0.00317813,0.00300515,0.00304197,728106991.6132904,0
REEF.V,D,20221211,000000,0.00303997,0.00309197,0.0029523,0.0029856,167045948.7137298,0
REEF.V,D,20221212,000000,0.0029816,0.0030013,0.00285229,0.00298224,312140519.97486246,0
REEF.V,D,20221213,000000,0.00298321,0.0030524,0.00287875,0.00304033,243335018.77956608,0
REEF.V,D,20221214,000000,0.00303503,0.00308529,0.002965,0.00302221,199380802.47142345,0
REEF.V,D,20221215,000000,0.003013,0.00303261,0.0029523,0.00296059,99912687.82192272,0
REEF.V,D,20221216,000000,0.0029653,0.003014,0.00255226,0.00264153,427506233.6805382,0
REEF.V,D,20221217,000000,0.00264326,0.00267137,0.00253228,0.00266235,265137074.20779726,0
REEF.V,D,20221218,000000,0.00266735,0.00268721,0.00261429,0.00265435,103473989.83358185,0
REEF.V,D,20221219,000000,0.00265234,0.0026973,0.00242405,0.002472,194797744.951261,0
REEF.V,D,20221220,000000,0.002479,0.00266597,0.002463,0.00263111,562450520.4138182,0
REEF.V,D,20221221,000000,0.00263211,0.00264305,0.00246307,0.00247012,318511358.0341603,0
REEF.V,D,20221222,000000,0.00246712,0.00250197,0.00238878,0.00244963,332659345.413512,0
REEF.V,D,20221223,000000,0.00244861,0.00245666,0.00239986,0.00240774,216003862.9859931,0
REEF.V,D,20221224,000000,0.00240074,0.00244476,0.00239786,0.00242283,274864386.779619,0
REEF.V,D,20221225,000000,0.00241988,0.00243693,0.00232767,0.00238064,276589816.72071236,0
REEF.V,D,20221226,000000,0.00238071,0.00241473,0.00236474,0.0023945,176075948.60644454,0
REEF.V,D,20221227,000000,0.00239752,0.00243954,0.00237234,0.00238914,288780905.44226,0
REEF.V,D,20221228,000000,0.00239302,0.00240206,0.00224701,0.0022588,455004244.9168695,0
REEF.V,D,20221229,000000,0.00226076,0.00231865,0.00218712,0.00223197,198802639.1035416,0
REEF.V,D,20221230,000000,0.00223297,0.00225785,0.00219688,0.00225087,228880271.08413795,0
REEF.V,D,20221231,000000,0.00223486,0.00228284,0.00223486,0.00224985,131596239.29262123,0
REEF.V,D,20230101,000000,0.00224485,0.00234092,0.00224386,0.00229394,262750111.21970433,0
REEF.V,D,20230102,000000,0.00229592,0.00237303,0.00226407,0.00231928,199537365.09428892,0
REEF.V,D,20230103,000000,0.00232421,0.00234927,0.00228306,0.00229415,204179769.57618514,0
REEF.V,D,20230104,000000,0.0023071,0.00242537,0.00230403,0.00236822,328462099.87669295,0
REEF.V,D,20230105,000000,0.00237022,0.00242832,0.00235403,0.00236917,242653649.802654,0
REEF.V,D,20230106,000000,0.00236715,0.00240635,0.00228074,0.00240525,188976353.66861016,0
REEF.V,D,20230107,000000,0.00242023,0.00254026,0.00240428,0.0024174,293913436.779313,0
REEF.V,D,20230108,000000,0.0024174,0.00248263,0.00238367,0.00248163,263325944.64074275,0
REEF.V,D,20230109,000000,0.0024817,0.00263082,0.0024817,0.002564,900992656.3296666,0
REEF.V,D,20230110,000000,0.00256297,0.00287117,0.0025378,0.00267137,1710832579.292656,0
REEF.V,D,20230111,000000,0.00267943,0.00268135,0.00253272,0.00260997,416010693.35832626,0
REEF.V,D,20230112,000000,0.00260977,0.00273008,0.00257392,0.00270627,833100190.0269727,0
REEF.V,D,20230113,000000,0.00270424,0.00282217,0.00267473,0.00278728,515775071.33090496,0
REEF.V,D,20230114,000000,0.00278825,0.00308146,0.00277228,0.00296915,763169733.3992374,0
REEF.V,D,20230115,000000,0.0029753,0.00305252,0.00285831,0.0030039,494600215.00501466,0
REEF.V,D,20230116,000000,0.0030029,0.00309121,0.0028802,0.00299506,473224147.7568082,0
REEF.V,D,20230117,000000,0.00299412,0.00326546,0.00293315,0.00314935,2182467360.044045,0
REEF.V,D,20230118,000000,0.00315535,0.00317735,0.00277492,0.00286586,1152220744.5394175,0
REEF.V,D,20230119,000000,0.00286286,0.002899,0.00276975,0.00287091,301429364.77871084,0
REEF.V,D,20230120,000000,0.0028672,0.00308349,0.00283,0.00304652,244436061.38753477,0
REEF.V,D,20230121,000000,0.00305055,0.00324868,0.00303245,0.00312562,705796946.6321169,0
REEF.V,D,20230122,000000,0.00311547,0.00347656,0.00307052,0.00318264,1443794321.4572446,0
REEF.V,D,20230123,000000,0.00318164,0.0032912,0.00317163,0.00324449,432629150.38358647,0
REEF.V,D,20230124,000000,0.00324945,0.00343297,0.00302348,0.00308312,794574969.1433645,0
REEF.V,D,20230125,000000,0.00308209,0.0031836,0.00295653,0.0031005,869855810.3208715,0
REEF.V,D,20230126,000000,0.00309453,0.0033205,0.00309053,0.00322626,1265450682.7917652,0
REEF.V,D,20230127,000000,0.00323829,0.00345079,0.00312372,0.00333046,1245386368.8046803,0
REEF.V,D,20230128,000000,0.00333817,0.00340585,0.00323271,0.00327262,553988856.1183738,0
REEF.V,D,20230129,000000,0.00326765,0.00339531,0.00325675,0.00337717,460744319.3874225,0
REEF.V,D,20230130,000000,0.00337817,0.0034162,0.00307715,0.00312719,787935147.2263713,0
REEF.V,D,20230131,000000,0.00312922,0.003253,0.00312216,0.00322129,611639558.4765139,0
REEF.V,D,20230201,000000,0.00321726,0.00353504,0.003081,0.0033462,1767734471.7735002,0
REEF.V,D,20230202,000000,0.00335317,0.00346242,0.00325023,0.00329566,608682653.5075893,0
REEF.V,D,20230203,000000,0.00329569,0.00351846,0.00324649,0.00346428,846266485.6046886,0
REEF.V,D,20230204,000000,0.00347128,0.00376538,0.00338624,0.00359532,2240505073.33656,0
REEF.V,D,20230205,000000,0.00359729,0.00363329,0.00330086,0.00335384,1139638118.4393966,0
REEF.V,D,20230206,000000,0.00334787,0.00344897,0.00326562,0.00338014,464002706.0368081,0
REEF.V,D,20230207,000000,0.00337614,0.003649,0.00331927,0.00362125,1064075379.6358727,0
REEF.V,D,20230208,000000,0.00362222,0.003785,0.00341538,0.00353025,915096457.0193902,0
REEF.V,D,20230209,000000,0.00352121,0.00362207,0.0029916,0.00306731,543511064.9173818,0
REEF.V,D,20230210,000000,0.00306931,0.00318935,0.0030547,0.00313847,514648310.4008724,0
REEF.V,D,20230211,000000,0.00313747,0.00323629,0.00309631,0.00322329,434626736.5236714,0
REEF.V,D,20230212,000000,0.00322732,0.0033292,0.00314644,0.00320726,433633366.983282,0
REEF.V,D,20230213,000000,0.00320632,0.00328389,0.00306991,0.00311168,541502201.2776473,0
REEF.V,D,20230214,000000,0.00310771,0.00325446,0.00310045,0.00323994,436141360.4736661,0
REEF.V,D,20230215,000000,0.0032433,0.00345538,0.00323917,0.00343962,622366600.2566813,0
REEF.V,D,20230216,000000,0.00344459,0.00358429,0.00332603,0.0033301,704641577.4291131,0
REEF.V,D,20230217,000000,0.00332146,0.00391239,0.00328536,0.00356232,4381476709.8653965,0
REEF.V,D,20230218,000000,0.00356236,0.00385481,0.0035217,0.00361058,2874898920.2738347,0
REEF.V,D,20230219,000000,0.00361258,0.00368866,0.00349601,0.00358382,1089245503.570588,0
REEF.V,D,20230220,000000,0.00358582,0.00375334,0.00344603,0.00372215,947948561.0436221,0
REEF.V,D,20230221,000000,0.00371215,0.0037686,0.00356071,0.00364866,922992351.351559,0
REEF.V,D,20230222,000000,0.00364962,0.00372037,0.00342238,0.00354025,642757959.1974992,0
REEF.V,D,20230223,000000,0.00354318,0.00366429,0.00348438,0.00356046,457855673.7881314,0
REEF.V,D,20230224,000000,0.0035565,0.00358139,0.00325126,0.00329893,535274568.4667995,0
REEF.V,D,20230225,000000,0.003287,0.0033473,0.00316957,0.00325123,419752012.71073896,0
REEF.V,D,20230226,000000,0.00324919,0.00335027,0.00323926,0.00331033,296144848.1767209,0
REEF.V,D,20230227,000000,0.00331317,0.0033971,0.00324926,0.00330417,509764149.4791705,0
REEF.V,D,20230228,000000,0.0033042,0.00336597,0.00315563,0.00320367,721967103.643104,0
REEF.V,D,20230301,000000,0.00320064,0.0033333,0.00317544,0.00330946,268080301.02576151,0
REEF.V,D,20230302,000000,0.00331746,0.0033405,0.003198,0.00326116,389296231.7531753,0
REEF.V,D,20230303,000000,0.00326326,0.00326626,0.0028512,0.00295618,788912745.6903951,0
REEF.V,D,20230304,000000,0.00295721,0.00299718,0.00284714,0.0028982,901680472.9700644,0
REEF.V,D,20230305,000000,0.0029032,0.0029833,0.00289032,0.00289132,311943631.0880857,0
REEF.V,D,20230306,000000,0.00288832,0.00293397,0.00280939,0.00291782,195439659.21698382,0
REEF.V,D,20230307,000000,0.00291782,0.00294697,0.00275259,0.00278706,292540419.0106067,0
REEF.V,D,20230308,000000,0.00279,0.00283,0.00261187,0.00263089,207578424.54834723,0
REEF.V,D,20230309,000000,0.00262768,0.00274315,0.00248345,0.00250923,186329920.56248304,0
REEF.V,D,20230310,000000,0.00250623,0.00253213,0.00233481,0.00250727,685528686.3556246,0
REEF.V,D,20230311,000000,0.00250396,0.00259535,0.00236591,0.00245438,709533768.6407197,0
REEF.V,D,20230312,000000,0.00245585,0.0026449,0.00243001,0.00262988,226188776.62057382,0
REEF.V,D,20230313,000000,0.00263386,0.00282761,0.00258212,0.00280972,560005736.1667122,0
REEF.V,D,20230314,000000,0.00281318,0.00298381,0.00271247,0.00286149,650916900.2224233,0
REEF.V,D,20230315,000000,0.00286719,0.00293507,0.00255756,0.0026069,774235339.5074763,0
REEF.V,D,20230316,000000,0.00260286,0.00266983,0.00256385,0.00262125,800132049.1185576,0
REEF.V,D,20230317,000000,0.00262642,0.0027972,0.00259994,0.00278831,670814405.6202315,0
REEF.V,D,20230318,000000,0.00278433,0.00294691,0.00273737,0.00278307,514833417.18385935,0
REEF.V,D,20230319,000000,0.00277329,0.00290268,0.00273819,0.00284955,368800931.8564151,0
REEF.V,D,20230320,000000,0.00284861,0.00287431,0.00268444,0.00271889,381601605.4129363,0
REEF.V,D,20230321,000000,0.00272591,0.0028324,0.00261088,0.00279391,801467586.8187729,0
REEF.V,D,20230322,000000,0.00278887,0.00286941,0.00253585,0.00259255,1023799852.5267173,0
REEF.V,D,20230323,000000,0.00259221,0.00276126,0.00259028,0.00274175,1122607632.7598047,0
REEF.V,D,20230324,000000,0.00274973,0.00277175,0.00259382,0.00265968,304571770.0391453,0
REEF.V,D,20230325,000000,0.002656,0.00267299,0.00252585,0.00256046,237260388.67945993,0
REEF.V,D,20230326,000000,0.00255848,0.00264838,0.00254945,0.00263197,252261162.6445391,0
REEF.V,D,20230327,000000,0.00262388,0.00264765,0.00241962,0.00247416,347088272.63025755,0
REEF.V,D,20230328,000000,0.00247416,0.00251173,0.00240577,0.00246496,467194783.12818474,0
REEF.V,D,20230329,000000,0.00246894,0.00271349,0.00246894,0.00271249,454731945.4241899,0
REEF.V,D,20230330,000000,0.00271152,0.00278028,0.00257549,0.00266475,981643292.9634507,0
REEF.V,D,20230331,000000,0.00266575,0.00275061,0.00262776,0.00272454,693207727.191698,0
REEF.V,D,20230401,000000,0.00272157,0.002784,0.00270689,0.00274599,396339015.35221756,0
REEF.V,D,20230402,000000,0.00276102,0.00281804,0.0026488,0.00267568,477569338.6610402,0
REEF.V,D,20230403,000000,0.00266965,0.00274733,0.00259452,0.00269708,442384401.0421916,0
REEF.V,D,20230404,000000,0.00269408,0.00281142,0.00268975,0.00277241,436221308.9432597,0
REEF.V,D,20230405,000000,0.00278937,0.00282982,0.002711,0.002773,251774666.89254948,0
REEF.V,D,20230406,000000,0.00276886,0.00289548,0.00270779,0.00280098,917296739.5393519,0
REEF.V,D,20230407,000000,0.00279898,0.00289056,0.00274732,0.00275106,513618446.38358736,0
REEF.V,D,20230408,000000,0.00275504,0.00282035,0.00273305,0.00277208,315626807.6155536,0
REEF.V,D,20230409,000000,0.00276808,0.00288382,0.00274178,0.0028317,603222877.2556942,0
REEF.V,D,20230410,000000,0.00283799,0.00286243,0.00278837,0.00285531,350274804.296447,0
REEF.V,D,20230411,000000,0.00286235,0.00294689,0.00286235,0.00288382,375029879.8773334,0
REEF.V,D,20230412,000000,0.00288185,0.00290287,0.00275108,0.00286723,406289807.8589093,0
REEF.V,D,20230413,000000,0.00286623,0.00298213,0.00283952,0.00295183,306599838.30187976,0
REEF.V,D,20230414,000000,0.00295183,0.00309528,0.00292054,0.00300956,558293763.0262157,0
REEF.V,D,20230415,000000,0.00301044,0.00306172,0.00295978,0.00302169,350167628.5530036,0
REEF.V,D,20230416,000000,0.00301168,0.00317619,0.00297155,0.00311812,660973545.8665171,0
REEF.V,D,20230417,000000,0.00312409,0.00314442,0.00295604,0.00302378,435922374.9025347,0
REEF.V,D,20230418,000000,0.00302478,0.00313797,0.00297631,0.00309759,406662629.83029085,0
REEF.V,D,20230419,000000,0.00309646,0.00314048,0.00273742,0.00283356,1681051773.3871405,0
REEF.V,D,20230420,000000,0.00283653,0.00285586,0.00270005,0.00272822,358571693.73833895,0
REEF.V,D,20230421,000000,0.00272819,0.00276333,0.00256572,0.00257272,596627337.455434,0
REEF.V,D,20230422,000000,0.00257072,0.00265827,0.00256541,0.00265724,276430064.30788165,0
REEF.V,D,20230423,000000,0.00265424,0.00267216,0.00254256,0.00259613,292879302.89160573,0
REEF.V,D,20230424,000000,0.00259213,0.00267808,0.00257123,0.00264608,256324108.34846374,0
REEF.V,D,20230425,000000,0.00264408,0.00269962,0.00257713,0.00269765,198858272.55214882,0
REEF.V,D,20230426,000000,0.00270265,0.00281356,0.00252948,0.00264793,273245499.7834527,0
REEF.V,D,20230427,000000,0.00264585,0.0027413,0.00263384,0.00272103,255539668.9837897,0
REEF.V,D,20230428,000000,0.00271887,0.0027219,0.00263511,0.00267408,207087979.87075835,0
REEF.V,D,20230429,000000,0.00267903,0.00282303,0.00266294,0.00274362,1253405109.1333966,0
REEF.V,D,20230430,000000,0.00274359,0.00275551,0.00267658,0.00269456,454783404.32427317,0
REEF.V,D,20230501,000000,0.00269053,0.00270614,0.0025631,0.0025957,329264165.54705995,0
REEF.V,D,20230502,000000,0.0025977,0.00263547,0.00257505,0.00261362,236416915.4525792,0
REEF.V,D,20230503,000000,0.0026166,0.00265072,0.00252171,0.00263971,301856636.1902764,0
REEF.V,D,20230504,000000,0.00265172,0.00268151,0.00257513,0.00258195,289455694.74516714,0
REEF.V,D,20230505,000000,0.00258493,0.00265689,0.00255294,0.00263342,268636398.3114838,0
REEF.V,D,20230506,000000,0.0026344,0.00265262,0.00245632,0.00247229,336158090.2701744,0
REEF.V,D,20230507,000000,0.0024722,0.00247228,0.00241282,0.00243184,264164178.6753555,0
REEF.V,D,20230508,000000,0.00243088,0.00245387,0.00213547,0.00215263,726171092.4295382,0
REEF.V,D,20230509,000000,0.00215764,0.00222422,0.00215253,0.00219441,257647002.9906995,0
REEF.V,D,20230510,000000,0.00218568,0.00227472,0.00213273,0.00224392,333844434.24843687,0
REEF.V,D,20230511,000000,0.00224785,0.00226837,0.00209138,0.00213303,251625157.0781247,0
REEF.V,D,20230512,000000,0.00213603,0.00218021,0.00207027,0.00217494,259981454.23711807,0
REEF.V,D,20230513,000000,0.00217864,0.00219011,0.00212806,0.00214218,129724906.64952119,0
REEF.V,D,20230514,000000,0.00214288,0.00219312,0.00211476,0.0021683,139568033.2518978,0
REEF.V,D,20230515,000000,0.0021703,0.00224279,0.00214829,0.00221373,359176721.6328059,0
REEF.V,D,20230516,000000,0.00221365,0.0022448,0.00216111,0.00222529,336968665.2274229,0
REEF.V,D,20230517,000000,0.00223589,0.00230815,0.0021991,0.00229592,243664741.1997096,0
REEF.V,D,20230518,000000,0.00229315,0.00230815,0.00220366,0.0022619,168238388.299072,0
REEF.V,D,20230519,000000,0.00226568,0.00227691,0.00221811,0.00225665,161668242.50186032,0
REEF.V,D,20230520,000000,0.00226013,0.00229383,0.00223512,0.00226904,288017257.142831,0
REEF.V,D,20230521,000000,0.00227805,0.00228428,0.00219432,0.00219732,388996768.468228,0
REEF.V,D,20230522,000000,0.0022011,0.00223334,0.0021613,0.00222211,677820648.3162245,0
REEF.V,D,20230523,000000,0.00222211,0.00228341,0.00220151,0.00224911,729699833.5807004,0
REEF.V,D,20230524,000000,0.00224911,0.00226316,0.00214596,0.00219187,785498154.3827659,0
REEF.V,D,20230525,000000,0.00219289,0.00219591,0.00212185,0.00217004,889622276.3993678,0
REEF.V,D,20230526,000000,0.00217087,0.00219868,0.00214719,0.00218848,748910088.9064051,0
REEF.V,D,20230527,000000,0.00218866,0.00220275,0.00217559,0.00218981,586537288.5474861,0
REEF.V,D,20230528,000000,0.00218888,0.00222689,0.00218666,0.00221251,672996138.0487335,0
REEF.V,D,20230529,000000,0.00221689,0.00227732,0.0022046,0.00223065,793049644.3646351,0
REEF.V,D,20230530,000000,0.00223065,0.00227457,0.00220468,0.00226388,1167315796.4317677,0
REEF.V,D,20230531,000000,0.00226491,0.00229362,0.00212042,0.00215132,1440322044.8461027,0
REEF.V,D,20230601,000000,0.00215034,0.00223327,0.00212523,0.00219164,1128060880.0627525,0
REEF.V,D,20230602,000000,0.00219261,0.00222856,0.00215826,0.00222458,750003596.8205432,0
REEF.V,D,20230603,000000,0.00222458,0.0022555,0.00218585,0.00219088,833711296.887242,0
REEF.V,D,20230604,000000,0.00218988,0.00224849,0.00217863,0.00222874,1278574703.5875528,0
REEF.V,D,20230605,000000,0.00222971,0.00223274,0.00188772,0.00195257,1113106136.8999703,0
REEF.V,D,20230606,000000,0.00195357,0.00204929,0.00192398,0.00202457,1294238341.9401867,0
REEF.V,D,20230607,000000,0.00202757,0.00204351,0.00183005,0.00183122,1024911899.2534939,0
REEF.V,D,20230608,000000,0.0018302,0.0018633,0.00181298,0.00185633,851742771.0525758,0
REEF.V,D,20230609,000000,0.00185533,0.00186402,0.00179262,0.00182865,921189182.6271816,0
REEF.V,D,20230610,000000,0.00182067,0.00183187,0.00135434,0.00145384,2755814586.3209043,0
REEF.V,D,20230611,000000,0.00146085,0.00150657,0.00143272,0.00149061,1249371813.90648,0
REEF.V,D,20230612,000000,0.00149361,0.00153185,0.00141449,0.00152111,1058340870.6472595,0
REEF.V,D,20230613,000000,0.00152205,0.00156691,0.00151953,0.0015418,883938656.3801597,0
REEF.V,D,20230614,000000,0.0015438,0.00158559,0.00146787,0.00148787,1326196676.65351,0
REEF.V,D,20230615,000000,0.00149688,0.00157675,0.00149208,0.00156768,1025773849.7413644,0
REEF.V,D,20230616,000000,0.0015677,0.00157361,0.00150203,0.00154878,1254728469.2919428,0
REEF.V,D,20230617,000000,0.00155279,0.00159775,0.00152704,0.00157335,921759071.0374854,0
REEF.V,D,20230618,000000,0.00157334,0.00157726,0.00150873,0.00152565,1077916967.3827033,0
REEF.V,D,20230619,000000,0.00152365,0.0015794,0.00150358,0.00154352,1381818111.3226402,0
REEF.V,D,20230620,000000,0.00154252,0.00156822,0.00148547,0.00155923,1327037240.3384135,0
REEF.V,D,20230621,000000,0.00155923,0.0016671,0.00155822,0.00163908,1481642501.2728758,0
REEF.V,D,20230622,000000,0.00163818,0.00170726,0.00160916,0.00164134,1559897366.0261645,0
REEF.V,D,20230623,000000,0.00164234,0.00178904,0.00163442,0.00174901,1452501430.2424407,0
REEF.V,D,20230624,000000,0.00174901,0.00184681,0.00169088,0.00170007,1855080084.1767411,0
REEF.V,D,20230625,000000,0.00169905,0.00182959,0.001697,0.00176757,1317642336.9277198,0
REEF.V,D,20230626,000000,0.00177057,0.00180511,0.00170617,0.00172538,1852820006.9995267,0
REEF.V,D,20230627,000000,0.00172736,0.00177609,0.00169522,0.00176632,1029587686.7988065,0
REEF.V,D,20230628,000000,0.00176734,0.00177625,0.00159324,0.00162998,1211417158.2543943,0
REEF.V,D,20230629,000000,0.00162898,0.00167683,0.00162382,0.00164084,1316178359.3344626,0
REEF.V,D,20230630,000000,0.00164679,0.00177059,0.00163771,0.00172841,1237629424.5346205,0
REEF.V,D,20230701,000000,0.0017274,0.00181271,0.0017274,0.001772,1318114615.4448135,0
REEF.V,D,20230702,000000,0.00177298,0.00180593,0.00175398,0.00179718,1325098407.8144145,0
REEF.V,D,20230703,000000,0.00179716,0.00194833,0.00178702,0.00188711,1883017987.7920456,0
REEF.V,D,20230704,000000,0.00188815,0.00192437,0.00181831,0.00183639,1583457353.2687306,0
REEF.V,D,20230705,000000,0.00184037,0.00187821,0.00176695,0.00178629,1238187765.2322128,0
REEF.V,D,20230706,000000,0.00178629,0.00184291,0.00170285,0.00171785,1122271776.025869,0
REEF.V,D,20230707,000000,0.00171285,0.00173016,0.00167907,0.00171405,702000739.4820613,0
REEF.V,D,20230708,000000,0.00171415,0.00173916,0.00169208,0.00169927,722663857.502301,0
REEF.V,D,20230709,000000,0.00169427,0.00173429,0.00168532,0.0016903,484281657.44534236,0
REEF.V,D,20230710,000000,0.0016903,0.00172403,0.00163741,0.00172012,687598739.393636,0
REEF.V,D,20230711,000000,0.00172219,0.00172419,0.00164792,0.00165803,523566627.2126367,0
REEF.V,D,20230712,000000,0.00166408,0.001699,0.00163477,0.00164795,559908444.445573,0
REEF.V,D,20230713,000000,0.00164795,0.00184245,0.00161884,0.00180472,1299415900.353839,0
REEF.V,D,20230714,000000,0.0018037,0.00186386,0.00170171,0.00172783,705929072.0455602,0
REEF.V,D,20230715,000000,0.0017299,0.00177957,0.00172065,0.00175353,603829442.0590792,0
REEF.V,D,20230716,000000,0.0017375,0.00174952,0.00168556,0.0016978,546827204.5801104,0
REEF.V,D,20230717,000000,0.0016978,0.00172845,0.0016535,0.0016933,645601752.5042093,0
REEF.V,D,20230718,000000,0.00169429,0.00173233,0.00162903,0.00164536,663335206.164555,0
REEF.V,D,20230719,000000,0.00164438,0.00168339,0.00164049,0.00164898,653427099.2163873,0
REEF.V,D,20230720,000000,0.00164398,0.0016911,0.00163511,0.00165485,811645472.3289596,0
REEF.V,D,20230721,000000,0.00165298,0.00168293,0.00163584,0.00165503,616649016.4077232,0
REEF.V,D,20230722,000000,0.00165503,0.001671,0.0016221,0.00163616,865923896.7221068,0
REEF.V,D,20230723,000000,0.00163716,0.00190398,0.00159916,0.00181795,6055901786.608984,0
REEF.V,D,20230724,000000,0.00179896,0.00189491,0.00153274,0.00158483,4643173049.720152,0
REEF.V,D,20230725,000000,0.00158483,0.00162071,0.00154775,0.00160589,1376411927.1311123,0
REEF.V,D,20230726,000000,0.00159887,0.00161192,0.00154981,0.00160806,979409403.8600105,0
REEF.V,D,20230727,000000,0.00160706,0.00162985,0.00156986,0.00158057,1075259567.7163723,0
REEF.V,D,20230728,000000,0.00158056,0.00161994,0.00157365,0.00159895,902028804.2842435,0
REEF.V,D,20230729,000000,0.00159895,0.00161,0.00157489,0.001586,683185103.0009198,0
REEF.V,D,20230730,000000,0.00158698,0.001589,0.001507,0.00152886,999072088.5739864,0
REEF.V,D,20230731,000000,0.00152788,0.00155783,0.00150077,0.00153674,791911330.2323507,0
REEF.V,D,20230801,000000,0.00153675,0.00154464,0.00144998,0.00148926,1097854856.75291,0
REEF.V,D,20230802,000000,0.00149024,0.00152348,0.00145713,0.00146015,873531486.1417204,0
REEF.V,D,20230803,000000,0.00146015,0.00151683,0.00145049,0.00148076,931958485.7748847,0
REEF.V,D,20230804,000000,0.0014808,0.00150302,0.00144106,0.00144406,919782888.1765339,0
REEF.V,D,20230805,000000,0.00144406,0.00147377,0.00143407,0.00146838,839263428.6836295,0
REEF.V,D,20230806,000000,0.00147029,0.00157624,0.00145771,0.0015248,1584858420.4985423,0
REEF.V,D,20230807,000000,0.0015287,0.00155719,0.00148905,0.0015362,1121924252.8267798,0
REEF.V,D,20230808,000000,0.0015362,0.00159266,0.00152921,0.00157176,1140997387.3913667,0
REEF.V,D,20230809,000000,0.00157176,0.00157668,0.00152272,0.00152865,1021923559.0972152,0
REEF.V,D,20230810,000000,0.00153864,0.0015814,0.00152278,0.00154436,701674262.035966,0
REEF.V,D,20230811,000000,0.00154436,0.00159465,0.00153016,0.0015413,1589197314.1647835,0
REEF.V,D,20230812,000000,0.00153731,0.00156517,0.00152813,0.00154114,860111499.1467506,0
REEF.V,D,20230813,000000,0.00153413,0.0016846,0.00153008,0.00162472,2851724782.1600313,0
REEF.V,D,20230814,000000,0.00162372,0.00165226,0.00158394,0.00159818,1702352863.1225047,0
REEF.V,D,20230815,000000,0.00159718,0.00160945,0.00144843,0.00146337,2243799034.7983866,0
REEF.V,D,20230816,000000,0.00146339,0.00150248,0.00141423,0.0014414,2093220162.2596726,0
REEF.V,D,20230817,000000,0.00143939,0.00148319,0.00135435,0.00138321,1516136266.2337847,0
REEF.V,D,20230818,000000,0.00138221,0.00139329,0.00126191,0.00134233,1576145324.9418705,0
REEF.V,D,20230819,000000,0.00134045,0.00135873,0.00133335,0.00135365,1193649538.6839366,0
REEF.V,D,20230820,000000,0.00134765,0.00138872,0.00129472,0.00135392,1392909766.7941816,0
REEF.V,D,20230821,000000,0.00135292,0.00136675,0.00134232,0.0013498,1462685748.2562368,0
REEF.V,D,20230822,000000,0.0013518,0.0013518,0.0012475,0.00127155,1303287444.093789,0
REEF.V,D,20230823,000000,0.00126757,0.00133063,0.00126642,0.00131574,1487078389.6499174,0
REEF.V,D,20230824,000000,0.00131675,0.00133045,0.00128416,0.00128734,1599373917.1111283,0
REEF.V,D,20230825,000000,0.00128434,0.00140143,0.00128054,0.00131927,6946774977.660292,0
REEF.V,D,20230826,000000,0.00132026,0.00133829,0.00127623,0.00133028,1083070988.5444372,0
REEF.V,D,20230827,000000,0.00133027,0.00134036,0.00127948,0.00130537,980343108.2079611,0
REEF.V,D,20230828,000000,0.00130537,0.00135227,0.00128999,0.00134731,1654409777.9539933,0
REEF.V,D,20230829,000000,0.00134731,0.00139785,0.00131809,0.00139225,2330281864.8830357,0
REEF.V,D,20230830,000000,0.00139525,0.00142291,0.00138324,0.001395,1301350938.127953,0
REEF.V,D,20230831,000000,0.00139599,0.00142093,0.00135176,0.00136478,1167677750.876045,0
REEF.V,D,20230901,000000,0.00136484,0.00137464,0.00131728,0.00133132,1146102167.5041275,0
REEF.V,D,20230902,000000,0.00133032,0.00133773,0.00129781,0.00130087,1279365052.0852406,0
REEF.V,D,20230903,000000,0.00130086,0.00132383,0.00128085,0.00130377,994758918.650122,0
REEF.V,D,20230904,000000,0.00130377,0.00138461,0.00129565,0.00137162,1499623689.7692542,0
REEF.V,D,20230905,000000,0.00137262,0.00154576,0.00135929,0.00144725,5857004450.194978,0
REEF.V,D,20230906,000000,0.00145029,0.00158018,0.00143538,0.00148309,4457715475.7779045,0
REEF.V,D,20230907,000000,0.00148511,0.00152525,0.00143914,0.00150025,1720591976.5742953,0
REEF.V,D,20230908,000000,0.00150131,0.00154922,0.00147429,0.00150779,1371920376.4182203,0
REEF.V,D,20230909,000000,0.00150577,0.00161935,0.00149254,0.00149955,2237444794.2232,0
REEF.V,D,20230910,000000,0.00149955,0.00150456,0.00136373,0.00139948,1452440641.1378596,0
REEF.V,D,20230911,000000,0.00139948,0.00141149,0.00130162,0.00131958,887492591.5405561,0
REEF.V,D,20230912,000000,0.00131958,0.00139737,0.00131549,0.00133888,1398745195.6233819,0
REEF.V,D,20230913,000000,0.00133888,0.00136084,0.00131386,0.00133227,1198360401.3281991,0
REEF.V,D,20230914,000000,0.00133527,0.00134213,0.00129091,0.00133139,1395180750.7900255,0
REEF.V,D,20230915,000000,0.00133137,0.00135512,0.00129692,0.00132496,1085544752.2974114,0
REEF.V,D,20230916,000000,0.00132496,0.00137507,0.00131903,0.00134212,1226990024.5234616,0
REEF.V,D,20230917,000000,0.00134112,0.00136519,0.0012663,0.00127931,1988069200.8719437,0
REEF.V,D,20230918,000000,0.00127931,0.00132512,0.00126215,0.00128921,1664495103.4999998,0
REEF.V,D,20230919,000000,0.00128719,0.0013593,0.00128719,0.00133819,1577177626.8771727,0
REEF.V,D,20230920,000000,0.00133819,0.00137503,0.00133017,0.00135408,1877754500.4023716,0
REEF.V,D,20230921,000000,0.00135608,0.0013771,0.00130197,0.00131088,1799488077.8983274,0
REEF.V,D,20230922,000000,0.00130995,0.00133883,0.00129788,0.00133091,1706779937.4984496,0
REEF.V,D,20230923,000000,0.00133091,0.00134796,0.001304,0.00133709,1832863647.6251636,0
REEF.V,D,20230924,000000,0.00132809,0.00134112,0.00130401,0.00132107,1570789315.9355557,0
REEF.V,D,20230925,000000,0.00132105,0.00132971,0.00129783,0.00132193,1840367363.2298973,0
REEF.V,D,20230926,000000,0.00132292,0.00132861,0.00127234,0.00128045,1317659433.9608905,0
REEF.V,D,20230927,000000,0.00128045,0.00131994,0.00127198,0.00128105,1021923313.8296264,0
REEF.V,D,20230928,000000,0.00128004,0.00135182,0.00127805,0.00132697,1399516403.0508268,0
REEF.V,D,20230929,000000,0.00132596,0.00134885,0.00130574,0.00134685,1154068368.3977063,0
REEF.V,D,20230930,000000,0.00134685,0.00141113,0.00132489,0.00137828,1995704450.1248672,0
REEF.V,D,20231001,000000,0.00137728,0.00146401,0.00137723,0.00141516,1526317117.6175058,0
REEF.V,D,20231002,000000,0.00141617,0.00145644,0.0013774,0.0013774,1411128225.349309,0
REEF.V,D,20231003,000000,0.0013774,0.00139336,0.00134693,0.00136093,1508813446.049278,0
REEF.V,D,20231004,000000,0.00135799,0.00136307,0.00128515,0.00134305,1349252222.7303905,0
REEF.V,D,20231005,000000,0.00134307,0.00135814,0.00131438,0.00132136,843911897.6503601,0
REEF.V,D,20231006,000000,0.00132336,0.00136041,0.00131614,0.00134854,824962299.703759,0
REEF.V,D,20231007,000000,0.00134955,0.00135773,0.00132273,0.00132676,796794141.5606391,0
REEF.V,D,20231008,000000,0.00132576,0.0013449,0.00131782,0.00132776,697923359.5587914,0
REEF.V,D,20231009,000000,0.00132774,0.00133939,0.00122822,0.00126925,830416501.1076747,0
REEF.V,D,20231010,000000,0.00126927,0.00128008,0.0012301,0.00123614,876895135.5020711,0
REEF.V,D,20231011,000000,0.00123112,0.0012431,0.00120489,0.00121566,643507933.3378667,0
REEF.V,D,20231012,000000,0.00121665,0.00125349,0.00121663,0.00123354,806086626.9333838,0
REEF.V,D,20231013,000000,0.00123154,0.00126871,0.00123052,0.00126871,676542628.9905,0
REEF.V,D,20231014,000000,0.00127572,0.00128076,0.00124985,0.00125492,675063500.9760358,0
REEF.V,D,20231015,000000,0.00125492,0.00132203,0.0012469,0.00131605,931177446.8706002,0
REEF.V,D,20231016,000000,0.00131605,0.0013423,0.00128522,0.00129855,977550768.5493897,0
REEF.V,D,20231017,000000,0.00129953,0.00130855,0.00121749,0.00122344,1195945070.8497705,0
REEF.V,D,20231018,000000,0.00122345,0.00124954,0.00122342,0.00123426,1178613851.2163632,0
REEF.V,D,20231019,000000,0.00123426,0.00123831,0.00121746,0.00122349,909368948.8573455,0
REEF.V,D,20231020,000000,0.00122349,0.00126605,0.00122348,0.00124152,1231624331.5994823,0
REEF.V,D,20231021,000000,0.00124051,0.00128943,0.00123648,0.00128464,656986836.7594949,0
REEF.V,D,20231022,000000,0.00128463,0.00137441,0.00127551,0.00136745,714975718.1929448,0
REEF.V,D,20231023,000000,0.00136748,0.0013864,0.00130625,0.00132769,883318692.9498899,0
REEF.V,D,20231024,000000,0.00132769,0.00150129,0.00132769,0.00141183,1215200612.4906967,0
REEF.V,D,20231025,000000,0.00141082,0.00158203,0.00139804,0.00146137,812982533.5971781,0
REEF.V,D,20231026,000000,0.00146235,0.00148337,0.0013959,0.00143,595924272.6450016,0
REEF.V,D,20231027,000000,0.001429,0.00146521,0.001391,0.00140632,756638946.5367235,0
REEF.V,D,20231028,000000,0.00140734,0.00162831,0.00140329,0.00153124,2234916469.735109,0
REEF.V,D,20231029,000000,0.00153026,0.00156649,0.00148828,0.00155955,987793973.7520258,0
REEF.V,D,20231030,000000,0.00156455,0.00158254,0.00150074,0.0015505,994986919.3461767,0
REEF.V,D,20231031,000000,0.00154562,0.00156563,0.00143958,0.00147162,744412816.1424372,0
REEF.V,D,20231101,000000,0.00148158,0.00154651,0.00143334,0.00153849,929641376.7577401,0
REEF.V,D,20231102,000000,0.00153949,0.00158684,0.00148624,0.0015142,775748125.7089845,0
REEF.V,D,20231103,000000,0.0015112,0.00167265,0.00145232,0.00161063,1622934244.9475338,0
REEF.V,D,20231104,000000,0.00160763,0.00168766,0.00160367,0.00162494,1398893279.7859857,0
REEF.V,D,20231105,000000,0.00162493,0.00166406,0.00155731,0.00157826,1286553728.3515425,0
REEF.V,D,20231106,000000,0.00157122,0.00166948,0.00157108,0.00165945,861678959.1646721,0
REEF.V,D,20231107,000000,0.00166147,0.00168649,0.0015562,0.00164874,1066821384.7009294,0
REEF.V,D,20231108,000000,0.00164876,0.00175453,0.00162675,0.00174138,1121437275.3947728,0
REEF.V,D,20231109,000000,0.0017374,0.00177669,0.00156023,0.00161624,1113312459.6214442,0
REEF.V,D,20231110,000000,0.00163131,0.00174389,0.00161331,0.0017329,1123608832.3156116,0
REEF.V,D,20231111,000000,0.00173388,0.00178746,0.00166301,0.00173243,1057921298.9740071,0
REEF.V,D,20231112,000000,0.00173242,0.00181276,0.00165348,0.00180872,1123893751.3378413,0
REEF.V,D,20231113,000000,0.00181272,0.00184109,0.0016704,0.00167447,903781626.5177866,0
REEF.V,D,20231114,000000,0.00167449,0.00167747,0.00153417,0.00160121,866326637.2087437,0
REEF.V,D,20231115,000000,0.00160126,0.00171582,0.00159418,0.00170889,754665494.2186382,0
REEF.V,D,20231116,000000,0.00170785,0.00175876,0.00159913,0.00163111,887563364.2937182,0
REEF.V,D,20231117,000000,0.00161716,0.00167825,0.00153711,0.00160253,710647896.0885575,0
REEF.V,D,20231118,000000,0.00160254,0.00162565,0.00150566,0.0015978,4662494879.561887,0
REEF.V,D,20231119,000000,0.00159878,0.00165076,0.00155185,0.00162572,4200090469.4061136,0
REEF.V,D,20231120,000000,0.00162772,0.0016969,0.00160441,0.00164013,4011513031.8417253,0
REEF.V,D,20231121,000000,0.00163813,0.00166905,0.00145249,0.00146557,5173836018.715212,0
REEF.V,D,20231122,000000,0.00146656,0.00157654,0.00145455,0.00155347,4276792018.941009,0
REEF.V,D,20231123,000000,0.00155348,0.00158124,0.00151432,0.00158124,3877237646.794538,0
REEF.V,D,20231124,000000,0.00158122,0.00164458,0.00156219,0.00161628,2935440282.654525,0
REEF.V,D,20231125,000000,0.00161629,0.00165399,0.00160018,0.00163596,3724507627.7007303,0
REEF.V,D,20231126,000000,0.00163697,0.00175567,0.00162365,0.00175567,2920499991.8478217,0
REEF.V,D,20231127,000000,0.00175667,0.00176651,0.00162697,0.00165803,4104624006.7475147,0
REEF.V,D,20231128,000000,0.00165603,0.00178804,0.001591,0.00175001,3976575093.0164123,0
REEF.V,D,20231129,000000,0.00175102,0.001881,0.00170655,0.00172821,4880585966.484611,0
REEF.V,D,20231130,000000,0.00172922,0.00179725,0.00169025,0.0017802,3663956338.004783,0
REEF.V,D,20231201,000000,0.00178032,0.00182837,0.00176328,0.00178371,2480802026.993643,0
REEF.V,D,20231202,000000,0.0017837,0.00184576,0.00178071,0.00182584,2449173974.271717,0
REEF.V,D,20231203,000000,0.00182584,0.0018409,0.00176367,0.00182266,2333708654.7164426,0
REEF.V,D,20231204,000000,0.00182364,0.00187966,0.00175677,0.00184609,2772263388.424152,0
REEF.V,D,20231205,000000,0.00184807,0.00192715,0.00181116,0.00189223,2309569833.26343,0
REEF.V,D,20231206,000000,0.00189223,0.00206317,0.00185826,0.00201722,4328661587.266238,0
REEF.V,D,20231207,000000,0.00201822,0.00225398,0.00198924,0.00202471,4869739481.059625,0
REEF.V,D,20231208,000000,0.00202471,0.00216167,0.0020174,0.0021217,2849879289.702349,0
REEF.V,D,20231209,000000,0.0021217,0.0022898,0.0021117,0.00220657,4023554498.6556554,0
REEF.V,D,20231210,000000,0.00220557,0.0022422,0.00210002,0.00216206,2673649508.490483,0
REEF.V,D,20231211,000000,0.00216213,0.00217511,0.00192813,0.00204704,2780038122.360332,0
REEF.V,D,20231212,000000,0.00204404,0.00209331,0.00194154,0.00198211,2705082303.8785734,0
REEF.V,D,20231213,000000,0.00198411,0.00205496,0.00188523,0.00204147,3018038319.8113728,0
REEF.V,D,20231214,000000,0.00204147,0.00213049,0.00194296,0.00210334,3079474952.7197647,0
REEF.V,D,20231215,000000,0.00210634,0.00214038,0.00205125,0.00206119,3044343462.847428,0
REEF.V,D,20231216,000000,0.00205821,0.00220719,0.0020129,0.00211131,2495668555.6928024,0
REEF.V,D,20231217,000000,0.00211429,0.00211429,0.00197912,0.00200593,1940230567.5024178,0
REEF.V,D,20231218,000000,0.00200493,0.00200493,0.001867,0.00195741,1515267859.170801,0
REEF.V,D,20231219,000000,0.00195541,0.0020421,0.00192805,0.00193501,1658904049.4495714,0
REEF.V,D,20231220,000000,0.00193701,0.00208535,0.00191844,0.00204806,1791349954.6784635,0
REEF.V,D,20231221,000000,0.00204708,0.0021044,0.00201204,0.00209738,2185974823.8065395,0
REEF.V,D,20231222,000000,0.0020964,0.00214154,0.00207231,0.00213168,2461472594.6906657,0
REEF.V,D,20231223,000000,0.0021297,0.00228614,0.00205283,0.00228612,2795223949.816219,0
REEF.V,D,20231224,000000,0.00228612,0.00254335,0.00227912,0.0024276,6429014178.244391,0
REEF.V,D,20231225,000000,0.0024286,0.00248282,0.00234137,0.00240553,3114790261.780249,0
REEF.V,D,20231226,000000,0.0024025,0.00250282,0.00231649,0.00245275,2441579466.178815,0
REEF.V,D,20231227,000000,0.00245675,0.0025011,0.00231795,0.0024225,2929296429.039412,0
REEF.V,D,20231228,000000,0.0024185,0.0025002,0.00223865,0.00226998,2457880797.7281823,0
REEF.V,D,20231229,000000,0.00226898,0.00235537,0.00220015,0.00223545,2695634158.0109315,0
REEF.V,D,20231230,000000,0.00223445,0.00228005,0.00215974,0.00218893,2353474529.9346004,0
REEF.V,D,20231231,000000,0.00218693,0.00224812,0.00209658,0.00213847,2244336516.7450128,0
REEF.V,D,20240101,000000,0.00213747,0.00227632,0.00211081,0.00227143,2716247126.6443257,0
REEF.V,D,20240102,000000,0.00227143,0.00233684,0.00216082,0.0021758,3620531345.5475106,0
REEF.V,D,20240103,000000,0.0021748,0.0022896,0.00188651,0.00192471,3796489230.4144154,0
REEF.V,D,20240104,000000,0.00192575,0.00198046,0.00175858,0.00177112,3810166015.1754413,0
REEF.V,D,20240105,000000,0.00177207,0.0018018,0.00156996,0.00161426,993010700.3089983,0
REEF.V,D,20240106,000000,0.00161427,0.00164235,0.00151542,0.00160595,554359789.3612269,0
REEF.V,D,20240107,000000,0.00160895,0.00165286,0.00147402,0.00148795,1606817808.7734604,0
REEF.V,D,20240108,000000,0.00148489,0.00162632,0.00136774,0.00159242,4363618263.415314,0
REEF.V,D,20240109,000000,0.00159041,0.00159442,0.00145441,0.00149546,3000394360.6233654,0
REEF.V,D,20240110,000000,0.00148846,0.0016442,0.00147555,0.0016154,4732531117.388381,0
REEF.V,D,20240111,000000,0.00161842,0.00171616,0.00159071,0.00163107,3445280458.6407957,0
REEF.V,D,20240112,000000,0.00163108,0.00169315,0.00149827,0.00154798,2247097417.6798654,0
REEF.V,D,20240113,000000,0.00154804,0.00161848,0.00149466,0.00161461,1784048024.8476143,0
REEF.V,D,20240114,000000,0.00160961,0.00161261,0.00151527,0.00153726,1385825950.5036,0
REEF.V,D,20240115,000000,0.00153926,0.00158357,0.00150504,0.00156056,2266257293.097976,0
REEF.V,D,20240116,000000,0.00155757,0.00160989,0.00154109,0.00159075,1547046924.6096509,0
REEF.V,D,20240117,000000,0.00159175,0.00160291,0.00154715,0.00156843,1735580961.824733,0
REEF.V,D,20240118,000000,0.00156943,0.00159255,0.00143132,0.00146352,2196195401.6531415,0
REEF.V,D,20240119,000000,0.00146252,0.0015071,0.00139761,0.00148653,2003697717.870056,0
REEF.V,D,20240120,000000,0.00148854,0.00153878,0.00145497,0.00152475,2263135193.9017706,0
REEF.V,D,20240121,000000,0.00152475,0.00164013,0.00149886,0.00156703,3299869755.6934857,0
REEF.V,D,20240122,000000,0.0015669,0.00157101,0.00139054,0.00143446,2274316879.5668263,0
REEF.V,D,20240123,000000,0.00143546,0.00144357,0.00134043,0.00138478,3037983477.2374725,0
REEF.V,D,20240124,000000,0.00137877,0.00148417,0.00137203,0.00144725,3605556722.309888,0
REEF.V,D,20240125,000000,0.00144425,0.001465,0.00137605,0.00141723,2457421500.463682,0
REEF.V,D,20240126,000000,0.00141823,0.00158042,0.00140027,0.00146369,2441118252.232872,0
REEF.V,D,20240127,000000,0.00146369,0.00152882,0.00144662,0.00148799,2729238364.2702084,0
REEF.V,D,20240128,000000,0.001503,0.00151991,0.00142877,0.00143677,1834246474.764917,0
REEF.V,D,20240129,000000,0.00143977,0.00149,0.00141964,0.001486,2313269528.1908402,0
REEF.V,D,20240130,000000,0.00148701,0.00150174,0.00145888,0.00149497,2598189164.5306616,0
REEF.V,D,20240131,000000,0.00149499,0.00149499,0.0013842,0.0014232,2578158166.3264256,0
REEF.V,D,20240201,000000,0.0014252,0.00145264,0.00138187,0.00143059,3091540790.724461,0
REEF.V,D,20240202,000000,0.00143558,0.00145746,0.00139719,0.00143624,2530039717.221574,0
REEF.V,D,20240203,000000,0.00143824,0.0014524,0.00141052,0.00141252,1666171171.3195524,0
REEF.V,D,20240204,000000,0.00140989,0.00143828,0.00138049,0.00139841,1302240247.2305996,0
REEF.V,D,20240205,000000,0.00139941,0.00144852,0.00136129,0.00140116,1698179716.5036821,0
REEF.V,D,20240206,000000,0.00140216,0.00145718,0.0013836,0.00142154,1687735257.0717468,0
REEF.V,D,20240207,000000,0.00142156,0.00150013,0.00138789,0.00145171,2014173418.6605206,0
REEF.V,D,20240208,000000,0.00145171,0.00151821,0.00144354,0.0015013,1793924029.8058226,0
REEF.V,D,20240209,000000,0.0015033,0.00169786,0.00146328,0.00151289,2586563694.8076906,0
REEF.V,D,20240210,000000,0.00151289,0.00156308,0.00149603,0.00152444,1465583558.5843632,0
REEF.V,D,20240211,000000,0.00152243,0.00164062,0.00150945,0.00152144,1698010109.8254104,0
REEF.V,D,20240212,000000,0.00152244,0.00162985,0.001494,0.0015937,2146911241.5591552,0
REEF.V,D,20240213,000000,0.00158568,0.0016227,0.00152811,0.00155561,1990069192.7797902,0
REEF.V,D,20240214,000000,0.00155462,0.00171106,0.00154782,0.00164753,2326039116.143719,0
REEF.V,D,20240215,000000,0.00164555,0.00174984,0.00164244,0.0017205,2748744239.101242,0
REEF.V,D,20240216,000000,0.0017215,0.00177705,0.00170788,0.00177236,2508674699.2998605,0
REEF.V,D,20240217,000000,0.00177235,0.00187977,0.00166575,0.00167937,2406988888.0016136,0
REEF.V,D,20240218,000000,0.00176432,0.00181049,0.00175333,0.0018062,496524115.40944,0
REEF.V,D,20240219,000000,0.00183422,0.00196624,0.00175826,0.00181243,1894086433.756113,0
REEF.V,D,20240220,000000,0.00181344,0.00181944,0.00163911,0.00172735,2529005945.5921474,0
REEF.V,D,20240221,000000,0.00172635,0.00176814,0.00160787,0.001682,2529487483.2717648,0
REEF.V,D,20240222,000000,0.001682,0.00184124,0.00165393,0.00180442,2621524189.541178,0
REEF.V,D,20240223,000000,0.00180442,0.00186231,0.00169098,0.00172376,2286962610.9808726,0
REEF.V,D,20240224,000000,0.00172474,0.00182238,0.00168488,0.001791,938590743.4828297,0
REEF.V,D,20240225,000000,0.00178698,0.00195292,0.00178298,0.00194792,1123749818.7043564,0
REEF.V,D,20240226,000000,0.0019479,0.00202776,0.00183167,0.00192125,1578351699.4022539,0
REEF.V,D,20240227,000000,0.00192123,0.00225208,0.00189916,0.00211385,3390591033.326227,0
REEF.V,D,20240228,000000,0.00211585,0.00212585,0.00191909,0.00205444,3050087659.188248,0
REEF.V,D,20240229,000000,0.00205444,0.00227398,0.00204382,0.00210924,1568076849.4680362,0
REEF.V,D,20240301,000000,0.00211902,0.00231896,0.00211306,0.0023148,1377347585.766411,0
REEF.V,D,20240302,000000,0.00231371,0.00275154,0.00229684,0.0025534,2067303463.3178716,0
REEF.V,D,20240303,000000,0.00254649,0.00284428,0.00244542,0.00278425,1753841584.7074907,0
REEF.V,D,20240304,000000,0.00278225,0.00295433,0.0026815,0.00278806,1993253772.4887671,0
REEF.V,D,20240305,000000,0.00279207,0.0029974,0.00230537,0.00243268,1843401667.9170399,0
REEF.V,D,20240306,000000,0.00243368,0.00272742,0.00240383,0.00269948,923675794.88723,0
REEF.V,D,20240307,000000,0.00269835,0.00288727,0.00268694,0.00285307,1277326531.0793324,0
REEF.V,D,20240308,000000,0.00286429,0.00295139,0.00275123,0.00291107,1736566633.7986803,0
REEF.V,D,20240309,000000,0.00291107,0.00331929,0.0028943,0.00307799,2382399147.489665,0
REEF.V,D,20240310,000000,0.00307395,0.00323338,0.00297372,0.00298368,1307467940.943983,0
REEF.V,D,20240311,000000,0.00298945,0.00347974,0.00283848,0.00341468,1847751699.8711734,0
REEF.V,D,20240312,000000,0.00341168,0.00533455,0.00339568,0.00438331,19400660298.628826,0
REEF.V,D,20240313,000000,0.00437631,0.00445427,0.00404797,0.00411101,2252553736.723601,0
REEF.V,D,20240314,000000,0.00412965,0.00421168,0.00373426,0.00390563,960074491.0217621,0
REEF.V,D,20240315,000000,0.00390959,0.00395877,0.00345458,0.00378134,1619296370.8233533,0
REEF.V,D,20240316,000000,0.00377838,0.00381008,0.003179,0.00323509,1277704880.1920092,0
REEF.V,D,20240317,000000,0.00323509,0.00343714,0.00309408,0.00339017,1250524192.8048193,0
REEF.V,D,20240318,000000,0.00338817,0.00346592,0.00293926,0.00298482,1139846829.346339,0
REEF.V,D,20240319,000000,0.00298182,0.00306057,0.00259299,0.00274658,1415658452.125055,0
REEF.V,D,20240320,000000,0.00275457,0.00310071,0.00265768,0.00308297,1073452213.1837772,0
REEF.V,D,20240321,000000,0.003077,0.00316687,0.00295676,0.00297931,811400707.7431136,0
REEF.V,D,20240322,000000,0.00298131,0.00315681,0.00284651,0.00287963,1848895306.0123374,0
REEF.V,D,20240323,000000,0.00288161,0.00310125,0.00287863,0.003031,1662680487.9266229,0
REEF.V,D,20240324,000000,0.003031,0.00322397,0.00293765,0.00320681,1572176678.409341,0
REEF.V,D,20240325,000000,0.00320481,0.00338785,0.00310881,0.0033395,1601639060.9249575,0
REEF.V,D,20240326,000000,0.0033375,0.0034797,0.00321958,0.00335103,3035236853.6725917,0
REEF.V,D,20240327,000000,0.00335103,0.00341552,0.00311516,0.00317086,3083009957.8916855,0
REEF.V,D,20240328,000000,0.00317283,0.00326888,0.00307422,0.00324468,2851820825.3716664,0
REEF.V,D,20240329,000000,0.00324068,0.00328313,0.00312966,0.00318853,2543590359.1741934,0
REEF.V,D,20240330,000000,0.0032219,0.00323052,0.00310421,0.00311722,2578888169.6776094,0
REEF.V,D,20240331,000000,0.00312022,0.00330993,0.00309224,0.00324139,2585060702.3727145,0
REEF.V,D,20240401,000000,0.00323239,0.00327559,0.00289686,0.00299514,3110857145.5824456,0
REEF.V,D,20240402,000000,0.00299614,0.00301706,0.00269903,0.00279712,3384053040.5803533,0
REEF.V,D,20240403,000000,0.00279712,0.00291728,0.00266259,0.00281982,3180739915.654963,0
REEF.V,D,20240404,000000,0.00281982,0.00296048,0.00273446,0.00286869,2983896935.474295,0
REEF.V,D,20240405,000000,0.00286769,0.00290228,0.00269967,0.00281796,3410318860.987192,0
REEF.V,D,20240406,000000,0.00280887,0.00305376,0.00278825,0.00300175,3204475073.261595,0
REEF.V,D,20240407,000000,0.00300275,0.00339105,0.00298575,0.00307725,5863403201.29119,0
REEF.V,D,20240408,000000,0.00308328,0.00365296,0.00303224,0.00349279,5270479474.698358,0
REEF.V,D,20240409,000000,0.00349679,0.00368615,0.00318841,0.00322452,4286081521.3164845,0
REEF.V,D,20240410,000000,0.00322352,0.00327705,0.00302549,0.00312991,1618774401.2654653,0
REEF.V,D,20240411,000000,0.00312991,0.00324406,0.00305536,0.00307021,1531531974.5942833,0
REEF.V,D,20240412,000000,0.00307025,0.00316841,0.00232723,0.00244571,1831458615.2724047,0
REEF.V,D,20240413,000000,0.00244771,0.00251725,0.00175119,0.00189954,3233605082.096165,0
REEF.V,D,20240414,000000,0.00189453,0.00218709,0.00184449,0.00202961,3526205958.5364704,0
REEF.V,D,20240415,000000,0.00203061,0.00227122,0.00192796,0.00200334,1937463925.468545,0
REEF.V,D,20240416,000000,0.00200032,0.00205086,0.00190584,0.0019904,1873197220.2351623,0
REEF.V,D,20240417,000000,0.00205241,0.00205241,0.001871,0.00197278,1924984075.3980074,0
REEF.V,D,20240418,000000,0.00197178,0.00205182,0.00189836,0.00204061,1568732785.1476889,0
REEF.V,D,20240419,000000,0.00203561,0.00212598,0.00187098,0.00210065,1847794080.150744,0
REEF.V,D,20240420,000000,0.00210369,0.00231781,0.00204182,0.00227568,1759094144.8513916,0
REEF.V,D,20240421,000000,0.00227068,0.0022898,0.00218646,0.00225138,1523751903.2163904,0
REEF.V,D,20240422,000000,0.00225038,0.00255718,0.00223338,0.00235568,2255826979.8727746,0
REEF.V,D,20240423,000000,0.00235868,0.00247525,0.00231497,0.00239993,1776991178.6457984,0
REEF.V,D,20240424,000000,0.00239895,0.00244912,0.00220599,0.00223594,1913061330.5097604,0
REEF.V,D,20240425,000000,0.00223894,0.00231266,0.00213251,0.00227368,1849541134.2434387,0
REEF.V,D,20240426,000000,0.00227468,0.00227668,0.00214057,0.00221088,2233736684.1955476,0
REEF.V,D,20240427,000000,0.00220678,0.00222689,0.00208517,0.00219902,1828629205.1933165,0
REEF.V,D,20240428,000000,0.00218203,0.00222411,0.00214414,0.0021637,1703135667.1102746,0
REEF.V,D,20240429,000000,0.0021637,0.002169,0.00204198,0.00206938,1826401312.1805837,0
REEF.V,D,20240430,000000,0.00206138,0.00213523,0.00187439,0.00192947,2045188219.8178353,0
REEF.V,D,20240501,000000,0.00192849,0.001982,0.00179386,0.00194408,1936059363.4727783,0
REEF.V,D,20240502,000000,0.00194308,0.00201522,0.00187906,0.0019981,1124686107.6157713,0
REEF.V,D,20240503,000000,0.00200808,0.00211489,0.00197818,0.00208788,1469015067.2340038,0
REEF.V,D,20240504,000000,0.00209388,0.00212111,0.00206245,0.00210119,1472117992.8957677,0
REEF.V,D,20240505,000000,0.00210019,0.002132,0.00203526,0.00210125,1352804041.6665094,0
REEF.V,D,20240506,000000,0.00210423,0.002176,0.00203178,0.00206204,1505495316.5919745,0
REEF.V,D,20240507,000000,0.00206102,0.00208771,0.00199002,0.00201094,570055135.0682114,0
REEF.V,D,20240508,000000,0.00201194,0.00204839,0.00192677,0.00198538,866703882.0786268,0
REEF.V,D,20240509,000000,0.00198438,0.00206646,0.00193621,0.00205767,1355274473.4404778,0
REEF.V,D,20240510,000000,0.00205767,0.00210371,0.00193011,0.00194842,1278478768.809968,0
REEF.V,D,20240511,000000,0.00195339,0.00199752,0.00193642,0.00193957,1473283274.0327928,0
REEF.V,D,20240512,000000,0.00194057,0.00197721,0.00192348,0.00193817,1083631008.6744468,0
REEF.V,D,20240513,000000,0.00193081,0.00199362,0.00182643,0.00191779,1918816262.9639118,0
REEF.V,D,20240514,000000,0.00191679,0.00192663,0.00183782,0.00186633,1863560046.877794,0
REEF.V,D,20240515,000000,0.00185633,0.00198719,0.0018232,0.00197516,1625375007.3860152,0
REEF.V,D,20240516,000000,0.00197617,0.00200842,0.00191687,0.00193617,1442673954.2131836,0
REEF.V,D,20240517,000000,0.00193717,0.00202681,0.00191817,0.00201168,1365012595.5852077,0
REEF.V,D,20240518,000000,0.0020107,0.00211842,0.00200856,0.00202734,1234120448.8783789,0
REEF.V,D,20240519,000000,0.00202634,0.00204525,0.001887,0.00190687,1100783655.5307689,0
REEF.V,D,20240520,000000,0.00190689,0.00211487,0.00187398,0.0021118,993097493.6003063,0
REEF.V,D,20240521,000000,0.0021108,0.00217959,0.0020824,0.00210245,1669317173.0396101,0
REEF.V,D,20240522,000000,0.00210445,0.00214766,0.00205775,0.00212711,1052952004.117117,0
REEF.V,D,20240523,000000,0.00212711,0.00225778,0.00201802,0.00215862,1541796812.2704928,0
REEF.V,D,20240524,000000,0.00216062,0.00227298,0.00209039,0.00217374,1639975122.8401575,0
REEF.V,D,20240525,000000,0.00217374,0.00222611,0.00214357,0.00215155,884239776.7942268,0
REEF.V,D,20240526,000000,0.00215357,0.00216676,0.00208285,0.00210637,1001431261.9975882,0
REEF.V,D,20240527,000000,0.00210841,0.00223696,0.00209195,0.00222373,1892125268.891764,0
REEF.V,D,20240528,000000,0.00222373,0.00222972,0.00210353,0.0021941,2245899302.9863997,0
REEF.V,D,20240529,000000,0.0021931,0.00226326,0.00214679,0.00216661,1257085065.7106328,0
REEF.V,D,20240530,000000,0.0021636,0.00219617,0.00206376,0.00213625,738877734.3505498,0
REEF.V,D,20240531,000000,0.00213625,0.00219666,0.00208415,0.00216842,977400838.191169,0
REEF.V,D,20240601,000000,0.00217041,0.00217838,0.00211414,0.00214009,774893383.5005846,0
REEF.V,D,20240602,000000,0.0021381,0.00219844,0.00210975,0.00212887,1287579958.2128696,0
REEF.V,D,20240603,000000,0.00212987,0.00233046,0.00211886,0.00220562,1607442827.0650089,0
REEF.V,D,20240604,000000,0.00221262,0.002317,0.00215412,0.002314,1499053698.5690277,0
REEF.V,D,20240605,000000,0.002315,0.00240822,0.00227509,0.00229021,1952512043.092999,0
REEF.V,D,20240606,000000,0.00229521,0.00229923,0.00217424,0.00220429,1333499693.67904,0
REEF.V,D,20240607,000000,0.00220227,0.00231403,0.00183153,0.00197525,1312332385.1093166,0
REEF.V,D,20240608,000000,0.00197327,0.00202913,0.00186878,0.00187979,1219614822.6262286,0
REEF.V,D,20240609,000000,0.00187877,0.00191681,0.0018488,0.00189272,1457245962.5705276,0
REEF.V,D,20240610,000000,0.00189319,0.0019037,0.00180848,0.0018355,777744341.1884887,0
REEF.V,D,20240611,000000,0.0018375,0.00183849,0.00168113,0.00174563,1955461408.419492,0
REEF.V,D,20240612,000000,0.00174363,0.00187081,0.00169585,0.00180241,1281106770.0908854,0
REEF.V,D,20240613,000000,0.00180039,0.00180949,0.00169447,0.00172131,1169464576.733885,0
REEF.V,D,20240614,000000,0.00172031,0.0017519,0.00161036,0.00166883,1820268144.0306861,0
REEF.V,D,20240615,000000,0.00166683,0.001696,0.00164898,0.00166305,946931583.358034,0
REEF.V,D,20240616,000000,0.00167305,0.00169366,0.001633,0.00167566,926811926.890062,0
REEF.V,D,20240617,000000,0.00168065,0.00170838,0.00151008,0.00156928,1300794779.07759,0
REEF.V,D,20240618,000000,0.00156626,0.00157328,0.00132975,0.00140123,2157684496.5841665,0
REEF.V,D,20240619,000000,0.00140123,0.00144929,0.0013915,0.00144142,1850099961.5879838,0
REEF.V,D,20240620,000000,0.00144042,0.00152038,0.00140645,0.00145796,1358464951.5589945,0
REEF.V,D,20240621,000000,0.00145696,0.00147883,0.00141371,0.00143411,1547918306.156333,0
REEF.V,D,20240622,000000,0.00143811,0.0014553,0.00141217,0.00144042,1194033248.8672907,0
REEF.V,D,20240623,000000,0.00143828,0.00148008,0.00137411,0.00140502,781298341.7195336,0
REEF.V,D,20240624,000000,0.00140403,0.00141397,0.00133916,0.00141197,1531554291.6999998,0
REEF.V,D,20240625,000000,0.00141397,0.00147135,0.00140915,0.00144874,2312963673.4162602,0
REEF.V,D,20240626,000000,0.00144974,0.00146155,0.00140158,0.00143786,1144131639.6590118,0
REEF.V,D,20240627,000000,0.00143989,0.0014705,0.00138173,0.00145704,1746552234.5357296,0
REEF.V,D,20240628,000000,0.00145505,0.00153405,0.00142332,0.00142915,2269732334.6493154,0
REEF.V,D,20240629,000000,0.00143015,0.00146248,0.00137269,0.00138764,1497000252.4356894,0
REEF.V,D,20240630,000000,0.00138764,0.00143577,0.00135774,0.00142577,1829108857.2147493,0
REEF.V,D,20240701,000000,0.00142378,0.00148167,0.00140925,0.00143241,1796761756.8805015,0
REEF.V,D,20240702,000000,0.00143341,0.00145509,0.00140443,0.00145068,1262383015.8941789,0
REEF.V,D,20240703,000000,0.00145167,0.00146467,0.00133151,0.0013505,1036316436.4170858,0
REEF.V,D,20240704,000000,0.00135049,0.00135649,0.00123492,0.00126028,1377229163.3960042,0
REEF.V,D,20240705,000000,0.00125929,0.00126728,0.00103968,0.00118006,1653420614.1090934,0
REEF.V,D,20240706,000000,0.00117909,0.00127812,0.00117211,0.00126404,951967733.4148232,0
REEF.V,D,20240707,000000,0.00126503,0.00127711,0.00119589,0.00119987,1064753511.4719083,0
REEF.V,D,20240708,000000,0.00120888,0.00127658,0.00114591,0.00121789,1890780028.9641016,0
REEF.V,D,20240709,000000,0.00121989,0.00127692,0.00120282,0.00125897,2728044440.42526,0
REEF.V,D,20240710,000000,0.00125897,0.00128706,0.00123195,0.0012549,1104219600.706467,0
REEF.V,D,20240711,000000,0.00125391,0.00131272,0.00124702,0.00125396,1390624751.8712218,0
REEF.V,D,20240712,000000,0.00125396,0.001272,0.00122307,0.00124124,1561854144.9540758,0
REEF.V,D,20240713,000000,0.00124324,0.00129525,0.00123924,0.00128222,1266109404.10237,0
REEF.V,D,20240714,000000,0.00128038,0.00133245,0.00126723,0.00130948,1772693719.264935,0
REEF.V,D,20240715,000000,0.00134148,0.00141285,0.00132437,0.0014047,1253175105.0150797,0
REEF.V,D,20240716,000000,0.0014017,0.00169942,0.00135239,0.00166542,3641086466.9279714,0
REEF.V,D,20240717,000000,0.00167842,0.00167842,0.00154031,0.00156114,3474204814.397848,0
REEF.V,D,20240718,000000,0.00155814,0.00159502,0.00149276,0.0015087,1472706875.3815064,0
REEF.V,D,20240719,000000,0.0015087,0.00158479,0.00147472,0.00157966,1751674761.8441474,0
REEF.V,D,20240720,000000,0.00157968,0.00159376,0.00152467,0.00157166,1201091014.8067176,0
REEF.V,D,20240721,000000,0.00157068,0.00166948,0.0015168,0.00161234,1752070701.2226143,0
REEF.V,D,20240722,000000,0.00161034,0.00162531,0.00145813,0.00149645,2095370406.5688543,0
REEF.V,D,20240723,000000,0.00149645,0.00151312,0.00141118,0.00145616,2071276434.032693,0
REEF.V,D,20240724,000000,0.00145517,0.0014989,0.00142784,0.00144974,1626231204.6632268,0
REEF.V,D,20240725,000000,0.00144774,0.00144974,0.00135366,0.00140159,2383157268.8334827,0
REEF.V,D,20240726,000000,0.00140264,0.00153971,0.00139564,0.001526,2645339397.0997005,0
REEF.V,D,20240727,000000,0.001525,0.00153906,0.00145115,0.00149796,1613612572.3867621,0
REEF.V,D,20240728,000000,0.00150015,0.00150388,0.00142089,0.00142787,2013454106.0205276,0
REEF.V,D,20240729,000000,0.00142886,0.0014787,0.00139752,0.00141584,1789408253.464635,0
REEF.V,D,20240730,000000,0.00141684,0.0014467,0.00132759,0.00135059,1167984978.6510673,0
REEF.V,D,20240731,000000,0.00135027,0.00137737,0.00131738,0.00133348,737261589.3912874,0
REEF.V,D,20240801,000000,0.00133252,0.00133858,0.00119285,0.00127995,1076585691.606801,0
REEF.V,D,20240802,000000,0.00128097,0.0013178,0.00119188,0.00120862,1126499191.1137085,0
REEF.V,D,20240803,000000,0.00120861,0.00121405,0.00112025,0.00114028,1178038821.9584212,0
REEF.V,D,20240804,000000,0.00114128,0.00116129,0.0010461,0.00109768,1047829606.5076246,0
REEF.V,D,20240805,000000,0.00109768,0.00111259,0.000856923,0.00101319,3465459496.8769336,0
REEF.V,D,20240806,000000,0.00101419,0.0010953,0.00101128,0.0010654,1885060972.8755481,0
REEF.V,D,20240807,000000,0.00107041,0.00111144,0.00103319,0.00105409,884478714.7030317,0
REEF.V,D,20240808,000000,0.00105511,0.00114672,0.00103412,0.00114334,545168852.8596563,0
REEF.V,D,20240809,000000,0.00115135,0.00116326,0.00112135,0.00114736,591905325.3553798,0
REEF.V,D,20240810,000000,0.00114836,0.00119123,0.00114033,0.00118523,885195174.3322011,0
REEF.V,D,20240811,000000,0.00118523,0.00118923,0.00108018,0.00108311,889798893.4270813,0
REEF.V,D,20240812,000000,0.00108911,0.00110813,0.00084119,0.000889098,6187313824.75982,0
REEF.V,D,20240813,000000,0.000887098,0.000904226,0.000819131,0.000827099,5499777723.515483,0
REEF.V,D,20240814,000000,0.000827099,0.000850255,0.000778062,0.000793063,8583975347.588222,0
REEF.V,D,20240815,000000,0.000793071,0.000856034,0.000754068,0.000761145,13557859237.41333,0
REEF.V,D,20240816,000000,0.000761137,0.000855308,0.000753143,0.000812227,12902217205.814165,0
REEF.V,D,20240817,000000,0.000812568,0.000870157,0.000776186,0.000799072,12646744601.045626,0
REEF.V,D,20240818,000000,0.000801,0.000870078,0.000792071,0.000830166,11650007971.692688,0
REEF.V,D,20240819,000000,0.000830332,0.000836167,0.000779125,0.000788173,12732862671.945118,0
REEF.V,D,20240820,000000,0.000788173,0.000802233,0.000755159,0.000769008,10385954558.707184,0
REEF.V,D,20240821,000000,0.000769008,0.000777078,0.000749052,0.000764061,8653901421.998058,0
REEF.V,D,20240822,000000,0.000764382,0.000774147,0.000747112,0.000769038,7658638439.741471,0
REEF.V,D,20240823,000000,0.000769038,0.000800424,0.000760008,0.000791633,8663571203.83941,0
REEF.V,D,20240824,000000,0.000791625,0.000824247,0.000779428,0.000798279,5810856775.037209,0
REEF.V,D,20240825,000000,0.000785275,0.000797239,0.000731249,0.00074426,6902754396.345956,0
REEF.V,D,20240826,000000,0.00074426,0.000760182,0.000684123,0.000687124,10082558929.836885,0
REEF.V,D,20240827,000000,0.000687124,0.000724065,0.000633949,0.000654,9469041751.001072,0
REEF.V,D,20240828,000000,0.000649,0.000702063,0.000618049,0.000637057,9026826908.934187,0
REEF.V,D,20240829,000000,0.000637057,0.00067206,0.000617994,0.000623994,7044720366.099895,0
REEF.V,D,20240830,000000,0.000623994,0.000637994,0.000590876,0.000619919,7514336112.667572,0
REEF.V,D,20240831,000000,0.000619919,0.000734949,0.000619913,0.000717864,7769733358.679376,0
REEF.V,D,20240901,000000,0.000718072,0.000816861,0.00071385,0.000780859,9701758866.299482,0
REEF.V,D,20240902,000000,0.000780867,0.00116892,0.000760947,0.00109381,9532447251.145882,0
REEF.V,D,20240903,000000,0.00109378,0.00120876,0.00104761,0.0010617,6893354528.417231,0
REEF.V,D,20240904,000000,0.00106279,0.00116585,0.00099973,0.00101689,6683609952.570958,0
REEF.V,D,20240905,000000,0.00101789,0.00117781,0.00098582,0.0011126,8461107267.576149,0
REEF.V,D,20240906,000000,0.00111278,0.00126272,0.0011096,0.00120937,9613782383.251776,0
REEF.V,D,20240907,000000,0.00120737,0.00124874,0.00110391,0.00117588,5132810338.679978,0
REEF.V,D,20240908,000000,0.00117565,0.0016388,0.00115387,0.00154984,3720059887.400674,0
REEF.V,D,20240909,000000,0.00155222,0.00178489,0.0015077,0.00157128,5303055094.209111,0
REEF.V,D,20240910,000000,0.00157128,0.00216889,0.00155226,0.00207285,5912125306.650867,0
REEF.V,D,20240911,000000,0.00207283,0.00209987,0.00156477,0.00171115,4747345101.6300535,0
REEF.V,D,20240912,000000,0.00171066,0.00187766,0.00163913,0.00177186,4428083742.211126,0
REEF.V,D,20240913,000000,0.00177671,0.00220991,0.00168187,0.00195478,4289722543.006326,0
REEF.V,D,20240914,000000,0.00195478,0.00211695,0.00192875,0.00199136,3613596305.8487067,0
REEF.V,D,20240915,000000,0.0019842,0.00258734,0.00198138,0.00241502,3327229364.6150484,0
REEF.V,D,20240916,000000,0.00241702,0.00254052,0.00216508,0.00250452,2682582716.867674,0
REEF.V,D,20240917,000000,0.00250875,0.00257774,0.00231554,0.00236921,2255680878.051448,0
REEF.V,D,20240918,000000,0.00236921,0.00310312,0.00231821,0.00275808,3788458545.40556,0
REEF.V,D,20240919,000000,0.00275308,0.00493294,0.00272722,0.00423347,5602482639.819576,0
REEF.V,D,20240920,000000,0.00421646,0.00481295,0.00398452,0.0044654,2126399135.7997127,0
REEF.V,D,20240921,000000,0.0044654,0.0047551,0.00406028,0.00427843,1519777369.2137437,0
REEF.V,D,20240922,000000,0.00426943,0.00464795,0.00365629,0.004288,1419124463.6245306,0
REEF.V,D,20240923,000000,0.00428857,0.00551001,0.004132,0.00482776,3026693932.5343895,0
REEF.V,D,20240924,000000,0.00482776,0.00491746,0.00429066,0.00446778,1080529046.4646394,0
REEF.V,D,20240925,000000,0.00445673,0.00446587,0.00405576,0.00428631,1083165478.3735433,0
REEF.V,D,20240926,000000,0.00428727,0.00478443,0.00422898,0.00476548,1369960760.7871928,0
REEF.V,D,20240927,000000,0.00476148,0.00653726,0.00466137,0.00551899,2005751994.2000113,0
REEF.V,D,20240928,000000,0.00552799,0.0061768,0.00547599,0.00560462,722815470.80843,0
REEF.V,D,20240929,000000,0.00560588,0.00577769,0.00510451,0.00540484,659302058.5108938,0
REEF.V,D,20240930,000000,0.00541192,0.00547128,0.00502215,0.00515835,744675029.2329175,0
REEF.V,D,20241001,000000,0.00516335,0.00533376,0.00468308,0.00492572,1037848917.6809564,0
REEF.V,D,20241002,000000,0.00491472,0.00573739,0.00487283,0.00512367,1762155131.6748674,0
REEF.V,D,20241003,000000,0.00512062,0.0058113,0.00502774,0.0058093,1359372809.0309746,0
REEF.V,D,20241004,000000,0.0058113,0.0078834,0.0057923,0.00667193,3084393635.588514,0
REEF.V,D,20241005,000000,0.00667687,0.00697237,0.00626756,0.00655795,749984930.6469324,0
REEF.V,D,20241006,000000,0.006542,0.00747485,0.00625925,0.00714479,586294480.2512841,0
REEF.V,D,20241007,000000,0.00716678,0.00728269,0.00631974,0.00646006,772911975.8596522,0
REEF.V,D,20241008,000000,0.00643807,0.00662522,0.00612526,0.00635342,857952482.3387175,0
REEF.V,D,20241009,000000,0.00635109,0.00682878,0.00616036,0.00655722,805231440.6505678,0
REEF.V,D,20241010,000000,0.00656222,0.00726515,0.00651565,0.00697945,1226879227.8848925,0
REEF.V,D,20241011,000000,0.00697846,0.00781098,0.00682964,0.00727298,1267614855.6706116,0
REEF.V,D,20241012,000000,0.00727705,0.00780895,0.00701497,0.00713386,589843517.9046167,0
REEF.V,D,20241013,000000,0.00714971,0.00731281,0.00682968,0.0070701,675534458.9133885,0
REEF.V,D,20241014,000000,0.00706071,0.01128187,0.00693109,0.00971944,2490323193.871393,0
REEF.V,D,20241015,000000,0.00971944,0.01092425,0.0035047,0.0048008,19851408247.738758,0
REEF.V,D,20241016,000000,0.0047968,0.0047978,0.00183732,0.00217456,45496610024.37091,0
REEF.V,D,20241017,000000,0.00216654,0.00219258,0.00172648,0.00183734,7742870943.328602,0
REEF.V,D,20241018,000000,0.00183155,0.00286991,0.00182536,0.00213172,11632010197.360453,0
REEF.V,D,20241019,000000,0.00213372,0.00221771,0.00204084,0.00212549,1649116880.0314233,0
REEF.V,D,20241020,000000,0.00211263,0.002287,0.00204161,0.00214329,1367287714.364425,0
REEF.V,D,20241021,000000,0.00214264,0.00217804,0.00202113,0.00203514,1577553004.6796093,0
REEF.V,D,20241022,000000,0.00203816,0.00211356,0.001969,0.00209949,1276978979.05076,0
REEF.V,D,20241023,000000,0.00209849,0.0021743,0.00155797,0.00164825,2263788600.0416117,0
REEF.V,D,20241024,000000,0.00164801,0.00188396,0.0015275,0.00167498,2121694908.9085145,0
REEF.V,D,20241025,000000,0.00167133,0.00171197,0.00141801,0.00160313,1810508705.6556294,0
REEF.V,D,20241026,000000,0.00160511,0.00181754,0.00136132,0.00166382,2751923106.4637165,0
REEF.V,D,20241027,000000,0.00166182,0.00169765,0.00154997,0.00169765,2168524468.0630302,0
REEF.V,D,20241028,000000,0.00170081,0.00186239,0.00141605,0.0015649,7026958215.040443,0
REEF.V,D,20241029,000000,0.0015669,0.00157697,0.00146655,0.00148852,1796046907.7758956,0
REEF.V,D,20241030,000000,0.00149454,0.00163656,0.00148655,0.00154249,1761324735.6091151,0
REEF.V,D,20241031,000000,0.00154251,0.00160055,0.0014849,0.00153399,1879217667.0070438,0
REEF.V,D,20241101,000000,0.00153599,0.00156504,0.00139215,0.00141602,1328274333.1081812,0
REEF.V,D,20241102,000000,0.00141602,0.00149331,0.00136151,0.00140061,1211442187.5497313,0
REEF.V,D,20241103,000000,0.00139961,0.00142053,0.00118361,0.00125851,1165642024.6925735,0
REEF.V,D,20241104,000000,0.0012595,0.00131187,0.0012101,0.00124703,1058991269.5839365,0
REEF.V,D,20241105,000000,0.0012495,0.00137899,0.00123723,0.00135584,1114941066.438965,0
REEF.V,D,20241106,000000,0.00135584,0.00147599,0.00135282,0.00147488,1407024420.4044268,0
REEF.V,D,20241107,000000,0.00147188,0.00149775,0.00135078,0.0013917,987518621.0948291,0
REEF.V,D,20241108,000000,0.00139496,0.00142495,0.00124385,0.00128183,1163987063.787934,0
REEF.V,D,20241109,000000,0.00127783,0.00150744,0.00124664,0.00148743,1284390390.678466,0
REEF.V,D,20241110,000000,0.00148344,0.00168447,0.00139445,0.0014578,1743390459.3200307,0
REEF.V,D,20241111,000000,0.00146082,0.00152495,0.00137104,0.00149971,1454728998.9821887,0
REEF.V,D,20241112,000000,0.00150071,0.00157956,0.00128496,0.00149497,1991967262.1559641,0
REEF.V,D,20241113,000000,0.00149597,0.00164507,0.00130177,0.00147862,2023749863.4406972,0
REEF.V,D,20241114,000000,0.00148163,0.00158873,0.00141128,0.00149418,1417002221.6557314,0
REEF.V,D,20241115,000000,0.00149618,0.00149618,0.00131716,0.0013924,1208191174.9117951,0
REEF.V,D,20241116,000000,0.00139242,0.00148459,0.00137333,0.00145951,1057515719.8441696,0
REEF.V,D,20241117,000000,0.00145251,0.00148165,0.00132993,0.00135904,920782450.6888715,0
REEF.V,D,20241118,000000,0.00135805,0.00151952,0.00135505,0.00150235,1019876128.8906975,0
REEF.V,D,20241119,000000,0.00150136,0.00150921,0.00133086,0.0013487,1133042551.813668,0
REEF.V,D,20241120,000000,0.00134871,0.00136422,0.00123,0.00126487,972575386.4504751,0
REEF.V,D,20241121,000000,0.00126687,0.00132819,0.0012221,0.00132424,1090147489.386045,0
REEF.V,D,20241122,000000,0.00132224,0.00134633,0.00126208,0.00131936,764649199.4307696,0
REEF.V,D,20241123,000000,0.00132137,0.00167003,0.00131637,0.00162075,1191579972.1275244,0
REEF.V,D,20241124,000000,0.00161875,0.00174842,0.00150666,0.0017037,1438323062.3958848,0
REEF.V,D,20241125,000000,0.0017047,0.00176791,0.00150238,0.00154061,1042697443.1712183,0
REEF.V,D,20241126,000000,0.00152291,0.00157838,0.00140953,0.00153443,785025783.5252417,0
REEF.V,D,20241127,000000,0.00153442,0.001712,0.00150944,0.00166683,937715333.8787986,0
REEF.V,D,20241128,000000,0.0016665,0.00169325,0.00157531,0.00167508,690094033.1549041,0
REEF.V,D,20241129,000000,0.00167408,0.00176274,0.00155014,0.00167722,761083800.5073273,0
REEF.V,D,20241130,000000,0.00168023,0.00184674,0.00165848,0.00183373,873854946.358103,0
REEF.V,D,20241201,000000,0.00183273,0.00185072,0.001733,0.00183193,676308444.976083,0
REEF.V,D,20241202,000000,0.00183295,0.00197459,0.001625,0.00193768,1160485941.4262633,0
REEF.V,D,20241203,000000,0.00194368,0.00219622,0.00188692,0.00204037,1278046650.0743995,0
REEF.V,D,20241204,000000,0.00204233,0.00213292,0.00188709,0.00201672,1205545511.2482936,0
REEF.V,D,20241205,000000,0.00201872,0.00209909,0.00184352,0.00200739,1270759642.3747728,0
REEF.V,D,20241206,000000,0.00201394,0.00209092,0.0018833,0.0020459,1101530544.4445953,0
REEF.V,D,20241207,000000,0.00205506,0.00210666,0.00199557,0.00202342,780687227.3055861,0
REEF.V,D,20241208,000000,0.00201741,0.00205166,0.00189395,0.00194409,706498056.6542487,0
REEF.V,D,20241209,000000,0.00194909,0.00196333,0.00123283,0.00141442,1121567905.8421009,0
REEF.V,D,20241210,000000,0.00141442,0.0014954,0.00122317,0.00137269,1358218735.9801228,0
REEF.V,D,20241211,000000,0.00137469,0.00147072,0.00131567,0.00146572,943294137.829782,0
REEF.V,D,20241212,000000,0.00146472,0.00159329,0.00143206,0.00146134,1155992807.2175117,0
REEF.V,D,20241213,000000,0.00145925,0.00149519,0.001413,0.00145028,1988881234.2672393,0
REEF.V,D,20241214,000000,0.00145028,0.00147807,0.00132487,0.00136188,842472814.6968901,0
REEF.V,D,20241215,000000,0.00136388,0.00142632,0.00132576,0.00138571,906276673.41849,0
REEF.V,D,20241216,000000,0.00138674,0.00146938,0.00133044,0.00140938,1054866407.5238048,0
REEF.V,D,20241217,000000,0.00140839,0.00141335,0.00128085,0.00129187,981005205.684305,0
REEF.V,D,20241218,000000,0.00128987,0.00130992,0.00113528,0.00116952,1063425187.7260069,0
REEF.V,D,20241219,000000,0.00116853,0.00117639,0.000951637,0.00102706,1158080038.5320346,0
REEF.V,D,20241220,000000,0.00102707,0.00106627,0.000855757,0.00106229,1304989001.9282346,0
REEF.V,D,20241221,000000,0.0010593,0.00114853,0.00099348,0.00100041,990152869.9279523,0
REEF.V,D,20241222,000000,0.00100441,0.00104915,0.000972329,0.0010078,714589383.0291922,0
REEF.V,D,20241223,000000,0.0010078,0.00109755,0.000977002,0.00109654,778810160.6842922,0
REEF.V,D,20241224,000000,0.00109553,0.00112402,0.00104461,0.00109417,910885570.6645005,0
REEF.V,D,20241225,000000,0.00109417,0.00112709,0.00106407,0.00107804,980565309.5831555,0
REEF.V,D,20241226,000000,0.00107904,0.00111414,0.00099179,0.001011916,1168656270.8912241,0
REEF.V,D,20241227,000000,0.001013873,0.00119357,0.00100079,0.00104648,914916258.0454448,0
REEF.V,D,20241228,000000,0.00104546,0.00109311,0.00102248,0.00109293,934999833.1083267,0
REEF.V,D,20241229,000000,0.00109294,0.00109294,0.00102599,0.00102899,798919285.0395714,0
REEF.V,D,20241230,000000,0.00102899,0.00107486,0.00101313,0.00104709,924656917.8702304,0
REEF.V,D,20241231,000000,0.0010441,0.00105778,0.00100012,0.00102409,978346992.0669359,0
REEF.V,D,20250101,000000,0.00102408,0.00105687,0.00100497,0.00105379,904315405.0122199,0
REEF.V,D,20250102,000000,0.00105379,0.00113699,0.00105379,0.00111885,950066392.2142048,0
REEF.V,D,20250103,000000,0.00112086,0.00122008,0.00109698,0.00120253,826954793.9798702,0
REEF.V,D,20250104,000000,0.00120554,0.00124052,0.0011974,0.00121377,716231018.9905905,0
REEF.V,D,20250105,000000,0.00121376,0.00122173,0.00117264,0.00119169,626212360.1230304,0
REEF.V,D,20250106,000000,0.0011917,0.00124705,0.00117474,0.00121735,625799953.8470066,0
REEF.V,D,20250107,000000,0.00121835,0.00123057,0.00105865,0.00106984,830056809.4357822,0
REEF.V,D,20250108,000000,0.00106884,0.0010738,0.000925537,0.000993692,562152016.244549,0
REEF.V,D,20250109,000000,0.000993692,0.00100171,0.000931422,0.000950943,721220694.3913155,0
REEF.V,D,20250110,000000,0.000952943,0.001023,0.000944934,0.001003779,745691740.1223855,0
REEF.V,D,20250111,000000,0.001005789,0.00102449,0.000973435,0.00100452,965078385.551046,0
REEF.V,D,20250112,000000,0.00100452,0.00101351,0.000954408,0.000960414,972897967.6623685,0
REEF.V,D,20250113,000000,0.000960423,0.0009996,0.00087183,0.000955598,1029541083.5331143,0
REEF.V,D,20250114,000000,0.000955598,0.0009996,0.000944594,0.00099959,1008425294.9282302,0
REEF.V,D,20250115,000000,0.00099958,0.001119101,0.000815665,0.00103503,4893412276.957475,0
REEF.V,D,20250116,000000,0.00103504,0.00104471,0.000968777,0.00100077,1751686908.366818,0
REEF.V,D,20250117,000000,0.00100077,0.00114736,0.000977961,0.00113535,1630527393.8700464,0
REEF.V,D,20250118,000000,0.00113636,0.00120743,0.000941039,0.00094414,2901588479.128699,0
REEF.V,D,20250119,000000,0.00094414,0.001027734,0.000536899,0.000925,1997275886.2320364,0
REEF.V,D,20250120,000000,0.000924935,0.001041289,0.000868921,0.000949802,3833999134.2066274,0
REEF.V,D,20250121,000000,0.000949802,0.00098797,0.000892811,0.000941151,2805713767.62143,0
REEF.V,D,20250122,000000,0.000941216,0.000969068,0.000839756,0.000932785,2928352838.3556037,0
REEF.V,D,20250123,000000,0.000932776,0.001097561,0.000853513,0.00102923,2520435655.35894,0
REEF.V,D,20250124,000000,0.00102923,0.00115877,0.000890973,0.000956067,2416407295.176103,0
REEF.V,D,20250125,000000,0.000945057,0.000993811,0.000904837,0.000908827,2313617673.896867,0
REEF.V,D,20250126,000000,0.000908827,0.000986832,0.000898856,0.000958847,1014208514.1594598,0
REEF.V,D,20250127,000000,0.00095062,0.000990683,0.000834608,0.000929758,815647634.5676799,0
REEF.V,D,20250128,000000,0.000929833,0.001038875,0.000883417,0.000889421,973895573.1296784,0
REEF.V,D,20250129,000000,0.000885424,0.000957578,0.000882488,0.000941972,1683488445.834713,0
REEF.V,D,20250130,000000,0.000942962,0.000958981,0.000850872,0.000864078,2025139612.156921,0
REEF.V,D,20250131,000000,0.000866087,0.00101699,0.00085694,0.000922732,1549904561.7780936,0
REEF.V,D,20250201,000000,0.000922732,0.000971767,0.000813756,0.000818803,2253011970.146786,0
REEF.V,D,20250202,000000,0.000816796,0.000929749,0.000686794,0.000686794,2766463166.8159113,0
REEF.V,D,20250203,000000,0.000684801,0.000789552,0.000558352,0.000694694,4333505517.776899,0
REEF.V,D,20250204,000000,0.000694694,0.000876753,0.000638459,0.000681334,3336276023.9991612,0
REEF.V,D,20250205,000000,0.000681334,0.000846288,0.000605,0.00062305,3499114396.709828,0
REEF.V,D,20250206,000000,0.00062305,0.000792032,0.000606024,0.000614043,3144600764.404001,0
REEF.V,D,20250207,000000,0.000614043,0.00064924,0.000603066,0.000611018,4572030570.220989,0
REEF.V,D,20250208,000000,0.000611018,0.000667073,0.000600096,0.00062705,4627611204.983511,0
REEF.V,D,20250209,000000,0.00062905,0.00066914,0.000604115,0.000644077,3485564133.2101784,0
REEF.V,D,20250210,000000,0.000644071,0.000654131,0.00061311,0.000627107,3527914055.0021944,0
REEF.V,D,20250211,000000,0.000627107,0.000646071,0.000358086,0.000622907,2849056278.467928,0
REEF.V,D,20250212,000000,0.000622925,0.000692048,0.000601898,0.000691041,4010540097.526283,0
REEF.V,D,20250213,000000,0.000691048,0.000935084,0.000664066,0.000686014,4354005466.787786,0
REEF.V,D,20250214,000000,0.000689014,0.000805185,0.000677068,0.000794135,4080644637.8833885,0
REEF.V,D,20250215,000000,0.000794127,0.000910091,0.000783039,0.000802072,3983449695.530698,0
