<TICKER>,<PER>,<DATE>,<TIME>,<OPEN>,<HIGH>,<LOW>,<CLOSE>,<VOL>,<OPENINT>
RNDR.V,D,20220129,000000,3.16163,3.20196,3.02091,3.13894,1734313.2574506975,0
RNDR.V,D,20220130,000000,3.12863,3.76913,2.94788,3.10124,6665986.458827877,0
RNDR.V,D,20220131,000000,3.09024,3.66246,2.85114,3.53977,7752057.873773102,0
RNDR.V,D,20220201,000000,3.53877,4.04902,3.42806,3.83091,7161802.284270818,0
RNDR.V,D,20220202,000000,3.8323,4.23354,3.28064,3.35969,13414520.665201453,0
RNDR.V,D,20220203,000000,3.36202,3.48874,3.14357,3.32966,8737462.613892557,0
RNDR.V,D,20220204,000000,3.32766,3.66783,3.25062,3.50981,8308000.723539895,0
RNDR.V,D,20220205,000000,3.51381,4.0048,3.4968,3.71923,8219019.468471947,0
RNDR.V,D,20220206,000000,3.71323,3.85131,3.42071,3.55742,4657386.998273204,0
RNDR.V,D,20220207,000000,3.55542,3.85169,3.45707,3.7116,5417025.122719616,0
RNDR.V,D,20220208,000000,3.7146,3.75262,3.20924,3.4441,4810518.703101404,0
RNDR.V,D,20220209,000000,3.4471,3.49379,3.21125,3.33466,4652831.280641857,0
RNDR.V,D,20220210,000000,3.33333,3.48278,3.02242,3.11518,4413159.9740294805,0
RNDR.V,D,20220211,000000,3.11918,3.16153,2.64679,2.64979,4337172.953153621,0
RNDR.V,D,20220212,000000,2.64779,2.78239,2.53552,2.70635,4777123.936485232,0
RNDR.V,D,20220213,000000,2.70262,2.97148,2.50125,2.6083,5236898.471561196,0
RNDR.V,D,20220214,000000,2.60956,2.89874,2.53126,2.77767,3832918.9316711384,0
RNDR.V,D,20220215,000000,2.78167,3.25795,2.77867,3.14889,5278432.235659849,0
RNDR.V,D,20220216,000000,3.15489,3.82191,2.9998,3.26396,9835532.345812181,0
RNDR.V,D,20220217,000000,3.26063,3.34767,2.73164,2.84699,3482569.4725110866,0
RNDR.V,D,20220218,000000,2.84371,2.98209,2.67861,2.69662,2964770.7688257555,0
RNDR.V,D,20220219,000000,2.69662,2.78567,2.53227,2.6113,1373925.3410490751,0
RNDR.V,D,20220220,000000,2.60856,2.62758,2.34394,2.43722,1935159.2755610126,0
RNDR.V,D,20220221,000000,2.44422,2.88044,2.41196,2.45498,5167049.570611503,0
RNDR.V,D,20220222,000000,2.45122,2.494,2.21789,2.36418,3820282.43250358,0
RNDR.V,D,20220223,000000,2.36718,2.64559,2.36718,2.42946,4559426.5251242155,0
RNDR.V,D,20220224,000000,2.42746,2.42746,2.0012,2.33093,7530803.537636556,0
RNDR.V,D,20220225,000000,2.33493,2.55202,2.32093,2.54902,4856955.256412005,0
RNDR.V,D,20220226,000000,2.54927,2.71909,2.46098,2.46098,2729181.5201945156,0
RNDR.V,D,20220227,000000,2.46023,2.54027,2.33293,2.39796,2449290.6495087356,0
RNDR.V,D,20220228,000000,2.39596,2.65106,2.35894,2.64432,1570736.144537849,0
RNDR.V,D,20220301,000000,2.64306,2.9949,2.53201,2.97989,4696028.704100469,0
RNDR.V,D,20220302,000000,2.9859,3.331,2.86757,2.92058,9576648.004109573,0
RNDR.V,D,20220303,000000,2.92088,2.93688,2.68754,2.78156,3424781.4117462873,0
RNDR.V,D,20220304,000000,2.77455,2.80356,2.48475,2.49075,2481028.7271280307,0
RNDR.V,D,20220305,000000,2.50175,2.69381,2.4755,2.60078,2090131.7836727183,0
RNDR.V,D,20220306,000000,2.60452,2.64153,2.4805,2.56977,1459557.4689355409,0
RNDR.V,D,20220307,000000,2.57277,2.59678,2.41248,2.4985,1921029.8594594796,0
RNDR.V,D,20220308,000000,2.50375,2.55851,2.43773,2.4855,1196366.814627271,0
RNDR.V,D,20220309,000000,2.4775,2.76055,2.4775,2.64053,2246582.019825188,0
RNDR.V,D,20220310,000000,2.63753,2.65553,2.4785,2.52101,1436007.0421135782,0
RNDR.V,D,20220311,000000,2.52301,2.56002,2.35471,2.39548,1840712.0644978934,0
RNDR.V,D,20220312,000000,2.39548,2.41948,2.359,2.36924,510056.3670432981,0
RNDR.V,D,20220313,000000,2.37171,2.40324,2.24867,2.25168,1252605.8660389564,0
RNDR.V,D,20220314,000000,2.24845,2.30946,2.24622,2.30446,626812.4858250844,0
RNDR.V,D,20220315,000000,2.30546,2.35671,2.24345,2.3377,912787.4253115406,0
RNDR.V,D,20220316,000000,2.3397,2.53276,2.27145,2.49375,2477119.1021203008,0
RNDR.V,D,20220317,000000,2.49575,2.58077,2.41921,2.42121,991246.1766778623,0
RNDR.V,D,20220318,000000,2.42097,2.57354,2.35418,2.51826,4830035.111378904,0
RNDR.V,D,20220319,000000,2.51926,3.09686,2.51801,2.67607,6106141.781807265,0
RNDR.V,D,20220320,000000,2.67607,2.77811,2.51526,2.61505,1543142.5441365112,0
RNDR.V,D,20220321,000000,2.61204,2.77239,2.54502,2.72509,1176171.8285813243,0
RNDR.V,D,20220322,000000,2.72309,2.91146,2.62531,2.87644,2050142.6668814323,0
RNDR.V,D,20220323,000000,2.87544,2.87944,2.71909,2.78511,1413047.2622711926,0
RNDR.V,D,20220324,000000,2.78511,2.94918,2.76911,2.83942,1636476.2121370025,0
RNDR.V,D,20220325,000000,2.84014,2.91633,2.75283,2.76338,1378857.7902743558,0
RNDR.V,D,20220326,000000,2.76238,2.76411,2.64006,2.70608,1049442.1176188383,0
RNDR.V,D,20220327,000000,2.70535,2.79512,2.53026,2.79084,1479831.4247296387,0
RNDR.V,D,20220328,000000,2.79112,3.11425,2.76283,2.9902,2701852.8251378173,0
RNDR.V,D,20220329,000000,2.9902,3.13825,2.86086,2.89044,1919381.8697523759,0
RNDR.V,D,20220330,000000,2.89545,3.04291,2.84714,3.0149,839435.2373441649,0
RNDR.V,D,20220331,000000,3.0099,3.25865,2.89158,2.94888,3090063.133994008,0
RNDR.V,D,20220401,000000,2.94788,3.09655,2.81284,2.9849,1777022.09378878,0
RNDR.V,D,20220402,000000,2.9879,3.2423,2.93688,3.12025,2670428.5947232693,0
RNDR.V,D,20220403,000000,3.12425,3.16627,3.0112,3.06122,1430896.3336859047,0
RNDR.V,D,20220404,000000,3.06423,3.09924,2.73055,2.90558,2215855.1152049997,0
RNDR.V,D,20220405,000000,2.90458,2.97989,2.78083,2.83728,1497196.3527132072,0
RNDR.V,D,20220406,000000,2.83857,2.84557,2.496,2.579,1391383.5827374957,0
RNDR.V,D,20220407,000000,2.57926,2.65327,2.46925,2.563,1352197.5606713423,0
RNDR.V,D,20220408,000000,2.56426,2.61152,2.42773,2.493,2544790.225089824,0
RNDR.V,D,20220409,000000,2.493,2.5025,2.40272,2.48875,763193.8554405748,0
RNDR.V,D,20220410,000000,2.49175,2.57977,2.44873,2.5255,569856.973532849,0
RNDR.V,D,20220411,000000,2.5235,2.5235,2.0006,2.0146,2407818.215130317,0
RNDR.V,D,20220412,000000,2.0154,2.15743,2.0004,2.02961,4275883.190148359,0
RNDR.V,D,20220413,000000,2.03161,2.11764,2.0016,2.10563,1935914.112442539,0
RNDR.V,D,20220414,000000,2.10342,2.13064,1.96359,2.0234,2568245.643113658,0
RNDR.V,D,20220415,000000,2.0224,2.06441,2.0044,2.0222,831352.200862354,0
RNDR.V,D,20220416,000000,2.0224,2.0482,2.0094,2.0164,275948.21322189685,0
RNDR.V,D,20220417,000000,2.0202,2.04841,1.9784,2.04641,485559.94756752433,0
RNDR.V,D,20220418,000000,2.04741,2.04741,1.87938,1.9916,3141910.467600559,0
RNDR.V,D,20220419,000000,1.9936,2.17343,1.98059,2.07141,3839672.7408459545,0
RNDR.V,D,20220420,000000,2.07141,2.20222,2.02941,2.06941,1816001.2979600604,0
RNDR.V,D,20220421,000000,2.06741,2.12643,1.94339,1.95639,1195854.5498142429,0
RNDR.V,D,20220422,000000,1.9582,1.97039,1.84818,1.92719,1843813.3212890362,0
RNDR.V,D,20220423,000000,1.92839,1.93639,1.85219,1.89719,1001916.9138759921,0
RNDR.V,D,20220424,000000,1.89438,1.90138,1.77335,1.79536,809729.4751691577,0
RNDR.V,D,20220425,000000,1.79636,1.80636,1.56816,1.71217,2319699.056016018,0
RNDR.V,D,20220426,000000,1.71334,1.74935,1.4903,1.54615,1901098.7605037873,0
RNDR.V,D,20220427,000000,1.545,1.555,1.44014,1.46515,1129556.2211617217,0
RNDR.V,D,20220428,000000,1.46415,1.622,1.46415,1.55416,2207970.617306383,0
RNDR.V,D,20220429,000000,1.55516,1.60116,1.37014,1.38314,1560345.7727048863,0
RNDR.V,D,20220430,000000,1.38314,1.42114,1.261,1.26413,1067966.097065103,0
RNDR.V,D,20220501,000000,1.261,1.79618,1.20112,1.52015,15790292.703145487,0
RNDR.V,D,20220502,000000,1.52415,1.91619,1.47915,1.64616,13985369.193071915,0
RNDR.V,D,20220503,000000,1.64616,1.76818,1.47985,1.49985,4836655.268932551,0
RNDR.V,D,20220504,000000,1.5017,1.808,1.48785,1.761,4751372.410814172,0
RNDR.V,D,20220505,000000,1.76147,1.89162,1.4807,1.57468,4466725.422195715,0
RNDR.V,D,20220506,000000,1.57269,1.61784,1.46271,1.49985,3502166.2591591096,0
RNDR.V,D,20220507,000000,1.50285,1.51985,1.35686,1.35886,2520685.601965093,0
RNDR.V,D,20220508,000000,1.35573,1.36345,1.28049,1.3236,2041259.4832191532,0
RNDR.V,D,20220509,000000,1.3236,1.3236,1.06657,1.16677,3274242.616601284,0
RNDR.V,D,20220510,000000,1.16565,1.26162,1.06468,1.10656,4278173.099833422,0
RNDR.V,D,20220511,000000,1.10456,1.19152,0.72018,0.77006,3462436.7177068642,0
RNDR.V,D,20220512,000000,0.77704,0.856474,0.587946,0.768918,4586454.949729894,0
RNDR.V,D,20220513,000000,0.767844,1.082288,0.754956,0.83358,3372069.43412426,0
RNDR.V,D,20220514,000000,0.838572,0.903462,0.747427,0.822846,2363619.6661483343,0
RNDR.V,D,20220515,000000,0.822846,0.934877,0.7988,0.915808,3221560.5687322263,0
RNDR.V,D,20220516,000000,0.916807,1.084371,0.831917,0.954757,3771503.3240593947,0
RNDR.V,D,20220517,000000,0.955756,1.10656,0.905821,0.99081,3088747.2290830826,0
RNDR.V,D,20220518,000000,0.99071,0.997801,0.82992,0.860793,1514961.611939972,0
RNDR.V,D,20220519,000000,0.859795,0.935064,0.818934,0.908091,1262214.4700136553,0
RNDR.V,D,20220520,000000,0.913086,0.94396,0.851976,0.877945,1520025.938776163,0
RNDR.V,D,20220521,000000,0.878944,0.928791,0.852975,0.893837,1109146.250522086,0
RNDR.V,D,20220522,000000,0.888843,0.938778,0.86596,0.879943,1155563.8911909745,0
RNDR.V,D,20220523,000000,0.882939,0.958041,0.870954,0.882939,1695106.140444558,0
RNDR.V,D,20220524,000000,0.879943,0.900827,0.826008,0.894835,1590656.03476737,0
RNDR.V,D,20220525,000000,0.894746,0.927885,0.868044,0.882029,1277755.7397286957,0
RNDR.V,D,20220526,000000,0.882939,0.884027,0.754094,0.790209,1255707.5864620206,0
RNDR.V,D,20220527,000000,0.791129,0.800199,0.675256,0.704295,1564545.936992678,0
RNDR.V,D,20220528,000000,0.702199,0.728213,0.685149,0.712166,869850.3097062678,0
RNDR.V,D,20220529,000000,0.712152,0.723269,0.679313,0.700222,868817.6012451747,0
RNDR.V,D,20220530,000000,0.702213,0.866393,0.701228,0.844324,2481797.6692155055,0
RNDR.V,D,20220531,000000,0.842326,0.915359,0.78637,0.847237,5396147.555663013,0
RNDR.V,D,20220601,000000,0.848363,0.858364,0.724275,0.744329,3016868.8769444935,0
RNDR.V,D,20220602,000000,0.740333,0.760315,0.723276,0.757318,1206420.6982179782,0
RNDR.V,D,20220603,000000,0.758317,0.774303,0.704436,0.72337,1243917.113748878,0
RNDR.V,D,20220604,000000,0.722371,0.728358,0.691419,0.721451,3023821.515133929,0
RNDR.V,D,20220605,000000,0.722465,0.731341,0.679429,0.717332,3040790.0195561415,0
RNDR.V,D,20220606,000000,0.718324,0.794324,0.6814,0.712401,13550559.973797727,0
RNDR.V,D,20220607,000000,0.718396,0.746305,0.653444,0.726404,11932589.828431837,0
RNDR.V,D,20220608,000000,0.72841,0.729423,0.681536,0.688552,6051133.730246308,0
RNDR.V,D,20220609,000000,0.688552,0.716362,0.668505,0.69042,4588619.797387062,0
RNDR.V,D,20220610,000000,0.690413,0.708397,0.611364,0.63219,13802120.09582291,0
RNDR.V,D,20220611,000000,0.633188,0.641262,0.546322,0.568357,3198814.5885221967,0
RNDR.V,D,20220612,000000,0.567358,0.578195,0.49231,0.535335,3561193.764495307,0
RNDR.V,D,20220613,000000,0.534337,0.548303,0.358278,0.418418,53591593.3603163,0
RNDR.V,D,20220614,000000,0.41942,0.443352,0.361548,0.363563,63229436.515934914,0
RNDR.V,D,20220615,000000,0.364558,0.419538,0.324415,0.418372,38020862.10588681,0
RNDR.V,D,20220616,000000,0.419412,0.423449,0.339626,0.365488,8950537.99127648,0
RNDR.V,D,20220617,000000,0.339028,0.37,0.334235,0.36,43709021.189342044,0
RNDR.V,D,20220618,000000,0.35,0.37,0.273594,0.305504,44252374.50913294,0
RNDR.V,D,20220619,000000,0.309495,0.579304,0.29558,0.452411,43541949.12735269,0
RNDR.V,D,20220620,000000,0.45341,0.537408,0.421494,0.425531,38375423.799044035,0
RNDR.V,D,20220621,000000,0.425531,0.504444,0.415542,0.443512,18759852.115316376,0
RNDR.V,D,20220622,000000,0.444511,0.554445,0.412546,0.507492,20820955.77054066,0
RNDR.V,D,20220623,000000,0.506493,0.61938,0.488462,0.554445,23506023.52531356,0
RNDR.V,D,20220624,000000,0.554445,0.620379,0.537548,0.572553,23063647.282730196,0
RNDR.V,D,20220625,000000,0.571428,0.574592,0.510653,0.550614,10166463.46582734,0
RNDR.V,D,20220626,000000,0.551619,0.553618,0.509699,0.525674,9206466.795617962,0
RNDR.V,D,20220627,000000,0.523686,0.547677,0.469563,0.485563,6559335.2183493,0
RNDR.V,D,20220628,000000,0.485553,0.703359,0.47953,0.576313,32225190.019409135,0
RNDR.V,D,20220629,000000,0.576285,0.644329,0.55232,0.588287,16166191.072412977,0
RNDR.V,D,20220630,000000,0.587294,0.60224,0.485417,0.4994,17122835.51316861,0
RNDR.V,D,20220701,000000,0.4985,0.5475,0.4785,0.4995,16115919.160162196,0
RNDR.V,D,20220702,000000,0.499,0.506,0.479,0.4845,9722703.649303941,0
RNDR.V,D,20220705,000000,0.502447,0.510438,0.479472,0.502447,2124048.9921857645,0
RNDR.V,D,20220706,000000,0.504444,0.524423,0.489412,0.512436,3279944.2170251813,0
RNDR.V,D,20220707,000000,0.513383,0.579362,0.505393,0.556666,8533820.191411564,0
RNDR.V,D,20220708,000000,0.556666,0.577538,0.504697,0.518689,4617636.618624691,0
RNDR.V,D,20220709,000000,0.517689,0.537677,0.510642,0.523686,2845476.852203105,0
RNDR.V,D,20220710,000000,0.524685,0.531681,0.489657,0.505696,2401891.802120222,0
RNDR.V,D,20220711,000000,0.502698,0.529629,0.482614,0.500549,3512162.645892763,0
RNDR.V,D,20220712,000000,0.500549,0.504495,0.465487,0.473526,2158237.469005946,0
RNDR.V,D,20220713,000000,0.472541,0.486513,0.433566,0.476571,2202881.495542616,0
RNDR.V,D,20220714,000000,0.476571,0.503698,0.469671,0.490656,3084858.2959998515,0
RNDR.V,D,20220715,000000,0.489706,0.54878,0.488707,0.527842,3165888.5324015343,0
RNDR.V,D,20220716,000000,0.527842,0.544837,0.4988,0.524895,2537767.465789446,0
RNDR.V,D,20220717,000000,0.523864,0.549868,0.507903,0.526858,2359546.276519318,0
RNDR.V,D,20220718,000000,0.524864,0.597,0.513836,0.578867,3773887.978144016,0
RNDR.V,D,20220719,000000,0.577827,0.657993,0.553945,0.637102,7427212.903369624,0
RNDR.V,D,20220720,000000,0.639,0.641,0.555961,0.578029,4854305.03736445,0
RNDR.V,D,20220721,000000,0.579058,0.586105,0.537021,0.566136,2398550.184950155,0
RNDR.V,D,20220722,000000,0.565141,0.603054,0.545082,0.54612,3427914.1960109035,0
RNDR.V,D,20220723,000000,0.546126,0.593119,0.537059,0.55011,5362903.557309731,0
RNDR.V,D,20220724,000000,0.550055,0.654941,0.549055,0.632126,11807744.253436627,0
RNDR.V,D,20220725,000000,0.632126,0.64813,0.566062,0.581046,4386646.922615051,0
RNDR.V,D,20220726,000000,0.580052,0.580087,0.510015,0.523078,3515282.3970124074,0
RNDR.V,D,20220727,000000,0.524073,0.591154,0.523073,0.58214,5548866.063554836,0
RNDR.V,D,20220728,000000,0.584134,0.626169,0.567085,0.606121,4494346.639321829,0
RNDR.V,D,20220729,000000,0.606152,0.643064,0.575195,0.602241,5510191.763749458,0
RNDR.V,D,20220730,000000,0.604242,0.644225,0.599228,0.607206,2741605.719199394,0
RNDR.V,D,20220731,000000,0.607212,0.858266,0.593172,0.774178,33548696.50899866,0
RNDR.V,D,20220801,000000,0.77531,0.77631,0.655098,0.687206,8519255.07354992,0
RNDR.V,D,20220802,000000,0.687206,0.722188,0.63219,0.700119,5066066.430259993,0
RNDR.V,D,20220803,000000,0.701133,0.754166,0.661172,0.734184,3444354.156265401,0
RNDR.V,D,20220804,000000,0.734169,0.734169,0.66602,0.67302,3119753.723788636,0
RNDR.V,D,20220805,000000,0.67102,0.814967,0.67102,0.767146,6585870.915704661,0
RNDR.V,D,20220806,000000,0.767146,0.775155,0.73211,0.739163,2384657.5559423044,0
RNDR.V,D,20220807,000000,0.73917,0.765099,0.71315,0.754136,2212612.095403292,0
RNDR.V,D,20220808,000000,0.754136,0.843169,0.736132,0.761091,4581969.903126488,0
RNDR.V,D,20220809,000000,0.761091,0.770162,0.694153,0.715143,3113124.656507944,0
RNDR.V,D,20220810,000000,0.718144,0.77455,0.675155,0.726211,3519117.000226409,0
RNDR.V,D,20220811,000000,0.726218,0.759334,0.696306,0.706332,3206181.132884568,0
RNDR.V,D,20220812,000000,0.703351,0.730365,0.693277,0.721332,1579551.9365311796,0
RNDR.V,D,20220813,000000,0.720331,0.795238,0.709284,0.762297,4077070.1980060544,0
RNDR.V,D,20220814,000000,0.762297,0.799272,0.719151,0.732227,4583608.7352426415,0
RNDR.V,D,20220815,000000,0.732227,0.742208,0.68315,0.691166,2062296.1239811094,0
RNDR.V,D,20220816,000000,0.690166,0.69814,0.662033,0.66706,1789974.3993782206,0
RNDR.V,D,20220817,000000,0.66706,0.7111,0.625994,0.644045,3815358.9041195526,0
RNDR.V,D,20220818,000000,0.644052,0.659007,0.628019,0.642019,1991021.6967909483,0
RNDR.V,D,20220819,000000,0.643064,0.643064,0.551,0.557056,2450703.190991093,0
RNDR.V,D,20220820,000000,0.554022,0.572029,0.527857,0.539,1469051.0248101947,0
RNDR.V,D,20220821,000000,0.54,0.697063,0.537973,0.602982,12524546.719554527,0
RNDR.V,D,20220822,000000,0.601988,0.645981,0.587865,0.600892,4534404.471819294,0
RNDR.V,D,20220823,000000,0.60091,0.618062,0.581,0.601006,2506444.1449474604,0
RNDR.V,D,20220824,000000,0.601,0.616031,0.569983,0.591053,2593288.901624881,0
RNDR.V,D,20220825,000000,0.592047,0.601018,0.571051,0.577017,2170193.347876851,0
RNDR.V,D,20220826,000000,0.577006,0.580081,0.514985,0.526047,3415927.8290560716,0
RNDR.V,D,20220827,000000,0.526047,0.574029,0.494015,0.513015,6932815.075688786,0
RNDR.V,D,20220828,000000,0.51101,0.578017,0.509959,0.528,5982937.214800971,0
RNDR.V,D,20220829,000000,0.528,0.558011,0.50195,0.544038,5841574.425208325,0
RNDR.V,D,20220830,000000,0.542038,0.548995,0.506056,0.526042,1946035.6513159105,0
RNDR.V,D,20220831,000000,0.530048,0.544011,0.51501,0.522995,1653516.5852428114,0
RNDR.V,D,20220901,000000,0.522995,0.526,0.49897,0.520969,1223009.3706892838,0
RNDR.V,D,20220902,000000,0.521979,0.540965,0.508831,0.516077,1920638.423350533,0
RNDR.V,D,20220903,000000,0.517083,0.523258,0.4997,0.510051,858969.8499386073,0
RNDR.V,D,20220904,000000,0.51,0.5207,0.4953,0.5151,1121176.7332822538,0
RNDR.V,D,20220905,000000,0.515,0.5242,0.4747,0.492949,2832623.0125145237,0
RNDR.V,D,20220906,000000,0.495049,0.509051,0.466953,0.475,2212610.901955039,0
RNDR.V,D,20220907,000000,0.475,0.522151,0.457982,0.513051,3381101.1873225975,0
RNDR.V,D,20220908,000000,0.511031,0.697042,0.490044,0.551083,17867855.49320218,0
RNDR.V,D,20220909,000000,0.55,0.572109,0.534128,0.557189,4496479.472688634,0
RNDR.V,D,20220910,000000,0.555222,0.644245,0.549159,0.579116,6613302.662663389,0
RNDR.V,D,20220911,000000,0.578121,0.604157,0.55016,0.552132,3898721.576472561,0
RNDR.V,D,20220912,000000,0.552138,0.59915,0.538075,0.574103,3188928.4085505162,0
RNDR.V,D,20220913,000000,0.574172,0.574172,0.50802,0.51601,1696349.7409344965,0
RNDR.V,D,20220914,000000,0.515005,0.530021,0.503005,0.516129,1698219.1421208277,0
RNDR.V,D,20220915,000000,0.515134,0.522146,0.489892,0.501955,1242205.846369945,0
RNDR.V,D,20220916,000000,0.50197,0.50598,0.418,0.472953,8548193.301305361,0
RNDR.V,D,20220917,000000,0.471953,0.523,0.456,0.476048,6623959.341844542,0
RNDR.V,D,20220918,000000,0.478,0.485,0.434957,0.438,1567787.858594198,0
RNDR.V,D,20220919,000000,0.434,0.481048,0.426957,0.454045,5169396.426917506,0
RNDR.V,D,20220920,000000,0.45209,0.50205,0.444044,0.465047,7592496.731672872,0
RNDR.V,D,20220921,000000,0.464,0.488,0.451,0.453,5475850.056487619,0
RNDR.V,D,20220922,000000,0.452045,0.477048,0.449,0.466953,1772583.0384417833,0
RNDR.V,D,20220923,000000,0.47,0.49725,0.459554,0.482,2338757.143007358,0
RNDR.V,D,20220924,000000,0.483966,0.492859,0.464842,0.467237,1461722.663874641,0
RNDR.V,D,20220925,000000,0.4667,0.487615,0.4524,0.463,1835491.9478336356,0
RNDR.V,D,20220926,000000,0.462695,0.498,0.448545,0.48,3295286.3625635686,0
RNDR.V,D,20220927,000000,0.480952,0.502,0.469953,0.473953,2384962.2876004777,0
RNDR.V,D,20220928,000000,0.473953,0.48,0.457954,0.476,1726267.3714929505,0
RNDR.V,D,20220929,000000,0.4767,0.4872,0.4587,0.467,1002540.8531150307,0
RNDR.V,D,20220930,000000,0.467547,0.478,0.45219,0.4607,1687103.5374848968,0
RNDR.V,D,20221001,000000,0.4608,0.4689,0.451445,0.4587,625660.4023855923,0
RNDR.V,D,20221002,000000,0.4595,0.470747,0.448545,0.458,697153.3551239333,0
RNDR.V,D,20221003,000000,0.457846,0.4616,0.441744,0.454945,1871742.3061146818,0
RNDR.V,D,20221004,000000,0.455346,0.587117,0.453945,0.50115,34880821.02065845,0
RNDR.V,D,20221005,000000,0.50015,0.539108,0.484,0.491049,11593288.636115078,0
RNDR.V,D,20221006,000000,0.495069,0.503086,0.476057,0.476086,2217251.238480276,0
RNDR.V,D,20221007,000000,0.477081,0.491488,0.463119,0.471366,1553559.6118167741,0
RNDR.V,D,20221008,000000,0.470647,0.479843,0.44644,0.453322,1795849.1231622926,0
RNDR.V,D,20221009,000000,0.453518,0.486149,0.450045,0.470494,2613722.418340931,0
RNDR.V,D,20221010,000000,0.470047,0.4748,0.446211,0.4557,2271391.231318749,0
RNDR.V,D,20221011,000000,0.4562,0.4568,0.421645,0.426762,3767225.454093917,0
RNDR.V,D,20221012,000000,0.426157,0.440882,0.406276,0.421713,2030218.4984017033,0
RNDR.V,D,20221013,000000,0.422108,0.424842,0.366778,0.412533,5540809.243954972,0
RNDR.V,D,20221014,000000,0.412429,0.434917,0.392608,0.398412,2768728.5031437217,0
RNDR.V,D,20221015,000000,0.398116,0.442904,0.385631,0.411421,5245522.27491093,0
RNDR.V,D,20221016,000000,0.412,0.477024,0.40702,0.436022,11662063.645435724,0
RNDR.V,D,20221017,000000,0.435022,0.442013,0.422025,0.427009,2598230.904945706,0
RNDR.V,D,20221018,000000,0.427804,0.438331,0.405616,0.424721,2108254.357631363,0
RNDR.V,D,20221019,000000,0.425317,0.460037,0.409616,0.43,5945140.349840497,0
RNDR.V,D,20221020,000000,0.43,0.459991,0.417975,0.427957,7124363.8106473405,0
RNDR.V,D,20221021,000000,0.426957,0.431,0.402992,0.42703,3100939.82210112,0
RNDR.V,D,20221022,000000,0.428734,0.525037,0.428134,0.457041,12613523.703153653,0
RNDR.V,D,20221023,000000,0.458041,0.50604,0.449004,0.469061,10606011.414404644,0
RNDR.V,D,20221024,000000,0.469056,0.535064,0.469005,0.515021,12343286.596996866,0
RNDR.V,D,20221025,000000,0.515021,0.542179,0.502,0.528169,6734888.083964602,0
RNDR.V,D,20221026,000000,0.527158,0.557134,0.520083,0.533149,3969629.9537727516,0
RNDR.V,D,20221027,000000,0.531149,0.54286,0.490015,0.50802,2616683.5563111375,0
RNDR.V,D,20221028,000000,0.509025,0.561418,0.49682,0.545114,3122878.186377668,0
RNDR.V,D,20221029,000000,0.545104,0.564186,0.535155,0.554127,3259502.1214924688,0
RNDR.V,D,20221030,000000,0.555133,0.572166,0.537161,0.566113,4089856.1404770785,0
RNDR.V,D,20221031,000000,0.564113,0.622137,0.563113,0.594952,6707140.243164594,0
RNDR.V,D,20221101,000000,0.59497,0.679925,0.587824,0.663927,6395822.835476498,0
RNDR.V,D,20221102,000000,0.664934,0.958799,0.657921,0.738956,44696972.253017135,0
RNDR.V,D,20221103,000000,0.738956,0.885929,0.736919,0.746,16105672.33212226,0
RNDR.V,D,20221104,000000,0.743,0.797056,0.697923,0.770062,8386480.464789648,0
RNDR.V,D,20221105,000000,0.770062,0.955067,0.734066,0.927046,25723752.943278853,0
RNDR.V,D,20221106,000000,0.929046,1.173047,0.890053,0.931074,35691636.745051004,0
RNDR.V,D,20221107,000000,0.930065,0.984079,0.765069,0.783102,15639731.350042574,0
RNDR.V,D,20221108,000000,0.783235,0.809,0.525683,0.593776,12171763.994840056,0
RNDR.V,D,20221109,000000,0.593776,0.627687,0.395184,0.429007,9206549.608771095,0
RNDR.V,D,20221110,000000,0.428203,0.728394,0.413549,0.613139,19703086.162899505,0
RNDR.V,D,20221111,000000,0.613627,0.695825,0.513024,0.548039,7220827.694229254,0
RNDR.V,D,20221112,000000,0.546437,0.550641,0.481132,0.500098,4151333.624893396,0
RNDR.V,D,20221113,000000,0.500098,0.597163,0.478425,0.482324,5264417.380292438,0
RNDR.V,D,20221114,000000,0.480423,0.527314,0.460309,0.48627,2332818.8079039496,0
RNDR.V,D,20221115,000000,0.486245,0.519272,0.484515,0.491508,1486274.7462353695,0
RNDR.V,D,20221116,000000,0.492399,0.513383,0.469492,0.478559,2204520.7893458256,0
RNDR.V,D,20221117,000000,0.47952,0.491641,0.470581,0.47363,2341470.1009382983,0
RNDR.V,D,20221118,000000,0.474625,0.492606,0.469436,0.473455,1152590.0593654006,0
RNDR.V,D,20221119,000000,0.472456,0.4834,0.45647,0.464512,2491057.5597869223,0
RNDR.V,D,20221120,000000,0.464516,0.493407,0.43733,0.44033,2071932.5096090322,0
RNDR.V,D,20221121,000000,0.440325,0.444439,0.405562,0.420495,2685916.598344405,0
RNDR.V,D,20221122,000000,0.420491,0.433492,0.39952,0.429475,1634767.25229956,0
RNDR.V,D,20221123,000000,0.428447,0.47044,0.427435,0.453501,3140203.451324855,0
RNDR.V,D,20221124,000000,0.455498,0.477484,0.4396,0.449618,2239671.9764225157,0
RNDR.V,D,20221125,000000,0.450621,0.461626,0.430647,0.447749,1272002.697841953,0
RNDR.V,D,20221126,000000,0.44774,0.516659,0.443738,0.479717,7497440.178443398,0
RNDR.V,D,20221127,000000,0.478722,0.566665,0.477718,0.513671,9663563.122009125,0
RNDR.V,D,20221128,000000,0.512672,0.512795,0.464809,0.470821,2603341.227266408,0
RNDR.V,D,20221129,000000,0.469817,0.494733,0.448798,0.474815,3553125.2645376255,0
RNDR.V,D,20221130,000000,0.475824,0.49882,0.468991,0.49503,2918721.817850509,0
RNDR.V,D,20221201,000000,0.49302,0.495059,0.478019,0.481024,1570995.880576932,0
RNDR.V,D,20221202,000000,0.482029,0.491044,0.473047,0.485029,1217778.4064206164,0
RNDR.V,D,20221203,000000,0.484019,0.528053,0.480024,0.4981,3229309.9679047074,0
RNDR.V,D,20221204,000000,0.49805,0.548,0.49805,0.509051,3359094.745948064,0
RNDR.V,D,20221205,000000,0.510102,0.537032,0.478,0.494015,3371126.8349649133,0
RNDR.V,D,20221206,000000,0.494049,0.50099,0.479034,0.50099,1220141.5815944395,0
RNDR.V,D,20221207,000000,0.50099,0.526989,0.485034,0.497,3784552.3233058276,0
RNDR.V,D,20221208,000000,0.497,0.531053,0.48999,0.530037,3173736.1867343537,0
RNDR.V,D,20221209,000000,0.530037,0.552055,0.506,0.515015,2978185.571624289,0
RNDR.V,D,20221210,000000,0.515021,0.534,0.503,0.51899,3040138.6424599728,0
RNDR.V,D,20221211,000000,0.51899,0.52501,0.49905,0.5001,1213933.3292789296,0
RNDR.V,D,20221212,000000,0.5011,0.506051,0.487034,0.498045,1539807.761890204,0
RNDR.V,D,20221213,000000,0.500035,0.53693,0.488132,0.51887,4169631.114699426,0
RNDR.V,D,20221214,000000,0.516835,0.523906,0.499035,0.501035,1753307.4296483656,0
RNDR.V,D,20221215,000000,0.501,0.506101,0.491049,0.497099,1001811.431972585,0
RNDR.V,D,20221216,000000,0.497099,0.51,0.460046,0.460046,1617086.0333843508,0
RNDR.V,D,20221217,000000,0.460046,0.461046,0.429043,0.446058,2139653.435797009,0
RNDR.V,D,20221218,000000,0.446058,0.451018,0.441035,0.449058,491858.83755825914,0
RNDR.V,D,20221219,000000,0.450054,0.452081,0.421,0.421004,1249430.7601619475,0
RNDR.V,D,20221220,000000,0.421992,0.440026,0.409,0.433017,1517444.13316219,0
RNDR.V,D,20221221,000000,0.433017,0.434013,0.409029,0.412021,1257271.8293901035,0
RNDR.V,D,20221222,000000,0.412021,0.446996,0.409992,0.427927,1732414.0837951605,0
RNDR.V,D,20221223,000000,0.426932,0.449022,0.425936,0.427953,2045143.2809649496,0
RNDR.V,D,20221224,000000,0.428957,0.430961,0.422983,0.423975,435538.9326142951,0
RNDR.V,D,20221225,000000,0.422975,0.427991,0.412938,0.418937,561450.6755137453,0
RNDR.V,D,20221226,000000,0.41895,0.419958,0.407959,0.416917,1062870.0562142686,0
RNDR.V,D,20221227,000000,0.416925,0.422911,0.408857,0.417833,888796.2384295082,0
RNDR.V,D,20221228,000000,0.417837,0.459779,0.404874,0.422772,3252436.161597905,0
RNDR.V,D,20221229,000000,0.423775,0.436773,0.408828,0.409815,1234086.0991798942,0
RNDR.V,D,20221230,000000,0.409815,0.410807,0.398197,0.406697,1396526.258551002,0
RNDR.V,D,20221231,000000,0.407192,0.414693,0.400791,0.401499,1034143.3512485771,0
RNDR.V,D,20230101,000000,0.401599,0.409516,0.398884,0.403514,1073334.8571870897,0
RNDR.V,D,20230102,000000,0.40351,0.417571,0.402227,0.417466,866661.0874655229,0
RNDR.V,D,20230103,000000,0.417462,0.41837,0.402635,0.40884,1314194.9627986753,0
RNDR.V,D,20230104,000000,0.408741,0.423031,0.400336,0.414063,2458604.1534623485,0
RNDR.V,D,20230105,000000,0.414063,0.433822,0.408628,0.421952,1629904.443561379,0
RNDR.V,D,20230106,000000,0.421852,0.421852,0.403566,0.416971,1031627.4382986245,0
RNDR.V,D,20230107,000000,0.417266,0.431266,0.409873,0.412697,3986738.9030445297,0
RNDR.V,D,20230108,000000,0.412976,0.427419,0.408539,0.426636,1392649.084079666,0
RNDR.V,D,20230109,000000,0.426815,0.456573,0.426815,0.440096,3013539.9397250386,0
RNDR.V,D,20230110,000000,0.4401,0.466572,0.435209,0.448263,2780649.6932924357,0
RNDR.V,D,20230111,000000,0.448267,0.4597,0.434848,0.446691,1723689.188416893,0
RNDR.V,D,20230112,000000,0.447255,0.472952,0.437356,0.461046,3836555.029481928,0
RNDR.V,D,20230113,000000,0.461037,0.555961,0.454527,0.529048,14547917.780636895,0
RNDR.V,D,20230114,000000,0.529048,0.608116,0.518098,0.539027,8882370.919969266,0
RNDR.V,D,20230115,000000,0.540027,0.608182,0.511056,0.565164,7301901.9303627005,0
RNDR.V,D,20230116,000000,0.565164,0.629,0.558039,0.612012,7646797.2146723345,0
RNDR.V,D,20230117,000000,0.612012,0.617049,0.573989,0.586059,5736496.542687242,0
RNDR.V,D,20230118,000000,0.586064,0.597054,0.521953,0.535973,6776601.677257001,0
RNDR.V,D,20230119,000000,0.536973,0.566994,0.526953,0.565977,3895123.066646248,0
RNDR.V,D,20230120,000000,0.564977,0.742111,0.557994,0.700119,14224315.878186231,0
RNDR.V,D,20230121,000000,0.700126,0.741193,0.680136,0.70214,7485025.547319236,0
RNDR.V,D,20230122,000000,0.701105,0.712135,0.64609,0.674128,7240192.486081789,0
RNDR.V,D,20230123,000000,0.674135,0.869113,0.674135,0.833133,15766980.679954864,0
RNDR.V,D,20230124,000000,0.833125,0.899117,0.761114,0.797016,8791882.240446987,0
RNDR.V,D,20230125,000000,0.799016,0.94015,0.766077,0.873148,11686658.16926191,0
RNDR.V,D,20230126,000000,0.871148,0.935178,0.85217,0.87407,8451402.030225696,0
RNDR.V,D,20230127,000000,0.874079,0.900126,0.808218,0.86933,7917310.618893361,0
RNDR.V,D,20230128,000000,0.869304,1.377289,0.857223,1.234234,38769010.36150245,0
RNDR.V,D,20230129,000000,1.236235,1.439389,1.142274,1.31605,31166707.571850523,0
RNDR.V,D,20230130,000000,1.31605,1.32609,1.14402,1.18908,11774132.96457779,0
RNDR.V,D,20230131,000000,1.19008,1.49696,1.16292,1.43513,25646324.319969613,0
RNDR.V,D,20230201,000000,1.4361,1.67825,1.33501,1.55309,24743529.00968314,0
RNDR.V,D,20230202,000000,1.55609,1.78414,1.50627,1.73335,17963242.278317973,0
RNDR.V,D,20230203,000000,1.73335,1.75026,1.53325,1.70414,16283528.543878952,0
RNDR.V,D,20230204,000000,1.70415,1.76114,1.62711,1.68914,9852447.234362435,0
RNDR.V,D,20230205,000000,1.69014,1.87041,1.63224,1.76744,20406936.851524964,0
RNDR.V,D,20230206,000000,1.76544,2.003,1.7324,1.88108,24722928.78611932,0
RNDR.V,D,20230207,000000,1.88008,2.19011,1.80818,2.18615,23061727.83129641,0
RNDR.V,D,20230208,000000,2.18713,2.19013,1.60121,1.73114,25690941.822031967,0
RNDR.V,D,20230209,000000,1.73214,1.79496,1.27728,1.31912,32732812.440283515,0
RNDR.V,D,20230210,000000,1.32013,1.5243,1.31816,1.48822,22519684.218380697,0
RNDR.V,D,20230211,000000,1.48,1.49321,1.35112,1.42713,11794126.634618696,0
RNDR.V,D,20230212,000000,1.42714,1.68307,1.39422,1.58613,18029822.558269653,0
RNDR.V,D,20230213,000000,1.58916,1.65646,1.394,1.45579,15054199.867717087,0
RNDR.V,D,20230214,000000,1.4558,1.77768,1.44572,1.72469,21035208.58567767,0
RNDR.V,D,20230215,000000,1.72669,2.08629,1.69061,2.02136,19979987.800200805,0
RNDR.V,D,20230216,000000,2.02238,2.13738,1.76918,1.79261,21821334.69784843,0
RNDR.V,D,20230217,000000,1.79461,1.99096,1.68824,1.87719,23577518.373939198,0
RNDR.V,D,20230218,000000,1.88019,1.93639,1.78432,1.8463,9275083.513271308,0
RNDR.V,D,20230219,000000,1.8473,1.86628,1.70548,1.72538,6717171.673735579,0
RNDR.V,D,20230220,000000,1.72738,1.74917,1.60948,1.69505,12636528.72043031,0
RNDR.V,D,20230221,000000,1.69407,1.88024,1.64433,1.67929,8456879.59113857,0
RNDR.V,D,20230222,000000,1.6793,1.70724,1.51406,1.628,5143796.552064955,0
RNDR.V,D,20230223,000000,1.627,1.70622,1.54029,1.5682,8228874.079402849,0
RNDR.V,D,20230224,000000,1.56722,1.68032,1.38711,1.40699,13171369.017041404,0
RNDR.V,D,20230225,000000,1.40799,1.47113,1.31325,1.3991,5475898.797257637,0
RNDR.V,D,20230226,000000,1.39414,1.57111,1.3821,1.54212,6605446.496537367,0
RNDR.V,D,20230227,000000,1.54008,1.56711,1.4402,1.48907,6346732.919737353,0
RNDR.V,D,20230228,000000,1.49107,1.63397,1.44335,1.46932,13879645.044954028,0
RNDR.V,D,20230301,000000,1.46828,1.54226,1.43319,1.5252,6539906.252531029,0
RNDR.V,D,20230302,000000,1.5252,1.58222,1.417,1.51714,7310932.601748279,0
RNDR.V,D,20230303,000000,1.51812,1.54414,1.31811,1.33809,7704172.616229946,0
RNDR.V,D,20230304,000000,1.33809,1.37407,1.17306,1.2101,11659050.589688199,0
RNDR.V,D,20230305,000000,1.21308,1.2851,1.19814,1.20413,4378162.427096242,0
RNDR.V,D,20230306,000000,1.20014,1.23591,1.16319,1.20693,5276572.490897374,0
RNDR.V,D,20230307,000000,1.20688,1.28599,1.14197,1.16194,7415934.97125389,0
RNDR.V,D,20230308,000000,1.166,1.19282,1.04696,1.05794,4642227.225575715,0
RNDR.V,D,20230309,000000,1.05889,1.16946,1.00022,1.0051,5828061.0061391415,0
RNDR.V,D,20230310,000000,1.0041,1.067,0.89493,1.05279,8795195.050911024,0
RNDR.V,D,20230311,000000,1.05376,1.1052,0.91884,0.96897,8128564.349028477,0
RNDR.V,D,20230312,000000,0.97213,1.189521,0.964293,1.166007,6807186.612784551,0
RNDR.V,D,20230313,000000,1.168026,1.395487,1.149917,1.307195,18081351.208064232,0
RNDR.V,D,20230314,000000,1.308199,1.476678,1.231885,1.392687,15653026.447233306,0
RNDR.V,D,20230315,000000,1.393927,1.515997,1.172878,1.262342,16063494.357072674,0
RNDR.V,D,20230316,000000,1.256242,1.381027,1.234293,1.323313,10901922.132264255,0
RNDR.V,D,20230317,000000,1.327284,1.468853,1.311854,1.453333,7316304.152796739,0
RNDR.V,D,20230318,000000,1.45435,1.598732,1.413793,1.460353,10242639.772024138,0
RNDR.V,D,20230319,000000,1.463362,1.582734,1.402987,1.497524,8650373.50428718,0
RNDR.V,D,20230320,000000,1.497524,1.505608,1.336875,1.351917,8966938.884020658,0
RNDR.V,D,20230321,000000,1.348906,1.394198,1.276783,1.335259,6113370.043747958,0
RNDR.V,D,20230322,000000,1.335246,1.491705,1.298141,1.405841,13667986.631324686,0
RNDR.V,D,20230323,000000,1.406844,1.421038,1.314401,1.32976,6640622.545142814,0
RNDR.V,D,20230324,000000,1.328758,1.346634,1.190831,1.210221,6124912.663411636,0
RNDR.V,D,20230325,000000,1.20834,1.234258,1.128274,1.148113,4230140.747935781,0
RNDR.V,D,20230326,000000,1.14511,1.26113,1.137091,1.20636,3859430.7555382745,0
RNDR.V,D,20230327,000000,1.21033,1.23694,1.10374,1.14854,3766282.624493362,0
RNDR.V,D,20230328,000000,1.14754,1.19205,1.08935,1.16345,4902838.6983435,0
RNDR.V,D,20230329,000000,1.16245,1.31534,1.1603,1.29823,5203016.09940568,0
RNDR.V,D,20230330,000000,1.29625,1.31225,1.21722,1.25135,5499048.677957473,0
RNDR.V,D,20230331,000000,1.25334,1.35638,1.20535,1.34127,5018068.020583085,0
RNDR.V,D,20230401,000000,1.34127,1.3904,1.30455,1.33948,4795784.039685935,0
RNDR.V,D,20230402,000000,1.3385,1.36257,1.25685,1.26678,2796956.981891333,0
RNDR.V,D,20230403,000000,1.26879,1.35155,1.22728,1.2825,4949569.347155033,0
RNDR.V,D,20230404,000000,1.28351,1.37655,1.27357,1.33468,3889427.8477035505,0
RNDR.V,D,20230405,000000,1.33467,1.3924,1.30814,1.33248,3542183.4270355087,0
RNDR.V,D,20230406,000000,1.33148,1.34434,1.27256,1.29545,2014750.29357897,0
RNDR.V,D,20230407,000000,1.29745,1.31971,1.26576,1.27794,2144973.1504149763,0
RNDR.V,D,20230408,000000,1.27895,1.31054,1.26063,1.2715,1969676.243093411,0
RNDR.V,D,20230409,000000,1.2725,1.30977,1.24682,1.30487,1579038.984311768,0
RNDR.V,D,20230410,000000,1.30992,1.44418,1.29183,1.43516,5778093.185390358,0
RNDR.V,D,20230411,000000,1.43518,1.69856,1.43418,1.58056,20820654.036784887,0
RNDR.V,D,20230412,000000,1.58257,1.68148,1.53161,1.60425,11641296.951107148,0
RNDR.V,D,20230413,000000,1.60325,1.6857,1.55545,1.58652,7789220.588031579,0
RNDR.V,D,20230414,000000,1.58552,1.78963,1.5845,1.74545,15101933.850384755,0
RNDR.V,D,20230415,000000,1.74445,1.77063,1.65844,1.67049,5647901.714508739,0
RNDR.V,D,20230416,000000,1.6715,1.78648,1.65142,1.75019,6414634.762898631,0
RNDR.V,D,20230417,000000,1.75317,2.08704,1.72445,1.9982,26152735.978533063,0
RNDR.V,D,20230418,000000,2.00218,2.1287,1.94797,2.05537,13168203.061463913,0
RNDR.V,D,20230419,000000,2.05435,2.05435,1.8105,1.92606,14303148.20168046,0
RNDR.V,D,20230420,000000,1.92004,2.19431,1.85882,1.92115,25544483.446522202,0
RNDR.V,D,20230421,000000,1.92213,1.94288,1.62266,1.64282,19584565.017959032,0
RNDR.V,D,20230422,000000,1.64082,1.84606,1.62348,1.80816,10755794.494228942,0
RNDR.V,D,20230423,000000,1.80516,1.83216,1.63336,1.66208,5455156.423005166,0
RNDR.V,D,20230424,000000,1.65908,1.83689,1.648,1.76604,10817545.609942676,0
RNDR.V,D,20230425,000000,1.76504,1.98748,1.74503,1.97445,13215845.893995615,0
RNDR.V,D,20230426,000000,1.97645,2.46737,1.96443,2.37676,40293745.27531363,0
RNDR.V,D,20230427,000000,2.37176,2.40846,2.21769,2.35985,15823486.681962267,0
RNDR.V,D,20230428,000000,2.35478,2.58904,2.32588,2.38483,21243756.472412676,0
RNDR.V,D,20230429,000000,2.39184,2.49079,2.34366,2.38341,7749077.004601418,0
RNDR.V,D,20230430,000000,2.3814,2.56526,2.34226,2.42138,13428242.963617893,0
RNDR.V,D,20230501,000000,2.41935,2.4592,2.18763,2.19459,14692943.097444318,0
RNDR.V,D,20230502,000000,2.19757,2.27348,2.07812,2.10931,13948441.030255659,0
RNDR.V,D,20230503,000000,2.10829,2.29862,2.02483,2.27659,15287222.218703676,0
RNDR.V,D,20230504,000000,2.27661,2.3257,2.18281,2.25181,12139817.109917097,0
RNDR.V,D,20230505,000000,2.25081,2.25793,2.12881,2.18399,12257608.313405525,0
RNDR.V,D,20230506,000000,2.18601,2.21121,2.02511,2.09666,5676050.844160122,0
RNDR.V,D,20230507,000000,2.09163,2.23797,2.03088,2.15552,5950084.738529894,0
RNDR.V,D,20230508,000000,2.15344,2.16287,1.80039,1.85941,11070570.22657513,0
RNDR.V,D,20230509,000000,1.85939,1.87946,1.7007,1.74674,8062222.876859086,0
RNDR.V,D,20230510,000000,1.74875,1.94814,1.68286,1.83383,11481087.594386794,0
RNDR.V,D,20230511,000000,1.83383,1.86668,1.63047,1.71354,8529032.54734425,0
RNDR.V,D,20230512,000000,1.71571,1.80108,1.66166,1.78643,8041294.537854147,0
RNDR.V,D,20230513,000000,1.78743,1.88413,1.77489,1.82609,4310044.383853239,0
RNDR.V,D,20230514,000000,1.82891,1.89514,1.78107,1.8351,3570442.9813581286,0
RNDR.V,D,20230515,000000,1.83292,1.90152,1.7939,1.82227,3366280.2541268542,0
RNDR.V,D,20230516,000000,1.82227,1.98699,1.77524,1.94378,7784570.771854504,0
RNDR.V,D,20230517,000000,1.94278,2.34017,1.91777,2.28214,15793216.548168283,0
RNDR.V,D,20230518,000000,2.28791,2.513,2.2579,2.5,22164305.195652906,0
RNDR.V,D,20230519,000000,2.502,2.507,2.31325,2.3437,12252463.440321464,0
RNDR.V,D,20230520,000000,2.34517,2.42194,2.26836,2.35612,8528719.592556955,0
RNDR.V,D,20230521,000000,2.35612,2.93876,2.32733,2.47248,32751498.987924863,0
RNDR.V,D,20230522,000000,2.47148,2.51926,2.3364,2.44747,8432191.247206355,0
RNDR.V,D,20230523,000000,2.45022,2.79825,2.39865,2.71316,15377339.441901384,0
RNDR.V,D,20230524,000000,2.70735,2.76511,2.40195,2.63984,20153500.767310265,0
RNDR.V,D,20230525,000000,2.63687,2.89962,2.53495,2.70408,20529322.67924394,0
RNDR.V,D,20230526,000000,2.71008,2.87981,2.65408,2.75955,15769064.926002603,0
RNDR.V,D,20230527,000000,2.75855,2.78892,2.59478,2.62797,8542090.549667338,0
RNDR.V,D,20230528,000000,2.62705,2.73437,2.59804,2.72263,6158766.45691871,0
RNDR.V,D,20230529,000000,2.72463,2.81162,2.48262,2.54376,11613140.89458582,0
RNDR.V,D,20230530,000000,2.54476,2.69418,2.46947,2.60001,8783188.269563712,0
RNDR.V,D,20230531,000000,2.60101,2.62476,2.42268,2.4864,6439243.456702178,0
RNDR.V,D,20230601,000000,2.4884,2.62031,2.43156,2.50373,6348640.165071393,0
RNDR.V,D,20230602,000000,2.5017,2.65301,2.45352,2.58267,7201393.075296091,0
RNDR.V,D,20230603,000000,2.58167,2.63779,2.53501,2.60604,4151469.5258031604,0
RNDR.V,D,20230604,000000,2.60704,2.77678,2.57582,2.70887,8426274.18932203,0
RNDR.V,D,20230605,000000,2.70687,2.72287,2.22331,2.28769,21585483.717474002,0
RNDR.V,D,20230606,000000,2.28769,2.45671,2.17487,2.4127,15534169.030113185,0
RNDR.V,D,20230607,000000,2.4137,2.44759,2.18752,2.19224,9106502.694034874,0
RNDR.V,D,20230608,000000,2.19124,2.28523,2.142,2.25141,6915111.1485100975,0
RNDR.V,D,20230609,000000,2.2464,2.38988,2.20318,2.29956,6892271.567593133,0
RNDR.V,D,20230610,000000,2.29054,2.30577,1.81385,1.93312,11053255.733875616,0
RNDR.V,D,20230611,000000,1.93512,2.05797,1.85893,1.98982,7354264.578415497,0
RNDR.V,D,20230612,000000,1.9898,1.99001,1.87966,1.93008,6698483.393657361,0
RNDR.V,D,20230613,000000,1.93308,2.01382,1.89543,1.93175,5729084.3033786835,0
RNDR.V,D,20230614,000000,1.93575,1.96721,1.78684,1.82884,4160657.5910464674,0
RNDR.V,D,20230615,000000,1.83685,1.89727,1.71856,1.88244,6024305.842393947,0
RNDR.V,D,20230616,000000,1.87844,1.9381,1.79886,1.8925,4050581.433096879,0
RNDR.V,D,20230617,000000,1.8945,2.12296,1.8945,2.11211,6067695.036559675,0
RNDR.V,D,20230618,000000,2.10612,2.10811,1.97856,1.98454,4829354.835079316,0
RNDR.V,D,20230619,000000,1.98454,2.05528,1.93546,2.05136,4622448.397598172,0
RNDR.V,D,20230620,000000,2.05034,2.0922,1.93919,2.03831,5580693.7586131245,0
RNDR.V,D,20230621,000000,2.04031,2.3831,2.03524,2.28711,10901485.28010337,0
RNDR.V,D,20230622,000000,2.28725,2.35309,2.17646,2.18946,5259856.8087515505,0
RNDR.V,D,20230623,000000,2.18446,2.27041,2.1034,2.16926,5679805.911741166,0
RNDR.V,D,20230624,000000,2.16928,2.17728,1.99804,2.03728,4905341.782515235,0
RNDR.V,D,20230625,000000,2.03728,2.12489,2.02283,2.04465,2672353.2727806377,0
RNDR.V,D,20230626,000000,2.04465,2.12811,2.00406,2.00842,3024401.680962239,0
RNDR.V,D,20230627,000000,2.00742,2.11868,2.00444,2.07137,2569667.0737637836,0
RNDR.V,D,20230628,000000,2.07239,2.07437,1.87906,1.919,4222628.427363484,0
RNDR.V,D,20230629,000000,1.91998,2.02564,1.90577,1.98582,2816635.764896684,0
RNDR.V,D,20230630,000000,1.98774,2.09458,1.94079,2.04632,4930812.098889409,0
RNDR.V,D,20230701,000000,2.0473,2.08777,2.02955,2.04698,2211853.336099654,0
RNDR.V,D,20230702,000000,2.04798,2.06581,1.983,2.01818,1864546.433906656,0
RNDR.V,D,20230703,000000,2.02118,2.16043,2.00902,2.13515,4053836.962447236,0
RNDR.V,D,20230704,000000,2.13415,2.2384,2.06347,2.10046,4466285.081082933,0
RNDR.V,D,20230705,000000,2.10042,2.10442,1.94329,1.96231,2608449.595419822,0
RNDR.V,D,20230706,000000,1.96329,2.08104,1.90817,1.95682,2890908.20376138,0
RNDR.V,D,20230707,000000,1.95882,1.96594,1.89028,1.94131,1800865.304500813,0
RNDR.V,D,20230708,000000,1.94117,1.98806,1.90813,1.93233,1187638.4595854604,0
RNDR.V,D,20230709,000000,1.93331,1.97436,1.92627,1.92833,810705.499037229,0
RNDR.V,D,20230710,000000,1.93135,1.95914,1.85398,1.90938,1677219.3540841453,0
RNDR.V,D,20230711,000000,1.90921,2.01016,1.89319,1.98302,1513191.5998996575,0
RNDR.V,D,20230712,000000,1.9851,2.03998,1.91781,1.92985,2038849.0891004684,0
RNDR.V,D,20230713,000000,1.92896,2.11853,1.90685,2.05682,3245075.1251606136,0
RNDR.V,D,20230714,000000,2.0578,2.24223,1.97569,2.00898,6782661.560623688,0
RNDR.V,D,20230715,000000,2.01098,2.05862,1.97777,2.02261,2008558.2238997256,0
RNDR.V,D,20230716,000000,2.01859,2.03961,1.94397,1.9629,1373095.7690842573,0
RNDR.V,D,20230717,000000,1.96192,1.99176,1.89449,1.96435,2534034.8256547977,0
RNDR.V,D,20230718,000000,1.96333,2.01034,1.86404,1.88041,2332064.7326385113,0
RNDR.V,D,20230719,000000,1.87843,1.91936,1.83694,1.89298,2510355.2134479014,0
RNDR.V,D,20230720,000000,1.89198,1.944,1.83593,1.87598,1814071.9867861022,0
RNDR.V,D,20230721,000000,1.87783,1.91487,1.85191,1.88804,829314.5985578841,0
RNDR.V,D,20230722,000000,1.88902,1.899,1.85413,1.8572,539348.6298384281,0
RNDR.V,D,20230723,000000,1.8582,1.88496,1.80927,1.84296,756881.5266179311,0
RNDR.V,D,20230724,000000,1.84396,1.86191,1.71455,1.74181,2090818.6910484778,0
RNDR.V,D,20230725,000000,1.74179,1.81064,1.73676,1.76888,1393098.183097986,0
RNDR.V,D,20230726,000000,1.77288,1.786,1.72664,1.76407,1607111.260104513,0
RNDR.V,D,20230727,000000,1.76507,1.80798,1.741,1.76652,1371824.4861915316,0
RNDR.V,D,20230728,000000,1.77052,1.81893,1.7574,1.81796,819323.8125300423,0
RNDR.V,D,20230729,000000,1.81595,1.82582,1.78489,1.80498,503159.96104151744,0
RNDR.V,D,20230730,000000,1.80698,1.81609,1.762,1.77786,1198983.5962475818,0
RNDR.V,D,20230731,000000,1.77584,1.81785,1.73067,1.7537,1029685.1338525277,0
RNDR.V,D,20230801,000000,1.7517,1.77476,1.70061,1.7611,1094157.7322134054,0
RNDR.V,D,20230802,000000,1.7601,1.80444,1.74888,1.77399,963497.7053737027,0
RNDR.V,D,20230803,000000,1.77397,1.78646,1.73623,1.77055,688021.775691603,0
RNDR.V,D,20230804,000000,1.76857,1.78082,1.71189,1.72688,827764.6353274961,0
RNDR.V,D,20230805,000000,1.72888,1.73287,1.60096,1.61622,2708184.891358915,0
RNDR.V,D,20230806,000000,1.61732,1.67984,1.60884,1.63044,1734208.1092738276,0
RNDR.V,D,20230807,000000,1.63355,1.65851,1.5519,1.58315,2010468.7391121418,0
RNDR.V,D,20230808,000000,1.58414,1.64964,1.56992,1.63675,1576752.1888194194,0
RNDR.V,D,20230809,000000,1.63875,1.71414,1.6284,1.65754,1884336.90637839,0
RNDR.V,D,20230810,000000,1.65756,1.73316,1.65566,1.68321,2497604.5363863176,0
RNDR.V,D,20230811,000000,1.6842,1.71754,1.66189,1.67218,1033895.5615425013,0
RNDR.V,D,20230812,000000,1.67116,1.69854,1.66505,1.67504,573094.3608717434,0
RNDR.V,D,20230813,000000,1.67506,1.69474,1.66272,1.66868,694150.4936544651,0
RNDR.V,D,20230814,000000,1.66868,1.76281,1.63772,1.71702,2393781.180287902,0
RNDR.V,D,20230815,000000,1.71804,1.73809,1.61034,1.63617,2081354.6039533175,0
RNDR.V,D,20230816,000000,1.6352,1.6362,1.53539,1.55228,2392777.020715287,0
RNDR.V,D,20230817,000000,1.55126,1.60704,1.35643,1.39021,2509645.637351435,0
RNDR.V,D,20230818,000000,1.38121,1.47648,1.3652,1.41929,2403787.9100903654,0
RNDR.V,D,20230819,000000,1.41829,1.44545,1.39747,1.40963,1738597.5492403551,0
RNDR.V,D,20230820,000000,1.40863,1.4479,1.40458,1.42593,1015027.0545027378,0
RNDR.V,D,20230821,000000,1.42693,1.44274,1.34277,1.39879,1610587.5556437662,0
RNDR.V,D,20230822,000000,1.40079,1.41249,1.34161,1.35554,1243616.088773689,0
RNDR.V,D,20230823,000000,1.35554,1.47259,1.35354,1.45772,2701169.413967727,0
RNDR.V,D,20230824,000000,1.45771,1.5484,1.43433,1.46024,5403572.52739591,0
RNDR.V,D,20230825,000000,1.46025,1.48897,1.42252,1.47019,1995119.3094289082,0
RNDR.V,D,20230826,000000,1.46822,1.5012,1.42723,1.43621,1276873.8968072028,0
RNDR.V,D,20230827,000000,1.43722,1.43727,1.3963,1.40934,1244549.6264305762,0
RNDR.V,D,20230828,000000,1.40832,1.41829,1.372,1.39929,1516672.345523606,0
RNDR.V,D,20230829,000000,1.39827,1.4909,1.36105,1.47627,1924531.0793312832,0
RNDR.V,D,20230830,000000,1.47727,1.49525,1.42216,1.43501,2211093.2868785434,0
RNDR.V,D,20230831,000000,1.437,1.45615,1.34481,1.36182,2306641.2428471786,0
RNDR.V,D,20230901,000000,1.36382,1.3806,1.29647,1.33131,2032037.2028453045,0
RNDR.V,D,20230902,000000,1.33032,1.34473,1.31287,1.33285,696965.6673086359,0
RNDR.V,D,20230903,000000,1.33485,1.36669,1.32484,1.34876,987922.6934732482,0
RNDR.V,D,20230904,000000,1.34876,1.39769,1.33363,1.33563,1175699.1904161794,0
RNDR.V,D,20230905,000000,1.33163,1.36807,1.33159,1.35534,659877.1036553154,0
RNDR.V,D,20230906,000000,1.35535,1.39121,1.35037,1.38718,765461.6176402428,0
RNDR.V,D,20230907,000000,1.38715,1.48805,1.38328,1.45726,3597576.891337823,0
RNDR.V,D,20230908,000000,1.46231,1.51232,1.42747,1.4528,2316655.287214933,0
RNDR.V,D,20230909,000000,1.4498,1.48861,1.43942,1.48654,744761.43643584,0
RNDR.V,D,20230910,000000,1.48855,1.52645,1.44175,1.48345,2754846.197655711,0
RNDR.V,D,20230911,000000,1.48345,1.52044,1.38664,1.44454,2231389.0859870454,0
RNDR.V,D,20230912,000000,1.44654,1.57929,1.44654,1.51888,3327848.7670168746,0
RNDR.V,D,20230913,000000,1.51688,1.55084,1.4598,1.53331,1606212.8012136798,0
RNDR.V,D,20230914,000000,1.53331,1.56927,1.50308,1.54645,1352667.5631493211,0
RNDR.V,D,20230915,000000,1.54745,1.6029,1.51227,1.59695,1437935.5223378588,0
RNDR.V,D,20230916,000000,1.59995,1.62795,1.5742,1.60614,1596302.5822389754,0
RNDR.V,D,20230917,000000,1.60614,1.62023,1.54332,1.55737,983231.2068164824,0
RNDR.V,D,20230918,000000,1.55537,1.63634,1.53829,1.58027,2687991.207199408,0
RNDR.V,D,20230919,000000,1.58125,1.62713,1.55734,1.60622,1875436.1270449408,0
RNDR.V,D,20230920,000000,1.60722,1.63311,1.57908,1.6211,1397204.8557056813,0
RNDR.V,D,20230921,000000,1.62105,1.66118,1.59095,1.60794,2205498.7155312104,0
RNDR.V,D,20230922,000000,1.60895,1.65374,1.56297,1.59589,3873439.978930797,0
RNDR.V,D,20230923,000000,1.5979,1.61294,1.54403,1.56709,1604816.2204678536,0
RNDR.V,D,20230924,000000,1.56811,1.57505,1.53802,1.56906,873845.428488993,0
RNDR.V,D,20230925,000000,1.57006,1.57405,1.47963,1.49093,2270327.2677237713,0
RNDR.V,D,20230926,000000,1.48991,1.51364,1.46256,1.48436,1794334.9934642538,0
RNDR.V,D,20230927,000000,1.48136,1.51477,1.46298,1.47191,1492959.8681402719,0
RNDR.V,D,20230928,000000,1.47192,1.54932,1.4719,1.51995,1378657.9213520235,0
RNDR.V,D,20230929,000000,1.52097,1.5518,1.50992,1.53583,692561.8115926384,0
RNDR.V,D,20230930,000000,1.53883,1.55323,1.518,1.53231,787533.819524772,0
RNDR.V,D,20231001,000000,1.53431,1.6582,1.53215,1.65718,2061279.713882945,0
RNDR.V,D,20231002,000000,1.65618,1.8002,1.6502,1.70149,5509254.635573011,0
RNDR.V,D,20231003,000000,1.70049,1.784,1.67703,1.67898,3318595.7572575496,0
RNDR.V,D,20231004,000000,1.67698,1.71505,1.61319,1.70509,2902934.660889519,0
RNDR.V,D,20231005,000000,1.70409,1.75914,1.66737,1.71548,3884711.528791619,0
RNDR.V,D,20231006,000000,1.71448,1.83473,1.70746,1.82575,4237835.272725964,0
RNDR.V,D,20231007,000000,1.82775,1.89498,1.79308,1.81904,4684540.568480648,0
RNDR.V,D,20231008,000000,1.81904,1.86102,1.80934,1.83404,2289125.631455423,0
RNDR.V,D,20231009,000000,1.83304,1.84887,1.73231,1.75137,5234923.41232841,0
RNDR.V,D,20231010,000000,1.75235,1.80816,1.69908,1.8012,3803977.203127988,0
RNDR.V,D,20231011,000000,1.8002,1.85006,1.74365,1.79148,4738343.236663871,0
RNDR.V,D,20231012,000000,1.79048,1.80749,1.71142,1.73536,3997454.754416711,0
RNDR.V,D,20231013,000000,1.73636,1.77932,1.7094,1.75861,2884303.3295360594,0
RNDR.V,D,20231014,000000,1.75961,1.77654,1.71781,1.73588,1739973.5706924845,0
RNDR.V,D,20231015,000000,1.73688,1.76495,1.7049,1.72207,1625108.3170618005,0
RNDR.V,D,20231016,000000,1.72409,1.98326,1.71715,1.83175,8257927.672083731,0
RNDR.V,D,20231017,000000,1.83275,1.915,1.83081,1.88668,4577161.903159903,0
RNDR.V,D,20231018,000000,1.8837,1.93839,1.86665,1.93241,3316039.261197903,0
RNDR.V,D,20231019,000000,1.93441,1.97779,1.89338,1.93976,3471444.551437763,0
RNDR.V,D,20231020,000000,1.93978,1.9968,1.92285,1.98783,2273208.709560648,0
RNDR.V,D,20231021,000000,1.98882,2.03859,1.93956,2.00698,3308759.923653986,0
RNDR.V,D,20231022,000000,2.00598,2.04402,1.93164,1.93166,2854699.1538027315,0
RNDR.V,D,20231023,000000,1.93166,2.0702,1.92367,2.04106,3785962.5600733804,0
RNDR.V,D,20231024,000000,2.04204,2.19426,2.02598,2.07275,5192359.249502733,0
RNDR.V,D,20231025,000000,2.07075,2.14141,2.00714,2.05549,5048266.97327994,0
RNDR.V,D,20231026,000000,2.05647,2.19637,2.05545,2.149,4623812.946686677,0
RNDR.V,D,20231027,000000,2.15,2.2632,2.10838,2.2535,5761547.300111897,0
RNDR.V,D,20231028,000000,2.25252,2.46349,2.23949,2.42239,6907942.022862704,0
RNDR.V,D,20231029,000000,2.42241,2.64826,2.37745,2.60591,6218747.062800139,0
RNDR.V,D,20231030,000000,2.60594,2.67832,2.45078,2.45981,5636481.565269685,0
RNDR.V,D,20231031,000000,2.46084,2.56197,2.30069,2.35199,6284948.510189631,0
RNDR.V,D,20231101,000000,2.35199,2.46644,2.25734,2.40575,7744638.815092125,0
RNDR.V,D,20231102,000000,2.40675,2.54835,2.25454,2.27127,6521547.3912382275,0
RNDR.V,D,20231103,000000,2.26327,2.30451,2.13151,2.2989,6088237.9241705295,0
RNDR.V,D,20231104,000000,2.2989,2.36614,2.23189,2.35637,3244563.6685684365,0
RNDR.V,D,20231105,000000,2.35937,2.41972,2.30189,2.36289,3885394.9721958446,0
RNDR.V,D,20231106,000000,2.36186,2.49582,2.35188,2.46667,5660865.356345303,0
RNDR.V,D,20231107,000000,2.46869,2.50293,2.25132,2.33205,5515452.339173192,0
RNDR.V,D,20231108,000000,2.33107,2.43161,2.30301,2.34552,4210585.2337817885,0
RNDR.V,D,20231109,000000,2.34752,2.48294,1.93331,2.24743,7429975.402489313,0
RNDR.V,D,20231110,000000,2.24643,2.37523,2.20142,2.36823,4700798.823270734,0
RNDR.V,D,20231111,000000,2.36823,2.61765,2.30641,2.47562,9587382.68045958,0
RNDR.V,D,20231112,000000,2.47762,2.55082,2.36271,2.42897,6622023.339635413,0
RNDR.V,D,20231113,000000,2.42897,2.52773,2.30185,2.31567,5169609.701892033,0
RNDR.V,D,20231114,000000,2.31965,2.33342,2.10515,2.26329,3926729.1272170916,0
RNDR.V,D,20231115,000000,2.26432,2.87469,2.21629,2.84239,28479516.83001156,0
RNDR.V,D,20231116,000000,2.84842,3.33657,2.80349,3.04734,44041255.01200391,0
RNDR.V,D,20231117,000000,3.04834,3.15394,2.76625,3.07705,17597556.672775693,0
RNDR.V,D,20231118,000000,3.07505,3.49833,2.85723,3.39466,26800549.465523135,0
RNDR.V,D,20231119,000000,3.39066,3.63693,3.28064,3.35347,9965309.062785473,0
RNDR.V,D,20231120,000000,3.35247,3.74002,3.23365,3.39834,14112544.609986871,0
RNDR.V,D,20231121,000000,3.39734,3.56103,3.0892,3.11918,15207519.094699623,0
RNDR.V,D,20231122,000000,3.12819,3.46269,3.03218,3.34807,10502204.282446638,0
RNDR.V,D,20231123,000000,3.35304,3.455,3.21542,3.23745,4362624.348540091,0
RNDR.V,D,20231124,000000,3.23245,3.57232,3.19342,3.38974,7009018.838130274,0
RNDR.V,D,20231125,000000,3.3827,3.56546,3.34664,3.43703,5118541.620100277,0
RNDR.V,D,20231126,000000,3.43302,3.48398,3.21225,3.32826,4613714.398588232,0
RNDR.V,D,20231127,000000,3.32826,3.33934,3.09359,3.15106,4716733.187379587,0
RNDR.V,D,20231128,000000,3.14806,3.35501,3,3.30692,6663518.264830087,0
RNDR.V,D,20231129,000000,3.30892,3.39283,3.18027,3.24239,4683828.924949147,0
RNDR.V,D,20231130,000000,3.24239,3.49542,3.21461,3.46738,6237177.993839999,0
RNDR.V,D,20231201,000000,3.46759,3.62638,3.41365,3.54642,4874696.549229861,0
RNDR.V,D,20231202,000000,3.54742,3.63174,3.48153,3.56164,3760854.2494500782,0
RNDR.V,D,20231203,000000,3.56164,3.93542,3.54856,3.92141,7390072.293713975,0
RNDR.V,D,20231204,000000,3.92237,4.01833,3.62856,3.71715,13756887.896056164,0
RNDR.V,D,20231205,000000,3.71219,3.761,3.48731,3.5914,6120770.414877864,0
RNDR.V,D,20231206,000000,3.59543,3.92808,3.59543,3.6434,9246980.922013966,0
RNDR.V,D,20231207,000000,3.6454,3.76015,3.54246,3.63627,5469621.190546498,0
RNDR.V,D,20231208,000000,3.63027,4.08378,3.60104,3.89629,8200783.430962513,0
RNDR.V,D,20231209,000000,3.89729,3.9361,3.70122,3.75305,7132517.394321649,0
RNDR.V,D,20231210,000000,3.74501,3.855,3.66224,3.79511,5106443.1971686585,0
RNDR.V,D,20231211,000000,3.80011,3.95363,3.30436,3.90017,12656411.760696026,0
RNDR.V,D,20231212,000000,3.89717,4.25676,3.88202,4.16617,17249897.609536525,0
RNDR.V,D,20231213,000000,4.16712,4.33209,3.86441,4.16296,13136815.348313691,0
RNDR.V,D,20231214,000000,4.16796,4.89705,4.11186,4.59874,16741949.515113642,0
RNDR.V,D,20231215,000000,4.59978,4.73052,4.3954,4.4034,8812981.0236192,0
RNDR.V,D,20231216,000000,4.4014,4.8469,4.3363,4.41946,6822840.01378792,0
RNDR.V,D,20231217,000000,4.41447,4.43072,4.16496,4.23064,4510103.418430447,0
RNDR.V,D,20231218,000000,4.2286,4.42892,3.91479,4.42867,7090868.000816131,0
RNDR.V,D,20231219,000000,4.42767,4.54209,4.15671,4.18287,6165306.800195811,0
RNDR.V,D,20231220,000000,4.18691,4.62037,4.11972,4.46013,7369997.611184186,0
RNDR.V,D,20231221,000000,4.45818,4.559,4.21821,4.33382,6677612.62486004,0
RNDR.V,D,20231222,000000,4.33182,4.54623,4.2739,4.45151,6499389.330880045,0
RNDR.V,D,20231223,000000,4.45356,4.98304,4.2834,4.82736,10085568.80476151,0
RNDR.V,D,20231224,000000,4.83342,4.85665,4.50306,4.60103,6187926.244028395,0
RNDR.V,D,20231225,000000,4.60094,4.76781,4.53063,4.63002,3841800.7922639144,0
RNDR.V,D,20231226,000000,4.62902,5.27847,4.56414,5.21248,15444247.043434167,0
RNDR.V,D,20231227,000000,5.21248,5.27321,4.84585,4.94707,10479781.064860575,0
RNDR.V,D,20231228,000000,4.94857,5.02251,4.50872,4.57096,6209239.831477636,0
RNDR.V,D,20231229,000000,4.56996,4.79497,4.42412,4.56091,6011863.582179305,0
RNDR.V,D,20231230,000000,4.56191,4.76052,4.47942,4.54186,3302946.93904281,0
RNDR.V,D,20231231,000000,4.55291,4.66481,4.36726,4.4592,3097330.589967039,0
RNDR.V,D,20240101,000000,4.44789,4.82111,4.42773,4.70189,4120168.988313161,0
RNDR.V,D,20240102,000000,4.70094,5.08006,4.64376,4.68278,5238920.952789668,0
RNDR.V,D,20240103,000000,4.68273,4.77948,3.60396,4.43264,5523692.936858089,0
RNDR.V,D,20240104,000000,4.43173,4.66196,4.32297,4.44729,4326307.428838054,0
RNDR.V,D,20240105,000000,4.44524,4.47147,3.87398,3.87906,8175067.855879177,0
RNDR.V,D,20240106,000000,3.88006,4.02418,3.6905,3.78027,4889114.529598754,0
RNDR.V,D,20240107,000000,3.77927,3.87833,3.59548,3.62332,3375954.564131798,0
RNDR.V,D,20240108,000000,3.62428,4.13843,3.38483,4.02758,10904638.23860178,0
RNDR.V,D,20240109,000000,4.02158,4.18484,3.7409,3.8742,6858482.180142832,0
RNDR.V,D,20240110,000000,3.8702,4.30308,3.66148,4.30308,6431498.533020213,0
RNDR.V,D,20240111,000000,4.30612,4.4009,4.01812,4.0872,6498254.369071725,0
RNDR.V,D,20240112,000000,4.0682,4.08637,3.69301,3.80445,5530654.607280647,0
RNDR.V,D,20240113,000000,3.80268,3.93017,3.68815,3.90806,1963523.3426772617,0
RNDR.V,D,20240114,000000,3.90906,3.93831,3.77319,3.83316,2380270.547884112,0
RNDR.V,D,20240115,000000,3.83216,3.89789,3.7114,3.75854,2821808.240252362,0
RNDR.V,D,20240116,000000,3.76054,4.08051,3.71388,4.0104,4993425.161184629,0
RNDR.V,D,20240117,000000,4.0084,4.35999,3.95637,4.27472,9174917.772358675,0
RNDR.V,D,20240118,000000,4.26773,4.37158,3.9473,4.3566,8008185.0260528615,0
RNDR.V,D,20240119,000000,4.3556,4.3556,3.81822,4.16587,9187229.635487994,0
RNDR.V,D,20240120,000000,4.16787,4.16787,3.91022,3.99572,3325727.630771588,0
RNDR.V,D,20240121,000000,3.99672,4.06619,3.92817,3.9715,2172597.453839502,0
RNDR.V,D,20240122,000000,3.96822,4.00192,3.72712,3.76497,2404112.3762616836,0
RNDR.V,D,20240123,000000,3.77096,3.9049,3.51492,3.67073,4347530.893774654,0
RNDR.V,D,20240124,000000,3.67177,3.89462,3.64567,3.79599,3083813.0477373586,0
RNDR.V,D,20240125,000000,3.79603,3.9084,3.6604,3.709,2767278.9591239123,0
RNDR.V,D,20240126,000000,3.709,4.03015,3.6571,3.92917,3351072.394120248,0
RNDR.V,D,20240127,000000,3.93125,4.08796,3.88018,4.08296,2424446.95605011,0
RNDR.V,D,20240128,000000,4.07896,4.27457,3.93372,3.95737,5225167.663326685,0
RNDR.V,D,20240129,000000,3.95241,4.36504,3.93649,4.302,4478494.462886084,0
RNDR.V,D,20240130,000000,4.30204,4.84461,4.24817,4.64186,11348868.987789603,0
RNDR.V,D,20240131,000000,4.64495,4.73292,4.28356,4.37655,9054326.118768761,0
RNDR.V,D,20240201,000000,4.37555,4.83102,4.25634,4.61566,9518472.476212539,0
RNDR.V,D,20240202,000000,4.61566,4.7729,4.53028,4.64054,4989494.304238021,0
RNDR.V,D,20240203,000000,4.64154,5.01619,4.57485,4.74039,7387133.787137101,0
RNDR.V,D,20240204,000000,4.74539,4.9961,4.65632,4.68399,6754491.076366907,0
RNDR.V,D,20240205,000000,4.68703,4.70598,4.30088,4.34929,8205615.044438976,0
RNDR.V,D,20240206,000000,4.3483,4.49392,4.28089,4.30966,3424422.8757449044,0
RNDR.V,D,20240207,000000,4.31062,4.59826,4.25289,4.4831,2875316.2054110435,0
RNDR.V,D,20240208,000000,4.4841,4.57781,4.39291,4.43089,2630152.4329375597,0
RNDR.V,D,20240209,000000,4.43289,4.72383,4.42689,4.68876,4354249.88197719,0
RNDR.V,D,20240210,000000,4.69077,4.81741,4.58835,4.67131,3451618.184877128,0
RNDR.V,D,20240211,000000,4.67035,4.79487,4.58333,4.61134,2726217.32777324,0
RNDR.V,D,20240212,000000,4.61734,4.7902,4.448,4.7811,3019486.710804693,0
RNDR.V,D,20240213,000000,4.78105,5.15257,4.73485,4.8859,11467153.837928649,0
RNDR.V,D,20240214,000000,4.88695,5.10739,4.84105,5.04469,7016599.612995166,0
RNDR.V,D,20240215,000000,5.04369,5.32368,4.80235,5.2916,10795177.764935277,0
RNDR.V,D,20240216,000000,5.2916,5.70874,5.19671,5.26905,18418554.912533473,0
RNDR.V,D,20240217,000000,5.26705,5.68331,5.05242,5.67725,10176763.20090452,0
RNDR.V,D,20240218,000000,5.67625,5.80328,5.50365,5.77964,9627667.588517021,0
RNDR.V,D,20240219,000000,5.78864,6.41122,5.77469,6.37853,13327016.266325066,0
RNDR.V,D,20240220,000000,6.38053,6.49236,5.78245,6.42122,10700144.85694835,0
RNDR.V,D,20240221,000000,6.41622,6.93449,5.90041,6.809,15227720.082359934,0
RNDR.V,D,20240222,000000,6.797,7.85064,6.74707,7.61956,20339223.613206584,0
RNDR.V,D,20240223,000000,7.61756,8.12324,7.13,7.35797,15196256.581237344,0
RNDR.V,D,20240224,000000,7.35197,7.57524,6.87621,7.21,7854899.753237816,0
RNDR.V,D,20240225,000000,7.21293,7.74915,7.12564,7.15071,8527411.037763909,0
RNDR.V,D,20240226,000000,7.15771,7.68384,7.05373,7.60994,7103673.984221316,0
RNDR.V,D,20240227,000000,7.60987,7.67829,7.08068,7.2419,5729547.877035123,0
RNDR.V,D,20240228,000000,7.2489,7.98427,6.86421,7.8695,14111980.972000742,0
RNDR.V,D,20240229,000000,7.87551,8.29056,7.26153,7.35734,11344160.974836653,0
RNDR.V,D,20240301,000000,7.35834,8.24247,7.35626,7.80601,12756555.781498179,0
RNDR.V,D,20240302,000000,7.80801,7.98622,7.51376,7.63347,5651981.36342725,0
RNDR.V,D,20240303,000000,7.63447,8.07203,7.20405,7.57041,8149749.928729422,0
RNDR.V,D,20240304,000000,7.57641,7.67384,7.1623,7.48222,7776841.55786332,0
RNDR.V,D,20240305,000000,7.48115,7.4886,5.88086,6.77567,11959726.219927724,0
RNDR.V,D,20240306,000000,6.75966,9.57617,6.5906,9.42071,23110900.4655682,0
RNDR.V,D,20240307,000000,9.42271,10.79662,9.18741,10.10263,27328004.482876733,0
RNDR.V,D,20240308,000000,10.10443,11.01345,9.52818,10.42791,16693180.687731631,0
RNDR.V,D,20240309,000000,10.45198,12.75137,10.31305,12.27489,21772311.871433523,0
RNDR.V,D,20240310,000000,12.27276,12.56671,11.14814,11.33653,11037327.97591186,0
RNDR.V,D,20240311,000000,11.33052,12.70191,10.79603,11.44229,14156687.887702018,0
RNDR.V,D,20240312,000000,11.44717,11.75617,10.78083,11.26679,8910166.276307162,0
RNDR.V,D,20240313,000000,11.26779,11.77418,11.02836,11.38558,6127416.271842824,0
RNDR.V,D,20240314,000000,11.37969,11.93055,10.61085,11.67391,7108853.619589797,0
RNDR.V,D,20240315,000000,11.6698,11.96405,9.94442,11.0241,10810571.502884673,0
RNDR.V,D,20240316,000000,11.01999,11.89293,9.9972,10.17199,10799571.393696021,0
RNDR.V,D,20240317,000000,10.162,13.73378,9.92362,12.93301,25349886.094736133,0
RNDR.V,D,20240318,000000,12.952,13.49077,11.49827,11.84729,17794479.010462787,0
RNDR.V,D,20240319,000000,11.85229,11.92717,10.2986,10.61565,12807270.679991936,0
RNDR.V,D,20240320,000000,10.61155,12.32026,10.34324,12.11676,13989962.127425816,0
RNDR.V,D,20240321,000000,11.0977,11.17021,10.65908,10.77052,4326368.332792384,0
RNDR.V,D,20240322,000000,10.76852,11.39254,10.33124,10.55032,6763664.822467823,0
RNDR.V,D,20240323,000000,10.54221,11.045,10.4434,10.795,3913002.8289945377,0
RNDR.V,D,20240324,000000,10.798,11.06689,10.43375,11.02123,2846016.1622419287,0
RNDR.V,D,20240325,000000,11.01334,11.3795,10.79746,11.11778,6209634.168139521,0
RNDR.V,D,20240326,000000,11.12267,11.74641,10.83706,11.06811,11438137.056012038,0
RNDR.V,D,20240327,000000,11.06822,12.0168,10.63372,11.36491,19323871.127688352,0
RNDR.V,D,20240328,000000,11.36291,11.72572,10.89668,11.23736,13063513.791052913,0
RNDR.V,D,20240329,000000,11.23536,11.25724,10.82411,11.00028,7313122.905514559,0
RNDR.V,D,20240330,000000,10.99928,11.05285,10.67908,10.73318,7246532.740712285,0
RNDR.V,D,20240331,000000,10.72918,10.91009,10.43258,10.49626,8172539.795881839,0
RNDR.V,D,20240401,000000,10.49726,10.69086,9.68142,10.0158,10033710.953855392,0
RNDR.V,D,20240402,000000,10.0097,10.16076,9.06918,9.51981,8796105.644712286,0
RNDR.V,D,20240403,000000,9.51681,9.90144,9.13683,9.3247,10348782.005469028,0
RNDR.V,D,20240404,000000,9.33771,9.89895,9.21466,9.55829,7192583.919844133,0
RNDR.V,D,20240405,000000,9.55829,9.65434,8.7661,9.24814,7657632.920419554,0
RNDR.V,D,20240406,000000,9.24005,9.68319,9.15503,9.47227,3715438.3374441406,0
RNDR.V,D,20240407,000000,9.47237,9.87479,9.46208,9.61587,4312191.072572923,0
RNDR.V,D,20240408,000000,9.61887,10.34924,9.49876,10.20549,5828095.08594952,0
RNDR.V,D,20240409,000000,10.20139,10.54226,9.2984,9.45065,6768120.840106591,0
RNDR.V,D,20240410,000000,9.45265,9.46974,8.81177,9.18872,3027688.7813888765,0
RNDR.V,D,20240411,000000,9.19172,9.43515,8.80015,9.00163,4013565.54666948,0
RNDR.V,D,20240412,000000,8.99872,9.23446,6.64734,8.2664,12668372.868416876,0
RNDR.V,D,20240413,000000,8.2614,8.35842,6.31348,7.05471,14050013.34250006,0
RNDR.V,D,20240414,000000,7.05871,8.43877,6.84361,8.12944,15552492.132447923,0
RNDR.V,D,20240415,000000,8.12244,9.48153,8.013,8.31041,13115234.78121801,0
RNDR.V,D,20240416,000000,8.30941,8.60161,7.74656,8.36767,9053988.590130644,0
RNDR.V,D,20240417,000000,8.36867,8.40168,7.44393,7.83314,8246508.061712432,0
RNDR.V,D,20240418,000000,7.83414,8.10235,7.45349,7.91237,4258741.466485461,0
RNDR.V,D,20240419,000000,7.91037,8.29272,7.14793,8.03649,7635440.145562957,0
RNDR.V,D,20240420,000000,8.05066,8.82209,7.77519,8.77263,3773945.886086236,0
RNDR.V,D,20240421,000000,8.78263,9.27625,8.68182,8.93652,4117682.2511929614,0
RNDR.V,D,20240422,000000,8.94052,9.45912,8.92252,9.28269,4725064.359026912,0
RNDR.V,D,20240423,000000,9.28669,9.71727,8.94589,9.01273,4420079.5803694725,0
RNDR.V,D,20240424,000000,9.01382,9.35235,8.47345,8.59908,5918568.645828603,0
RNDR.V,D,20240425,000000,8.59708,8.86486,8.22694,8.75692,4002463.0230876,0
RNDR.V,D,20240426,000000,8.75392,8.791,8.151,8.2643,2440675.594702055,0
RNDR.V,D,20240427,000000,8.25517,8.25969,7.74569,8.09271,2369151.424913509,0
RNDR.V,D,20240428,000000,8.08572,8.42194,8.03698,8.1601,1838148.084482781,0
RNDR.V,D,20240429,000000,8.1621,8.18482,7.57824,7.664,2920260.353770877,0
RNDR.V,D,20240430,000000,7.6587,7.99628,6.98395,7.25948,5151213.373736316,0
RNDR.V,D,20240501,000000,7.25556,7.8589,6.86275,7.60657,6624857.4822341,0
RNDR.V,D,20240502,000000,7.60158,7.91616,7.30871,7.85131,4153303.8145602127,0
RNDR.V,D,20240503,000000,7.84831,8.38969,7.62484,8.26147,4273210.003340062,0
RNDR.V,D,20240504,000000,8.27147,9.10064,8.21704,8.9579,5373169.461459724,0
RNDR.V,D,20240505,000000,8.9609,9.89409,8.77314,9.85118,10650468.498843443,0
RNDR.V,D,20240506,000000,9.84618,10.2499,9.5869,10.0502,12176982.046477886,0
RNDR.V,D,20240507,000000,10.0541,10.85411,9.9209,10.56268,13443877.327906273,0
RNDR.V,D,20240508,000000,10.56368,10.59889,9.42511,9.77297,10221573.158858206,0
RNDR.V,D,20240509,000000,9.76997,11.3762,9.73998,10.88926,15883481.258416925,0
RNDR.V,D,20240510,000000,10.89326,11.58219,10.71768,11.05068,12583636.38457564,0
RNDR.V,D,20240511,000000,11.05268,11.28918,10.63213,10.9126,5595364.214300577,0
RNDR.V,D,20240512,000000,10.9106,11.09323,10.76212,10.83834,3623700.337484159,0
RNDR.V,D,20240513,000000,10.83634,11.47782,10.27312,11.18677,14550717.200230068,0
RNDR.V,D,20240514,000000,11.18577,11.39783,9.81811,9.92243,15155876.832932565,0
RNDR.V,D,20240515,000000,9.92043,11.141,9.76534,10.69931,16865920.626017503,0
RNDR.V,D,20240516,000000,10.70031,10.79208,9.83795,10.08091,9590732.621872056,0
RNDR.V,D,20240517,000000,10.07591,10.37725,9.90959,10.12854,6342792.912036392,0
RNDR.V,D,20240518,000000,10.11854,10.20022,9.81934,10.17183,4074636.7835969366,0
RNDR.V,D,20240519,000000,10.17173,10.64806,10.07021,10.17629,6611113.659266296,0
RNDR.V,D,20240520,000000,10.17639,10.90614,9.811,10.87113,7966827.721309486,0
RNDR.V,D,20240521,000000,10.86913,11.26206,10.61227,11.07256,8429137.124168737,0
RNDR.V,D,20240522,000000,11.07112,11.88438,10.73803,11.02326,18212255.292992666,0
RNDR.V,D,20240523,000000,11.02237,11.03125,9.79439,10.32739,10217008.115612734,0
RNDR.V,D,20240524,000000,10.33249,10.33249,9.75727,10.11379,4157489.4276530123,0
RNDR.V,D,20240525,000000,10.11479,10.44424,10.03299,10.07199,3015140.356635388,0
RNDR.V,D,20240526,000000,10.06899,10.17483,9.86098,9.95721,2251828.7859801673,0
RNDR.V,D,20240527,000000,9.95721,10.36852,9.94912,10.11567,7300573.022433666,0
RNDR.V,D,20240528,000000,10.10368,10.17985,9.8715,10.07069,5790393.883537958,0
RNDR.V,D,20240529,000000,10.07169,10.63412,10.07169,10.28667,8021799.48260953,0
RNDR.V,D,20240530,000000,10.28857,10.58628,9.9909,10.09846,3662878.456110398,0
RNDR.V,D,20240531,000000,10.09846,10.27352,9.81304,10.04703,4784164.145290192,0
RNDR.V,D,20240601,000000,10.04903,10.14374,9.96922,10.06603,1320051.5097480284,0
RNDR.V,D,20240602,000000,10.07094,10.11729,9.74196,9.89975,1772992.7419882829,0
RNDR.V,D,20240603,000000,9.89975,10.15787,9.80421,10.0264,2386442.6493480923,0
RNDR.V,D,20240604,000000,10.0263,10.41744,9.96001,10.307,3157891.9731080867,0
RNDR.V,D,20240605,000000,10.31,10.78392,10.2949,10.58006,4144860.3743807543,0
RNDR.V,D,20240606,000000,10.57895,10.88587,10.31249,10.42166,3461158.3471028707,0
RNDR.V,D,20240607,000000,10.42066,10.4739,8.72892,9.59435,4883025.244393606,0
RNDR.V,D,20240608,000000,9.59445,9.71682,9.00176,9.14999,3452242.9572174028,0
RNDR.V,D,20240609,000000,9.1479,9.26007,8.92811,9.12863,1821170.9163180995,0
RNDR.V,D,20240610,000000,9.12891,9.34076,8.62028,8.73164,5492582.467787018,0
RNDR.V,D,20240611,000000,8.72564,8.72564,7.96809,8.28526,4876954.6005735025,0
RNDR.V,D,20240612,000000,8.27826,9.47653,7.99228,9.18197,7494276.061712069,0
RNDR.V,D,20240613,000000,9.18197,9.2974,8.23253,8.39464,4056573.228837382,0
RNDR.V,D,20240614,000000,8.38864,8.4495,7.64933,7.9884,4429610.030504504,0
RNDR.V,D,20240615,000000,7.9924,8.17619,7.88974,7.96446,1608499.26337595,0
RNDR.V,D,20240616,000000,7.96346,8.34914,7.74927,8.31334,2157321.3699194454,0
RNDR.V,D,20240617,000000,8.32134,8.50079,7.44945,7.89237,6043232.82071749,0
RNDR.V,D,20240618,000000,7.89737,7.92627,6.6378,7.42991,8346519.249323715,0
RNDR.V,D,20240619,000000,7.43491,7.9502,7.27414,7.7419,6536686.8642571205,0
RNDR.V,D,20240620,000000,7.7469,8.26669,7.51296,7.64757,6935887.574448505,0
RNDR.V,D,20240621,000000,7.65556,7.6913,7.31417,7.48336,3096375.347236284,0
RNDR.V,D,20240622,000000,7.48436,7.66001,7.32329,7.35713,2870073.5784663022,0
RNDR.V,D,20240623,000000,7.35606,7.47084,6.99266,7.06905,2262538.4833704187,0
RNDR.V,D,20240624,000000,7.06312,7.52151,6.69478,7.52051,5698400.923373396,0
RNDR.V,D,20240625,000000,7.5285,7.91617,7.43254,7.71561,4911037.413201231,0
RNDR.V,D,20240626,000000,7.72353,7.80858,7.35387,7.51888,3610611.870469365,0
RNDR.V,D,20240627,000000,7.5262,7.89957,7.25517,7.77302,3792747.858777669,0
RNDR.V,D,20240628,000000,7.77057,7.84468,7.28998,7.34243,2652177.4734449647,0
RNDR.V,D,20240629,000000,7.34236,7.45715,7.17364,7.23767,1426569.92532912,0
RNDR.V,D,20240630,000000,7.24459,7.56218,7.0731,7.45136,2398760.220417947,0
RNDR.V,D,20240701,000000,7.44944,7.95277,7.44944,7.62453,3949649.05477963,0
RNDR.V,D,20240702,000000,7.62053,7.77825,7.46438,7.63976,2844412.47898439,0
RNDR.V,D,20240703,000000,7.63976,7.7171,6.94928,7.06015,2364696.2255568723,0
RNDR.V,D,20240704,000000,7.05609,7.19816,6.50666,6.84909,4846158.4271856425,0
RNDR.V,D,20240705,000000,6.84809,6.87008,5.65847,6.45252,7313744.401043023,0
RNDR.V,D,20240706,000000,6.45552,7.04463,6.3357,6.98421,3702141.4450867334,0
RNDR.V,D,20240707,000000,6.99221,7.05463,6.39736,6.47329,2863463.8843764346,0
RNDR.V,D,20240708,000000,6.47629,6.79157,6.04952,6.39842,4684319.336478499,0
RNDR.V,D,20240709,000000,6.39542,6.5393,6.23082,6.44987,4106166.843053239,0
RNDR.V,D,20240710,000000,6.45187,6.90217,6.33419,6.46548,4337371.696358537,0
RNDR.V,D,20240711,000000,6.46448,6.6754,5.94365,6.06582,6032895.769096872,0
RNDR.V,D,20240712,000000,6.06682,6.23794,5.686,6.10216,6961797.5910960585,0
RNDR.V,D,20240713,000000,6.09916,6.24187,6.01102,6.02902,1908954.8314488914,0
RNDR.V,D,20240714,000000,6.02808,6.26375,5.95307,6.25331,3579273.5035051266,0
RNDR.V,D,20240715,000000,6.25231,6.76706,6.13284,6.67934,12878300.921272418,0
RNDR.V,D,20240716,000000,6.68334,6.82675,6.29476,6.56164,11024273.039985327,0
RNDR.V,D,20240717,000000,6.55264,7.05907,6.39507,6.93962,5900778.827755986,0
RNDR.V,D,20240718,000000,6.93762,7.01256,6.2365,6.38672,4044360.5004288163,0
RNDR.V,D,20240719,000000,6.39372,6.76945,6.32673,6.70081,2392186.021652518,0
RNDR.V,D,20240720,000000,6.69881,7.00822,6.55621,6.9119,2380137.7220127326,0
RNDR.V,D,20240721,000000,6.91597,7.24752,6.73957,7.24545,2865680.3848817707,0
RNDR.V,D,20240722,000000,7.24552,7.25252,6.64603,6.70341,1456131.5784975488,0
RNDR.V,D,20240723,000000,6.70011,6.70011,6.25144,6.43097,953209.5561921695,0
RNDR.V,D,20240724,000000,6.42557,6.61599,6.19763,6.26857,648900.6213415185,0
RNDR.V,D,20240725,000000,6.26737,6.30243,5.87158,6.13202,727717.6211084725,0
RNDR.V,D,20240726,000000,6.13274,6.9846,6.1163,6.8278,463416.1473015441,0
RNDR.V,D,20240727,000000,6.81,6.9253,6.4023,6.6325,359876.35096458736,0
RNDR.V,D,20240728,000000,6.619,6.619,6.2287,6.3218,197039.42326810214,0
RNDR.V,D,20240729,000000,6.3255,6.642,6.1799,6.2175,237728.55533584606,0
RNDR.V,D,20240730,000000,6.2188,6.3802,5.974,6.0274,170075.20248547988,0
RNDR.V,D,20240731,000000,6.0164,6.1651,5.7065,5.7609,452489.33978483995,0
RNDR.V,D,20240801,000000,5.7579,5.8868,5.113,5.5075,574724.3195967525,0
RNDR.V,D,20240802,000000,5.5197,5.8838,4.8435,4.9721,369972.00496900064,0
RNDR.V,D,20240803,000000,4.9731,5.3418,4.7729,5.0284,439192.3637838365,0
RNDR.V,D,20240804,000000,4.9901,5.073,4.35,4.6893,454593.7324148767,0
RNDR.V,D,20240805,000000,4.6869,4.7488,3.396,4.1267,1057162.0513600404,0
RNDR.V,D,20240806,000000,4.1495,4.8522,4.1156,4.7488,594003.4059829949,0
RNDR.V,D,20240807,000000,4.7587,4.9722,4.283,4.4081,238853.09446532745,0
RNDR.V,D,20240808,000000,4.4036,4.9991,4.2569,4.9893,244828.74312639137,0
RNDR.V,D,20240809,000000,4.9793,5.107,4.7961,4.8111,197144.82296357083,0
RNDR.V,D,20240810,000000,4.8892,4.9245,4.7429,4.9106,121439.5438606285,0
RNDR.V,D,20240811,000000,4.9022,5.0885,4.47,4.5276,353527.03501992114,0
RNDR.V,D,20240812,000000,4.5204,4.7633,4.46,4.5935,154166.77802913674,0
RNDR.V,D,20240813,000000,4.5916,4.8694,4.5261,4.8624,165919.02393066997,0
RNDR.V,D,20240814,000000,4.861,4.9453,4.6541,4.686,230851.89305900794,0
RNDR.V,D,20240815,000000,4.67,4.7485,4.4504,4.5292,357753.6237646445,0
RNDR.V,D,20240816,000000,4.5346,4.6669,4.3145,4.4515,236577.4090418779,0
RNDR.V,D,20240817,000000,4.48,4.5584,4.4002,4.4974,138848.0043679999,0
RNDR.V,D,20240818,000000,4.5126,4.6221,4.468,4.5366,203726.88455899994,0
RNDR.V,D,20240819,000000,4.539,4.5572,4.3193,4.4807,178139.85973199984,0
RNDR.V,D,20240820,000000,4.4841,4.6904,4.38,4.4968,291524.72152730013,0
RNDR.V,D,20240821,000000,4.4928,4.7291,4.414,4.7159,170422.56179399995,0
RNDR.V,D,20240822,000000,4.7149,5.0885,4.709,5.0184,370336.22324699967,0
RNDR.V,D,20240823,000000,5.0166,5.7425,5.003,5.6852,483570.8101547996,0
RNDR.V,D,20240824,000000,5.6851,6.3613,5.4413,6.0942,523502.3988677005,0
RNDR.V,D,20240825,000000,6.112,6.4817,6.0545,6.415,376080.23124180216,0
RNDR.V,D,20240826,000000,6.42,6.4734,5.9588,6.1526,245297.10866779997,0
RNDR.V,D,20240827,000000,6.17,6.5683,5.75,5.7952,541587.6123776999,0
RNDR.V,D,20240828,000000,5.7952,6.1283,5.5269,5.6109,315084.209612,0
RNDR.V,D,20240829,000000,5.5959,5.7977,5.2351,5.2351,326324.4598377996,0
RNDR.V,D,20240830,000000,5.2287,5.3358,4.8386,5.2158,330293.72475600004,0
RNDR.V,D,20240831,000000,5.2003,5.3277,4.9588,5.042,126530.33322599987,0
RNDR.V,D,20240901,000000,5.042,5.15,4.8854,5.0355,220870.2887079999,0
RNDR.V,D,20240902,000000,5.0458,5.1479,4.79,5.0831,234592.53287859986,0
RNDR.V,D,20240903,000000,5.0825,5.1991,4.7559,4.8045,269434.87374489993,0
RNDR.V,D,20240904,000000,4.7995,5.0383,4.583,4.9299,162238.917782,0
RNDR.V,D,20240905,000000,4.93,4.9547,4.6463,4.7001,84790.33045790003,0
RNDR.V,D,20240906,000000,4.7261,4.9261,4.4603,4.6081,207826.30262279985,0
RNDR.V,D,20240907,000000,4.5995,4.8886,4.5907,4.7091,123255.86385,0
RNDR.V,D,20240908,000000,4.71,4.9115,4.6702,4.8284,67571.20181070002,0
RNDR.V,D,20240909,000000,4.843,5.2348,4.7939,5.1954,222350.66323460013,0
RNDR.V,D,20240910,000000,5.1916,5.322,5,5.2393,199440.99533499999,0
RNDR.V,D,20240911,000000,5.2486,5.2803,4.811,5.0697,295671.21431709983,0
RNDR.V,D,20240912,000000,5.07,5.3102,5.0681,5.1606,508412.8835575,0
RNDR.V,D,20240913,000000,5.1576,5.3,5,5.2846,491303.09021859925,0
RNDR.V,D,20240914,000000,5.2972,5.3701,5.1916,5.2234,217932.03771299927,0
RNDR.V,D,20240915,000000,5.2233,5.2754,5,5.0157,149343.68247860007,0
RNDR.V,D,20240916,000000,5.017,5.017,4.6728,4.7364,292684.7811001995,0
RNDR.V,D,20240917,000000,4.735,4.9429,4.6584,4.7631,454678.8333174993,0
RNDR.V,D,20240918,000000,4.7642,4.8541,4.5958,4.819,240024.28053020028,0
RNDR.V,D,20240919,000000,4.8163,5.2722,4.8131,5.0916,424509.27050419984,0
RNDR.V,D,20240920,000000,5.0792,5.4482,5.0446,5.2606,349506.32639270014,0
RNDR.V,D,20240921,000000,5.2612,5.53,5.1654,5.4221,259097.98933510002,0
RNDR.V,D,20240922,000000,5.4235,5.7338,5.3851,5.4858,204927.69598830008,0
RNDR.V,D,20240923,000000,5.45,6.2965,5.4193,6.1958,663602.2275811012,0
RNDR.V,D,20240924,000000,6.1959,6.2681,5.9877,6.1467,234967.62149690013,0
RNDR.V,D,20240925,000000,6.1533,6.2999,5.9911,6.03,256040.6648487,0
RNDR.V,D,20240926,000000,6.03,6.4974,5.8328,6.3107,292021.81004679983,0
RNDR.V,D,20240927,000000,6.3293,6.82,6.2454,6.6656,244343.25047000012,0
RNDR.V,D,20240928,000000,6.6771,6.8122,6.387,6.4547,125677.26090660007,0
RNDR.V,D,20240929,000000,6.4752,6.816,6.343,6.7288,55894.76650620002,0
RNDR.V,D,20240930,000000,6.7289,6.7755,6.3298,6.6105,176703.92493780007,0
RNDR.V,D,20241001,000000,6.6201,6.7004,5.5817,5.9181,576758.9134176995,0
RNDR.V,D,20241002,000000,5.893,6.0552,5.3519,5.439,358939.7323781001,0
RNDR.V,D,20241003,000000,5.4371,5.62,5.0308,5.243,281994.9372279001,0
RNDR.V,D,20241004,000000,5.2324,5.8742,5.2093,5.6998,294643.2413466002,0
RNDR.V,D,20241005,000000,5.7011,5.7708,5.3512,5.4107,92547.76968659998,0
RNDR.V,D,20241006,000000,5.4123,5.62,5.3061,5.3061,108382.97947539993,0
RNDR.V,D,20241007,000000,5.3152,5.66,5.3152,5.4517,191873.94952739967,0
RNDR.V,D,20241008,000000,5.4355,5.4355,5.1553,5.363,316295.0522989006,0
RNDR.V,D,20241009,000000,5.3676,5.4224,5,5.0793,224569.97760359952,0
RNDR.V,D,20241010,000000,5.0586,5.2024,4.9,5.0314,359439.0227895103,0
RNDR.V,D,20241011,000000,5.0338,5.4318,5.0003,5.4025,298684.7471970001,0
RNDR.V,D,20241012,000000,5.4097,5.6,5.365,5.4733,177931.44346709992,0
RNDR.V,D,20241013,000000,5.4733,5.5099,5.1852,5.3528,193029.43553099973,0
RNDR.V,D,20241014,000000,5.3558,5.729,5.3276,5.5244,348852.0079692002,0
RNDR.V,D,20241015,000000,5.523,5.7684,5.3383,5.4146,378243.18433859944,0
RNDR.V,D,20241016,000000,5.3916,5.5609,5.2676,5.3968,269903.53360669926,0
RNDR.V,D,20241017,000000,5.3982,5.458,5.1021,5.2295,210500.5385073999,0
RNDR.V,D,20241018,000000,5.2247,5.4426,5.1714,5.3548,142833.51425289985,0
RNDR.V,D,20241019,000000,5.3519,5.4718,5.2782,5.3077,120428.55879090006,0
RNDR.V,D,20241020,000000,5.3075,5.463,5.2541,5.4342,90083.4245700999,0
RNDR.V,D,20241021,000000,5.435,5.585,5.2,5.2947,173061.49289639966,0
RNDR.V,D,20241022,000000,5.2945,5.3303,5.0908,5.2306,103650.9876829,0
RNDR.V,D,20241023,000000,5.2184,5.2534,4.9211,5.0613,120198.45696589995,0
RNDR.V,D,20241024,000000,5.0705,5.261,5.0418,5.2291,100530.97168130017,0
RNDR.V,D,20241025,000000,5.2262,5.2573,4.8531,4.9536,126395.96645569996,0
RNDR.V,D,20241026,000000,4.9537,4.9543,4.3801,4.7984,178044.6513423003,0
RNDR.V,D,20241027,000000,4.8072,4.9194,4.7629,4.8897,45626.541349999985,0
RNDR.V,D,20241028,000000,4.9043,4.989,4.6364,4.9475,170329.2831398,0
RNDR.V,D,20241029,000000,4.9537,5.2,4.8851,5.1915,135390.35263670015,0
RNDR.V,D,20241030,000000,5.1915,5.1915,4.942,4.9888,121692.38114380004,0
RNDR.V,D,20241031,000000,4.9963,5.0133,4.6588,4.7452,145869.34287180004,0
RNDR.V,D,20241101,000000,4.7439,4.9516,4.6287,4.6696,61714.81245870004,0
RNDR.V,D,20241102,000000,4.6825,4.7289,4.5246,4.5749,86183.34970980018,0
RNDR.V,D,20241103,000000,4.5752,4.6156,4.2,4.4603,166907.58951731006,0
RNDR.V,D,20241104,000000,4.4264,4.5106,4.12,4.2321,154084.42942199984,0
RNDR.V,D,20241105,000000,4.2199,4.5339,4.1903,4.4388,169424.82346680015,0
RNDR.V,D,20241106,000000,4.4263,5.1435,4.411,5.1234,285076.69060249993,0
RNDR.V,D,20241107,000000,5.1234,5.2497,4.9165,4.97,366289.08039084927,0
RNDR.V,D,20241108,000000,4.97,5.123,4.7907,4.9411,169896.14209350004,0
RNDR.V,D,20241109,000000,4.9442,5.4201,4.865,5.3881,268564.40614729887,0
RNDR.V,D,20241110,000000,5.389,5.9551,5.2568,5.6451,554647.3218988004,0
RNDR.V,D,20241111,000000,5.63,6.7999,5.593,6.7749,851677.1089117168,0
RNDR.V,D,20241112,000000,6.7666,7.5794,6.4625,7.4578,1120381.71178629,0
RNDR.V,D,20241113,000000,7.4386,7.4886,6.35,7.0316,598988.0473145153,0
RNDR.V,D,20241114,000000,7.0236,7.2429,6.6459,6.7078,382329.89641220006,0
RNDR.V,D,20241115,000000,6.6913,7.1287,6.363,7.0624,349134.5531516996,0
RNDR.V,D,20241116,000000,7.06,7.4418,6.7453,6.97,426291.9588679999,0
RNDR.V,D,20241117,000000,6.9484,7.3299,6.6317,6.961,247849.91167209976,0
RNDR.V,D,20241118,000000,6.9424,8.0526,6.9424,7.6432,774114.2101111969,0
RNDR.V,D,20241119,000000,7.6457,8.2894,7.3,7.7788,905486.8548180016,0
RNDR.V,D,20241120,000000,7.77,8.194,7.4299,7.5228,572419.8268286888,0
RNDR.V,D,20241121,000000,7.5178,7.6354,7.069,7.3621,548841.3343509997,0
RNDR.V,D,20241122,000000,7.3794,7.4744,6.9719,7.3817,264002.61914420716,0
RNDR.V,D,20241123,000000,7.38,8.2167,7.3618,7.754,367542.71442824614,0
RNDR.V,D,20241124,000000,7.7194,8.1293,7.2724,7.9781,283232.7820581004,0
RNDR.V,D,20241125,000000,7.9714,8.27,7.3405,7.6199,401821.24884059996,0
RNDR.V,D,20241126,000000,7.5964,7.7441,7.1013,7.3762,251871.12279660976,0
RNDR.V,D,20241127,000000,7.3397,7.9873,7.3255,7.885,314871.01284550014,0
RNDR.V,D,20241128,000000,7.8964,8.7813,7.8292,8.7378,736546.7657705795,0
RNDR.V,D,20241129,000000,8.7,8.985,8.3691,8.7715,244960.10487250038,0
RNDR.V,D,20241130,000000,8.7651,9.1194,8.6555,8.8576,233859.02909719988,0
RNDR.V,D,20241201,000000,8.8439,8.9412,8.623,8.7499,243571.77864630017,0
RNDR.V,D,20241202,000000,8.749,8.82,8.1048,8.5126,412006.2141130002,0
RNDR.V,D,20241203,000000,8.5074,9.2499,8.2087,8.9788,411394.17448879965,0
RNDR.V,D,20241204,000000,8.9744,9.1032,8.4572,8.6973,480224.32241385104,0
RNDR.V,D,20241205,000000,8.6942,11.7485,8.2021,9.9895,1634676.754522753,0
RNDR.V,D,20241206,000000,9.9838,11.0839,9.8384,10.5,1084007.6478987015,0
RNDR.V,D,20241207,000000,10.496,10.5599,10.1732,10.3371,136973.16724350015,0
RNDR.V,D,20241208,000000,10.3005,10.5255,9.973,10.2579,196582.3194169999,0
RNDR.V,D,20241209,000000,10.2751,10.296,7.8254,8.767,376133.45192329976,0
RNDR.V,D,20241210,000000,8.721,9.1,8,8.7343,347145.38932290004,0
RNDR.V,D,20241211,000000,8.742,9.9754,8.3875,9.6605,247254.0897250001,0
RNDR.V,D,20241212,000000,9.6517,10.0888,9.373,9.4584,210270.24393579966,0
RNDR.V,D,20241213,000000,9.4357,9.6155,9.0952,9.2695,185922.39818700036,0
RNDR.V,D,20241214,000000,9.2493,9.5225,8.7974,9.0838,120529.4643012,0
RNDR.V,D,20241215,000000,9.0744,9.3381,8.8391,9.0783,93190.6771419999,0
RNDR.V,D,20241216,000000,9.0796,9.6921,8.7833,8.9686,400703.2407147005,0
RNDR.V,D,20241217,000000,8.9736,9.0472,8.4754,8.5051,138221.70540330003,0
RNDR.V,D,20241218,000000,8.4946,8.5751,7.7761,7.8786,136719.538707,0
RNDR.V,D,20241219,000000,7.8776,8.0033,6.86,7.3305,267670.23316199984,0
RNDR.V,D,20241220,000000,7.329,7.4945,6.0849,7.4036,315837.52905589994,0
RNDR.V,D,20241221,000000,7.3925,8.06,6.9757,7.0695,137628.99235629974,0
RNDR.V,D,20241222,000000,7.0422,7.3631,6.8326,7.0357,66405.13831450004,0
RNDR.V,D,20241223,000000,7.0739,7.7396,6.8519,7.7253,83265.85576380003,0
RNDR.V,D,20241224,000000,7.7414,7.9914,7.508,7.8248,173532.69056820034,0
RNDR.V,D,20241225,000000,7.8182,7.875,7.4195,7.4777,136958.72465500003,0
RNDR.V,D,20241226,000000,7.5002,7.6492,7.0001,7.1748,87639.25100020002,0
RNDR.V,D,20241227,000000,7.0978,7.5135,6.9477,6.9814,181893.4735597001,0
RNDR.V,D,20241228,000000,6.9826,7.2175,6.8244,7.1842,82642.80607879993,0
RNDR.V,D,20241229,000000,7.171,7.171,6.7534,6.7606,73716.05576190002,0
RNDR.V,D,20241230,000000,6.7726,7.0843,6.6127,6.8283,86468.33164489991,0
RNDR.V,D,20241231,000000,6.7861,7.1,6.6708,6.7926,137748.2045568501,0
RNDR.V,D,20250101,000000,6.7891,7.2457,6.6238,7.1947,146131.48619270005,0
RNDR.V,D,20250102,000000,7.1995,7.8701,7.1463,7.6088,207505.70326820025,0
RNDR.V,D,20250103,000000,7.6139,8.1307,7.4724,8.0492,124405.58340529993,0
RNDR.V,D,20250104,000000,8.0645,8.2463,7.93,8.0722,85113.83109849997,0
RNDR.V,D,20250105,000000,8.073,8.4544,7.912,8.4104,90291.95794799998,0
RNDR.V,D,20250106,000000,8.4145,9.0154,8.0906,8.8712,229207.90926019993,0
RNDR.V,D,20250107,000000,8.8735,8.9139,8.042,8.2165,108644.45892610004,0
RNDR.V,D,20250108,000000,8.2005,8.2423,7.1189,7.6177,134825.4484396998,0
RNDR.V,D,20250109,000000,7.6,7.6324,6.897,7.0541,135533.2761120099,0
RNDR.V,D,20250110,000000,7.0427,7.7248,7.0108,7.326,221317.8369459996,0
RNDR.V,D,20250111,000000,7.3412,7.5316,7.06,7.3853,95209.38354640006,0
RNDR.V,D,20250112,000000,7.4053,7.4053,7.0105,7.0407,50877.86905660006,0
RNDR.V,D,20250113,000000,7.0583,7.2995,6.3946,6.9545,268785.87630919967,0
RNDR.V,D,20250114,000000,6.957,7.2807,6.88,7.102,101222.45370910008,0
RNDR.V,D,20250115,000000,7.0736,7.6379,6.7573,7.6277,164848.0211492001,0
RNDR.V,D,20250116,000000,7.581,7.6932,7.2777,7.4269,105339.83174909995,0
RNDR.V,D,20250117,000000,7.4571,8.0467,7.4181,7.9927,112715.67751200002,0
RNDR.V,D,20250118,000000,7.9574,8.2172,7.3061,7.4103,252302.0725071002,0
RNDR.V,D,20250119,000000,7.4157,7.625,6.663,6.7935,192527.2821310001,0
RNDR.V,D,20250120,000000,6.7687,7.4578,6.454,6.8162,237743.09878960004,0
RNDR.V,D,20250121,000000,6.8062,7.3793,6.4441,7.3058,213802.9989757003,0
RNDR.V,D,20250122,000000,7.22,7.3504,7.0213,7.0399,103004.1287982,0
RNDR.V,D,20250123,000000,7.0373,7.1175,6.7281,7.0081,164903.45156159988,0
RNDR.V,D,20250124,000000,6.9917,7.2744,6.786,6.9363,140807.0247682001,0
RNDR.V,D,20250125,000000,6.8869,7.0353,6.7177,7.0067,63010.938721299965,0
RNDR.V,D,20250126,000000,7.0098,7.1679,6.8045,6.8518,141152.29720300034,0
RNDR.V,D,20250127,000000,6.8348,6.8348,5.8102,6.267,449706.99273529946,0
RNDR.V,D,20250128,000000,6.2443,6.3135,5.455,5.5312,503455.25164880004,0
RNDR.V,D,20250129,000000,5.5127,5.9557,5.3098,5.5814,518753.67089320073,0
RNDR.V,D,20250130,000000,5.5421,6.0302,5.417,5.9274,241375.41474069987,0
RNDR.V,D,20250131,000000,5.926,6.1892,5.754,5.8199,160338.26650279976,0
RNDR.V,D,20250201,000000,5.8247,6.0207,5.4436,5.4471,112779.379423,0
RNDR.V,D,20250202,000000,5.4378,5.4913,4.4571,4.637,302390.89676939993,0
RNDR.V,D,20250203,000000,4.646,5.2174,3.5604,5.1198,581274.0235024416,0
RNDR.V,D,20250204,000000,5.0975,5.1135,4.4664,4.6309,259503.11751449946,0
RNDR.V,D,20250205,000000,4.6112,4.7497,4.4234,4.4282,130716.27263519996,0
RNDR.V,D,20250206,000000,4.437,4.637,4.1823,4.2367,113255.26866970006,0
RNDR.V,D,20250207,000000,4.2369,4.56,3.9969,4.06,157943.64090499995,0
RNDR.V,D,20250208,000000,4.0631,4.2707,4.0152,4.2301,104136.46656190012,0
RNDR.V,D,20250209,000000,4.2544,4.4263,4.013,4.1998,158679.6036821999,0
RNDR.V,D,20250210,000000,4.1912,4.5271,4.1365,4.4492,107357.33488829997,0
RNDR.V,D,20250211,000000,4.4309,4.7717,4.3603,4.4272,152179.5423392,0
RNDR.V,D,20250212,000000,4.43,4.7228,4.2185,4.6668,117569.1632472001,0
RNDR.V,D,20250213,000000,4.68,4.7259,4.3622,4.5,131501.56512550017,0
RNDR.V,D,20250214,000000,4.5015,4.8316,4.4769,4.6636,145272.21470749992,0
RNDR.V,D,20250215,000000,4.67,4.8294,4.514,4.5463,73754.39285339991,0
