<TICKER>,<PER>,<DATE>,<TIME>,<OPEN>,<HIGH>,<LOW>,<CLOSE>,<VOL>,<OPENINT>
SKL.V,D,20220331,000000,0.289658,0.295989,0.243249,0.246949,166233093.10803,0
SKL.V,D,20220401,000000,0.246874,0.297519,0.235647,0.289787,384771730.27953,0
SKL.V,D,20220402,000000,0.290116,0.313725,0.264979,0.277011,224073141.69739,0
SKL.V,D,20220403,000000,0.277011,0.288515,0.257803,0.265806,62616891.982759,0
SKL.V,D,20220404,000000,0.266006,0.280484,0.246674,0.262579,72631229.443896,0
SKL.V,D,20220405,000000,0.262853,0.283085,0.24935,0.255951,120405994.50479,0
SKL.V,D,20220406,000000,0.255926,0.258552,0.2104,0.215422,51337714.48425,0
SKL.V,D,20220407,000000,0.2154,0.226723,0.2043,0.217222,38426598.899179,0
SKL.V,D,20220408,000000,0.217122,0.223322,0.197759,0.198379,37125409.932188,0
SKL.V,D,20220409,000000,0.198679,0.203061,0.192558,0.19996,33114878.146016,0
SKL.V,D,20220410,000000,0.20024,0.216565,0.196039,0.208563,36338495.249063,0
SKL.V,D,20220411,000000,0.208042,0.211121,0.172252,0.172652,41460175.644366,0
SKL.V,D,20220412,000000,0.172952,0.203241,0.170951,0.188156,54405509.022161,0
SKL.V,D,20220413,000000,0.187856,0.207683,0.182855,0.195559,59362749.37954,0
SKL.V,D,20220414,000000,0.195759,0.208763,0.189257,0.19742,90631429.751265,0
SKL.V,D,20220415,000000,0.19762,0.206141,0.191519,0.193239,33986065.414634,0
SKL.V,D,20220416,000000,0.193039,0.195639,0.184618,0.188938,8798439.7707959,0
SKL.V,D,20220417,000000,0.188938,0.194139,0.186137,0.186837,10166584.195487,0
SKL.V,D,20220418,000000,0.187037,0.187856,0.171734,0.186556,28511239.663694,0
SKL.V,D,20220419,000000,0.186556,0.204741,0.185337,0.20114,36306236.581013,0
SKL.V,D,20220420,000000,0.20114,0.209842,0.195439,0.20004,40017876.917554,0
SKL.V,D,20220421,000000,0.19974,0.214943,0.188319,0.188338,42811854.778477,0
SKL.V,D,20220422,000000,0.188219,0.193439,0.183618,0.186819,19642278.033945,0
SKL.V,D,20220423,000000,0.186937,0.191138,0.183437,0.185119,14792259.358696,0
SKL.V,D,20220424,000000,0.185337,0.188038,0.176118,0.181536,18608785.947192,0
SKL.V,D,20220425,000000,0.181536,0.181836,0.165617,0.178336,24110744.856709,0
SKL.V,D,20220426,000000,0.178636,0.181436,0.159416,0.161716,10265665.67356,0
SKL.V,D,20220427,000000,0.161716,0.1662,0.1549,0.160616,18971374.213414,0
SKL.V,D,20220428,000000,0.160716,0.20452,0.158916,0.1969,190930397.34539,0
SKL.V,D,20220429,000000,0.19702,0.2039,0.166117,0.166317,139658404.70759,0
SKL.V,D,20220430,000000,0.166017,0.171117,0.159216,0.159216,32051956.039759,0
SKL.V,D,20220501,000000,0.159,0.159,0.1398,0.1487,50320513.190753,0
SKL.V,D,20220502,000000,0.148615,0.154015,0.1399,0.146315,21030184.188678,0
SKL.V,D,20220503,000000,0.146415,0.152215,0.137486,0.139686,23060633.929668,0
SKL.V,D,20220504,000000,0.139786,0.1573,0.138686,0.1555,19832670.330153,0
SKL.V,D,20220505,000000,0.1555,0.163067,0.137373,0.142172,28391536.841012,0
SKL.V,D,20220506,000000,0.142386,0.146585,0.134773,0.141586,17028539.082274,0
SKL.V,D,20220507,000000,0.141772,0.143686,0.134273,0.134687,12119263.201783,0
SKL.V,D,20220508,000000,0.135073,0.137645,0.127736,0.13356,12350330.605452,0
SKL.V,D,20220509,000000,0.13356,0.13356,0.109267,0.112078,25625658.914085,0
SKL.V,D,20220510,000000,0.112378,0.125162,0.101659,0.108057,43272322.589398,0
SKL.V,D,20220511,000000,0.108357,0.117953,0.072516,0.078708,31785923.576462,0
SKL.V,D,20220512,000000,0.079106,0.087648,0.0574508,0.074805,26068691.75663,0
SKL.V,D,20220513,000000,0.0747975,0.0982918,0.0726034,0.0860535,16244504.746064,0
SKL.V,D,20220514,000000,0.0859536,0.0889307,0.074144,0.0813859,10357902.266707,0
SKL.V,D,20220515,000000,0.081286,0.0920709,0.0806788,0.0885936,8471458.8474256,0
SKL.V,D,20220516,000000,0.0887933,0.0915991,0.0803035,0.0841904,6690145.5000314,0
SKL.V,D,20220517,000000,0.0845899,0.0930975,0.0803793,0.0893836,10027413.65304,0
SKL.V,D,20220518,000000,0.0895834,0.0942773,0.0786976,0.079896,13162427.615001,0
SKL.V,D,20220519,000000,0.079888,0.0864221,0.0749025,0.0823258,9105185.2608225,0
SKL.V,D,20220520,000000,0.0818263,0.0864048,0.0751098,0.0760011,12056099.636772,0
SKL.V,D,20220521,000000,0.0763083,0.0842903,0.0756092,0.078398,17475585.230415,0
SKL.V,D,20220522,000000,0.0783901,0.0859881,0.0769998,0.0846982,21476855.374338,0
SKL.V,D,20220523,000000,0.0846982,0.0898101,0.0811026,0.0819016,21855746.431849,0
SKL.V,D,20220524,000000,0.0814939,0.0847067,0.0767078,0.0834913,18185773.677914,0
SKL.V,D,20220525,000000,0.0836827,0.0869043,0.0804115,0.0848066,17125146.072347,0
SKL.V,D,20220526,000000,0.0845984,0.0897012,0.0637234,0.0695234,106259819.40284,0
SKL.V,D,20220527,000000,0.0694305,0.0702297,0.0611327,0.0625481,53525608.976282,0
SKL.V,D,20220528,000000,0.062494,0.0652427,0.0602181,0.0627335,61160738.613763,0
SKL.V,D,20220529,000000,0.0626743,0.0657076,0.0588212,0.0652452,62366520.4942,0
SKL.V,D,20220530,000000,0.0652595,0.0713759,0.0644966,0.0703007,43224313.880606,0
SKL.V,D,20220531,000000,0.0704417,0.0738343,0.0657544,0.0707534,56374640.463352,0
SKL.V,D,20220601,000000,0.0708392,0.0841376,0.0651818,0.0668398,108274520.66878,0
SKL.V,D,20220602,000000,0.0668391,0.0680907,0.0646228,0.0680347,48842884.713625,0
SKL.V,D,20220603,000000,0.0679598,0.0695866,0.063706,0.0660735,43104304.881544,0
SKL.V,D,20220604,000000,0.0661394,0.0733456,0.0637656,0.0692204,87836097.563655,0
SKL.V,D,20220605,000000,0.0692383,0.0706511,0.0663725,0.0689501,63729776.528528,0
SKL.V,D,20220606,000000,0.069045,0.0729677,0.0671655,0.0700274,144460047.22377,0
SKL.V,D,20220607,000000,0.0700704,0.0746128,0.064607,0.073065,129549505.17514,0
SKL.V,D,20220608,000000,0.0734632,0.0742422,0.0669728,0.0711737,124340497.4935,0
SKL.V,D,20220609,000000,0.0712806,0.0760679,0.0681835,0.0732504,111861016.52169,0
SKL.V,D,20220610,000000,0.0732467,0.0748311,0.0647553,0.0665307,156746529.95471,0
SKL.V,D,20220611,000000,0.0665307,0.066814,0.0560974,0.0586447,75651105.049927,0
SKL.V,D,20220612,000000,0.0586467,0.0588274,0.0521633,0.0548405,55544438.088502,0
SKL.V,D,20220613,000000,0.0547126,0.0547126,0.0440131,0.0496699,290282891.11908,0
SKL.V,D,20220614,000000,0.0497303,0.0641613,0.0460613,0.0564442,678568302.92553,0
SKL.V,D,20220615,000000,0.0565332,0.0615568,0.0517007,0.0585351,494560197.30979,0
SKL.V,D,20220616,000000,0.058593,0.0603924,0.0529154,0.0543552,131249264.7951,0
SKL.V,D,20220617,000000,0.0518039,0.0548341,0.0513032,0.052421,197616182.84007,0
SKL.V,D,20220618,000000,0.0523701,0.0530078,0.0442313,0.0469249,264526652.2969,0
SKL.V,D,20220619,000000,0.0469284,0.0520025,0.0457743,0.0505382,137919998.99768,0
SKL.V,D,20220620,000000,0.0505152,0.0535664,0.0486217,0.0506093,54149548.245791,0
SKL.V,D,20220621,000000,0.0505883,0.0573024,0.049957,0.0540025,50400987.598066,0
SKL.V,D,20220622,000000,0.0540525,0.0560619,0.0503196,0.0513526,46578699.881836,0
SKL.V,D,20220623,000000,0.0514613,0.057902,0.0504025,0.0555634,39466565.007053,0
SKL.V,D,20220624,000000,0.0555734,0.0601616,0.0553856,0.05816,148402837.43376,0
SKL.V,D,20220625,000000,0.0581618,0.0607039,0.0545354,0.0578825,82195767.326173,0
SKL.V,D,20220626,000000,0.0579174,0.0612577,0.056558,0.0586212,43372494.48419,0
SKL.V,D,20220627,000000,0.0584155,0.0604607,0.0550159,0.0564048,19549777.097463,0
SKL.V,D,20220628,000000,0.0564493,0.0576075,0.0536717,0.05442,27246944.431343,0
SKL.V,D,20220629,000000,0.0544224,0.0544224,0.050309,0.0513668,50827663.866164,0
SKL.V,D,20220630,000000,0.0513633,0.0513633,0.0450389,0.0452227,80206657.813849,0
SKL.V,D,20220701,000000,0.0453375,0.0488,0.0437,0.046,189933673.40336,0
SKL.V,D,20220702,000000,0.0461,0.0462,0.0446,0.0452,119377308.86303,0
SKL.V,D,20220705,000000,0.0459764,0.0474687,0.0442019,0.04725,13821921.247929,0
SKL.V,D,20220706,000000,0.047252,0.0478433,0.0456288,0.0468864,22329352.971242,0
SKL.V,D,20220707,000000,0.0472,0.0504217,0.0468,0.0502,24257888.943532,0
SKL.V,D,20220708,000000,0.0498701,0.0504646,0.0469671,0.0475714,21227439.072495,0
SKL.V,D,20220709,000000,0.0474175,0.0513542,0.0472289,0.050032,25286588.984179,0
SKL.V,D,20220710,000000,0.0500399,0.0503897,0.0459494,0.0468998,17143575.093791,0
SKL.V,D,20220711,000000,0.0468609,0.0468629,0.0443365,0.0449016,30483072.306992,0
SKL.V,D,20220712,000000,0.0448686,0.0448686,0.042162,0.0424275,59515225.965323,0
SKL.V,D,20220713,000000,0.0423853,0.0434965,0.0391219,0.0411548,181974362.52625,0
SKL.V,D,20220714,000000,0.0416864,0.0448591,0.0413189,0.0436958,305892823.47389,0
SKL.V,D,20220715,000000,0.0436458,0.0527034,0.0435089,0.0497171,606793029.36122,0
SKL.V,D,20220716,000000,0.0497451,0.0524855,0.0477537,0.0511467,341278350.19834,0
SKL.V,D,20220717,000000,0.0515367,0.0541795,0.0494686,0.0512277,210753811.78792,0
SKL.V,D,20220718,000000,0.0510052,0.0560297,0.0501509,0.0527059,277487174.9561,0
SKL.V,D,20220719,000000,0.0528621,0.0578737,0.0527743,0.0566681,276294331.59788,0
SKL.V,D,20220720,000000,0.057125,0.0613759,0.0535778,0.0546127,328861970.20479,0
SKL.V,D,20220721,000000,0.0546463,0.0559392,0.0516836,0.0555329,162930878.82607,0
SKL.V,D,20220722,000000,0.0555383,0.0586509,0.0526695,0.0533937,316704307.43251,0
SKL.V,D,20220723,000000,0.053382,0.0558848,0.0515571,0.052546,280020337.46704,0
SKL.V,D,20220724,000000,0.0525413,0.0546272,0.0523408,0.0540053,102784145.19079,0
SKL.V,D,20220725,000000,0.0539833,0.0542769,0.0490264,0.049779,352333442.72042,0
SKL.V,D,20220726,000000,0.049776,0.0497765,0.0449541,0.0453208,249696734.67993,0
SKL.V,D,20220727,000000,0.0453153,0.0520269,0.0451868,0.0512773,350690792.83912,0
SKL.V,D,20220728,000000,0.0512873,0.0557097,0.0508162,0.054771,430445945.53147,0
SKL.V,D,20220729,000000,0.054796,0.0576762,0.0537813,0.0568373,320422697.40939,0
SKL.V,D,20220730,000000,0.056045,0.0624366,0.0555788,0.0597363,411086951.37258,0
SKL.V,D,20220731,000000,0.0597329,0.0618017,0.0580986,0.06091,280455051.72248,0
SKL.V,D,20220801,000000,0.0611557,0.0635466,0.0583477,0.0610823,320103322.81876,0
SKL.V,D,20220802,000000,0.0606352,0.0618401,0.0562839,0.05888,316243004.19483,0
SKL.V,D,20220803,000000,0.058681,0.0609665,0.056013,0.0602971,193680657.79617,0
SKL.V,D,20220804,000000,0.0604689,0.0669287,0.0583258,0.0632995,417762722.71995,0
SKL.V,D,20220805,000000,0.0625189,0.0671864,0.0617606,0.0671858,171324049.78214,0
SKL.V,D,20220806,000000,0.0667377,0.0672284,0.0645073,0.0657875,218206146.33963,0
SKL.V,D,20220807,000000,0.0657875,0.0663599,0.0634953,0.0651437,177467638.08192,0
SKL.V,D,20220808,000000,0.0658055,0.0697436,0.0641413,0.0673471,236483801.14947,0
SKL.V,D,20220809,000000,0.0673181,0.0734237,0.0623646,0.0640398,287268274.53124,0
SKL.V,D,20220810,000000,0.0640398,0.0687389,0.0631019,0.0680597,361667932.4756,0
SKL.V,D,20220811,000000,0.0680597,0.0786784,0.0676289,0.0753924,540720084.65835,0
SKL.V,D,20220812,000000,0.07443,0.0772956,0.0705382,0.0724073,328600308.28061,0
SKL.V,D,20220813,000000,0.0724066,0.0738297,0.0705136,0.0714589,150277849.33412,0
SKL.V,D,20220814,000000,0.0715299,0.0723633,0.065413,0.0670798,232550210.75843,0
SKL.V,D,20220815,000000,0.0673539,0.0696542,0.0654022,0.0663139,240646470.28079,0
SKL.V,D,20220816,000000,0.0662736,0.0667097,0.0637735,0.0643348,395962434.73227,0
SKL.V,D,20220817,000000,0.0644168,0.0669454,0.0593324,0.0603902,254508554.19019,0
SKL.V,D,20220818,000000,0.0594168,0.0610026,0.0570734,0.0576006,271093395.8471,0
SKL.V,D,20220819,000000,0.0576058,0.0576918,0.049934,0.0511301,382040410.91098,0
SKL.V,D,20220820,000000,0.0511266,0.0525332,0.0482666,0.0492175,323008178.707,0
SKL.V,D,20220821,000000,0.049228,0.0518944,0.049228,0.051612,274081462.96083,0
SKL.V,D,20220822,000000,0.051629,0.051981,0.0483881,0.050258,362197587.43196,0
SKL.V,D,20220823,000000,0.0502595,0.0519181,0.049563,0.051266,306361186.33375,0
SKL.V,D,20220824,000000,0.051273,0.0536627,0.0504385,0.0533198,326141613.09736,0
SKL.V,D,20220825,000000,0.0532958,0.0579853,0.0517876,0.0534326,519124939.88708,0
SKL.V,D,20220826,000000,0.0534326,0.0537618,0.048408,0.0490019,413681322.51169,0
SKL.V,D,20220827,000000,0.0490159,0.0491989,0.0465019,0.0471804,332531630.39454,0
SKL.V,D,20220828,000000,0.0472639,0.047924,0.0466227,0.0470505,250332924.91611,0
SKL.V,D,20220829,000000,0.047036,0.0486074,0.0448828,0.0483454,329747941.04237,0
SKL.V,D,20220830,000000,0.0483239,0.0504935,0.0468291,0.0486664,389459090.99194,0
SKL.V,D,20220831,000000,0.0486659,0.050715,0.048185,0.0491915,332730751.46609,0
SKL.V,D,20220901,000000,0.049183,0.0494715,0.0465652,0.0474842,203257485.20938,0
SKL.V,D,20220902,000000,0.0484731,0.050026,0.0475238,0.0478782,319506865.00796,0
SKL.V,D,20220903,000000,0.0478967,0.0487959,0.047891,0.048331,175623248.76357,0
SKL.V,D,20220904,000000,0.0483358,0.050913,0.0480528,0.050272,156121220.40001,0
SKL.V,D,20220905,000000,0.050311,0.0525073,0.048487,0.0491179,195664613.46308,0
SKL.V,D,20220906,000000,0.0491119,0.0517902,0.045273,0.045791,314776542.85546,0
SKL.V,D,20220907,000000,0.045791,0.0474568,0.04496,0.0473943,236525750.44311,0
SKL.V,D,20220908,000000,0.0476783,0.049511,0.0462845,0.0480802,365261506.26066,0
SKL.V,D,20220909,000000,0.0480802,0.052033,0.0480026,0.0511884,284848458.19929,0
SKL.V,D,20220910,000000,0.0511919,0.0532374,0.0502316,0.0506756,701298520.87889,0
SKL.V,D,20220911,000000,0.0506911,0.0520177,0.0490248,0.0492798,537980101.26629,0
SKL.V,D,20220912,000000,0.0492808,0.0517098,0.0479235,0.0491038,389133739.11938,0
SKL.V,D,20220913,000000,0.0490597,0.0494679,0.0439114,0.0445569,377060061.30548,0
SKL.V,D,20220914,000000,0.0445405,0.0447999,0.041922,0.0430062,234658202.73774,0
SKL.V,D,20220915,000000,0.0429457,0.043181,0.0406734,0.0412903,201282318.74892,0
SKL.V,D,20220916,000000,0.0412283,0.0414191,0.0400048,0.0410579,267356826.90123,0
SKL.V,D,20220917,000000,0.0410579,0.042184,0.0408089,0.041947,216385465.14399,0
SKL.V,D,20220918,000000,0.041966,0.042595,0.0343486,0.037311,296449118.77475,0
SKL.V,D,20220919,000000,0.0372573,0.039946,0.0360054,0.0390909,371606320.49122,0
SKL.V,D,20220920,000000,0.0391789,0.0395149,0.0370284,0.0375988,226550651.9662,0
SKL.V,D,20220921,000000,0.037211,0.039857,0.036316,0.036573,219309749.96759,0
SKL.V,D,20220922,000000,0.036571,0.038892,0.036241,0.038412,201890255.51823,0
SKL.V,D,20220923,000000,0.038402,0.039962,0.0372803,0.0383452,296574877.93872,0
SKL.V,D,20220924,000000,0.0384597,0.0393994,0.0381262,0.0384681,205958678.07262,0
SKL.V,D,20220925,000000,0.038432,0.038621,0.037191,0.037191,219884675.34126,0
SKL.V,D,20220926,000000,0.0371,0.038758,0.036711,0.038178,290458828.00821,0
SKL.V,D,20220927,000000,0.038178,0.042893,0.0380782,0.0383692,374688555.02973,0
SKL.V,D,20220928,000000,0.038373,0.039823,0.0370629,0.039268,299255314.38506,0
SKL.V,D,20220929,000000,0.03964,0.03964,0.038109,0.0390219,270965521.28523,0
SKL.V,D,20220930,000000,0.039018,0.040231,0.0387301,0.038901,230925784.80204,0
SKL.V,D,20221001,000000,0.0388749,0.039625,0.038498,0.038891,90185108.717209,0
SKL.V,D,20221002,000000,0.038902,0.0392159,0.037361,0.038444,103097850.99703,0
SKL.V,D,20221003,000000,0.038453,0.0389309,0.037181,0.0388269,130458022.73002,0
SKL.V,D,20221004,000000,0.0388129,0.0404891,0.0387457,0.039871,132283846.03039,0
SKL.V,D,20221005,000000,0.0396649,0.0398439,0.0382088,0.0388988,113141669.5644,0
SKL.V,D,20221006,000000,0.0388998,0.0398992,0.0387142,0.0387716,102862601.90053,0
SKL.V,D,20221007,000000,0.0387686,0.0390371,0.0378998,0.0385874,90154590.042319,0
SKL.V,D,20221008,000000,0.0385759,0.0388661,0.0380265,0.0380519,100706961.64885,0
SKL.V,D,20221009,000000,0.0380879,0.0387287,0.0380118,0.0385857,91384671.607936,0
SKL.V,D,20221010,000000,0.0385959,0.0391899,0.0376378,0.0379342,150963733.11804,0
SKL.V,D,20221011,000000,0.03794,0.038005,0.0356244,0.0362214,151866701.00853,0
SKL.V,D,20221012,000000,0.0362277,0.0366759,0.0357073,0.0359281,120252853.82154,0
SKL.V,D,20221013,000000,0.0358831,0.0359424,0.0320364,0.0347098,243950443.39535,0
SKL.V,D,20221014,000000,0.0347318,0.0356609,0.0333557,0.033381,152154322.55032,0
SKL.V,D,20221015,000000,0.033499,0.0343041,0.0333627,0.0341507,220066430.56613,0
SKL.V,D,20221016,000000,0.03415,0.0356494,0.033842,0.0351414,287162775.5634,0
SKL.V,D,20221017,000000,0.0351518,0.0363635,0.034907,0.0361567,211974534.9837,0
SKL.V,D,20221018,000000,0.036157,0.0366108,0.034325,0.0347431,275068701.64595,0
SKL.V,D,20221019,000000,0.0347075,0.034904,0.0335977,0.033742,183013098.81155,0
SKL.V,D,20221020,000000,0.0337317,0.0338153,0.0323044,0.0326717,281496138.55235,0
SKL.V,D,20221021,000000,0.0326897,0.0331717,0.0312194,0.0330176,268797403.34907,0
SKL.V,D,20221022,000000,0.0330176,0.0335113,0.0327906,0.033226,215803347.53507,0
SKL.V,D,20221023,000000,0.033234,0.0339944,0.0326583,0.0338764,236486272.62051,0
SKL.V,D,20221024,000000,0.0339134,0.0345408,0.033081,0.0335043,302662858.14266,0
SKL.V,D,20221025,000000,0.0335043,0.0350596,0.0329323,0.034242,339589411.85165,0
SKL.V,D,20221026,000000,0.0344117,0.0357705,0.0341119,0.0355119,339900007.33527,0
SKL.V,D,20221027,000000,0.0355189,0.0387919,0.0352485,0.0365892,474718865.89023,0
SKL.V,D,20221028,000000,0.0366002,0.0381076,0.0352818,0.0377839,395087244.3281,0
SKL.V,D,20221029,000000,0.0377776,0.0392919,0.0374809,0.0378227,356100072.91226,0
SKL.V,D,20221030,000000,0.0379161,0.0396875,0.0369924,0.0374835,351806349.94685,0
SKL.V,D,20221031,000000,0.0374679,0.038403,0.0368437,0.0375277,269041736.44944,0
SKL.V,D,20221101,000000,0.0375277,0.038297,0.0364128,0.0366653,256522349.61333,0
SKL.V,D,20221102,000000,0.0366633,0.0370995,0.0346633,0.0351322,292008972.392,0
SKL.V,D,20221103,000000,0.0350949,0.0444818,0.0350792,0.0403556,581354067.83507,0
SKL.V,D,20221104,000000,0.040287,0.043188,0.0394092,0.0429534,519700426.29243,0
SKL.V,D,20221105,000000,0.0429334,0.0447093,0.041935,0.0431462,289491615.3468978,0
SKL.V,D,20221106,000000,0.0431562,0.0435343,0.040177,0.0403812,203592188.67701322,0
SKL.V,D,20221107,000000,0.0403858,0.0411713,0.0389207,0.0395377,374210007.89141715,0
SKL.V,D,20221108,000000,0.0396089,0.040108,0.0296855,0.033098,320860712.8002747,0
SKL.V,D,20221109,000000,0.033098,0.0338764,0.0243916,0.0249574,443397823.5961031,0
SKL.V,D,20221110,000000,0.0251444,0.0311392,0.0244623,0.0291336,387017969.7975644,0
SKL.V,D,20221111,000000,0.0291568,0.0327453,0.026133,0.0279047,469197555.0862513,0
SKL.V,D,20221112,000000,0.0279095,0.0286888,0.0256747,0.026624,267407212.70198354,0
SKL.V,D,20221113,000000,0.026597,0.0282446,0.0255152,0.02781,618068381.2045287,0
SKL.V,D,20221114,000000,0.027818,0.0302457,0.0260858,0.0282905,464731883.74540716,0
SKL.V,D,20221115,000000,0.0283031,0.0302028,0.0281537,0.0288072,379774868.1093851,0
SKL.V,D,20221116,000000,0.0287978,0.0294109,0.0276475,0.028255,269919157.0210061,0
SKL.V,D,20221117,000000,0.0280289,0.028789,0.02633,0.0264893,648903067.076709,0
SKL.V,D,20221118,000000,0.0264863,0.0270325,0.0258168,0.0260487,299451146.10367036,0
SKL.V,D,20221119,000000,0.026049,0.0262021,0.025594,0.0260399,331448380.36399806,0
SKL.V,D,20221120,000000,0.0260379,0.0265056,0.0245175,0.0247226,367292783.0184383,0
SKL.V,D,20221121,000000,0.0247593,0.0247942,0.0237662,0.0242519,334334604.7042409,0
SKL.V,D,20221122,000000,0.0242519,0.0251612,0.0235287,0.0251373,498216655.3695384,0
SKL.V,D,20221123,000000,0.0251323,0.0261713,0.0250059,0.0257756,252371002.92030767,0
SKL.V,D,20221124,000000,0.0257759,0.0274005,0.0257217,0.0260431,128080267.64278741,0
SKL.V,D,20221125,000000,0.0260418,0.0263478,0.0253192,0.0262803,111328008.94437301,0
SKL.V,D,20221126,000000,0.0262956,0.0271899,0.0261798,0.0264367,118670059.18517165,0
SKL.V,D,20221127,000000,0.0264444,0.0272995,0.0262398,0.0267968,172548571.80538267,0
SKL.V,D,20221128,000000,0.0267933,0.0269043,0.0251132,0.0265259,154419760.91123167,0
SKL.V,D,20221129,000000,0.0265259,0.0275965,0.026232,0.027047,140779287.73635307,0
SKL.V,D,20221130,000000,0.027057,0.0281174,0.0266767,0.0278384,66320826.042645045,0
SKL.V,D,20221201,000000,0.0278571,0.0280388,0.0270862,0.0274066,52964598.59839077,0
SKL.V,D,20221202,000000,0.0273586,0.0281967,0.0269882,0.0281967,47287302.1198435,0
SKL.V,D,20221203,000000,0.0282207,0.0284293,0.0270617,0.0271367,38527082.44348262,0
SKL.V,D,20221204,000000,0.0271244,0.0276415,0.0269424,0.0275248,30770186.277389992,0
SKL.V,D,20221205,000000,0.0275288,0.0281498,0.02677,0.0270118,35520331.35693011,0
SKL.V,D,20221206,000000,0.0270067,0.0278754,0.0269655,0.0273185,50931321.166485816,0
SKL.V,D,20221207,000000,0.027319,0.0275144,0.0258073,0.025915,48302007.191561736,0
SKL.V,D,20221208,000000,0.025928,0.0260058,0.0249435,0.0256908,55980685.90526028,0
SKL.V,D,20221209,000000,0.0256958,0.0264041,0.025436,0.0256578,57709388.39272514,0
SKL.V,D,20221210,000000,0.0256686,0.0272477,0.0256303,0.0258915,61652905.55160304,0
SKL.V,D,20221211,000000,0.0259245,0.0263613,0.0255996,0.0256316,37147128.590412796,0
SKL.V,D,20221212,000000,0.0256441,0.0258146,0.0241879,0.0246262,84443519.20559393,0
SKL.V,D,20221213,000000,0.0246269,0.0248025,0.0231863,0.0245771,113603230.91616862,0
SKL.V,D,20221214,000000,0.0245881,0.0252619,0.0239672,0.0244547,100608934.09519646,0
SKL.V,D,20221215,000000,0.0244587,0.0246215,0.0237194,0.0237824,101467764.94558024,0
SKL.V,D,20221216,000000,0.0237784,0.0239594,0.0208601,0.0216942,111279359.0882332,0
SKL.V,D,20221217,000000,0.0217272,0.0217942,0.0205755,0.0215848,119596762.4719057,0
SKL.V,D,20221218,000000,0.021587,0.0218071,0.0215236,0.0216548,34901003.60377816,0
SKL.V,D,20221219,000000,0.021674,0.022199,0.020321,0.020576,86104274.65923561,0
SKL.V,D,20221220,000000,0.0205788,0.0221338,0.0205046,0.0220319,105508728.68699676,0
SKL.V,D,20221221,000000,0.0220331,0.0221227,0.0212318,0.0213469,101007217.61084345,0
SKL.V,D,20221222,000000,0.0213691,0.022128,0.0212989,0.0219953,114124038.62193613,0
SKL.V,D,20221223,000000,0.0220013,0.0223695,0.0219349,0.0221606,95570177.91034995,0
SKL.V,D,20221224,000000,0.0221648,0.02246,0.022049,0.0223167,75011454.23376809,0
SKL.V,D,20221225,000000,0.0223224,0.0225316,0.0218658,0.0221041,73149972.50975446,0
SKL.V,D,20221226,000000,0.0221058,0.0225487,0.022091,0.0224335,91093847.4863933,0
SKL.V,D,20221227,000000,0.0224367,0.0228613,0.021973,0.0220334,87636858.93673986,0
SKL.V,D,20221228,000000,0.0220214,0.0222981,0.0211779,0.0212405,104676436.83316487,0
SKL.V,D,20221229,000000,0.0212128,0.0215076,0.0204236,0.0206509,94935887.85765447,0
SKL.V,D,20221230,000000,0.0206609,0.0207672,0.0197021,0.019924,145810185.23774415,0
SKL.V,D,20221231,000000,0.0199138,0.0200912,0.019582,0.0198491,123134448.38015006,0
SKL.V,D,20230101,000000,0.0198571,0.020436,0.0197089,0.0203774,121044366.33386458,0
SKL.V,D,20230102,000000,0.0203824,0.0212807,0.0200244,0.0210315,101356768.49271628,0
SKL.V,D,20230103,000000,0.0210453,0.021326,0.0207615,0.0211847,106378232.10110179,0
SKL.V,D,20230104,000000,0.0211779,0.0224556,0.0211777,0.0219737,135700318.00930512,0
SKL.V,D,20230105,000000,0.0219647,0.022447,0.0219368,0.0222322,107293379.95450479,0
SKL.V,D,20230106,000000,0.0222863,0.022732,0.0215818,0.022732,125631212.68441315,0
SKL.V,D,20230107,000000,0.0227317,0.0229781,0.02254,0.0225766,86448768.58063236,0
SKL.V,D,20230108,000000,0.0225766,0.0237792,0.0224144,0.0237042,113116681.02659696,0
SKL.V,D,20230109,000000,0.0237173,0.0257512,0.0237142,0.0250337,111912893.30945162,0
SKL.V,D,20230110,000000,0.0249848,0.0254617,0.0242748,0.0252475,105171273.04497999,0
SKL.V,D,20230111,000000,0.02526,0.0254128,0.0240484,0.0251035,116922182.90731102,0
SKL.V,D,20230112,000000,0.025125,0.026532,0.0246748,0.0262686,137612884.5960411,0
SKL.V,D,20230113,000000,0.0262686,0.027499,0.0259487,0.0269574,83506427.64068906,0
SKL.V,D,20230114,000000,0.0269874,0.0297678,0.0269048,0.0282624,112677069.18026212,0
SKL.V,D,20230115,000000,0.0288289,0.0290935,0.0277552,0.0283422,87796869.985393,0
SKL.V,D,20230116,000000,0.0283848,0.0297316,0.0278271,0.0288246,123366840.2018926,0
SKL.V,D,20230117,000000,0.0288322,0.0300661,0.0284697,0.0295803,86868425.19186182,0
SKL.V,D,20230118,000000,0.0295803,0.0304084,0.0270307,0.0272566,107219395.00891821,0
SKL.V,D,20230119,000000,0.0272394,0.0275732,0.0263856,0.0272929,66143934.63365871,0
SKL.V,D,20230120,000000,0.0272939,0.0342665,0.0271027,0.033594,255942325.607353,0
SKL.V,D,20230121,000000,0.033607,0.038502,0.0327528,0.0340668,353000900.805382,0
SKL.V,D,20230122,000000,0.0340631,0.0359187,0.0335997,0.0345159,105971133.46475782,0
SKL.V,D,20230123,000000,0.0345319,0.0362637,0.0341102,0.0355757,102477642.61505023,0
SKL.V,D,20230124,000000,0.0355773,0.0375246,0.0348446,0.0355861,100126455.26988377,0
SKL.V,D,20230125,000000,0.0355981,0.0361418,0.0331457,0.0344555,124737451.56478654,0
SKL.V,D,20230126,000000,0.0344469,0.0387207,0.0341822,0.036736,139947490.05898464,0
SKL.V,D,20230127,000000,0.0367273,0.0374582,0.0355918,0.036471,87599842.71793632,0
SKL.V,D,20230128,000000,0.0365518,0.0371897,0.0356189,0.0357772,69650878.11289598,0
SKL.V,D,20230129,000000,0.0357772,0.0368594,0.0351021,0.0364425,96649199.4242513,0
SKL.V,D,20230130,000000,0.0363908,0.0388247,0.0332327,0.0342024,196951414.5470088,0
SKL.V,D,20230131,000000,0.0342021,0.0350178,0.033417,0.0346835,134772111.0337971,0
SKL.V,D,20230201,000000,0.0346738,0.0375134,0.0328203,0.0373562,86661883.0446394,0
SKL.V,D,20230202,000000,0.0373132,0.040235,0.0368806,0.0380846,130018942.8281422,0
SKL.V,D,20230203,000000,0.0380756,0.0394371,0.0369091,0.0389947,67261790.72588171,0
SKL.V,D,20230204,000000,0.0390071,0.0410487,0.0389711,0.0400152,82787803.63908507,0
SKL.V,D,20230205,000000,0.0400152,0.0409028,0.0373317,0.0383106,140687448.4241374,0
SKL.V,D,20230206,000000,0.0383436,0.0386971,0.0366637,0.0375465,85603042.41665983,0
SKL.V,D,20230207,000000,0.0375355,0.0466544,0.0370397,0.0444801,184415037.95599267,0
SKL.V,D,20230208,000000,0.0444577,0.0445462,0.040175,0.0414743,121829443.84722818,0
SKL.V,D,20230209,000000,0.0414273,0.0452515,0.0382778,0.0385979,143899314.09778732,0
SKL.V,D,20230210,000000,0.0386009,0.069538,0.0380828,0.0576036,1046898635.6952251,0
SKL.V,D,20230211,000000,0.057654,0.0672781,0.054364,0.055913,693706073.2623707,0
SKL.V,D,20230212,000000,0.0559096,0.0616635,0.0536517,0.0544884,391897002.39252967,0
SKL.V,D,20230213,000000,0.0561557,0.0569633,0.0486697,0.0489024,239077659.6021298,0
SKL.V,D,20230214,000000,0.0488834,0.0534602,0.04782,0.0516046,174125168.54417306,0
SKL.V,D,20230215,000000,0.0515986,0.0588806,0.0502496,0.0575114,265562842.69167355,0
SKL.V,D,20230216,000000,0.0575114,0.0606515,0.0535497,0.0536382,291960047.65739584,0
SKL.V,D,20230217,000000,0.0536512,0.0548147,0.0511711,0.0541094,170753776.74571574,0
SKL.V,D,20230218,000000,0.0541371,0.064811,0.0533182,0.0595755,298326812.2321089,0
SKL.V,D,20230219,000000,0.0595615,0.0640252,0.0585071,0.0598248,170522015.20344573,0
SKL.V,D,20230220,000000,0.0598062,0.0656443,0.0561713,0.0604754,162185306.3619999,0
SKL.V,D,20230221,000000,0.0605964,0.0614064,0.0551615,0.0561901,101359927.45642366,0
SKL.V,D,20230222,000000,0.0561625,0.0574015,0.0518008,0.0540007,91347630.74763006,0
SKL.V,D,20230223,000000,0.05402,0.0556201,0.0512336,0.0518073,97060903.06619605,0
SKL.V,D,20230224,000000,0.0518073,0.0529962,0.0468145,0.0474761,105513883.25309813,0
SKL.V,D,20230225,000000,0.0474225,0.0492109,0.045903,0.0475373,70338453.41047005,0
SKL.V,D,20230226,000000,0.0476919,0.050005,0.0475393,0.0491809,69641751.00369759,0
SKL.V,D,20230227,000000,0.049274,0.05057,0.0475947,0.0489084,71254204.0926929,0
SKL.V,D,20230228,000000,0.0490185,0.0501705,0.0463783,0.0472324,71372423.64854021,0
SKL.V,D,20230301,000000,0.047227,0.050493,0.0468696,0.0487653,66683280.226823606,0
SKL.V,D,20230302,000000,0.0487438,0.0489789,0.0454942,0.0472212,83262906.52474223,0
SKL.V,D,20230303,000000,0.0472108,0.0472298,0.0412773,0.043159,148109237.72640106,0
SKL.V,D,20230304,000000,0.043109,0.0442902,0.039727,0.0403548,67484468.08821242,0
SKL.V,D,20230305,000000,0.0403432,0.0422035,0.0401942,0.0416056,64459398.98022717,0
SKL.V,D,20230306,000000,0.041611,0.0427519,0.0400146,0.0423695,76672702.85254888,0
SKL.V,D,20230307,000000,0.0423455,0.0436741,0.0392325,0.040494,104844896.85963213,0
SKL.V,D,20230308,000000,0.040494,0.0409356,0.0377925,0.0379235,88282344.68413627,0
SKL.V,D,20230309,000000,0.0380142,0.0404345,0.0347827,0.0350972,115069532.70272069,0
SKL.V,D,20230310,000000,0.0350935,0.0372911,0.0337696,0.0369056,149500267.4173194,0
SKL.V,D,20230311,000000,0.0369119,0.0386293,0.0336952,0.0350452,137891640.16250485,0
SKL.V,D,20230312,000000,0.035084,0.0393785,0.0349733,0.039183,86073807.22783601,0
SKL.V,D,20230313,000000,0.0389164,0.0428386,0.0384036,0.0428163,104123951.83809137,0
SKL.V,D,20230314,000000,0.0426003,0.0470287,0.0414832,0.0447592,153381176.09540078,0
SKL.V,D,20230315,000000,0.0447362,0.0463152,0.0401698,0.0406239,94951784.26535678,0
SKL.V,D,20230316,000000,0.0406119,0.0424262,0.0404172,0.0412463,121707760.02952479,0
SKL.V,D,20230317,000000,0.0412496,0.0437748,0.0405852,0.0437554,105015339.8767046,0
SKL.V,D,20230318,000000,0.0437875,0.0465469,0.0426414,0.0431581,135632843.74070302,0
SKL.V,D,20230319,000000,0.0431541,0.045634,0.0423071,0.0447161,81198062.98366758,0
SKL.V,D,20230320,000000,0.0447021,0.0453873,0.0392886,0.0394906,129676762.74997264,0
SKL.V,D,20230321,000000,0.0395067,0.0416803,0.0382118,0.0408052,103171154.45887741,0
SKL.V,D,20230322,000000,0.0408248,0.041403,0.037017,0.0379818,97314071.17690703,0
SKL.V,D,20230323,000000,0.0379818,0.040593,0.0378306,0.0397369,90446662.68236126,0
SKL.V,D,20230324,000000,0.0396994,0.0445307,0.0392156,0.0415242,281458238.4144067,0
SKL.V,D,20230325,000000,0.04148,0.0433615,0.0391262,0.0393431,131621466.63390464,0
SKL.V,D,20230326,000000,0.0393591,0.0407286,0.0386631,0.039873,84763963.87437542,0
SKL.V,D,20230327,000000,0.0398938,0.0406513,0.0366043,0.0372805,104222836.2122192,0
SKL.V,D,20230328,000000,0.0372825,0.0385514,0.0366694,0.0379938,101107884.99834864,0
SKL.V,D,20230329,000000,0.0379628,0.0417034,0.0379604,0.0413334,150677858.79715028,0
SKL.V,D,20230330,000000,0.0413514,0.0419236,0.0388878,0.0396741,86070723.46681364,0
SKL.V,D,20230331,000000,0.0396937,0.041276,0.0388537,0.0408082,67225897.52778922,0
SKL.V,D,20230401,000000,0.0408266,0.0417547,0.0404745,0.0409772,64809636.195832424,0
SKL.V,D,20230402,000000,0.0409892,0.0417925,0.0387013,0.0390692,73644041.84702472,0
SKL.V,D,20230403,000000,0.0390772,0.0402694,0.0378897,0.0392877,82153594.14258015,0
SKL.V,D,20230404,000000,0.0392667,0.0429596,0.0388785,0.0422575,94419011.59354943,0
SKL.V,D,20230405,000000,0.0423852,0.0434086,0.0413289,0.0414189,84968537.87852088,0
SKL.V,D,20230406,000000,0.0413593,0.0418164,0.0401605,0.0412584,60846518.59498051,0
SKL.V,D,20230407,000000,0.0412204,0.0413978,0.0397609,0.0407651,72594613.39385435,0
SKL.V,D,20230408,000000,0.0407852,0.0414871,0.0403332,0.0405982,55080138.83501067,0
SKL.V,D,20230409,000000,0.0405318,0.0419111,0.0398781,0.0418941,60396662.60235856,0
SKL.V,D,20230410,000000,0.0419433,0.0431348,0.0406935,0.0428317,81004044.57790418,0
SKL.V,D,20230411,000000,0.0428477,0.0434144,0.0418236,0.041919,90765672.92266485,0
SKL.V,D,20230412,000000,0.0419155,0.0425523,0.0396391,0.0415284,136886077.5643567,0
SKL.V,D,20230413,000000,0.0414983,0.044272,0.0413269,0.0436669,152002070.91273293,0
SKL.V,D,20230414,000000,0.0436569,0.045766,0.0431752,0.044666,135314106.93410748,0
SKL.V,D,20230415,000000,0.044672,0.0454359,0.0438536,0.0439545,98559735.56652497,0
SKL.V,D,20230416,000000,0.0439811,0.054277,0.0435131,0.0520654,463316168.58013207,0
SKL.V,D,20230417,000000,0.052265,0.0523811,0.0456435,0.0482024,346999205.0819214,0
SKL.V,D,20230418,000000,0.0482404,0.0488919,0.0468454,0.0479021,136988285.37079507,0
SKL.V,D,20230419,000000,0.0479012,0.0496414,0.0427152,0.0436576,209742505.5836238,0
SKL.V,D,20230420,000000,0.0436946,0.0444511,0.0406151,0.0406451,140925636.9884021,0
SKL.V,D,20230421,000000,0.0406448,0.0414468,0.0382047,0.0386991,97137991.75738187,0
SKL.V,D,20230422,000000,0.0386407,0.0394814,0.0381353,0.0391605,70385861.64009689,0
SKL.V,D,20230423,000000,0.0391605,0.0396958,0.0377826,0.0382399,61840396.17393013,0
SKL.V,D,20230424,000000,0.0382729,0.0400816,0.038225,0.0390228,99478591.77640396,0
SKL.V,D,20230425,000000,0.0390132,0.0402503,0.0375704,0.0402273,67838311.89088799,0
SKL.V,D,20230426,000000,0.0402773,0.0419203,0.0374652,0.0389301,102412524.6300803,0
SKL.V,D,20230427,000000,0.0389775,0.0408163,0.0388824,0.0402487,141741659.1241806,0
SKL.V,D,20230428,000000,0.0402623,0.0404127,0.0383478,0.0389039,77233627.82930626,0
SKL.V,D,20230429,000000,0.0389119,0.0396748,0.0386377,0.0394749,55802046.19041155,0
SKL.V,D,20230430,000000,0.0394753,0.0395537,0.0376946,0.0380507,62326336.512981914,0
SKL.V,D,20230501,000000,0.0380183,0.0383149,0.0363113,0.0366655,60302110.66131556,0
SKL.V,D,20230502,000000,0.0366829,0.03769,0.0365387,0.0374268,60559793.60291063,0
SKL.V,D,20230503,000000,0.0374428,0.0382033,0.0362924,0.0380973,56672693.26041326,0
SKL.V,D,20230504,000000,0.0380943,0.0383889,0.0370008,0.0372644,54355400.169600755,0
SKL.V,D,20230505,000000,0.0372348,0.0383474,0.036663,0.0381157,82883154.27933528,0
SKL.V,D,20230506,000000,0.0381471,0.0384957,0.0351286,0.0353818,64073810.05819513,0
SKL.V,D,20230507,000000,0.035363,0.0357665,0.0343401,0.0348858,55316160.571618676,0
SKL.V,D,20230508,000000,0.0348957,0.0348957,0.0305511,0.0317051,96692841.54073328,0
SKL.V,D,20230509,000000,0.0316901,0.032288,0.0315234,0.0317807,62016724.51760805,0
SKL.V,D,20230510,000000,0.0318198,0.0329044,0.0306977,0.0323383,80454058.63658054,0
SKL.V,D,20230511,000000,0.0323303,0.0327254,0.0295836,0.0301101,88059939.73179032,0
SKL.V,D,20230512,000000,0.0301131,0.0312197,0.0296436,0.0311809,80081732.86700742,0
SKL.V,D,20230513,000000,0.0311669,0.0315439,0.0306813,0.0312267,67350202.54044354,0
SKL.V,D,20230514,000000,0.0312166,0.0320012,0.0307984,0.03168,69343353.26315707,0
SKL.V,D,20230515,000000,0.031704,0.032874,0.0313608,0.0322546,82753214.80102545,0
SKL.V,D,20230516,000000,0.0322956,0.0325885,0.0317172,0.0324562,66978566.53918202,0
SKL.V,D,20230517,000000,0.032457,0.0334787,0.0318629,0.0332656,83204278.39252107,0
SKL.V,D,20230518,000000,0.0332686,0.0333243,0.0315855,0.032442,70111042.7545871,0
SKL.V,D,20230519,000000,0.032436,0.0329796,0.0318856,0.0327235,66658195.29502595,0
SKL.V,D,20230520,000000,0.0326923,0.0332939,0.0323046,0.0329747,46215703.60312578,0
SKL.V,D,20230521,000000,0.0329489,0.0331051,0.0318589,0.0319011,51295843.05171901,0
SKL.V,D,20230522,000000,0.031928,0.0323814,0.031623,0.0322181,59839491.77580293,0
SKL.V,D,20230523,000000,0.0322065,0.0332293,0.0318833,0.033066,62181886.348536864,0
SKL.V,D,20230524,000000,0.0330987,0.033457,0.0315924,0.0323941,101162659.64475633,0
SKL.V,D,20230525,000000,0.0323861,0.0324431,0.0312618,0.0320826,58500019.45496552,0
SKL.V,D,20230526,000000,0.0320466,0.032103,0.0313989,0.031621,74323403.56043993,0
SKL.V,D,20230527,000000,0.0316523,0.0316761,0.0313617,0.0315697,56256918.95116652,0
SKL.V,D,20230528,000000,0.0315976,0.0324921,0.0315676,0.0324665,62260547.41704649,0
SKL.V,D,20230529,000000,0.0324725,0.033329,0.0324438,0.0327615,62295537.95888789,0
SKL.V,D,20230530,000000,0.0327615,0.0339926,0.0326284,0.0336971,78867590.12959595,0
SKL.V,D,20230531,000000,0.0337041,0.0342969,0.0321384,0.0325372,84268804.69134717,0
SKL.V,D,20230601,000000,0.0325532,0.033218,0.0321254,0.0330242,67395991.07279228,0
SKL.V,D,20230602,000000,0.0330282,0.0347883,0.0324501,0.034723,87613976.91250305,0
SKL.V,D,20230603,000000,0.034716,0.0349436,0.0338812,0.0338986,62719182.44617703,0
SKL.V,D,20230604,000000,0.0338795,0.0351062,0.0336768,0.034373,42605580.136988744,0
SKL.V,D,20230605,000000,0.034376,0.0346934,0.0283845,0.0290414,140554295.445414,0
SKL.V,D,20230606,000000,0.0290507,0.0321761,0.0290467,0.0314961,119085567.4824918,0
SKL.V,D,20230607,000000,0.0314638,0.0318132,0.0297286,0.0299983,76752738.39356358,0
SKL.V,D,20230608,000000,0.029956,0.030103,0.029094,0.0293383,63243429.25639674,0
SKL.V,D,20230609,000000,0.0293303,0.031256,0.0288576,0.0290162,378059081.53430736,0
SKL.V,D,20230610,000000,0.0289788,0.0290255,0.0219831,0.024089,155545454.18194497,0
SKL.V,D,20230611,000000,0.02413,0.0254057,0.0236898,0.0249672,77775993.39134184,0
SKL.V,D,20230612,000000,0.0249672,0.025644,0.0240354,0.0255417,81109805.42025627,0
SKL.V,D,20230613,000000,0.025553,0.0261832,0.0248208,0.0248688,91699736.24053027,0
SKL.V,D,20230614,000000,0.024884,0.0251982,0.0233349,0.0236709,73467330.4510433,0
SKL.V,D,20230615,000000,0.0237069,0.0246336,0.023385,0.0244477,84973144.42640196,0
SKL.V,D,20230616,000000,0.0244487,0.0247979,0.0234873,0.0245306,97557222.03526315,0
SKL.V,D,20230617,000000,0.0245368,0.025847,0.0244391,0.0254336,69026092.39350563,0
SKL.V,D,20230618,000000,0.0254333,0.0255877,0.0243864,0.0245444,73251267.15791711,0
SKL.V,D,20230619,000000,0.0245504,0.0247666,0.0239271,0.0242252,93682225.18923229,0
SKL.V,D,20230620,000000,0.0242312,0.0253668,0.0235318,0.02517,96818315.3535731,0
SKL.V,D,20230621,000000,0.0251768,0.0274933,0.0251023,0.0269006,115544949.6637934,0
SKL.V,D,20230622,000000,0.026935,0.0278851,0.0261329,0.0267493,127905878.44268557,0
SKL.V,D,20230623,000000,0.0267846,0.0284365,0.0265088,0.027672,99873631.26225539,0
SKL.V,D,20230624,000000,0.0276583,0.0283589,0.0267765,0.0273132,103844950.61828713,0
SKL.V,D,20230625,000000,0.0273122,0.0290413,0.0272472,0.028205,105592440.11260219,0
SKL.V,D,20230626,000000,0.028216,0.0287371,0.0273581,0.0277418,102144581.47773471,0
SKL.V,D,20230627,000000,0.0278078,0.0286383,0.0273374,0.0284308,92945702.02892321,0
SKL.V,D,20230628,000000,0.0284404,0.0285851,0.0254716,0.0260547,104640806.4774352,0
SKL.V,D,20230629,000000,0.0260277,0.0270015,0.0256817,0.0259724,169244068.04011676,0
SKL.V,D,20230630,000000,0.0259639,0.0284043,0.0255719,0.0277945,167785926.746421,0
SKL.V,D,20230701,000000,0.0277943,0.0284655,0.0274436,0.027713,75315565.65401645,0
SKL.V,D,20230702,000000,0.0277057,0.0282191,0.0271523,0.0277224,87704369.35982199,0
SKL.V,D,20230703,000000,0.0278825,0.029567,0.0277248,0.0291249,93836228.9642099,0
SKL.V,D,20230704,000000,0.0290857,0.029984,0.0285174,0.0292954,130653585.65416886,0
SKL.V,D,20230705,000000,0.0294152,0.029734,0.0276454,0.0282312,106077928.0091045,0
SKL.V,D,20230706,000000,0.0282122,0.0294788,0.0271342,0.0271958,134354156.91270328,0
SKL.V,D,20230707,000000,0.0271598,0.0278257,0.026841,0.0275428,104285148.34195226,0
SKL.V,D,20230708,000000,0.0275605,0.0279257,0.0270466,0.0272294,85488926.6435991,0
SKL.V,D,20230709,000000,0.0272194,0.0280062,0.0270638,0.0272496,85600303.6179148,0
SKL.V,D,20230710,000000,0.0273086,0.0283963,0.0260929,0.02767,110939733.12689045,0
SKL.V,D,20230711,000000,0.0279998,0.0281783,0.0271691,0.0273203,99787616.37482949,0
SKL.V,D,20230712,000000,0.0273051,0.0281566,0.0268808,0.0271088,82535631.49165666,0
SKL.V,D,20230713,000000,0.0270375,0.0299872,0.026943,0.0293544,94965433.3725664,0
SKL.V,D,20230714,000000,0.0293254,0.0301697,0.0277367,0.0282195,90890093.9078326,0
SKL.V,D,20230715,000000,0.0281618,0.0297946,0.0281618,0.0292118,94103187.20778833,0
SKL.V,D,20230716,000000,0.0292115,0.0293918,0.0284745,0.0286512,53055810.89858382,0
SKL.V,D,20230717,000000,0.0288876,0.029946,0.0283657,0.029664,109496016.70720598,0
SKL.V,D,20230718,000000,0.029688,0.0302721,0.0282655,0.0286053,94658933.58140099,0
SKL.V,D,20230719,000000,0.0286286,0.0295012,0.0285356,0.0290337,69545474.34519026,0
SKL.V,D,20230720,000000,0.0290487,0.030201,0.0285944,0.0286594,127728596.93939753,0
SKL.V,D,20230721,000000,0.0291417,0.0295355,0.028704,0.0293356,80422960.06021933,0
SKL.V,D,20230722,000000,0.0293633,0.0295291,0.0285577,0.0287969,72013539.83682907,0
SKL.V,D,20230723,000000,0.0287932,0.0289604,0.0279272,0.0287101,69477136.85724553,0
SKL.V,D,20230724,000000,0.0283844,0.0285407,0.0263597,0.0265231,103141051.72719757,0
SKL.V,D,20230725,000000,0.0264998,0.0265718,0.0254485,0.0255432,85300884.38441601,0
SKL.V,D,20230726,000000,0.0255482,0.0268862,0.024846,0.0265058,103293124.66092676,0
SKL.V,D,20230727,000000,0.0264658,0.027168,0.0259403,0.0266698,99129695.96701509,0
SKL.V,D,20230728,000000,0.0266118,0.0276887,0.0265918,0.0271365,98558717.55699469,0
SKL.V,D,20230729,000000,0.0271352,0.0279137,0.0268023,0.027305,86764425.83143193,0
SKL.V,D,20230730,000000,0.0273117,0.0278302,0.0267835,0.0270816,79553650.77818647,0
SKL.V,D,20230731,000000,0.0270606,0.0282725,0.0270199,0.0272374,108591242.54801096,0
SKL.V,D,20230801,000000,0.0272384,0.0279932,0.026171,0.0278618,102465606.9243672,0
SKL.V,D,20230802,000000,0.0278618,0.0290391,0.0274685,0.0277262,118051298.75308615,0
SKL.V,D,20230803,000000,0.0276889,0.0280506,0.0272661,0.0277345,109326490.2885049,0
SKL.V,D,20230804,000000,0.0277415,0.0279772,0.0265168,0.0266347,115627413.61309344,0
SKL.V,D,20230805,000000,0.0266177,0.0267586,0.02612,0.026318,110917213.40817757,0
SKL.V,D,20230806,000000,0.0263449,0.0278778,0.0263403,0.0271262,226077113.2945778,0
SKL.V,D,20230807,000000,0.0270719,0.0277316,0.0265841,0.0273023,107597692.3710483,0
SKL.V,D,20230808,000000,0.027286,0.0287891,0.0272711,0.0281398,135610973.4527647,0
SKL.V,D,20230809,000000,0.0281438,0.0283885,0.0278253,0.0279397,120456643.68635008,0
SKL.V,D,20230810,000000,0.0279457,0.028309,0.0273724,0.0274798,109923341.92960878,0
SKL.V,D,20230811,000000,0.0274858,0.0282018,0.0273442,0.0276456,111380937.08577654,0
SKL.V,D,20230812,000000,0.0276356,0.0285843,0.0275332,0.0282881,90524849.96645656,0
SKL.V,D,20230813,000000,0.0283039,0.0288537,0.0282379,0.0284865,102267094.15863353,0
SKL.V,D,20230814,000000,0.0284998,0.0285145,0.0273883,0.027836,151124974.20214328,0
SKL.V,D,20230815,000000,0.02777,0.0278093,0.0244445,0.0261876,126812768.32330847,0
SKL.V,D,20230816,000000,0.0261972,0.0262316,0.0232639,0.0232639,138457670.1375935,0
SKL.V,D,20230817,000000,0.0232681,0.0243473,0.0194618,0.02101,116625550.9872096,0
SKL.V,D,20230818,000000,0.0209998,0.0220661,0.0207702,0.0216822,219869226.43849462,0
SKL.V,D,20230819,000000,0.0216882,0.0224552,0.0216789,0.0219543,194080189.6885181,0
SKL.V,D,20230820,000000,0.0217095,0.0226656,0.0217035,0.0226069,175485462.5499926,0
SKL.V,D,20230821,000000,0.0226066,0.0226135,0.0211264,0.02176,176842151.52867115,0
SKL.V,D,20230822,000000,0.0217597,0.0220514,0.0206304,0.0209647,136577933.6728352,0
SKL.V,D,20230823,000000,0.0207339,0.0227409,0.0206158,0.0226387,174153164.0932968,0
SKL.V,D,20230824,000000,0.0226387,0.0226455,0.021273,0.0212761,139200749.0385242,0
SKL.V,D,20230825,000000,0.0211362,0.0219974,0.020983,0.021863,191806898.32927412,0
SKL.V,D,20230826,000000,0.0218598,0.0222515,0.0215657,0.0218152,215082553.3911315,0
SKL.V,D,20230827,000000,0.0217081,0.0222651,0.0217081,0.0220304,102001700.51618138,0
SKL.V,D,20230828,000000,0.0220914,0.0223139,0.0215434,0.0220329,139106799.7707728,0
SKL.V,D,20230829,000000,0.0220315,0.0230258,0.0198805,0.0226683,265335858.2452605,0
SKL.V,D,20230830,000000,0.0226581,0.0230215,0.0219108,0.022182,210977290.04028437,0
SKL.V,D,20230831,000000,0.0221618,0.0227032,0.0210586,0.0216012,131347885.75978656,0
SKL.V,D,20230901,000000,0.0216352,0.0218041,0.0207347,0.0211412,135521976.2106331,0
SKL.V,D,20230902,000000,0.0211412,0.0212661,0.0201766,0.020361,259216529.0425556,0
SKL.V,D,20230903,000000,0.0203608,0.0207966,0.0199506,0.0203183,167858929.23403287,0
SKL.V,D,20230904,000000,0.0203413,0.0211418,0.0202036,0.0206152,156124947.97637394,0
SKL.V,D,20230905,000000,0.020622,0.02181,0.020442,0.0216796,138388966.77487993,0
SKL.V,D,20230906,000000,0.0216164,0.0220081,0.0212716,0.0216888,167367004.45659414,0
SKL.V,D,20230907,000000,0.0217557,0.0224475,0.0215231,0.0224176,181501351.2889954,0
SKL.V,D,20230908,000000,0.0223715,0.0233416,0.0222233,0.0229338,252059532.19618368,0
SKL.V,D,20230909,000000,0.0229388,0.0236064,0.0228757,0.02319,208803750.47385,0
SKL.V,D,20230910,000000,0.0230476,0.0233109,0.021683,0.0231242,164988324.2463432,0
SKL.V,D,20230911,000000,0.0231462,0.0233941,0.0210333,0.0215431,183957342.9093997,0
SKL.V,D,20230912,000000,0.0215681,0.0229283,0.0215229,0.0224762,206941668.6584753,0
SKL.V,D,20230913,000000,0.02248,0.0239944,0.0218511,0.0234167,201371115.89637232,0
SKL.V,D,20230914,000000,0.0234137,0.0241125,0.0229509,0.0230117,182436508.976939,0
SKL.V,D,20230915,000000,0.0230475,0.023947,0.0228358,0.0237523,156730909.3263048,0
SKL.V,D,20230916,000000,0.0237763,0.0246658,0.02373,0.0241582,131913736.942058,0
SKL.V,D,20230917,000000,0.0241792,0.0241892,0.022898,0.0230055,121380306.34205249,0
SKL.V,D,20230918,000000,0.0230195,0.0238748,0.0226264,0.0227166,110746867.78730878,0
SKL.V,D,20230919,000000,0.0226864,0.0241588,0.0221889,0.022779,235668592.95198366,0
SKL.V,D,20230920,000000,0.0227902,0.0229062,0.0224009,0.0227384,158555142.8130435,0
SKL.V,D,20230921,000000,0.0227484,0.0232757,0.022316,0.0225311,179806736.6258051,0
SKL.V,D,20230922,000000,0.0225151,0.0227921,0.0220759,0.0222534,151179369.5153595,0
SKL.V,D,20230923,000000,0.0222537,0.0225423,0.0217052,0.0217895,129257794.51849043,0
SKL.V,D,20230924,000000,0.0217793,0.021946,0.0214525,0.0215591,114786007.25508438,0
SKL.V,D,20230925,000000,0.0215589,0.0219177,0.0211378,0.0218168,111559959.6223865,0
SKL.V,D,20230926,000000,0.0217527,0.0220246,0.0216476,0.0217127,112338914.92317602,0
SKL.V,D,20230927,000000,0.0217127,0.0221323,0.0212947,0.0215261,139763113.99199423,0
SKL.V,D,20230928,000000,0.0215261,0.0223492,0.0213916,0.0219336,128014641.65816706,0
SKL.V,D,20230929,000000,0.0220583,0.0223242,0.0216884,0.0220396,144583310.14405248,0
SKL.V,D,20230930,000000,0.0221296,0.0224915,0.0220646,0.0223125,127890950.12232712,0
SKL.V,D,20231001,000000,0.0223125,0.0230853,0.0221459,0.0228225,109387261.12882774,0
SKL.V,D,20231002,000000,0.0228445,0.0235364,0.0219306,0.0223755,146638471.06227106,0
SKL.V,D,20231003,000000,0.0223645,0.0223645,0.021355,0.0215768,151249116.291667,0
SKL.V,D,20231004,000000,0.0215785,0.0215855,0.0206677,0.0213754,136306924.4417385,0
SKL.V,D,20231005,000000,0.0213759,0.0214884,0.0208624,0.0210329,122243407.2041102,0
SKL.V,D,20231006,000000,0.0210329,0.0218591,0.0209516,0.0217807,120010417.12926582,0
SKL.V,D,20231007,000000,0.0217809,0.0219576,0.0214217,0.0215793,118172280.65794127,0
SKL.V,D,20231008,000000,0.0215893,0.0219055,0.0212624,0.0218234,91950122.09113394,0
SKL.V,D,20231009,000000,0.0218232,0.0221511,0.0204701,0.0209984,118966575.21892765,0
SKL.V,D,20231010,000000,0.0209792,0.0212527,0.0207413,0.0210343,126383971.89103863,0
SKL.V,D,20231011,000000,0.0210341,0.0212437,0.0202521,0.0203131,126231525.0396845,0
SKL.V,D,20231012,000000,0.0203151,0.0206802,0.019894,0.0205932,184352730.53826374,0
SKL.V,D,20231013,000000,0.0206132,0.0212539,0.0205202,0.0210494,135657042.46314567,0
SKL.V,D,20231014,000000,0.0210324,0.0216833,0.0207478,0.0212187,128407380.42173123,0
SKL.V,D,20231015,000000,0.0211945,0.0220091,0.0210594,0.0216489,111093270.22061533,0
SKL.V,D,20231016,000000,0.0216489,0.022427,0.0214119,0.0218229,199009220.49322167,0
SKL.V,D,20231017,000000,0.0218149,0.0219772,0.020289,0.0206676,337220567.9769149,0
SKL.V,D,20231018,000000,0.0206636,0.0216611,0.0203349,0.0204803,221219790.5123962,0
SKL.V,D,20231019,000000,0.0204973,0.0208452,0.0194394,0.019903,210198824.1882527,0
SKL.V,D,20231020,000000,0.019908,0.0208209,0.0198573,0.0206705,189591952.17254007,0
SKL.V,D,20231021,000000,0.0206725,0.0218482,0.0205158,0.0216906,209987830.48496366,0
SKL.V,D,20231022,000000,0.0216908,0.021879,0.0207082,0.0216103,136763389.6573723,0
SKL.V,D,20231023,000000,0.0216764,0.0226195,0.0214726,0.0223714,205476086.3803737,0
SKL.V,D,20231024,000000,0.0224324,0.0245247,0.0223074,0.0236302,167569382.67041063,0
SKL.V,D,20231025,000000,0.0235452,0.0247017,0.0232853,0.0239778,112847138.5065961,0
SKL.V,D,20231026,000000,0.0237937,0.0251498,0.0235951,0.024127,299972756.10102403,0
SKL.V,D,20231027,000000,0.024139,0.0245079,0.0231919,0.0236792,362904763.1116893,0
SKL.V,D,20231028,000000,0.0236774,0.0244024,0.0234919,0.0242079,112814102.17921792,0
SKL.V,D,20231029,000000,0.0242371,0.0246207,0.0238513,0.0245146,115362200.09274587,0
SKL.V,D,20231030,000000,0.0245263,0.0270802,0.0241948,0.0258625,282037075.1392957,0
SKL.V,D,20231031,000000,0.0258495,0.0271039,0.0247444,0.0255247,174483330.0300143,0
SKL.V,D,20231101,000000,0.0255137,0.0270481,0.0248282,0.0267536,277819359.2583079,0
SKL.V,D,20231102,000000,0.0267546,0.0270243,0.024997,0.0257243,334410796.6557879,0
SKL.V,D,20231103,000000,0.0257051,0.0266967,0.0248342,0.0266154,619991522.6053991,0
SKL.V,D,20231104,000000,0.0265874,0.0289186,0.0263636,0.0277253,73222750.35596323,0
SKL.V,D,20231105,000000,0.027739,0.0289241,0.0274335,0.0277382,37458892.40371672,0
SKL.V,D,20231106,000000,0.0277279,0.0288789,0.0277279,0.028732,52254488.117346086,0
SKL.V,D,20231107,000000,0.0288788,0.0289227,0.0265046,0.0275884,98927424.94313404,0
SKL.V,D,20231108,000000,0.0274136,0.0302092,0.0271192,0.0297969,437382917.90150964,0
SKL.V,D,20231109,000000,0.0298156,0.031068,0.0260715,0.0280853,418030058.3754711,0
SKL.V,D,20231110,000000,0.0281013,0.0305032,0.0276098,0.0301947,380762280.03861195,0
SKL.V,D,20231111,000000,0.0302277,0.0313772,0.0291198,0.0303686,427106074.8470024,0
SKL.V,D,20231112,000000,0.0303716,0.0319243,0.0292655,0.0311478,436653432.46529144,0
SKL.V,D,20231113,000000,0.0311635,0.0321608,0.0291394,0.0292452,218499778.94324577,0
SKL.V,D,20231114,000000,0.0292465,0.0294565,0.0267663,0.0281697,241199406.5371668,0
SKL.V,D,20231115,000000,0.0281379,0.0321725,0.0280388,0.0317893,371769205.45516604,0
SKL.V,D,20231116,000000,0.0317776,0.0338311,0.0310571,0.0313745,449004658.82610226,0
SKL.V,D,20231117,000000,0.0313274,0.0329333,0.0297958,0.0316928,435417834.7863311,0
SKL.V,D,20231118,000000,0.0317268,0.0331803,0.029741,0.0316755,319240105.15699947,0
SKL.V,D,20231119,000000,0.0317335,0.0444521,0.0316497,0.0415543,553326422.0002271,0
SKL.V,D,20231120,000000,0.0416323,0.0677657,0.0403142,0.0568892,1612073096.8330283,0
SKL.V,D,20231121,000000,0.0570814,0.0691574,0.0506777,0.0516486,1135941933.9334655,0
SKL.V,D,20231122,000000,0.0518287,0.0625711,0.0495835,0.0530049,728809299.0712411,0
SKL.V,D,20231123,000000,0.0529969,0.0545813,0.049944,0.0514762,346376813.1909548,0
SKL.V,D,20231124,000000,0.0515292,0.0534966,0.048642,0.0495321,267952792.08345523,0
SKL.V,D,20231125,000000,0.0495821,0.0505603,0.0466121,0.0471348,167965276.7576759,0
SKL.V,D,20231126,000000,0.0471408,0.0486742,0.0443687,0.0460435,126453881.70971629,0
SKL.V,D,20231127,000000,0.046058,0.0470216,0.0429662,0.0439539,180361344.97532862,0
SKL.V,D,20231128,000000,0.0438989,0.04478,0.0416389,0.0434972,177717727.07345125,0
SKL.V,D,20231129,000000,0.0434302,0.044654,0.0418615,0.0423831,169490308.51386046,0
SKL.V,D,20231130,000000,0.0424355,0.043627,0.0409117,0.0419806,134979344.43177056,0
SKL.V,D,20231201,000000,0.0419851,0.0439557,0.0417279,0.0426541,144604105.77572912,0
SKL.V,D,20231202,000000,0.0426756,0.0451364,0.042569,0.0442013,139612021.4001307,0
SKL.V,D,20231203,000000,0.0441829,0.0453164,0.0422981,0.0438248,131962691.67874865,0
SKL.V,D,20231204,000000,0.0437973,0.0478063,0.0419906,0.0422231,247102423.6316989,0
SKL.V,D,20231205,000000,0.0423091,0.0442903,0.0415197,0.0427541,173020420.11604598,0
SKL.V,D,20231206,000000,0.0427701,0.0436557,0.0398546,0.0401664,168392008.7441979,0
SKL.V,D,20231207,000000,0.0401538,0.0472679,0.0399766,0.045604,334900594.7500082,0
SKL.V,D,20231208,000000,0.045632,0.0470292,0.0442271,0.0445817,190463117.05171865,0
SKL.V,D,20231209,000000,0.0446087,0.0460904,0.044134,0.0455168,158633609.01463678,0
SKL.V,D,20231210,000000,0.0455508,0.0464172,0.0432172,0.0442443,156288894.54210392,0
SKL.V,D,20231211,000000,0.0442282,0.0443464,0.0383281,0.0417464,178628163.00845864,0
SKL.V,D,20231212,000000,0.0417164,0.0434033,0.0411091,0.0424753,141450878.98177025,0
SKL.V,D,20231213,000000,0.0424069,0.0433587,0.0404519,0.0430249,163601891.39115313,0
SKL.V,D,20231214,000000,0.0430529,0.0464626,0.0424839,0.0450762,201618906.32179463,0
SKL.V,D,20231215,000000,0.0448056,0.0448646,0.0419553,0.0421258,147244977.13222545,0
SKL.V,D,20231216,000000,0.0421078,0.0444975,0.0411999,0.0442251,166202990.6597708,0
SKL.V,D,20231217,000000,0.0441732,0.044812,0.0428247,0.0433433,147700947.8067863,0
SKL.V,D,20231218,000000,0.0433483,0.0433483,0.038936,0.0428481,168794559.21034712,0
SKL.V,D,20231219,000000,0.0428421,0.0483473,0.0427523,0.0472859,334966216.4635192,0
SKL.V,D,20231220,000000,0.0472634,0.0527243,0.0454249,0.049493,236533209.61595836,0
SKL.V,D,20231221,000000,0.049492,0.0527249,0.0469964,0.0516518,249753036.7365809,0
SKL.V,D,20231222,000000,0.0517198,0.0581246,0.0501685,0.0568689,347702331.5014362,0
SKL.V,D,20231223,000000,0.0569475,0.0577749,0.0537285,0.0545137,229403523.66758415,0
SKL.V,D,20231224,000000,0.0545873,0.0551534,0.050712,0.0518852,179763932.2754914,0
SKL.V,D,20231225,000000,0.0518952,0.0575207,0.0517431,0.0574806,198038996.28884298,0
SKL.V,D,20231226,000000,0.0574821,0.0735896,0.0568629,0.0645115,722233965.6430172,0
SKL.V,D,20231227,000000,0.0645695,0.0882793,0.0613679,0.0824881,531432441.38540924,0
SKL.V,D,20231228,000000,0.0822992,0.0917369,0.0772806,0.0776094,659492377.3185871,0
SKL.V,D,20231229,000000,0.0774853,0.0811286,0.0729191,0.0734537,223761457.27912953,0
SKL.V,D,20231230,000000,0.0733957,0.0754242,0.070049,0.0704309,138010933.86562964,0
SKL.V,D,20231231,000000,0.0704109,0.0721677,0.0676689,0.067804,123884868.64756745,0
SKL.V,D,20240101,000000,0.0681156,0.0715407,0.0665787,0.0703864,165088258.047325,0
SKL.V,D,20240102,000000,0.0705144,0.096753,0.0692916,0.0836599,834415737.6176032,0
SKL.V,D,20240103,000000,0.0835687,0.104078,0.0822959,0.0962156,626734390.3604035,0
SKL.V,D,20240104,000000,0.0962645,0.0978471,0.086736,0.0939967,372823433.68024105,0
SKL.V,D,20240105,000000,0.0940208,0.102181,0.0816187,0.084828,381630708.2988575,0
SKL.V,D,20240106,000000,0.0849461,0.0891607,0.0767167,0.0806504,313850829.49039984,0
SKL.V,D,20240107,000000,0.0806043,0.0828408,0.0748038,0.0748139,143015249.6281191,0
SKL.V,D,20240108,000000,0.0747978,0.0819954,0.0691483,0.079898,191555734.15786657,0
SKL.V,D,20240109,000000,0.0797339,0.079855,0.0703309,0.0763857,116668245.06371197,0
SKL.V,D,20240110,000000,0.0764537,0.0969668,0.0753289,0.095981,375916662.73392695,0
SKL.V,D,20240111,000000,0.0958119,0.1067933,0.0896763,0.0923985,368144699.29272014,0
SKL.V,D,20240112,000000,0.0922636,0.0989799,0.0842958,0.0879041,189222406.14989665,0
SKL.V,D,20240113,000000,0.0878635,0.0912157,0.0859988,0.0902033,127660280.82933344,0
SKL.V,D,20240114,000000,0.0901744,0.0922308,0.0850292,0.0855879,94361961.57312115,0
SKL.V,D,20240115,000000,0.0855659,0.0895491,0.0839714,0.0860008,102632056.66356829,0
SKL.V,D,20240116,000000,0.0860178,0.0885115,0.0840537,0.0866131,91300768.71644229,0
SKL.V,D,20240117,000000,0.0865921,0.0884942,0.0821709,0.0830159,110704299.12983637,0
SKL.V,D,20240118,000000,0.0829819,0.0845449,0.0773132,0.0790061,110826046.9506008,0
SKL.V,D,20240119,000000,0.0790261,0.0790261,0.0723657,0.0766381,107492837.79450819,0
SKL.V,D,20240120,000000,0.076678,0.0773908,0.0740456,0.075552,82353594.43823166,0
SKL.V,D,20240121,000000,0.075508,0.0772086,0.0744178,0.0747426,73174476.36925936,0
SKL.V,D,20240122,000000,0.0747346,0.075315,0.0673342,0.0686994,93350185.23318751,0
SKL.V,D,20240123,000000,0.0686405,0.0701244,0.0631105,0.0668991,111724276.98921344,0
SKL.V,D,20240124,000000,0.0668741,0.082207,0.0661557,0.0784952,269719055.7203851,0
SKL.V,D,20240125,000000,0.0782863,0.080045,0.0683774,0.0725758,146851191.73745716,0
SKL.V,D,20240126,000000,0.0726208,0.0776872,0.0715863,0.0771918,90396627.97177887,0
SKL.V,D,20240127,000000,0.077208,0.0830702,0.0755744,0.0769152,92609634.75735301,0
SKL.V,D,20240128,000000,0.0768852,0.0790408,0.0738479,0.0743891,57209571.68450032,0
SKL.V,D,20240129,000000,0.0743961,0.0776986,0.0737918,0.076909,71739779.68030831,0
SKL.V,D,20240130,000000,0.0768488,0.0779289,0.0752337,0.0762312,77962505.51872656,0
SKL.V,D,20240131,000000,0.0760952,0.0767435,0.0717763,0.0726643,73364462.85441484,0
SKL.V,D,20240201,000000,0.0726563,0.0732398,0.0706652,0.072316,70272170.54190941,0
SKL.V,D,20240202,000000,0.072332,0.0746932,0.0717538,0.0732751,67478415.12891753,0
SKL.V,D,20240203,000000,0.0732602,0.073872,0.0715665,0.0721715,46996708.56612295,0
SKL.V,D,20240204,000000,0.0721555,0.0726363,0.0705349,0.0708185,31826286.34803306,0
SKL.V,D,20240205,000000,0.0708195,0.0722597,0.0697234,0.0704586,40141321.74371613,0
SKL.V,D,20240206,000000,0.0704586,0.0722319,0.0698,0.0714498,23727072.51424143,0
SKL.V,D,20240207,000000,0.0714838,0.0762853,0.0712322,0.0734953,40465513.83721679,0
SKL.V,D,20240208,000000,0.0734653,0.0745386,0.0722713,0.0730666,23585296.20152079,0
SKL.V,D,20240209,000000,0.0730746,0.0841441,0.0727601,0.0787965,78420512.15422866,0
SKL.V,D,20240210,000000,0.0787504,0.0809723,0.0766827,0.0800662,18357639.088020984,0
SKL.V,D,20240211,000000,0.0800992,0.0808165,0.076628,0.0775097,31523926.14768642,0
SKL.V,D,20240212,000000,0.0775105,0.0814042,0.0755875,0.0804654,35383267.499919325,0
SKL.V,D,20240213,000000,0.0805316,0.0860552,0.0768988,0.0812047,79485196.46083674,0
SKL.V,D,20240214,000000,0.0812055,0.0874986,0.0800066,0.0857937,52650051.35639236,0
SKL.V,D,20240215,000000,0.0857937,0.100082,0.0857748,0.0936595,150092899.48850393,0
SKL.V,D,20240216,000000,0.094252,0.1040124,0.0902551,0.0908599,136071308.65280658,0
SKL.V,D,20240217,000000,0.0908219,0.0920528,0.0870467,0.0874011,30358755.120058775,0
SKL.V,D,20240218,000000,0.0919475,0.0943789,0.0914801,0.0933603,8560904.449633107,0
SKL.V,D,20240219,000000,0.0932912,0.0947704,0.0910137,0.0931714,30129013.524665773,0
SKL.V,D,20240220,000000,0.0933474,0.0938246,0.0844642,0.0891278,34851725.84929148,0
SKL.V,D,20240221,000000,0.0892448,0.0905378,0.0820263,0.08503,25314150.09241246,0
SKL.V,D,20240222,000000,0.08517,0.0879081,0.0836784,0.0856117,20384101.652872637,0
SKL.V,D,20240223,000000,0.0859986,0.0890477,0.0824324,0.0862849,26828247.63975288,0
SKL.V,D,20240224,000000,0.0862008,0.0889728,0.0829984,0.088004,21338000.05949865,0
SKL.V,D,20240225,000000,0.088012,0.0891699,0.0854551,0.0862847,23489729.156195518,0
SKL.V,D,20240226,000000,0.0862847,0.0918428,0.0859399,0.0909451,40879866.15006271,0
SKL.V,D,20240227,000000,0.0909551,0.0978846,0.0906122,0.0931843,38553015.84097146,0
SKL.V,D,20240228,000000,0.0933593,0.0978441,0.0862672,0.094323,47570887.85269727,0
SKL.V,D,20240229,000000,0.0941128,0.112991,0.0939104,0.0947289,78006314.34639911,0
SKL.V,D,20240301,000000,0.0956464,0.113043,0.0956464,0.107155,97103124.12732954,0
SKL.V,D,20240302,000000,0.107141,0.12379,0.105917,0.109788,118879804.11494735,0
SKL.V,D,20240303,000000,0.109585,0.111966,0.103001,0.111276,39446677.1153172,0
SKL.V,D,20240304,000000,0.110834,0.123699,0.109952,0.115436,59283109.94694308,0
SKL.V,D,20240305,000000,0.113783,0.116906,0.0923059,0.0970799,43424431.51366873,0
SKL.V,D,20240306,000000,0.097174,0.105586,0.0969779,0.103676,21145757.48755756,0
SKL.V,D,20240307,000000,0.103641,0.10726,0.102213,0.103819,24515635.67549951,0
SKL.V,D,20240308,000000,0.103774,0.105493,0.095791,0.0999411,67288073.18678029,0
SKL.V,D,20240309,000000,0.0999772,0.103908,0.099627,0.101385,58053937.75910458,0
SKL.V,D,20240310,000000,0.10136,0.104726,0.098241,0.099307,52744981.04808007,0
SKL.V,D,20240311,000000,0.099407,0.107741,0.097194,0.10378,62572020.49386326,0
SKL.V,D,20240312,000000,0.103823,0.107775,0.0972534,0.102245,90428632.70984316,0
SKL.V,D,20240313,000000,0.102187,0.11448,0.10184,0.111548,144882157.09001377,0
SKL.V,D,20240314,000000,0.112726,0.113239,0.105531,0.110696,41818637.488480054,0
SKL.V,D,20240315,000000,0.110778,0.112326,0.097247,0.101537,77665343.83800253,0
SKL.V,D,20240316,000000,0.101655,0.103102,0.0873639,0.0895341,53914054.22559511,0
SKL.V,D,20240317,000000,0.0896409,0.0928019,0.0861058,0.0909439,51508671.60101071,0
SKL.V,D,20240318,000000,0.0909758,0.0920244,0.0834326,0.084161,47614640.21299156,0
SKL.V,D,20240319,000000,0.0841749,0.086264,0.0736717,0.0832966,69930208.60400109,0
SKL.V,D,20240320,000000,0.0834165,0.107338,0.0816695,0.100609,222976300.21055642,0
SKL.V,D,20240321,000000,0.099913,0.1008189,0.0954719,0.0981244,19794943.681626037,0
SKL.V,D,20240322,000000,0.0980294,0.104274,0.093476,0.0973024,78757230.00366475,0
SKL.V,D,20240323,000000,0.0973014,0.101729,0.0973004,0.100433,69100488.34337294,0
SKL.V,D,20240324,000000,0.100344,0.120222,0.0984989,0.10703,201159017.7412589,0
SKL.V,D,20240325,000000,0.107036,0.119855,0.105506,0.116668,126509050.10245238,0
SKL.V,D,20240326,000000,0.116518,0.128336,0.11567,0.12028,236625216.72026816,0
SKL.V,D,20240327,000000,0.120281,0.123052,0.115038,0.117007,160708454.24392545,0
SKL.V,D,20240328,000000,0.116937,0.122671,0.113914,0.115676,157645604.7025164,0
SKL.V,D,20240329,000000,0.115792,0.135763,0.110997,0.124633,308739708.7880277,0
SKL.V,D,20240330,000000,0.124975,0.133609,0.118119,0.118606,220238143.73997995,0
SKL.V,D,20240331,000000,0.118653,0.121531,0.117477,0.120457,91244496.13533537,0
SKL.V,D,20240401,000000,0.120486,0.121954,0.113954,0.119586,128252927.34415314,0
SKL.V,D,20240402,000000,0.119556,0.119926,0.106268,0.113027,136760113.0440877,0
SKL.V,D,20240403,000000,0.113016,0.12642,0.109094,0.110301,210731046.94905517,0
SKL.V,D,20240404,000000,0.110086,0.12818,0.109766,0.122346,174707113.52486345,0
SKL.V,D,20240405,000000,0.12245,0.129489,0.113874,0.12145,189460147.03584597,0
SKL.V,D,20240406,000000,0.121408,0.12153,0.115394,0.116242,118896874.45251636,0
SKL.V,D,20240407,000000,0.116181,0.118433,0.114956,0.116306,89098236.01720507,0
SKL.V,D,20240408,000000,0.116241,0.120994,0.11573,0.12039,98186304.48279855,0
SKL.V,D,20240409,000000,0.120325,0.122146,0.113439,0.120996,105951168.78794228,0
SKL.V,D,20240410,000000,0.121032,0.123072,0.111029,0.116093,80391672.04203849,0
SKL.V,D,20240411,000000,0.116054,0.122331,0.113444,0.114558,68170065.86624038,0
SKL.V,D,20240412,000000,0.11452,0.119689,0.090353,0.0996609,105035565.123822,0
SKL.V,D,20240413,000000,0.0996099,0.103032,0.0776307,0.0822716,168116886.652252,0
SKL.V,D,20240414,000000,0.0823136,0.0931586,0.0803098,0.0887646,189684905.24488258,0
SKL.V,D,20240415,000000,0.0887476,0.104341,0.088016,0.0922547,114190479.63292871,0
SKL.V,D,20240416,000000,0.0922958,0.0974915,0.0893952,0.0967353,144488911.70792606,0
SKL.V,D,20240417,000000,0.0967373,0.0982456,0.0860404,0.0937277,180765052.41842085,0
SKL.V,D,20240418,000000,0.0937337,0.0963915,0.0878447,0.0927378,111247665.17308289,0
SKL.V,D,20240419,000000,0.0926528,0.0966957,0.082951,0.0933549,102357723.22697972,0
SKL.V,D,20240420,000000,0.0931457,0.0987025,0.0901512,0.0969401,79670587.36742872,0
SKL.V,D,20240421,000000,0.0969721,0.0995468,0.0942258,0.0968325,69295482.0757488,0
SKL.V,D,20240422,000000,0.0968735,0.100911,0.0960716,0.100118,63252896.55038,0
SKL.V,D,20240423,000000,0.1001,0.1040277,0.098099,0.101047,64519088.99910494,0
SKL.V,D,20240424,000000,0.101079,0.103749,0.0955269,0.0969647,87126546.11492166,0
SKL.V,D,20240425,000000,0.0969078,0.0971096,0.091711,0.0944992,80493431.85935687,0
SKL.V,D,20240426,000000,0.0945072,0.0945711,0.0882393,0.090001,64698364.24513508,0
SKL.V,D,20240427,000000,0.089963,0.090006,0.0851618,0.08773,49597220.367255986,0
SKL.V,D,20240428,000000,0.08775,0.0913114,0.0869484,0.0876954,45403744.10211212,0
SKL.V,D,20240429,000000,0.0877073,0.0880498,0.0828144,0.083461,62517479.38398905,0
SKL.V,D,20240430,000000,0.0835039,0.086113,0.0711566,0.0742406,146452047.70067373,0
SKL.V,D,20240501,000000,0.0742314,0.0791868,0.0709939,0.0760388,99382502.69097055,0
SKL.V,D,20240502,000000,0.0760488,0.0764938,0.072562,0.0752258,73559018.35351342,0
SKL.V,D,20240503,000000,0.075205,0.0791934,0.0728863,0.0788521,60150554.21388844,0
SKL.V,D,20240504,000000,0.0787571,0.0801672,0.0776848,0.0791011,50357948.00632286,0
SKL.V,D,20240505,000000,0.0792139,0.0813575,0.076635,0.0795195,45359721.550944544,0
SKL.V,D,20240506,000000,0.0795095,0.0819365,0.0761947,0.0771705,55654669.38817566,0
SKL.V,D,20240507,000000,0.0772268,0.0786466,0.075005,0.0755877,31810787.875692885,0
SKL.V,D,20240508,000000,0.0755877,0.0755877,0.0700894,0.070855,38936257.57511773,0
SKL.V,D,20240509,000000,0.070909,0.0727859,0.0689027,0.0721055,49023858.45170968,0
SKL.V,D,20240510,000000,0.0720665,0.0769555,0.0703559,0.0714736,57466421.96713674,0
SKL.V,D,20240511,000000,0.0715305,0.0736853,0.0706934,0.0709114,45084025.306968905,0
SKL.V,D,20240512,000000,0.0708874,0.0716683,0.0691076,0.069721,34634673.5268073,0
SKL.V,D,20240513,000000,0.069691,0.0724415,0.0664204,0.0689994,62356956.91752343,0
SKL.V,D,20240514,000000,0.0689624,0.0705989,0.0672047,0.0676506,65187082.49479905,0
SKL.V,D,20240515,000000,0.0676916,0.0730027,0.0667489,0.0722006,64489953.01099785,0
SKL.V,D,20240516,000000,0.0722276,0.0744316,0.0704644,0.0715604,67196806.84232484,0
SKL.V,D,20240517,000000,0.0715494,0.0753279,0.0706054,0.074368,62077208.70199008,0
SKL.V,D,20240518,000000,0.0744003,0.0757368,0.0735516,0.0751618,49028455.10336066,0
SKL.V,D,20240519,000000,0.0752008,0.0756189,0.070698,0.071196,37461049.240464054,0
SKL.V,D,20240520,000000,0.071231,0.0806066,0.0701073,0.0805646,62965180.551807754,0
SKL.V,D,20240521,000000,0.0805936,0.0964162,0.0801234,0.0906734,210536187.31158257,0
SKL.V,D,20240522,000000,0.0907325,0.0964539,0.0888182,0.0894355,109341483.22843634,0
SKL.V,D,20240523,000000,0.0903331,0.0915582,0.0839526,0.0901982,77277830.74041983,0
SKL.V,D,20240524,000000,0.0902641,0.0926869,0.0863636,0.0889173,79473715.49262676,0
SKL.V,D,20240525,000000,0.0889373,0.0922071,0.0882122,0.0896852,49949797.790687256,0
SKL.V,D,20240526,000000,0.089732,0.091753,0.0875542,0.0885602,48396624.911832735,0
SKL.V,D,20240527,000000,0.0886483,0.090298,0.0864943,0.0885316,96992271.56839848,0
SKL.V,D,20240528,000000,0.0884457,0.0887523,0.0831369,0.0850915,132202181.87220867,0
SKL.V,D,20240529,000000,0.0850456,0.0870537,0.0835487,0.0841224,74204130.50225943,0
SKL.V,D,20240530,000000,0.0840806,0.0854792,0.0813662,0.0819933,49204973.186709546,0
SKL.V,D,20240531,000000,0.0820333,0.0824122,0.0784144,0.0801155,77432278.97842859,0
SKL.V,D,20240601,000000,0.0800864,0.0805655,0.0787551,0.0792514,51420442.57270543,0
SKL.V,D,20240602,000000,0.0792745,0.0815473,0.0771149,0.0776518,67996968.11161822,0
SKL.V,D,20240603,000000,0.0776538,0.0809469,0.0767135,0.0770167,84965989.09825896,0
SKL.V,D,20240604,000000,0.0770519,0.0783752,0.0717522,0.072693,150775138.01278168,0
SKL.V,D,20240605,000000,0.072662,0.0790831,0.0724574,0.0776118,107006260.87457389,0
SKL.V,D,20240606,000000,0.077528,0.0790572,0.0736282,0.0745771,72322367.53790447,0
SKL.V,D,20240607,000000,0.0745721,0.0751809,0.0635095,0.068444,76868163.81555673,0
SKL.V,D,20240608,000000,0.0683997,0.0701798,0.0654799,0.0659567,94502171.98803811,0
SKL.V,D,20240609,000000,0.0659811,0.066905,0.0649295,0.0660591,54490982.395501,0
SKL.V,D,20240610,000000,0.0660476,0.0663814,0.0630867,0.0639117,65049239.799013615,0
SKL.V,D,20240611,000000,0.0638997,0.0640872,0.060316,0.0612791,92218286.02715845,0
SKL.V,D,20240612,000000,0.0613131,0.065743,0.06,0.0643688,83599830.4250098,0
SKL.V,D,20240613,000000,0.0644007,0.0704652,0.0622238,0.0665374,170765860.82309288,0
SKL.V,D,20240614,000000,0.0665614,0.0670548,0.0585996,0.0611142,109666838.76113516,0
SKL.V,D,20240615,000000,0.0622484,0.0658496,0.0617773,0.0636137,81133218.22711726,0
SKL.V,D,20240616,000000,0.0636107,0.0636887,0.0621906,0.0622442,48850966.10792259,0
SKL.V,D,20240617,000000,0.0622791,0.0635772,0.0569882,0.0599014,74525010.63825081,0
SKL.V,D,20240618,000000,0.0599174,0.0599474,0.0508953,0.0537684,125467719.09084329,0
SKL.V,D,20240619,000000,0.0537184,0.0560017,0.0529821,0.0553309,90900016.73953235,0
SKL.V,D,20240620,000000,0.0553169,0.0575454,0.053703,0.054823,72503857.15130511,0
SKL.V,D,20240621,000000,0.0547971,0.0556031,0.0529641,0.0541064,85861504.8288085,0
SKL.V,D,20240622,000000,0.0540615,0.0546192,0.0514007,0.0534796,70344166.05098753,0
SKL.V,D,20240623,000000,0.0534732,0.0547752,0.0518873,0.052821,49963580.417144015,0
SKL.V,D,20240624,000000,0.0528355,0.0528355,0.0481976,0.050601,87650971.63038675,0
SKL.V,D,20240625,000000,0.050637,0.0536349,0.050637,0.0530075,123471520.54899481,0
SKL.V,D,20240626,000000,0.0529815,0.0537343,0.0513586,0.0518417,102481714.64915429,0
SKL.V,D,20240627,000000,0.0517886,0.0534045,0.0502073,0.0533179,97526402.08393742,0
SKL.V,D,20240628,000000,0.053284,0.0534842,0.0503891,0.0509195,89909998.1296025,0
SKL.V,D,20240629,000000,0.0509265,0.0514736,0.0487984,0.0489886,74498191.5139504,0
SKL.V,D,20240630,000000,0.0489656,0.0504422,0.0479512,0.0498042,80892321.29049589,0
SKL.V,D,20240701,000000,0.0500029,0.0518076,0.0498007,0.0506467,77899943.75953467,0
SKL.V,D,20240702,000000,0.0506927,0.0507826,0.0485197,0.0493459,75649940.10513443,0
SKL.V,D,20240703,000000,0.049292,0.0496135,0.0460144,0.0466092,65019392.979179546,0
SKL.V,D,20240704,000000,0.0466552,0.0466946,0.0424366,0.0434347,90640223.17684628,0
SKL.V,D,20240705,000000,0.0434112,0.0436121,0.036087,0.037609,188440673.30506507,0
SKL.V,D,20240706,000000,0.037613,0.0426048,0.0373744,0.0419633,153569213.9776071,0
SKL.V,D,20240707,000000,0.0419938,0.04229,0.0399022,0.0408285,88479839.69467185,0
SKL.V,D,20240708,000000,0.0408239,0.043997,0.0387569,0.0418262,95857615.74780023,0
SKL.V,D,20240709,000000,0.0418512,0.043269,0.0415348,0.0430311,97432415.75627899,0
SKL.V,D,20240710,000000,0.0430311,0.044336,0.0419531,0.0421726,84939077.63984337,0
SKL.V,D,20240711,000000,0.0421656,0.0446029,0.0417797,0.0424927,103340470.27797455,0
SKL.V,D,20240712,000000,0.0424667,0.0433571,0.0411835,0.0426851,98776739.72682647,0
SKL.V,D,20240713,000000,0.0426911,0.0436723,0.0422968,0.0427723,79668548.89834696,0
SKL.V,D,20240714,000000,0.0428378,0.0452938,0.0424416,0.0452467,91417954.28556706,0
SKL.V,D,20240715,000000,0.0452958,0.0471786,0.0451042,0.0469605,97769512.02296592,0
SKL.V,D,20240716,000000,0.0469855,0.0492572,0.0456372,0.0482491,110848751.97690725,0
SKL.V,D,20240717,000000,0.0482851,0.0502401,0.0470544,0.0484624,99184290.67615108,0
SKL.V,D,20240718,000000,0.0484244,0.0493665,0.0470232,0.0477015,93987803.22815476,0
SKL.V,D,20240719,000000,0.047726,0.0515978,0.0463876,0.0510614,110022144.52354917,0
SKL.V,D,20240720,000000,0.0502356,0.0531831,0.0501135,0.0520028,111460394.39212157,0
SKL.V,D,20240721,000000,0.0520088,0.0530979,0.0495512,0.0523455,81406133.68341869,0
SKL.V,D,20240722,000000,0.052319,0.0530971,0.0498485,0.049896,92865689.20366225,0
SKL.V,D,20240723,000000,0.049865,0.0509241,0.0475352,0.0480248,99416588.44052504,0
SKL.V,D,20240724,000000,0.0480388,0.0484694,0.045446,0.0455378,90965466.73376916,0
SKL.V,D,20240725,000000,0.0455678,0.0459104,0.0432886,0.0450529,121580926.20237559,0
SKL.V,D,20240726,000000,0.0450133,0.048405,0.0448128,0.048253,115685479.6491874,0
SKL.V,D,20240727,000000,0.048252,0.0547785,0.0476825,0.0521984,225716496.84265706,0
SKL.V,D,20240728,000000,0.0524252,0.0539608,0.050059,0.0505804,156731574.3398901,0
SKL.V,D,20240729,000000,0.0505924,0.0528802,0.049767,0.0502035,85986163.04053219,0
SKL.V,D,20240730,000000,0.0501995,0.051523,0.0494162,0.0502289,88315364.3148232,0
SKL.V,D,20240731,000000,0.0508402,0.0547545,0.0486067,0.0492973,106829957.3684474,0
SKL.V,D,20240801,000000,0.0492623,0.0532839,0.0466275,0.0527807,101569742.51242551,0
SKL.V,D,20240802,000000,0.0526518,0.0559071,0.0487561,0.0493322,156238279.6997904,0
SKL.V,D,20240803,000000,0.0492243,0.0513751,0.0404505,0.0420895,196922383.28559095,0
SKL.V,D,20240804,000000,0.0420645,0.0448793,0.0400116,0.0416359,154083896.9230624,0
SKL.V,D,20240805,000000,0.0416339,0.0423567,0.0295365,0.0328712,409368009.5885474,0
SKL.V,D,20240806,000000,0.0328962,0.0381697,0.0324601,0.0347302,277642983.2234897,0
SKL.V,D,20240807,000000,0.0348042,0.0358065,0.0317187,0.0321632,121963333.44404398,0
SKL.V,D,20240808,000000,0.0321712,0.0352402,0.0313018,0.0351535,52148109.45079737,0
SKL.V,D,20240809,000000,0.0352306,0.035807,0.0337464,0.0343606,97079014.99986792,0
SKL.V,D,20240810,000000,0.0343687,0.0351602,0.0340361,0.0349266,106260327.52736507,0
SKL.V,D,20240811,000000,0.0349355,0.0366938,0.0326156,0.0330793,124961767.38292074,0
SKL.V,D,20240812,000000,0.0330913,0.03527,0.0324969,0.0343588,112875692.4839381,0
SKL.V,D,20240813,000000,0.0343184,0.0351484,0.0336274,0.0347612,120323330.92201519,0
SKL.V,D,20240814,000000,0.0347542,0.0349116,0.0332136,0.0336257,118674672.21749048,0
SKL.V,D,20240815,000000,0.033621,0.0343976,0.0319373,0.0321501,109176616.2411038,0
SKL.V,D,20240816,000000,0.0321751,0.0327713,0.0307018,0.032155,110866354.3719049,0
SKL.V,D,20240817,000000,0.0321785,0.033791,0.0318496,0.033137,88382090.75822756,0
SKL.V,D,20240818,000000,0.033137,0.0348215,0.0324999,0.0341868,98340870.82535711,0
SKL.V,D,20240819,000000,0.0341908,0.0352743,0.0332813,0.0349077,117462043.04041794,0
SKL.V,D,20240820,000000,0.0348187,0.0354003,0.0334684,0.0344303,97801324.34057038,0
SKL.V,D,20240821,000000,0.0344303,0.0358029,0.0336754,0.0355608,84699955.96740544,0
SKL.V,D,20240822,000000,0.0355938,0.036125,0.0347633,0.0354988,88395455.9270069,0
SKL.V,D,20240823,000000,0.0354978,0.0379368,0.0354094,0.0378219,108566583.55491269,0
SKL.V,D,20240824,000000,0.0378159,0.0404571,0.0374606,0.0379003,153314619.45744175,0
SKL.V,D,20240825,000000,0.0379197,0.0388326,0.0367755,0.0380953,86684236.08479871,0
SKL.V,D,20240826,000000,0.0380633,0.0382274,0.0347956,0.0351123,94497590.45003718,0
SKL.V,D,20240827,000000,0.0351023,0.0357259,0.032581,0.032985,101525889.55550198,0
SKL.V,D,20240828,000000,0.032967,0.033661,0.0309542,0.0317939,92201966.585702,0
SKL.V,D,20240829,000000,0.0317869,0.0331533,0.0309429,0.0313017,86814896.40923981,0
SKL.V,D,20240830,000000,0.0313047,0.0319241,0.0299391,0.0314769,105256843.09173883,0
SKL.V,D,20240831,000000,0.0314796,0.0319427,0.0306405,0.0311341,71781920.13608995,0
SKL.V,D,20240901,000000,0.0311281,0.0311481,0.0298085,0.0303445,71103164.05648234,0
SKL.V,D,20240902,000000,0.0303565,0.0330441,0.0293631,0.0323925,144592678.00565398,0
SKL.V,D,20240903,000000,0.0323695,0.0324525,0.0304736,0.0313192,89819979.06012985,0
SKL.V,D,20240904,000000,0.0313057,0.0319867,0.0292,0.0315219,106772031.17614971,0
SKL.V,D,20240905,000000,0.0315145,0.0317858,0.0296737,0.0299042,98376988.57175657,0
SKL.V,D,20240906,000000,0.029945,0.0308592,0.0282513,0.0290909,121777163.15762292,0
SKL.V,D,20240907,000000,0.0290699,0.030032,0.028913,0.0293861,117881529.3241083,0
SKL.V,D,20240908,000000,0.0294052,0.0304391,0.0290178,0.029813,68474453.41572288,0
SKL.V,D,20240909,000000,0.0298189,0.0320718,0.0297381,0.0317247,102440367.37802693,0
SKL.V,D,20240910,000000,0.0317197,0.0321125,0.0309791,0.0319768,90103600.52688673,0
SKL.V,D,20240911,000000,0.0319968,0.0322484,0.0305791,0.0317099,89230245.12480463,0
SKL.V,D,20240912,000000,0.0316757,0.0343597,0.0315045,0.0331233,141658706.46912983,0
SKL.V,D,20240913,000000,0.0331543,0.0337365,0.032387,0.0336515,81279468.5506585,0
SKL.V,D,20240914,000000,0.0336685,0.0338846,0.0330702,0.03347,71682891.00846742,0
SKL.V,D,20240915,000000,0.0334403,0.0338551,0.0319795,0.0323613,64636506.65993375,0
SKL.V,D,20240916,000000,0.0323903,0.0324332,0.0306095,0.0306892,72454960.12558037,0
SKL.V,D,20240917,000000,0.0306882,0.033031,0.03003,0.0322349,90231962.33934739,0
SKL.V,D,20240918,000000,0.0322819,0.033143,0.0313404,0.0324,85078888.57742879,0
SKL.V,D,20240919,000000,0.0324062,0.0359977,0.0322553,0.0349358,119583125.71362278,0
SKL.V,D,20240920,000000,0.0349348,0.0362994,0.0343216,0.0347551,92940466.78533207,0
SKL.V,D,20240921,000000,0.0347479,0.0378978,0.033966,0.0361226,106280384.71908028,0
SKL.V,D,20240922,000000,0.0361576,0.0368513,0.0341693,0.034499,65512455.136988096,0
SKL.V,D,20240923,000000,0.0344836,0.0364807,0.0339634,0.0354822,95000582.28495997,0
SKL.V,D,20240924,000000,0.0354812,0.0378883,0.0343845,0.0376881,107592055.55272861,0
SKL.V,D,20240925,000000,0.0377369,0.0391858,0.0372968,0.0378416,117578175.62711446,0
SKL.V,D,20240926,000000,0.0378406,0.0393612,0.0364062,0.0384568,82658016.19774014,0
SKL.V,D,20240927,000000,0.0384568,0.0475678,0.0382398,0.0453582,200281189.07526883,0
SKL.V,D,20240928,000000,0.0453502,0.0466586,0.0424528,0.0426547,112016361.34989326,0
SKL.V,D,20240929,000000,0.0426515,0.0440446,0.042036,0.0434276,55465507.68312944,0
SKL.V,D,20240930,000000,0.0433793,0.0438063,0.0403701,0.0410559,72278318.61098276,0
SKL.V,D,20241001,000000,0.0410129,0.0413196,0.0353201,0.0363815,104990398.67926583,0
SKL.V,D,20241002,000000,0.0364535,0.0375174,0.0340783,0.0351349,106339830.60728694,0
SKL.V,D,20241003,000000,0.0351025,0.0362663,0.033515,0.0355787,95514795.33379306,0
SKL.V,D,20241004,000000,0.0355947,0.0386643,0.0344071,0.0381066,92141873.66603932,0
SKL.V,D,20241005,000000,0.0380326,0.0381402,0.0361032,0.0362736,64204523.62934897,0
SKL.V,D,20241006,000000,0.03629,0.0381905,0.0362536,0.0371517,46795486.64492651,0
SKL.V,D,20241007,000000,0.0371227,0.0392313,0.0366366,0.0378566,75239894.75775,0
SKL.V,D,20241008,000000,0.0378256,0.0379476,0.034998,0.036121,78953382.93372147,0
SKL.V,D,20241009,000000,0.0360672,0.0360892,0.0330282,0.0336394,82288481.62159285,0
SKL.V,D,20241010,000000,0.0335894,0.034473,0.032381,0.0332141,74876184.33565488,0
SKL.V,D,20241011,000000,0.0332121,0.0364182,0.0330532,0.0361339,78724707.37395118,0
SKL.V,D,20241012,000000,0.0361343,0.0367114,0.0355892,0.036494,53128037.18820965,0
SKL.V,D,20241013,000000,0.0365447,0.0372222,0.0348636,0.0359972,60711962.37558582,0
SKL.V,D,20241014,000000,0.0360146,0.0401216,0.0357393,0.0386838,109642697.47596644,0
SKL.V,D,20241015,000000,0.0387522,0.0407366,0.0380251,0.0386493,99369121.10679911,0
SKL.V,D,20241016,000000,0.0386733,0.0392052,0.0367304,0.038078,84221043.97766908,0
SKL.V,D,20241017,000000,0.03801,0.0385779,0.035565,0.0367012,77560380.4227859,0
SKL.V,D,20241018,000000,0.0366898,0.0431857,0.0366342,0.0405827,199831799.06596598,0
SKL.V,D,20241019,000000,0.0405867,0.0427107,0.0398898,0.0399938,98527156.62541093,0
SKL.V,D,20241020,000000,0.0399978,0.0445026,0.0396833,0.0427209,92415888.83952257,0
SKL.V,D,20241021,000000,0.0427588,0.0442884,0.0397139,0.0411757,105478008.18063399,0
SKL.V,D,20241022,000000,0.0411767,0.0421336,0.0396604,0.040262,79987643.95292233,0
SKL.V,D,20241023,000000,0.040304,0.0406037,0.0368164,0.0378878,75524819.34571218,0
SKL.V,D,20241024,000000,0.0379392,0.040421,0.0376865,0.0390692,87292266.03714766,0
SKL.V,D,20241025,000000,0.0390785,0.0393566,0.0356146,0.0361452,76332034.64679886,0
SKL.V,D,20241026,000000,0.0361239,0.0361957,0.0332404,0.0343689,91728223.21726665,0
SKL.V,D,20241027,000000,0.0343509,0.0355793,0.0341382,0.0353661,70557633.49515986,0
SKL.V,D,20241028,000000,0.0354042,0.0360361,0.0340494,0.0349265,99810173.11299054,0
SKL.V,D,20241029,000000,0.0349395,0.0388766,0.034827,0.0377243,153663669.86586505,0
SKL.V,D,20241030,000000,0.0377303,0.038471,0.0364959,0.0367372,95513353.3557438,0
SKL.V,D,20241031,000000,0.0367422,0.0369321,0.034021,0.0347494,90498810.67809229,0
SKL.V,D,20241101,000000,0.0347029,0.0359969,0.0334433,0.0338316,83309332.58122435,0
SKL.V,D,20241102,000000,0.0338107,0.0345294,0.0327295,0.0329324,67938138.02575745,0
SKL.V,D,20241103,000000,0.0329458,0.033276,0.0308775,0.0319235,70486071.5958516,0
SKL.V,D,20241104,000000,0.0319272,0.0323699,0.0296746,0.0303333,90576629.60065214,0
SKL.V,D,20241105,000000,0.0304618,0.0329511,0.0303944,0.0324641,80281104.4710542,0
SKL.V,D,20241106,000000,0.0324811,0.0382019,0.0324411,0.0381008,159951037.41413033,0
SKL.V,D,20241107,000000,0.0380738,0.0405083,0.0377561,0.0384042,155335265.92133018,0
SKL.V,D,20241108,000000,0.0383852,0.0394006,0.0376338,0.0383859,95392199.58318649,0
SKL.V,D,20241109,000000,0.0383539,0.0411725,0.0374755,0.0403387,109254499.53703564,0
SKL.V,D,20241110,000000,0.0403931,0.0433078,0.0395564,0.0418474,123801764.84383242,0
SKL.V,D,20241111,000000,0.0418094,0.0438552,0.0408064,0.042634,132394077.58169441,0
SKL.V,D,20241112,000000,0.0426045,0.0444055,0.0385913,0.0417901,156840903.391748,0
SKL.V,D,20241113,000000,0.0418122,0.0424835,0.0372496,0.0388977,176261608.7467924,0
SKL.V,D,20241114,000000,0.0388707,0.0413073,0.0374891,0.0390057,145834407.87236032,0
SKL.V,D,20241115,000000,0.0389833,0.0397657,0.0365166,0.0395279,118143506.93994844,0
SKL.V,D,20241116,000000,0.0395185,0.0430317,0.039224,0.0425379,114668404.72885758,0
SKL.V,D,20241117,000000,0.0424649,0.0482625,0.04045,0.0408596,221904572.25724754,0
SKL.V,D,20241118,000000,0.0408546,0.0501466,0.0405886,0.0479491,196119109.3394677,0
SKL.V,D,20241119,000000,0.0479932,0.0546895,0.0469432,0.0474968,346271004.33018297,0
SKL.V,D,20241120,000000,0.0475563,0.0485988,0.0446461,0.0459077,131999955.21921684,0
SKL.V,D,20241121,000000,0.0459347,0.054433,0.045406,0.0516815,145729224.346866,0
SKL.V,D,20241122,000000,0.0517026,0.0539567,0.0497322,0.0525836,109462097.18767144,0
SKL.V,D,20241123,000000,0.0526026,0.0599317,0.0520467,0.0585372,134402542.27967975,0
SKL.V,D,20241124,000000,0.05844,0.065298,0.0568419,0.0622892,196419265.67155412,0
SKL.V,D,20241125,000000,0.0623133,0.0625185,0.0567733,0.0593332,116815286.01469745,0
SKL.V,D,20241126,000000,0.0593452,0.0612195,0.0541842,0.0576077,135988320.59516338,0
SKL.V,D,20241127,000000,0.0574917,0.07431,0.0569981,0.0657967,430405778.3620534,0
SKL.V,D,20241128,000000,0.0657597,0.0799598,0.0655635,0.0734167,404571187.88259125,0
SKL.V,D,20241129,000000,0.0732067,0.0859357,0.0715832,0.0855656,202668273.41502184,0
SKL.V,D,20241130,000000,0.0853853,0.0855317,0.0769283,0.079939,160934017.29282206,0
SKL.V,D,20241201,000000,0.079938,0.0821306,0.0772736,0.0794805,103416238.31562382,0
SKL.V,D,20241202,000000,0.0794983,0.0799479,0.0717321,0.074896,131264516.45252615,0
SKL.V,D,20241203,000000,0.0748112,0.0796838,0.0717298,0.0782504,149475602.842517,0
SKL.V,D,20241204,000000,0.0781688,0.0855771,0.0764581,0.0809221,142976431.94295752,0
SKL.V,D,20241205,000000,0.0809692,0.0846387,0.0748594,0.0801894,167900204.03620893,0
SKL.V,D,20241206,000000,0.0802422,0.0825338,0.0758893,0.0804299,118666899.29946639,0
SKL.V,D,20241207,000000,0.0804449,0.0819299,0.0782424,0.0787131,80821467.85875547,0
SKL.V,D,20241208,000000,0.078637,0.0812752,0.0766375,0.0799918,88415686.29342864,0
SKL.V,D,20241209,000000,0.0799437,0.0800418,0.0603027,0.0636491,125405189.88515007,0
SKL.V,D,20241210,000000,0.0636761,0.0668164,0.0568721,0.0638042,141707073.6980248,0
SKL.V,D,20241211,000000,0.0637659,0.0690872,0.0606783,0.0686343,89780598.63154985,0
SKL.V,D,20241212,000000,0.0684842,0.072025,0.0668723,0.0682767,102996986.31943862,0
SKL.V,D,20241213,000000,0.0683757,0.0699923,0.0665256,0.068598,76646370.08034194,0
SKL.V,D,20241214,000000,0.068432,0.0706642,0.0632659,0.0649292,70016874.24353696,0
SKL.V,D,20241215,000000,0.0649432,0.0676049,0.0628471,0.0656432,53327299.919951126,0
SKL.V,D,20241216,000000,0.0655782,0.068912,0.0628718,0.0652603,83291163.48292948,0
SKL.V,D,20241217,000000,0.0652213,0.0653556,0.0587916,0.0592291,76473265.49125089,0
SKL.V,D,20241218,000000,0.0593291,0.060128,0.0514301,0.0534551,82743216.53929015,0
SKL.V,D,20241219,000000,0.0533556,0.0537684,0.0466788,0.0491113,99090120.28308477,0
SKL.V,D,20241220,000000,0.0491013,0.0510358,0.0420688,0.0510038,105341997.11716412,0
SKL.V,D,20241221,000000,0.0506965,0.0532608,0.0463328,0.0468184,73217927.94769342,0
SKL.V,D,20241222,000000,0.0468364,0.049226,0.045899,0.0474984,64699724.39937774,0
SKL.V,D,20241223,000000,0.0475164,0.0518117,0.045865,0.0515304,62118854.872966185,0
SKL.V,D,20241224,000000,0.0515608,0.0536305,0.0493808,0.0523532,50911521.73211339,0
SKL.V,D,20241225,000000,0.0523532,0.0540652,0.0512254,0.0520391,50102937.270276,0
SKL.V,D,20241226,000000,0.0519797,0.0526218,0.0482803,0.0494755,52599852.157078475,0
SKL.V,D,20241227,000000,0.049487,0.0524064,0.0485667,0.0488915,54304457.48854743,0
SKL.V,D,20241228,000000,0.0488765,0.0519736,0.0486184,0.0516248,50696908.37698606,0
SKL.V,D,20241229,000000,0.0516437,0.0524969,0.0482578,0.0484533,42517552.00088957,0
SKL.V,D,20241230,000000,0.0484378,0.0510863,0.0470834,0.0486194,56917008.34982042,0
SKL.V,D,20241231,000000,0.0485086,0.0502481,0.0469519,0.0474516,50968183.52227563,0
SKL.V,D,20250101,000000,0.0474795,0.0493252,0.0460326,0.049194,36003860.24363025,0
SKL.V,D,20250102,000000,0.0492354,0.0508999,0.0489091,0.0496533,59589614.11057027,0
SKL.V,D,20250103,000000,0.0496553,0.0549617,0.0488525,0.0545613,54991620.56185804,0
SKL.V,D,20250104,000000,0.0545337,0.0551005,0.0531339,0.0534808,44771724.532666825,0
SKL.V,D,20250105,000000,0.0534513,0.0549538,0.0522064,0.0548563,33592586.48814024,0
SKL.V,D,20250106,000000,0.0548803,0.056347,0.0531278,0.0542062,42149046.77066634,0
SKL.V,D,20250107,000000,0.0541937,0.0544976,0.0473163,0.0480638,47149383.715462945,0
SKL.V,D,20250108,000000,0.0480553,0.0481108,0.042534,0.0445102,55197598.770632885,0
SKL.V,D,20250109,000000,0.0445246,0.0455909,0.0427876,0.0438819,45181950.327237986,0
SKL.V,D,20250110,000000,0.0437269,0.0451903,0.0428221,0.0441017,39167925.41123461,0
SKL.V,D,20250111,000000,0.0441437,0.0447672,0.0427612,0.0439489,32871693.898250468,0
SKL.V,D,20250112,000000,0.0439693,0.0446732,0.0422536,0.042577,31981600.167423062,0
SKL.V,D,20250113,000000,0.0425604,0.0445204,0.0389504,0.0421553,55329203.5347854,0
SKL.V,D,20250114,000000,0.0421463,0.0442853,0.0418036,0.043939,50985803.109804735,0
SKL.V,D,20250115,000000,0.043907,0.046741,0.0418168,0.0464834,57509511.919819005,0
SKL.V,D,20250116,000000,0.0464439,0.0472158,0.045304,0.0454995,70507954.15012838,0
SKL.V,D,20250117,000000,0.0454761,0.051518,0.045232,0.0509743,94542229.19808741,0
SKL.V,D,20250118,000000,0.0509263,0.0519749,0.0464964,0.0471431,96930862.19582489,0
SKL.V,D,20250119,000000,0.0471181,0.049064,0.0422576,0.0426846,99763566.72199106,0
SKL.V,D,20250120,000000,0.0426916,0.0451034,0.0400788,0.0418991,111323969.29035853,0
SKL.V,D,20250121,000000,0.0418394,0.0436164,0.0398887,0.043449,105334431.54384938,0
SKL.V,D,20250122,000000,0.043297,0.0439535,0.041645,0.0416564,66411519.006101474,0
SKL.V,D,20250123,000000,0.041636,0.0423799,0.0400104,0.0418322,77600276.37270238,0
SKL.V,D,20250124,000000,0.0418112,0.0422626,0.0401028,0.0401188,91723597.37113594,0
SKL.V,D,20250125,000000,0.0401054,0.0459977,0.0398982,0.0434527,152133563.854885,0
SKL.V,D,20250126,000000,0.0434197,0.0617963,0.0426378,0.0534724,804000259.2233932,0
SKL.V,D,20250127,000000,0.0533855,0.0587318,0.0449414,0.0555341,280390503.1968892,0
SKL.V,D,20250128,000000,0.0555561,0.0660827,0.0491779,0.0501374,349520335.775417,0
SKL.V,D,20250129,000000,0.0500934,0.0639782,0.0486673,0.0615985,519245199.87735164,0
SKL.V,D,20250130,000000,0.0616135,0.0650127,0.0589513,0.0592609,230621085.64960256,0
SKL.V,D,20250131,000000,0.0592539,0.0593516,0.0532359,0.0535055,112427124.24190307,0
SKL.V,D,20250201,000000,0.0533655,0.0557014,0.050007,0.050007,145579356.71560264,0
SKL.V,D,20250202,000000,0.0499765,0.0518971,0.040645,0.0429381,155882557.45493937,0
SKL.V,D,20250203,000000,0.0428594,0.0459157,0.0345963,0.045023,269714035.4468326,0
SKL.V,D,20250204,000000,0.0450535,0.0450535,0.0386929,0.0407039,106210262.8457789,0
SKL.V,D,20250205,000000,0.0407039,0.0419824,0.0391913,0.0394758,91561498.42459519,0
SKL.V,D,20250206,000000,0.0394692,0.0406061,0.0372794,0.0377786,86627433.15670772,0
SKL.V,D,20250207,000000,0.0377906,0.040062,0.0359065,0.0365001,107004918.35657373,0
SKL.V,D,20250208,000000,0.0368085,0.0391723,0.0365516,0.0390071,101903465.63576548,0
SKL.V,D,20250209,000000,0.0390031,0.040211,0.0365227,0.0380266,81253450.96337585,0
SKL.V,D,20250210,000000,0.0379626,0.0401006,0.0370275,0.0394277,83692295.4958862,0
SKL.V,D,20250211,000000,0.0393737,0.0407735,0.0373017,0.0374679,96520755.75951222,0
SKL.V,D,20250212,000000,0.0374575,0.0399284,0.035359,0.0393398,118139944.00258982,0
SKL.V,D,20250213,000000,0.0392948,0.0396214,0.0361211,0.0371397,117703001.1614546,0
SKL.V,D,20250214,000000,0.0370347,0.0388882,0.0366919,0.0373243,96423895.27870066,0
SKL.V,D,20250215,000000,0.037386,0.0381174,0.0357922,0.0358336,92220456.78489774,0
