<TICKER>,<PER>,<DATE>,<TIME>,<OPEN>,<HIGH>,<LOW>,<CLOSE>,<VOL>,<OPENINT>
SOLO.V,D,20220514,000000,0.277651,0.277651,0.277651,0.277651,8.013622,0
SOLO.V,D,20220515,000000,0.271219,0.271244,0.20086,0.231644,35841.935451414,0
SOLO.V,D,20220516,000000,0.231644,0.381404,0.214258,0.274643,40198.248000107,0
SOLO.V,D,20220517,000000,0.274643,0.299419,0.262133,0.298862,87858.917076398,0
SOLO.V,D,20220518,000000,0.299111,0.299614,0.224688,0.274643,114181.60118013,0
SOLO.V,D,20220519,000000,0.274609,0.278495,0.239725,0.267254,126088.99914492,0
SOLO.V,D,20220520,000000,0.256012,0.36,0.244747,0.31261,91129.625216785,0
SOLO.V,D,20220521,000000,0.335568,0.360001,0.237283,0.281398,94306.497148722,0
SOLO.V,D,20220522,000000,0.272924,0.305144,0.270496,0.271125,227435.55786464,0
SOLO.V,D,20220523,000000,0.277723,0.308285,0.271069,0.29961,90682.412033001,0
SOLO.V,D,20220524,000000,0.29964,0.29967,0.276168,0.277025,119388.108308,0
SOLO.V,D,20220525,000000,0.27703,0.295171,0.276997,0.289599,83583.380462805,0
SOLO.V,D,20220526,000000,0.290884,0.296836,0.280687,0.28984,110003.6598773,0
SOLO.V,D,20220527,000000,0.281531,0.294108,0.245613,0.259422,75569.901289001,0
SOLO.V,D,20220528,000000,0.259386,0.292969,0.253496,0.26859,67274.320153153,0
SOLO.V,D,20220529,000000,0.253495,0.272771,0.253486,0.2702,69635.024038194,0
SOLO.V,D,20220530,000000,0.270188,0.273743,0.263397,0.268659,97008.280447344,0
SOLO.V,D,20220531,000000,0.275013,0.276268,0.272326,0.273352,81059.189867071,0
SOLO.V,D,20220601,000000,0.274329,0.298509,0.273322,0.290851,120436.29194193,0
SOLO.V,D,20220602,000000,0.284312,0.308914,0.273297,0.275447,59201.214879982,0
SOLO.V,D,20220603,000000,0.273297,0.277651,0.273238,0.277603,44960.678706751,0
SOLO.V,D,20220604,000000,0.277603,0.300115,0.273303,0.278585,77355.734245235,0
SOLO.V,D,20220605,000000,0.278585,0.293393,0.278515,0.293326,63895.112936838,0
SOLO.V,D,20220606,000000,0.29332,0.293575,0.278496,0.286035,143016.11369107,0
SOLO.V,D,20220607,000000,0.286032,0.29361,0.275999,0.278568,155543.85694921,0
SOLO.V,D,20220608,000000,0.293361,0.293531,0.273056,0.273067,137365.47253744,0
SOLO.V,D,20220609,000000,0.273064,0.276765,0.272996,0.276709,69568.622878075,0
SOLO.V,D,20220610,000000,0.273011,0.276754,0.272879,0.27659,106523.36460974,0
SOLO.V,D,20220611,000000,0.27659,0.276654,0.241448,0.24847,85358.353633623,0
SOLO.V,D,20220612,000000,0.248467,0.268626,0.144814,0.179755,112627.73294587,0
SOLO.V,D,20220613,000000,0.144808,0.232042,0.144807,0.202221,2781321.3775038,0
SOLO.V,D,20220614,000000,0.200973,0.230957,0.199646,0.199696,16048535.185327,0
SOLO.V,D,20220615,000000,0.21537,0.216307,0.207449,0.211662,7038317.3889679,0
SOLO.V,D,20220616,000000,0.211233,0.2356,0.207414,0.210786,153444.0982604,0
SOLO.V,D,20220617,000000,0.204901,0.22967,0.193304,0.213625,4223572.0394275,0
SOLO.V,D,20220618,000000,0.214644,0.215971,0.189779,0.191389,9896040.229645,0
SOLO.V,D,20220619,000000,0.193047,0.201668,0.189685,0.201648,919708.93119429,0
SOLO.V,D,20220620,000000,0.19969,0.204105,0.196205,0.19936,199652.29270626,0
SOLO.V,D,20220621,000000,0.19937,0.210443,0.197003,0.206987,99305.956252863,0
SOLO.V,D,20220622,000000,0.206987,0.241715,0.194452,0.221816,63607.893422691,0
SOLO.V,D,20220623,000000,0.221818,0.227249,0.204596,0.206279,41550.77083,0
SOLO.V,D,20220624,000000,0.219492,0.264784,0.206279,0.264749,1510933.8382745,0
SOLO.V,D,20220625,000000,0.26472,0.26472,0.203748,0.248211,172189.25225395,0
SOLO.V,D,20220626,000000,0.215011,0.251167,0.215011,0.228894,353721.53086303,0
SOLO.V,D,20220627,000000,0.216224,0.259263,0.213619,0.254556,43152.391220141,0
SOLO.V,D,20220628,000000,0.254548,0.259628,0.220061,0.251048,149828.37977645,0
SOLO.V,D,20220629,000000,0.223774,0.256214,0.210114,0.229759,44032.702078704,0
SOLO.V,D,20220630,000000,0.253039,0.257145,0.213601,0.236023,87915.790370283,0
SOLO.V,D,20220701,000000,0.2399,0.240099,0.235977,0.239923,96070.450473667,0
SOLO.V,D,20220702,000000,0.236051,0.240308,0.235616,0.23564,24625.088028495,0
SOLO.V,D,20220703,000000,0.237195,0.23875,0.226302,0.226372,41852.1912043,0
SOLO.V,D,20220704,000000,0.226345,0.254709,0.226345,0.254699,23332.007972871,0
SOLO.V,D,20220705,000000,0.2547,0.264707,0.224753,0.235072,53769.696786857,0
SOLO.V,D,20220706,000000,0.235072,0.257565,0.235049,0.257298,11080.258305294,0
SOLO.V,D,20220707,000000,0.257298,0.262957,0.225072,0.241848,10054.027964756,0
SOLO.V,D,20220708,000000,0.231125,0.241879,0.226468,0.234434,39314.221569999,0
SOLO.V,D,20220709,000000,0.234457,0.259754,0.228641,0.235105,33425.421278016,0
SOLO.V,D,20220710,000000,0.23511,0.239821,0.230355,0.230439,71034.201261798,0
SOLO.V,D,20220711,000000,0.230437,0.245291,0.171408,0.210042,21181.219254846,0
SOLO.V,D,20220712,000000,0.194611,0.24725,0.18355,0.185217,32311.382780269,0
SOLO.V,D,20220713,000000,0.205801,0.242269,0.176369,0.193576,55933.308171687,0
SOLO.V,D,20220714,000000,0.193576,0.208489,0.178577,0.205126,38623.877008014,0
SOLO.V,D,20220715,000000,0.195635,0.256119,0.190887,0.240327,25336.910763417,0
SOLO.V,D,20220716,000000,0.240327,0.253697,0.224911,0.226756,14433.528502508,0
SOLO.V,D,20220717,000000,0.240351,0.253715,0.225029,0.22674,25539.928208101,0
SOLO.V,D,20220718,000000,0.240336,0.251683,0.204938,0.216176,32240.33412965,0
SOLO.V,D,20220719,000000,0.213965,0.251693,0.193075,0.229183,177935.2103194,0
SOLO.V,D,20220720,000000,0.193052,0.248027,0.193033,0.215711,214582.05910374,0
SOLO.V,D,20220721,000000,0.215711,0.216024,0.204104,0.207152,299823.48545892,0
SOLO.V,D,20220722,000000,0.20715,0.208008,0.201808,0.204745,809249.63539312,0
SOLO.V,D,20220723,000000,0.2045,0.205455,0.202824,0.203726,348709.74775236,0
SOLO.V,D,20220724,000000,0.20412,0.205025,0.20073,0.201538,190833.2996981,0
SOLO.V,D,20220725,000000,0.20154,0.20154,0.1933,0.193615,283209.53392515,0
SOLO.V,D,20220726,000000,0.193617,0.193925,0.1878,0.190329,195134.21123358,0
SOLO.V,D,20220727,000000,0.190427,0.192094,0.185513,0.190246,198979.08725676,0
SOLO.V,D,20220728,000000,0.190046,0.20054,0.189455,0.199538,360940.61515373,0
SOLO.V,D,20220729,000000,0.19954,0.201452,0.196475,0.197779,218601.35509403,0
SOLO.V,D,20220730,000000,0.198181,0.202971,0.197767,0.201967,286486.77789226,0
SOLO.V,D,20220731,000000,0.201969,0.202673,0.195647,0.199248,367455.70822145,0
SOLO.V,D,20220801,000000,0.198948,0.199364,0.192631,0.193358,413668.93800087,0
SOLO.V,D,20220802,000000,0.193258,0.194576,0.189621,0.189934,190081.31068023,0
SOLO.V,D,20220803,000000,0.189838,0.192565,0.189228,0.191346,164744.48931927,0
SOLO.V,D,20220804,000000,0.191446,0.193344,0.189704,0.190406,204855.76995008,0
SOLO.V,D,20220805,000000,0.190208,0.192392,0.189613,0.190736,197650.91039547,0
SOLO.V,D,20220806,000000,0.190736,0.190929,0.188336,0.190544,192181.99390411,0
SOLO.V,D,20220807,000000,0.190542,0.193546,0.182733,0.183033,408420.26673486,0
SOLO.V,D,20220808,000000,0.183035,0.183035,0.177234,0.179622,211026.47946945,0
SOLO.V,D,20220809,000000,0.179722,0.181438,0.176839,0.178436,296547.88920331,0
SOLO.V,D,20220810,000000,0.179038,0.181247,0.177632,0.180552,212888.80118531,0
SOLO.V,D,20220811,000000,0.180354,0.185674,0.180352,0.184987,211970.3153316,0
SOLO.V,D,20220812,000000,0.184892,0.193983,0.184477,0.193889,325760.48971278,0
SOLO.V,D,20220813,000000,0.193689,0.202971,0.193685,0.20088,350031.6955209,0
SOLO.V,D,20220814,000000,0.200678,0.204565,0.200178,0.201562,435490.5773172,0
SOLO.V,D,20220815,000000,0.20146,0.206762,0.20135,0.205949,446547.26493325,0
SOLO.V,D,20220816,000000,0.206051,0.206739,0.191008,0.191217,491405.84246128,0
SOLO.V,D,20220817,000000,0.191215,0.193112,0.175112,0.175114,547882.89951562,0
SOLO.V,D,20220818,000000,0.174716,0.175014,0.169514,0.169902,389312.37675931,0
SOLO.V,D,20220819,000000,0.170017,0.1714,0.151115,0.1518,588558.12293534,0
SOLO.V,D,20220820,000000,0.151905,0.154605,0.147126,0.153598,488626.5553816,0
SOLO.V,D,20220821,000000,0.153395,0.154512,0.150903,0.153097,393236.44633907,0
SOLO.V,D,20220822,000000,0.153097,0.154102,0.150559,0.150974,571780.67788264,0
SOLO.V,D,20220823,000000,0.150873,0.153803,0.150664,0.153003,643470.97068866,0
SOLO.V,D,20220824,000000,0.152898,0.154492,0.152191,0.154014,604267.55389112,0
SOLO.V,D,20220825,000000,0.154012,0.155814,0.1526,0.155305,518350.12713011,0
SOLO.V,D,20220826,000000,0.155405,0.158095,0.149989,0.151415,420125.51492296,0
SOLO.V,D,20220827,000000,0.151415,0.151906,0.14881,0.149404,177654.63508989,0
SOLO.V,D,20220828,000000,0.149303,0.149603,0.147294,0.1473,177051.54720645,0
SOLO.V,D,20220829,000000,0.1473,0.1476,0.143893,0.14481,139027.59530236,0
SOLO.V,D,20220830,000000,0.145016,0.14777,0.133326,0.141216,167185.57681797,0
SOLO.V,D,20220831,000000,0.141211,0.145104,0.140711,0.144899,194281.28885916,0
SOLO.V,D,20220901,000000,0.144899,0.145104,0.131449,0.144391,122540.26431061,0
SOLO.V,D,20220902,000000,0.144497,0.144627,0.133011,0.135825,69428.582060541,0
SOLO.V,D,20220903,000000,0.135831,0.142806,0.133016,0.1409,150098.9385085,0
SOLO.V,D,20220904,000000,0.141614,0.143914,0.1406,0.1432,185591.74610156,0
SOLO.V,D,20220905,000000,0.1427,0.144614,0.132524,0.141614,297195.06518211,0
SOLO.V,D,20220906,000000,0.141714,0.142914,0.1299,0.1305,522551.48988314,0
SOLO.V,D,20220907,000000,0.1303,0.13041,0.119494,0.124906,327329.77026093,0
SOLO.V,D,20220908,000000,0.124807,0.12682,0.12311,0.124119,177661.15489474,0
SOLO.V,D,20220909,000000,0.12432,0.129344,0.123714,0.129344,183669.95911536,0
SOLO.V,D,20220910,000000,0.129348,0.13875,0.129348,0.138128,421014.21190157,0
SOLO.V,D,20220911,000000,0.138426,0.146435,0.13784,0.145236,222687.69711081,0
SOLO.V,D,20220912,000000,0.145635,0.149331,0.145436,0.146729,247750.85758923,0
SOLO.V,D,20220913,000000,0.146544,0.146919,0.141911,0.142403,387966.14172976,0
SOLO.V,D,20220914,000000,0.142414,0.142523,0.138303,0.139536,465868.45911512,0
SOLO.V,D,20220915,000000,0.139649,0.140221,0.135701,0.136186,251658.55944955,0
SOLO.V,D,20220916,000000,0.136095,0.139186,0.13467,0.138986,164932.69393872,0
SOLO.V,D,20220917,000000,0.139,0.141914,0.1367,0.1417,381429.16645243,0
SOLO.V,D,20220918,000000,0.1417,0.1445,0.1396,0.14,565828.20546252,0
SOLO.V,D,20220919,000000,0.139386,0.140781,0.1317,0.137027,330131.02497675,0
SOLO.V,D,20220920,000000,0.137014,0.137614,0.133713,0.136314,607605.67106241,0
SOLO.V,D,20220921,000000,0.136301,0.1369,0.1324,0.1328,613587.62067836,0
SOLO.V,D,20220922,000000,0.1326,0.1363,0.1316,0.133887,201208.32617176,0
SOLO.V,D,20220923,000000,0.133713,0.136,0.1276,0.131587,331859.71508242,0
SOLO.V,D,20220924,000000,0.131391,0.137814,0.130991,0.137311,376562.89133683,0
SOLO.V,D,20220925,000000,0.1373,0.139001,0.1371,0.1378,410738.10831729,0
SOLO.V,D,20220926,000000,0.1378,0.138299,0.135086,0.1371,209144.71512937,0
SOLO.V,D,20220927,000000,0.1372,0.140114,0.1354,0.136186,199232.09184589,0
SOLO.V,D,20220928,000000,0.136,0.1364,0.133,0.1352,224000.95801122,0
SOLO.V,D,20220929,000000,0.1353,0.136414,0.1314,0.136,316433.70326411,0
SOLO.V,D,20220930,000000,0.1357,0.1369,0.1338,0.1346,263222.61087233,0
SOLO.V,D,20221001,000000,0.1349,0.135,0.1327,0.1332,171422.83695226,0
SOLO.V,D,20221002,000000,0.1333,0.1351,0.130313,0.1307,406173.63126419,0
SOLO.V,D,20221003,000000,0.130613,0.1308,0.1274,0.128426,162404.37601264,0
SOLO.V,D,20221004,000000,0.128413,0.137227,0.128013,0.136641,348415.51238118,0
SOLO.V,D,20221005,000000,0.136327,0.173117,0.136327,0.165133,827746.41970896,0
SOLO.V,D,20221006,000000,0.165233,0.170829,0.163208,0.16543,365003.4390776,0
SOLO.V,D,20221007,000000,0.165125,0.21313,0.164831,0.21253,692394.35824118,0
SOLO.V,D,20221008,000000,0.213121,0.258744,0.212728,0.240665,1462734.3772498,0
SOLO.V,D,20221009,000000,0.240863,0.274155,0.2304,0.273955,792344.98570819,0
SOLO.V,D,20221010,000000,0.273955,0.289129,0.236576,0.258574,1156694.2560907,0
SOLO.V,D,20221011,000000,0.2585,0.325561,0.2434,0.305073,1172320.359763,0
SOLO.V,D,20221012,000000,0.305173,0.413975,0.302461,0.386012,2047232.870178,0
SOLO.V,D,20221013,000000,0.383412,0.397524,0.362885,0.389731,1130303.2329777,0
SOLO.V,D,20221014,000000,0.389331,0.417604,0.372711,0.372711,729891.44455835,0
SOLO.V,D,20221015,000000,0.372215,0.381234,0.318613,0.372419,1385615.6028221,0
SOLO.V,D,20221016,000000,0.3724,0.387012,0.353414,0.353414,716260.32129726,0
SOLO.V,D,20221017,000000,0.353214,0.355528,0.328807,0.334307,476660.52309781,0
SOLO.V,D,20221018,000000,0.33411,0.33722,0.300515,0.301312,628566.62500494,0
SOLO.V,D,20221019,000000,0.301818,0.314728,0.280514,0.3003,512966.46708695,0
SOLO.V,D,20221020,000000,0.3003,0.344503,0.300109,0.313366,480808.52065033,0
SOLO.V,D,20221021,000000,0.313278,0.317781,0.295376,0.303309,229358.88415229,0
SOLO.V,D,20221022,000000,0.303324,0.352428,0.302915,0.351428,368558.3320997,0
SOLO.V,D,20221023,000000,0.351932,0.381015,0.340027,0.378153,453205.10179196,0
SOLO.V,D,20221024,000000,0.378742,0.387516,0.369326,0.387019,183492.60209035,0
SOLO.V,D,20221025,000000,0.387015,0.387819,0.360605,0.362527,359762.85836453,0
SOLO.V,D,20221026,000000,0.362923,0.379106,0.353695,0.378206,466299.542244,0
SOLO.V,D,20221027,000000,0.37791,0.409702,0.37791,0.402324,423070.43155368,0
SOLO.V,D,20221028,000000,0.402224,0.402328,0.351459,0.386285,239064.09069497,0
SOLO.V,D,20221029,000000,0.386773,0.38707,0.347235,0.355282,402896.28313391,0
SOLO.V,D,20221030,000000,0.355096,0.377475,0.345883,0.377175,266330.41001612,0
SOLO.V,D,20221031,000000,0.377375,0.377483,0.352896,0.356271,259294.90792134,0
SOLO.V,D,20221101,000000,0.356479,0.356679,0.311441,0.315868,214426.79677382,0
SOLO.V,D,20221102,000000,0.316168,0.345634,0.314059,0.32708,231109.37569439,0
SOLO.V,D,20221103,000000,0.32798,0.328684,0.316484,0.3165,234988.31604172,0
SOLO.V,D,20221104,000000,0.316397,0.3296,0.310778,0.316025,437241.52261029,0
SOLO.V,D,20221105,000000,0.316722,0.324532,0.311109,0.312019,299509.35076969815,0
SOLO.V,D,20221106,000000,0.312012,0.312116,0.301106,0.302824,231828.00262855843,0
SOLO.V,D,20221107,000000,0.302521,0.302624,0.283726,0.287034,299934.07924496813,0
SOLO.V,D,20221108,000000,0.287586,0.2892,0.234408,0.244632,712072.5609096786,0
SOLO.V,D,20221109,000000,0.24423,0.292609,0.18561,0.216633,511673.13987126807,0
SOLO.V,D,20221110,000000,0.215032,0.256874,0.201165,0.248666,366066.01309458533,0
SOLO.V,D,20221111,000000,0.248564,0.285358,0.21987,0.22755,292294.61774481233,0
SOLO.V,D,20221112,000000,0.227737,0.242662,0.210421,0.234577,314558.0010042824,0
SOLO.V,D,20221113,000000,0.233379,0.236573,0.204354,0.20845,360291.4298573727,0
SOLO.V,D,20221114,000000,0.20835,0.229378,0.191992,0.216575,355235.688293736,0
SOLO.V,D,20221115,000000,0.215066,0.233866,0.21308,0.22957,276456.4115826895,0
SOLO.V,D,20221116,000000,0.228072,0.230319,0.208806,0.214611,227087.8677609427,0
SOLO.V,D,20221117,000000,0.214713,0.22355,0.21094,0.219129,224033.68919257348,0
SOLO.V,D,20221118,000000,0.218629,0.23427,0.202663,0.208458,245461.17981629053,0
SOLO.V,D,20221119,000000,0.20846,0.221862,0.194878,0.217971,291692.1440887269,0
SOLO.V,D,20221120,000000,0.217971,0.237798,0.198893,0.199898,295661.2707724916,0
SOLO.V,D,20221121,000000,0.200295,0.200391,0.183924,0.197361,318585.6809467785,0
SOLO.V,D,20221122,000000,0.196162,0.200357,0.186653,0.194962,259739.5881622877,0
SOLO.V,D,20221123,000000,0.192365,0.194748,0.183866,0.188594,253850.83854856715,0
SOLO.V,D,20221124,000000,0.188494,0.198639,0.186295,0.193937,285140.01551175094,0
SOLO.V,D,20221125,000000,0.194734,0.21257,0.189384,0.190193,282018.16334300477,0
SOLO.V,D,20221126,000000,0.190267,0.191777,0.178395,0.179896,262497.1369577169,0
SOLO.V,D,20221127,000000,0.179696,0.18619,0.171587,0.172092,240787.33752469995,0
SOLO.V,D,20221128,000000,0.172291,0.174211,0.161329,0.162438,247785.16660920018,0
SOLO.V,D,20221129,000000,0.162537,0.181671,0.150617,0.172836,245821.68045004422,0
SOLO.V,D,20221130,000000,0.173436,0.184739,0.165047,0.16921,285593.67403610045,0
SOLO.V,D,20221201,000000,0.169207,0.175809,0.163705,0.16891,260950.45112339975,0
SOLO.V,D,20221202,000000,0.16891,0.170217,0.162318,0.164508,348494.1869442001,0
SOLO.V,D,20221203,000000,0.164207,0.165915,0.154715,0.155816,295471.72863260965,0
SOLO.V,D,20221204,000000,0.155016,0.162032,0.154015,0.157116,201578.17180261092,0
SOLO.V,D,20221205,000000,0.157031,0.162003,0.153331,0.161105,244387.92634760123,0
SOLO.V,D,20221206,000000,0.160805,0.1612,0.153897,0.157597,234383.88074210053,0
SOLO.V,D,20221207,000000,0.157197,0.159,0.147401,0.1516,218445.63553750046,0
SOLO.V,D,20221208,000000,0.1514,0.156516,0.140114,0.14261,249923.6890040999,0
SOLO.V,D,20221209,000000,0.142911,0.147006,0.134,0.137005,234563.48024369992,0
SOLO.V,D,20221210,000000,0.137005,0.1419,0.133996,0.137999,192203.03769220016,0
SOLO.V,D,20221211,000000,0.138197,0.1807,0.137199,0.159616,385960.22139070026,0
SOLO.V,D,20221212,000000,0.159432,0.1634,0.14781,0.153514,383781.6785346465,0
SOLO.V,D,20221213,000000,0.153714,0.1627,0.149451,0.153362,382939.6634942023,0
SOLO.V,D,20221214,000000,0.153865,0.163589,0.150012,0.153011,342643.8086872994,0
SOLO.V,D,20221215,000000,0.152715,0.153631,0.149415,0.15003,184089.99523099983,0
SOLO.V,D,20221216,000000,0.15143,0.153915,0.144814,0.146615,247629.8536440001,0
SOLO.V,D,20221217,000000,0.146429,0.150617,0.141414,0.147919,401911.2318562005,0
SOLO.V,D,20221218,000000,0.147618,0.150806,0.146313,0.147019,372594.81829120097,0
SOLO.V,D,20221219,000000,0.146919,0.147927,0.137901,0.142,349123.41876076977,0
SOLO.V,D,20221220,000000,0.141699,0.14711,0.140501,0.146806,242022.15349199975,0
SOLO.V,D,20221221,000000,0.147006,0.159406,0.141999,0.159306,392135.8932726,0
SOLO.V,D,20221222,000000,0.159308,0.203698,0.153697,0.181369,653336.1963806004,0
SOLO.V,D,20221223,000000,0.181869,0.195073,0.177109,0.182682,488413.948494199,0
SOLO.V,D,20221224,000000,0.183882,0.249178,0.17888,0.215685,531009.2305854007,0
SOLO.V,D,20221225,000000,0.215385,0.23859,0.200976,0.224471,488997.40011292876,0
SOLO.V,D,20221226,000000,0.224073,0.224878,0.192262,0.20186,542025.9624641648,0
SOLO.V,D,20221227,000000,0.20196,0.202262,0.176649,0.191723,492389.39728224423,0
SOLO.V,D,20221228,000000,0.191623,0.191823,0.171802,0.174606,533129.2315853,0
SOLO.V,D,20221229,000000,0.174509,0.175621,0.16353,0.166725,479810.43896789924,0
SOLO.V,D,20221230,000000,0.166723,0.172214,0.164018,0.170815,529151.536200601,0
SOLO.V,D,20221231,000000,0.170713,0.181913,0.169214,0.17701,455051.5922631992,0
SOLO.V,D,20230101,000000,0.177211,0.177211,0.168606,0.17002,455391.94027289946,0
SOLO.V,D,20230102,000000,0.170422,0.174946,0.165027,0.169248,491206.60984399915,0
SOLO.V,D,20230103,000000,0.168946,0.175742,0.160237,0.164636,465241.4850467358,0
SOLO.V,D,20230104,000000,0.164537,0.166633,0.159433,0.161347,526643.0002306657,0
SOLO.V,D,20230105,000000,0.161347,0.162245,0.151447,0.154146,545899.6856821268,0
SOLO.V,D,20230106,000000,0.154246,0.16735,0.153045,0.167248,543215.3481368553,0
SOLO.V,D,20230107,000000,0.166747,0.173546,0.15976,0.160561,531136.2890342777,0
SOLO.V,D,20230108,000000,0.160162,0.171369,0.159175,0.169773,537859.7030982821,0
SOLO.V,D,20230109,000000,0.168978,0.171167,0.160568,0.165398,561059.5800789617,0
SOLO.V,D,20230110,000000,0.165698,0.1657,0.153986,0.160422,566430.5463048812,0
SOLO.V,D,20230111,000000,0.159624,0.160426,0.148697,0.152586,637682.032311309,0
SOLO.V,D,20230112,000000,0.152785,0.16508,0.151985,0.162016,631496.196575459,0
SOLO.V,D,20230113,000000,0.162016,0.163415,0.155708,0.159314,513468.03015065996,0
SOLO.V,D,20230114,000000,0.159214,0.172429,0.157417,0.162306,592597.1475561007,0
SOLO.V,D,20230115,000000,0.162708,0.163329,0.154249,0.154946,428336.9941232975,0
SOLO.V,D,20230116,000000,0.155845,0.159959,0.152805,0.154303,514385.1163783185,0
SOLO.V,D,20230117,000000,0.154302,0.192033,0.151602,0.17902,803204.0563671874,0
SOLO.V,D,20230118,000000,0.178418,0.191715,0.167675,0.168892,651972.8565045033,0
SOLO.V,D,20230119,000000,0.168792,0.171581,0.164395,0.167595,546968.199154288,0
SOLO.V,D,20230120,000000,0.16821,0.169405,0.160897,0.163828,447333.2447062279,0
SOLO.V,D,20230121,000000,0.163834,0.174833,0.163434,0.169927,538981.62374724,0
SOLO.V,D,20230122,000000,0.169227,0.171233,0.164731,0.165932,535769.6684245865,0
SOLO.V,D,20230123,000000,0.165932,0.172421,0.165323,0.170626,504494.96903354995,0
SOLO.V,D,20230124,000000,0.170624,0.176323,0.167518,0.169807,508319.9592669868,0
SOLO.V,D,20230125,000000,0.169517,0.179714,0.162037,0.174628,573560.413170189,0
SOLO.V,D,20230126,000000,0.17443,0.185632,0.166505,0.168213,587750.0151701829,0
SOLO.V,D,20230127,000000,0.167813,0.168315,0.162721,0.163765,495862.02530786383,0
SOLO.V,D,20230128,000000,0.163756,0.16483,0.159934,0.161232,478937.29797463596,0
SOLO.V,D,20230129,000000,0.161332,0.162508,0.158238,0.161706,587234.7325987938,0
SOLO.V,D,20230130,000000,0.161605,0.16191,0.154102,0.154511,361034.82065057993,0
SOLO.V,D,20230131,000000,0.154611,0.155011,0.149315,0.151714,405910.31833300047,0
SOLO.V,D,20230201,000000,0.151711,0.15881,0.148101,0.156809,558534.6689765427,0
SOLO.V,D,20230202,000000,0.156709,0.16992,0.156406,0.160731,552067.7370956277,0
SOLO.V,D,20230203,000000,0.160135,0.1613,0.157519,0.159613,519574.2412805164,0
SOLO.V,D,20230204,000000,0.159613,0.18192,0.159013,0.174216,673497.1813312249,0
SOLO.V,D,20230205,000000,0.174516,0.178645,0.173516,0.174744,494588.5888837075,0
SOLO.V,D,20230206,000000,0.174844,0.17564,0.167305,0.167407,450378.47680979344,0
SOLO.V,D,20230207,000000,0.167605,0.170707,0.165603,0.170707,368698.7221760448,0
SOLO.V,D,20230208,000000,0.170607,0.1733,0.167893,0.172414,398206.8869249703,0
SOLO.V,D,20230209,000000,0.17271,0.172907,0.161724,0.162015,170379.37555072605,0
SOLO.V,D,20230210,000000,0.169549,0.169725,0.149422,0.161224,265538.65769699006,0
SOLO.V,D,20230211,000000,0.160627,0.162721,0.159418,0.161467,163087.07549573612,0
SOLO.V,D,20230212,000000,0.161232,0.171094,0.159284,0.170328,192249.13530268075,0
SOLO.V,D,20230213,000000,0.170248,0.171709,0.148637,0.162117,436854.97230657295,0
SOLO.V,D,20230214,000000,0.161992,0.174351,0.148665,0.150257,400190.8849306166,0
SOLO.V,D,20230215,000000,0.150369,0.154425,0.145847,0.151426,493932.3046045741,0
SOLO.V,D,20230216,000000,0.151826,0.154725,0.14612,0.14635,421133.777012475,0
SOLO.V,D,20230217,000000,0.146619,0.150218,0.144206,0.149313,274230.75017919776,0
SOLO.V,D,20230218,000000,0.149322,0.152523,0.146032,0.14852,230817.45309084095,0
SOLO.V,D,20230219,000000,0.148413,0.165293,0.145402,0.146547,288552.8821954979,0
SOLO.V,D,20230220,000000,0.146615,0.169429,0.145288,0.160013,420065.76450717123,0
SOLO.V,D,20230221,000000,0.159911,0.16191,0.149825,0.154028,490433.23529108096,0
SOLO.V,D,20230222,000000,0.154028,0.15673,0.148518,0.155211,659650.8758194091,0
SOLO.V,D,20230223,000000,0.154798,0.158614,0.153312,0.15632,530470.508977885,0
SOLO.V,D,20230224,000000,0.156025,0.157231,0.149199,0.149699,540091.8873798907,0
SOLO.V,D,20230225,000000,0.1492,0.155214,0.148712,0.152709,523149.8467369923,0
SOLO.V,D,20230226,000000,0.151917,0.154912,0.150929,0.153909,413053.5457845932,0
SOLO.V,D,20230227,000000,0.153914,0.158813,0.149115,0.158308,474969.8347424117,0
SOLO.V,D,20230228,000000,0.158308,0.198518,0.153202,0.169134,634201.2867561611,0
SOLO.V,D,20230301,000000,0.169632,0.202126,0.16732,0.197226,651300.0943195545,0
SOLO.V,D,20230302,000000,0.197326,0.247422,0.181607,0.247422,849135.12532426,0
SOLO.V,D,20230303,000000,0.25252,0.265619,0.197402,0.205212,716513.3469348173,0
SOLO.V,D,20230304,000000,0.205318,0.240012,0.198712,0.214815,284965.80009486905,0
SOLO.V,D,20230305,000000,0.225811,0.240518,0.210188,0.238646,241859.0835815012,0
SOLO.V,D,20230306,000000,0.238489,0.271026,0.201083,0.203251,213870.70085131912,0
SOLO.V,D,20230307,000000,0.202611,0.208248,0.185585,0.189991,453633.52606468636,0
SOLO.V,D,20230308,000000,0.189991,0.193202,0.180991,0.181191,594449.1348246209,0
SOLO.V,D,20230309,000000,0.181282,0.181487,0.155426,0.155914,714960.711468605,0
SOLO.V,D,20230310,000000,0.155828,0.157605,0.149688,0.154962,643126.8146721633,0
SOLO.V,D,20230311,000000,0.154854,0.170603,0.154854,0.158944,603446.4714458812,0
SOLO.V,D,20230312,000000,0.158867,0.181802,0.150945,0.176365,704807.4838824056,0
SOLO.V,D,20230313,000000,0.175355,0.180082,0.160474,0.171682,658741.6670836082,0
SOLO.V,D,20230314,000000,0.171669,0.18171,0.166413,0.18084,575223.5370753226,0
SOLO.V,D,20230315,000000,0.180969,0.184195,0.167066,0.169409,590241.6211400785,0
SOLO.V,D,20230316,000000,0.169803,0.180731,0.166986,0.179039,506257.95048084843,0
SOLO.V,D,20230317,000000,0.178941,0.187795,0.178339,0.185956,572417.4319929703,0
SOLO.V,D,20230318,000000,0.186155,0.186699,0.170542,0.171613,498598.8132780471,0
SOLO.V,D,20230319,000000,0.171312,0.177125,0.16976,0.175129,412759.2287278855,0
SOLO.V,D,20230320,000000,0.175025,0.178151,0.162567,0.17594,630467.1391182414,0
SOLO.V,D,20230321,000000,0.176341,0.241241,0.169462,0.21629,1148057.8299814893,0
SOLO.V,D,20230322,000000,0.215184,0.220378,0.201936,0.209773,947588.51224456,0
SOLO.V,D,20230323,000000,0.209673,0.236529,0.207201,0.221765,744150.0670445617,0
SOLO.V,D,20230324,000000,0.222059,0.227577,0.169786,0.174376,822513.407519992,0
SOLO.V,D,20230325,000000,0.174499,0.17988,0.170903,0.176271,473425.58419570676,0
SOLO.V,D,20230326,000000,0.175575,0.176153,0.166655,0.171694,397740.59278370626,0
SOLO.V,D,20230327,000000,0.171689,0.177222,0.164399,0.172581,422466.01874728047,0
SOLO.V,D,20230328,000000,0.172481,0.174668,0.16674,0.170565,363876.0246441226,0
SOLO.V,D,20230329,000000,0.170165,0.182044,0.167849,0.174033,517847.7455141938,0
SOLO.V,D,20230330,000000,0.174352,0.175009,0.167917,0.169147,309711.4995084799,0
SOLO.V,D,20230331,000000,0.169647,0.169946,0.159649,0.165833,272129.6528472017,0
SOLO.V,D,20230401,000000,0.16585,0.165951,0.153672,0.159559,455078.8861474123,0
SOLO.V,D,20230402,000000,0.159159,0.180077,0.158665,0.165503,487253.8016692501,0
SOLO.V,D,20230403,000000,0.165302,0.165404,0.152661,0.152661,255310.491866525,0
SOLO.V,D,20230404,000000,0.15266,0.156764,0.151573,0.155578,296282.40770009044,0
SOLO.V,D,20230405,000000,0.155878,0.164661,0.148955,0.150354,408361.37761059974,0
SOLO.V,D,20230406,000000,0.150956,0.154449,0.150259,0.151553,256415.44975718646,0
SOLO.V,D,20230407,000000,0.152155,0.1535,0.149782,0.151612,212442.79679573773,0
SOLO.V,D,20230408,000000,0.151112,0.155678,0.150014,0.15116,252399.6163484834,0
SOLO.V,D,20230409,000000,0.151359,0.155695,0.150192,0.155204,320923.4586900121,0
SOLO.V,D,20230410,000000,0.155196,0.15671,0.14977,0.151424,226680.49965319855,0
SOLO.V,D,20230411,000000,0.151708,0.152326,0.148319,0.149246,307624.2824337321,0
SOLO.V,D,20230412,000000,0.149337,0.150647,0.145013,0.145714,188014.26647104556,0
SOLO.V,D,20230413,000000,0.145313,0.155559,0.141556,0.153647,309645.98848590493,0
SOLO.V,D,20230414,000000,0.153546,0.154568,0.149421,0.151514,215007.56317885494,0
SOLO.V,D,20230415,000000,0.151727,0.152144,0.147745,0.149322,120801.84697873893,0
SOLO.V,D,20230416,000000,0.149433,0.149836,0.145033,0.148901,164484.0658163739,0
SOLO.V,D,20230417,000000,0.148801,0.148813,0.144914,0.147381,315788.0652459745,0
SOLO.V,D,20230418,000000,0.147487,0.152658,0.145947,0.150326,433143.4741655427,0
SOLO.V,D,20230419,000000,0.150529,0.153432,0.137972,0.138675,427838.398314592,0
SOLO.V,D,20230420,000000,0.138571,0.14066,0.133325,0.134013,720448.7461535791,0
SOLO.V,D,20230421,000000,0.133909,0.137514,0.127689,0.128888,503939.0710862861,0
SOLO.V,D,20230422,000000,0.128085,0.140603,0.127164,0.135314,504243.07790911564,0
SOLO.V,D,20230423,000000,0.135112,0.139331,0.131408,0.132805,508139.3325265932,0
SOLO.V,D,20230424,000000,0.131801,0.138817,0.1309,0.131104,426753.45934591,0
SOLO.V,D,20230425,000000,0.131303,0.135135,0.130808,0.134932,260236.30182445742,0
SOLO.V,D,20230426,000000,0.135131,0.139989,0.133016,0.135147,343865.77641504555,0
SOLO.V,D,20230427,000000,0.134143,0.13746,0.133039,0.134847,337633.3780324599,0
SOLO.V,D,20230428,000000,0.134742,0.136145,0.133143,0.133706,234023.45217408103,0
SOLO.V,D,20230429,000000,0.133703,0.137195,0.133595,0.135178,324847.7949820756,0
SOLO.V,D,20230430,000000,0.135879,0.13726,0.133176,0.135077,187947.38276502804,0
SOLO.V,D,20230501,000000,0.134677,0.135773,0.131491,0.132036,274745.5301492037,0
SOLO.V,D,20230502,000000,0.132133,0.134677,0.131403,0.132482,152666.21656296283,0
SOLO.V,D,20230503,000000,0.132381,0.133952,0.131414,0.132936,189607.65644101115,0
SOLO.V,D,20230504,000000,0.132632,0.133828,0.131435,0.131947,222272.33781013524,0
SOLO.V,D,20230505,000000,0.132049,0.133753,0.130807,0.131219,818309.580133032,0
SOLO.V,D,20230506,000000,0.13152,0.131713,0.127224,0.127523,533706.7087372775,0
SOLO.V,D,20230507,000000,0.127823,0.129727,0.124967,0.126248,417546.71764853527,0
SOLO.V,D,20230508,000000,0.126249,0.126349,0.119194,0.119803,552171.3548236676,0
SOLO.V,D,20230509,000000,0.119984,0.121421,0.117417,0.119832,378574.94468490296,0
SOLO.V,D,20230510,000000,0.119631,0.123836,0.118418,0.121509,453680.70130954584,0
SOLO.V,D,20230511,000000,0.121722,0.123223,0.120108,0.120809,566730.4364518463,0
SOLO.V,D,20230512,000000,0.120821,0.123674,0.118719,0.121597,433901.40951047844,0
SOLO.V,D,20230513,000000,0.121697,0.122373,0.118759,0.120372,431424.9155637779,0
SOLO.V,D,20230514,000000,0.12026,0.122273,0.118771,0.119872,496081.12350001716,0
SOLO.V,D,20230515,000000,0.11966,0.120484,0.117782,0.119083,509017.9707690325,0
SOLO.V,D,20230516,000000,0.118771,0.132653,0.115381,0.125863,603650.3237310752,0
SOLO.V,D,20230517,000000,0.127751,0.142557,0.12535,0.138069,1085670.238399847,0
SOLO.V,D,20230518,000000,0.138155,0.143343,0.136041,0.137255,549013.6146088517,0
SOLO.V,D,20230519,000000,0.137055,0.142717,0.134154,0.13834,478631.36938670155,0
SOLO.V,D,20230520,000000,0.138469,0.146632,0.138455,0.145831,529093.9715077343,0
SOLO.V,D,20230521,000000,0.146031,0.148448,0.141085,0.143086,480513.20331564225,0
SOLO.V,D,20230522,000000,0.143272,0.14939,0.138969,0.148174,409562.26921835396,0
SOLO.V,D,20230523,000000,0.148019,0.151117,0.147228,0.148909,470139.81103756133,0
SOLO.V,D,20230524,000000,0.149575,0.152311,0.139669,0.141192,421615.35534441244,0
SOLO.V,D,20230525,000000,0.141093,0.14269,0.135586,0.138203,415184.0382144596,0
SOLO.V,D,20230526,000000,0.138355,0.138355,0.133711,0.13743,322824.24740710744,0
SOLO.V,D,20230527,000000,0.137327,0.137544,0.132844,0.133551,417195.63276300346,0
SOLO.V,D,20230528,000000,0.133349,0.137739,0.130029,0.131035,343086.56998911116,0
SOLO.V,D,20230529,000000,0.131229,0.133432,0.129816,0.131738,400919.93144805444,0
SOLO.V,D,20230530,000000,0.131339,0.136337,0.130534,0.134252,457416.9947878352,0
SOLO.V,D,20230531,000000,0.134352,0.136327,0.129223,0.131421,495997.62338382547,0
SOLO.V,D,20230601,000000,0.131924,0.132333,0.128619,0.130336,465147.13884735666,0
SOLO.V,D,20230602,000000,0.130336,0.130336,0.125235,0.125533,422467.30867032014,0
SOLO.V,D,20230603,000000,0.125333,0.127537,0.124437,0.12485,338352.66409167345,0
SOLO.V,D,20230604,000000,0.124947,0.126743,0.119232,0.121139,441016.8559011051,0
SOLO.V,D,20230605,000000,0.12114,0.12224,0.112134,0.113033,402603.6464644203,0
SOLO.V,D,20230606,000000,0.112434,0.125136,0.111732,0.12073,507421.23822518607,0
SOLO.V,D,20230607,000000,0.121134,0.123028,0.115121,0.116813,532374.314850655,0
SOLO.V,D,20230608,000000,0.116813,0.11862,0.110615,0.11172,464746.62086515786,0
SOLO.V,D,20230609,000000,0.111221,0.115071,0.109887,0.112279,451928.3442861085,0
SOLO.V,D,20230610,000000,0.11238,0.11288,0.096948,0.100858,389156.02708989714,0
SOLO.V,D,20230611,000000,0.10096,0.120655,0.100959,0.109444,267592.917895824,0
SOLO.V,D,20230612,000000,0.109844,0.11425,0.107206,0.107604,530159.5842171382,0
SOLO.V,D,20230613,000000,0.107604,0.1108,0.099996,0.102787,600222.2008367359,0
SOLO.V,D,20230614,000000,0.102587,0.116151,0.1,0.102891,862004.3699290241,0
SOLO.V,D,20230615,000000,0.102892,0.105449,0.097705,0.102913,1087141.7470191843,0
SOLO.V,D,20230616,000000,0.103314,0.104482,0.099582,0.104018,305358.92941640934,0
SOLO.V,D,20230617,000000,0.104119,0.108016,0.101642,0.102458,262297.5955667852,0
SOLO.V,D,20230618,000000,0.102458,0.104759,0.102165,0.102877,159116.81820960707,0
SOLO.V,D,20230619,000000,0.102876,0.104179,0.098958,0.101968,224377.72482843374,0
SOLO.V,D,20230620,000000,0.102068,0.102659,0.097345,0.100917,214045.87520649395,0
SOLO.V,D,20230621,000000,0.101015,0.105483,0.09839,0.100806,258518.24610356303,0
SOLO.V,D,20230622,000000,0.10071,0.106513,0.10071,0.103822,168357.87258352546,0
SOLO.V,D,20230623,000000,0.103927,0.106553,0.100112,0.105561,218641.7357325493,0
SOLO.V,D,20230624,000000,0.105562,0.105967,0.100053,0.102463,207560.89776413149,0
SOLO.V,D,20230625,000000,0.102964,0.103354,0.101241,0.101731,99109.80196423402,0
SOLO.V,D,20230626,000000,0.101929,0.102846,0.1014,0.101722,149687.46624980815,0
SOLO.V,D,20230627,000000,0.101625,0.102909,0.101119,0.102619,130632.02906797107,0
SOLO.V,D,20230628,000000,0.102306,0.10251,0.097095,0.097399,141728.9993526822,0
SOLO.V,D,20230629,000000,0.097394,0.10149,0.094284,0.10149,207895.3297683814,0
SOLO.V,D,20230630,000000,0.101088,0.10209,0.096783,0.099164,259574.66941565461,0
SOLO.V,D,20230701,000000,0.099166,0.1021,0.097771,0.101599,161971.19874548,0
SOLO.V,D,20230702,000000,0.101599,0.107403,0.101089,0.106405,204366.15232428492,0
SOLO.V,D,20230703,000000,0.1066,0.136518,0.10609,0.133908,832235.1070583735,0
SOLO.V,D,20230704,000000,0.133711,0.134208,0.116426,0.117229,376660.1071662868,0
SOLO.V,D,20230705,000000,0.116923,0.123222,0.115022,0.119718,336541.5863553828,0
SOLO.V,D,20230706,000000,0.119618,0.127604,0.119326,0.12269,382369.0926074054,0
SOLO.V,D,20230707,000000,0.122994,0.123901,0.115907,0.118402,248356.93720467153,0
SOLO.V,D,20230708,000000,0.117809,0.124911,0.117005,0.12312,105855.57449691587,0
SOLO.V,D,20230709,000000,0.121435,0.12302,0.118811,0.118811,45185.014135615194,0
SOLO.V,D,20230710,000000,0.118805,0.11981,0.110585,0.118508,117587.08702008873,0
SOLO.V,D,20230711,000000,0.117513,0.119413,0.115699,0.117901,265824.8766031173,0
SOLO.V,D,20230712,000000,0.117702,0.124,0.117702,0.12259,162887.20117154086,0
SOLO.V,D,20230713,000000,0.122698,0.154571,0.120993,0.154562,832295.1195467869,0
SOLO.V,D,20230714,000000,0.15426,0.175679,0.151159,0.155074,774609.3068323855,0
SOLO.V,D,20230715,000000,0.155176,0.162249,0.147054,0.160948,406752.3893802965,0
SOLO.V,D,20230716,000000,0.160748,0.162778,0.15685,0.159473,314755.7250476465,0
SOLO.V,D,20230717,000000,0.159175,0.171022,0.158324,0.165528,270199.6714711511,0
SOLO.V,D,20230718,000000,0.164728,0.16563,0.156222,0.161536,277577.5476121402,0
SOLO.V,D,20230719,000000,0.161337,0.2017,0.157122,0.1926,795022.0812302042,0
SOLO.V,D,20230720,000000,0.192698,0.204104,0.190619,0.193898,389685.2071435913,0
SOLO.V,D,20230721,000000,0.193983,0.19509,0.168986,0.186204,487714.17040959914,0
SOLO.V,D,20230722,000000,0.186004,0.187808,0.179023,0.179818,303988.1425178205,0
SOLO.V,D,20230723,000000,0.17982,0.18012,0.160116,0.172395,460554.26200819033,0
SOLO.V,D,20230724,000000,0.172397,0.173303,0.157975,0.158383,284276.537625092,0
SOLO.V,D,20230725,000000,0.158583,0.17048,0.15338,0.168388,293678.89603095927,0
SOLO.V,D,20230726,000000,0.168283,0.171367,0.16348,0.166797,192506.27582831949,0
SOLO.V,D,20230727,000000,0.165905,0.171298,0.149175,0.158157,350389.2262163329,0
SOLO.V,D,20230728,000000,0.158057,0.163662,0.153554,0.160097,254150.43585504073,0
SOLO.V,D,20230729,000000,0.160095,0.166195,0.154697,0.155998,305912.731830429,0
SOLO.V,D,20230730,000000,0.155798,0.161392,0.1501,0.150286,356669.61366456473,0
SOLO.V,D,20230731,000000,0.150188,0.15657,0.147257,0.152974,248531.35198161678,0
SOLO.V,D,20230801,000000,0.153085,0.15817,0.146462,0.148423,286110.04909317225,0
SOLO.V,D,20230802,000000,0.148321,0.150926,0.139834,0.141118,385386.21456501156,0
SOLO.V,D,20230803,000000,0.141118,0.142009,0.127676,0.137681,517853.66165204457,0
SOLO.V,D,20230804,000000,0.137089,0.139261,0.129216,0.129616,222976.53015067434,0
SOLO.V,D,20230805,000000,0.129716,0.132095,0.124619,0.13121,212849.21900492514,0
SOLO.V,D,20230806,000000,0.130526,0.139102,0.129909,0.131299,249322.48223846263,0
SOLO.V,D,20230807,000000,0.131563,0.133373,0.126307,0.129459,243098.6129517402,0
SOLO.V,D,20230808,000000,0.129149,0.139638,0.128147,0.13388,249493.14009695133,0
SOLO.V,D,20230809,000000,0.13358,0.136826,0.130258,0.132784,285812.10695071024,0
SOLO.V,D,20230810,000000,0.132884,0.134518,0.123775,0.128464,278628.26594012993,0
SOLO.V,D,20230811,000000,0.128363,0.136911,0.12526,0.127659,263438.68772371084,0
SOLO.V,D,20230812,000000,0.12756,0.128883,0.124526,0.12563,276198.5145445591,0
SOLO.V,D,20230813,000000,0.124729,0.126719,0.12461,0.124801,213415.77629361948,0
SOLO.V,D,20230814,000000,0.125002,0.137861,0.121458,0.124956,315561.8318212807,0
SOLO.V,D,20230815,000000,0.124557,0.134812,0.119474,0.120266,360523.6346812952,0
SOLO.V,D,20230816,000000,0.120163,0.123069,0.111467,0.111775,277108.6992033806,0
SOLO.V,D,20230817,000000,0.111776,0.113561,0.076636,0.082051,431613.54645012296,0
SOLO.V,D,20230818,000000,0.082052,0.103852,0.081858,0.101649,434307.63754266995,0
SOLO.V,D,20230819,000000,0.101457,0.103361,0.097872,0.099673,304343.6933753493,0
SOLO.V,D,20230820,000000,0.099671,0.103291,0.097687,0.098395,305229.6906803415,0
SOLO.V,D,20230821,000000,0.098995,0.099293,0.095352,0.097685,290408.3005471457,0
SOLO.V,D,20230822,000000,0.097483,0.098887,0.090075,0.09127,362199.912328453,0
SOLO.V,D,20230823,000000,0.091269,0.095354,0.089751,0.091083,331749.7304380949,0
SOLO.V,D,20230824,000000,0.090982,0.094778,0.0887467,0.0890563,302949.4891260941,0
SOLO.V,D,20230825,000000,0.0890492,0.0912598,0.0875474,0.0882479,275192.82816515496,0
SOLO.V,D,20230826,000000,0.0881533,0.0943519,0.0851472,0.0888502,280061.4222553871,0
SOLO.V,D,20230827,000000,0.0894517,0.0897542,0.0860552,0.0863585,258412.16268371575,0
SOLO.V,D,20230828,000000,0.0861586,0.0954446,0.0828312,0.0924584,404245.31938131485,0
SOLO.V,D,20230829,000000,0.092352,0.1026897,0.0894391,0.099408,709197.1052234037,0
SOLO.V,D,20230830,000000,0.0995169,0.1004141,0.0929944,0.0962,343706.24594488594,0
SOLO.V,D,20230831,000000,0.096099,0.0963923,0.0901793,0.0911845,492444.9360975882,0
SOLO.V,D,20230901,000000,0.0912881,0.0931702,0.0892384,0.0900531,261108.82186359816,0
SOLO.V,D,20230902,000000,0.090054,0.0918807,0.089059,0.09129,281127.18617519864,0
SOLO.V,D,20230903,000000,0.0914899,0.0946839,0.09059,0.094184,305263.8623947119,0
SOLO.V,D,20230904,000000,0.094183,0.0943745,0.0918632,0.0930739,179987.95410915872,0
SOLO.V,D,20230905,000000,0.092674,0.0936335,0.0912306,0.0930516,199533.78426706264,0
SOLO.V,D,20230906,000000,0.0929544,0.0954427,0.091446,0.0952419,197641.24880976824,0
SOLO.V,D,20230907,000000,0.0952428,0.0988506,0.0919476,0.0946517,227088.54104653973,0
SOLO.V,D,20230908,000000,0.0947498,0.0975649,0.0918504,0.0954885,206196.99072062608,0
SOLO.V,D,20230909,000000,0.0956866,0.0976736,0.0937559,0.0954714,129109.25954549,0
SOLO.V,D,20230910,000000,0.0953695,0.1011818,0.0945839,0.0980637,189952.1124003742,0
SOLO.V,D,20230911,000000,0.0979637,0.0981666,0.0905656,0.0916707,219556.22549757297,0
SOLO.V,D,20230912,000000,0.0915689,0.0950629,0.0902792,0.0929944,248859.83704840086,0
SOLO.V,D,20230913,000000,0.0929916,0.0951791,0.0923982,0.0933187,164062.24767699995,0
SOLO.V,D,20230914,000000,0.0933187,0.0959942,0.0927926,0.0938272,173774.55350400016,0
SOLO.V,D,20230915,000000,0.0935252,0.097699,0.0916156,0.095699,140141.24449999997,0
SOLO.V,D,20230916,000000,0.0956971,0.0980157,0.0946047,0.0949085,137833.05452999996,0
SOLO.V,D,20230917,000000,0.0950085,0.0953114,0.0924231,0.0927222,103059.01479799997,0
SOLO.V,D,20230918,000000,0.0924231,0.0969165,0.0924231,0.0952162,222782.39064459558,0
SOLO.V,D,20230919,000000,0.0953143,0.0987188,0.0940207,0.0972136,302232.74784560787,0
SOLO.V,D,20230920,000000,0.0971126,0.0985039,0.0961125,0.0977049,314150.92410536093,0
SOLO.V,D,20230921,000000,0.098,0.0980059,0.0937906,0.0954962,296983.92226352356,0
SOLO.V,D,20230922,000000,0.0954971,0.0961923,0.0905909,0.0938934,224403.20543024148,0
SOLO.V,D,20230923,000000,0.0939934,0.098799,0.0913018,0.0930056,208584.35913116875,0
SOLO.V,D,20230924,000000,0.0931056,0.0941085,0.0907045,0.0908045,155270.1470167064,0
SOLO.V,D,20230925,000000,0.0907036,0.0975756,0.0887698,0.0891955,274452.3277951026,0
SOLO.V,D,20230926,000000,0.0890947,0.0905801,0.0866714,0.0880621,257067.23653815684,0
SOLO.V,D,20230927,000000,0.0880621,0.0910271,0.0872389,0.0906329,326088.2350120876,0
SOLO.V,D,20230928,000000,0.0906329,0.0918632,0.0889982,0.0890973,363624.6316522745,0
SOLO.V,D,20230929,000000,0.0890929,0.0977892,0.0883973,0.0939897,417274.95183931227,0
SOLO.V,D,20230930,000000,0.0940896,0.0940896,0.0883903,0.0895179,249977.9430695821,0
SOLO.V,D,20231001,000000,0.0898171,0.0923037,0.0895036,0.0904108,232901.40289624128,0
SOLO.V,D,20231002,000000,0.0904108,0.0954286,0.0903099,0.0926269,485914.598515967,0
SOLO.V,D,20231003,000000,0.0926269,0.0959067,0.0902009,0.0955962,491221.8052419763,0
SOLO.V,D,20231004,000000,0.0955076,0.103799,0.0953971,0.100801,386438.7813312025,0
SOLO.V,D,20231005,000000,0.100503,0.1028051,0.0948218,0.0956268,323555.6695690644,0
SOLO.V,D,20231006,000000,0.0956268,0.0996129,0.0955258,0.0965386,310080.17211080756,0
SOLO.V,D,20231007,000000,0.0964395,0.0991495,0.0931531,0.0931531,265636.3386277134,0
SOLO.V,D,20231008,000000,0.0931531,0.0940536,0.0883486,0.0900513,234673.77153515362,0
SOLO.V,D,20231009,000000,0.0903506,0.0913393,0.0863155,0.0887186,347494.30123004573,0
SOLO.V,D,20231010,000000,0.0888186,0.0900144,0.087507,0.0880097,242772.90992795074,0
SOLO.V,D,20231011,000000,0.0881097,0.0900072,0.0850889,0.0870826,223087.9161355935,0
SOLO.V,D,20231012,000000,0.0871756,0.092861,0.0849779,0.0875667,316092.85487125063,0
SOLO.V,D,20231013,000000,0.0875728,0.091479,0.0870573,0.091379,396307.61798298685,0
SOLO.V,D,20231014,000000,0.0914808,0.0923963,0.0895901,0.0915945,372893.4152357927,0
SOLO.V,D,20231015,000000,0.0915936,0.0925209,0.0906537,0.0908336,256736.0242172385,0
SOLO.V,D,20231016,000000,0.0909745,0.0935103,0.0899318,0.0921378,433973.21903536835,0
SOLO.V,D,20231017,000000,0.0921387,0.0924444,0.0900378,0.0909336,677802.6588462885,0
SOLO.V,D,20231018,000000,0.0909336,0.0930363,0.0893457,0.0909291,660904.1876353057,0
SOLO.V,D,20231019,000000,0.0908591,0.0933299,0.088212,0.0925761,666979.9906381477,0
SOLO.V,D,20231020,000000,0.092507,0.0979792,0.092456,0.0971108,712162.2050787691,0
SOLO.V,D,20231021,000000,0.0971498,0.1030719,0.095957,0.1028714,675955.8073704715,0
SOLO.V,D,20231022,000000,0.1028904,0.1067923,0.1012216,0.1052147,542478.1301210524,0
SOLO.V,D,20231023,000000,0.1049757,0.1225637,0.1038632,0.1219522,688048.2004027677,0
SOLO.V,D,20231024,000000,0.1208428,0.1541531,0.1201524,0.124975,906286.9385916021,0
SOLO.V,D,20231025,000000,0.124805,0.1262386,0.1091773,0.116518,910056.8047040517,0
SOLO.V,D,20231026,000000,0.1162167,0.1206338,0.1122911,0.11253,751561.7094149678,0
SOLO.V,D,20231027,000000,0.1124211,0.119664,0.108626,0.110724,908669.410815016,0
SOLO.V,D,20231028,000000,0.110835,0.113356,0.109062,0.110338,511923.43476120237,0
SOLO.V,D,20231029,000000,0.110469,0.120022,0.107441,0.110479,511747.98697827355,0
SOLO.V,D,20231030,000000,0.110489,0.115116,0.105158,0.110275,953063.0393721084,0
SOLO.V,D,20231031,000000,0.110127,0.123222,0.1081,0.112147,1301198.039200786,0
SOLO.V,D,20231101,000000,0.112147,0.117061,0.109184,0.114277,1279027.729012282,0
SOLO.V,D,20231102,000000,0.114505,0.125064,0.11288,0.114645,1087783.0553120403,0
SOLO.V,D,20231103,000000,0.114655,0.12658,0.111986,0.121727,1110732.3133090402,0
SOLO.V,D,20231104,000000,0.121567,0.126437,0.119447,0.123712,767059.9336411442,0
SOLO.V,D,20231105,000000,0.123761,0.130951,0.120879,0.128796,802167.8565980137,0
SOLO.V,D,20231106,000000,0.128783,0.139725,0.126091,0.138197,1339346.118299772,0
SOLO.V,D,20231107,000000,0.138079,0.141542,0.124099,0.128758,1261876.3922066414,0
SOLO.V,D,20231108,000000,0.127989,0.132166,0.126658,0.131179,1423238.0803098832,0
SOLO.V,D,20231109,000000,0.131139,0.136081,0.121519,0.126314,1428934.4599862488,0
SOLO.V,D,20231110,000000,0.126444,0.128028,0.116664,0.127586,3359415.9980158797,0
SOLO.V,D,20231111,000000,0.127466,0.132448,0.119445,0.119871,816346.8641931833,0
SOLO.V,D,20231112,000000,0.12016,0.124255,0.118526,0.118797,628839.8024266575,0
SOLO.V,D,20231113,000000,0.118919,0.130923,0.115025,0.117312,790040.9652599198,0
SOLO.V,D,20231114,000000,0.117333,0.13436,0.112802,0.113485,990362.9419239201,0
SOLO.V,D,20231115,000000,0.113836,0.119862,0.113388,0.118472,886952.2706165889,0
SOLO.V,D,20231116,000000,0.118038,0.12237,0.111166,0.113941,826011.9207025296,0
SOLO.V,D,20231117,000000,0.113893,0.115732,0.110079,0.112867,2444984.6904157945,0
SOLO.V,D,20231118,000000,0.112747,0.138501,0.108688,0.110534,644183.7178985104,0
SOLO.V,D,20231119,000000,0.110554,0.11357,0.108624,0.11263,353642.00857435714,0
SOLO.V,D,20231120,000000,0.11276,0.116162,0.111604,0.113248,550778.021479284,0
SOLO.V,D,20231121,000000,0.113388,0.113587,0.107431,0.107431,373641.3739772114,0
SOLO.V,D,20231122,000000,0.107492,0.111482,0.105871,0.110805,1111319.592530428,0
SOLO.V,D,20231123,000000,0.110653,0.113522,0.109855,0.112546,3010096.617363751,0
SOLO.V,D,20231124,000000,0.112547,0.115348,0.11176,0.114651,3561399.657305778,0
SOLO.V,D,20231125,000000,0.114701,0.116381,0.112594,0.114918,749601.5631328409,0
SOLO.V,D,20231126,000000,0.114748,0.116366,0.112402,0.113463,410014.656408953,0
SOLO.V,D,20231127,000000,0.113462,0.113936,0.110123,0.110362,2654230.8355214777,0
SOLO.V,D,20231128,000000,0.110322,0.11246,0.110128,0.111835,1915934.7880927497,0
SOLO.V,D,20231129,000000,0.111825,0.115433,0.110893,0.115094,671486.2769571604,0
SOLO.V,D,20231130,000000,0.115035,0.136646,0.114344,0.12654,1608386.926979022,0
SOLO.V,D,20231201,000000,0.126333,0.137659,0.124554,0.132743,1969193.7910609199,0
SOLO.V,D,20231202,000000,0.133683,0.136709,0.132193,0.136011,463270.4688155511,0
SOLO.V,D,20231203,000000,0.136143,0.137352,0.13135,0.136009,422381.8289177299,0
SOLO.V,D,20231204,000000,0.136009,0.137102,0.130127,0.132367,1229834.8739122492,0
SOLO.V,D,20231205,000000,0.132389,0.132489,0.122921,0.126775,1659228.8677220962,0
SOLO.V,D,20231206,000000,0.126735,0.126843,0.120526,0.124144,605363.4407395043,0
SOLO.V,D,20231207,000000,0.124155,0.12719,0.122667,0.124123,605829.9332396287,0
SOLO.V,D,20231208,000000,0.124033,0.143925,0.123255,0.141637,744402.643773476,0
SOLO.V,D,20231209,000000,0.142057,0.152392,0.141427,0.150111,1507397.0693891514,0
SOLO.V,D,20231210,000000,0.149769,0.150271,0.141873,0.145491,570999.8025698415,0
SOLO.V,D,20231211,000000,0.145334,0.145557,0.132427,0.135774,1388714.9243160908,0
SOLO.V,D,20231212,000000,0.135736,0.138241,0.130721,0.13237,546812.9505550995,0
SOLO.V,D,20231213,000000,0.132522,0.132895,0.126881,0.130059,565491.7988431887,0
SOLO.V,D,20231214,000000,0.129973,0.13442,0.128877,0.132911,1055596.2568111867,0
SOLO.V,D,20231215,000000,0.132921,0.147111,0.132481,0.139233,1007807.0862688432,0
SOLO.V,D,20231216,000000,0.139144,0.139767,0.133451,0.138649,689650.5488803053,0
SOLO.V,D,20231217,000000,0.138229,0.163667,0.134942,0.151812,1588187.0396399896,0
SOLO.V,D,20231218,000000,0.151802,0.164151,0.146393,0.163441,814476.4155683968,0
SOLO.V,D,20231219,000000,0.163563,0.178575,0.161865,0.17565,789708.91398905,0
SOLO.V,D,20231220,000000,0.176412,0.184915,0.173523,0.173797,1241746.4668257753,0
SOLO.V,D,20231221,000000,0.173767,0.175376,0.163921,0.167772,1600949.961039662,0
SOLO.V,D,20231222,000000,0.167842,0.173987,0.159994,0.166813,954300.231023316,0
SOLO.V,D,20231223,000000,0.166883,0.18482,0.166533,0.182733,611445.6801655178,0
SOLO.V,D,20231224,000000,0.183152,0.199726,0.179351,0.189275,752097.56239666,0
SOLO.V,D,20231225,000000,0.188701,0.18912,0.180522,0.185871,647171.7367744759,0
SOLO.V,D,20231226,000000,0.185831,0.189256,0.173967,0.17747,1307905.2518839976,0
SOLO.V,D,20231227,000000,0.177512,0.181956,0.173497,0.179231,1654625.1550811653,0
SOLO.V,D,20231228,000000,0.179119,0.185133,0.172297,0.17981,1817656.759518023,0
SOLO.V,D,20231229,000000,0.179887,0.186384,0.173352,0.178532,1973495.7526215997,0
SOLO.V,D,20231230,000000,0.178618,0.182169,0.176863,0.180706,893691.4542134556,0
SOLO.V,D,20231231,000000,0.180605,0.182618,0.172499,0.172649,1164435.4625062735,0
SOLO.V,D,20240101,000000,0.172675,0.185055,0.171524,0.182325,1194755.9675889954,0
SOLO.V,D,20240102,000000,0.182416,0.184333,0.179448,0.179698,716961.444481398,0
SOLO.V,D,20240103,000000,0.179736,0.180476,0.155214,0.164311,869460.0414197694,0
SOLO.V,D,20240104,000000,0.164234,0.164971,0.155377,0.15986,1382890.669193415,0
SOLO.V,D,20240105,000000,0.159905,0.161564,0.147089,0.159084,1020465.7425148481,0
SOLO.V,D,20240106,000000,0.159254,0.161312,0.154745,0.159746,975007.2461682396,0
SOLO.V,D,20240107,000000,0.159756,0.162309,0.156642,0.157181,718968.006144298,0
SOLO.V,D,20240108,000000,0.15691,0.165293,0.154523,0.162885,450474.5473903247,0
SOLO.V,D,20240109,000000,0.162975,0.162989,0.152784,0.152957,1265268.1839852186,0
SOLO.V,D,20240110,000000,0.152787,0.15898,0.147821,0.158296,1801818.990498308,0
SOLO.V,D,20240111,000000,0.15852,0.175649,0.15571,0.174659,2214378.216919567,0
SOLO.V,D,20240112,000000,0.174622,0.194048,0.161702,0.164851,897729.2481631004,0
SOLO.V,D,20240113,000000,0.164934,0.175037,0.164934,0.172269,502882.4298055068,0
SOLO.V,D,20240114,000000,0.172559,0.1734,0.164257,0.171937,495179.03630065464,0
SOLO.V,D,20240115,000000,0.172027,0.173879,0.167731,0.168735,824982.7615821622,0
SOLO.V,D,20240116,000000,0.168763,0.170482,0.166322,0.168613,1157284.4451972812,0
SOLO.V,D,20240117,000000,0.168423,0.16873,0.160901,0.163317,1107731.50221447,0
SOLO.V,D,20240118,000000,0.163037,0.167332,0.157084,0.15828,896359.4843184588,0
SOLO.V,D,20240119,000000,0.158441,0.160119,0.143533,0.15149,844174.032451191,0
SOLO.V,D,20240120,000000,0.151292,0.159783,0.150245,0.156581,794353.5378295186,0
SOLO.V,D,20240121,000000,0.156542,0.1586,0.151515,0.153133,621332.5244144037,0
SOLO.V,D,20240122,000000,0.153323,0.153574,0.140849,0.144305,1322203.6152675794,0
SOLO.V,D,20240123,000000,0.144315,0.149089,0.133266,0.141186,775002.9864760177,0
SOLO.V,D,20240124,000000,0.140736,0.1504,0.140272,0.14617,329518.79755067045,0
SOLO.V,D,20240125,000000,0.146674,0.15127,0.14043,0.142323,261747.8061780845,0
SOLO.V,D,20240126,000000,0.142363,0.155556,0.141836,0.146979,399628.9693532601,0
SOLO.V,D,20240127,000000,0.148642,0.150195,0.14129,0.143289,226323.27652406643,0
SOLO.V,D,20240128,000000,0.143229,0.147205,0.135298,0.136688,235394.42343234195,0
SOLO.V,D,20240129,000000,0.13646,0.140518,0.133755,0.137761,256156.80075167472,0
SOLO.V,D,20240130,000000,0.138601,0.140611,0.134092,0.135397,335870.5617267875,0
SOLO.V,D,20240131,000000,0.135439,0.142356,0.126167,0.139542,378833.5694295944,0
SOLO.V,D,20240201,000000,0.139693,0.147795,0.137741,0.147369,1433205.0576284055,0
SOLO.V,D,20240202,000000,0.147637,0.175439,0.146498,0.16219,811873.6953399329,0
SOLO.V,D,20240203,000000,0.162904,0.170932,0.159504,0.162095,2658173.7357542305,0
SOLO.V,D,20240204,000000,0.161793,0.173933,0.1578,0.168829,2827234.9195476514,0
SOLO.V,D,20240205,000000,0.168817,0.169062,0.160184,0.162876,3916053.6405455368,0
SOLO.V,D,20240206,000000,0.162906,0.164359,0.157544,0.1603,2130420.3399386923,0
SOLO.V,D,20240207,000000,0.16034,0.163227,0.155527,0.156639,3119456.4823373384,0
SOLO.V,D,20240208,000000,0.156469,0.160148,0.154664,0.158572,3255898.682804798,0
SOLO.V,D,20240209,000000,0.158632,0.163416,0.152186,0.163406,3387001.5399640664,0
SOLO.V,D,20240210,000000,0.163238,0.175361,0.156666,0.174521,3305766.028522978,0
SOLO.V,D,20240211,000000,0.174479,0.174551,0.16776,0.169087,3285255.227810823,0
SOLO.V,D,20240212,000000,0.168799,0.169991,0.162445,0.168174,2892800.2609393797,0
SOLO.V,D,20240213,000000,0.168042,0.170759,0.163997,0.164544,2919750.5547146862,0
SOLO.V,D,20240214,000000,0.164064,0.173551,0.161833,0.171459,2888639.7757632975,0
SOLO.V,D,20240215,000000,0.171771,0.17626,0.167179,0.173761,2972116.8793081664,0
SOLO.V,D,20240216,000000,0.173651,0.176575,0.169609,0.174544,3310216.787966652,0
SOLO.V,D,20240217,000000,0.174564,0.176422,0.17009,0.170699,2786223.3490585433,0
SOLO.V,D,20240218,000000,0.170689,0.174649,0.168845,0.170239,2561991.946810498,0
SOLO.V,D,20240219,000000,0.170399,0.171194,0.163248,0.16576,3135663.8527561687,0
SOLO.V,D,20240220,000000,0.16577,0.169313,0.16032,0.163491,2982409.635192214,0
SOLO.V,D,20240221,000000,0.163493,0.164393,0.155544,0.157709,3534575.787690284,0
SOLO.V,D,20240222,000000,0.157955,0.158747,0.153147,0.154789,2131730.007286325,0
SOLO.V,D,20240223,000000,0.154799,0.157746,0.152178,0.15627,3548826.6444104114,0
SOLO.V,D,20240224,000000,0.156198,0.17375,0.155488,0.16814,2710231.4925102456,0
SOLO.V,D,20240225,000000,0.168138,0.170085,0.161504,0.168533,1579875.4681770094,0
SOLO.V,D,20240226,000000,0.168468,0.171032,0.159118,0.161533,1939369.575687556,0
SOLO.V,D,20240227,000000,0.160965,0.16656,0.157364,0.163265,1099253.8177210414,0
SOLO.V,D,20240228,000000,0.163354,0.167269,0.154159,0.162524,2973783.088127723,0
SOLO.V,D,20240229,000000,0.162674,0.170707,0.157959,0.158854,3477577.588376264,0
SOLO.V,D,20240301,000000,0.159155,0.168067,0.15907,0.163159,2926987.56162553,0
SOLO.V,D,20240302,000000,0.163342,0.173412,0.152142,0.165555,4610613.05689093,0
SOLO.V,D,20240303,000000,0.165983,0.173414,0.157081,0.157081,304770.36923793727,0
SOLO.V,D,20240304,000000,0.15613,0.168328,0.15613,0.167254,2359108.2588765197,0
SOLO.V,D,20240305,000000,0.167264,0.173612,0.146381,0.152825,3231778.9717250643,0
SOLO.V,D,20240306,000000,0.153076,0.16662,0.152997,0.165071,2747360.611532125,0
SOLO.V,D,20240307,000000,0.164792,0.172879,0.159462,0.164038,3183813.1270027733,0
SOLO.V,D,20240308,000000,0.163744,0.177479,0.154527,0.157707,3851783.4090502607,0
SOLO.V,D,20240309,000000,0.157717,0.16352,0.153795,0.156024,3327943.853349919,0
SOLO.V,D,20240310,000000,0.156102,0.156757,0.149478,0.150309,896341.7506124864,0
SOLO.V,D,20240311,000000,0.149966,0.161944,0.148595,0.157912,2559969.8325132607,0
SOLO.V,D,20240312,000000,0.157493,0.160139,0.15414,0.158503,3722008.0042416123,0
SOLO.V,D,20240313,000000,0.158541,0.164996,0.156022,0.156274,2936811.256759724,0
SOLO.V,D,20240314,000000,0.162315,0.166733,0.15196,0.154536,2447415.847256527,0
SOLO.V,D,20240315,000000,0.154657,0.155837,0.147675,0.148979,3032155.32002856,0
SOLO.V,D,20240316,000000,0.149533,0.153032,0.140888,0.143505,1734443.2834339854,0
SOLO.V,D,20240317,000000,0.144029,0.151017,0.141067,0.150289,2019928.5561881294,0
SOLO.V,D,20240318,000000,0.149595,0.155208,0.145294,0.150661,7924214.061705025,0
SOLO.V,D,20240319,000000,0.151974,0.151974,0.13778,0.141193,734981.504517284,0
SOLO.V,D,20240320,000000,0.141166,0.150973,0.13791,0.150327,1940271.7819020615,0
SOLO.V,D,20240321,000000,0.15001,0.160381,0.147818,0.159443,2211271.7330647586,0
SOLO.V,D,20240322,000000,0.159443,0.168498,0.154696,0.161716,3878754.055973093,0
SOLO.V,D,20240323,000000,0.161714,0.17067,0.159177,0.169,597936.0300682158,0
SOLO.V,D,20240324,000000,0.1697,0.172761,0.164272,0.167728,615273.9060514455,0
SOLO.V,D,20240325,000000,0.16776,0.173207,0.164113,0.164176,2997520.879122861,0
SOLO.V,D,20240326,000000,0.164135,0.166185,0.151043,0.151372,2127872.968415014,0
SOLO.V,D,20240327,000000,0.151373,0.161762,0.150176,0.155234,8108731.854555834,0
SOLO.V,D,20240328,000000,0.155441,0.161925,0.153915,0.154532,1446512.268629224,0
SOLO.V,D,20240329,000000,0.154592,0.155768,0.150448,0.153452,5133144.510001137,0
SOLO.V,D,20240330,000000,0.153672,0.159202,0.151876,0.156331,9131853.631676804,0
SOLO.V,D,20240331,000000,0.156241,0.161665,0.15288,0.157369,1019861.4567209266,0
SOLO.V,D,20240401,000000,0.157429,0.160407,0.144106,0.150717,736114.2085931436,0
SOLO.V,D,20240402,000000,0.150887,0.151528,0.141019,0.141236,8796388.875825195,0
SOLO.V,D,20240403,000000,0.141176,0.14333,0.139387,0.140049,5673828.413062702,0
SOLO.V,D,20240404,000000,0.140129,0.146073,0.137289,0.145033,3537904.3988405643,0
SOLO.V,D,20240405,000000,0.145165,0.145781,0.137916,0.142616,756232.3149811085,0
SOLO.V,D,20240406,000000,0.142804,0.147787,0.140858,0.147445,618646.0143602198,0
SOLO.V,D,20240407,000000,0.147291,0.150715,0.144132,0.144513,436614.1959384706,0
SOLO.V,D,20240408,000000,0.144392,0.146575,0.138424,0.145851,12096399.629448948,0
SOLO.V,D,20240409,000000,0.145901,0.147257,0.141452,0.142205,535767.1356603344,0
SOLO.V,D,20240410,000000,0.142416,0.143258,0.134471,0.136686,5074688.460944011,0
SOLO.V,D,20240411,000000,0.136566,0.142106,0.135887,0.13727,6746028.432744162,0
SOLO.V,D,20240412,000000,0.137381,0.142644,0.127272,0.127825,1216651.12222917,0
SOLO.V,D,20240413,000000,0.127798,0.132745,0.109624,0.111981,3893002.945453337,0
SOLO.V,D,20240414,000000,0.11083,0.125458,0.110319,0.120796,8540680.850363396,0
SOLO.V,D,20240415,000000,0.121206,0.125183,0.119201,0.12028,4576231.729956684,0
SOLO.V,D,20240416,000000,0.120329,0.121884,0.117176,0.120484,1689883.5443970116,0
SOLO.V,D,20240417,000000,0.120514,0.126397,0.116142,0.119557,4144496.7296373476,0
SOLO.V,D,20240418,000000,0.119328,0.126414,0.116613,0.124427,1363397.9544682025,0
SOLO.V,D,20240419,000000,0.124327,0.131966,0.116543,0.125069,3339203.269793072,0
SOLO.V,D,20240420,000000,0.124737,0.128085,0.122719,0.127387,9028327.48932393,0
SOLO.V,D,20240421,000000,0.127348,0.131618,0.125739,0.12685,5778965.611834148,0
SOLO.V,D,20240422,000000,0.126772,0.138289,0.126328,0.135769,684552.1408117474,0
SOLO.V,D,20240423,000000,0.135949,0.139902,0.132152,0.137141,8147594.699941459,0
SOLO.V,D,20240424,000000,0.137046,0.137465,0.130501,0.130981,4514319.18243675,0
SOLO.V,D,20240425,000000,0.130899,0.133567,0.125903,0.130654,1444291.430665392,0
SOLO.V,D,20240426,000000,0.130694,0.138128,0.127502,0.130732,5848843.192217088,0
SOLO.V,D,20240427,000000,0.130545,0.130583,0.125705,0.127455,316949.3646016968,0
SOLO.V,D,20240428,000000,0.127355,0.12869,0.124663,0.12471,2966274.8611433376,0
SOLO.V,D,20240429,000000,0.124685,0.13306,0.122655,0.126012,3814691.9997927016,0
SOLO.V,D,20240430,000000,0.125962,0.126964,0.118978,0.120733,5399023.800646125,0
SOLO.V,D,20240501,000000,0.120664,0.124634,0.117448,0.124353,3870933.3323421213,0
SOLO.V,D,20240502,000000,0.124295,0.124403,0.11843,0.120796,4191705.3192780484,0
SOLO.V,D,20240503,000000,0.120551,0.124437,0.12005,0.123192,3901143.495106114,0
SOLO.V,D,20240504,000000,0.123222,0.131128,0.120091,0.121381,4271986.577200061,0
SOLO.V,D,20240505,000000,0.122471,0.127259,0.116769,0.118983,410018.4866447723,0
SOLO.V,D,20240506,000000,0.118944,0.121799,0.116161,0.119232,9809894.748046732,0
SOLO.V,D,20240507,000000,0.119291,0.11996,0.116868,0.117078,448766.9600100102,0
SOLO.V,D,20240508,000000,0.117842,0.117974,0.113788,0.114604,6208777.737708003,0
SOLO.V,D,20240509,000000,0.114604,0.11625,0.112527,0.114213,6764461.37882876,0
SOLO.V,D,20240510,000000,0.114182,0.117886,0.112384,0.114026,3609289.680292523,0
SOLO.V,D,20240511,000000,0.114206,0.116742,0.112775,0.113025,991188.2779517492,0
SOLO.V,D,20240512,000000,0.112965,0.120209,0.112788,0.117731,8291084.139527744,0
SOLO.V,D,20240513,000000,0.117799,0.119326,0.115688,0.116127,5740447.367377284,0
SOLO.V,D,20240514,000000,0.116197,0.116367,0.112171,0.113248,4633337.256373902,0
SOLO.V,D,20240515,000000,0.113229,0.119519,0.111847,0.117819,9652030.95618618,0
SOLO.V,D,20240516,000000,0.117679,0.118034,0.113303,0.1136,5495247.664899146,0
SOLO.V,D,20240517,000000,0.11359,0.122489,0.11254,0.11872,5060050.7719555525,0
SOLO.V,D,20240518,000000,0.11855,0.12874,0.11267,0.116741,4981064.960495053,0
SOLO.V,D,20240519,000000,0.116701,0.117991,0.11381,0.115632,404802.30350479274,0
SOLO.V,D,20240520,000000,0.115453,0.119711,0.115192,0.118735,7910819.289903012,0
SOLO.V,D,20240521,000000,0.118735,0.120811,0.114196,0.117168,5156193.631009331,0
SOLO.V,D,20240522,000000,0.117158,0.125341,0.114499,0.11604,4198172.590174688,0
SOLO.V,D,20240523,000000,0.116071,0.121933,0.1146,0.1176,5023114.070299535,0
SOLO.V,D,20240524,000000,0.117456,0.119005,0.114937,0.116876,5018846.295501324,0
SOLO.V,D,20240525,000000,0.117066,0.125494,0.116875,0.124084,4337700.416781483,0
SOLO.V,D,20240526,000000,0.124004,0.125279,0.118873,0.120424,770465.6391933754,0
SOLO.V,D,20240527,000000,0.120423,0.123734,0.11978,0.121636,11136416.464088464,0
SOLO.V,D,20240528,000000,0.121626,0.12382,0.119666,0.121989,4071160.432965732,0
SOLO.V,D,20240529,000000,0.121919,0.123148,0.116247,0.116592,1243713.8090601235,0
SOLO.V,D,20240530,000000,0.11658,0.120682,0.116331,0.118477,1749665.7909948386,0
SOLO.V,D,20240531,000000,0.118397,0.122874,0.116799,0.119028,2349476.966178036,0
SOLO.V,D,20240601,000000,0.119058,0.121,0.118219,0.119454,1046342.0831244054,0
SOLO.V,D,20240602,000000,0.119434,0.119944,0.115778,0.116208,1273648.2331329016,0
SOLO.V,D,20240603,000000,0.116516,0.120461,0.115808,0.118321,1488162.9131949593,0
SOLO.V,D,20240604,000000,0.118281,0.118569,0.115443,0.11846,1299735.7668703573,0
SOLO.V,D,20240605,000000,0.11844,0.11846,0.115681,0.116242,765462.3111503631,0
SOLO.V,D,20240606,000000,0.1162,0.120752,0.11585,0.116453,1057474.378893719,0
SOLO.V,D,20240607,000000,0.116643,0.12756,0.11092,0.113217,3721192.5387246436,0
SOLO.V,D,20240608,000000,0.113027,0.115258,0.108427,0.111088,1091372.0321636833,0
SOLO.V,D,20240609,000000,0.111007,0.111667,0.110008,0.110942,535215.9051007301,0
SOLO.V,D,20240610,000000,0.111023,0.11544,0.110306,0.113329,792458.0611974187,0
SOLO.V,D,20240611,000000,0.113299,0.113318,0.106858,0.108417,870949.6164303528,0
SOLO.V,D,20240612,000000,0.108437,0.110717,0.107928,0.108364,634012.7278346344,0
SOLO.V,D,20240613,000000,0.108244,0.109472,0.106334,0.106867,845241.4904023265,0
SOLO.V,D,20240614,000000,0.106817,0.109047,0.104542,0.104647,918720.2900879732,0
SOLO.V,D,20240615,000000,0.104717,0.108879,0.104346,0.108138,841290.6784867324,0
SOLO.V,D,20240616,000000,0.108138,0.10988,0.107073,0.108693,817499.526445843,0
SOLO.V,D,20240617,000000,0.108613,0.11256,0.107777,0.111049,921207.452874507,0
SOLO.V,D,20240618,000000,0.110688,0.111039,0.104472,0.105541,691030.3619041741,0
SOLO.V,D,20240619,000000,0.105592,0.10986,0.105532,0.108257,2052569.7826634098,0
SOLO.V,D,20240620,000000,0.108247,0.112023,0.107467,0.108893,1344441.6424823967,0
SOLO.V,D,20240621,000000,0.108973,0.110417,0.106843,0.107753,1187813.0302409201,0
SOLO.V,D,20240622,000000,0.107783,0.109725,0.107743,0.109036,1670803.7905189777,0
SOLO.V,D,20240623,000000,0.109135,0.110722,0.10808,0.109243,953661.5422307194,0
SOLO.V,D,20240624,000000,0.109235,0.1093,0.104571,0.106101,655499.2533550984,0
SOLO.V,D,20240625,000000,0.106091,0.107909,0.10558,0.107691,1243335.9770361474,0
SOLO.V,D,20240626,000000,0.10765,0.10765,0.104537,0.105668,920675.6868822426,0
SOLO.V,D,20240627,000000,0.10565,0.106957,0.104493,0.105786,1842107.505326273,0
SOLO.V,D,20240628,000000,0.105758,0.1072,0.104958,0.10581,1024060.2857682521,0
SOLO.V,D,20240629,000000,0.105799,0.106884,0.105056,0.10541,1365153.0491234318,0
SOLO.V,D,20240630,000000,0.1055,0.105814,0.103866,0.104368,693054.5073016753,0
SOLO.V,D,20240701,000000,0.104398,0.105563,0.10313,0.103605,1089776.5571467695,0
SOLO.V,D,20240702,000000,0.103599,0.107538,0.102377,0.104642,559853.4464394434,0
SOLO.V,D,20240703,000000,0.104562,0.104878,0.098813,0.0993886,465746.9927270717,0
SOLO.V,D,20240704,000000,0.0993796,0.1000099,0.09428,0.098214,759165.5595117442,0
SOLO.V,D,20240705,000000,0.098225,0.0988136,0.0882526,0.0938375,896150.1482661458,0
SOLO.V,D,20240706,000000,0.0938375,0.0981108,0.0932003,0.098102,807340.6875395793,0
SOLO.V,D,20240707,000000,0.098262,0.0985389,0.0943145,0.0946958,697206.1158741986,0
SOLO.V,D,20240708,000000,0.0946505,0.0981854,0.0913527,0.0962813,1803071.3605062207,0
SOLO.V,D,20240709,000000,0.0962813,0.0982631,0.0955728,0.0966381,1013905.8766736683,0
SOLO.V,D,20240710,000000,0.0966681,0.0977161,0.0949472,0.0956024,1131910.520438593,0
SOLO.V,D,20240711,000000,0.0956333,0.0984374,0.0952371,0.0971271,1020773.6320679913,0
SOLO.V,D,20240712,000000,0.0970581,0.099055,0.0938813,0.0955591,1018867.2783850075,0
SOLO.V,D,20240713,000000,0.0954781,0.104657,0.0954781,0.101368,905218.2803921726,0
SOLO.V,D,20240714,000000,0.10146,0.102666,0.0980055,0.101287,594289.1378983642,0
SOLO.V,D,20240715,000000,0.101206,0.104095,0.0984772,0.100109,577136.9854909105,0
SOLO.V,D,20240716,000000,0.10007,0.106075,0.099805,0.102836,596314.668343024,0
SOLO.V,D,20240717,000000,0.102836,0.111101,0.101796,0.107759,621798.254109871,0
SOLO.V,D,20240718,000000,0.10774,0.109339,0.100792,0.10174,794860.9418637835,0
SOLO.V,D,20240719,000000,0.10179,0.104255,0.0984205,0.100642,1069635.2087066711,0
SOLO.V,D,20240720,000000,0.100593,0.103155,0.098345,0.101803,1116933.7680804061,0
SOLO.V,D,20240721,000000,0.101784,0.103672,0.0989717,0.103661,780864.2543616337,0
SOLO.V,D,20240722,000000,0.103542,0.108391,0.100198,0.107492,1603560.134297387,0
SOLO.V,D,20240723,000000,0.107502,0.109743,0.101479,0.103442,1345933.1077851125,0
SOLO.V,D,20240724,000000,0.103382,0.108439,0.102619,0.104432,1189897.2955634797,0
SOLO.V,D,20240725,000000,0.104421,0.106311,0.101154,0.105003,1244251.5758531091,0
SOLO.V,D,20240726,000000,0.104703,0.104905,0.10101,0.10264,1355698.885360891,0
SOLO.V,D,20240727,000000,0.10254,0.109725,0.101793,0.108627,1098567.6249560006,0
SOLO.V,D,20240728,000000,0.109131,0.110068,0.10578,0.10578,1192294.125532999,0
SOLO.V,D,20240729,000000,0.105909,0.107261,0.103819,0.104347,1187923.389865171,0
SOLO.V,D,20240730,000000,0.104379,0.108396,0.102052,0.105217,1193743.700297117,0
SOLO.V,D,20240731,000000,0.105351,0.109091,0.104413,0.10612,916679.4183523466,0
SOLO.V,D,20240801,000000,0.106132,0.106756,0.10112,0.1015,1031965.288809189,0
SOLO.V,D,20240802,000000,0.101329,0.103325,0.098259,0.100255,1280768.565482999,0
SOLO.V,D,20240803,000000,0.100305,0.113209,0.0978804,0.11172,1931263.3050080584,0
SOLO.V,D,20240804,000000,0.111849,0.112189,0.0972711,0.0976707,1657021.6081594585,0
SOLO.V,D,20240805,000000,0.0976717,0.0986386,0.0859674,0.094557,1359115.7311563813,0
SOLO.V,D,20240806,000000,0.094508,0.0978372,0.0923951,0.0924951,1415762.3712310074,0
SOLO.V,D,20240807,000000,0.0924851,0.105871,0.0917348,0.105871,1077989.2335964192,0
SOLO.V,D,20240808,000000,0.105831,0.109653,0.103603,0.109302,570327.1598699995,0
SOLO.V,D,20240809,000000,0.109373,0.110023,0.105011,0.105133,581877.3844559987,0
SOLO.V,D,20240810,000000,0.105213,0.109881,0.105011,0.10757,727838.5920449676,0
SOLO.V,D,20240811,000000,0.107379,0.109418,0.101761,0.10199,813015.9401140001,0
SOLO.V,D,20240812,000000,0.10202,0.10943,0.101799,0.109072,960837.5315354778,0
SOLO.V,D,20240813,000000,0.108962,0.10924,0.10332,0.106703,1499290.6513109969,0
SOLO.V,D,20240814,000000,0.106703,0.10724,0.102903,0.103898,1386033.0063219084,0
SOLO.V,D,20240815,000000,0.103899,0.109289,0.103443,0.1039,1261277.9550787017,0
SOLO.V,D,20240816,000000,0.1039,0.107171,0.10201,0.102089,1100327.6040920021,0
SOLO.V,D,20240817,000000,0.102099,0.102099,0.098659,0.098659,1104857.7991519992,0
SOLO.V,D,20240818,000000,0.098589,0.100858,0.0955386,0.1006,1138475.0748128304,0
SOLO.V,D,20240819,000000,0.10066,0.107514,0.0985458,0.107404,1175406.6028849997,0
SOLO.V,D,20240820,000000,0.107404,0.107651,0.10463,0.105541,1336033.4250774665,0
SOLO.V,D,20240821,000000,0.105631,0.10605,0.102564,0.104958,1174172.0662763335,0
SOLO.V,D,20240822,000000,0.105008,0.105919,0.101645,0.101815,1879752.3571047818,0
SOLO.V,D,20240823,000000,0.101875,0.107564,0.101551,0.107425,1649628.5168802326,0
SOLO.V,D,20240824,000000,0.107335,0.108265,0.102556,0.102556,1206983.9518821768,0
SOLO.V,D,20240825,000000,0.102421,0.103766,0.101685,0.103766,1090962.9513926625,0
SOLO.V,D,20240826,000000,0.103626,0.103856,0.101188,0.103059,937504.085330708,0
SOLO.V,D,20240827,000000,0.103149,0.107606,0.102101,0.102111,1099178.2039989994,0
SOLO.V,D,20240828,000000,0.10249,0.112204,0.0989739,0.102629,1547556.8232160027,0
SOLO.V,D,20240829,000000,0.102539,0.105159,0.09994,0.100258,910179.0566355173,0
SOLO.V,D,20240830,000000,0.100189,0.10052,0.0966007,0.0992871,1096975.0574470868,0
SOLO.V,D,20240831,000000,0.0992771,0.099762,0.0964142,0.0968816,910559.7567206824,0
SOLO.V,D,20240901,000000,0.0969797,0.0974515,0.095618,0.0970235,742012.4620819599,0
SOLO.V,D,20240902,000000,0.0970025,0.0970345,0.0947748,0.0950838,1061212.723358203,0
SOLO.V,D,20240903,000000,0.095081,0.0977719,0.0921122,0.0943026,1037793.8983819146,0
SOLO.V,D,20240904,000000,0.0944311,0.0981341,0.0907182,0.0950695,1014353.5200611455,0
SOLO.V,D,20240905,000000,0.0951295,0.0957695,0.0899276,0.0902266,1259327.0458301995,0
SOLO.V,D,20240906,000000,0.0901875,0.0918053,0.086191,0.0876153,1261732.8827871438,0
SOLO.V,D,20240907,000000,0.0875844,0.0890713,0.0868431,0.0880412,1405861.8885991361,0
SOLO.V,D,20240908,000000,0.0881935,0.0882203,0.0815345,0.0844916,1713560.729582,0
SOLO.V,D,20240909,000000,0.0846438,0.0849815,0.0783361,0.083415,1626785.2275319933,0
SOLO.V,D,20240910,000000,0.0835417,0.0841135,0.0770069,0.0828042,1800899.7281008125,0
SOLO.V,D,20240911,000000,0.0827042,0.0833358,0.0733027,0.0782163,2255658.9950190103,0
SOLO.V,D,20240912,000000,0.0782263,0.0784271,0.0717528,0.0741441,1640550.0943136322,0
SOLO.V,D,20240913,000000,0.0742241,0.0742241,0.0703144,0.0724282,1138134.646354967,0
SOLO.V,D,20240914,000000,0.0722989,0.0745034,0.0694669,0.0711428,1030980.4747642,0
SOLO.V,D,20240915,000000,0.0713228,0.0722837,0.068283,0.0715907,1166664.0158037187,0
SOLO.V,D,20240916,000000,0.0715907,0.0847331,0.0712129,0.0793249,1897327.829509516,0
SOLO.V,D,20240917,000000,0.079502,0.0847885,0.0794741,0.0835284,1381408.210727688,0
SOLO.V,D,20240918,000000,0.0835075,0.0843241,0.0793879,0.0842134,1396172.4478024277,0
SOLO.V,D,20240919,000000,0.0842125,0.0864373,0.0833075,0.0846693,1642190.4996017518,0
SOLO.V,D,20240920,000000,0.0846593,0.086336,0.0838517,0.0862569,1358325.477779817,0
SOLO.V,D,20240921,000000,0.0862472,0.0884162,0.0838375,0.0864386,1423751.5004105042,0
SOLO.V,D,20240922,000000,0.0864886,0.0867104,0.0850268,0.0856,1129794.3594074077,0
SOLO.V,D,20240923,000000,0.08552,0.0865022,0.08458,0.0849766,1276585.1707476636,0
SOLO.V,D,20240924,000000,0.0849266,0.0877633,0.0827892,0.0866757,1341868.2087240375,0
SOLO.V,D,20240925,000000,0.0868157,0.0871965,0.0848032,0.0866653,1356578.7657485858,0
SOLO.V,D,20240926,000000,0.0865453,0.0869474,0.08488,0.0857886,1455086.6913645505,0
SOLO.V,D,20240927,000000,0.0857677,0.0877302,0.0846152,0.0852053,1247228.5558310542,0
SOLO.V,D,20240928,000000,0.0852753,0.0918592,0.0850853,0.0915501,1155155.945655098,0
SOLO.V,D,20240929,000000,0.0915401,0.0920044,0.0887878,0.0906437,1281364.149060998,0
SOLO.V,D,20240930,000000,0.09072,0.0918551,0.0868861,0.0876319,1254093.9817438244,0
SOLO.V,D,20241001,000000,0.0877028,0.0890472,0.0820188,0.0866875,1412647.1233414896,0
SOLO.V,D,20241002,000000,0.0867075,0.0867783,0.0800076,0.0802983,1268115.1823267112,0
SOLO.V,D,20241003,000000,0.0802991,0.0836283,0.0798492,0.0806703,1194022.6927145913,0
SOLO.V,D,20241004,000000,0.0806703,0.0836492,0.0798732,0.0835592,1064860.0420637922,0
SOLO.V,D,20241005,000000,0.0834575,0.083595,0.081501,0.0821077,1238086.84503154,0
SOLO.V,D,20241006,000000,0.08207,0.0839632,0.0818869,0.0835858,1250902.7460740986,0
SOLO.V,D,20241007,000000,0.0836266,0.0843323,0.0830284,0.083185,1135870.7384595226,0
SOLO.V,D,20241008,000000,0.083255,0.0835781,0.0817925,0.0833599,1248137.260392823,0
SOLO.V,D,20241009,000000,0.083355,0.0834815,0.0802077,0.080808,983784.4263620713,0
SOLO.V,D,20241010,000000,0.0807089,0.0874754,0.0804115,0.0866563,778290.7032996769,0
SOLO.V,D,20241011,000000,0.0866663,0.0975182,0.0853001,0.0891784,621863.3061757863,0
SOLO.V,D,20241012,000000,0.0892075,0.0906037,0.0870252,0.0898113,156119.85880007007,0
SOLO.V,D,20241013,000000,0.0899221,0.0901429,0.0891943,0.0895024,145365.56690378312,0
SOLO.V,D,20241014,000000,0.0893085,0.0914617,0.087375,0.0880359,263881.6744106264,0
SOLO.V,D,20241015,000000,0.0880568,0.0911372,0.0880359,0.0886569,400902.3176806458,0
SOLO.V,D,20241016,000000,0.0886816,0.0930595,0.0884776,0.0895903,304296.69550497324,0
SOLO.V,D,20241017,000000,0.0896012,0.0925894,0.0888624,0.0890888,157948.28264837823,0
SOLO.V,D,20241018,000000,0.0891479,0.0922608,0.088392,0.091619,168623.19556872075,0
SOLO.V,D,20241019,000000,0.0915981,0.0921126,0.0908945,0.0915889,172653.30065179072,0
SOLO.V,D,20241020,000000,0.0919176,0.0923304,0.0914591,0.0922296,103033.13135466284,0
SOLO.V,D,20241021,000000,0.0921377,0.0931585,0.0899861,0.0912816,186646.66477542504,0
SOLO.V,D,20241022,000000,0.0913825,0.0913825,0.0869061,0.0884771,538906.1741051059,0
SOLO.V,D,20241023,000000,0.0885671,0.0893901,0.0871157,0.0875639,151592.34401173005,0
SOLO.V,D,20241024,000000,0.0876274,0.0896964,0.0869959,0.0875466,246721.35949185147,0
SOLO.V,D,20241025,000000,0.0875657,0.0892324,0.0870464,0.0873026,157540.46679196006,0
SOLO.V,D,20241026,000000,0.0873026,0.0873968,0.0855104,0.0865356,199775.6403594259,0
SOLO.V,D,20241027,000000,0.0865265,0.0868118,0.0833124,0.0843643,190224.350616474,0
SOLO.V,D,20241028,000000,0.0844555,0.0862223,0.0841321,0.0844842,189707.20147210802,0
SOLO.V,D,20241029,000000,0.0844009,0.0965443,0.0843443,0.0874011,433703.05023799994,0
SOLO.V,D,20241030,000000,0.0874329,0.0885334,0.086035,0.0883017,239093.3042362238,0
SOLO.V,D,20241031,000000,0.0884217,0.1011032,0.0882126,0.0941165,240421.38416560838,0
SOLO.V,D,20241101,000000,0.0941356,0.103401,0.0940214,0.0989117,573773.5150086844,0
SOLO.V,D,20241102,000000,0.0989017,0.0989527,0.0864163,0.0953124,210321.84543574805,0
SOLO.V,D,20241103,000000,0.0952933,0.0987015,0.0912926,0.0927819,232527.09227638989,0
SOLO.V,D,20241104,000000,0.092553,0.100759,0.0886108,0.0928375,620537.8786984214,0
SOLO.V,D,20241105,000000,0.0928175,0.0946682,0.0924924,0.0937787,160154.44169643492,0
SOLO.V,D,20241106,000000,0.0937288,0.0979954,0.0934407,0.0971273,266588.73863333015,0
SOLO.V,D,20241107,000000,0.0974284,0.0992106,0.0933366,0.0933757,263672.35166051,0
SOLO.V,D,20241108,000000,0.0933941,0.0982171,0.0913795,0.092179,782013.9098756186,0
SOLO.V,D,20241109,000000,0.0917987,0.0951881,0.0912274,0.093238,233775.19986362683,0
SOLO.V,D,20241110,000000,0.093508,0.0989305,0.0921358,0.0925918,346908.57908179937,0
SOLO.V,D,20241111,000000,0.0917213,0.0961224,0.0904605,0.0945395,722186.3537007809,0
SOLO.V,D,20241112,000000,0.09445,0.0976837,0.0904513,0.09239,474713.7279429545,0
SOLO.V,D,20241113,000000,0.0923792,0.0980792,0.0898081,0.093713,719618.1850519995,0
SOLO.V,D,20241114,000000,0.093754,0.105179,0.0903843,0.100681,370311.1349485075,0
SOLO.V,D,20241115,000000,0.101062,0.192435,0.099501,0.179182,3227963.2284806147,0
SOLO.V,D,20241116,000000,0.174691,0.44785,0.155342,0.338628,25172748.517218646,0
SOLO.V,D,20241117,000000,0.337138,0.359856,0.23724,0.25413,4834818.338400133,0
SOLO.V,D,20241118,000000,0.2531,0.335601,0.25195,0.303913,2849521.9250985943,0
SOLO.V,D,20241119,000000,0.303603,0.336825,0.222705,0.239764,2794928.8104520747,0
SOLO.V,D,20241120,000000,0.243771,0.308031,0.232878,0.284016,1966729.5018011138,0
SOLO.V,D,20241121,000000,0.285844,0.398464,0.267327,0.370412,3375450.485839112,0
SOLO.V,D,20241122,000000,0.370498,0.950054,0.365234,0.817579,19181357.69092771,0
SOLO.V,D,20241123,000000,0.813996,0.862681,0.505706,0.583399,10708129.920706162,0
SOLO.V,D,20241124,000000,0.584691,0.861387,0.505726,0.722342,7086089.525160397,0
SOLO.V,D,20241125,000000,0.722352,0.841589,0.619068,0.647828,5636669.589639301,0
SOLO.V,D,20241126,000000,0.639866,0.680697,0.536778,0.612033,3499109.4386579003,0
SOLO.V,D,20241127,000000,0.607909,0.660558,0.579785,0.624978,2218265.459025104,0
SOLO.V,D,20241128,000000,0.62663,0.62663,0.558453,0.59564,1952238.1546342054,0
SOLO.V,D,20241129,000000,0.600014,0.696361,0.581735,0.606626,2316171.3815571447,0
SOLO.V,D,20241130,000000,0.606332,0.637608,0.55022,0.555242,2938620.1138177924,0
SOLO.V,D,20241201,000000,0.555262,0.654611,0.515458,0.605118,3526516.1309901164,0
SOLO.V,D,20241202,000000,0.60788,0.647188,0.528468,0.568845,2359642.162853976,0
SOLO.V,D,20241203,000000,0.569509,0.586031,0.50033,0.504298,1809112.7106211034,0
SOLO.V,D,20241204,000000,0.503857,0.53902,0.453793,0.472502,1461935.7970741657,0
SOLO.V,D,20241205,000000,0.470154,0.515594,0.437877,0.461983,2210386.3299533464,0
SOLO.V,D,20241206,000000,0.460906,0.627117,0.450502,0.563585,3026892.213689413,0
SOLO.V,D,20241207,000000,0.566643,0.597621,0.516578,0.522766,2330550.2556688082,0
SOLO.V,D,20241208,000000,0.522155,0.571362,0.51872,0.550028,1738388.1702403151,0
SOLO.V,D,20241209,000000,0.551263,0.551263,0.448131,0.463374,961154.4158643001,0
SOLO.V,D,20241210,000000,0.463139,0.497004,0.398748,0.48008,1407192.6840931992,0
SOLO.V,D,20241211,000000,0.48001,0.541747,0.473783,0.506788,1834438.531245514,0
SOLO.V,D,20241212,000000,0.507764,0.520557,0.481176,0.482606,739519.3185178024,0
SOLO.V,D,20241213,000000,0.482358,0.50545,0.453078,0.481131,1348671.1363865787,0
SOLO.V,D,20241214,000000,0.482167,0.527029,0.459494,0.477642,581048.8814980014,0
SOLO.V,D,20241215,000000,0.476057,0.501125,0.452108,0.46009,414310.3096677998,0
SOLO.V,D,20241216,000000,0.460227,0.498685,0.445366,0.475128,430822.96829870157,0
SOLO.V,D,20241217,000000,0.474853,0.595083,0.466377,0.517078,1377964.2190626874,0
SOLO.V,D,20241218,000000,0.516178,0.538242,0.450458,0.468578,662454.5365480005,0
SOLO.V,D,20241219,000000,0.46931,0.477728,0.407381,0.430148,749374.40015846,0
SOLO.V,D,20241220,000000,0.434129,0.456514,0.356195,0.430321,703512.5752532892,0
SOLO.V,D,20241221,000000,0.429456,0.456848,0.407804,0.410867,399306.88942449226,0
SOLO.V,D,20241222,000000,0.409454,0.431553,0.39822,0.399858,328262.3913682585,0
SOLO.V,D,20241223,000000,0.400093,0.427267,0.396121,0.426195,269555.76645228866,0
SOLO.V,D,20241224,000000,0.426616,0.461878,0.407755,0.441184,318655.7121522333,0
SOLO.V,D,20241225,000000,0.441024,0.460177,0.425069,0.433664,327353.2345031005,0
SOLO.V,D,20241226,000000,0.434208,0.481078,0.394047,0.453689,5036939.747703197,0
SOLO.V,D,20241227,000000,0.451408,0.477704,0.428565,0.432991,1244791.218229897,0
SOLO.V,D,20241228,000000,0.433481,0.437272,0.407555,0.420673,652413.432296201,0
SOLO.V,D,20241229,000000,0.419794,0.421495,0.379956,0.381508,278032.69356739987,0
SOLO.V,D,20241230,000000,0.383171,0.40586,0.365583,0.394575,454989.3026231,0
SOLO.V,D,20241231,000000,0.394175,0.413914,0.375169,0.399486,714042.6358143996,0
SOLO.V,D,20250101,000000,0.398354,0.474511,0.394132,0.474386,971334.2810264323,0
SOLO.V,D,20250102,000000,0.474875,0.586907,0.468978,0.518561,1662275.1645161845,0
SOLO.V,D,20250103,000000,0.51866,0.542637,0.492378,0.499195,742032.0596977987,0
SOLO.V,D,20250104,000000,0.50051,0.509216,0.491173,0.494901,276071.02086299984,0
SOLO.V,D,20250105,000000,0.499675,0.50109,0.472682,0.488063,246971.76156668077,0
SOLO.V,D,20250106,000000,0.489303,0.50125,0.47784,0.496699,174697.90709899997,0
SOLO.V,D,20250107,000000,0.497714,0.498889,0.455002,0.4636,218955.0024721001,0
SOLO.V,D,20250108,000000,0.462045,0.486754,0.447599,0.48231,438276.5134958142,0
SOLO.V,D,20250109,000000,0.484024,0.493522,0.451911,0.461098,124129.582234554,0
SOLO.V,D,20250110,000000,0.463398,0.479292,0.45256,0.461553,155020.99797210004,0
SOLO.V,D,20250111,000000,0.461423,0.52399,0.457814,0.516887,490854.35138830973,0
SOLO.V,D,20250112,000000,0.517591,0.524974,0.495352,0.512103,332889.28732199996,0
SOLO.V,D,20250113,000000,0.513467,0.566619,0.492141,0.54825,711851.9484614743,0
SOLO.V,D,20250114,000000,0.546235,0.582065,0.540098,0.551664,449802.45438822854,0
SOLO.V,D,20250115,000000,0.551794,0.603747,0.533962,0.593678,662830.4005901603,0
SOLO.V,D,20250116,000000,0.59575,0.654646,0.553818,0.605335,932162.5149310308,0
SOLO.V,D,20250117,000000,0.606311,0.646242,0.578321,0.586438,693324.727499214,0
SOLO.V,D,20250118,000000,0.586648,0.587758,0.513959,0.532425,624236.3974439669,0
SOLO.V,D,20250119,000000,0.529957,0.563488,0.473743,0.484321,664752.8613501379,0
SOLO.V,D,20250120,000000,0.481943,0.53421,0.450694,0.525136,1508035.0545301144,0
SOLO.V,D,20250121,000000,0.523322,0.523343,0.478922,0.487928,480595.0344571954,0
SOLO.V,D,20250122,000000,0.486722,0.49269,0.464136,0.473031,337512.1473652948,0
SOLO.V,D,20250123,000000,0.473266,0.525892,0.461354,0.506566,703360.4773482885,0
SOLO.V,D,20250124,000000,0.505846,0.534968,0.481101,0.481584,453548.7876267002,0
SOLO.V,D,20250125,000000,0.480868,0.490496,0.461209,0.468216,197742.7798418996,0
SOLO.V,D,20250126,000000,0.467221,0.470975,0.44173,0.446573,278277.9366434996,0
SOLO.V,D,20250127,000000,0.446123,0.466519,0.410089,0.452442,334747.85712484265,0
SOLO.V,D,20250128,000000,0.452433,0.47547,0.434919,0.443701,351588.3856101997,0
SOLO.V,D,20250129,000000,0.443907,0.462017,0.420874,0.436627,327198.08098400035,0
SOLO.V,D,20250130,000000,0.435021,0.446738,0.423497,0.424608,238564.0867811298,0
SOLO.V,D,20250131,000000,0.425471,0.436629,0.410505,0.413857,268046.6126850109,0
SOLO.V,D,20250201,000000,0.41332,0.455877,0.397523,0.435011,481097.79726300004,0
SOLO.V,D,20250202,000000,0.436007,0.464029,0.384552,0.397621,910939.0286401019,0
SOLO.V,D,20250203,000000,0.397635,0.408196,0.287567,0.40012,1234095.6973868094,0
SOLO.V,D,20250204,000000,0.401043,0.404113,0.337842,0.343438,547863.9060400992,0
SOLO.V,D,20250205,000000,0.343558,0.357919,0.324419,0.326506,399845.5395292,0
SOLO.V,D,20250206,000000,0.32656,0.344632,0.32093,0.323373,298787.63765147934,0
SOLO.V,D,20250207,000000,0.324223,0.344773,0.305937,0.317503,313063.81915099965,0
SOLO.V,D,20250208,000000,0.317963,0.334153,0.311237,0.321496,233984.65493090017,0
SOLO.V,D,20250209,000000,0.321502,0.385046,0.315754,0.368094,769108.5949836699,0
SOLO.V,D,20250210,000000,0.369591,0.440714,0.356772,0.423914,458085.103400501,0
SOLO.V,D,20250211,000000,0.424006,0.449859,0.394153,0.399716,562626.8057120007,0
SOLO.V,D,20250212,000000,0.40023,0.4208,0.388696,0.411239,241159.78367410033,0
SOLO.V,D,20250213,000000,0.411299,0.414636,0.389907,0.409254,249000.0102132409,0
SOLO.V,D,20250214,000000,0.409251,0.437049,0.395326,0.413573,296132.69170299993,0
SOLO.V,D,20250215,000000,0.415258,0.427781,0.385826,0.39624,327182.29613999993,0
