<TICKER>,<PER>,<DATE>,<TIME>,<OPEN>,<HIGH>,<LOW>,<CLOSE>,<VOL>,<OPENINT>
SPELL.V,D,20220514,000000,0.00138764,0.00139762,0.0011875,0.00131802,938233555.65213,0
SPELL.V,D,20220515,000000,0.00130817,0.00137834,0.0012681,0.00135823,930670953.3379,0
SPELL.V,D,20220516,000000,0.00135837,0.00141844,0.00124838,0.00134825,1456472553.0976,0
SPELL.V,D,20220517,000000,0.00135823,0.00163787,0.00131815,0.00144826,2678945200.5854,0
SPELL.V,D,20220518,000000,0.0014581,0.00147822,0.00126835,0.00129831,2420309732.796,0
SPELL.V,D,20220519,000000,0.00130817,0.00139874,0.00122852,0.00133866,1508494412.4888,0
SPELL.V,D,20220520,000000,0.00133879,0.00141872,0.00126848,0.00129844,1906079075.1935,0
SPELL.V,D,20220521,000000,0.00129844,0.00165768,0.00127834,0.00141815,10592320435.502,0
SPELL.V,D,20220522,000000,0.00141801,0.00152801,0.00139804,0.00142828,3505628420.9299,0
SPELL.V,D,20220523,000000,0.00142828,0.00154829,0.00140831,0.00142828,4186447475.6023,0
SPELL.V,D,20220524,000000,0.0014183,0.00145839,0.00131842,0.00138819,2395526680.4794,0
SPELL.V,D,20220525,000000,0.00139804,0.00143827,0.00135837,0.00137834,1005499189.4577,0
SPELL.V,D,20220526,000000,0.00137834,0.00139846,0.00122852,0.00128871,1864154298.8097,0
SPELL.V,D,20220527,000000,0.00127872,0.00130356,0.00118981,0.00123277,1836451089.6967,0
SPELL.V,D,20220528,000000,0.0012236,0.00128059,0.0012005,0.00124354,1347863704.528,0
SPELL.V,D,20220529,000000,0.00124252,0.00130363,0.00121979,0.00128158,1652214809.7539,0
SPELL.V,D,20220530,000000,0.00128857,0.00138903,0.00127857,0.0013689,3408001938.229,0
SPELL.V,D,20220531,000000,0.00136491,0.00140488,0.00129996,0.00133293,2514055246.7371,0
SPELL.V,D,20220601,000000,0.00133796,0.00134702,0.00121366,0.0012219,1417297324.5758,0
SPELL.V,D,20220602,000000,0.0012219,0.00127885,0.00121378,0.00125487,988388934.41294,0
SPELL.V,D,20220603,000000,0.00125587,0.00130793,0.00120107,0.00123892,1880270646.3545,0
SPELL.V,D,20220604,000000,0.00123892,0.00129884,0.00121872,0.00126903,4790278971.0271,0
SPELL.V,D,20220605,000000,0.00126903,0.00132899,0.00122891,0.00125883,6167756958.709,0
SPELL.V,D,20220606,000000,0.00125882,0.00131893,0.00124878,0.00127891,8707269487.3869,0
SPELL.V,D,20220607,000000,0.00127891,0.00128889,0.00119899,0.00125897,6155787429.3406,0
SPELL.V,D,20220608,000000,0.00125899,0.00126909,0.0011991,0.00121921,6702680733.3865,0
SPELL.V,D,20220609,000000,0.00121921,0.00121922,0.00116895,0.00117901,4495488977.5925,0
SPELL.V,D,20220610,000000,0.001179,0.00120908,0.00107868,0.00108862,6795875034.8632,0
SPELL.V,D,20220611,000000,0.0010986,0.00111882,0.00097879,0.00100886,3273187274.9786,0
SPELL.V,D,20220612,000000,0.00101884,0.00102886,0.00065906,0.00086893,16528909562.248,0
SPELL.V,D,20220613,000000,0.00086892,0.00111845,0.00077846,0.00081886,43765148297.697,0
SPELL.V,D,20220614,000000,0.00081886,0.00086873,0.00074888,0.00078905,36641657634.136,0
SPELL.V,D,20220615,000000,0.00078906,0.00086904,0.0007485,0.00085871,33384151555.337,0
SPELL.V,D,20220616,000000,0.0008687,0.00087886,0.000785057,0.000790891,6740785169.616,0
SPELL.V,D,20220617,000000,0.000789901,0.000831,0.000771926,0.00080703,16354745231.264,0
SPELL.V,D,20220618,000000,0.000803,0.000826024,0.000648863,0.00070885,27741383000.108,0
SPELL.V,D,20220619,000000,0.00070885,0.000769076,0.000669002,0.000739038,11552544045.371,0
SPELL.V,D,20220620,000000,0.00074,0.0008425,0.0007125,0.00076,7153397011.2984,0
SPELL.V,D,20220621,000000,0.000769076,0.00084932,0.0007491,0.000789131,5173603550.4351,0
SPELL.V,D,20220622,000000,0.00079912,0.00080919,0.000759164,0.00076923,3843327341.4619,0
SPELL.V,D,20220623,000000,0.00076923,0.00083916,0.000759164,0.00080919,3103024480.2791,0
SPELL.V,D,20220624,000000,0.00080919,0.000849294,0.00079912,0.000839345,10654011868.94,0
SPELL.V,D,20220625,000000,0.00083916,0.000859372,0.000799448,0.000849405,5395252225.1247,0
SPELL.V,D,20220626,000000,0.000849396,0.001339075,0.000834641,0.001079341,22017492377.475,0
SPELL.V,D,20220627,000000,0.001079341,0.001139362,0.000949107,0.000959146,8848094848.4934,0
SPELL.V,D,20220628,000000,0.000969137,0.001019072,0.000902588,0.000912576,3338777991.9961,0
SPELL.V,D,20220629,000000,0.000912158,0.001168274,0.000851283,0.001034147,9666217718.3061,0
SPELL.V,D,20220630,000000,0.001036444,0.001158492,0.000905812,0.000914901,20471556504.407,0
SPELL.V,D,20220701,000000,0.000914801,0.001024267,0.000900119,0.000949554,10498346529.235,0
SPELL.V,D,20220702,000000,0.00095,0.001025,0.0009025,0.0009525,5547165510.3053,0
SPELL.V,D,20220703,000000,0.000952855,0.001010786,0.000939777,0.000961748,11389417349.398,0
SPELL.V,D,20220704,000000,0.000959521,0.001009556,0.000943547,0.000984757,4008869215.0698,0
SPELL.V,D,20220705,000000,0.000985816,0.0009988,0.000939565,0.000964937,1431179692.1412,0
SPELL.V,D,20220706,000000,0.000964438,0.000973927,0.000948056,0.000951852,1606948950.1219,0
SPELL.V,D,20220707,000000,0.000952951,0.001008491,0.000951952,0.0009986,1702914885.9775,0
SPELL.V,D,20220708,000000,0.0009986,0.001021285,0.000955227,0.00096682,2098605951.9976,0
SPELL.V,D,20220709,000000,0.000966723,0.001005895,0.000960224,0.000992604,2110488258.8605,0
SPELL.V,D,20220710,000000,0.000992004,0.001155806,0.000969821,0.001013991,7138340880.507,0
SPELL.V,D,20220711,000000,0.001014291,0.001058153,0.000973618,0.000975621,3489368235.4774,0
SPELL.V,D,20220712,000000,0.000974522,0.000996902,0.000906193,0.000907591,3901766528.6057,0
SPELL.V,D,20220713,000000,0.000907219,0.000982505,0.000895903,0.00093276,3561709678.7145,0
SPELL.V,D,20220714,000000,0.000933159,0.000958533,0.000915367,0.00094893,2712830314.621,0
SPELL.V,D,20220715,000000,0.00095003,0.000993304,0.000947336,0.00096691,1627973359.6992,0
SPELL.V,D,20220716,000000,0.00096771,0.001089573,0.000929714,0.001002999,5032694520.3062,0
SPELL.V,D,20220717,000000,0.001003039,0.00102968,0.00098897,0.00099434,1026767464.2331,0
SPELL.V,D,20220718,000000,0.00099413,0.00105346,0.00098867,0.00102436,1451600685.2027,0
SPELL.V,D,20220719,000000,0.00102386,0.00129842,0.00101672,0.00115889,6758916089.1371,0
SPELL.V,D,20220720,000000,0.0011617,0.00125465,0.0010807,0.00110936,7977519713.7284,0
SPELL.V,D,20220721,000000,0.00110937,0.00111196,0.0010306,0.00110278,3045720527.44,0
SPELL.V,D,20220722,000000,0.00110336,0.00114763,0.0010566,0.00107494,2515240955.9472,0
SPELL.V,D,20220723,000000,0.0010747,0.0011046,0.0010336,0.0010526,2051456743.8272,0
SPELL.V,D,20220724,000000,0.00105401,0.00109058,0.0010517,0.0010764,1389057455.8391,0
SPELL.V,D,20220725,000000,0.00107642,0.00108441,0.00100375,0.00101488,1095633727.3357,0
SPELL.V,D,20220726,000000,0.00101399,0.0010155,0.00094292,0.00095144,1064391622.6757,0
SPELL.V,D,20220727,000000,0.00095154,0.00115025,0.00095154,0.00105535,4213431473.9314,0
SPELL.V,D,20220728,000000,0.00105415,0.00113572,0.00104151,0.00112342,2031974009.0252,0
SPELL.V,D,20220729,000000,0.00112324,0.00112869,0.00105821,0.00109215,2646494295.9927,0
SPELL.V,D,20220730,000000,0.00108725,0.0011709,0.00107977,0.00111748,2205515720.6795,0
SPELL.V,D,20220731,000000,0.00111523,0.00113283,0.00108808,0.00109835,1687343003.6624,0
SPELL.V,D,20220801,000000,0.00109825,0.00112333,0.00106043,0.00109153,1880448424.478,0
SPELL.V,D,20220802,000000,0.00109201,0.00112583,0.00106991,0.00109459,1529015508.5296,0
SPELL.V,D,20220803,000000,0.00109581,0.00111389,0.00107384,0.00110386,1103885184.2975,0
SPELL.V,D,20220804,000000,0.00110365,0.00117866,0.00107783,0.00108423,1889565828.5854,0
SPELL.V,D,20220805,000000,0.00108414,0.00112931,0.00108353,0.00111921,987046803.84822,0
SPELL.V,D,20220806,000000,0.00111901,0.00116812,0.00111491,0.00112906,1086657837.4827,0
SPELL.V,D,20220807,000000,0.00112895,0.00123742,0.00111713,0.00120913,5452179170.8545,0
SPELL.V,D,20220808,000000,0.00120743,0.00122393,0.00117136,0.00119476,2653072942.6224,0
SPELL.V,D,20220809,000000,0.00119634,0.00169546,0.0011862,0.00159112,31961581473.37,0
SPELL.V,D,20220810,000000,0.00158652,0.00164921,0.00137194,0.00148413,19955052031.867,0
SPELL.V,D,20220811,000000,0.00148343,0.00158392,0.00142796,0.00152181,4916022311.9457,0
SPELL.V,D,20220812,000000,0.00152091,0.00155338,0.00146083,0.00149499,3259833577.6049,0
SPELL.V,D,20220813,000000,0.00149759,0.00153358,0.00147848,0.00147998,1295890345.7668,0
SPELL.V,D,20220814,000000,0.00148028,0.00148256,0.00139834,0.00142534,1654009689.897,0
SPELL.V,D,20220815,000000,0.00142463,0.00190036,0.00140162,0.00170673,11138678233.315,0
SPELL.V,D,20220816,000000,0.00171013,0.00179477,0.00158402,0.00164525,11288191557.327,0
SPELL.V,D,20220817,000000,0.00164645,0.00168653,0.00152643,0.00154952,3702133328.8768,0
SPELL.V,D,20220818,000000,0.00154991,0.00175021,0.00146852,0.00158912,5829286392.2743,0
SPELL.V,D,20220819,000000,0.00158856,0.0018051,0.00133693,0.00143454,14741862406.684,0
SPELL.V,D,20220820,000000,0.00143917,0.00161984,0.00142689,0.00150238,7550995179.9886,0
SPELL.V,D,20220821,000000,0.00149847,0.00156107,0.00147698,0.00152627,2190617361.3052,0
SPELL.V,D,20220822,000000,0.00152627,0.00153332,0.00144591,0.00146984,2123887902.2601,0
SPELL.V,D,20220823,000000,0.00146858,0.00167117,0.0014642,0.00154533,4715653777.1521,0
SPELL.V,D,20220824,000000,0.00154385,0.00163108,0.00151611,0.00154772,2944902713.7447,0
SPELL.V,D,20220825,000000,0.00154482,0.00156491,0.00151335,0.00151945,1407833346.4928,0
SPELL.V,D,20220826,000000,0.00152015,0.0015313,0.00142144,0.00142344,1255452186.1558,0
SPELL.V,D,20220827,000000,0.00142274,0.00142981,0.00130723,0.00135394,2842248306.735,0
SPELL.V,D,20220828,000000,0.00135301,0.00150521,0.00134764,0.0014098,3789455369.3897,0
SPELL.V,D,20220829,000000,0.0014082,0.00141453,0.00134207,0.0013857,1267586246.1008,0
SPELL.V,D,20220830,000000,0.0013863,0.00140913,0.00132082,0.00134942,1663223124.9348,0
SPELL.V,D,20220831,000000,0.00135201,0.00139164,0.00133471,0.00134859,1242486250.6184,0
SPELL.V,D,20220901,000000,0.00134979,0.00150498,0.00126833,0.00134345,2498122921.1172,0
SPELL.V,D,20220902,000000,0.00134522,0.00142843,0.00133269,0.0013499,2858519293.2689,0
SPELL.V,D,20220903,000000,0.00134862,0.00135936,0.0013113,0.0013216,1138794501.5631,0
SPELL.V,D,20220904,000000,0.0013218,0.00141884,0.00129363,0.0013282,1986476733.7583,0
SPELL.V,D,20220905,000000,0.00133003,0.00135384,0.0013031,0.00132813,1329990457.1773,0
SPELL.V,D,20220906,000000,0.00132683,0.0015043,0.0012554,0.0012784,8274261819.8279,0
SPELL.V,D,20220907,000000,0.0012788,0.00133416,0.00118766,0.00130649,3629821944.9049,0
SPELL.V,D,20220908,000000,0.00130318,0.00145081,0.00129365,0.0013292,5505268638.8122,0
SPELL.V,D,20220909,000000,0.001329,0.00148125,0.001329,0.00138106,7643560417.9006,0
SPELL.V,D,20220910,000000,0.00138081,0.00141981,0.00135736,0.00137828,1886200115.6901,0
SPELL.V,D,20220911,000000,0.00138016,0.00141908,0.00135036,0.00135813,2219171537.3157,0
SPELL.V,D,20220912,000000,0.00135683,0.0014057,0.00125675,0.00131756,1808534315.3056,0
SPELL.V,D,20220913,000000,0.0013176,0.00134742,0.00122015,0.00124462,1414128040.621,0
SPELL.V,D,20220914,000000,0.00124492,0.00124645,0.00118582,0.0012167,1084997335.8109,0
SPELL.V,D,20220915,000000,0.00121672,0.00131184,0.00116837,0.00118319,2764521013.3305,0
SPELL.V,D,20220916,000000,0.00118292,0.00122375,0.0011533,0.00119548,1670999169.2973,0
SPELL.V,D,20220917,000000,0.00119708,0.0012258,0.0011891,0.0012005,1139198850.1345,0
SPELL.V,D,20220918,000000,0.0012005,0.0012177,0.0010607,0.0010878,1267017834.3949,0
SPELL.V,D,20220919,000000,0.0010873,0.00112491,0.0010439,0.00111702,1651627691.2305,0
SPELL.V,D,20220920,000000,0.00111831,0.0011256,0.00105591,0.00105891,1193056098.6122,0
SPELL.V,D,20220921,000000,0.00105701,0.0011547,0.0010334,0.0010387,2320354112.1167,0
SPELL.V,D,20220922,000000,0.0010385,0.00108541,0.0010069,0.0010682,2095456078.725,0
SPELL.V,D,20220923,000000,0.00106791,0.0010991,0.0010336,0.0010652,1711673469.7781,0
SPELL.V,D,20220924,000000,0.00106543,0.00110063,0.001059,0.00106178,1422932063.1739,0
SPELL.V,D,20220925,000000,0.001061,0.00107033,0.0010226,0.0010226,808269755.84218,0
SPELL.V,D,20220926,000000,0.0010227,0.0011031,0.0010076,0.0010466,2213790316.7671,0
SPELL.V,D,20220927,000000,0.0010464,0.0010776,0.0010199,0.0010293,1691027976.608,0
SPELL.V,D,20220928,000000,0.0010277,0.0010386,0.0009839,0.0010284,1347612613.0052,0
SPELL.V,D,20220929,000000,0.0010304,0.001035,0.0010016,0.0010168,1030818602.3944,0
SPELL.V,D,20220930,000000,0.0010161,0.0010344,0.0010036,0.0010102,1215309660.8021,0
SPELL.V,D,20221001,000000,0.0010103,0.0010835,0.001005,0.001024,2726816430.2093,0
SPELL.V,D,20221002,000000,0.0010236,0.0010436,0.0009846,0.0010103,2555586125.788,0
SPELL.V,D,20221003,000000,0.0010096,0.0010276,0.000987,0.0010116,2550653778.5759,0
SPELL.V,D,20221004,000000,0.0010116,0.00102621,0.0010059,0.00101921,1247486633.4032,0
SPELL.V,D,20221005,000000,0.0010197,0.00102591,0.000999,0.001011,1174819238.9758,0
SPELL.V,D,20221006,000000,0.0010107,0.00102664,0.00100056,0.00100118,961074062.56106,0
SPELL.V,D,20221007,000000,0.00099948,0.00100613,0.00098251,0.00099565,871016483.15203,0
SPELL.V,D,20221008,000000,0.00099552,0.00101713,0.00098973,0.00099117,613186371.27045,0
SPELL.V,D,20221009,000000,0.00099136,0.0010038,0.0009861,0.0009987,537113495.4675,0
SPELL.V,D,20221010,000000,0.0009982,0.0010063,0.0009377,0.0009525,2039277941.2455,0
SPELL.V,D,20221011,000000,0.0009529,0.00098624,0.00091161,0.00092152,3376157236.8253,0
SPELL.V,D,20221012,000000,0.00092221,0.00094033,0.00091311,0.00092124,1020951969.0644,0
SPELL.V,D,20221013,000000,0.00092174,0.00092591,0.00081194,0.00089548,1798844603.1486,0
SPELL.V,D,20221014,000000,0.00089548,0.00094006,0.000881418,0.000884035,1616591969.8669,0
SPELL.V,D,20221015,000000,0.000884435,0.000896754,0.000874879,0.000882844,766012840.10522,0
SPELL.V,D,20221016,000000,0.000882653,0.000951138,0.00087347,0.000884235,2879548257.2764,0
SPELL.V,D,20221017,000000,0.000882535,0.000909173,0.000878526,0.000902318,1689728818.8587,0
SPELL.V,D,20221018,000000,0.000901718,0.000918464,0.000871817,0.000881844,999521600.72326,0
SPELL.V,D,20221019,000000,0.000882144,0.000886835,0.000859217,0.0008689,1570969883.4973,0
SPELL.V,D,20221020,000000,0.000867691,0.0008677,0.000829042,0.000836908,967071351.42611,0
SPELL.V,D,20221021,000000,0.000836116,0.000846817,0.000795176,0.000840067,760702298.30192,0
SPELL.V,D,20221022,000000,0.000839867,0.000846342,0.000823058,0.000829075,679470718.27959,0
SPELL.V,D,20221023,000000,0.000829366,0.00084481,0.000810381,0.000840618,821075499.82196,0
SPELL.V,D,20221024,000000,0.000842418,0.00087424,0.000818982,0.000819033,1744712447.3842,0
SPELL.V,D,20221025,000000,0.000819033,0.000866186,0.000816857,0.000854273,1233704879.0371,0
SPELL.V,D,20221026,000000,0.00085349,0.00087528,0.000843711,0.000862341,893623419.08587,0
SPELL.V,D,20221027,000000,0.000862541,0.000888404,0.000835625,0.000844751,1130338057.5092,0
SPELL.V,D,20221028,000000,0.000844559,0.000877676,0.000826566,0.000859789,1452358993.1088,0
SPELL.V,D,20221029,000000,0.000860072,0.000947794,0.000857654,0.000892705,4218411312.77,0
SPELL.V,D,20221030,000000,0.000892614,0.000950638,0.000856654,0.000868574,4048771283.1607,0
SPELL.V,D,20221031,000000,0.000868774,0.000899,0.000860069,0.000868131,1270141020.6224,0
SPELL.V,D,20221101,000000,0.000868948,0.000880286,0.000853129,0.000858814,1427050666.3865,0
SPELL.V,D,20221102,000000,0.000858706,0.000865217,0.000826809,0.000832867,920614180.09327,0
SPELL.V,D,20221103,000000,0.00083385,0.000898383,0.000832658,0.000846492,1750546388.1117,0
SPELL.V,D,20221104,000000,0.0008462,0.001169447,0.000843192,0.00100108,14409684985.146,0
SPELL.V,D,20221105,000000,0.00100258,0.001108,0.000964719,0.00099225,8983968053.914436,0
SPELL.V,D,20221106,000000,0.000989049,0.00099392,0.000925911,0.000930374,1844280798.2698407,0
SPELL.V,D,20221107,000000,0.000929865,0.000935866,0.000882171,0.000891407,1286265273.4897444,0
SPELL.V,D,20221108,000000,0.000891968,0.0009156,0.000648141,0.000734397,2803444694.490382,0
SPELL.V,D,20221109,000000,0.000732491,0.0007788,0.000609665,0.000623632,2166261953.4238896,0
SPELL.V,D,20221110,000000,0.000624243,0.000776452,0.000611756,0.000723627,1294002211.5164964,0
SPELL.V,D,20221111,000000,0.000722996,0.000830091,0.000668667,0.000684853,779462839.0263374,0
SPELL.V,D,20221112,000000,0.000682414,0.000738568,0.000658712,0.000703531,1441627447.7281516,0
SPELL.V,D,20221113,000000,0.000702833,0.00070443,0.000652754,0.000664868,858497192.1223868,0
SPELL.V,D,20221114,000000,0.000660107,0.000671993,0.000618133,0.000650822,866418211.2844548,0
SPELL.V,D,20221115,000000,0.00065089,0.000704295,0.000650788,0.00066883,565549689.1738808,0
SPELL.V,D,20221116,000000,0.000672479,0.000688707,0.000651328,0.000659093,467268989.68499905,0
SPELL.V,D,20221117,000000,0.000659792,0.000718282,0.000650985,0.000662283,1516683103.962887,0
SPELL.V,D,20221118,000000,0.000662183,0.000672062,0.000652475,0.000656944,585028957.2306153,0
SPELL.V,D,20221119,000000,0.000657543,0.000680843,0.000646491,0.000661704,834773048.942703,0
SPELL.V,D,20221120,000000,0.00066291,0.000676054,0.000606332,0.000615263,1787993643.269009,0
SPELL.V,D,20221121,000000,0.000615469,0.000618359,0.00058028,0.000595285,841471588.4993733,0
SPELL.V,D,20221122,000000,0.000595684,0.000674144,0.000581601,0.000619044,1209234918.2688026,0
SPELL.V,D,20221123,000000,0.000618744,0.000646449,0.000618002,0.0006353,932616040.2052091,0
SPELL.V,D,20221124,000000,0.000635307,0.000649485,0.000627116,0.000635172,825860762.6503878,0
SPELL.V,D,20221125,000000,0.000636865,0.000639095,0.000613121,0.00062405,673752010.9821448,0
SPELL.V,D,20221126,000000,0.000625062,0.000658077,0.000598141,0.000611939,3755119278.95415,0
SPELL.V,D,20221127,000000,0.000611939,0.000634081,0.000611039,0.000630096,685446644.0905744,0
SPELL.V,D,20221128,000000,0.000629597,0.000629903,0.000590781,0.000604064,671543857.9012376,0
SPELL.V,D,20221129,000000,0.000604876,0.000639257,0.000601253,0.000618371,1134547917.9832973,0
SPELL.V,D,20221130,000000,0.000617865,0.000635938,0.000613597,0.000635525,592238930.575558,0
SPELL.V,D,20221201,000000,0.000635625,0.000640758,0.000621519,0.000626438,498191205.1514895,0
SPELL.V,D,20221202,000000,0.000626731,0.000660659,0.000620456,0.000635138,1291093213.062473,0
SPELL.V,D,20221203,000000,0.000635025,0.000645013,0.000621262,0.000623562,669308023.828588,0
SPELL.V,D,20221204,000000,0.000623962,0.000765553,0.000620462,0.000680268,7193075292.229435,0
SPELL.V,D,20221205,000000,0.000680168,0.000717944,0.000635506,0.000646413,3554788907.0440555,0
SPELL.V,D,20221206,000000,0.000646913,0.0006644,0.000629,0.000634387,1712484211.3572965,0
SPELL.V,D,20221207,000000,0.0006344,0.0006413,0.000615706,0.000618006,491955686.6311642,0
SPELL.V,D,20221208,000000,0.0006175,0.0006569,0.0006152,0.000632444,1106877207.2158954,0
SPELL.V,D,20221209,000000,0.000633144,0.000642,0.000625419,0.000625419,672652522.1885409,0
SPELL.V,D,20221210,000000,0.000626519,0.000637206,0.000626519,0.000628387,1075459950.447428,0
SPELL.V,D,20221211,000000,0.000628587,0.000633506,0.000617562,0.000620662,387553728.3830085,0
SPELL.V,D,20221212,000000,0.000618924,0.000638889,0.0006007,0.000623556,1433752301.7674463,0
SPELL.V,D,20221213,000000,0.000623356,0.000638998,0.000600962,0.000628149,804772141.8183088,0
SPELL.V,D,20221214,000000,0.000628349,0.00063743,0.000611006,0.000621243,490850873.06886435,0
SPELL.V,D,20221215,000000,0.0006198,0.000634563,0.000609061,0.000615823,701156733.5861915,0
SPELL.V,D,20221216,000000,0.000616023,0.0006214,0.000531659,0.000549555,677748105.5652707,0
SPELL.V,D,20221217,000000,0.000549655,0.000553177,0.000525031,0.000552072,719100862.7660825,0
SPELL.V,D,20221218,000000,0.000550972,0.000560322,0.000543454,0.000546666,407192631.1668087,0
SPELL.V,D,20221219,000000,0.0005472,0.0005539,0.000511905,0.000517395,415185906.557043,0
SPELL.V,D,20221220,000000,0.000520095,0.0005562,0.00051741,0.000541822,1200759266.195909,0
SPELL.V,D,20221221,000000,0.000541227,0.000543022,0.0005162,0.000520426,741890475.2420205,0
SPELL.V,D,20221222,000000,0.000520221,0.000594941,0.000519421,0.000543119,4134882855.149827,0
SPELL.V,D,20221223,000000,0.000543108,0.000573148,0.000527942,0.00054474,2961657276.1308074,0
SPELL.V,D,20221224,000000,0.00054464,0.000565049,0.000538752,0.000545467,1397375050.755537,0
SPELL.V,D,20221225,000000,0.000544754,0.00055675,0.000534247,0.000539919,576942841.1236762,0
SPELL.V,D,20221226,000000,0.000539935,0.000545991,0.000536841,0.000539492,582330657.1894282,0
SPELL.V,D,20221227,000000,0.000540192,0.000553189,0.000525458,0.000530498,554073873.972043,0
SPELL.V,D,20221228,000000,0.000530493,0.000553212,0.00051028,0.000520619,2300732123.0212264,0
SPELL.V,D,20221229,000000,0.000520619,0.000542812,0.000508202,0.000519361,1947688341.411395,0
SPELL.V,D,20221230,000000,0.000519266,0.000531034,0.000516262,0.00051984,846286203.9284991,0
SPELL.V,D,20221231,000000,0.000520235,0.000538225,0.000519251,0.000526437,531853815.5593398,0
SPELL.V,D,20230101,000000,0.000524638,0.000535859,0.000524033,0.000533549,371852282.96644616,0
SPELL.V,D,20230102,000000,0.000532955,0.000549086,0.000526973,0.000541121,486649279.17339677,0
SPELL.V,D,20230103,000000,0.000541527,0.000544926,0.000529788,0.000534292,415953292.2638263,0
SPELL.V,D,20230104,000000,0.000535091,0.000552973,0.000535091,0.000545015,623647467.3114197,0
SPELL.V,D,20230105,000000,0.000544515,0.000556233,0.000541872,0.000546103,660500817.7851095,0
SPELL.V,D,20230106,000000,0.000546236,0.000551929,0.000530913,0.000551929,504174864.5798306,0
SPELL.V,D,20230107,000000,0.000551823,0.000586359,0.000548957,0.000550768,1219473422.0026605,0
SPELL.V,D,20230108,000000,0.000551062,0.000570914,0.000544413,0.000570132,1024948719.321779,0
SPELL.V,D,20230109,000000,0.000569886,0.00062375,0.000568109,0.000593394,1157202921.2041328,0
SPELL.V,D,20230110,000000,0.000592794,0.0006164,0.000581071,0.000602578,781912541.5423868,0
SPELL.V,D,20230111,000000,0.00060289,0.000608397,0.000581001,0.000600394,460860305.39183825,0
SPELL.V,D,20230112,000000,0.0006,0.000663707,0.00059804,0.000633757,2076986611.3145301,0
SPELL.V,D,20230113,000000,0.000634463,0.00066866,0.000620938,0.000660759,1441272302.577322,0
SPELL.V,D,20230114,000000,0.000661059,0.000825716,0.000659966,0.000713436,5421612546.887315,0
SPELL.V,D,20230115,000000,0.000712836,0.000728731,0.000680475,0.000714614,1146366880.5643923,0
SPELL.V,D,20230116,000000,0.000715615,0.000739481,0.000683841,0.000713214,1236509958.4928758,0
SPELL.V,D,20230117,000000,0.000712314,0.0007225,0.000699993,0.000707971,1158118782.1590736,0
SPELL.V,D,20230118,000000,0.000708378,0.000759677,0.000660008,0.000675559,2196183582.630604,0
SPELL.V,D,20230119,000000,0.000675059,0.000689093,0.000652641,0.000680373,797527610.1105886,0
SPELL.V,D,20230120,000000,0.00068228,0.000725923,0.000674293,0.000724223,669136550.2744976,0
SPELL.V,D,20230121,000000,0.00072463,0.0007396,0.000710955,0.000720823,865385236.8769631,0
SPELL.V,D,20230122,000000,0.000719308,0.000794851,0.00070342,0.000724545,1952582902.6646435,0
SPELL.V,D,20230123,000000,0.000725345,0.000756683,0.000722637,0.000736118,997999791.2814741,0
SPELL.V,D,20230124,000000,0.000738003,0.000771331,0.000704513,0.000715414,1347672566.8897758,0
SPELL.V,D,20230125,000000,0.000714821,0.000744541,0.00068693,0.000725216,907289235.4894316,0
SPELL.V,D,20230126,000000,0.000724516,0.000757106,0.00072313,0.000731973,673127111.1641301,0
SPELL.V,D,20230127,000000,0.000732759,0.000891652,0.000711964,0.000856368,11576523359.868101,0
SPELL.V,D,20230128,000000,0.000854999,0.000866008,0.000786536,0.000811462,5262338479.525629,0
SPELL.V,D,20230129,000000,0.000812054,0.000839093,0.000798892,0.000827641,1808507008.5248406,0
SPELL.V,D,20230130,000000,0.000828133,0.000836625,0.0007645,0.000782555,1970061869.286848,0
SPELL.V,D,20230131,000000,0.000784147,0.000804992,0.000774554,0.000790379,990891893.0449792,0
SPELL.V,D,20230201,000000,0.000792255,0.000821749,0.0007615,0.000814249,974408657.6769944,0
SPELL.V,D,20230202,000000,0.000813941,0.000861921,0.000801248,0.000811862,1382273042.7162266,0
SPELL.V,D,20230203,000000,0.00081197,0.000847119,0.000803272,0.000834575,1552104940.1084266,0
SPELL.V,D,20230204,000000,0.000838067,0.000925874,0.00083365,0.000869878,3442272154.504492,0
SPELL.V,D,20230205,000000,0.00086907,0.000880079,0.000802225,0.000819405,1019131415.7527155,0
SPELL.V,D,20230206,000000,0.000819313,0.000847234,0.000804945,0.000822033,890834683.5938638,0
SPELL.V,D,20230207,000000,0.000821433,0.0008645,0.000808165,0.00085796,1162986998.7493541,0
SPELL.V,D,20230208,000000,0.000858243,0.00087487,0.000820098,0.000839759,865905564.8984696,0
SPELL.V,D,20230209,000000,0.000840559,0.000856366,0.000752488,0.000759168,1038784614.5996692,0
SPELL.V,D,20230210,000000,0.000759776,0.000795759,0.000759776,0.000776016,433913131.86442816,0
SPELL.V,D,20230211,000000,0.000772824,0.000800964,0.000772824,0.000793979,311842929.6903656,0
SPELL.V,D,20230212,000000,0.000795072,0.00079888,0.000758506,0.000771577,370764033.0148057,0
SPELL.V,D,20230213,000000,0.000772177,0.000840172,0.000733789,0.000792628,2869624045.725671,0
SPELL.V,D,20230214,000000,0.000790927,0.000831399,0.000786274,0.000821937,1504774206.388628,0
SPELL.V,D,20230215,000000,0.000821978,0.000856846,0.000815642,0.000853654,959112115.0189918,0
SPELL.V,D,20230216,000000,0.000854554,0.000942566,0.000843184,0.000845687,3302102967.5170918,0
SPELL.V,D,20230217,000000,0.000845287,0.000968587,0.000845287,0.000936084,4015036693.0961,0
SPELL.V,D,20230218,000000,0.000937441,0.001059259,0.000925957,0.000970765,6953615251.5343075,0
SPELL.V,D,20230219,000000,0.000970765,0.000975227,0.000906763,0.000928304,1460437707.2541053,0
SPELL.V,D,20230220,000000,0.000927013,0.00093344,0.000893459,0.000925128,1346776938.319371,0
SPELL.V,D,20230221,000000,0.000925037,0.000978698,0.000897108,0.000914455,2484305226.747706,0
SPELL.V,D,20230222,000000,0.000915156,0.000918147,0.000862186,0.000890009,574224734.9885736,0
SPELL.V,D,20230223,000000,0.000890036,0.000914464,0.000872366,0.000888115,678751395.438547,0
SPELL.V,D,20230224,000000,0.000888724,0.000894298,0.000829566,0.000838592,1062883025.8163283,0
SPELL.V,D,20230225,000000,0.000839,0.000853851,0.000806681,0.00083335,562340520.3989551,0
SPELL.V,D,20230226,000000,0.00083015,0.000855268,0.000827125,0.000843584,382546695.0980354,0
SPELL.V,D,20230227,000000,0.000843842,0.000864617,0.000823925,0.00083715,343497682.00479084,0
SPELL.V,D,20230228,000000,0.00083725,0.0008566,0.000810462,0.000816163,642809780.1142582,0
SPELL.V,D,20230301,000000,0.000816055,0.000855451,0.000808813,0.000839418,545475939.0258138,0
SPELL.V,D,20230302,000000,0.000840426,0.00084971,0.000812135,0.000829475,380219085.8422297,0
SPELL.V,D,20230303,000000,0.000829566,0.000829566,0.000742167,0.000751853,1093499141.2537332,0
SPELL.V,D,20230304,000000,0.000752745,0.000767138,0.000718036,0.000729658,404393660.5806326,0
SPELL.V,D,20230305,000000,0.000729251,0.00075163,0.000728373,0.00072858,349299839.21054715,0
SPELL.V,D,20230306,000000,0.000727187,0.000752145,0.000711321,0.000733056,1251169920.1005,0
SPELL.V,D,20230307,000000,0.000732319,0.000744893,0.000694672,0.000704265,723519033.0793637,0
SPELL.V,D,20230308,000000,0.000703693,0.000715,0.000662274,0.000668073,400551137.29952514,0
SPELL.V,D,20230309,000000,0.000667133,0.000693478,0.000619776,0.000624556,354242997.1493236,0
SPELL.V,D,20230310,000000,0.000623356,0.000643839,0.000586959,0.000638358,523883466.00360334,0
SPELL.V,D,20230311,000000,0.000639167,0.00066927,0.000610482,0.000631143,1102833855.7032933,0
SPELL.V,D,20230312,000000,0.000632949,0.000685393,0.000630143,0.000681635,355302305.9036254,0
SPELL.V,D,20230313,000000,0.000683486,0.000732094,0.000673068,0.000721768,622035483.1202697,0
SPELL.V,D,20230314,000000,0.00072222,0.000779204,0.000700304,0.000739836,945234473.0778202,0
SPELL.V,D,20230315,000000,0.000741509,0.000758649,0.000668321,0.000674253,697238941.3199706,0
SPELL.V,D,20230316,000000,0.000673015,0.000706341,0.000666625,0.000693436,1060459890.3356333,0
SPELL.V,D,20230317,000000,0.000693903,0.0007493,0.000686168,0.000746841,743640992.331042,0
SPELL.V,D,20230318,000000,0.000745831,0.000773251,0.000721944,0.000729779,911779630.8236642,0
SPELL.V,D,20230319,000000,0.000729475,0.000767496,0.000719459,0.000750251,535307095.305096,0
SPELL.V,D,20230320,000000,0.00074985,0.000758077,0.000693927,0.000705365,623009110.1090355,0
SPELL.V,D,20230321,000000,0.00070487,0.000731743,0.000675524,0.000716887,609222961.8798723,0
SPELL.V,D,20230322,000000,0.000714673,0.000724153,0.000663219,0.000683167,677203105.1837461,0
SPELL.V,D,20230323,000000,0.000683126,0.000726335,0.000679249,0.000714397,629766918.1258757,0
SPELL.V,D,20230324,000000,0.000715084,0.000720137,0.000668528,0.000687407,611469446.9496264,0
SPELL.V,D,20230325,000000,0.000687062,0.000692205,0.000670156,0.000676055,343909202.24986315,0
SPELL.V,D,20230326,000000,0.000675054,0.000697727,0.000673773,0.000685073,290589636.82944113,0
SPELL.V,D,20230327,000000,0.000686275,0.000691984,0.000641536,0.000652507,451277332.62591374,0
SPELL.V,D,20230328,000000,0.000651506,0.000672275,0.000642806,0.000662358,216735093.2873012,0
SPELL.V,D,20230329,000000,0.000663359,0.00069238,0.000661758,0.00068573,294926393.38925034,0
SPELL.V,D,20230330,000000,0.00068403,0.000845193,0.000666153,0.000728197,5254273070.704294,0
SPELL.V,D,20230331,000000,0.000723002,0.00084456,0.000696658,0.000822865,13836303973.046625,0
SPELL.V,D,20230401,000000,0.000821164,0.000909846,0.000779595,0.000789184,12791300982.74507,0
SPELL.V,D,20230402,000000,0.000789892,0.000824146,0.000752019,0.000759471,2293211924.1747003,0
SPELL.V,D,20230403,000000,0.000760471,0.000777317,0.000727898,0.000741597,1404763093.4500353,0
SPELL.V,D,20230404,000000,0.000741997,0.000868243,0.000740007,0.000835918,9978922118.021885,0
SPELL.V,D,20230405,000000,0.000836018,0.000877081,0.00079718,0.000801288,5161934148.900336,0
SPELL.V,D,20230406,000000,0.000801396,0.000825113,0.000786228,0.000791669,1384788326.529958,0
SPELL.V,D,20230407,000000,0.000790677,0.00079709,0.000775234,0.000783479,637131396.3211128,0
SPELL.V,D,20230408,000000,0.000783387,0.000795169,0.000765974,0.000773301,782850908.2529541,0
SPELL.V,D,20230409,000000,0.000772701,0.000782807,0.000755056,0.00077936,585408405.0466876,0
SPELL.V,D,20230410,000000,0.000779745,0.000815187,0.000772817,0.00079054,1257517814.4495912,0
SPELL.V,D,20230411,000000,0.000791641,0.000834801,0.000789531,0.000791775,1377111832.0556235,0
SPELL.V,D,20230412,000000,0.000791975,0.000796148,0.000747239,0.000767298,1091239823.2010438,0
SPELL.V,D,20230413,000000,0.000768099,0.000782621,0.000757844,0.000776244,722889228.7409682,0
SPELL.V,D,20230414,000000,0.000776144,0.000795407,0.000761938,0.000780747,691650644.1341044,0
SPELL.V,D,20230415,000000,0.000779346,0.000786515,0.000767459,0.000779193,441390212.6491361,0
SPELL.V,D,20230416,000000,0.000779,0.000815054,0.000767221,0.000801545,1635812430.76874,0
SPELL.V,D,20230417,000000,0.000801845,0.000805547,0.000766521,0.000770754,790302364.3705367,0
SPELL.V,D,20230418,000000,0.000770654,0.000796357,0.000757533,0.000792035,1553069225.4401858,0
SPELL.V,D,20230419,000000,0.000791935,0.000794025,0.000705448,0.000732002,755727587.8821155,0
SPELL.V,D,20230420,000000,0.000732195,0.000733635,0.000688283,0.000697356,840860400.839389,0
SPELL.V,D,20230421,000000,0.000698049,0.000707258,0.000652035,0.000655228,800480074.1533948,0
SPELL.V,D,20230422,000000,0.000655428,0.000678861,0.0006516,0.000678168,479484619.93506205,0
SPELL.V,D,20230423,000000,0.000677661,0.000709242,0.000655944,0.000665433,1758951257.8190892,0
SPELL.V,D,20230424,000000,0.000666633,0.000683348,0.00065792,0.00067432,369499565.2338187,0
SPELL.V,D,20230425,000000,0.00067412,0.000693818,0.00066126,0.000692059,395717779.1123169,0
SPELL.V,D,20230426,000000,0.000693359,0.000715214,0.000653591,0.000682918,486324088.0417677,0
SPELL.V,D,20230427,000000,0.000684019,0.000700877,0.000677737,0.000694964,355321112.8377702,0
SPELL.V,D,20230428,000000,0.000694529,0.000695222,0.000676998,0.000686542,313024273.0953475,0
SPELL.V,D,20230429,000000,0.000685828,0.000692578,0.000683471,0.000689707,220206473.21873695,0
SPELL.V,D,20230430,000000,0.000689206,0.000693133,0.000672897,0.000678587,186834839.15192705,0
SPELL.V,D,20230501,000000,0.000678587,0.000683094,0.000650939,0.000657577,252672385.49739653,0
SPELL.V,D,20230502,000000,0.000658678,0.000670409,0.000656305,0.000669408,153931141.2215178,0
SPELL.V,D,20230503,000000,0.000670315,0.000677376,0.000646481,0.000675276,257602720.25947633,0
SPELL.V,D,20230504,000000,0.000675182,0.000679322,0.000654581,0.000660844,194241515.56133428,0
SPELL.V,D,20230505,000000,0.000660844,0.000682873,0.00065839,0.000675314,645420456.8993824,0
SPELL.V,D,20230506,000000,0.000675114,0.000679772,0.000635364,0.000652433,368397773.7201682,0
SPELL.V,D,20230507,000000,0.000651231,0.000658982,0.000644969,0.000647957,278835758.0039456,0
SPELL.V,D,20230508,000000,0.000648164,0.000652669,0.000570193,0.000585745,499467970.70445526,0
SPELL.V,D,20230509,000000,0.00058674,0.000602001,0.000585639,0.000596596,272672483.4423797,0
SPELL.V,D,20230510,000000,0.000594567,0.000610131,0.000569755,0.000597037,403969427.7308005,0
SPELL.V,D,20230511,000000,0.000596496,0.000603203,0.000554999,0.000564664,382753000.8194688,0
SPELL.V,D,20230512,000000,0.000564264,0.000567654,0.000546573,0.000567654,319125915.07689893,0
SPELL.V,D,20230513,000000,0.000567854,0.000573044,0.000559836,0.000563238,227976666.34127733,0
SPELL.V,D,20230514,000000,0.000562881,0.000573787,0.000557434,0.000563181,348160367.79174656,0
SPELL.V,D,20230515,000000,0.000564639,0.000583667,0.000557734,0.000577604,318033758.9995954,0
SPELL.V,D,20230516,000000,0.000576742,0.000583492,0.000564895,0.000583091,299967129.67845637,0
SPELL.V,D,20230517,000000,0.00058129,0.000602441,0.000574687,0.0005996,319675984.41139287,0
SPELL.V,D,20230518,000000,0.0006004,0.000604981,0.00057613,0.000588635,353463165.6277489,0
SPELL.V,D,20230519,000000,0.000589036,0.000603651,0.000581058,0.00060098,319994339.6842372,0
SPELL.V,D,20230520,000000,0.0006003,0.000604302,0.000590872,0.000595035,266426820.80397952,0
SPELL.V,D,20230521,000000,0.000595035,0.000596937,0.00057939,0.000582749,195517500.4854607,0
SPELL.V,D,20230522,000000,0.000583692,0.000589895,0.000571686,0.000586051,274247671.60623515,0
SPELL.V,D,20230523,000000,0.000586582,0.000603266,0.000583352,0.000589929,215381593.93296543,0
SPELL.V,D,20230524,000000,0.000590295,0.000592565,0.000559166,0.000572771,253767820.06951347,0
SPELL.V,D,20230525,000000,0.000571871,0.00057756,0.000556922,0.000573811,230785367.84673426,0
SPELL.V,D,20230526,000000,0.00057423,0.000574969,0.000564751,0.000572237,218811352.23955992,0
SPELL.V,D,20230527,000000,0.000573672,0.000575361,0.000569071,0.000573029,109702239.764721,0
SPELL.V,D,20230528,000000,0.000573112,0.000581634,0.000572786,0.000581634,173665577.14113435,0
SPELL.V,D,20230529,000000,0.000581628,0.000591289,0.000575281,0.000578874,280654345.5087236,0
SPELL.V,D,20230530,000000,0.000577768,0.00060566,0.000572537,0.00060004,610832734.2172784,0
SPELL.V,D,20230531,000000,0.000599634,0.000616079,0.000575742,0.000587488,717433168.0291594,0
SPELL.V,D,20230601,000000,0.000587094,0.000595319,0.000579339,0.000581463,391051269.89503676,0
SPELL.V,D,20230602,000000,0.000580863,0.000586358,0.000572637,0.000584752,306644450.3617293,0
SPELL.V,D,20230603,000000,0.000584652,0.000585576,0.000572677,0.00057493,386106034.3723173,0
SPELL.V,D,20230604,000000,0.00057503,0.000600186,0.000570883,0.000588894,857608051.187453,0
SPELL.V,D,20230605,000000,0.000589389,0.000592696,0.000515027,0.000526353,674932103.1573905,0
SPELL.V,D,20230606,000000,0.000526258,0.000546504,0.000518778,0.000540551,394394176.3042518,0
SPELL.V,D,20230607,000000,0.000539857,0.00054253,0.000498234,0.000501655,631604865.7634038,0
SPELL.V,D,20230608,000000,0.00050235,0.000513351,0.000497084,0.000507791,412689766.83020204,0
SPELL.V,D,20230609,000000,0.000507091,0.000518984,0.000495806,0.000504404,375239686.67846656,0
SPELL.V,D,20230610,000000,0.000503914,0.000504595,0.000394575,0.000427648,1013150434.3256665,0
SPELL.V,D,20230611,000000,0.000427348,0.000438006,0.000419685,0.000430576,506964945.8043739,0
SPELL.V,D,20230612,000000,0.000430777,0.000444849,0.000414245,0.000444418,566008206.181957,0
SPELL.V,D,20230613,000000,0.000444718,0.000447404,0.000433718,0.000437943,481251628.2490438,0
SPELL.V,D,20230614,000000,0.000438247,0.000443885,0.000413763,0.000421162,360400470.2981343,0
SPELL.V,D,20230615,000000,0.000421866,0.000438918,0.000420012,0.000436038,373277592.5074959,0
SPELL.V,D,20230616,000000,0.000435834,0.000446153,0.000427344,0.000440452,566825440.843076,0
SPELL.V,D,20230617,000000,0.000441156,0.000460127,0.000440092,0.000451315,326411811.6190124,0
SPELL.V,D,20230618,000000,0.00045211,0.000468483,0.000442492,0.000456795,1224859072.1429393,0
SPELL.V,D,20230619,000000,0.0004551,0.00046118,0.000436021,0.000452155,781145908.2263651,0
SPELL.V,D,20230620,000000,0.000451855,0.000474724,0.000442219,0.00046407,2184744522.4125533,0
SPELL.V,D,20230621,000000,0.00046447,0.000489371,0.000462069,0.000481624,799025233.8906307,0
SPELL.V,D,20230622,000000,0.000481553,0.000497525,0.000468461,0.0004743,456915998.47240704,0
SPELL.V,D,20230623,000000,0.000473899,0.000493947,0.000468289,0.000484381,441171884.82582587,0
SPELL.V,D,20230624,000000,0.000484186,0.000495323,0.000470344,0.000479702,359023442.9001226,0
SPELL.V,D,20230625,000000,0.000479997,0.000505452,0.000479997,0.000489962,217807035.16711813,0
SPELL.V,D,20230626,000000,0.000490757,0.000494533,0.000464679,0.000465098,210276017.5141398,0
SPELL.V,D,20230627,000000,0.000464297,0.000481892,0.000463502,0.000481892,244377303.53773412,0
SPELL.V,D,20230628,000000,0.000482592,0.000483377,0.000441144,0.000450086,541168468.0191112,0
SPELL.V,D,20230629,000000,0.000450059,0.000462221,0.000446364,0.000453555,205222249.05830544,0
SPELL.V,D,20230630,000000,0.000453746,0.000483689,0.000448716,0.000475738,577605731.653581,0
SPELL.V,D,20230701,000000,0.000476133,0.000484556,0.000471221,0.0004774,349839277.3686417,0
SPELL.V,D,20230702,000000,0.000478095,0.000483552,0.0004674,0.000479243,617097200.9115108,0
SPELL.V,D,20230703,000000,0.000479743,0.000531536,0.000479443,0.00050553,2964649095.282106,0
SPELL.V,D,20230704,000000,0.00050514,0.000522463,0.000502155,0.000507112,982984556.379952,0
SPELL.V,D,20230705,000000,0.000507401,0.00052301,0.000487139,0.000489078,831402290.9041377,0
SPELL.V,D,20230706,000000,0.000489473,0.00050349,0.000466177,0.000469758,626997007.5956436,0
SPELL.V,D,20230707,000000,0.000470258,0.000473986,0.000460823,0.000470209,380620121.01978475,0
SPELL.V,D,20230708,000000,0.000470242,0.000476229,0.000460914,0.000465474,193064893.61341023,0
SPELL.V,D,20230709,000000,0.000466275,0.000473485,0.000461178,0.000461683,221655218.38377348,0
SPELL.V,D,20230710,000000,0.000462083,0.000476305,0.000451268,0.000468233,315576460.23552644,0
SPELL.V,D,20230711,000000,0.000469252,0.000486519,0.000463979,0.00047531,1534343462.2253344,0
SPELL.V,D,20230712,000000,0.000474209,0.000484934,0.000471767,0.000475481,377754382.65752184,0
SPELL.V,D,20230713,000000,0.000474986,0.00051409,0.000470672,0.000502596,469186379.8357069,0
SPELL.V,D,20230714,000000,0.000502496,0.00052581,0.000484889,0.000493637,483093338.6799392,0
SPELL.V,D,20230715,000000,0.000494142,0.000512159,0.000492687,0.000500745,201777444.0932586,0
SPELL.V,D,20230716,000000,0.000500645,0.000507483,0.00048964,0.000493232,178654344.6290342,0
SPELL.V,D,20230717,000000,0.000493532,0.000509622,0.000485652,0.000497585,331907628.4617205,0
SPELL.V,D,20230718,000000,0.000498085,0.00050206,0.000473214,0.000478305,198619689.40446803,0
SPELL.V,D,20230719,000000,0.00047841,0.000485087,0.000476486,0.000479195,167560476.22188592,0
SPELL.V,D,20230720,000000,0.0004802,0.0004935,0.000475257,0.000486795,410584578.4485816,0
SPELL.V,D,20230721,000000,0.000486295,0.000494675,0.000480776,0.000486605,255591448.63905433,0
SPELL.V,D,20230722,000000,0.000487105,0.000491995,0.000479129,0.000481948,159886375.45655262,0
SPELL.V,D,20230723,000000,0.000482653,0.00048869,0.000471471,0.000482495,186900786.94951022,0
SPELL.V,D,20230724,000000,0.00048259,0.000485276,0.00044846,0.000457645,261611455.0510847,0
SPELL.V,D,20230725,000000,0.000458131,0.000468267,0.000451155,0.000458968,356303461.1656663,0
SPELL.V,D,20230726,000000,0.000459959,0.000485227,0.000452623,0.000469514,1426799574.6976705,0
SPELL.V,D,20230727,000000,0.000470319,0.000476752,0.000462003,0.000465074,476974544.8689199,0
SPELL.V,D,20230728,000000,0.00046587,0.000473991,0.000459376,0.000473991,456021306.5557083,0
SPELL.V,D,20230729,000000,0.000473786,0.0004784,0.000465314,0.0004703,199276968.27024433,0
SPELL.V,D,20230730,000000,0.000470295,0.000478095,0.000455405,0.000460263,583749012.1993209,0
SPELL.V,D,20230731,000000,0.000459463,0.000491846,0.000457259,0.00046882,2586116066.4548273,0
SPELL.V,D,20230801,000000,0.00046942,0.000479842,0.000440916,0.000470565,947212412.1828094,0
SPELL.V,D,20230802,000000,0.00047006,0.000480332,0.000465686,0.000468328,311848413.3579332,0
SPELL.V,D,20230803,000000,0.000467928,0.00046946,0.000457302,0.000457715,146071709.5480841,0
SPELL.V,D,20230804,000000,0.000457929,0.000459163,0.000446809,0.000449408,264139234.35913265,0
SPELL.V,D,20230805,000000,0.000449807,0.00046287,0.000447309,0.000459394,349514609.95198864,0
SPELL.V,D,20230806,000000,0.000460192,0.000475828,0.000459748,0.000470894,418138039.12458026,0
SPELL.V,D,20230807,000000,0.000470783,0.000485483,0.000465545,0.000474087,382692536.34814435,0
SPELL.V,D,20230808,000000,0.000474744,0.000476646,0.0004651,0.000472729,455692207.14862084,0
SPELL.V,D,20230809,000000,0.000472929,0.000487739,0.000467333,0.00047139,848712428.7569604,0
SPELL.V,D,20230810,000000,0.00047139,0.000475552,0.000464946,0.000472798,480435005.7581634,0
SPELL.V,D,20230811,000000,0.000473393,0.000479908,0.000468195,0.000471785,270810640.48447233,0
SPELL.V,D,20230812,000000,0.00047178,0.000484143,0.000470429,0.000479227,413076586.07647103,0
SPELL.V,D,20230813,000000,0.000479227,0.000503648,0.000479193,0.000491012,1272474841.8086088,0
SPELL.V,D,20230814,000000,0.000491117,0.000492479,0.000478178,0.000479553,390910444.339695,0
SPELL.V,D,20230815,000000,0.000479752,0.000481637,0.000437671,0.000452297,456234940.4386544,0
SPELL.V,D,20230816,000000,0.000452098,0.000453274,0.000414236,0.000415035,433266041.44619375,0
SPELL.V,D,20230817,000000,0.000414839,0.000420928,0.000358953,0.000368186,723925524.9852985,0
SPELL.V,D,20230818,000000,0.000369486,0.000395998,0.0003661,0.000395222,499404530.4584583,0
SPELL.V,D,20230819,000000,0.00039523,0.000404495,0.000393478,0.000397885,194408325.3225239,0
SPELL.V,D,20230820,000000,0.000398284,0.000407767,0.000398284,0.000403876,155368080.6579944,0
SPELL.V,D,20230821,000000,0.000403976,0.00040598,0.000390922,0.000396341,170042808.38447943,0
SPELL.V,D,20230822,000000,0.000396237,0.000401056,0.000382789,0.000385269,162109473.19616082,0
SPELL.V,D,20230823,000000,0.000385465,0.000404806,0.000384665,0.000396725,262849452.44085312,0
SPELL.V,D,20230824,000000,0.000397705,0.000402755,0.000390409,0.000393695,185470570.23923,0
SPELL.V,D,20230825,000000,0.000393576,0.000398728,0.000389079,0.000393783,135618972.8311005,0
SPELL.V,D,20230826,000000,0.000393291,0.000397989,0.000388913,0.000390189,43270101.92462944,0
SPELL.V,D,20230827,000000,0.000390201,0.000399364,0.000389094,0.000389817,404844312.4004681,0
SPELL.V,D,20230828,000000,0.000390213,0.000397182,0.000384504,0.000391608,161098192.0171336,0
SPELL.V,D,20230829,000000,0.000391496,0.000409304,0.000383835,0.000408678,265515329.1951771,0
SPELL.V,D,20230830,000000,0.000408674,0.000410566,0.000395075,0.000397792,201464114.28424332,0
SPELL.V,D,20230831,000000,0.000398088,0.000403164,0.000383381,0.00038765,226527305.31283188,0
SPELL.V,D,20230901,000000,0.00038765,0.00039455,0.000377115,0.000384204,363442978.14766073,0
SPELL.V,D,20230902,000000,0.000384504,0.000388311,0.000379862,0.000384862,359956108.42339134,0
SPELL.V,D,20230903,000000,0.000385658,0.00038823,0.000379551,0.000380735,133603463.26154067,0
SPELL.V,D,20230904,000000,0.000381431,0.000391614,0.000381193,0.000381789,175189395.02149978,0
SPELL.V,D,20230905,000000,0.000381193,0.000395302,0.000380948,0.000392696,270139473.2907777,0
SPELL.V,D,20230906,000000,0.000392811,0.000410024,0.000390442,0.000401455,1590690825.7874491,0
SPELL.V,D,20230907,000000,0.000401159,0.000417895,0.000396974,0.00041179,907142408.7522241,0
SPELL.V,D,20230908,000000,0.000412406,0.000418816,0.000402735,0.000411542,466811302.4328667,0
SPELL.V,D,20230909,000000,0.000411538,0.000418133,0.000404978,0.000409277,156259564.25957,0
SPELL.V,D,20230910,000000,0.000410369,0.000410669,0.000387615,0.00039335,352961238.65040755,0
SPELL.V,D,20230911,000000,0.000392751,0.00039535,0.000372781,0.000376583,316870846.37285423,0
SPELL.V,D,20230912,000000,0.000376879,0.00053993,0.000376879,0.000497955,39244824782.37231,0
SPELL.V,D,20230913,000000,0.00049826,0.000503065,0.000455068,0.000460692,12505530685.847673,0
SPELL.V,D,20230914,000000,0.000460992,0.000469361,0.000422104,0.000462029,6345040466.07025,0
SPELL.V,D,20230915,000000,0.00046273,0.000536695,0.000455246,0.000530905,14204736334.102663,0
SPELL.V,D,20230916,000000,0.000533179,0.000549733,0.000498475,0.000508446,5066256941.579546,0
SPELL.V,D,20230917,000000,0.000506846,0.000514503,0.000461792,0.000469313,2010746487.8681464,0
SPELL.V,D,20230918,000000,0.000469113,0.000516483,0.000467917,0.000491284,3649277569.752115,0
SPELL.V,D,20230919,000000,0.000492279,0.000637115,0.000467256,0.000601384,31935190536.28574,0
SPELL.V,D,20230920,000000,0.000601484,0.000606897,0.000554211,0.000587235,9915013878.341394,0
SPELL.V,D,20230921,000000,0.000587335,0.000593436,0.000532005,0.000537179,3810510831.2203784,0
SPELL.V,D,20230922,000000,0.000536784,0.000557839,0.000523548,0.000532163,2364292419.303217,0
SPELL.V,D,20230923,000000,0.000532063,0.000550589,0.000512405,0.000519631,2060715423.112636,0
SPELL.V,D,20230924,000000,0.000519436,0.000522947,0.000502725,0.000509325,2379804686.1642985,0
SPELL.V,D,20230925,000000,0.00050892,0.000520649,0.000494737,0.00050737,1379122553.0593383,0
SPELL.V,D,20230926,000000,0.000508075,0.000527563,0.000490964,0.000497241,1394849511.6815174,0
SPELL.V,D,20230927,000000,0.000496986,0.000509433,0.000489403,0.000490637,898625806.8843557,0
SPELL.V,D,20230928,000000,0.000491236,0.00049975,0.000490561,0.00049589,806661778.5865548,0
SPELL.V,D,20230929,000000,0.000496485,0.000501135,0.000483081,0.000489546,1016914852.053579,0
SPELL.V,D,20230930,000000,0.000490146,0.000501865,0.000481771,0.000489298,822372316.4056091,0
SPELL.V,D,20231001,000000,0.000489298,0.000518616,0.000488778,0.000504555,2131157106.9227426,0
SPELL.V,D,20231002,000000,0.000504861,0.000518005,0.000486941,0.000490042,779728014.6466817,0
SPELL.V,D,20231003,000000,0.000489642,0.000497555,0.000476005,0.0004796,464964033.7578491,0
SPELL.V,D,20231004,000000,0.000479595,0.000481348,0.000457355,0.000477824,557968780.0397549,0
SPELL.V,D,20231005,000000,0.000477719,0.000495635,0.000473195,0.000478829,977715370.0510507,0
SPELL.V,D,20231006,000000,0.000479229,0.000486997,0.000477891,0.000484999,326270008.9796664,0
SPELL.V,D,20231007,000000,0.000484513,0.000490113,0.000477829,0.000483876,335366179.4067204,0
SPELL.V,D,20231008,000000,0.000483676,0.000487383,0.000468609,0.000477272,635538832.0554876,0
SPELL.V,D,20231009,000000,0.000475566,0.000493163,0.000459806,0.000466298,1454276165.5228243,0
SPELL.V,D,20231010,000000,0.000465898,0.000466993,0.00045095,0.00045375,318022845.7984632,0
SPELL.V,D,20231011,000000,0.000453745,0.000454223,0.000438126,0.000441798,242612257.03398734,0
SPELL.V,D,20231012,000000,0.000442076,0.000445089,0.000431744,0.000436438,375410777.941533,0
SPELL.V,D,20231013,000000,0.000436738,0.000445331,0.000433961,0.000443294,207601305.69268987,0
SPELL.V,D,20231014,000000,0.000442003,0.000446837,0.000438217,0.000439474,417703709.1894479,0
SPELL.V,D,20231015,000000,0.000439869,0.000447064,0.000436609,0.000441318,257590051.44069195,0
SPELL.V,D,20231016,000000,0.000441718,0.000457701,0.000440662,0.000444082,279680355.6007402,0
SPELL.V,D,20231017,000000,0.000445383,0.000445692,0.000423661,0.000425157,348357646.2067541,0
SPELL.V,D,20231018,000000,0.000424657,0.000429433,0.000415383,0.000417192,580047962.2542479,0
SPELL.V,D,20231019,000000,0.000417188,0.000438497,0.000407185,0.000422169,2433724335.16224,0
SPELL.V,D,20231020,000000,0.000422269,0.000442852,0.00042041,0.000435983,654125767.7459468,0
SPELL.V,D,20231021,000000,0.000436879,0.000445211,0.000429459,0.00044072,584456870.3212688,0
SPELL.V,D,20231022,000000,0.000441016,0.000448706,0.000431137,0.000443546,457631598.3101083,0
SPELL.V,D,20231023,000000,0.000443651,0.00045721,0.000442355,0.000453431,668239549.5677519,0
SPELL.V,D,20231024,000000,0.000454432,0.000492105,0.000453936,0.000473643,1277100322.1290846,0
SPELL.V,D,20231025,000000,0.000473743,0.000488703,0.000462232,0.00047751,503997532.443229,0
SPELL.V,D,20231026,000000,0.00047851,0.00049959,0.000472009,0.000489,771800756.8790879,0
SPELL.V,D,20231027,000000,0.000489505,0.000498105,0.000472566,0.000493614,944218078.0713091,0
SPELL.V,D,20231028,000000,0.000493218,0.000512697,0.000487244,0.00049938,608452109.5477866,0
SPELL.V,D,20231029,000000,0.000499685,0.000546798,0.000493299,0.000520982,2059705425.4898198,0
SPELL.V,D,20231030,000000,0.000521388,0.000531343,0.000514737,0.000525873,769438956.3385992,0
SPELL.V,D,20231031,000000,0.00052709,0.000530691,0.000487846,0.000497904,368734493.99097914,0
SPELL.V,D,20231101,000000,0.000498304,0.000519265,0.000478539,0.000512664,520122285.9924097,0
SPELL.V,D,20231102,000000,0.000512664,0.000526579,0.000492694,0.000498465,557625848.1351744,0
SPELL.V,D,20231103,000000,0.000497165,0.000503606,0.000482035,0.000503096,350758824.69812006,0
SPELL.V,D,20231104,000000,0.000504197,0.000514485,0.00050091,0.000512302,227615917.64936003,0
SPELL.V,D,20231105,000000,0.000513182,0.000520643,0.000503162,0.000510008,428559493.25863713,0
SPELL.V,D,20231106,000000,0.000510998,0.000538397,0.000507311,0.000534544,458882424.47132236,0
SPELL.V,D,20231107,000000,0.00053435,0.000541041,0.00049779,0.000520139,726090878.4361572,0
SPELL.V,D,20231108,000000,0.000521034,0.000535443,0.000511551,0.000534318,625443851.8002675,0
SPELL.V,D,20231109,000000,0.000532617,0.000565009,0.000480077,0.0005282,1012651393.9075695,0
SPELL.V,D,20231110,000000,0.0005285,0.000559274,0.00052451,0.000556289,990940753.7472566,0
SPELL.V,D,20231111,000000,0.000556889,0.000566951,0.000532409,0.000547237,825114575.7644295,0
SPELL.V,D,20231112,000000,0.000546731,0.000567255,0.000525258,0.000562325,1177624754.6189833,0
SPELL.V,D,20231113,000000,0.000563331,0.000570531,0.000519768,0.000520135,583687443.815887,0
SPELL.V,D,20231114,000000,0.000520151,0.000524631,0.000478524,0.000498365,485029539.1216109,0
SPELL.V,D,20231115,000000,0.00049868,0.000521655,0.000492869,0.000517048,1000261757.1485099,0
SPELL.V,D,20231116,000000,0.000517479,0.000527432,0.000485444,0.000492449,992157374.2819409,0
SPELL.V,D,20231117,000000,0.000492754,0.000505805,0.000464633,0.000489366,714904879.1872503,0
SPELL.V,D,20231118,000000,0.000489066,0.000490996,0.000465409,0.000485038,395695094.94437915,0
SPELL.V,D,20231119,000000,0.000484842,0.000493251,0.00047226,0.000487614,337857613.17342645,0
SPELL.V,D,20231120,000000,0.00048852,0.00050076,0.000480723,0.000487436,620872715.1601586,0
SPELL.V,D,20231121,000000,0.000487636,0.000494921,0.000439767,0.000442668,771816057.0292612,0
SPELL.V,D,20231122,000000,0.000443468,0.000474466,0.000440067,0.00046905,591601923.0281984,0
SPELL.V,D,20231123,000000,0.000469546,0.000587588,0.000462969,0.000552983,19340500804.65277,0
SPELL.V,D,20231124,000000,0.000554978,0.000730885,0.000532765,0.000626194,44034637389.477356,0
SPELL.V,D,20231125,000000,0.000626595,0.000686505,0.000584497,0.000630978,22851099582.780907,0
SPELL.V,D,20231126,000000,0.000630072,0.000650458,0.000591036,0.000603329,3110009530.6165223,0
SPELL.V,D,20231127,000000,0.000602629,0.000620017,0.0005675,0.000584212,1676658427.7800305,0
SPELL.V,D,20231128,000000,0.000584206,0.000601038,0.00056794,0.000583444,742960789.09663,0
SPELL.V,D,20231129,000000,0.000583238,0.000591225,0.000569416,0.000577269,590184912.6742303,0
SPELL.V,D,20231130,000000,0.000577075,0.000620768,0.000564507,0.000566862,3288396673.200976,0
SPELL.V,D,20231201,000000,0.000566802,0.000584222,0.000564607,0.000574924,921683429.57565,0
SPELL.V,D,20231202,000000,0.000574924,0.000593202,0.000573458,0.000585463,847884406.7471894,0
SPELL.V,D,20231203,000000,0.000586464,0.000606891,0.000574618,0.000591195,1060111561.7626603,0
SPELL.V,D,20231204,000000,0.000592707,0.000606864,0.000564165,0.00060013,1573243274.1328003,0
SPELL.V,D,20231205,000000,0.000599924,0.000656513,0.000594159,0.000617774,2558877523.548643,0
SPELL.V,D,20231206,000000,0.000618274,0.000659866,0.000590159,0.000623669,2741219859.0959787,0
SPELL.V,D,20231207,000000,0.000623225,0.000662087,0.000600978,0.000617116,2286457880.9793725,0
SPELL.V,D,20231208,000000,0.00061691,0.000645994,0.000616322,0.000643406,719771231.3037598,0
SPELL.V,D,20231209,000000,0.000644506,0.00066876,0.000641079,0.000659171,1463915562.589358,0
SPELL.V,D,20231210,000000,0.000660072,0.000668574,0.000624312,0.000640806,870573167.5102601,0
SPELL.V,D,20231211,000000,0.000641519,0.000643758,0.000555556,0.000587324,1288888185.2546875,0
SPELL.V,D,20231212,000000,0.00058573,0.000599908,0.000568079,0.000579345,667560715.2297499,0
SPELL.V,D,20231213,000000,0.000579439,0.000606812,0.000553873,0.000602032,583622109.1198521,0
SPELL.V,D,20231214,000000,0.000602314,0.000613261,0.000586888,0.000611498,731805831.77562,0
SPELL.V,D,20231215,000000,0.000611798,0.00061231,0.000581352,0.000581952,573700509.2840599,0
SPELL.V,D,20231216,000000,0.000580458,0.000611396,0.000566366,0.000607932,521769791.3375602,0
SPELL.V,D,20231217,000000,0.000607114,0.000607208,0.000582052,0.000583898,403363685.37927943,0
SPELL.V,D,20231218,000000,0.0005821,0.000584479,0.000534461,0.00056773,357883372.1639894,0
SPELL.V,D,20231219,000000,0.000568229,0.000594686,0.000562224,0.000565312,513585742.8812298,0
SPELL.V,D,20231220,000000,0.000565017,0.000594612,0.000559032,0.000587618,560578650.8993459,0
SPELL.V,D,20231221,000000,0.000587418,0.000600888,0.000579412,0.000595513,446952332.9859402,0
SPELL.V,D,20231222,000000,0.000596713,0.000620222,0.000586494,0.000610682,787964965.8049213,0
SPELL.V,D,20231223,000000,0.000611389,0.000634711,0.000594222,0.000629964,903988493.8659195,0
SPELL.V,D,20231224,000000,0.000629208,0.000751143,0.000627163,0.000693758,8326638907.956321,0
SPELL.V,D,20231225,000000,0.000694651,0.000714943,0.000669361,0.000689331,1526260531.4699667,0
SPELL.V,D,20231226,000000,0.000687551,0.00070978,0.000653124,0.000685025,1284461886.4081814,0
SPELL.V,D,20231227,000000,0.000685831,0.000720935,0.000677193,0.000681722,1755528649.1787653,0
SPELL.V,D,20231228,000000,0.000683517,0.000700206,0.000644613,0.000655482,797027076.3320594,0
SPELL.V,D,20231229,000000,0.000656382,0.000684545,0.000638525,0.000653324,517117437.9406695,0
SPELL.V,D,20231230,000000,0.000656598,0.000666747,0.000636117,0.000644581,387717212.72738016,0
SPELL.V,D,20231231,000000,0.000645581,0.000659097,0.000620594,0.00063408,663912456.467392,0
SPELL.V,D,20240101,000000,0.000633935,0.000654398,0.000615563,0.000651324,396940645.7355562,0
SPELL.V,D,20240102,000000,0.00065243,0.000676671,0.000635259,0.000640237,681636926.1024481,0
SPELL.V,D,20240103,000000,0.000641737,0.00070419,0.000520093,0.000581015,1763362581.7790194,0
SPELL.V,D,20240104,000000,0.000581027,0.000601889,0.000570293,0.000593906,787387561.8894386,0
SPELL.V,D,20240105,000000,0.000593806,0.000597809,0.000546817,0.000560937,559283271.1367537,0
SPELL.V,D,20240106,000000,0.000561143,0.000568354,0.000525978,0.00054212,426460994.330972,0
SPELL.V,D,20240107,000000,0.000541024,0.000557078,0.000513459,0.000514929,686873974.3275737,0
SPELL.V,D,20240108,000000,0.00051663,0.000542499,0.000467552,0.000541782,903954225.9483703,0
SPELL.V,D,20240109,000000,0.000540381,0.000542233,0.000491418,0.000509473,570323820.6255708,0
SPELL.V,D,20240110,000000,0.000510494,0.000569837,0.000507942,0.000569837,523324889.06846976,0
SPELL.V,D,20240111,000000,0.000569948,0.000597239,0.000550132,0.000568628,578285687.6311554,0
SPELL.V,D,20240112,000000,0.000567734,0.000579923,0.000522944,0.000533764,377871432.736429,0
SPELL.V,D,20240113,000000,0.000534458,0.00056653,0.000525679,0.000561065,383782460.3093505,0
SPELL.V,D,20240114,000000,0.000560066,0.000562954,0.000539236,0.000545911,284511396.1057704,0
SPELL.V,D,20240115,000000,0.000544538,0.000560798,0.000535457,0.000549094,391919148.63959116,0
SPELL.V,D,20240116,000000,0.000547995,0.000568945,0.00054218,0.00056081,277403197.2242598,0
SPELL.V,D,20240117,000000,0.000561516,0.000571946,0.000550137,0.000558236,1034050698.5189955,0
SPELL.V,D,20240118,000000,0.000557942,0.000572906,0.000524297,0.000532262,468944007.0633579,0
SPELL.V,D,20240119,000000,0.000532462,0.00053584,0.000498311,0.000530175,707223110.8074852,0
SPELL.V,D,20240120,000000,0.000529481,0.000546052,0.000524128,0.000546052,299847873.0601918,0
SPELL.V,D,20240121,000000,0.000544054,0.000559025,0.000537061,0.000537666,306648234.63467973,0
SPELL.V,D,20240122,000000,0.00053876,0.000541183,0.000499979,0.000509554,275663418.2141849,0
SPELL.V,D,20240123,000000,0.000509954,0.00051419,0.00046742,0.000487171,387802660.8402047,0
SPELL.V,D,20240124,000000,0.000488165,0.000506654,0.000486654,0.000497661,602404134.1846294,0
SPELL.V,D,20240125,000000,0.000498945,0.000505488,0.00048635,0.000501829,320217331.4515009,0
SPELL.V,D,20240126,000000,0.00050063,0.000521807,0.000496127,0.000518786,170609555.0083596,0
SPELL.V,D,20240127,000000,0.000518501,0.000531584,0.000512708,0.000531179,285431052.51623994,0
SPELL.V,D,20240128,000000,0.000529995,0.000534504,0.000511344,0.000518017,229043600.13615018,0
SPELL.V,D,20240129,000000,0.000516622,0.0005285,0.000507873,0.0005271,158106877.0827612,0
SPELL.V,D,20240130,000000,0.0005279,0.000533579,0.00049991,0.00050629,1573903654.0043097,0
SPELL.V,D,20240131,000000,0.000506295,0.000507695,0.00048252,0.000487527,432983823.083505,0
SPELL.V,D,20240201,000000,0.000486632,0.000494604,0.000477784,0.000492957,357851467.4669597,0
SPELL.V,D,20240202,000000,0.000492757,0.000497707,0.000486783,0.000496547,148640483.40234995,0
SPELL.V,D,20240203,000000,0.000496936,0.00049946,0.00048702,0.000491433,154244319.09724998,0
SPELL.V,D,20240204,000000,0.000492228,0.000492837,0.000476928,0.000477799,213546911.3296701,0
SPELL.V,D,20240205,000000,0.000479399,0.000487488,0.000472559,0.000479571,172177511.61147016,0
SPELL.V,D,20240206,000000,0.000478791,0.00049026,0.000478791,0.000488049,199592481.69734,0
SPELL.V,D,20240207,000000,0.000488249,0.00050099,0.000482219,0.0004986,187269695.45714995,0
SPELL.V,D,20240208,000000,0.00049849,0.000506284,0.000487081,0.000490503,242329131.8633901,0
SPELL.V,D,20240209,000000,0.000489898,0.000516015,0.000489803,0.000514603,507238029.51736045,0
SPELL.V,D,20240210,000000,0.000514603,0.00062018,0.000504373,0.000591271,7546914855.774301,0
SPELL.V,D,20240211,000000,0.000592266,0.000708283,0.000560663,0.000574661,29350138374.9865,0
SPELL.V,D,20240212,000000,0.000574266,0.000596089,0.0005507,0.000584051,3538924784.4438744,0
SPELL.V,D,20240213,000000,0.000584351,0.000584951,0.000562057,0.000575024,1329115580.6342006,0
SPELL.V,D,20240214,000000,0.00057463,0.000592802,0.000569908,0.000590584,1521997447.7176707,0
SPELL.V,D,20240215,000000,0.000590455,0.000598753,0.000575169,0.00057951,1010762693.0069388,0
SPELL.V,D,20240216,000000,0.000580299,0.000618115,0.000578724,0.000602864,2456909821.699369,0
SPELL.V,D,20240217,000000,0.000603765,0.000629626,0.000586776,0.000616636,1940474318.298509,0
SPELL.V,D,20240218,000000,0.000616236,0.000650071,0.00061032,0.000623169,1822628451.8062496,0
SPELL.V,D,20240219,000000,0.000624394,0.000638357,0.000611592,0.000636246,1115195680.5547879,0
SPELL.V,D,20240220,000000,0.000636053,0.000640649,0.000582629,0.000613823,1003926505.3206182,0
SPELL.V,D,20240221,000000,0.000613517,0.00061588,0.000572383,0.0005965,699170372.0095075,0
SPELL.V,D,20240222,000000,0.0005968,0.00108584,0.000595387,0.000986084,91211316589.20372,0
SPELL.V,D,20240223,000000,0.000988384,0.00106599,0.000771538,0.000775299,26239577955.349117,0
SPELL.V,D,20240224,000000,0.000774699,0.000905255,0.00075594,0.000875,15562276060.803978,0
SPELL.V,D,20240225,000000,0.000874991,0.001129955,0.000856531,0.00107266,51545997476.233055,0
SPELL.V,D,20240226,000000,0.00107695,0.0011035,0.00096751,0.000981438,11791915922.043097,0
SPELL.V,D,20240227,000000,0.000980727,0.00101681,0.000921669,0.000936574,5014864768.5899105,0
SPELL.V,D,20240228,000000,0.000935874,0.001132,0.00083074,0.000969278,18327417175.167137,0
SPELL.V,D,20240229,000000,0.000967677,0.00140526,0.000953381,0.00130907,38009022759.96156,0
SPELL.V,D,20240301,000000,0.00131007,0.00179088,0.00131007,0.00153328,53261626795.31325,0
SPELL.V,D,20240302,000000,0.00153226,0.00189826,0.00139909,0.00160517,33004248388.647697,0
SPELL.V,D,20240303,000000,0.00160557,0.00165647,0.00128817,0.00152967,7665259721.734209,0
SPELL.V,D,20240304,000000,0.00152679,0.00161719,0.00142869,0.00149905,7590026552.46533,0
SPELL.V,D,20240305,000000,0.00149684,0.00154359,0.00101344,0.00125206,5325801548.206557,0
SPELL.V,D,20240306,000000,0.00125226,0.00139175,0.001222,0.00132693,2752964111.60119,0
SPELL.V,D,20240307,000000,0.00132636,0.00141856,0.00126424,0.00131761,4069816666.774664,0
SPELL.V,D,20240308,000000,0.00132109,0.00138769,0.00128748,0.00135295,3889726213.5982985,0
SPELL.V,D,20240309,000000,0.00135143,0.00144175,0.00131822,0.00132047,3008965254.208257,0
SPELL.V,D,20240310,000000,0.00132006,0.00149012,0.00130287,0.00131111,5040215490.23325,0
SPELL.V,D,20240311,000000,0.00131275,0.00138642,0.00124937,0.00135747,2506655247.2464414,0
SPELL.V,D,20240312,000000,0.0013608,0.00180858,0.00132516,0.0014661,31657773515.619633,0
SPELL.V,D,20240313,000000,0.0014656,0.00150178,0.00142154,0.00145837,4196211214.5535703,0
SPELL.V,D,20240314,000000,0.00145883,0.00146092,0.00130962,0.00140379,1477308177.8757799,0
SPELL.V,D,20240315,000000,0.00140431,0.00142971,0.00118633,0.00133462,2185868683.420081,0
SPELL.V,D,20240316,000000,0.00133402,0.00138379,0.00115608,0.00119049,2338865529.362326,0
SPELL.V,D,20240317,000000,0.0011924,0.00129408,0.0011484,0.00127841,1241977735.1223006,0
SPELL.V,D,20240318,000000,0.00127911,0.00128494,0.00115372,0.00120032,856647581.3366888,0
SPELL.V,D,20240319,000000,0.00120242,0.00121948,0.00099962,0.00105787,1670839574.1728528,0
SPELL.V,D,20240320,000000,0.00105807,0.001198,0.00101587,0.00119229,1485398921.918405,0
SPELL.V,D,20240321,000000,0.0012172,0.0012296,0.00114534,0.00117233,379403117.4532803,0
SPELL.V,D,20240322,000000,0.00117313,0.00121648,0.00110797,0.00112275,595450635.3102003,0
SPELL.V,D,20240323,000000,0.00112335,0.00122266,0.00112275,0.00118469,939665327.0352288,0
SPELL.V,D,20240324,000000,0.0011839,0.00120813,0.00114638,0.00120562,497818970.12717026,0
SPELL.V,D,20240325,000000,0.00120803,0.00126868,0.0011896,0.00124749,1382463543.476601,0
SPELL.V,D,20240326,000000,0.00124737,0.00130741,0.00121093,0.00126191,1546821495.2910185,0
SPELL.V,D,20240327,000000,0.00125943,0.00127982,0.00118326,0.00120578,2615305699.9395905,0
SPELL.V,D,20240328,000000,0.00120615,0.00132485,0.00116652,0.00127826,5939858848.120796,0
SPELL.V,D,20240329,000000,0.00128166,0.00149579,0.00127866,0.00131463,23435288881.084972,0
SPELL.V,D,20240330,000000,0.00131192,0.00131673,0.00125201,0.00125609,2152219908.4143715,0
SPELL.V,D,20240331,000000,0.00125629,0.00130985,0.00124931,0.00128225,1609816770.7793887,0
SPELL.V,D,20240401,000000,0.00128565,0.00128908,0.00114994,0.00119155,2216789738.3681173,0
SPELL.V,D,20240402,000000,0.00119154,0.00119827,0.00107192,0.00111465,1702282476.7767522,0
SPELL.V,D,20240403,000000,0.00111325,0.00116275,0.0010654,0.00111432,1517443201.0744174,0
SPELL.V,D,20240404,000000,0.00111522,0.00116928,0.00107969,0.00112457,1360806123.1027982,0
SPELL.V,D,20240405,000000,0.00112627,0.001142,0.00104686,0.00109643,1171943004.7320797,0
SPELL.V,D,20240406,000000,0.00109644,0.00116612,0.00108549,0.00113597,1214889166.86678,0
SPELL.V,D,20240407,000000,0.00113617,0.00116793,0.00113565,0.0011432,677571497.8114809,0
SPELL.V,D,20240408,000000,0.001142,0.00120833,0.00112849,0.00120464,1082726500.4492996,0
SPELL.V,D,20240409,000000,0.00120473,0.00123115,0.00113986,0.00116468,2220795904.9925385,0
SPELL.V,D,20240410,000000,0.00116598,0.00116847,0.00106971,0.00113458,705712616.0998691,0
SPELL.V,D,20240411,000000,0.00113968,0.00124764,0.00113918,0.00118468,4145692740.9164615,0
SPELL.V,D,20240412,000000,0.00118499,0.0012021,0.00085169,0.000944583,2109713909.747504,0
SPELL.V,D,20240413,000000,0.000943483,0.000960992,0.000646962,0.000742001,3567978199.656076,0
SPELL.V,D,20240414,000000,0.0007416,0.000864732,0.000731499,0.000820346,1600336612.3897164,0
SPELL.V,D,20240415,000000,0.000820046,0.000918043,0.000787001,0.000820539,1023298787.6928004,0
SPELL.V,D,20240416,000000,0.000819739,0.000855371,0.000786024,0.00085267,766059744.6465895,0
SPELL.V,D,20240417,000000,0.00085187,0.00085187,0.0007885,0.000841207,797669201.4296992,0
SPELL.V,D,20240418,000000,0.000839508,0.000856048,0.000804561,0.000850555,361044382.6691025,0
SPELL.V,D,20240419,000000,0.000850555,0.000912347,0.000776385,0.000883883,932700633.7849331,0
SPELL.V,D,20240420,000000,0.000886292,0.00096759,0.000857143,0.000956087,756726717.8756317,0
SPELL.V,D,20240421,000000,0.000959188,0.0009759,0.000922994,0.000942451,507777717.465644,0
SPELL.V,D,20240422,000000,0.00094146,0.000979429,0.00093745,0.000958978,616965414.638562,0
SPELL.V,D,20240423,000000,0.000959278,0.00097548,0.000925442,0.00095781,436090216.7669423,0
SPELL.V,D,20240424,000000,0.000956781,0.00105161,0.000914068,0.000923759,1922224018.558861,0
SPELL.V,D,20240425,000000,0.000924149,0.001007287,0.000881062,0.000952947,1691421232.2705455,0
SPELL.V,D,20240426,000000,0.000952647,0.000954046,0.00089891,0.000922169,689807954.9528099,0
SPELL.V,D,20240427,000000,0.000921108,0.000926337,0.000868843,0.000900689,336709078.4802442,0
SPELL.V,D,20240428,000000,0.000900589,0.000930214,0.000894784,0.0009,234682431.50687996,0
SPELL.V,D,20240429,000000,0.00089976,0.00090073,0.000834817,0.0008423,492615886.51494986,0
SPELL.V,D,20240430,000000,0.000841947,0.000875585,0.000783723,0.000805392,585247334.8390503,0
SPELL.V,D,20240501,000000,0.000805751,0.000840317,0.000756791,0.000817771,814049435.4101388,0
SPELL.V,D,20240502,000000,0.000819269,0.000841908,0.000793897,0.000836242,382720400.32151985,0
SPELL.V,D,20240503,000000,0.000837042,0.000880787,0.000817882,0.000873475,374144527.3489903,0
SPELL.V,D,20240504,000000,0.000874167,0.000891134,0.000861264,0.000876488,351880512.99101007,0
SPELL.V,D,20240505,000000,0.000877488,0.000886,0.000849802,0.000874896,511545754.4834702,0
SPELL.V,D,20240506,000000,0.000875705,0.000904691,0.000846166,0.000857809,478516526.07763034,0
SPELL.V,D,20240507,000000,0.000856534,0.000874651,0.0008356,0.000855374,326346073.1086895,0
SPELL.V,D,20240508,000000,0.000854774,0.000854774,0.000806103,0.000826935,349347496.6518864,0
SPELL.V,D,20240509,000000,0.000829443,0.000850674,0.00080527,0.000846964,276834986.42369974,0
SPELL.V,D,20240510,000000,0.000846173,0.000867179,0.00079874,0.000807358,317441919.9104264,0
SPELL.V,D,20240511,000000,0.000808357,0.000821656,0.000797549,0.000802523,338274075.22865003,0
SPELL.V,D,20240512,000000,0.000802723,0.000809376,0.000780734,0.000786961,262070651.583545,0
SPELL.V,D,20240513,000000,0.000787369,0.000815161,0.000754274,0.000790221,572711287.1825497,0
SPELL.V,D,20240514,000000,0.000789613,0.000796754,0.000768,0.000772422,362409174.007924,0
SPELL.V,D,20240515,000000,0.000771122,0.000828329,0.000760078,0.000818991,448794285.83412987,0
SPELL.V,D,20240516,000000,0.000820292,0.000834583,0.000790429,0.000815773,353931710.2060291,0
SPELL.V,D,20240517,000000,0.000816073,0.000850248,0.000809281,0.000840486,375723252.8420503,0
SPELL.V,D,20240518,000000,0.000841386,0.000849138,0.000827265,0.000838643,201748916.39735973,0
SPELL.V,D,20240519,000000,0.000838751,0.000848136,0.0007933,0.000800344,209115473.72968987,0
SPELL.V,D,20240520,000000,0.000799852,0.000876956,0.0007837,0.000862336,533443409.6228899,0
SPELL.V,D,20240521,000000,0.000861636,0.000895639,0.000857934,0.000873908,539253549.7952682,0
SPELL.V,D,20240522,000000,0.000874564,0.000888427,0.000849864,0.000888427,333793125.0622401,0
SPELL.V,D,20240523,000000,0.000888227,0.001019578,0.000869847,0.00091168,7760753195.391979,0
SPELL.V,D,20240524,000000,0.000913715,0.000965559,0.00087663,0.000898501,1008398424.0611079,0
SPELL.V,D,20240525,000000,0.000898192,0.000926339,0.000892339,0.000896821,474810848.72709703,0
SPELL.V,D,20240526,000000,0.000896421,0.00090251,0.00086857,0.000880136,451499172.79982924,0
SPELL.V,D,20240527,000000,0.000880257,0.00104428,0.000879469,0.00102266,12382752468.525295,0
SPELL.V,D,20240528,000000,0.00102006,0.00104085,0.000950468,0.000964925,3234680569.0953684,0
SPELL.V,D,20240529,000000,0.000963826,0.001005782,0.000939641,0.000948256,1093401554.816569,0
SPELL.V,D,20240530,000000,0.000947347,0.000966733,0.000902848,0.000937962,531402695.9353706,0
SPELL.V,D,20240531,000000,0.000937662,0.000996312,0.000908128,0.000979034,1076093105.2846818,0
SPELL.V,D,20240601,000000,0.000980142,0.00125553,0.00097001,0.00116306,20852101491.455738,0
SPELL.V,D,20240602,000000,0.00116287,0.00119376,0.00105196,0.00106893,4918071597.639834,0
SPELL.V,D,20240603,000000,0.00107033,0.00145445,0.00106691,0.00131179,31390931387.841915,0
SPELL.V,D,20240604,000000,0.00130938,0.00132606,0.00119554,0.0012129,5655017714.627832,0
SPELL.V,D,20240605,000000,0.0012121,0.00127002,0.00118462,0.00121811,4128011265.741589,0
SPELL.V,D,20240606,000000,0.00121791,0.0012841,0.00116993,0.00117452,2328128138.6021266,0
SPELL.V,D,20240607,000000,0.00117571,0.00119451,0.00093474,0.00104681,2697180965.005139,0
SPELL.V,D,20240608,000000,0.00104671,0.00108613,0.000988002,0.00100029,1212264315.3011036,0
SPELL.V,D,20240609,000000,0.00099888,0.001017668,0.000979622,0.000991151,1362800354.6337576,0
SPELL.V,D,20240610,000000,0.000991899,0.00099667,0.000939837,0.000949734,1132615347.009853,0
SPELL.V,D,20240611,000000,0.000946935,0.000949906,0.000866749,0.000902528,1129162823.7474911,0
SPELL.V,D,20240612,000000,0.00090341,0.000968593,0.000867013,0.000931892,878726024.1094424,0
SPELL.V,D,20240613,000000,0.000933383,0.000934835,0.000863132,0.000872551,499532690.9979812,0
SPELL.V,D,20240614,000000,0.000870043,0.000879219,0.000796614,0.000834715,975011771.0799468,0
SPELL.V,D,20240615,000000,0.000834515,0.00083878,0.000808047,0.000818941,959338030.8130385,0
SPELL.V,D,20240616,000000,0.000818533,0.000847587,0.000795514,0.000829428,1144168348.8600395,0
SPELL.V,D,20240617,000000,0.000829636,0.000844197,0.00073755,0.000773744,1078720798.515651,0
SPELL.V,D,20240618,000000,0.000774244,0.000776035,0.000654182,0.000695117,1349172723.99293,0
SPELL.V,D,20240619,000000,0.000694918,0.000726869,0.000688852,0.000712115,704061738.6219928,0
SPELL.V,D,20240620,000000,0.000713115,0.000748093,0.000696233,0.000712158,570708796.6896915,0
SPELL.V,D,20240621,000000,0.000711694,0.000721729,0.00068205,0.000702764,491087441.42838037,0
SPELL.V,D,20240622,000000,0.000702964,0.000707539,0.000682504,0.000696321,382651900.1632872,0
SPELL.V,D,20240623,000000,0.000695152,0.000706289,0.000667266,0.00068133,359124126.95485026,0
SPELL.V,D,20240624,000000,0.00068043,0.000713465,0.00062791,0.000696691,1244821041.39094,0
SPELL.V,D,20240625,000000,0.000693986,0.000720048,0.000688128,0.000712572,779426138.1204679,0
SPELL.V,D,20240626,000000,0.000712865,0.000742107,0.000698376,0.000709917,1295467402.2602,0
SPELL.V,D,20240627,000000,0.000709653,0.00072511,0.0006831,0.000716182,396663894.34772384,0
SPELL.V,D,20240628,000000,0.000716246,0.000722833,0.000681489,0.000685853,328749324.54660505,0
SPELL.V,D,20240629,000000,0.000684735,0.000693208,0.000673067,0.000676248,368899759.8980795,0
SPELL.V,D,20240630,000000,0.000674551,0.000692625,0.000662525,0.000688266,260411433.24246234,0
SPELL.V,D,20240701,000000,0.000687732,0.000726647,0.000687732,0.000706015,368582519.40077543,0
SPELL.V,D,20240702,000000,0.000706244,0.000711716,0.000685501,0.000698381,339131138.01595765,0
SPELL.V,D,20240703,000000,0.00069898,0.000703587,0.000655685,0.000667259,295701172.6472692,0
SPELL.V,D,20240704,000000,0.00066616,0.000668158,0.000595617,0.000613556,425212037.7923309,0
SPELL.V,D,20240705,000000,0.000614649,0.000615849,0.000510962,0.000581429,758953592.9990112,0
SPELL.V,D,20240706,000000,0.000580346,0.000644658,0.000571374,0.000631419,463335338.20488006,0
SPELL.V,D,20240707,000000,0.000630513,0.000641145,0.000595857,0.000605703,336495593.23581225,0
SPELL.V,D,20240708,000000,0.000605833,0.000626106,0.000566572,0.000608845,307988119.1148703,0
SPELL.V,D,20240709,000000,0.000608245,0.000628856,0.00060071,0.000622788,326549929.7330601,0
SPELL.V,D,20240710,000000,0.000622588,0.000638272,0.000616412,0.00062115,251887759.4961409,0
SPELL.V,D,20240711,000000,0.000621556,0.000642446,0.000611912,0.000614982,457935621.96232706,0
SPELL.V,D,20240712,000000,0.000611888,0.000625975,0.0005995,0.000621518,379843858.0130024,0
SPELL.V,D,20240713,000000,0.000620324,0.000630726,0.000618092,0.000622506,162465523.39140007,0
SPELL.V,D,20240714,000000,0.000622687,0.000651635,0.000618205,0.000651635,217463411.48105013,0
SPELL.V,D,20240715,000000,0.000651635,0.000728937,0.000645371,0.000704745,1505997062.1119566,0
SPELL.V,D,20240716,000000,0.000706153,0.000721318,0.000669994,0.000707777,900904232.9378605,0
SPELL.V,D,20240717,000000,0.000707977,0.000718873,0.000672041,0.000691355,1692089921.267998,0
SPELL.V,D,20240718,000000,0.000690662,0.000697893,0.000652848,0.00066756,797385505.8529592,0
SPELL.V,D,20240719,000000,0.00066796,0.000702151,0.000658568,0.000694492,451629968.8700707,0
SPELL.V,D,20240720,000000,0.000695399,0.000713935,0.000689203,0.000700301,730357259.0793414,0
SPELL.V,D,20240721,000000,0.000700594,0.000779349,0.0006909,0.000745749,3893009531.6152186,0
SPELL.V,D,20240722,000000,0.000743656,0.000748275,0.000692001,0.000692008,931868874.3757201,0
SPELL.V,D,20240723,000000,0.000691007,0.000691641,0.000644484,0.000657679,696066142.3483899,0
SPELL.V,D,20240724,000000,0.000656179,0.000678122,0.00064003,0.000650963,351941555.71408945,0
SPELL.V,D,20240725,000000,0.000650583,0.000650583,0.000605555,0.000632816,539896096.2940154,0
SPELL.V,D,20240726,000000,0.000633635,0.0006676,0.000630736,0.0006646,429466078.8502993,0
SPELL.V,D,20240727,000000,0.0006644,0.000681046,0.000655311,0.000675586,444894084.47269946,0
SPELL.V,D,20240728,000000,0.000676768,0.000679446,0.000647122,0.000647942,237671337.1645998,0
SPELL.V,D,20240729,000000,0.000648935,0.000709822,0.000643742,0.000696216,2508244025.47273,0
SPELL.V,D,20240730,000000,0.000698223,0.000718692,0.000639514,0.000642807,1904181147.296603,0
SPELL.V,D,20240731,000000,0.000644307,0.000664787,0.000634495,0.000643555,349390381.44321394,0
SPELL.V,D,20240801,000000,0.000642781,0.000645487,0.000566356,0.000604056,575928911.3603885,0
SPELL.V,D,20240802,000000,0.000605715,0.000621434,0.000565768,0.000573146,346666699.97518796,0
SPELL.V,D,20240803,000000,0.000569245,0.000572986,0.000512308,0.00052347,379065944.61080015,0
SPELL.V,D,20240804,000000,0.000522565,0.000535773,0.000475391,0.000508353,456162337.466268,0
SPELL.V,D,20240805,000000,0.000506653,0.000513505,0.000385696,0.00044388,1491937149.308105,0
SPELL.V,D,20240806,000000,0.000444684,0.000490493,0.000440675,0.000484389,418174891.6045005,0
SPELL.V,D,20240807,000000,0.000484689,0.000503301,0.000463637,0.000470738,384440346.2384989,0
SPELL.V,D,20240808,000000,0.000470647,0.00051575,0.000456555,0.00051575,242547071.71799994,0
SPELL.V,D,20240809,000000,0.000515355,0.000524052,0.000498995,0.000508258,325229320.1614998,0
SPELL.V,D,20240810,000000,0.000508258,0.000565485,0.00050145,0.000541803,2553003453.9627066,0
SPELL.V,D,20240811,000000,0.000542471,0.000553277,0.000503755,0.000508846,640009480.372599,0
SPELL.V,D,20240812,000000,0.000508951,0.000538002,0.00049873,0.000522552,254780923.28250012,0
SPELL.V,D,20240813,000000,0.000523358,0.000536756,0.000510997,0.000535454,125697863.12170011,0
SPELL.V,D,20240814,000000,0.000534259,0.000536615,0.000507257,0.000514141,167165339.2293,0
SPELL.V,D,20240815,000000,0.000513446,0.0005216,0.000486107,0.000491693,134130249.39250012,0
SPELL.V,D,20240816,000000,0.000489898,0.000508731,0.000486802,0.000497044,176884083.45239997,0
SPELL.V,D,20240817,000000,0.000498635,0.000527453,0.000488112,0.000508046,815077484.6795994,0
SPELL.V,D,20240818,000000,0.000510041,0.000534385,0.000501645,0.000520304,598570634.9767699,0
SPELL.V,D,20240819,000000,0.000522304,0.000554705,0.000509941,0.000532817,1188978176.0185878,0
SPELL.V,D,20240820,000000,0.000532117,0.000547463,0.000519583,0.000532895,430069684.50359946,0
SPELL.V,D,20240821,000000,0.000532905,0.000564079,0.000521826,0.000548049,816758790.6891998,0
SPELL.V,D,20240822,000000,0.000547649,0.000555567,0.000538797,0.000553244,229912510.77530044,0
SPELL.V,D,20240823,000000,0.000553044,0.000596607,0.000549455,0.000594469,793602846.4142011,0
SPELL.V,D,20240824,000000,0.000594375,0.000659491,0.000584821,0.000613415,1385006627.4163988,0
SPELL.V,D,20240825,000000,0.000614268,0.000648153,0.000586705,0.000616616,2291440803.714701,0
SPELL.V,D,20240826,000000,0.000619017,0.000622218,0.000568008,0.000573698,421735895.32281286,0
SPELL.V,D,20240827,000000,0.000572597,0.000586953,0.0005394,0.000550106,290306218.01781017,0
SPELL.V,D,20240828,000000,0.000549,0.000562349,0.000516941,0.000535748,482645784.3985102,0
SPELL.V,D,20240829,000000,0.000534848,0.000574592,0.000528148,0.000544689,654577535.2084001,0
SPELL.V,D,20240830,000000,0.000541384,0.000557417,0.000517586,0.000543429,323302154.1491,0
SPELL.V,D,20240831,000000,0.000542324,0.000550073,0.000522574,0.000532199,94174516.15250006,0
SPELL.V,D,20240901,000000,0.000531553,0.000532094,0.000508308,0.000520911,217135059.3703099,0
SPELL.V,D,20240902,000000,0.000520806,0.000534604,0.00049936,0.000529715,241989874.66110027,0
SPELL.V,D,20240903,000000,0.000530194,0.00054254,0.000509927,0.000515456,445955144.62612146,0
SPELL.V,D,20240904,000000,0.000516255,0.000533011,0.000478871,0.000525937,382755341.0134,0
SPELL.V,D,20240905,000000,0.000525542,0.000526642,0.000505663,0.000508217,347588797.2079001,0
SPELL.V,D,20240906,000000,0.000508898,0.000520385,0.000474548,0.000490745,320709942.55205977,0
SPELL.V,D,20240907,000000,0.000490045,0.000508949,0.000487339,0.00049765,215622347.65279996,0
SPELL.V,D,20240908,000000,0.00049775,0.000517412,0.000493936,0.000509849,241578595.26809978,0
SPELL.V,D,20240909,000000,0.000510398,0.00053847,0.000510002,0.000534996,646253251.9148997,0
SPELL.V,D,20240910,000000,0.000533896,0.000544551,0.000525179,0.000537057,313225122.51020026,0
SPELL.V,D,20240911,000000,0.000536357,0.000540373,0.000513918,0.000531443,244852229.70830995,0
SPELL.V,D,20240912,000000,0.000531648,0.000543508,0.000528415,0.000538857,363715162.9629999,0
SPELL.V,D,20240913,000000,0.000538857,0.000558823,0.000533168,0.000556923,746543812.3432008,0
SPELL.V,D,20240914,000000,0.000556823,0.000558023,0.00054432,0.000547404,341899325.8246003,0
SPELL.V,D,20240915,000000,0.000547399,0.000551199,0.000520568,0.000523905,268342527.4524,0
SPELL.V,D,20240916,000000,0.000525805,0.000526005,0.000500305,0.000507099,333582548.10429984,0
SPELL.V,D,20240917,000000,0.000503704,0.000533927,0.000503499,0.000525847,311311789.8892999,0
SPELL.V,D,20240918,000000,0.000524752,0.000537011,0.000505305,0.000526721,194929611.66369992,0
SPELL.V,D,20240919,000000,0.000526921,0.000565702,0.000525921,0.000556972,366437355.73629993,0
SPELL.V,D,20240920,000000,0.000555256,0.000577612,0.000548971,0.000563651,331323814.93609995,0
SPELL.V,D,20240921,000000,0.000564656,0.000576546,0.0005537,0.000568357,128149312.09949994,0
SPELL.V,D,20240922,000000,0.000568957,0.000580552,0.000546295,0.0005472,251171131.68479982,0
SPELL.V,D,20240923,000000,0.0005454,0.000580159,0.000538527,0.000569472,400193651.10210085,0
SPELL.V,D,20240924,000000,0.000570777,0.00058553,0.000559994,0.000579165,476856062.45723,0
SPELL.V,D,20240925,000000,0.000580771,0.000591682,0.000569466,0.000579901,268774085.4281,0
SPELL.V,D,20240926,000000,0.000578307,0.000594924,0.000562854,0.000590853,268441595.6774999,0
SPELL.V,D,20240927,000000,0.000592359,0.000642426,0.000587559,0.000622812,910572003.3590513,0
SPELL.V,D,20240928,000000,0.000622712,0.000629876,0.000595677,0.000608167,397685299.92570055,0
SPELL.V,D,20240929,000000,0.000608978,0.000635581,0.000605579,0.000632653,544612063.4673998,0
SPELL.V,D,20240930,000000,0.000633347,0.000635024,0.000591046,0.000601607,345402863.6327002,0
SPELL.V,D,20241001,000000,0.000600414,0.000611998,0.000516161,0.000530062,554598671.6154996,0
SPELL.V,D,20241002,000000,0.000529268,0.000551079,0.00049824,0.000509462,416126151.8724,0
SPELL.V,D,20241003,000000,0.000509562,0.000522822,0.000490967,0.000508244,384174711.3767004,0
SPELL.V,D,20241004,000000,0.000506939,0.000537752,0.000505744,0.000529295,416418966.7193999,0
SPELL.V,D,20241005,000000,0.000529089,0.000537878,0.000514323,0.000521522,220537926.35059994,0
SPELL.V,D,20241006,000000,0.000521617,0.000540908,0.000521022,0.000528805,197512150.02159995,0
SPELL.V,D,20241007,000000,0.00052851,0.000556239,0.00052851,0.000543737,329012471.88253987,0
SPELL.V,D,20241008,000000,0.000543237,0.000543237,0.000514917,0.000524622,241333836.5337001,0
SPELL.V,D,20241009,000000,0.000523218,0.000530339,0.000499555,0.000505145,241092829.0212001,0
SPELL.V,D,20241010,000000,0.000505495,0.000513624,0.000492053,0.000510348,373401257.5791998,0
SPELL.V,D,20241011,000000,0.000509849,0.00053473,0.000507246,0.000533731,228289669.36840993,0
SPELL.V,D,20241012,000000,0.000533831,0.000545182,0.000532003,0.000536734,237565326.70570022,0
SPELL.V,D,20241013,000000,0.000536334,0.000579856,0.000516042,0.000575264,857957730.4493004,0
SPELL.V,D,20241014,000000,0.000575564,0.000696419,0.000566311,0.000640204,15973383097.193134,0
SPELL.V,D,20241015,000000,0.000639698,0.000653219,0.000592146,0.000599144,2403069239.378931,0
SPELL.V,D,20241016,000000,0.000597944,0.000617708,0.000588918,0.000596863,811035840.2308996,0
SPELL.V,D,20241017,000000,0.00059768,0.00059948,0.00056092,0.0005726,475342508.09789985,0
SPELL.V,D,20241018,000000,0.0005725,0.000618534,0.0005725,0.000592529,1565091321.419399,0
SPELL.V,D,20241019,000000,0.000593023,0.000608672,0.000588259,0.000596163,223353320.68219995,0
SPELL.V,D,20241020,000000,0.0005933,0.000640701,0.000583866,0.000614797,1061820906.5009012,0
SPELL.V,D,20241021,000000,0.000617085,0.000633764,0.000585754,0.00059425,607198641.9659997,0
SPELL.V,D,20241022,000000,0.000592857,0.00059958,0.000572436,0.000582386,488503805.53960073,0
SPELL.V,D,20241023,000000,0.00058248,0.000587083,0.000535733,0.000552325,417643848.7425995,0
SPELL.V,D,20241024,000000,0.000552714,0.000646663,0.000544644,0.000622526,7565503579.006617,0
SPELL.V,D,20241025,000000,0.000620527,0.000624306,0.000558473,0.000569373,1700463372.784902,0
SPELL.V,D,20241026,000000,0.000569074,0.000569074,0.000508973,0.000534499,774516432.1624999,0
SPELL.V,D,20241027,000000,0.0005339,0.000544969,0.000526183,0.000541867,494841079.8611995,0
SPELL.V,D,20241028,000000,0.000543056,0.000546228,0.000513609,0.000539433,744709604.3713006,0
SPELL.V,D,20241029,000000,0.000540122,0.000593463,0.000535452,0.000580314,1538176699.2416015,0
SPELL.V,D,20241030,000000,0.000580114,0.000601989,0.000557155,0.000564114,1584777766.9276023,0
SPELL.V,D,20241031,000000,0.000564319,0.000566224,0.000524134,0.000527408,309559322.1765999,0
SPELL.V,D,20241101,000000,0.000527308,0.000548377,0.000513368,0.000522839,637615713.4450004,0
SPELL.V,D,20241102,000000,0.000524243,0.000531645,0.0005115,0.000516755,573583480.7401994,0
SPELL.V,D,20241103,000000,0.000516755,0.000518529,0.000488639,0.000506702,538771111.5489,0
SPELL.V,D,20241104,000000,0.000504503,0.000517462,0.000466269,0.00048042,1035190665.2241014,0
SPELL.V,D,20241105,000000,0.000478227,0.00051736,0.00047688,0.000506439,427126533.0524585,0
SPELL.V,D,20241106,000000,0.000507639,0.000565739,0.000507054,0.000565739,850863507.9378012,0
SPELL.V,D,20241107,000000,0.000565539,0.000575339,0.000545667,0.000565583,441413618.98443055,0
SPELL.V,D,20241108,000000,0.000564682,0.000585573,0.000548566,0.000566568,942714618.5743992,0
SPELL.V,D,20241109,000000,0.000566068,0.000900261,0.000557545,0.000679897,44590145265.73467,0
SPELL.V,D,20241110,000000,0.000680304,0.000811162,0.000660517,0.000710298,23646544129.189335,0
SPELL.V,D,20241111,000000,0.000710798,0.000733903,0.000677688,0.000723324,4005116860.227706,0
SPELL.V,D,20241112,000000,0.000723116,0.000760745,0.000651573,0.000721068,3823817095.067699,0
SPELL.V,D,20241113,000000,0.000721369,0.000816304,0.00065519,0.000738111,8077939097.401393,0
SPELL.V,D,20241114,000000,0.000737911,0.000816343,0.000707742,0.000728787,4348822324.857494,0
SPELL.V,D,20241115,000000,0.00072998,0.001011945,0.000703928,0.000857157,18363269197.774734,0
SPELL.V,D,20241116,000000,0.000855357,0.000928121,0.000815983,0.000848197,10067579017.85248,0
SPELL.V,D,20241117,000000,0.000847797,0.000860483,0.000786,0.000787832,2277560209.8482633,0
SPELL.V,D,20241118,000000,0.000786224,0.000829283,0.0007821,0.000809728,910396649.2849017,0
SPELL.V,D,20241119,000000,0.000810429,0.00082041,0.000771448,0.000779188,943111287.8220003,0
SPELL.V,D,20241120,000000,0.000778988,0.000825242,0.000740688,0.000758223,1150029711.9598997,0
SPELL.V,D,20241121,000000,0.000757122,0.000795778,0.000727561,0.0007826,676242985.3638494,0
SPELL.V,D,20241122,000000,0.000779942,0.000807399,0.000764064,0.00078681,833136740.816301,0
SPELL.V,D,20241123,000000,0.000787718,0.000873604,0.000785086,0.000840006,1484975870.2606926,0
SPELL.V,D,20241124,000000,0.000840006,0.000898988,0.000795153,0.000878277,1759732775.5057979,0
SPELL.V,D,20241125,000000,0.00088108,0.000889297,0.0007979,0.000826685,861874481.0098003,0
SPELL.V,D,20241126,000000,0.000825627,0.000860092,0.000765437,0.000796997,891934949.2228597,0
SPELL.V,D,20241127,000000,0.000796805,0.000911875,0.000781817,0.000876075,1415582347.4364998,0
SPELL.V,D,20241128,000000,0.000875975,0.001147533,0.000845604,0.000961648,20546607650.35372,0
SPELL.V,D,20241129,000000,0.000961638,0.00100499,0.000929284,0.000963303,5744592780.575028,0
SPELL.V,D,20241130,000000,0.000961492,0.000992546,0.000948041,0.000970988,1839368089.9339712,0
SPELL.V,D,20241201,000000,0.000970888,0.00100121,0.000940789,0.000986513,1307499328.0953991,0
SPELL.V,D,20241202,000000,0.000986313,0.001002792,0.000916066,0.000964047,1281768019.3720813,0
SPELL.V,D,20241203,000000,0.000962846,0.00109079,0.000937572,0.00107652,3787060120.842187,0
SPELL.V,D,20241204,000000,0.0010742,0.00127515,0.00102605,0.00114554,7088546966.973219,0
SPELL.V,D,20241205,000000,0.00114074,0.00121118,0.00108651,0.00115008,2268339960.2987413,0
SPELL.V,D,20241206,000000,0.00114885,0.00120872,0.00110326,0.00115375,1652922617.8952894,0
SPELL.V,D,20241207,000000,0.00115263,0.00119758,0.00114285,0.00116722,1554167817.2969105,0
SPELL.V,D,20241208,000000,0.00116401,0.00118298,0.00111676,0.00117286,901756030.5460511,0
SPELL.V,D,20241209,000000,0.00117266,0.00117365,0.0008689,0.000950075,1200380778.2280617,0
SPELL.V,D,20241210,000000,0.000946884,0.000979264,0.000828933,0.000929565,1320968344.7815897,0
SPELL.V,D,20241211,000000,0.000928964,0.0010141,0.00087589,0.001004902,767074025.2768987,0
SPELL.V,D,20241212,000000,0.001003101,0.00103819,0.000973868,0.000990818,825595124.5767815,0
SPELL.V,D,20241213,000000,0.000988668,0.00100184,0.000959034,0.000974185,500416696.34144956,0
SPELL.V,D,20241214,000000,0.000976276,0.00100206,0.000918217,0.000937016,657415507.5444001,0
SPELL.V,D,20241215,000000,0.000937606,0.000971002,0.000909327,0.000940474,422683387.68419045,0
SPELL.V,D,20241216,000000,0.000942302,0.000988078,0.000911926,0.000956258,487873410.3820902,0
SPELL.V,D,20241217,000000,0.000957568,0.000959459,0.000887056,0.000890211,434599476.2817799,0
SPELL.V,D,20241218,000000,0.000889811,0.000894145,0.00079032,0.000818164,650077942.280171,0
SPELL.V,D,20241219,000000,0.000819121,0.000827454,0.000711866,0.000754113,888555326.4373846,0
SPELL.V,D,20241220,000000,0.000752023,0.000765617,0.000637852,0.000765587,1399771146.7162669,0
SPELL.V,D,20241221,000000,0.000765187,0.000819474,0.000724652,0.000729969,493197935.0128994,0
SPELL.V,D,20241222,000000,0.000732353,0.000757977,0.000710553,0.000734133,377629268.76918113,0
SPELL.V,D,20241223,000000,0.000733056,0.000791083,0.000717361,0.000785562,397126717.2106003,0
SPELL.V,D,20241224,000000,0.000788842,0.000831709,0.00075909,0.000812182,390296812.108907,0
SPELL.V,D,20241225,000000,0.000812064,0.00082544,0.000785802,0.000793285,292277486.4724878,0
SPELL.V,D,20241226,000000,0.000791695,0.000805779,0.000736518,0.000748306,302458942.9849472,0
SPELL.V,D,20241227,000000,0.000748468,0.000788605,0.000739589,0.000749904,508568976.5073399,0
SPELL.V,D,20241228,000000,0.000749304,0.000793417,0.000745183,0.000778833,408872820.4638006,0
SPELL.V,D,20241229,000000,0.000778234,0.000778234,0.000735164,0.000738557,283495383.38560325,0
SPELL.V,D,20241230,000000,0.000739755,0.000767792,0.000722627,0.000741847,401023884.32254004,0
SPELL.V,D,20241231,000000,0.00074015,0.000763422,0.000719169,0.00073493,291769211.2834996,0
SPELL.V,D,20250101,000000,0.00073543,0.000759163,0.000713606,0.000757022,293588436.4508499,0
SPELL.V,D,20250102,000000,0.000757015,0.00079019,0.000752616,0.000765411,302273310.91539997,0
SPELL.V,D,20250103,000000,0.000764719,0.000822895,0.000757504,0.000818089,324154624.0822883,0
SPELL.V,D,20250104,000000,0.00081918,0.000831459,0.000803196,0.000819661,288766987.2648999,0
SPELL.V,D,20250105,000000,0.000819244,0.000976917,0.000802375,0.000896076,9089146863.542372,0
SPELL.V,D,20250106,000000,0.000896576,0.000917287,0.000853167,0.000874145,4331395565.201699,0
SPELL.V,D,20250107,000000,0.000876154,0.00088661,0.000780235,0.000790981,913214198.9299185,0
SPELL.V,D,20250108,000000,0.000789689,0.000790626,0.000725145,0.000759065,466093385.06439984,0
SPELL.V,D,20250109,000000,0.000759372,0.000766639,0.000716206,0.000736048,235964275.78460008,0
SPELL.V,D,20250110,000000,0.000732456,0.00076237,0.000728,0.000750242,148856464.4656999,0
SPELL.V,D,20250111,000000,0.000748035,0.000753099,0.000730423,0.000738545,243747853.86110035,0
SPELL.V,D,20250112,000000,0.000739645,0.000745497,0.000712729,0.00071547,235223685.78870988,0
SPELL.V,D,20250113,000000,0.00071657,0.000740452,0.000645783,0.000694808,413583748.85230005,0
SPELL.V,D,20250114,000000,0.000695108,0.000724903,0.000686891,0.000724603,464925356.8041996,0
SPELL.V,D,20250115,000000,0.000722604,0.000750733,0.000694108,0.000748122,336201435.7048,0
SPELL.V,D,20250116,000000,0.00074943,0.000829426,0.000732039,0.000760517,2376389033.262445,0
SPELL.V,D,20250117,000000,0.000761432,0.00139792,0.000759463,0.00120057,29290266524.247673,0
SPELL.V,D,20250118,000000,0.00119818,0.00132301,0.00097097,0.00106053,41101446086.290474,0
SPELL.V,D,20250119,000000,0.00105973,0.00107974,0.000894757,0.000943961,9703325641.109476,0
SPELL.V,D,20250120,000000,0.000940811,0.001015366,0.000859094,0.000883685,2829761329.29302,0
SPELL.V,D,20250121,000000,0.000884384,0.000960523,0.000845127,0.000902535,1663820661.7044067,0
SPELL.V,D,20250122,000000,0.000902307,0.000908482,0.000848749,0.000858502,1372581251.293921,0
SPELL.V,D,20250123,000000,0.000855903,0.001055679,0.000815874,0.001008222,10604410335.636442,0
SPELL.V,D,20250124,000000,0.001007822,0.00125006,0.0009896,0.00109228,31036695087.96269,0
SPELL.V,D,20250125,000000,0.00109308,0.00118615,0.00101468,0.00103411,8339906431.021492,0
SPELL.V,D,20250126,000000,0.0010339,0.0018103,0.00103101,0.00164005,49107466735.890045,0
SPELL.V,D,20250127,000000,0.00164655,0.00173477,0.0013396,0.00136225,21138334735.910267,0
SPELL.V,D,20250128,000000,0.00136606,0.00208661,0.00132586,0.00171498,36212094893.08487,0
SPELL.V,D,20250129,000000,0.00171598,0.00194836,0.00163747,0.00173113,32665338973.66307,0
SPELL.V,D,20250130,000000,0.00173063,0.00190213,0.00168916,0.00169417,13646174856.48369,0
SPELL.V,D,20250131,000000,0.00169497,0.00172429,0.00152213,0.00154185,7520842828.206879,0
SPELL.V,D,20250201,000000,0.00154147,0.00157883,0.00129192,0.00130519,6603251259.198695,0
SPELL.V,D,20250202,000000,0.00130207,0.00132018,0.00109425,0.00113136,4203201391.666536,0
SPELL.V,D,20250203,000000,0.00113906,0.00122765,0.0008803,0.00115766,6933982522.470454,0
SPELL.V,D,20250204,000000,0.00115266,0.00126601,0.00100732,0.00105722,6178697175.108175,0
SPELL.V,D,20250205,000000,0.00106142,0.00126333,0.00105334,0.00110968,12194578731.677988,0
SPELL.V,D,20250206,000000,0.00110969,0.00122377,0.00103896,0.00105427,4564242582.4109745,0
SPELL.V,D,20250207,000000,0.00105356,0.00117325,0.00101276,0.00102443,3128317967.0339055,0
SPELL.V,D,20250208,000000,0.00102303,0.00109657,0.00100265,0.00104138,2362733316.1674495,0
SPELL.V,D,20250209,000000,0.00104048,0.00108381,0.000956334,0.000990419,1390516989.4831011,0
SPELL.V,D,20250210,000000,0.000989319,0.001024592,0.000971604,0.000982347,1032970332.179729,0
SPELL.V,D,20250211,000000,0.000982767,0.0010208,0.000917162,0.00091899,1084590354.0998,0
SPELL.V,D,20250212,000000,0.00092009,0.000963048,0.000875691,0.000947966,1175257571.376211,0
SPELL.V,D,20250213,000000,0.000950767,0.000963706,0.000895691,0.000897,851596752.1489122,0
SPELL.V,D,20250214,000000,0.000898372,0.000948295,0.000898372,0.000905154,1503168242.3442001,0
SPELL.V,D,20250215,000000,0.000905954,0.000928646,0.000859877,0.000871678,1520760174.0776982,0
