<TICKER>,<PER>,<DATE>,<TIME>,<OPEN>,<HIGH>,<LOW>,<CLOSE>,<VOL>,<OPENINT>
SSV.V,D,20220516,000000,8.58782,8.87345,7.94666,8.43218,1323.942561083905,0
SSV.V,D,20220517,000000,8.45,9.28691,8.28439,8.57869,1035.7249039014662,0
SSV.V,D,20220518,000000,8.64362,8.77058,7.56415,7.74592,1634.6672020378967,0
SSV.V,D,20220519,000000,7.77011,8.61224,7.51546,7.72904,861.2362154714801,0
SSV.V,D,20220520,000000,7.81396,8.30035,7.72172,7.78165,741.270640561933,0
SSV.V,D,20220521,000000,7.73773,7.89543,7.71903,7.81862,386.691510017826,0
SSV.V,D,20220522,000000,7.81263,8.41829,7.81263,8.41519,299.1355931894902,0
SSV.V,D,20220523,000000,8.41355,8.46927,7.88613,8.25458,637.4171577231898,0
SSV.V,D,20220524,000000,8.20814,8.23293,7.65081,7.80705,405.19312930290994,0
SSV.V,D,20220525,000000,7.80626,8.08319,7.77548,7.87643,667.3544206425687,0
SSV.V,D,20220526,000000,7.89401,8.03245,6.65777,7.48551,2929.5888413014936,0
SSV.V,D,20220527,000000,7.46153,7.46153,6.92667,6.92667,630.6492157487999,0
SSV.V,D,20220528,000000,7.04672,7.12896,6.9125,6.96705,196.8184854860169,0
SSV.V,D,20220529,000000,6.96626,7.21983,6.72034,7.15148,465.8359713346501,0
SSV.V,D,20220530,000000,7.15248,7.5505,6.8931,7.35885,903.4331976762178,0
SSV.V,D,20220531,000000,7.36384,7.79276,7.2492,7.48226,1062.4496888477777,0
SSV.V,D,20220601,000000,7.47926,7.52298,6.71395,6.95673,1111.7104036309297,0
SSV.V,D,20220602,000000,6.87712,7.01968,6.82185,6.97072,998.4971201807655,0
SSV.V,D,20220603,000000,7.07063,7.17362,6.73512,6.73613,1255.4334149562542,0
SSV.V,D,20220604,000000,6.8523,6.8523,6.45754,6.61204,3447.3285810498182,0
SSV.V,D,20220605,000000,6.73526,6.88115,6.58866,6.65574,1083.375830181807,0
SSV.V,D,20220606,000000,6.70889,7.38768,6.69331,7.23592,2891.4832794214713,0
SSV.V,D,20220607,000000,7.22714,7.22721,6.5443,7.08033,4684.136860167568,0
SSV.V,D,20220608,000000,7.11352,7.46444,6.91137,6.9175,3740.308011727903,0
SSV.V,D,20220609,000000,6.98583,7.33302,6.86564,7.19588,3243.6524987504754,0
SSV.V,D,20220610,000000,7.03352,7.05321,6.65907,6.71246,1344.8684950921056,0
SSV.V,D,20220611,000000,6.67056,6.79472,5.98199,5.99915,3391.5752780542557,0
SSV.V,D,20220612,000000,6.00878,6.17155,5.92689,6.14933,1974.4198495267221,0
SSV.V,D,20220613,000000,6.06427,6.06439,4.5931,4.75553,6424.9639612435285,0
SSV.V,D,20220614,000000,4.75495,5.47577,4.37173,5.13803,25315.371921212325,0
SSV.V,D,20220615,000000,5.13828,5.30688,4.31691,4.97862,37967.53524298573,0
SSV.V,D,20220616,000000,5.05353,5.05353,4.60563,4.61932,2291.425803736207,0
SSV.V,D,20220617,000000,4.49383,4.61839,4.36559,4.46987,20918.966779433005,0
SSV.V,D,20220618,000000,4.46528,4.47356,3.64562,3.90726,66665.79350609727,0
SSV.V,D,20220619,000000,3.92038,4.81362,3.92034,4.78865,32233.17437802396,0
SSV.V,D,20220620,000000,4.83529,4.86725,4.60564,4.77916,29706.244264101875,0
SSV.V,D,20220621,000000,4.76785,5.19644,4.70881,5.02277,1139.8526159653718,0
SSV.V,D,20220622,000000,5.03056,5.08111,4.59674,4.70809,2195.4888161656067,0
SSV.V,D,20220623,000000,4.71808,4.9984,4.7176,4.9943,729.1900512919767,0
SSV.V,D,20220624,000000,5.10619,5.10619,4.34575,4.72193,4527.729919887158,0
SSV.V,D,20220625,000000,4.75914,4.76373,4.413,4.5649,3065.380108759475,0
SSV.V,D,20220626,000000,4.58151,4.67594,4.40607,4.66449,1345.621385648019,0
SSV.V,D,20220627,000000,4.64745,4.64745,4.34656,4.42277,975.7585507601497,0
SSV.V,D,20220628,000000,4.44474,4.49389,4.39965,4.43392,1332.3465110357897,0
SSV.V,D,20220629,000000,4.38451,4.3846,4.16355,4.22138,766.2978582714213,0
SSV.V,D,20220630,000000,4.26064,4.26499,3.85309,3.92973,3627.047501489361,0
SSV.V,D,20220701,000000,3.87944,4.1581,3.87944,4.15619,2136.9383964755875,0
SSV.V,D,20220702,000000,4.11876,4.11876,4.00489,4.10926,3372.512184481371,0
SSV.V,D,20220703,000000,4.10127,4.15111,4.05192,4.11375,2184.345642979619,0
SSV.V,D,20220704,000000,4.12893,4.14912,3.9948,4.14912,975.7249303084401,0
SSV.V,D,20220705,000000,4.14912,4.47732,4.14912,4.43901,4103.86724483229,0
SSV.V,D,20220706,000000,4.5403,4.70162,4.48052,4.67665,1574.2277344725885,0
SSV.V,D,20220707,000000,4.73172,5.03136,4.72859,4.997,1586.5865420371101,0
SSV.V,D,20220708,000000,5.05645,5.34326,5.05645,5.34326,570.4965470136199,0
SSV.V,D,20220709,000000,5.37457,5.38577,5.15149,5.27233,1315.5912834771889,0
SSV.V,D,20220710,000000,5.26854,5.26914,5.09694,5.10883,1982.1774628802195,0
SSV.V,D,20220711,000000,5.13552,5.13552,5.0004,5.0004,720.8548192138495,0
SSV.V,D,20220712,000000,4.85832,5.46962,4.66873,4.67452,1424.6820360185097,0
SSV.V,D,20220713,000000,4.67413,5.95354,4.63918,5.67449,1378.22393146625,0
SSV.V,D,20220714,000000,5.62267,5.94694,5.20733,5.73196,3096.531840327708,0
SSV.V,D,20220715,000000,5.91005,8.10913,5.84069,7.60796,4108.1789033037685,0
SSV.V,D,20220716,000000,7.57517,7.89384,6.17986,7.21636,1717.3750363185995,0
SSV.V,D,20220717,000000,7.63567,9.90842,7.19878,7.66523,3098.2292859612376,0
SSV.V,D,20220718,000000,7.66683,8.7438,7.40603,7.88765,2167.668082907715,0
SSV.V,D,20220719,000000,7.88971,8.49924,7.18226,7.86748,3311.3423864593406,0
SSV.V,D,20220720,000000,7.8471,8.45762,7.2375,7.32897,2920.727858700293,0
SSV.V,D,20220721,000000,7.33378,7.61147,6.85569,7.61147,2770.9881108922805,0
SSV.V,D,20220722,000000,7.6117,8.11554,7.51473,7.51473,3229.951136461209,0
SSV.V,D,20220723,000000,7.50453,7.8201,7.27405,7.29339,1047.2732210461495,0
SSV.V,D,20220724,000000,7.2916,7.66772,7.10817,7.30649,1528.6972741907978,0
SSV.V,D,20220725,000000,7.23499,7.26088,6.43817,6.50939,1555.9343903082229,0
SSV.V,D,20220726,000000,6.40087,6.43073,5.83163,5.85012,5041.231705920559,0
SSV.V,D,20220727,000000,5.9868,7.60156,5.98446,7.45561,2256.3676050170593,0
SSV.V,D,20220728,000000,7.55979,9.50009,7.55956,9.0195,4474.733486572714,0
SSV.V,D,20220729,000000,9.09816,9.9626,8.27795,8.72147,2146.4906554261206,0
SSV.V,D,20220730,000000,8.76428,9.00315,8.44645,8.68008,739.04041031749,0
SSV.V,D,20220731,000000,8.54986,8.62348,8.3522,8.54145,809.32011904789,0
SSV.V,D,20220801,000000,8.2953,8.29563,7.52285,7.55777,2524.5536160788733,0
SSV.V,D,20220802,000000,7.50232,8.75983,7.19481,8.3274,974.6026496001398,0
SSV.V,D,20220803,000000,8.5058,9.20193,8.17236,8.93722,2346.832659339361,0
SSV.V,D,20220804,000000,9.0135,9.547,8.00034,8.41031,2379.7084791346006,0
SSV.V,D,20220805,000000,8.39894,9.21645,8.32995,8.93259,3304.3501827650184,0
SSV.V,D,20220806,000000,8.9291,9.26979,8.70605,8.77322,660.8853832836497,0
SSV.V,D,20220807,000000,8.79521,9.15965,8.64992,9.10183,1603.8593962176813,0
SSV.V,D,20220808,000000,9.12094,10.42503,9.03398,9.67836,2912.37766034835,0
SSV.V,D,20220809,000000,9.76385,9.76805,8.4431,8.62901,2265.599815179747,0
SSV.V,D,20220810,000000,8.72769,10.49762,8.48404,10.31689,2600.0415848278653,0
SSV.V,D,20220811,000000,10.31669,11.77388,10.31069,11.18763,3272.9439766739056,0
SSV.V,D,20220812,000000,11.10295,11.20538,10.52516,11.08083,1208.1427418151409,0
SSV.V,D,20220813,000000,11.35145,12.97639,11.35145,11.61041,1644.5976718937832,0
SSV.V,D,20220814,000000,11.62249,12.77934,10.70257,11.0137,2426.0241155123185,0
SSV.V,D,20220815,000000,11.00852,11.64704,10.03131,10.60093,2701.9162702657486,0
SSV.V,D,20220816,000000,10.59631,11.22709,9.88518,10.86364,1340.6445697699648,0
SSV.V,D,20220817,000000,10.86009,11.23079,10.0003,10.0391,933.5237904537786,0
SSV.V,D,20220818,000000,10.19142,13.00245,10.15761,12.52005,4721.277894093981,0
SSV.V,D,20220819,000000,12.52025,12.56356,9.8,9.8,4191.00059900004,0
SSV.V,D,20220820,000000,9.80049,10.04581,9.31802,9.39591,3598.067580467151,0
SSV.V,D,20220821,000000,9.43431,16.7735,9.40581,15.1809,14420.318505067264,0
SSV.V,D,20220822,000000,15.141,16.96934,12.70151,13.98248,6379.5060938502365,0
SSV.V,D,20220823,000000,13.98236,18.8382,13.98236,17.89236,5892.76207460102,0
SSV.V,D,20220824,000000,17.90482,18.63885,15.48563,16.40878,3261.773255875114,0
SSV.V,D,20220825,000000,16.38775,18.00234,15.70426,16.35831,4480.815389037968,0
SSV.V,D,20220826,000000,16.34026,18.42479,14.24434,14.25468,3016.5701815606385,0
SSV.V,D,20220827,000000,14.25953,15.26357,13.60974,13.84678,2336.6221004299655,0
SSV.V,D,20220828,000000,14.0229,14.8068,13.78866,14.35406,2883.584524853279,0
SSV.V,D,20220829,000000,14.31776,14.48226,13.26137,14.01036,2339.7636523250408,0
SSV.V,D,20220830,000000,13.95542,14.68971,12.60429,12.65677,1388.945680647113,0
SSV.V,D,20220831,000000,12.83401,14.3285,12.72012,12.84813,1418.2001438508112,0
SSV.V,D,20220901,000000,12.92,13.0293,12.34512,12.62824,1703.4908699749553,0
SSV.V,D,20220902,000000,12.64407,16.74758,12.462,16.6749,5290.938841847855,0
SSV.V,D,20220903,000000,16.66207,16.75268,14.0622,14.7468,3187.5611026798624,0
SSV.V,D,20220904,000000,14.7742,15.0107,13.7716,14.2604,1482.9581918185806,0
SSV.V,D,20220905,000000,14.264,15.5,13.8928,15.0416,2382.012505568112,0
SSV.V,D,20220906,000000,15.13321,17.09351,14.1113,14.4658,3805.9653127234305,0
SSV.V,D,20220907,000000,14.45905,15.016,13.49946,14.92574,3473.1846494147003,0
SSV.V,D,20220908,000000,15.09786,15.21566,14.08887,14.33425,566.0282856109213,0
SSV.V,D,20220909,000000,14.33985,16.3753,14.28794,15.4666,1327.1449906862003,0
SSV.V,D,20220910,000000,15.45513,16.46098,15.41897,15.69978,754.6648429741239,0
SSV.V,D,20220911,000000,15.71823,18.00486,15.68596,17.04219,2506.5678372644775,0
SSV.V,D,20220912,000000,17.14591,19.45344,16.58531,17.65086,3320.5356272019644,0
SSV.V,D,20220913,000000,17.6473,20.003,16.34491,16.64893,3993.292861379849,0
SSV.V,D,20220914,000000,16.64337,17.99982,15.32701,15.65781,2278.3397747102867,0
SSV.V,D,20220915,000000,15.69288,17.3126,14.06219,14.52755,2839.8180206272673,0
SSV.V,D,20220916,000000,14.51339,14.59883,12.5122,13.08099,2133.653202570102,0
SSV.V,D,20220917,000000,13.06629,14.54365,13.06629,13.42644,1875.0925876092358,0
SSV.V,D,20220918,000000,13.4257,14.1236,12.4053,12.461,1095.1657864595206,0
SSV.V,D,20220919,000000,12.46205,12.4998,11.25967,12.0164,1689.8530331276002,0
SSV.V,D,20220920,000000,12.0234,13.81488,11.44774,12.2925,1680.1700653165058,0
SSV.V,D,20220921,000000,12.263,13.31553,11.6864,11.75558,1544.6565268776542,0
SSV.V,D,20220922,000000,11.75017,12.1388,10.75,11.76902,815.8971867819165,0
SSV.V,D,20220923,000000,11.7678,12.25433,10.8954,11.19398,593.7899105306266,0
SSV.V,D,20220924,000000,11.21845,11.66878,11.0931,11.35662,306.4744884899902,0
SSV.V,D,20220925,000000,11.3556,11.80937,11.06171,11.27689,304.613047151035,0
SSV.V,D,20220926,000000,11.26084,11.58396,10.3769,10.5238,1955.6332581167198,0
SSV.V,D,20220927,000000,10.5115,12.9705,10.5103,11.89961,1749.9025976828439,0
SSV.V,D,20220928,000000,11.90911,12.38396,11.0045,11.6324,914.3825571379303,0
SSV.V,D,20220929,000000,11.6331,12.06299,11.1476,11.35564,840.9997328419721,0
SSV.V,D,20220930,000000,11.356,11.71107,11.2214,11.304,433.0523619896168,0
SSV.V,D,20221001,000000,11.303,11.39146,10.9339,10.9774,377.30426596232314,0
SSV.V,D,20221002,000000,10.9775,11.1725,10.8172,10.9553,287.7769068300549,0
SSV.V,D,20221003,000000,10.954,11.1096,10.53565,10.89818,494.1770106071822,0
SSV.V,D,20221004,000000,10.89937,11.9959,10.89937,11.6649,497.49794801295906,0
SSV.V,D,20221005,000000,11.6703,11.6703,11.12681,11.22742,737.3654099219696,0
SSV.V,D,20221006,000000,11.23035,11.56238,11.2284,11.42951,125.713255957273,0
SSV.V,D,20221007,000000,11.41635,11.42634,10.92674,11.01624,165.727533750367,0
SSV.V,D,20221008,000000,11.00432,11.03477,10.76909,10.86623,573.0217558421325,0
SSV.V,D,20221009,000000,10.83297,11.23905,10.816,11.14103,761.0324229493311,0
SSV.V,D,20221010,000000,11.12891,11.21082,10.8942,10.9205,512.3520201815455,0
SSV.V,D,20221011,000000,10.9201,10.9201,10.31257,10.34707,625.5078705683796,0
SSV.V,D,20221012,000000,10.34514,10.67107,10.34514,10.45081,476.3591527354979,0
SSV.V,D,20221013,000000,10.45261,10.65615,9.81891,10.64375,807.0156738493606,0
SSV.V,D,20221014,000000,10.64365,11.56636,10.56114,10.97291,1183.2420736254653,0
SSV.V,D,20221015,000000,10.97863,10.98377,10.47213,10.47733,352.42308435743206,0
SSV.V,D,20221016,000000,10.46533,10.59993,10.43262,10.53503,213.59525146103817,0
SSV.V,D,20221017,000000,10.53162,11.09377,10.41891,10.74605,314.7720162612168,0
SSV.V,D,20221018,000000,10.74641,11.04677,10.46831,10.58913,268.93252470034327,0
SSV.V,D,20221019,000000,10.58632,10.89452,10.2393,10.3,404.8105298488627,0
SSV.V,D,20221020,000000,10.2962,10.29881,9.84152,9.84152,815.4434808150601,0
SSV.V,D,20221021,000000,9.84631,9.85591,8.84982,9.34779,950.5618870265704,0
SSV.V,D,20221022,000000,9.33766,9.48448,9.14794,9.14822,335.28260660214,0
SSV.V,D,20221023,000000,9.14763,9.25271,8.82018,9.2032,1540.225226229681,0
SSV.V,D,20221024,000000,9.199,9.79468,9.12823,9.21668,213.14907123126085,0
SSV.V,D,20221025,000000,9.21134,12.00304,9.12692,11.20643,2782.199493268301,0
SSV.V,D,20221026,000000,11.16338,11.59301,10.64467,10.86712,2012.089571574299,0
SSV.V,D,20221027,000000,10.87943,12.7133,10.87943,11.72049,3801.1102083156647,0
SSV.V,D,20221028,000000,11.73662,11.89462,10.80142,11.79271,481.0254389948526,0
SSV.V,D,20221029,000000,11.79778,11.93976,10.91282,10.96603,1282.7356527988215,0
SSV.V,D,20221030,000000,10.96323,10.96323,10.26976,10.30576,691.1011931523202,0
SSV.V,D,20221031,000000,10.31186,10.7509,10.16548,10.17759,995.1900831802438,0
SSV.V,D,20221101,000000,10.17789,10.55151,9.90572,10.08649,328.7595644232417,0
SSV.V,D,20221102,000000,10.08629,10.8366,9.8164,9.92421,720.0096305527012,0
SSV.V,D,20221103,000000,9.9364,11.16918,9.9364,10.529,1053.7930511033321,0
SSV.V,D,20221104,000000,10.52689,11.6677,10.33819,10.93848,1841.1396927105775,0
SSV.V,D,20221105,000000,10.94006,11.48127,10.93085,10.98556,478.64007146427497,0
SSV.V,D,20221106,000000,10.98925,11.12407,10.75228,10.75775,366.461268880448,0
SSV.V,D,20221107,000000,10.76536,10.81281,9.87869,9.9964,2331.9989867970335,0
SSV.V,D,20221108,000000,10.0019,10.19406,7.97035,8.61437,1072.518924102358,0
SSV.V,D,20221109,000000,8.61437,8.84786,7.7526,7.7526,5509.262431521093,0
SSV.V,D,20221110,000000,7.79599,9.26956,7.0875,8.6139,1965.2021127812036,0
SSV.V,D,20221111,000000,8.70003,9.81633,7.3446,7.77632,1556.6264887488346,0
SSV.V,D,20221112,000000,7.71817,7.91064,7.2637,7.83827,924.7131262041969,0
SSV.V,D,20221113,000000,7.83487,7.94836,7.1582,7.59811,9731.00364138027,0
SSV.V,D,20221114,000000,7.59635,8.93626,7.22757,8.27217,31311.137129011102,0
SSV.V,D,20221115,000000,8.28995,8.87761,8.25583,8.46932,8210.86899741557,0
SSV.V,D,20221116,000000,8.45576,8.56227,7.90975,8.09812,10762.390313884345,0
SSV.V,D,20221117,000000,8.07479,10.74129,8.05444,10.18065,75172.81835024504,0
SSV.V,D,20221118,000000,10.18015,10.79145,9.54141,9.65968,40965.45978486177,0
SSV.V,D,20221119,000000,9.65608,10.13963,9.30842,9.72338,7593.961425382681,0
SSV.V,D,20221120,000000,9.7003,13.43775,9.67108,11.26086,152263.15089068963,0
SSV.V,D,20221121,000000,11.26086,11.85329,10.0504,10.41349,70680.97107169867,0
SSV.V,D,20221122,000000,10.38762,10.59897,9.69395,10.05461,29582.92026373044,0
SSV.V,D,20221123,000000,10.08767,11.16887,10.08767,10.4076,15516.071021639194,0
SSV.V,D,20221124,000000,10.39127,11.45903,10.14968,10.28226,26271.672318205496,0
SSV.V,D,20221125,000000,10.28725,10.79994,10.18208,10.46921,24497.313045341994,0
SSV.V,D,20221126,000000,10.47082,10.83839,9.75256,9.86678,8469.89082455857,0
SSV.V,D,20221127,000000,9.86987,10.3301,9.86987,10.10633,16947.143726553255,0
SSV.V,D,20221128,000000,9.86956,9.90425,9.60741,9.82586,7652.95595609168,0
SSV.V,D,20221129,000000,9.88944,10.31989,9.88944,10.31459,6869.774363644047,0
SSV.V,D,20221130,000000,10.34379,10.90065,10.34349,10.90055,10697.168176896017,0
SSV.V,D,20221201,000000,10.87996,10.91998,10.35804,10.56803,6862.846216262204,0
SSV.V,D,20221202,000000,10.49794,11.43214,10.49794,11.09187,45240.122686104434,0
SSV.V,D,20221203,000000,11.09164,11.15383,10.78301,10.84958,31584.30590972475,0
SSV.V,D,20221204,000000,10.81638,10.88939,10.63086,10.70534,10952.057243512809,0
SSV.V,D,20221205,000000,10.70974,11.21404,10.70974,10.79288,35739.12691115785,0
SSV.V,D,20221206,000000,10.79442,11.04931,10.2437,10.2472,5287.924450933598,0
SSV.V,D,20221207,000000,10.25889,10.4417,9.8994,10.124,9735.81001690742,0
SSV.V,D,20221208,000000,10.1563,10.30014,9.9713,10.21704,11490.238360654324,0
SSV.V,D,20221209,000000,10.22822,10.88431,10.16331,10.53863,5233.079421373232,0
SSV.V,D,20221210,000000,10.471,11.32419,9.5507,10.51469,14703.257958970415,0
SSV.V,D,20221211,000000,10.54979,13.16042,10.54979,11.78486,10247.80113583997,0
SSV.V,D,20221212,000000,11.78468,11.87447,10.87504,11.16921,2849.6203820061746,0
SSV.V,D,20221213,000000,11.17118,12.62644,10.67388,11.91486,4079.0744612865574,0
SSV.V,D,20221214,000000,11.89589,12.9387,11.6953,11.84641,3341.3783830617604,0
SSV.V,D,20221215,000000,11.84688,11.8499,10.94859,10.94899,1897.0102683626299,0
SSV.V,D,20221216,000000,10.94549,11.06481,10.10101,10.12101,1943.68501761999,0
SSV.V,D,20221217,000000,10.0011,10.17433,9.56366,9.81368,3051.4771800414796,0
SSV.V,D,20221218,000000,9.82518,10.58265,9.82498,10.0358,2868.700876635833,0
SSV.V,D,20221219,000000,10.0377,10.51136,9.30101,9.30101,1502.3168292584894,0
SSV.V,D,20221220,000000,9.28631,9.7453,9.282,9.60377,977.758895092514,0
SSV.V,D,20221221,000000,9.63059,10.36963,9.63059,9.9235,2466.1591789983318,0
SSV.V,D,20221222,000000,9.9172,10.2035,9.54065,9.62906,1275.5248508520388,0
SSV.V,D,20221223,000000,9.64715,9.9641,9.63746,9.88481,829.8556559586001,0
SSV.V,D,20221224,000000,9.86271,10.044,9.83892,10.044,898.4765213490499,0
SSV.V,D,20221225,000000,10.0259,10.18209,9.91531,10.04809,1134.5681149847205,0
SSV.V,D,20221226,000000,10.0542,10.16318,10.02369,10.04359,320.33831450236,0
SSV.V,D,20221227,000000,10.0534,10.53152,10.0531,10.14765,940.2857666376397,0
SSV.V,D,20221228,000000,10.12695,10.16226,9.94235,10.10304,891.4903896053498,0
SSV.V,D,20221229,000000,10.03468,10.31577,10.03468,10.31535,1127.2595001796503,0
SSV.V,D,20221230,000000,10.29967,10.39412,9.89235,9.93453,1107.3085022119,0
SSV.V,D,20221231,000000,9.94183,10.18431,9.93483,10.15662,1242.2516815505098,0
SSV.V,D,20230101,000000,10.10744,10.11673,9.80451,9.97631,1117.2950676845699,0
SSV.V,D,20230102,000000,9.97861,11.49222,9.97371,11.05787,5161.86984748118,0
SSV.V,D,20230103,000000,11.06326,11.58111,10.64443,10.71612,2436.781599385167,0
SSV.V,D,20230104,000000,10.71362,11.92091,10.71061,11.74112,2604.373448725983,0
SSV.V,D,20230105,000000,11.74602,12.29899,11.45703,12.19239,3218.592719768207,0
SSV.V,D,20230106,000000,12.15752,13.19604,11.59091,13.07178,2724.679755676251,0
SSV.V,D,20230107,000000,13.04089,13.10415,12.47948,12.49678,2962.251736385153,0
SSV.V,D,20230108,000000,12.49785,14.49797,12.39282,14.27776,5091.866001201647,0
SSV.V,D,20230109,000000,14.26839,14.6424,13.5856,13.5856,4801.347465420891,0
SSV.V,D,20230110,000000,13.59596,14.47629,13.39239,14.34867,3513.69795796641,0
SSV.V,D,20230111,000000,14.34515,14.34529,13.39606,13.69656,1693.1249309202174,0
SSV.V,D,20230112,000000,13.69493,14.41531,13.06497,14.40538,4520.801336593453,0
SSV.V,D,20230113,000000,14.41014,14.50586,13.79181,14.32203,2617.480116126132,0
SSV.V,D,20230114,000000,14.32685,15.62697,14.31978,15.11466,3784.7150207482487,0
SSV.V,D,20230115,000000,15.10306,15.39271,14.04817,14.42393,3265.475848762938,0
SSV.V,D,20230116,000000,14.42752,15.37346,14.32602,14.9961,3368.4653348726047,0
SSV.V,D,20230117,000000,14.99505,17.87525,14.67633,16.70354,12775.429241210688,0
SSV.V,D,20230118,000000,16.70337,18.90141,15.75953,16.32678,9098.415555633637,0
SSV.V,D,20230119,000000,16.32708,18.77162,16.135,18.21187,8716.598011253305,0
SSV.V,D,20230120,000000,18.22099,21.5742,18.14792,20.0107,13204.69431577289,0
SSV.V,D,20230121,000000,19.9888,21.03933,17.98422,18.11328,6918.362293673379,0
SSV.V,D,20230122,000000,18.11364,19.32067,17.26435,17.69606,5447.63576226066,0
SSV.V,D,20230123,000000,17.70356,19.68787,17.69494,18.88923,3733.051818607648,0
SSV.V,D,20230124,000000,18.90212,20.87361,18.90212,19.28217,4367.359182166629,0
SSV.V,D,20230125,000000,19.05307,19.36352,17.5503,18.98104,3829.220328203798,0
SSV.V,D,20230126,000000,18.96072,19.32299,17.5368,17.70302,4533.277164759362,0
SSV.V,D,20230127,000000,17.7283,17.97684,16.76382,17.46185,6590.285732035405,0
SSV.V,D,20230128,000000,17.41232,17.75944,16.39871,16.41748,5027.843422179924,0
SSV.V,D,20230129,000000,16.44359,17.82408,16.2538,17.23046,7511.096718899962,0
SSV.V,D,20230130,000000,17.24046,20.3201,16.46569,18.28578,15626.790938182905,0
SSV.V,D,20230131,000000,18.28848,19.9632,17.61237,19.00741,16681.14694801102,0
SSV.V,D,20230201,000000,19.02965,23.07891,18.27633,21.98414,21533.636738491823,0
SSV.V,D,20230202,000000,21.9842,30.05691,21.70585,23.53354,21239.722498385065,0
SSV.V,D,20230203,000000,23.55648,28.942,22.89366,27.20198,15934.502534027075,0
SSV.V,D,20230204,000000,27.23948,29.40206,25.53989,26.00264,12997.31007686654,0
SSV.V,D,20230205,000000,26.00208,26.81635,24.31216,25.54899,11035.529892707813,0
SSV.V,D,20230206,000000,25.54174,29.15087,23.9083,28.32315,14380.225619361412,0
SSV.V,D,20230207,000000,28.22303,30.93401,26.57217,30.10921,15857.921139201371,0
SSV.V,D,20230208,000000,30.11531,31.00248,27.5203,28.19117,9801.604822158217,0
SSV.V,D,20230209,000000,27.98438,35.79556,27.9651,28.45785,36799.21685757299,0
SSV.V,D,20230210,000000,28.40024,34.4566,26.49797,27.66535,27106.053187604924,0
SSV.V,D,20230211,000000,27.64095,30.49144,26.6945,29.32303,11311.896060453775,0
SSV.V,D,20230212,000000,29.43454,32.13288,28.69648,29.89109,8375.120619841182,0
SSV.V,D,20230213,000000,29.84628,30.05891,26.20671,28.84856,11636.047123004138,0
SSV.V,D,20230214,000000,28.87482,34.44863,28.62351,33.84075,12232.368549494528,0
SSV.V,D,20230215,000000,33.77188,36.24449,31.60539,35.38467,8675.535347866675,0
SSV.V,D,20230216,000000,35.20134,37.91475,34.04859,34.04927,11107.008988669975,0
SSV.V,D,20230217,000000,33.96842,36.75571,33.13698,36.06961,8800.20585401525,0
SSV.V,D,20230218,000000,36.28593,36.33567,34.74635,35.16052,3583.399572736565,0
SSV.V,D,20230219,000000,35.21353,36.42304,34.13018,34.26928,5767.113448554769,0
SSV.V,D,20230220,000000,34.24818,34.787,31.89267,32.02278,7839.954423194616,0
SSV.V,D,20230221,000000,32.02978,35.87349,31.64855,33.94631,7544.979489268224,0
SSV.V,D,20230222,000000,33.74777,36.6958,31.3093,36.25286,7406.779538166635,0
SSV.V,D,20230223,000000,36.43189,42.89309,36.19602,39.94789,21906.81391735903,0
SSV.V,D,20230224,000000,39.96079,40.96428,36.00324,38.05152,12127.26710495596,0
SSV.V,D,20230225,000000,37.9148,41.36208,36.51679,40.62424,12076.684190429765,0
SSV.V,D,20230226,000000,40.71114,45.82275,39.30953,44.16442,160795.89442014042,0
SSV.V,D,20230227,000000,44.14265,49.90399,43.02129,49.59298,163757.17855483212,0
SSV.V,D,20230228,000000,49.59298,49.85299,40.76571,42.70726,272569.97002449224,0
SSV.V,D,20230301,000000,42.44849,46.90328,40.85572,42.13548,230106.1925817681,0
SSV.V,D,20230302,000000,42.13506,44.44711,38.56846,41.46373,173632.5494323066,0
SSV.V,D,20230303,000000,41.54374,45.47773,36.50256,40.15281,492329.02972051076,0
SSV.V,D,20230304,000000,40.10281,41.40414,35.13176,37.33261,286355.2642913789,0
SSV.V,D,20230305,000000,37.27261,39.9632,35.50319,38.77426,238886.48811130048,0
SSV.V,D,20230306,000000,38.79427,39.33,36.69523,38.44769,116702.22869740706,0
SSV.V,D,20230307,000000,38.48654,40.92427,38.07962,39.48803,156208.62821759668,0
SSV.V,D,20230308,000000,39.44803,41.90749,37.06555,37.64849,151589.2013472588,0
SSV.V,D,20230309,000000,37.45625,38.56961,35.14316,35.14316,106369.16047816515,0
SSV.V,D,20230310,000000,35.13351,35.90108,29.41765,32.94819,325522.57334402564,0
SSV.V,D,20230311,000000,32.85754,34.51086,28.60552,31.23885,286882.5287462527,0
SSV.V,D,20230312,000000,31.26908,35.23672,30.1058,34.39469,247011.70300750286,0
SSV.V,D,20230313,000000,34.3644,41.82992,34.3644,39.69974,409004.0847141194,0
SSV.V,D,20230314,000000,39.69737,43.27391,37.42729,39.44144,268068.0703763696,0
SSV.V,D,20230315,000000,39.48436,41.71165,34.63534,36.01276,242460.25331397046,0
SSV.V,D,20230316,000000,35.91988,38.93795,35.26299,38.17482,208679.04165499308,0
SSV.V,D,20230317,000000,38.24461,41.0804,36.76569,39.09655,242043.88622577966,0
SSV.V,D,20230318,000000,39.22733,41.06445,37.0895,37.83316,244005.1221827746,0
SSV.V,D,20230319,000000,37.83316,41.00613,37.17639,39.41869,157592.8723770715,0
SSV.V,D,20230320,000000,39.33805,39.95315,35.96114,36.39235,139556.31638877816,0
SSV.V,D,20230321,000000,36.48268,38.90133,34.70933,38.47272,203325.33428935095,0
SSV.V,D,20230322,000000,38.51285,39.2629,34.16014,35.39602,240548.52926224767,0
SSV.V,D,20230323,000000,35.40675,37.37656,34.62323,36.01511,150102.05883118298,0
SSV.V,D,20230324,000000,36.07488,36.41777,33.58657,33.62393,130591.10873130649,0
SSV.V,D,20230325,000000,33.59725,35.51619,33.42773,34.25319,117534.5734272671,0
SSV.V,D,20230326,000000,34.16311,38.42455,33.91286,37.80267,181982.47199150894,0
SSV.V,D,20230327,000000,37.81155,38.99728,34.54312,35.40663,277195.18781910086,0
SSV.V,D,20230328,000000,35.42664,37.79151,34.47103,37.08446,219193.35538081938,0
SSV.V,D,20230329,000000,37.12447,39.39221,36.8829,37.18706,248223.41823352725,0
SSV.V,D,20230330,000000,37.19115,38.14992,34.66728,35.33989,219461.76219009055,0
SSV.V,D,20230331,000000,35.42956,39.12782,35.19528,38.05761,154109.52009055455,0
SSV.V,D,20230401,000000,38.05761,38.4496,36.84768,37.54389,120559.62503884237,0
SSV.V,D,20230402,000000,37.62392,38.58543,35.82434,36.23281,107653.57515470409,0
SSV.V,D,20230403,000000,36.21244,37.39196,35.51598,36.56462,93582.46407968727,0
SSV.V,D,20230404,000000,36.64429,38.85476,36.24725,38.19947,178304.94924245751,0
SSV.V,D,20230405,000000,38.16907,40.88185,37.54276,39.50461,218034.24329379422,0
SSV.V,D,20230406,000000,39.52462,40.26167,37.99443,38.97364,90655.11981776761,0
SSV.V,D,20230407,000000,38.94363,39.47973,36.92177,37.03739,70267.77663861867,0
SSV.V,D,20230408,000000,37.00737,37.90553,36.02837,36.39455,50294.61085379259,0
SSV.V,D,20230409,000000,36.33416,36.65905,34.44203,35.70248,117316.36736041866,0
SSV.V,D,20230410,000000,35.69497,35.88187,34.54243,35.56879,56905.966693804825,0
SSV.V,D,20230411,000000,35.63884,36.97251,34.40403,35.03465,117527.04881951028,0
SSV.V,D,20230412,000000,34.95457,35.06258,32.79243,34.15662,97968.16058627308,0
SSV.V,D,20230413,000000,34.16663,35.8165,32.99065,35.23379,115814.04408259543,0
SSV.V,D,20230414,000000,35.26382,36.56251,33.61922,35.07909,146243.5002677611,0
SSV.V,D,20230415,000000,35.09876,35.62239,33.82974,33.98022,103734.01703295202,0
SSV.V,D,20230416,000000,33.9602,34.80852,33.06841,34.36335,174290.76552496813,0
SSV.V,D,20230417,000000,34.40338,35.51165,33.28993,34.76911,90527.13334137567,0
SSV.V,D,20230418,000000,34.80052,35.93437,34.34511,34.97629,70394.26657064557,0
SSV.V,D,20230419,000000,34.9963,35.09667,30.33122,30.86666,168870.8383751948,0
SSV.V,D,20230420,000000,30.77569,30.88019,27.5022,27.5022,200440.8826584761,0
SSV.V,D,20230421,000000,27.64193,28.07196,24.75885,25.10724,367621.79532737134,0
SSV.V,D,20230422,000000,25.03725,27.37,24.83174,26.50265,174693.59775297396,0
SSV.V,D,20230423,000000,26.57239,26.90081,25.10552,26.0113,99349.76111210593,0
SSV.V,D,20230424,000000,26.16131,28.51,25.7518,27.86084,193203.59251586726,0
SSV.V,D,20230425,000000,27.88084,28.09028,26.36132,28.06645,88527.95852183981,0
SSV.V,D,20230426,000000,28.16648,29.08582,25.89518,26.82912,170840.45291364598,0
SSV.V,D,20230427,000000,26.83859,27.78806,26.22734,27.33929,112564.00042312343,0
SSV.V,D,20230428,000000,27.39904,27.56909,25.8637,26.14037,81162.50367445697,0
SSV.V,D,20230429,000000,26.20016,26.89774,26.04926,26.75578,40966.13406145392,0
SSV.V,D,20230430,000000,26.81581,26.92695,25.95556,26.42479,25244.109309427033,0
SSV.V,D,20230501,000000,26.36502,26.5043,24.86149,25.19705,40499.48329999962,0
SSV.V,D,20230502,000000,25.14679,25.84576,25.08853,25.73569,57727.910451565054,0
SSV.V,D,20230503,000000,25.79573,25.90294,22.69522,23.89621,147019.68561734862,0
SSV.V,D,20230504,000000,23.96623,24.81471,22.88984,23.08831,78789.57247173188,0
SSV.V,D,20230505,000000,23.00828,26.98507,22.94849,26.53412,227585.99368526496,0
SSV.V,D,20230506,000000,26.48408,28.49819,20.92656,21.3571,636859.7993635809,0
SSV.V,D,20230507,000000,21.34623,21.98899,20.59427,20.64433,139703.22626247074,0
SSV.V,D,20230508,000000,20.65434,21.24801,18.25423,18.62582,352076.07577244606,0
SSV.V,D,20230509,000000,18.65417,20.18016,18.63341,19.03902,160062.4187966287,0
SSV.V,D,20230510,000000,19.05904,21.59157,18.78814,21.07895,171906.42043297374,0
SSV.V,D,20230511,000000,21.05103,21.20907,18.1181,18.74686,298415.14135976735,0
SSV.V,D,20230512,000000,18.74873,21.15423,18.60859,21.00679,300661.5335125531,0
SSV.V,D,20230513,000000,21.0168,21.31278,19.82991,19.93195,135274.53829223925,0
SSV.V,D,20230514,000000,19.98999,21.0126,19.8519,20.66239,71317.32484775293,0
SSV.V,D,20230515,000000,20.6103,22.68587,20.10004,21.83527,159729.0640724985,0
SSV.V,D,20230516,000000,21.83527,22.2211,21.13267,21.89876,112902.28870324798,0
SSV.V,D,20230517,000000,21.88875,24.43221,20.71035,23.66182,152835.40678800482,0
SSV.V,D,20230518,000000,23.69948,24.31972,22.14664,23.5194,158329.71957479103,0
SSV.V,D,20230519,000000,23.5194,24.1629,22.53225,23.73688,97301.83956132183,0
SSV.V,D,20230520,000000,23.71185,25.00248,23.47939,24.20176,133154.22546907203,0
SSV.V,D,20230521,000000,24.27182,24.60475,23.354,24.12447,93143.31684314407,0
SSV.V,D,20230522,000000,24.14206,25.08504,23.06152,25.02501,113448.1132385148,0
SSV.V,D,20230523,000000,24.9935,25.25278,23.42047,23.49141,134356.4550024022,0
SSV.V,D,20230524,000000,23.50141,24.41024,22.6109,23.57882,257065.43943372462,0
SSV.V,D,20230525,000000,23.55882,23.67834,22.58774,22.81046,88036.73344581667,0
SSV.V,D,20230526,000000,22.77068,22.88641,22.12199,22.69499,66040.15116502943,0
SSV.V,D,20230527,000000,22.71454,22.98712,22.38627,22.73864,30587.068623128267,0
SSV.V,D,20230528,000000,22.7591,23.6552,22.68134,23.6552,54871.412777551755,0
SSV.V,D,20230529,000000,23.64544,24.33754,23.26512,24.08722,53326.10245488313,0
SSV.V,D,20230530,000000,24.15724,26.38187,23.42468,24.98974,221697.23005265632,0
SSV.V,D,20230531,000000,25.04977,25.39736,23.26605,23.48446,79025.30954413825,0
SSV.V,D,20230601,000000,23.49376,23.6452,22.95528,23.29629,35645.36354776742,0
SSV.V,D,20230602,000000,23.28652,24.58934,22.89458,23.986,85080.69102180307,0
SSV.V,D,20230603,000000,24.00624,24.03769,22.66884,22.80889,34571.027259935785,0
SSV.V,D,20230604,000000,22.78888,23.54753,22.68726,22.84731,29581.942021089202,0
SSV.V,D,20230605,000000,22.91733,23.18742,19.77435,21.10612,114977.12043070566,0
SSV.V,D,20230606,000000,20.97608,21.99396,19.7579,21.97637,184043.35864435023,0
SSV.V,D,20230607,000000,21.92614,21.9855,19.54567,20.0506,134108.69478394696,0
SSV.V,D,20230608,000000,20.0222,20.64248,19.57,20.21364,53353.42017141576,0
SSV.V,D,20230609,000000,20.21364,20.69752,19.86318,20.36593,19014.014687720814,0
SSV.V,D,20230610,000000,20.38633,20.38633,15.31306,16.12935,236805.6112226977,0
SSV.V,D,20230611,000000,16.07932,16.46905,15.917,16.23649,59095.345604982846,0
SSV.V,D,20230612,000000,16.21665,16.79369,15.50543,16.61066,114881.76871042624,0
SSV.V,D,20230613,000000,16.6205,17.19931,15.986,16.39787,73636.28301090685,0
SSV.V,D,20230614,000000,16.40836,16.83764,15.52705,15.76858,68057.27356470363,0
SSV.V,D,20230615,000000,15.81873,16.19676,14.98013,15.96562,187536.71481916268,0
SSV.V,D,20230616,000000,15.95674,18.37198,15.72442,17.72599,182706.81435105216,0
SSV.V,D,20230617,000000,17.76613,18.19525,17.2586,17.5428,61212.61120005783,0
SSV.V,D,20230618,000000,17.54263,18.24197,17.19174,17.45598,51367.12180803102,0
SSV.V,D,20230619,000000,17.43599,17.67523,16.95016,17.12452,26878.66865866887,0
SSV.V,D,20230620,000000,17.13452,18.56316,16.96474,18.07289,53091.44935846209,0
SSV.V,D,20230621,000000,18.08253,19.43175,18.06343,18.98114,104615.82305321583,0
SSV.V,D,20230622,000000,18.95171,19.74099,18.22237,18.29384,43159.0818942998,0
SSV.V,D,20230623,000000,18.30384,19.08477,17.97395,18.55075,48030.40876995628,0
SSV.V,D,20230624,000000,18.50072,18.70084,17.51928,17.52103,56443.69996207685,0
SSV.V,D,20230625,000000,17.50084,19.46739,17.18893,18.81602,95514.08969927167,0
SSV.V,D,20230626,000000,18.81545,19.32869,17.83303,17.86375,60133.1730394792,0
SSV.V,D,20230627,000000,17.82374,18.68131,17.78356,18.12326,43293.816260606705,0
SSV.V,D,20230628,000000,18.12344,18.12344,16.44164,16.68983,68254.67934795463,0
SSV.V,D,20230629,000000,16.71866,17.56842,16.64917,17.21845,52759.044922384106,0
SSV.V,D,20230630,000000,17.2381,18.97241,16.81765,18.61367,75825.87947082703,0
SSV.V,D,20230701,000000,18.63348,21.13894,18.2238,19.38,380174.51895322243,0
SSV.V,D,20230702,000000,19.44,19.83623,18.8483,19.12096,90501.78014220325,0
SSV.V,D,20230703,000000,19.15172,20.44918,19.15057,19.8704,102101.93384973472,0
SSV.V,D,20230704,000000,19.88119,20.28203,18.87321,19.29424,112454.60467311402,0
SSV.V,D,20230705,000000,19.28405,20.0036,18.48889,18.80282,107302.17206096447,0
SSV.V,D,20230706,000000,18.73281,19.47981,17.91072,18.03838,63339.90376596231,0
SSV.V,D,20230707,000000,18.01928,18.14091,17.56158,18.05289,62765.325104350064,0
SSV.V,D,20230708,000000,18.00162,18.25128,17.76053,17.85303,22178.58581953015,0
SSV.V,D,20230709,000000,17.84285,18.14218,17.80214,17.98324,20410.926193751948,0
SSV.V,D,20230710,000000,18.00306,18.43184,17.42948,18.08235,25779.878576796436,0
SSV.V,D,20230711,000000,18.05199,18.33982,17.94197,18.32018,36972.70484030365,0
SSV.V,D,20230712,000000,18.31073,18.84113,18.05928,18.19854,45544.3932305053,0
SSV.V,D,20230713,000000,18.17945,19.91717,17.85875,19.45778,63916.433518402926,0
SSV.V,D,20230714,000000,19.4876,21.25425,18.82809,19.20941,102365.18541045736,0
SSV.V,D,20230715,000000,19.20941,19.96719,18.78545,18.95568,84227.07670489555,0
SSV.V,D,20230716,000000,18.93249,19.30239,18.60851,18.82224,35867.29090825045,0
SSV.V,D,20230717,000000,18.82464,19.07559,18.23959,18.93432,52317.85820260084,0
SSV.V,D,20230718,000000,18.93492,19.0005,18.10392,18.28752,39214.26463847936,0
SSV.V,D,20230719,000000,18.28931,18.58544,17.93494,18.11942,50956.97972510649,0
SSV.V,D,20230720,000000,18.12332,18.41582,17.4724,17.65121,53916.28598924263,0
SSV.V,D,20230721,000000,17.64931,18.0519,17.5758,17.72085,24233.879100008216,0
SSV.V,D,20230722,000000,17.74918,17.977,17.68318,17.70955,10056.172040541638,0
SSV.V,D,20230723,000000,17.72195,17.92964,17.28242,17.65965,16121.184793332955,0
SSV.V,D,20230724,000000,17.63965,17.84893,16.66617,16.87797,27663.577252068913,0
SSV.V,D,20230725,000000,16.86814,17.30844,16.6585,17.1388,22416.679316438367,0
SSV.V,D,20230726,000000,17.1388,17.68947,16.97694,17.59053,25708.539029805637,0
SSV.V,D,20230727,000000,17.57053,18.51907,17.31052,17.83518,24737.846568291316,0
SSV.V,D,20230728,000000,17.85518,18.17673,17.71468,18.05946,25354.751565185372,0
SSV.V,D,20230729,000000,18.04946,19.26961,17.91964,18.77,56625.404290526705,0
SSV.V,D,20230730,000000,18.72,18.99038,18.11018,18.53852,36214.50592782065,0
SSV.V,D,20230731,000000,18.47852,19.0758,18.19672,18.35688,39035.68004634309,0
SSV.V,D,20230801,000000,18.31707,18.40816,17.28671,17.80074,51850.97264032698,0
SSV.V,D,20230802,000000,17.7911,18.16092,17.20002,17.63994,47292.96053909085,0
SSV.V,D,20230803,000000,17.61188,17.65695,17.12293,17.21727,34987.85156184427,0
SSV.V,D,20230804,000000,17.21467,17.70836,17.12044,17.3714,47784.38114241079,0
SSV.V,D,20230805,000000,17.3731,17.39159,16.89691,17.09038,51205.76228310205,0
SSV.V,D,20230806,000000,17.11303,17.5475,17.00107,17.32467,31772.981323801723,0
SSV.V,D,20230807,000000,17.28768,17.58857,16.81285,16.9899,29293.092367500176,0
SSV.V,D,20230808,000000,16.9891,17.8898,16.9606,17.40919,91016.42530680976,0
SSV.V,D,20230809,000000,17.41669,17.62692,17.19975,17.44853,52330.25644013197,0
SSV.V,D,20230810,000000,17.44501,17.88566,17.28436,17.54438,57117.27549021082,0
SSV.V,D,20230811,000000,17.54101,17.7882,17.49056,17.74766,28277.367075343678,0
SSV.V,D,20230812,000000,17.74776,18.49923,17.45155,17.50881,107323.04220468433,0
SSV.V,D,20230813,000000,17.50182,17.78145,17.494,17.72099,24618.725357535743,0
SSV.V,D,20230814,000000,17.72149,18.40393,17.60246,18.20065,49178.09963566836,0
SSV.V,D,20230815,000000,18.20444,18.24695,16.78103,17.20711,38924.293616597235,0
SSV.V,D,20230816,000000,17.19906,17.20096,15.33698,15.73731,64511.82889763579,0
SSV.V,D,20230817,000000,15.73486,16.42102,14.14886,14.26486,41600.51239830713,0
SSV.V,D,20230818,000000,14.27491,15.27884,13.96813,14.52036,98584.40582643796,0
SSV.V,D,20230819,000000,14.49391,15.02549,14.49391,14.81255,32314.117055242812,0
SSV.V,D,20230820,000000,14.8081,14.99185,14.73697,14.91195,17475.060842269795,0
SSV.V,D,20230821,000000,14.91461,14.967,14.31389,14.53282,25207.136338132925,0
SSV.V,D,20230822,000000,14.53332,14.53802,13.47666,13.71134,73302.88973896483,0
SSV.V,D,20230823,000000,13.71064,14.51524,13.706,14.215,28634.554006180566,0
SSV.V,D,20230824,000000,14.2331,14.33356,13.85775,13.93019,35023.44337540863,0
SSV.V,D,20230825,000000,14.00845,15.2288,13.94534,14.21518,31461.428924592503,0
SSV.V,D,20230826,000000,14.21201,15.67212,14.13387,14.49348,71628.05366845502,0
SSV.V,D,20230827,000000,14.532,14.86281,14.3577,14.75921,25799.72953162744,0
SSV.V,D,20230828,000000,14.76801,15.13321,14.53868,14.93718,23606.74584526981,0
SSV.V,D,20230829,000000,14.93733,15.27199,13.84044,15.11287,95690.31777683212,0
SSV.V,D,20230830,000000,15.12272,15.24259,14.55276,14.71015,30865.336124723755,0
SSV.V,D,20230831,000000,14.72595,14.84626,14.0485,14.31067,40532.089432370296,0
SSV.V,D,20230901,000000,14.31974,14.44368,13.57252,13.69631,25460.294421756633,0
SSV.V,D,20230902,000000,13.69241,13.87831,13.51451,13.74729,22970.976614737654,0
SSV.V,D,20230903,000000,13.74549,13.74863,13.40556,13.5368,24402.961900351977,0
SSV.V,D,20230904,000000,13.53666,14.0799,13.51508,13.51521,25546.590192369385,0
SSV.V,D,20230905,000000,13.47623,14.03214,13.35985,13.82942,24539.16532168144,0
SSV.V,D,20230906,000000,13.82192,14.79156,13.79498,14.57125,51307.79463725475,0
SSV.V,D,20230907,000000,14.57125,15.62,14.46132,15.30219,77963.88715480128,0
SSV.V,D,20230908,000000,15.28297,16.4131,14.99385,15.56782,205945.24421523526,0
SSV.V,D,20230909,000000,15.58782,15.58782,14.85569,15.08532,48130.284075033,0
SSV.V,D,20230910,000000,15.11531,15.14561,14.2273,14.76454,36289.87146792551,0
SSV.V,D,20230911,000000,14.78438,14.80437,13.58456,13.93554,53449.98143148648,0
SSV.V,D,20230912,000000,13.92526,15.04804,13.92526,15.01865,35365.520046370315,0
SSV.V,D,20230913,000000,14.9763,15.35433,14.82515,15.28116,32183.67965848219,0
SSV.V,D,20230914,000000,15.28334,16.55248,15.02895,15.78442,139716.12966985593,0
SSV.V,D,20230915,000000,15.78458,16.15032,15.44985,15.93952,44380.39801924147,0
SSV.V,D,20230916,000000,15.95952,16.56182,15.9208,16.39164,64765.381412691575,0
SSV.V,D,20230917,000000,16.38164,17.08359,16.07273,16.3841,72862.73503085467,0
SSV.V,D,20230918,000000,16.3941,17.56228,16.35262,17.24276,106566.48149761804,0
SSV.V,D,20230919,000000,17.22258,17.47314,16.60332,16.80235,58096.277421851904,0
SSV.V,D,20230920,000000,16.79706,17.18159,16.2541,16.6638,62512.630893129666,0
SSV.V,D,20230921,000000,16.6575,16.96457,15.78142,16.20585,56645.43375796373,0
SSV.V,D,20230922,000000,16.21701,16.28885,15.87718,16.00114,46438.36340693217,0
SSV.V,D,20230923,000000,16.02074,16.08656,15.57041,15.7023,22959.58655228946,0
SSV.V,D,20230924,000000,15.7129,15.9516,15.67571,15.9176,21790.590412006182,0
SSV.V,D,20230925,000000,15.9108,16.10657,15.6036,15.61002,40237.90070751751,0
SSV.V,D,20230926,000000,15.61262,16.08455,15.61016,15.94924,14190.20276466489,0
SSV.V,D,20230927,000000,15.95144,16.39845,15.46501,15.49862,45455.988855763644,0
SSV.V,D,20230928,000000,15.49928,16.50767,15.49802,16.29257,46804.86905936654,0
SSV.V,D,20230929,000000,16.37501,16.43665,15.89255,16.18552,36293.81367703557,0
SSV.V,D,20230930,000000,16.18542,16.37631,16.09466,16.19764,38270.05114786829,0
SSV.V,D,20231001,000000,16.19964,16.99123,16.19964,16.82655,45378.7424763574,0
SSV.V,D,20231002,000000,16.82935,17.34385,16.19396,16.28732,50898.9464921188,0
SSV.V,D,20231003,000000,16.28742,16.53849,15.732,15.8829,36983.29091713308,0
SSV.V,D,20231004,000000,15.88324,16.01558,15.24506,15.72693,47080.89638675153,0
SSV.V,D,20231005,000000,15.72729,15.81729,15.36165,15.36335,20397.77033564736,0
SSV.V,D,20231006,000000,15.36275,15.85002,15.27742,15.79467,24667.744048118,0
SSV.V,D,20231007,000000,15.79347,15.80644,15.3942,15.4472,18493.554753567263,0
SSV.V,D,20231008,000000,15.4443,17.90305,15.11923,15.76448,94278.93160212332,0
SSV.V,D,20231009,000000,15.72896,15.97862,14.67396,14.983,46580.5272256752,0
SSV.V,D,20231010,000000,14.97299,15.03361,14.4513,14.69162,37074.50495174949,0
SSV.V,D,20231011,000000,14.69432,14.74506,13.32093,13.89611,254231.60537344567,0
SSV.V,D,20231012,000000,13.93596,13.9865,13.61687,13.74491,36834.97871171579,0
SSV.V,D,20231013,000000,13.73405,13.9334,13.62693,13.85209,30443.963009766114,0
SSV.V,D,20231014,000000,13.85185,13.88531,13.09413,13.347,67935.39377496646,0
SSV.V,D,20231015,000000,13.36906,13.45,13.10948,13.38054,57796.99705520392,0
SSV.V,D,20231016,000000,13.40054,13.95307,13.32147,13.55556,56018.10957673257,0
SSV.V,D,20231017,000000,13.56756,13.61164,12.77617,12.89927,57030.40132650633,0
SSV.V,D,20231018,000000,12.89717,13.02523,12.50268,12.52933,65341.50378053054,0
SSV.V,D,20231019,000000,12.53163,12.60432,11.89704,11.89704,58648.24949471613,0
SSV.V,D,20231020,000000,11.89696,12.40707,11.37336,12.34586,114217.65104033519,0
SSV.V,D,20231021,000000,12.35156,12.79324,12.05653,12.55888,75996.33328140767,0
SSV.V,D,20231022,000000,12.57116,12.88577,12.20859,12.30978,54774.977382865356,0
SSV.V,D,20231023,000000,12.30791,13.15684,12.30183,13.0868,175296.45975627063,0
SSV.V,D,20231024,000000,13.0768,14.56058,13.03717,14.07831,117324.41539270782,0
SSV.V,D,20231025,000000,14.07817,15.0184,13.68096,14.36719,59752.497284701036,0
SSV.V,D,20231026,000000,14.37156,14.88568,13.66598,14.30354,76819.35155471272,0
SSV.V,D,20231027,000000,14.30324,14.37993,13.63101,13.88515,44311.44741588703,0
SSV.V,D,20231028,000000,13.88609,14.1752,13.7043,14.15706,26835.463955518328,0
SSV.V,D,20231029,000000,14.16131,14.95509,13.81836,14.64777,44463.097915115795,0
SSV.V,D,20231030,000000,14.64572,14.70575,13.89989,14.49558,39135.28451859238,0
SSV.V,D,20231031,000000,14.49678,15.3288,13.88182,14.43886,66841.1249838573,0
SSV.V,D,20231101,000000,14.43896,15.0019,13.74844,14.73471,128499.84822152223,0
SSV.V,D,20231102,000000,14.79499,15.35013,13.97826,14.06459,59383.440147996575,0
SSV.V,D,20231103,000000,14.03182,14.5158,13.59394,14.50565,48887.3129287948,0
SSV.V,D,20231104,000000,14.56568,15.97623,14.5158,15.53916,121283.29891648112,0
SSV.V,D,20231105,000000,15.55902,15.88063,14.60196,15.30223,60276.027271436746,0
SSV.V,D,20231106,000000,15.31224,16.54438,15.22232,16.35441,85049.51127735016,0
SSV.V,D,20231107,000000,16.37442,17.75426,15.84523,16.77771,281357.9522475203,0
SSV.V,D,20231108,000000,16.77755,16.95847,16.31658,16.45998,88459.95208526678,0
SSV.V,D,20231109,000000,16.46109,16.9773,14.70265,16.38311,546176.3426845941,0
SSV.V,D,20231110,000000,16.36311,21.59194,16.11306,20.06043,963429.1210128822,0
SSV.V,D,20231111,000000,20.05022,20.16068,18.45125,19.03476,161648.61646778887,0
SSV.V,D,20231112,000000,18.99456,20.84604,17.90537,20.04802,204557.76910352553,0
SSV.V,D,20231113,000000,20.07823,20.38243,18.21473,18.22474,95530.42950795805,0
SSV.V,D,20231114,000000,18.2251,18.67523,17.18155,18.01252,156455.81509938347,0
SSV.V,D,20231115,000000,18.14254,19.09463,18.11272,19.00402,138158.94747728377,0
SSV.V,D,20231116,000000,19.00891,19.43752,17.50788,18.48203,275379.038734262,0
SSV.V,D,20231117,000000,18.48203,18.64224,16.40164,17.0658,156475.75669028526,0
SSV.V,D,20231118,000000,17.03789,17.17509,15.6903,16.85586,173978.93313986983,0
SSV.V,D,20231119,000000,16.85115,16.92149,16.34729,16.69984,46198.22163555379,0
SSV.V,D,20231120,000000,16.76371,18.46144,16.7585,17.66218,219767.40884523097,0
SSV.V,D,20231121,000000,17.68219,18.04172,15.78615,15.88603,133738.4238784944,0
SSV.V,D,20231122,000000,15.89604,18.05162,15.77599,17.83571,134120.8541712564,0
SSV.V,D,20231123,000000,17.84535,20.22263,17.75515,19.93279,325333.1389704226,0
SSV.V,D,20231124,000000,19.9728,24.99975,19.89278,22.96836,765215.2418337018,0
SSV.V,D,20231125,000000,22.96836,23.79427,21.74326,22.82346,259756.73872471033,0
SSV.V,D,20231126,000000,22.83346,23.78379,21.9988,22.68862,238086.31764126488,0
SSV.V,D,20231127,000000,22.68862,25.90259,21.77762,24.8205,694045.7991061377,0
SSV.V,D,20231128,000000,24.86025,26.8208,23.93096,24.53422,594268.3893650125,0
SSV.V,D,20231129,000000,24.55423,26.46481,24.36218,25.45331,214426.1898784176,0
SSV.V,D,20231130,000000,25.4033,25.59537,23.42422,23.63213,192418.80075773044,0
SSV.V,D,20231201,000000,23.63402,25.76515,23.50446,24.87995,254494.0701232971,0
SSV.V,D,20231202,000000,24.8697,25.95986,24.4305,25.61178,199487.3322215233,0
SSV.V,D,20231203,000000,25.66154,30.66532,25.52122,29.53063,600681.1354423016,0
SSV.V,D,20231204,000000,29.55034,30.45883,24.92171,27.42137,528241.6046076083,0
SSV.V,D,20231205,000000,27.39137,28.68885,25.7818,26.39317,252011.34713090173,0
SSV.V,D,20231206,000000,26.37316,29.37587,25.24278,25.4828,368082.80256221356,0
SSV.V,D,20231207,000000,25.45102,28.43654,24.19314,27.63967,352294.1767895705,0
SSV.V,D,20231208,000000,27.6594,27.92698,25.22303,25.68847,299348.6324970866,0
SSV.V,D,20231209,000000,25.66847,26.60798,24.75841,25.34659,158512.10473031335,0
SSV.V,D,20231210,000000,25.29683,26.07313,24.47465,24.931,115943.91720197708,0
SSV.V,D,20231211,000000,24.94075,25.07025,20.85125,23.26836,224425.55467654727,0
SSV.V,D,20231212,000000,23.27929,24.71308,23.13264,23.59961,239844.36181904658,0
SSV.V,D,20231213,000000,23.57962,24.32051,21.83105,24.00552,200459.0758855612,0
SSV.V,D,20231214,000000,24.00456,24.44,22.77205,23.7538,97454.41298456225,0
SSV.V,D,20231215,000000,23.7638,23.98408,21.46215,21.50215,156674.14742743972,0
SSV.V,D,20231216,000000,21.48193,22.51581,21.00874,22.02237,103613.67258557078,0
SSV.V,D,20231217,000000,22.01238,22.12851,21.20281,21.61771,72337.75689412592,0
SSV.V,D,20231218,000000,21.59773,21.68069,19.68385,21.08367,163396.54631108083,0
SSV.V,D,20231219,000000,21.12387,22.30884,20.68861,21.11922,154227.9913927181,0
SSV.V,D,20231220,000000,21.14942,23.60401,21.04032,22.48067,254708.9296607038,0
SSV.V,D,20231221,000000,22.46067,23.54071,22.0078,23.02414,176903.80581783925,0
SSV.V,D,20231222,000000,23.04438,27.46976,22.81365,26.55096,510372.67134860565,0
SSV.V,D,20231223,000000,26.56123,27.54982,24.2313,24.74236,188454.95119122835,0
SSV.V,D,20231224,000000,24.75237,25.89984,23.03588,23.58556,252258.7356952166,0
SSV.V,D,20231225,000000,23.57555,25.55281,23.50245,24.15531,265871.97073479765,0
SSV.V,D,20231226,000000,24.14531,24.25461,21.92386,23.20745,171875.92039585888,0
SSV.V,D,20231227,000000,23.15768,27.41932,22.33933,26.80634,541053.46541794,0
SSV.V,D,20231228,000000,26.85396,28.2448,24.10795,26.2813,876330.4218137498,0
SSV.V,D,20231229,000000,26.25128,27.35859,24.89294,26.10496,305340.6496314014,0
SSV.V,D,20231230,000000,26.08548,28.50085,25.95415,27.35918,479277.2049304385,0
SSV.V,D,20231231,000000,27.49918,27.56697,25.53566,26.18529,132216.49526899893,0
SSV.V,D,20240101,000000,26.11347,30.69601,26.06296,28.73546,611854.6167517779,0
SSV.V,D,20240102,000000,28.74546,29.94424,26.76669,27.14004,389661.8072423403,0
SSV.V,D,20240103,000000,27.14004,29.93928,22.82642,28.46053,500386.7547892931,0
SSV.V,D,20240104,000000,28.44109,34.94945,27.82085,33.25953,1131474.5220477886,0
SSV.V,D,20240105,000000,33.29925,36.16577,30.08624,32.20542,578291.2727485981,0
SSV.V,D,20240106,000000,32.1754,34.81783,29.498,30.11806,557004.1445766677,0
SSV.V,D,20240107,000000,30.12807,33.86388,29.79787,30.84973,374811.1811582365,0
SSV.V,D,20240108,000000,30.85974,32.10284,27.92507,31.488,387946.61486309645,0
SSV.V,D,20240109,000000,31.488,33.17564,28.14547,31.6198,214778.75800829937,0
SSV.V,D,20240110,000000,31.58979,38.51462,30.92144,35.95899,789896.0928298495,0
SSV.V,D,20240111,000000,35.89933,38.90778,34.33176,36.47182,411687.6860983757,0
SSV.V,D,20240112,000000,36.41218,40.39364,33.83341,35.60648,440575.6697245399,0
SSV.V,D,20240113,000000,35.5583,37.73792,34.31211,35.45149,209473.68160584086,0
SSV.V,D,20240114,000000,35.4115,38.36849,33.01382,33.48392,284473.97766699246,0
SSV.V,D,20240115,000000,33.45393,35.18064,32.8919,34.17853,124513.573927169,0
SSV.V,D,20240116,000000,34.21849,37.93734,33.87763,36.99445,178112.60979826166,0
SSV.V,D,20240117,000000,37.05407,37.27292,34.32564,35.49447,119589.54407790539,0
SSV.V,D,20240118,000000,35.45451,35.45451,31.47282,31.88776,157097.0571101186,0
SSV.V,D,20240119,000000,31.85811,32.13365,29.21134,31.20907,110099.04946961788,0
SSV.V,D,20240120,000000,31.12915,31.46913,29.88846,30.43502,54951.159677273274,0
SSV.V,D,20240121,000000,30.37397,31.33271,30.24322,30.41883,46579.00539515694,0
SSV.V,D,20240122,000000,30.41449,32.19068,29.53356,30.26758,336532.72348532913,0
SSV.V,D,20240123,000000,30.34749,30.74368,27.38561,28.54486,128546.10760519127,0
SSV.V,D,20240124,000000,28.7344,29.74512,28.4829,28.99608,88823.37095399154,0
SSV.V,D,20240125,000000,29.05517,29.59816,27.15125,28.5243,83676.91383227012,0
SSV.V,D,20240126,000000,28.56457,30.38814,28.03598,30.07368,87116.36236180807,0
SSV.V,D,20240127,000000,30.08609,30.90382,29.4941,30.39,76168.15746930096,0
SSV.V,D,20240128,000000,30.45,32.1942,29.61585,29.77524,104347.89579687384,0
SSV.V,D,20240129,000000,29.65525,31.59032,29.50115,31.57,47793.85248964506,0
SSV.V,D,20240130,000000,31.57032,33.20934,30.46756,31.79936,149356.02464013337,0
SSV.V,D,20240131,000000,31.80968,32.15649,29.78599,30.24305,125088.82564276297,0
SSV.V,D,20240201,000000,30.21307,30.32331,28.88514,29.84164,49582.922889115165,0
SSV.V,D,20240202,000000,29.82135,30.49047,29.33886,29.7942,46707.528359982556,0
SSV.V,D,20240203,000000,29.83418,30.22943,29.21918,29.30003,27431.70323050312,0
SSV.V,D,20240204,000000,29.33002,29.44087,28.56029,28.84788,30579.65551623559,0
SSV.V,D,20240205,000000,28.87787,29.54013,28.32555,28.84217,59471.73020346703,0
SSV.V,D,20240206,000000,28.83218,30.54554,27.77167,28.14127,241355.3594912432,0
SSV.V,D,20240207,000000,28.10129,31.11696,28.03075,29.76405,259256.49079449178,0
SSV.V,D,20240208,000000,29.76405,30.0064,28.57057,28.81576,95857.87676620387,0
SSV.V,D,20240209,000000,28.80605,30.96031,28.64544,30.57772,108547.7477615504,0
SSV.V,D,20240210,000000,30.52831,30.64562,29.60189,30.22846,91005.00999875618,0
SSV.V,D,20240211,000000,30.27848,31.08398,29.78893,29.90867,72856.19414544645,0
SSV.V,D,20240212,000000,29.93868,31.68393,28.96,31.68393,106480.48696335485,0
SSV.V,D,20240213,000000,31.69394,32.98286,30.56489,31.34222,160178.80251684473,0
SSV.V,D,20240214,000000,31.2822,33.03519,30.81632,32.45015,120706.1853632385,0
SSV.V,D,20240215,000000,32.45047,33.88152,31.79637,32.48792,183565.39398975877,0
SSV.V,D,20240216,000000,32.51794,33.69795,30.56917,30.96382,144168.18577586196,0
SSV.V,D,20240217,000000,31.03388,31.36068,29.83372,31.02682,92254.93476028829,0
SSV.V,D,20240218,000000,30.98713,32.72262,30.62163,32.49357,68259.19484849299,0
SSV.V,D,20240219,000000,32.50422,36.28617,32.31775,35.76858,248643.2979157822,0
SSV.V,D,20240220,000000,35.80859,35.89861,31.47,33.22631,226684.69715267967,0
SSV.V,D,20240221,000000,33.1663,33.71438,30.19849,31.43,179380.20484937937,0
SSV.V,D,20240222,000000,31.43,33.29668,30.62847,31.95977,189228.26541840576,0
SSV.V,D,20240223,000000,31.95945,32.28835,29.8897,30.95567,92772.78866207464,0
SSV.V,D,20240224,000000,30.92567,32.92847,30.26758,32.54,88664.57286755311,0
SSV.V,D,20240225,000000,32.55967,33.27368,31.56032,32.85869,148911.5057022445,0
SSV.V,D,20240226,000000,32.84836,35.67,32.71967,34.43237,279544.38843622623,0
SSV.V,D,20240227,000000,34.42236,35.58987,33.09786,34.08363,112301.75759303074,0
SSV.V,D,20240228,000000,34.11364,35.17216,31.2281,33.39336,220439.91491449662,0
SSV.V,D,20240229,000000,33.42338,35.30353,31.57556,32.02889,159336.06525237596,0
SSV.V,D,20240301,000000,32.06538,33.59672,32.05218,32.85528,107179.89202748984,0
SSV.V,D,20240302,000000,32.87464,33.98599,32.55219,33.41171,128298.26302538639,0
SSV.V,D,20240303,000000,33.4027,37.92047,33.4027,34.66525,382636.00674511585,0
SSV.V,D,20240304,000000,34.71562,36.51283,33.40703,34.69813,209487.81365048458,0
SSV.V,D,20240305,000000,34.65774,39.10673,30.1636,33.77329,517467.06938802596,0
SSV.V,D,20240306,000000,33.75327,36.79189,33.75327,36.03801,230632.34014443017,0
SSV.V,D,20240307,000000,36.05766,38.04784,35.04506,36.39233,141400.12258814016,0
SSV.V,D,20240308,000000,36.38195,37.93714,35.0308,36.71178,148425.00841366997,0
SSV.V,D,20240309,000000,36.77194,38.52649,35.65507,37.48295,194241.5429750357,0
SSV.V,D,20240310,000000,37.46254,39.45049,36.30764,36.54328,205320.84596439396,0
SSV.V,D,20240311,000000,36.61447,37.73506,35.84151,36.5273,151914.62356584272,0
SSV.V,D,20240312,000000,36.54731,41.94132,36.41801,40.08361,474078.8706936478,0
SSV.V,D,20240313,000000,40.0628,56.77858,39.78398,55.17702,1171789.591519225,0
SSV.V,D,20240314,000000,55.16757,55.68283,46.96111,48.34307,305005.11175193125,0
SSV.V,D,20240315,000000,48.34307,49.35568,41.98488,44.08264,282046.9049949747,0
SSV.V,D,20240316,000000,44.10397,51.93065,42.55232,44.78177,550036.4002364099,0
SSV.V,D,20240317,000000,44.69362,48.94356,40.47489,48.08402,293653.72294579796,0
SSV.V,D,20240318,000000,48.02549,55.37502,44.92348,51.90689,481821.3097312632,0
SSV.V,D,20240319,000000,51.95688,52.46475,43.37568,47.56192,358616.3632572537,0
SSV.V,D,20240320,000000,47.63804,55.88056,44.00428,54.01946,502485.2535982836,0
SSV.V,D,20240321,000000,56.91909,62.46498,56.12158,59.89622,179475.27506023148,0
SSV.V,D,20240322,000000,59.84623,64.56935,57.30713,59.42307,484596.67286840087,0
SSV.V,D,20240323,000000,59.48249,62.24249,58.08,58.84,268014.2598327073,0
SSV.V,D,20240324,000000,58.8,61.10961,56.49791,59.87581,226924.85238830975,0
SSV.V,D,20240325,000000,59.81641,66.00462,59.30941,64.6997,277805.2846677404,0
SSV.V,D,20240326,000000,64.77972,65.44963,59.79299,61.40061,301673.91597883345,0
SSV.V,D,20240327,000000,61.34123,65.21478,57.35016,59.74848,655814.7667137486,0
SSV.V,D,20240328,000000,59.6979,61.294,58.51194,60.21264,203069.386691334,0
SSV.V,D,20240329,000000,60.23265,61.78567,58.03074,59.07834,155011.43267820386,0
SSV.V,D,20240330,000000,59.06834,59.06834,54.82123,55.04091,325358.6219528331,0
SSV.V,D,20240331,000000,55.02145,56.71567,54.46599,54.62655,176236.7639915288,0
SSV.V,D,20240401,000000,54.67656,56.90081,49.37753,51.42954,360765.5138503357,0
SSV.V,D,20240402,000000,51.34899,51.64859,46.07571,47.14885,259254.40424706618,0
SSV.V,D,20240403,000000,47.16886,48.92738,45.20904,46.70354,193593.15479151197,0
SSV.V,D,20240404,000000,46.78403,53.38668,46.70334,52.29255,547280.8437674767,0
SSV.V,D,20240405,000000,52.30255,53.15391,47.61142,50.007,236194.42622918414,0
SSV.V,D,20240406,000000,49.98549,51.73241,49.31169,51.09226,98586.3111268932,0
SSV.V,D,20240407,000000,51.10277,53.61036,50.80508,51.23461,118409.00401975667,0
SSV.V,D,20240408,000000,51.28513,56.48,50.31352,54.90671,380028.0817644411,0
SSV.V,D,20240409,000000,54.90725,55.89888,48.68685,49.39727,192031.2485515889,0
SSV.V,D,20240410,000000,49.37777,52.99629,47.19481,49.39852,289369.5495950487,0
SSV.V,D,20240411,000000,49.39901,54.22892,49.00902,49.44346,231114.91182734544,0
SSV.V,D,20240412,000000,49.46346,51.32667,36.68165,40.47173,258257.55194505778,0
SSV.V,D,20240413,000000,40.44172,42.0284,30.30907,33.80736,402127.95436843205,0
SSV.V,D,20240414,000000,33.7273,39.77703,32.99671,37.54126,432477.9301675575,0
SSV.V,D,20240415,000000,37.55126,41.97775,36.63831,38.66657,327704.92887298623,0
SSV.V,D,20240416,000000,38.63657,39.27531,36.58646,38.49731,160799.2277867664,0
SSV.V,D,20240417,000000,38.54771,38.87244,34.15,36.27601,150336.52883908336,0
SSV.V,D,20240418,000000,36.316,36.78471,34.31686,36.47094,154123.79900093662,0
SSV.V,D,20240419,000000,36.43093,38.54504,33.20365,38.05179,171749.57393930395,0
SSV.V,D,20240420,000000,38.16259,41.68042,37.0437,41.04231,98191.86985052942,0
SSV.V,D,20240421,000000,41.12233,41.56288,39.45868,40.29485,96448.93060234757,0
SSV.V,D,20240422,000000,40.20783,44.66295,40.20783,44.1628,255855.26768643802,0
SSV.V,D,20240423,000000,44.17325,45.46773,43.10982,43.58869,102000.87566253243,0
SSV.V,D,20240424,000000,43.54913,48.75171,43.29303,45.53807,264993.0655600271,0
SSV.V,D,20240425,000000,45.50809,47.24008,42.58063,45.71347,360800.87708713603,0
SSV.V,D,20240426,000000,45.67349,46.51139,42.90283,45.78831,200094.93366883558,0
SSV.V,D,20240427,000000,45.74542,50.83402,43.27235,48.81603,301744.53025739983,0
SSV.V,D,20240428,000000,48.90595,55.4,48.68565,53.18807,437851.02052717184,0
SSV.V,D,20240429,000000,53.14809,54.3074,44.0703,44.74,559832.1202390775,0
SSV.V,D,20240430,000000,44.74657,47.78992,38.51916,40.49728,502753.7896101346,0
SSV.V,D,20240501,000000,40.44735,42.43582,39.08383,41.5376,328795.0759117626,0
SSV.V,D,20240502,000000,41.47769,43.55044,40.0719,41.74209,260515.21848410106,0
SSV.V,D,20240503,000000,41.74167,45.43953,40.1696,44.96888,251903.21785404923,0
SSV.V,D,20240504,000000,44.99889,45.80412,43.6883,44.11397,136116.40431555553,0
SSV.V,D,20240505,000000,44.14441,45.52,42.52553,44.41489,126901.7482323528,0
SSV.V,D,20240506,000000,44.38533,46.85469,42.60852,43.42087,202275.69420568043,0
SSV.V,D,20240507,000000,43.37043,44.44044,41.85791,42.63872,105434.88790466251,0
SSV.V,D,20240508,000000,42.62872,43.96725,41.04959,42.50682,83731.1845068481,0
SSV.V,D,20240509,000000,42.46683,43.80677,41.9228,43.77343,104224.63060020431,0
SSV.V,D,20240510,000000,43.763,44.21204,35.20979,36.88893,464707.0779077202,0
SSV.V,D,20240511,000000,36.90892,37.3088,34.66786,35.0023,347436.43965560274,0
SSV.V,D,20240512,000000,34.9723,37.08627,34.75574,35.95453,195769.1827580313,0
SSV.V,D,20240513,000000,35.9664,36.52429,33.67989,35.75607,229158.13468541735,0
SSV.V,D,20240514,000000,35.75607,35.89641,34.03922,34.46759,133968.15475056728,0
SSV.V,D,20240515,000000,34.45759,36.97586,34.12361,36.52154,168818.70234750168,0
SSV.V,D,20240516,000000,36.57156,37.02556,34.81009,35.84323,123140.78233703884,0
SSV.V,D,20240517,000000,35.86323,41.32652,35.59285,39.95358,321467.4422927978,0
SSV.V,D,20240518,000000,39.90356,43.06464,39.88356,42.63725,186727.1006086756,0
SSV.V,D,20240519,000000,42.63725,44.63536,42.11421,42.54702,184942.86040446558,0
SSV.V,D,20240520,000000,42.54745,48.16878,41.8,47.83817,231464.3359631986,0
SSV.V,D,20240521,000000,47.85818,48.6002,45.95838,46.65973,350807.7677385364,0
SSV.V,D,20240522,000000,46.68739,47.01636,42.24578,44.36136,246504.32624971482,0
SSV.V,D,20240523,000000,44.42134,47.90412,42.96947,46.86998,334942.3883240287,0
SSV.V,D,20240524,000000,46.89044,48.58326,44.07721,46.30444,279391.3028541131,0
SSV.V,D,20240525,000000,46.28445,51.08285,45.65041,49.29014,218896.3736990674,0
SSV.V,D,20240526,000000,49.29014,51.6116,47.88371,50.45486,176019.6131461159,0
SSV.V,D,20240527,000000,50.42083,50.95941,44.66245,46.04299,497487.386758483,0
SSV.V,D,20240528,000000,45.98305,46.26442,43.16933,45.39999,362042.954357513,0
SSV.V,D,20240529,000000,45.41997,46.53016,43.34052,43.87169,178348.1697331246,0
SSV.V,D,20240530,000000,43.84172,44.76577,42.28842,43.15446,103038.33408293287,0
SSV.V,D,20240531,000000,43.18488,45.291,43.01451,44.41708,276273.137969663,0
SSV.V,D,20240601,000000,44.44704,45.52397,44.20328,44.74015,65803.8043702216,0
SSV.V,D,20240602,000000,44.7901,45.57306,43.0333,43.70682,70212.32582588402,0
SSV.V,D,20240603,000000,43.70682,45.80388,43.46478,44.32291,109254.36567880519,0
SSV.V,D,20240604,000000,44.36246,45.49635,43.83728,44.5,102149.70895276894,0
SSV.V,D,20240605,000000,44.52,46.21046,44.13647,45.15406,168576.47383576335,0
SSV.V,D,20240606,000000,45.13406,45.67228,43.02537,43.66602,114801.28893467976,0
SSV.V,D,20240607,000000,43.64603,43.95681,35.97048,39.75529,213709.3364225561,0
SSV.V,D,20240608,000000,39.74529,40.68413,37.74678,38.80534,187786.06439975445,0
SSV.V,D,20240609,000000,38.75535,39.48447,38.20694,38.6842,70270.89624610169,0
SSV.V,D,20240610,000000,38.60386,39.47736,37.31917,38.02935,89186.22966070869,0
SSV.V,D,20240611,000000,37.98974,38.14245,34.9818,36.05243,131336.14639136655,0
SSV.V,D,20240612,000000,36.05243,39.57248,35.11649,38.08743,145693.9054071701,0
SSV.V,D,20240613,000000,38.10742,39.4129,36.20384,38.26469,153123.60358493982,0
SSV.V,D,20240614,000000,38.27468,40.31893,36.8575,39.17256,247083.55091253752,0
SSV.V,D,20240615,000000,39.16257,41.9444,38.6045,41.49633,144694.43258916264,0
SSV.V,D,20240616,000000,41.46635,43.06113,40.49528,42.466,95990.23622890143,0
SSV.V,D,20240617,000000,42.45601,42.84342,37.17098,39.30191,198993.66440679203,0
SSV.V,D,20240618,000000,39.34189,39.35189,34.07739,37.39942,284437.9162952287,0
SSV.V,D,20240619,000000,37.41941,41.88324,36.94967,41.7333,300095.86894700234,0
SSV.V,D,20240620,000000,41.76329,42.9828,39.63541,39.80172,246752.0054095819,0
SSV.V,D,20240621,000000,39.80172,40.92682,38.89431,40.10512,145179.79271945523,0
SSV.V,D,20240622,000000,40.15509,40.77226,37.89635,38.10475,105855.15314534974,0
SSV.V,D,20240623,000000,38.06096,38.99284,36.46628,36.65432,102529.71125987086,0
SSV.V,D,20240624,000000,36.6447,38.28203,34.36833,38.28203,192486.24567511384,0
SSV.V,D,20240625,000000,38.27204,38.73868,36.90043,37.7732,111760.53285651945,0
SSV.V,D,20240626,000000,37.77282,39.76453,36.99816,39.683,121918.7047145163,0
SSV.V,D,20240627,000000,39.71939,40.18983,38.23789,39.47584,169675.05914379668,0
SSV.V,D,20240628,000000,39.47703,40.70008,37.18846,37.39581,126632.38269173089,0
SSV.V,D,20240629,000000,37.39543,38.68868,36.27115,36.31815,114733.90322834475,0
SSV.V,D,20240630,000000,36.31779,39.98034,35.89464,39.9376,124107.01243994631,0
SSV.V,D,20240701,000000,39.90805,41.90134,39.21642,39.34628,198655.85773459432,0
SSV.V,D,20240702,000000,39.33629,39.59917,37.67021,39.20717,132797.4179994274,0
SSV.V,D,20240703,000000,39.1872,40.25549,36.40918,36.74916,91832.92720396942,0
SSV.V,D,20240704,000000,36.73917,37.17906,33.80005,34.13088,134681.375700714,0
SSV.V,D,20240705,000000,34.12088,34.23048,27.29154,28.3217,245126.3851526244,0
SSV.V,D,20240706,000000,28.31226,31.16062,27.70249,31.01093,176001.310399869,0
SSV.V,D,20240707,000000,31.00093,31.79714,29.62178,30.68662,164058.35965741702,0
SSV.V,D,20240708,000000,30.67663,31.70398,28.12747,30.36727,237966.07342327363,0
SSV.V,D,20240709,000000,30.36727,32.78197,30.07549,31.91936,145199.70303088948,0
SSV.V,D,20240710,000000,31.91936,33.72325,31.38094,32.75738,102695.41846647073,0
SSV.V,D,20240711,000000,32.74738,33.8073,31.85096,31.97904,114071.16819291799,0
SSV.V,D,20240712,000000,31.96936,33.68909,31.61,33.13629,101422.1146077404,0
SSV.V,D,20240713,000000,33.11629,33.54637,32.59521,32.66588,40473.77788528359,0
SSV.V,D,20240714,000000,32.68588,34.00224,32.32325,33.98223,72754.22835332746,0
SSV.V,D,20240715,000000,33.98223,35.42735,33.49971,35.13721,131016.63501521882,0
SSV.V,D,20240716,000000,35.16722,36.34708,33.07959,34.14854,207508.01136729302,0
SSV.V,D,20240717,000000,34.11853,36.48438,33.79912,35.38318,207533.9139388236,0
SSV.V,D,20240718,000000,35.41319,35.99036,34.15727,34.65272,126071.42295611028,0
SSV.V,D,20240719,000000,34.63273,35.58747,33.63361,35.27481,119898.4690703091,0
SSV.V,D,20240720,000000,35.30482,35.97762,34.85533,35.1251,113213.72510411884,0
SSV.V,D,20240721,000000,35.09508,35.20478,32.73767,34.56691,116391.47389491709,0
SSV.V,D,20240722,000000,34.57726,35.53071,32.7595,32.85986,101936.57462348398,0
SSV.V,D,20240723,000000,32.81984,34.90965,32.05218,32.85394,238933.27132560968,0
SSV.V,D,20240724,000000,32.80394,33.58336,31.06658,31.39435,115992.8592518752,0
SSV.V,D,20240725,000000,31.37435,31.52369,28.3232,29.53143,139934.46824615364,0
SSV.V,D,20240726,000000,29.55231,31.53432,29.41117,30.89,87955.22010815426,0
SSV.V,D,20240727,000000,30.92,31.9668,30.42091,31.57905,91592.19923608773,0
SSV.V,D,20240728,000000,31.57316,31.6662,30.0497,30.76662,46855.195831475205,0
SSV.V,D,20240729,000000,30.77692,32.22323,30.48939,31.6762,91683.43199605761,0
SSV.V,D,20240730,000000,31.6862,32.20581,30.6305,30.88042,81903.66081530807,0
SSV.V,D,20240731,000000,30.87617,32.12875,29.94951,30.11825,51878.386778989,0
SSV.V,D,20240801,000000,30.11945,30.59623,27.02403,28.59653,70908.04092434167,0
SSV.V,D,20240802,000000,28.58654,29.69295,26.27528,26.58939,80677.4510240657,0
SSV.V,D,20240803,000000,26.56941,26.65957,23.07453,23.45521,156195.75770750624,0
SSV.V,D,20240804,000000,23.46521,24.30589,21.0319,21.63372,127659.7197472137,0
SSV.V,D,20240805,000000,21.66372,21.96341,15.85984,17.96341,592160.259395379,0
SSV.V,D,20240806,000000,17.96341,20.73643,17.80338,20.17766,181496.0038397111,0
SSV.V,D,20240807,000000,20.14765,20.51738,17.92323,18.08181,106180.50768955688,0
SSV.V,D,20240808,000000,18.07181,21.06611,17.66494,21.04631,76641.04150863715,0
SSV.V,D,20240809,000000,21.04631,21.56604,20.43409,20.86647,49895.12823225249,0
SSV.V,D,20240810,000000,20.85646,21.29511,20.5241,20.70393,61707.472277695146,0
SSV.V,D,20240811,000000,20.69393,21.5128,19.01209,19.31193,118800.4801721881,0
SSV.V,D,20240812,000000,19.30193,21.054,18.99095,20.22222,78463.54858656472,0
SSV.V,D,20240813,000000,20.21222,20.99252,19.89378,20.99252,64261.498741210875,0
SSV.V,D,20240814,000000,20.97231,21.39406,19.9952,20.0318,76823.46547811544,0
SSV.V,D,20240815,000000,20.0218,20.42286,17.88429,18.02342,94119.49993021146,0
SSV.V,D,20240816,000000,17.99324,20.32898,17.9034,18.47517,126367.95914685637,0
SSV.V,D,20240817,000000,18.47292,18.98171,18.04198,18.55167,104310.3388433487,0
SSV.V,D,20240818,000000,18.59167,20.28162,18.36165,19.34367,113858.04606437088,0
SSV.V,D,20240819,000000,19.35387,19.61392,18.70374,19.23423,77375.05888426946,0
SSV.V,D,20240820,000000,19.28424,19.73691,18.25402,18.89019,76453.07880013343,0
SSV.V,D,20240821,000000,18.90019,20.70476,18.40074,20.29183,172455.05892392894,0
SSV.V,D,20240822,000000,20.30183,20.68207,19.51449,20.4102,96869.63307228795,0
SSV.V,D,20240823,000000,20.42102,24.08926,20.30223,23.77901,305216.19569298305,0
SSV.V,D,20240824,000000,23.79879,26.5477,23.10547,25.31886,492263.2703537604,0
SSV.V,D,20240825,000000,25.32886,26.59798,24.45856,25.81903,257582.93942303184,0
SSV.V,D,20240826,000000,25.82904,25.86905,22.47427,22.67408,252445.32246191733,0
SSV.V,D,20240827,000000,22.65408,23.23232,21.19873,21.46,128345.66223096609,0
SSV.V,D,20240828,000000,21.45,21.51387,19.48156,20.25182,159612.36258287495,0
SSV.V,D,20240829,000000,20.26182,21.47472,19.66961,19.7498,231710.24223498552,0
SSV.V,D,20240830,000000,19.7398,20.13,18.81605,19.76743,234237.2632727665,0
SSV.V,D,20240831,000000,19.78723,20.08538,19.10904,19.41631,104490.35749899168,0
SSV.V,D,20240901,000000,19.44194,19.56413,18.38669,19.04657,80796.97093885754,0
SSV.V,D,20240902,000000,19.03676,20.13637,18.11855,19.83683,133561.4470880927,0
SSV.V,D,20240903,000000,19.89682,20.28838,18.80342,19.03448,82981.7119310707,0
SSV.V,D,20240904,000000,19.04467,19.61941,17.43529,19.06752,126221.20705158498,0
SSV.V,D,20240905,000000,19.0779,19.21808,18.03495,18.26324,105333.95621150384,0
SSV.V,D,20240906,000000,18.27342,18.78662,16.70131,17.39113,117046.49909256244,0
SSV.V,D,20240907,000000,17.38096,18.46815,17.34098,17.85821,61679.12203150355,0
SSV.V,D,20240908,000000,17.89803,18.8551,17.75805,18.43816,74291.35809931306,0
SSV.V,D,20240909,000000,18.46738,19.53254,18.39448,19.38349,73143.76624945275,0
SSV.V,D,20240910,000000,19.37349,19.53785,18.77925,19.19866,60445.16378535805,0
SSV.V,D,20240911,000000,19.21768,19.32845,17.94713,18.7515,64568.13074195995,0
SSV.V,D,20240912,000000,18.7515,20.27919,18.61149,20.24838,154267.01830741408,0
SSV.V,D,20240913,000000,20.23838,20.92833,19.66902,20.73829,110525.83924254109,0
SSV.V,D,20240914,000000,20.72829,20.80832,19.67393,19.78356,62024.12526391216,0
SSV.V,D,20240915,000000,19.76198,21.12275,19.72375,19.8802,147767.174104561,0
SSV.V,D,20240916,000000,19.8602,20.022,18.82623,19.07637,111162.07497711736,0
SSV.V,D,20240917,000000,19.11637,20.62165,18.8783,20.23182,101282.43010958789,0
SSV.V,D,20240918,000000,20.22182,21.54086,19.82198,21.28064,260466.28591795184,0
SSV.V,D,20240919,000000,21.29064,23.02253,21.16169,22.07221,222340.03493118475,0
SSV.V,D,20240920,000000,22.0422,23.69024,21.37299,22.67181,198715.51155920455,0
SSV.V,D,20240921,000000,22.67227,22.85206,22.03978,22.25222,58271.65485544537,0
SSV.V,D,20240922,000000,22.26223,23.54282,21.71,21.71,102332.89623961927,0
SSV.V,D,20240923,000000,21.59784,23.98904,21.40171,23.30883,202447.00340188094,0
SSV.V,D,20240924,000000,23.33883,24.58754,23.21907,24.11879,198850.77169310517,0
SSV.V,D,20240925,000000,24.16207,24.909,23.08607,23.1063,128205.53884806362,0
SSV.V,D,20240926,000000,23.09607,24.78372,22.29398,24.69247,277445.9727547941,0
SSV.V,D,20240927,000000,24.68247,26.03338,23.97168,25.14453,171169.66165566668,0
SSV.V,D,20240928,000000,25.18453,25.8031,24.06337,24.38268,129698.7046147192,0
SSV.V,D,20240929,000000,24.40512,25.58023,23.85523,25.50784,95720.06782549067,0
SSV.V,D,20240930,000000,25.44491,25.54532,23.11098,23.49248,175300.9638686278,0
SSV.V,D,20241001,000000,23.46272,24.93603,21.23511,22.37418,273310.64792340033,0
SSV.V,D,20241002,000000,22.34419,22.96219,20.78854,21.48441,92317.66415326204,0
SSV.V,D,20241003,000000,21.47442,21.9867,20.04699,20.66752,131044.45094486135,0
SSV.V,D,20241004,000000,20.63752,22.20756,20.51713,22.07956,64945.97861487677,0
SSV.V,D,20241005,000000,22.10934,23.3079,21.84738,22.58639,61287.02703295496,0
SSV.V,D,20241006,000000,22.59,23.44883,22.48843,22.53617,44228.835702690856,0
SSV.V,D,20241007,000000,22.59616,23.69621,22.08337,22.6632,155689.74390809183,0
SSV.V,D,20241008,000000,22.61321,22.64298,21.06841,21.33463,78423.93511167912,0
SSV.V,D,20241009,000000,21.35359,21.9264,20.08211,20.41182,57523.16825965441,0
SSV.V,D,20241010,000000,20.37206,20.85557,19.84318,20.73758,56502.56423038485,0
SSV.V,D,20241011,000000,20.74132,21.95407,20.58754,21.75717,65194.479921339094,0
SSV.V,D,20241012,000000,21.76695,22.11137,21.4255,21.74348,62421.75742676005,0
SSV.V,D,20241013,000000,21.71348,21.93298,20.57765,21.04137,51579.21388699755,0
SSV.V,D,20241014,000000,21.07211,23.05654,20.85957,22.94656,108365.81686183558,0
SSV.V,D,20241015,000000,22.92633,23.3565,21.42421,22.25421,117247.0103349461,0
SSV.V,D,20241016,000000,22.23444,23.04539,21.60308,22.04559,135767.05374208736,0
SSV.V,D,20241017,000000,22.07558,22.68387,21.00307,21.46227,85444.92064732994,0
SSV.V,D,20241018,000000,21.48226,21.88081,20.72233,21.5172,199591.2955209696,0
SSV.V,D,20241019,000000,21.5072,22.04537,21.03853,21.16492,45054.48344055409,0
SSV.V,D,20241020,000000,21.16513,23.42274,21.0242,22.92243,172197.8185098415,0
SSV.V,D,20241021,000000,22.95688,24.94877,22.50671,23.16027,247704.07324830542,0
SSV.V,D,20241022,000000,23.15027,23.91899,21.99459,22.36389,108446.8189322333,0
SSV.V,D,20241023,000000,22.33391,22.49402,20.64044,21.23746,107642.74196322694,0
SSV.V,D,20241024,000000,21.23725,21.93442,21.11014,21.74673,66474.63469448777,0
SSV.V,D,20241025,000000,21.76671,21.8862,20.57361,20.97218,54589.41217339778,0
SSV.V,D,20241026,000000,20.9622,20.9622,18.84547,19.57432,95288.08122544448,0
SSV.V,D,20241027,000000,19.55435,20.29277,18.98434,20.06228,144943.55142152944,0
SSV.V,D,20241028,000000,20.11591,20.30639,19.04551,20.02597,71104.95551303214,0
SSV.V,D,20241029,000000,20.04993,21.02516,19.77694,20.71316,92351.4915016448,0
SSV.V,D,20241030,000000,20.71358,21.61135,20.29107,21.15323,119809.3274074204,0
SSV.V,D,20241031,000000,21.18322,21.39337,19.03,19.24476,103625.19117018164,0
SSV.V,D,20241101,000000,19.27472,19.37206,17.84447,18.06752,101727.8544322764,0
SSV.V,D,20241102,000000,18.03755,18.28122,17.05488,17.07522,81222.75492277429,0
SSV.V,D,20241103,000000,17.02523,17.4511,15.95441,16.58353,116172.95187572279,0
SSV.V,D,20241104,000000,16.5034,16.9693,15.34909,15.89759,69772.73464907747,0
SSV.V,D,20241105,000000,15.88364,16.92323,15.79988,16.78799,91677.1022963937,0
SSV.V,D,20241106,000000,16.77799,20.42225,16.73833,20.37222,277734.65529649507,0
SSV.V,D,20241107,000000,20.37222,21.60036,19.34024,20.15987,312940.1528137842,0
SSV.V,D,20241108,000000,20.18009,21.20589,19.64669,20.22314,233161.00961437318,0
SSV.V,D,20241109,000000,20.22314,22.08972,19.95037,21.58626,288450.5038338922,0
SSV.V,D,20241110,000000,21.57626,23.79116,21.15036,22.65245,602432.7966475682,0
SSV.V,D,20241111,000000,22.64267,23.8655,21.59532,22.62599,338683.3456521979,0
SSV.V,D,20241112,000000,22.62622,23.168,19.71753,21.29383,443284.276081333,0
SSV.V,D,20241113,000000,21.27382,21.27382,17.85784,18.56039,374218.5040656863,0
SSV.V,D,20241114,000000,18.51052,19.02666,17.39348,18.3522,357911.9507720588,0
SSV.V,D,20241115,000000,18.34202,18.46591,17.23448,18.38533,179089.72143752212,0
SSV.V,D,20241116,000000,18.37551,20.12201,18.24511,19.77692,220268.33584065712,0
SSV.V,D,20241117,000000,19.7269,20.17908,18.02,18.25073,175211.44969995267,0
SSV.V,D,20241118,000000,18.26073,19.62687,18.16073,19.37742,162035.78615327182,0
SSV.V,D,20241119,000000,19.39764,19.93977,17.99534,18.20309,125552.6246232432,0
SSV.V,D,20241120,000000,18.19308,18.84318,17.03583,17.53209,145886.66111930666,0
SSV.V,D,20241121,000000,17.52208,21.0147,16.70435,20.27904,259316.7913224004,0
SSV.V,D,20241122,000000,20.32909,20.73071,19.22671,19.85062,150547.78891563485,0
SSV.V,D,20241123,000000,19.86063,23.27511,19.86063,22.81461,354737.5908602742,0
SSV.V,D,20241124,000000,22.83463,24.27959,20.64227,22.8228,326487.83021843346,0
SSV.V,D,20241125,000000,22.83281,28.78568,22.2222,26.77331,991593.156071279,0
SSV.V,D,20241126,000000,26.71332,26.9746,23.72146,25.69049,498984.50383817137,0
SSV.V,D,20241127,000000,25.70049,29.31221,24.74985,29.24922,462066.7998357369,0
SSV.V,D,20241128,000000,29.13911,30.41948,26.77509,28.15141,478706.05950134486,0
SSV.V,D,20241129,000000,28.12112,28.12141,26.56239,27.5601,150839.56588959513,0
SSV.V,D,20241130,000000,27.58012,33.83387,27.42069,31.95278,875366.8911500116,0
SSV.V,D,20241201,000000,31.94277,33.39303,31.03861,32.27645,374415.7930049848,0
SSV.V,D,20241202,000000,32.22675,33.36201,28.93839,31.431,440383.387299683,0
SSV.V,D,20241203,000000,31.4013,32.53406,29.33912,32.53146,326275.0168475465,0
SSV.V,D,20241204,000000,32.56115,35.99668,31.64645,33.60531,515620.2921408055,0
SSV.V,D,20241205,000000,33.60531,34.4334,31.04628,32.32063,283164.60371633683,0
SSV.V,D,20241206,000000,32.26311,36.14801,31.73999,34.45921,324603.1981007528,0
SSV.V,D,20241207,000000,34.46888,35.58905,32.95799,33.32331,179555.3540657584,0
SSV.V,D,20241208,000000,33.3133,33.74889,32.10605,33.73888,101043.88901982146,0
SSV.V,D,20241209,000000,33.70887,33.96392,24.6433,26.668,341534.46535136143,0
SSV.V,D,20241210,000000,26.70801,28.18761,23.99384,26.09304,315905.31737824227,0
SSV.V,D,20241211,000000,26.08303,28.56856,25.22437,28.22382,186146.3346536304,0
SSV.V,D,20241212,000000,28.24411,31.61632,27.93731,30.04661,212266.73345849905,0
SSV.V,D,20241213,000000,30.0169,30.63061,28.69115,28.85519,136085.98045774797,0
SSV.V,D,20241214,000000,28.73546,30.11211,27.12593,27.57752,95446.74230630173,0
SSV.V,D,20241215,000000,27.60724,29.33298,27.19483,28.48345,76695.85900153223,0
SSV.V,D,20241216,000000,28.49401,30.91741,27.76861,29.51826,164522.61301913537,0
SSV.V,D,20241217,000000,29.50826,29.9085,26.99892,27.09729,140018.4136509144,0
SSV.V,D,20241218,000000,27.0273,27.24245,23.34598,23.82023,222082.86817142554,0
SSV.V,D,20241219,000000,23.82047,24.05411,20.38041,21.2009,220782.68612790358,0
SSV.V,D,20241220,000000,21.23088,21.89128,18.30919,21.70545,201966.27612198432,0
SSV.V,D,20241221,000000,21.74564,23.23814,20.1999,20.37777,137863.68728496126,0
SSV.V,D,20241222,000000,20.36777,21.21259,19.92126,20.58547,102732.67135986939,0
SSV.V,D,20241223,000000,20.58547,23.69654,19.95323,23.4288,143855.71720483835,0
SSV.V,D,20241224,000000,23.46851,24.25936,22.46692,23.90182,126239.39483393825,0
SSV.V,D,20241225,000000,23.87232,24.72723,23.43194,23.63894,106675.86782670545,0
SSV.V,D,20241226,000000,23.63894,24.04978,21.62705,22.04639,79411.23040386105,0
SSV.V,D,20241227,000000,22.02552,25.86074,21.78557,25.20315,304251.63010039856,0
SSV.V,D,20241228,000000,25.20315,27.0925,24.63878,26.43022,333814.5736230324,0
SSV.V,D,20241229,000000,26.41026,26.43022,24.94527,25.22072,94990.75832955189,0
SSV.V,D,20241230,000000,25.28086,26.28258,24.11651,25.63326,249338.60912242666,0
SSV.V,D,20241231,000000,25.61356,26.59565,24.67121,25.21302,137523.40123502546,0
SSV.V,D,20250101,000000,25.23273,26.22718,23.85692,25.09744,106479.50425715788,0
SSV.V,D,20250102,000000,25.08746,26.35965,24.69803,25.49371,87799.3608189309,0
SSV.V,D,20250103,000000,25.47399,26.77446,24.31029,26.38024,98040.55723795765,0
SSV.V,D,20250104,000000,26.3897,26.72904,25.45211,25.95507,66247.59072332004,0
SSV.V,D,20250105,000000,25.92481,26.10478,24.54337,25.20345,42871.585434692395,0
SSV.V,D,20250106,000000,25.25369,26.6508,24.58484,25.26707,73908.92457346327,0
SSV.V,D,20250107,000000,25.23732,25.42042,21.73304,22.02692,113344.15664706861,0
SSV.V,D,20250108,000000,21.96692,22.1258,19.55061,20.56383,108679.58860125771,0
SSV.V,D,20250109,000000,20.49426,21.10282,19.57923,20.17879,60348.355950952275,0
SSV.V,D,20250110,000000,20.12879,20.87645,19.47825,20.36572,69874.63045837374,0
SSV.V,D,20250111,000000,20.36572,20.76961,19.83226,20.36043,37660.72048197549,0
SSV.V,D,20250112,000000,20.39021,20.66966,19.87966,19.94802,32017.577090749906,0
SSV.V,D,20250113,000000,19.97801,20.63678,18.27639,19.7417,70326.7484586253,0
SSV.V,D,20250114,000000,19.73171,20.7317,19.49123,20.72129,65587.72548369002,0
SSV.V,D,20250115,000000,20.69151,21.95658,19.65076,21.76087,62515.23549916135,0
SSV.V,D,20250116,000000,21.79087,22.24067,20.30289,20.43509,48279.05693056195,0
SSV.V,D,20250117,000000,20.46509,22.13106,20.36633,21.9368,61820.083943605096,0
SSV.V,D,20250118,000000,21.9368,22.33782,18.96728,19.17254,116400.08242317506,0
SSV.V,D,20250119,000000,19.15236,21.11738,18.15073,19.49833,272067.13470537605,0
SSV.V,D,20250120,000000,19.42763,20.70412,18.0485,18.5466,205760.46415427353,0
SSV.V,D,20250121,000000,18.45856,19.10809,16.9405,18.70281,151168.93626219683,0
SSV.V,D,20250122,000000,18.61428,18.84906,17.74574,17.74592,48652.579906869454,0
SSV.V,D,20250123,000000,17.74574,18.26402,17.24207,18.26402,61764.6916329616,0
SSV.V,D,20250124,000000,18.23401,20.44959,17.71646,18.97095,167942.1399227257,0
SSV.V,D,20250125,000000,18.95133,19.53648,18.54907,18.67664,74925.52276710971,0
SSV.V,D,20250126,000000,18.68645,19.40495,18.54116,18.69701,53813.997620389935,0
SSV.V,D,20250127,000000,18.67701,18.70495,16.67848,18.30542,97166.81560038945,0
SSV.V,D,20250128,000000,18.3156,18.98,16.99099,17.2188,61841.315789231565,0
SSV.V,D,20250129,000000,17.19881,18.64795,17.01081,18.22927,61253.71975901006,0
SSV.V,D,20250130,000000,18.21927,19.11904,17.73947,18.76188,75388.28707327954,0
SSV.V,D,20250131,000000,18.75187,20.23263,18.2589,19.2944,95764.00073637931,0
SSV.V,D,20250201,000000,19.2746,19.52473,17.29602,17.32567,51914.33224334089,0
SSV.V,D,20250202,000000,17.32567,17.7868,13.92986,14.35569,178098.03483329553,0
SSV.V,D,20250203,000000,14.39568,14.39568,10.02699,13.57356,530955.3399372915,0
SSV.V,D,20250204,000000,13.52365,13.63525,11.11267,11.52564,223784.71243265143,0
SSV.V,D,20250205,000000,11.50564,12.40459,11.4356,12.06084,101203.08352172797,0
SSV.V,D,20250206,000000,12.06096,12.67114,11.43126,11.62081,140279.15544712514,0
SSV.V,D,20250207,000000,11.62081,12.2932,10.43063,10.85033,159412.01789974078,0
SSV.V,D,20250208,000000,10.85033,11.81118,10.82043,11.74094,113925.22577593176,0
SSV.V,D,20250209,000000,11.75094,12.38124,11.151,11.6914,141039.68831107952,0
SSV.V,D,20250210,000000,11.6714,11.96155,11.27214,11.75176,131514.58832532231,0
SSV.V,D,20250211,000000,11.78212,12.67203,11.50804,11.61872,156670.05373622483,0
SSV.V,D,20250212,000000,11.63872,13.01065,11.42794,12.59076,143456.7833698133,0
SSV.V,D,20250213,000000,12.63088,12.8409,11.62093,11.79024,151168.07992354964,0
SSV.V,D,20250214,000000,11.80024,12.50425,11.76118,12.03205,77806.19738941248,0
SSV.V,D,20250215,000000,12.05205,12.61126,11.88107,11.90107,67517.36211219738,0
