<TICKER>,<PER>,<DATE>,<TIME>,<OPEN>,<HIGH>,<LOW>,<CLOSE>,<VOL>,<OPENINT>
STORJ.V,D,20220514,000000,0.547068,0.552459,0.476397,0.535496,3430465.462782033,0
STORJ.V,D,20220515,000000,0.536048,0.584997,0.527314,0.584797,2688087.2241498767,0
STORJ.V,D,20220516,000000,0.586096,0.597882,0.521274,0.547687,2023494.9430129041,0
STORJ.V,D,20220517,000000,0.549185,0.588693,0.532254,0.586595,2465185.4602861395,0
STORJ.V,D,20220518,000000,0.587195,0.636871,0.531209,0.543293,5356698.98621234,0
STORJ.V,D,20220519,000000,0.545989,0.572784,0.496853,0.542657,3117144.7890376383,0
STORJ.V,D,20220520,000000,0.542257,0.578737,0.516579,0.531009,3873656.1261155987,0
STORJ.V,D,20220521,000000,0.531561,0.562368,0.514382,0.535803,4129568.1296648053,0
STORJ.V,D,20220522,000000,0.534005,0.648021,0.534005,0.580702,7794401.4255353175,0
STORJ.V,D,20220523,000000,0.580802,0.624275,0.573311,0.583998,4641435.185030816,0
STORJ.V,D,20220524,000000,0.582542,0.582542,0.527466,0.570757,3978575.5401681764,0
STORJ.V,D,20220525,000000,0.571698,0.585996,0.543701,0.563479,3663043.967678034,0
STORJ.V,D,20220526,000000,0.565121,0.579362,0.498002,0.531368,4604017.197345196,0
STORJ.V,D,20220527,000000,0.532613,0.544155,0.48981,0.509839,4994028.691099487,0
STORJ.V,D,20220528,000000,0.510817,0.530211,0.498082,0.521789,3074861.525260162,0
STORJ.V,D,20220529,000000,0.52068,0.556931,0.509195,0.544395,2794917.9599876525,0
STORJ.V,D,20220530,000000,0.547392,0.598681,0.536714,0.592285,3272679.444074521,0
STORJ.V,D,20220531,000000,0.592585,0.602318,0.558209,0.578437,3540169.988948186,0
STORJ.V,D,20220601,000000,0.580136,0.611973,0.550294,0.556099,5033308.853876712,0
STORJ.V,D,20220602,000000,0.552713,0.614347,0.551203,0.593066,5645563.413185641,0
STORJ.V,D,20220603,000000,0.592067,0.602457,0.555372,0.573101,2517879.2916422524,0
STORJ.V,D,20220604,000000,0.5737,0.575205,0.541936,0.558275,7213018.411832538,0
STORJ.V,D,20220605,000000,0.560674,0.585678,0.545558,0.579455,6802690.908856181,0
STORJ.V,D,20220606,000000,0.580953,0.631594,0.576064,0.601394,18336749.719386492,0
STORJ.V,D,20220607,000000,0.602693,0.61078,0.554734,0.589046,14482814.572322888,0
STORJ.V,D,20220608,000000,0.590909,0.607093,0.565843,0.575825,14404575.26985573,0
STORJ.V,D,20220609,000000,0.575426,0.587823,0.556216,0.563226,12367821.164008936,0
STORJ.V,D,20220610,000000,0.563421,0.56563,0.505184,0.51904,12314652.569162104,0
STORJ.V,D,20220611,000000,0.519839,0.527241,0.461954,0.476461,5177473.620510472,0
STORJ.V,D,20220612,000000,0.475857,0.479467,0.419603,0.442355,4393268.425515319,0
STORJ.V,D,20220613,000000,0.441652,0.441652,0.347578,0.368387,43516330.277291335,0
STORJ.V,D,20220614,000000,0.367093,0.373912,0.333619,0.352477,67972447.60549189,0
STORJ.V,D,20220615,000000,0.351774,0.387673,0.328711,0.385521,44819515.957134224,0
STORJ.V,D,20220616,000000,0.385321,0.518777,0.375049,0.456406,63689746.01394457,0
STORJ.V,D,20220617,000000,0.426107,0.523729,0.417228,0.495005,49301409.47160509,0
STORJ.V,D,20220618,000000,0.491909,0.493008,0.400997,0.420813,60759228.02043958,0
STORJ.V,D,20220619,000000,0.422111,0.594847,0.418122,0.542494,45246817.49886704,0
STORJ.V,D,20220620,000000,0.542793,0.679348,0.519676,0.618319,39903444.89777685,0
STORJ.V,D,20220621,000000,0.619955,0.789531,0.61792,0.69893,53382726.56161473,0
STORJ.V,D,20220622,000000,0.69953,0.734465,0.61948,0.626373,8627282.10745369,0
STORJ.V,D,20220623,000000,0.626872,1.01898,0.613486,0.913386,31415396.39109559,0
STORJ.V,D,20220624,000000,0.913885,0.986812,0.87862,0.927966,98694147.90644656,0
STORJ.V,D,20220625,000000,0.92907,0.9989,0.875504,0.926851,75470581.70250927,0
STORJ.V,D,20220626,000000,0.926051,0.92756,0.822898,0.850181,63689179.99726767,0
STORJ.V,D,20220627,000000,0.850672,0.850672,0.757203,0.779314,45755881.438049,0
STORJ.V,D,20220628,000000,0.780213,0.849966,0.723054,0.745082,53703126.443781525,0
STORJ.V,D,20220629,000000,0.745075,0.835321,0.706766,0.722425,62466651.71777388,0
STORJ.V,D,20220630,000000,0.72373,0.72891,0.637396,0.661605,46359567.075446084,0
STORJ.V,D,20220701,000000,0.6715,0.7135,0.6365,0.649,69002983.72264501,0
STORJ.V,D,20220702,000000,0.6495,0.7115,0.643,0.6795,19705836.795629203,0
STORJ.V,D,20220703,000000,0.683878,0.685377,0.63471,0.6515,5533685.621847227,0
STORJ.V,D,20220704,000000,0.6535,0.657,0.618,0.6545,3456822.966956225,0
STORJ.V,D,20220705,000000,0.658709,0.717238,0.625311,0.646488,4756787.301298981,0
STORJ.V,D,20220706,000000,0.646888,0.695234,0.62641,0.688941,5925672.290363446,0
STORJ.V,D,20220707,000000,0.69004,0.814303,0.685545,0.769838,21149455.628896724,0
STORJ.V,D,20220708,000000,0.770437,0.809252,0.735658,0.746052,7255253.91780865,0
STORJ.V,D,20220709,000000,0.745153,0.76664,0.713172,0.738956,4113168.34087202,0
STORJ.V,D,20220710,000000,0.736884,0.741855,0.674495,0.690685,3558498.882447864,0
STORJ.V,D,20220711,000000,0.690585,0.714171,0.649415,0.652412,5027647.24817931,0
STORJ.V,D,20220712,000000,0.651444,0.655344,0.623276,0.623776,2443542.443260898,0
STORJ.V,D,20220713,000000,0.623395,0.644655,0.568274,0.622239,6595612.466760989,0
STORJ.V,D,20220714,000000,0.623139,0.652908,0.606015,0.638852,3943837.1844786326,0
STORJ.V,D,20220715,000000,0.639816,0.710302,0.637517,0.686294,12806976.0019667,0
STORJ.V,D,20220716,000000,0.687294,0.693392,0.653738,0.686194,5084040.816576295,0
STORJ.V,D,20220717,000000,0.686721,0.705466,0.661674,0.676924,5840871.747554256,0
STORJ.V,D,20220718,000000,0.676924,0.709986,0.661368,0.681243,9134695.876544094,0
STORJ.V,D,20220719,000000,0.680496,0.715507,0.66724,0.712807,10585846.29805282,0
STORJ.V,D,20220720,000000,0.712814,0.755838,0.65862,0.682934,18588756.507258814,0
STORJ.V,D,20220721,000000,0.681641,0.682482,0.630269,0.66826,7492987.156515603,0
STORJ.V,D,20220722,000000,0.66806,0.682509,0.638996,0.646842,7610921.596772267,0
STORJ.V,D,20220723,000000,0.6466,0.676927,0.637057,0.653124,7461530.210022902,0
STORJ.V,D,20220724,000000,0.653231,0.671513,0.651007,0.667127,4666335.458122894,0
STORJ.V,D,20220725,000000,0.667133,0.674428,0.606367,0.619056,5721486.634903875,0
STORJ.V,D,20220726,000000,0.619056,0.62105,0.578817,0.589088,8156781.967031309,0
STORJ.V,D,20220727,000000,0.5887,0.645161,0.5887,0.638353,6138514.412826728,0
STORJ.V,D,20220728,000000,0.638753,0.689338,0.623675,0.680436,9205233.973335497,0
STORJ.V,D,20220729,000000,0.680243,0.689886,0.648394,0.672376,10514410.398412855,0
STORJ.V,D,20220730,000000,0.671075,0.733393,0.663632,0.689834,18363746.188780885,0
STORJ.V,D,20220731,000000,0.689207,0.779187,0.664586,0.718065,30539832.130209018,0
STORJ.V,D,20220801,000000,0.718015,0.783044,0.676197,0.703011,31773178.045750163,0
STORJ.V,D,20220802,000000,0.702597,0.721274,0.647188,0.668314,9602587.242038716,0
STORJ.V,D,20220803,000000,0.667433,0.680609,0.637159,0.66596,6434685.517198333,0
STORJ.V,D,20220804,000000,0.665453,0.676349,0.647162,0.65792,5042145.508110356,0
STORJ.V,D,20220805,000000,0.65792,0.695939,0.65772,0.688831,5531832.456235968,0
STORJ.V,D,20220806,000000,0.689838,0.705041,0.688303,0.701761,3784506.3224274428,0
STORJ.V,D,20220807,000000,0.701654,0.702362,0.67877,0.696025,1954068.683058936,0
STORJ.V,D,20220808,000000,0.695632,0.717036,0.685396,0.699584,3314411.887593216,0
STORJ.V,D,20220809,000000,0.699477,0.709292,0.647742,0.665733,4857566.093723105,0
STORJ.V,D,20220810,000000,0.665833,0.756682,0.649682,0.718108,15826836.611198332,0
STORJ.V,D,20220811,000000,0.718908,0.770354,0.70684,0.728242,11569168.880770158,0
STORJ.V,D,20220812,000000,0.727342,0.731292,0.698249,0.717323,4795951.302903695,0
STORJ.V,D,20220813,000000,0.717723,0.747073,0.712921,0.721581,5424954.548011963,0
STORJ.V,D,20220814,000000,0.721581,0.753894,0.699682,0.706419,4727224.863590959,0
STORJ.V,D,20220815,000000,0.706419,0.72929,0.692959,0.713071,6336101.713421625,0
STORJ.V,D,20220816,000000,0.713378,0.720744,0.689248,0.695163,3890949.422871922,0
STORJ.V,D,20220817,000000,0.695563,0.713593,0.652446,0.655546,5015731.25847784,0
STORJ.V,D,20220818,000000,0.656046,0.672047,0.65092,0.666507,2772518.5619848375,0
STORJ.V,D,20220819,000000,0.666067,0.668067,0.557556,0.560356,10087599.400295177,0
STORJ.V,D,20220820,000000,0.560756,0.58527,0.552372,0.566694,5224903.672670187,0
STORJ.V,D,20220821,000000,0.566489,0.590282,0.562672,0.584388,3419687.220931203,0
STORJ.V,D,20220822,000000,0.584188,0.5926,0.548773,0.558499,4749220.348438067,0
STORJ.V,D,20220823,000000,0.558716,0.579517,0.550294,0.573917,2876655.399764592,0
STORJ.V,D,20220824,000000,0.5742,0.617162,0.559672,0.591253,13132797.87561333,0
STORJ.V,D,20220825,000000,0.590753,0.648687,0.585029,0.610218,17497277.58197564,0
STORJ.V,D,20220826,000000,0.610718,0.636651,0.568294,0.576658,9675532.8895986,0
STORJ.V,D,20220827,000000,0.576458,0.578058,0.533364,0.537716,4683246.063998962,0
STORJ.V,D,20220828,000000,0.537316,0.558734,0.536262,0.5407,3384606.774964354,0
STORJ.V,D,20220829,000000,0.5402,0.550339,0.517316,0.549938,3463785.3514321684,0
STORJ.V,D,20220830,000000,0.549544,0.564989,0.525758,0.539249,3467603.318126605,0
STORJ.V,D,20220831,000000,0.539249,0.56095,0.536964,0.556294,4064664.5268950905,0
STORJ.V,D,20220901,000000,0.556494,0.556683,0.528716,0.546967,2813338.3073656163,0
STORJ.V,D,20220902,000000,0.547973,0.556439,0.534148,0.539165,2295273.082522058,0
STORJ.V,D,20220903,000000,0.539086,0.5479,0.5303,0.5417,2564128.389089578,0
STORJ.V,D,20220904,000000,0.5414,0.5673,0.537754,0.5552,2803434.6633328465,0
STORJ.V,D,20220905,000000,0.5549,0.5584,0.5374,0.548655,3158742.632240306,0
STORJ.V,D,20220906,000000,0.548555,0.563756,0.504,0.5061,4037102.747457793,0
STORJ.V,D,20220907,000000,0.5064,0.522226,0.484085,0.518136,4058762.062029802,0
STORJ.V,D,20220908,000000,0.518836,0.537932,0.50445,0.527179,5935310.554007862,0
STORJ.V,D,20220909,000000,0.5272,0.565519,0.523968,0.552893,3361765.601391795,0
STORJ.V,D,20220910,000000,0.553016,0.569742,0.546735,0.553405,3961679.3720800434,0
STORJ.V,D,20220911,000000,0.553405,0.572949,0.541411,0.546837,7264644.66530752,0
STORJ.V,D,20220912,000000,0.546631,0.585811,0.544625,0.565713,9324293.197896125,0
STORJ.V,D,20220913,000000,0.564869,0.573603,0.51052,0.51621,3955010.367104346,0
STORJ.V,D,20220914,000000,0.516205,0.51821,0.50031,0.516329,2377441.7475371747,0
STORJ.V,D,20220915,000000,0.514334,0.519619,0.483898,0.492656,2603317.2803803966,0
STORJ.V,D,20220916,000000,0.4921,0.5056,0.472053,0.49505,5398003.246022628,0
STORJ.V,D,20220917,000000,0.4951,0.508251,0.494451,0.5068,1860336.9229489937,0
STORJ.V,D,20220918,000000,0.5079,0.5168,0.458154,0.4715,2136191.4418800557,0
STORJ.V,D,20220919,000000,0.4701,0.477696,0.449845,0.477495,3139846.2362177917,0
STORJ.V,D,20220920,000000,0.477148,0.479396,0.457446,0.458046,2589917.9763513706,0
STORJ.V,D,20220921,000000,0.457505,0.4848,0.440344,0.445,4852196.251505237,0
STORJ.V,D,20220922,000000,0.4452,0.466,0.4367,0.4608,2686256.557650399,0
STORJ.V,D,20220923,000000,0.461254,0.475652,0.4471,0.4651,4814759.266840681,0
STORJ.V,D,20220924,000000,0.465463,0.485858,0.462495,0.473143,3211121.5359537913,0
STORJ.V,D,20220925,000000,0.4733,0.477529,0.452514,0.4538,2180992.143611854,0
STORJ.V,D,20220926,000000,0.453705,0.4624,0.4221,0.4568,2159960.6162299416,0
STORJ.V,D,20220927,000000,0.456746,0.490849,0.4562,0.460254,5270079.793174571,0
STORJ.V,D,20220928,000000,0.460354,0.4636,0.438556,0.4586,3679819.3775022174,0
STORJ.V,D,20220929,000000,0.4599,0.4603,0.444,0.452445,1739899.2070828164,0
STORJ.V,D,20220930,000000,0.4532,0.457546,0.445445,0.4473,1802421.9471634345,0
STORJ.V,D,20221001,000000,0.4475,0.4546,0.4445,0.4502,1120129.7573764978,0
STORJ.V,D,20221002,000000,0.4501,0.4539,0.438444,0.4484,1236510.3539134914,0
STORJ.V,D,20221003,000000,0.448545,0.465547,0.4356,0.450745,4538472.914772007,0
STORJ.V,D,20221004,000000,0.451145,0.461038,0.447345,0.457437,1760056.5059777098,0
STORJ.V,D,20221005,000000,0.457892,0.461492,0.441544,0.450545,2683867.3860131833,0
STORJ.V,D,20221006,000000,0.45039,0.462279,0.445876,0.446276,2143219.861620803,0
STORJ.V,D,20221007,000000,0.446276,0.475871,0.437104,0.450963,10468632.55323704,0
STORJ.V,D,20221008,000000,0.450959,0.514941,0.450936,0.469622,35179248.86823144,0
STORJ.V,D,20221009,000000,0.469522,0.474547,0.456391,0.462046,5846583.499234645,0
STORJ.V,D,20221010,000000,0.461192,0.471647,0.45169,0.459954,4133623.0383710447,0
STORJ.V,D,20221011,000000,0.4583,0.458454,0.421162,0.424458,4751144.706294307,0
STORJ.V,D,20221012,000000,0.422745,0.428,0.415796,0.419813,2898090.2395853354,0
STORJ.V,D,20221013,000000,0.420313,0.422596,0.370493,0.411633,5518499.234842444,0
STORJ.V,D,20221014,000000,0.411533,0.426509,0.400908,0.400912,3266533.2205783967,0
STORJ.V,D,20221015,000000,0.401616,0.416542,0.40042,0.410621,1745239.7774355304,0
STORJ.V,D,20221016,000000,0.410521,0.422296,0.405912,0.412721,2674962.6346924985,0
STORJ.V,D,20221017,000000,0.412517,0.425226,0.411004,0.419908,2490359.119815828,0
STORJ.V,D,20221018,000000,0.420213,0.477043,0.420213,0.433222,21291451.418611344,0
STORJ.V,D,20221019,000000,0.433043,0.435126,0.409075,0.4126,3182361.807031818,0
STORJ.V,D,20221020,000000,0.4117,0.416296,0.394061,0.398872,3909547.367952707,0
STORJ.V,D,20221021,000000,0.398764,0.4031,0.381285,0.401828,2487561.5762062194,0
STORJ.V,D,20221022,000000,0.402432,0.408712,0.395528,0.405932,1605636.2069243758,0
STORJ.V,D,20221023,000000,0.405132,0.412741,0.397644,0.410257,1510589.016500401,0
STORJ.V,D,20221024,000000,0.410157,0.416525,0.401936,0.413321,1823722.9988178713,0
STORJ.V,D,20221025,000000,0.414117,0.432147,0.408392,0.42524,3796394.8958902485,0
STORJ.V,D,20221026,000000,0.425149,0.433526,0.420213,0.431321,3088211.6275737616,0
STORJ.V,D,20221027,000000,0.431821,0.451186,0.423096,0.427921,6499441.266473681,0
STORJ.V,D,20221028,000000,0.428826,0.433982,0.411325,0.42819,3644523.171676257,0
STORJ.V,D,20221029,000000,0.428586,0.452176,0.42849,0.445702,6309510.8760744715,0
STORJ.V,D,20221030,000000,0.445507,0.457992,0.428786,0.433487,5968748.430558914,0
STORJ.V,D,20221031,000000,0.434087,0.4426,0.42653,0.438365,3004895.3497959306,0
STORJ.V,D,20221101,000000,0.439274,0.473738,0.437578,0.450655,10072104.12117402,0
STORJ.V,D,20221102,000000,0.451146,0.482418,0.428883,0.437582,15202379.748347001,0
STORJ.V,D,20221103,000000,0.437774,0.528947,0.437774,0.471395,44992900.000331685,0
STORJ.V,D,20221104,000000,0.4713,0.49871,0.466663,0.492739,24454059.879622463,0
STORJ.V,D,20221105,000000,0.493035,0.50064,0.481439,0.488924,9505234.542205205,0
STORJ.V,D,20221106,000000,0.48872,0.48872,0.464251,0.466737,5670605.149664309,0
STORJ.V,D,20221107,000000,0.467233,0.479438,0.447636,0.460055,5628049.938822042,0
STORJ.V,D,20221108,000000,0.460238,0.473295,0.312205,0.365593,12708345.898742387,0
STORJ.V,D,20221109,000000,0.365092,0.380228,0.282144,0.286714,9481293.630153691,0
STORJ.V,D,20221110,000000,0.285668,0.358524,0.280435,0.337276,4594525.988504087,0
STORJ.V,D,20221111,000000,0.337344,0.385024,0.30366,0.315778,9340559.930140091,0
STORJ.V,D,20221112,000000,0.316432,0.333766,0.301656,0.305449,3754703.319929618,0
STORJ.V,D,20221113,000000,0.30525,0.314291,0.286512,0.294787,4805858.69666532,0
STORJ.V,D,20221114,000000,0.293489,0.29954,0.273489,0.294358,2364229.142604608,0
STORJ.V,D,20221115,000000,0.295342,0.327472,0.29259,0.305594,3616794.6098755067,0
STORJ.V,D,20221116,000000,0.305194,0.322381,0.299918,0.306615,3176113.533492441,0
STORJ.V,D,20221117,000000,0.306821,0.314323,0.294141,0.302957,3527188.2925870907,0
STORJ.V,D,20221118,000000,0.302567,0.309015,0.299978,0.306747,4975296.628138124,0
STORJ.V,D,20221119,000000,0.306747,0.331628,0.303932,0.319168,13732525.880912706,0
STORJ.V,D,20221120,000000,0.319967,0.342895,0.311426,0.311725,9916351.64479634,0
STORJ.V,D,20221121,000000,0.312727,0.373011,0.300539,0.339592,29786334.384163354,0
STORJ.V,D,20221122,000000,0.339788,0.352373,0.307497,0.331695,7907181.366884333,0
STORJ.V,D,20221123,000000,0.331695,0.350018,0.328302,0.349815,3950670.471556602,0
STORJ.V,D,20221124,000000,0.350721,0.353411,0.337892,0.344207,2660617.31025133,0
STORJ.V,D,20221125,000000,0.345306,0.35002,0.328547,0.33251,1711752.9849410648,0
STORJ.V,D,20221126,000000,0.332907,0.342284,0.329802,0.331508,1985057.7508409962,0
STORJ.V,D,20221127,000000,0.331308,0.35049,0.331308,0.340489,3263797.9565068963,0
STORJ.V,D,20221128,000000,0.340182,0.340186,0.313025,0.320978,2412318.6871384354,0
STORJ.V,D,20221129,000000,0.320878,0.330818,0.317663,0.325473,10937777.96048652,0
STORJ.V,D,20221130,000000,0.326079,0.341165,0.324496,0.340714,2138183.611407509,0
STORJ.V,D,20221201,000000,0.340514,0.343234,0.331223,0.334917,2100804.336802751,0
STORJ.V,D,20221202,000000,0.33502,0.338927,0.326236,0.336713,2273610.6867955397,0
STORJ.V,D,20221203,000000,0.33712,0.346335,0.327333,0.328033,14969152.148060048,0
STORJ.V,D,20221204,000000,0.327733,0.3332,0.327133,0.332333,524337.2321986993,0
STORJ.V,D,20221205,000000,0.332066,0.339902,0.323603,0.327207,2480882.2124787024,0
STORJ.V,D,20221206,000000,0.327107,0.33,0.322826,0.326593,960318.8101336007,0
STORJ.V,D,20221207,000000,0.3273,0.3304,0.308312,0.313297,1823791.6965983424,0
STORJ.V,D,20221208,000000,0.3127,0.322845,0.309894,0.320822,1305624.5084300914,0
STORJ.V,D,20221209,000000,0.321422,0.324719,0.317013,0.31851,1354870.1906116921,0
STORJ.V,D,20221210,000000,0.318716,0.333107,0.318716,0.324294,6424436.65527143,0
STORJ.V,D,20221211,000000,0.324494,0.328607,0.317432,0.319232,1892563.3562310082,0
STORJ.V,D,20221212,000000,0.318764,0.320732,0.30323,0.311628,2015474.0603013888,0
STORJ.V,D,20221213,000000,0.311028,0.339873,0.298281,0.322723,11234446.637207163,0
STORJ.V,D,20221214,000000,0.322723,0.361042,0.322723,0.335123,29504627.23957988,0
STORJ.V,D,20221215,000000,0.336134,0.3363,0.317263,0.317732,4552849.07424258,0
STORJ.V,D,20221216,000000,0.318064,0.321032,0.272227,0.278128,4534934.595248224,0
STORJ.V,D,20221217,000000,0.278628,0.278728,0.262932,0.274036,2094731.3532899686,0
STORJ.V,D,20221218,000000,0.274036,0.27723,0.26843,0.274036,1854879.598439626,0
STORJ.V,D,20221219,000000,0.273836,0.276547,0.242905,0.249595,3409282.968939886,0
STORJ.V,D,20221220,000000,0.249098,0.266195,0.2481,0.264211,3525605.3521430953,0
STORJ.V,D,20221221,000000,0.264111,0.272205,0.261697,0.266413,5369870.777729685,0
STORJ.V,D,20221222,000000,0.266713,0.2692,0.254677,0.263658,2439734.462108821,0
STORJ.V,D,20221223,000000,0.263655,0.266357,0.262671,0.264971,1365847.229504745,0
STORJ.V,D,20221224,000000,0.265071,0.268379,0.263571,0.267084,1165835.2798934234,0
STORJ.V,D,20221225,000000,0.267184,0.268684,0.260079,0.26426,1033007.3882414381,0
STORJ.V,D,20221226,000000,0.264774,0.265476,0.256877,0.260148,849271.9164275697,0
STORJ.V,D,20221227,000000,0.260351,0.269146,0.254283,0.257607,2951980.4477324216,0
STORJ.V,D,20221228,000000,0.258397,0.261501,0.246226,0.250367,1374439.756971373,0
STORJ.V,D,20221229,000000,0.250167,0.252589,0.243778,0.246389,1664783.9729070833,0
STORJ.V,D,20221230,000000,0.246686,0.249785,0.239102,0.244378,1597105.1605777624,0
STORJ.V,D,20221231,000000,0.244675,0.248576,0.243876,0.245377,1704298.904852668,0
STORJ.V,D,20230101,000000,0.244778,0.248488,0.242676,0.247983,994844.1265217175,0
STORJ.V,D,20230102,000000,0.248686,0.253724,0.243398,0.252219,2305643.341863016,0
STORJ.V,D,20230103,000000,0.252019,0.254014,0.247901,0.250302,2867547.02570782,0
STORJ.V,D,20230104,000000,0.250402,0.260193,0.250402,0.257515,2074376.8035676822,0
STORJ.V,D,20230105,000000,0.257615,0.261819,0.253321,0.25711,1595014.7171174644,0
STORJ.V,D,20230106,000000,0.257807,0.259196,0.248061,0.256321,2058207.0756386933,0
STORJ.V,D,20230107,000000,0.256915,0.264518,0.256915,0.258138,8269373.578072801,0
STORJ.V,D,20230108,000000,0.258322,0.271159,0.256356,0.26996,3441758.448696911,0
STORJ.V,D,20230109,000000,0.269668,0.289991,0.26856,0.278503,4840138.0252808165,0
STORJ.V,D,20230110,000000,0.2783,0.282911,0.270386,0.281339,4036218.181110127,0
STORJ.V,D,20230111,000000,0.282242,0.292197,0.27617,0.286897,9430498.837845441,0
STORJ.V,D,20230112,000000,0.287177,0.2983,0.28078,0.29643,2985236.2591964556,0
STORJ.V,D,20230113,000000,0.29663,0.313928,0.293371,0.310628,3528782.66055581,0
STORJ.V,D,20230114,000000,0.311928,0.345248,0.310159,0.329613,11131967.101161871,0
STORJ.V,D,20230115,000000,0.329833,0.350937,0.324962,0.345,11098119.207764618,0
STORJ.V,D,20230116,000000,0.345,0.350795,0.32502,0.338707,4889745.400477109,0
STORJ.V,D,20230117,000000,0.33851,0.346403,0.32972,0.342238,2419412.6754661067,0
STORJ.V,D,20230118,000000,0.341934,0.361433,0.311297,0.323284,12856794.408436066,0
STORJ.V,D,20230119,000000,0.322581,0.346965,0.317797,0.333087,9799178.1219768,0
STORJ.V,D,20230120,000000,0.33299,0.354771,0.3293,0.35426,2216058.998821734,0
STORJ.V,D,20230121,000000,0.354464,0.365759,0.346956,0.353757,5487489.26152189,0
STORJ.V,D,20230122,000000,0.352453,0.381572,0.346462,0.362773,7854688.97188542,0
STORJ.V,D,20230123,000000,0.361772,0.375341,0.359532,0.366855,3316145.0890373355,0
STORJ.V,D,20230124,000000,0.366951,0.393351,0.352456,0.355911,7540196.182030518,0
STORJ.V,D,20230125,000000,0.355511,0.361951,0.33186,0.35276,4637749.598823142,0
STORJ.V,D,20230126,000000,0.35296,0.368352,0.35296,0.363729,2902190.598302916,0
STORJ.V,D,20230127,000000,0.364033,0.404813,0.358529,0.399576,17487725.18536891,0
STORJ.V,D,20230128,000000,0.400736,0.411799,0.383669,0.387177,3594228.691141122,0
STORJ.V,D,20230129,000000,0.386881,0.393763,0.384188,0.39242,2586545.4930280307,0
STORJ.V,D,20230130,000000,0.393112,0.396124,0.347993,0.352825,3961142.5346087064,0
STORJ.V,D,20230131,000000,0.352325,0.365511,0.350218,0.361733,1659457.1846825785,0
STORJ.V,D,20230201,000000,0.362229,0.393024,0.351304,0.389023,9769415.99186567,0
STORJ.V,D,20230202,000000,0.389119,0.436583,0.389019,0.397171,19988570.779586278,0
STORJ.V,D,20230203,000000,0.397079,0.399728,0.3869,0.399532,4437870.061062575,0
STORJ.V,D,20230204,000000,0.399832,0.423325,0.399428,0.418138,7339691.695847179,0
STORJ.V,D,20230205,000000,0.418033,0.441615,0.400084,0.424406,21575129.714358144,0
STORJ.V,D,20230206,000000,0.422506,0.444411,0.415679,0.430217,9136582.017403826,0
STORJ.V,D,20230207,000000,0.430117,0.459414,0.412012,0.454132,21169920.024364397,0
STORJ.V,D,20230208,000000,0.453627,0.519816,0.427247,0.438431,51389107.600741036,0
STORJ.V,D,20230209,000000,0.438931,0.474109,0.375383,0.380434,7789934.474239211,0
STORJ.V,D,20230210,000000,0.381538,0.393971,0.377794,0.383761,3034901.8202070873,0
STORJ.V,D,20230211,000000,0.383861,0.39714,0.382554,0.395236,2513601.8256722647,0
STORJ.V,D,20230212,000000,0.394836,0.421038,0.390059,0.39734,5751739.819716307,0
STORJ.V,D,20230213,000000,0.39724,0.398668,0.365567,0.378204,3507809.7526627327,0
STORJ.V,D,20230214,000000,0.378804,0.392253,0.369862,0.391113,3799919.643853776,0
STORJ.V,D,20230215,000000,0.391664,0.422676,0.385139,0.417275,7150554.142756381,0
STORJ.V,D,20230216,000000,0.417275,0.434478,0.398936,0.398936,8699801.69806124,0
STORJ.V,D,20230217,000000,0.397835,0.4739,0.392543,0.44404,68136766.67472012,0
STORJ.V,D,20230218,000000,0.444276,0.454045,0.429703,0.435074,14818415.353697972,0
STORJ.V,D,20230219,000000,0.434169,0.466505,0.427786,0.440701,21297407.67299162,0
STORJ.V,D,20230220,000000,0.441097,0.526263,0.438923,0.485519,65739232.3242357,0
STORJ.V,D,20230221,000000,0.485119,0.49776,0.448445,0.463479,19917721.661111988,0
STORJ.V,D,20230222,000000,0.463984,0.46687,0.434248,0.455114,3239479.397141173,0
STORJ.V,D,20230223,000000,0.455,0.485158,0.453705,0.473552,15206358.666517258,0
STORJ.V,D,20230224,000000,0.473366,0.476295,0.437135,0.443196,5480321.712590482,0
STORJ.V,D,20230225,000000,0.442896,0.451223,0.422576,0.437826,2531153.4420039873,0
STORJ.V,D,20230226,000000,0.438126,0.448336,0.433713,0.444536,924377.7984751549,0
STORJ.V,D,20230227,000000,0.445145,0.450209,0.428509,0.437826,2740127.034224695,0
STORJ.V,D,20230228,000000,0.438226,0.441727,0.424385,0.426794,1708223.2588858244,0
STORJ.V,D,20230301,000000,0.427185,0.444522,0.421659,0.442257,2028076.5371009638,0
STORJ.V,D,20230302,000000,0.442758,0.445453,0.413783,0.424621,1631274.0369436396,0
STORJ.V,D,20230303,000000,0.425034,0.425034,0.377753,0.388827,2507001.369248726,0
STORJ.V,D,20230304,000000,0.389523,0.39352,0.366518,0.374826,1949877.7689035204,0
STORJ.V,D,20230305,000000,0.37483,0.386535,0.37483,0.376445,2223680.0797992987,0
STORJ.V,D,20230306,000000,0.375741,0.379581,0.365733,0.379077,1299315.572335921,0
STORJ.V,D,20230307,000000,0.378662,0.3834,0.356786,0.360918,2974260.9199785683,0
STORJ.V,D,20230308,000000,0.360886,0.366229,0.334083,0.336987,1805248.8007459724,0
STORJ.V,D,20230309,000000,0.336866,0.355804,0.306139,0.310831,7090836.293865874,0
STORJ.V,D,20230310,000000,0.309528,0.314022,0.285677,0.307415,5804240.563901024,0
STORJ.V,D,20230311,000000,0.306998,0.318932,0.291019,0.301837,6748001.99118546,0
STORJ.V,D,20230312,000000,0.302217,0.329413,0.298417,0.327492,2987343.52080846,0
STORJ.V,D,20230313,000000,0.328905,0.357953,0.318809,0.35732,7115211.251345972,0
STORJ.V,D,20230314,000000,0.357794,0.382743,0.348964,0.370157,11203324.490115214,0
STORJ.V,D,20230315,000000,0.370877,0.377817,0.333926,0.342733,4618343.103085045,0
STORJ.V,D,20230316,000000,0.342733,0.350189,0.336383,0.347733,4034366.7274779296,0
STORJ.V,D,20230317,000000,0.34775,0.373379,0.34409,0.370909,1898846.6671587678,0
STORJ.V,D,20230318,000000,0.371411,0.387416,0.366483,0.373216,3093808.299852532,0
STORJ.V,D,20230319,000000,0.372009,0.400257,0.365045,0.391976,9831535.77709198,0
STORJ.V,D,20230320,000000,0.391683,0.403619,0.368296,0.374863,3119072.6431572023,0
STORJ.V,D,20230321,000000,0.37396,0.375666,0.353621,0.37309,6161403.663469876,0
STORJ.V,D,20230322,000000,0.373387,0.37656,0.344818,0.352563,1747326.0987745733,0
STORJ.V,D,20230323,000000,0.352563,0.371738,0.352062,0.36727,1025213.4329324516,0
STORJ.V,D,20230324,000000,0.367262,0.370777,0.345576,0.351154,1685092.3247811806,0
STORJ.V,D,20230325,000000,0.350889,0.357364,0.343287,0.349932,1518113.5038469457,0
STORJ.V,D,20230326,000000,0.349339,0.362726,0.348137,0.3545,824197.3315091957,0
STORJ.V,D,20230327,000000,0.355691,0.358458,0.328223,0.335257,3422245.7546293135,0
STORJ.V,D,20230328,000000,0.335361,0.346093,0.330996,0.34293,1138962.3760210515,0
STORJ.V,D,20230329,000000,0.342734,0.371415,0.342734,0.365022,4045927.9105416276,0
STORJ.V,D,20230330,000000,0.364369,0.402476,0.356743,0.37,12930531.076615216,0
STORJ.V,D,20230331,000000,0.3704,0.386608,0.362405,0.38268,4149251.2529111193,0
STORJ.V,D,20230401,000000,0.382376,0.423278,0.38178,0.397447,13340119.263548557,0
STORJ.V,D,20230402,000000,0.397647,0.410364,0.37618,0.379235,4805846.5052002575,0
STORJ.V,D,20230403,000000,0.379335,0.383465,0.366024,0.372349,2155308.3311236845,0
STORJ.V,D,20230404,000000,0.372745,0.403318,0.370485,0.3916,9451464.895365946,0
STORJ.V,D,20230405,000000,0.391696,0.428224,0.389328,0.408247,14235141.371305468,0
STORJ.V,D,20230406,000000,0.407751,0.424327,0.390672,0.39914,5758185.926987486,0
STORJ.V,D,20230407,000000,0.399544,0.43681,0.398595,0.417013,10579115.021032302,0
STORJ.V,D,20230408,000000,0.416008,0.436579,0.402457,0.402457,6251090.699201715,0
STORJ.V,D,20230409,000000,0.402557,0.406403,0.385296,0.39974,1914577.8550796343,0
STORJ.V,D,20230410,000000,0.399868,0.404495,0.385758,0.402626,3300626.417589508,0
STORJ.V,D,20230411,000000,0.40313,0.409227,0.398639,0.400896,3117062.4981423584,0
STORJ.V,D,20230412,000000,0.400596,0.404192,0.382894,0.393206,4325436.399364919,0
STORJ.V,D,20230413,000000,0.393707,0.403419,0.390987,0.402886,1359736.2891078822,0
STORJ.V,D,20230414,000000,0.402586,0.413755,0.396288,0.407442,2309850.3032901576,0
STORJ.V,D,20230415,000000,0.407538,0.411478,0.40074,0.40436,1254045.0175364802,0
STORJ.V,D,20230416,000000,0.403859,0.413939,0.397141,0.411788,1480098.824400425,0
STORJ.V,D,20230417,000000,0.412472,0.412685,0.39157,0.397835,1347287.6357084296,0
STORJ.V,D,20230418,000000,0.398731,0.408964,0.392172,0.405173,1474268.5386373608,0
STORJ.V,D,20230419,000000,0.405277,0.407873,0.359084,0.371901,4666029.327771406,0
STORJ.V,D,20230420,000000,0.372001,0.377021,0.358879,0.367933,6592617.7144136615,0
STORJ.V,D,20230421,000000,0.368326,0.382869,0.355133,0.358061,8545009.455582106,0
STORJ.V,D,20230422,000000,0.358164,0.366633,0.355818,0.366433,979899.5244935423,0
STORJ.V,D,20230423,000000,0.366033,0.367833,0.343676,0.352014,1204221.695989971,0
STORJ.V,D,20230424,000000,0.351818,0.361278,0.343069,0.352111,950574.1187999924,0
STORJ.V,D,20230425,000000,0.352211,0.361087,0.341934,0.360283,1394085.3915100105,0
STORJ.V,D,20230426,000000,0.360183,0.372434,0.336761,0.352413,1657875.0848185613,0
STORJ.V,D,20230427,000000,0.352413,0.36234,0.348225,0.360733,1020598.0948151922,0
STORJ.V,D,20230428,000000,0.361015,0.361416,0.350823,0.356878,964858.9987707627,0
STORJ.V,D,20230429,000000,0.35666,0.361335,0.354676,0.360312,687249.5874805995,0
STORJ.V,D,20230430,000000,0.360212,0.361206,0.348906,0.3512,969546.8755837369,0
STORJ.V,D,20230501,000000,0.3509,0.353559,0.33422,0.338091,858984.5450774787,0
STORJ.V,D,20230502,000000,0.338191,0.342709,0.33536,0.341608,478269.6786592781,0
STORJ.V,D,20230503,000000,0.341908,0.348094,0.333193,0.34809,407073.42341870454,0
STORJ.V,D,20230504,000000,0.348591,0.349605,0.339046,0.340026,748541.0683945258,0
STORJ.V,D,20230505,000000,0.339926,0.349507,0.338039,0.347316,814824.8108343232,0
STORJ.V,D,20230506,000000,0.347816,0.349346,0.33361,0.336885,1191268.5697584187,0
STORJ.V,D,20230507,000000,0.336889,0.341454,0.333756,0.334691,785710.9111174914,0
STORJ.V,D,20230508,000000,0.33399,0.335896,0.296304,0.30323,2537395.882598073,0
STORJ.V,D,20230509,000000,0.30303,0.313713,0.30303,0.311011,848252.3430048494,0
STORJ.V,D,20230510,000000,0.309941,0.326058,0.305575,0.317918,4869224.763555032,0
STORJ.V,D,20230511,000000,0.319019,0.32082,0.299599,0.306206,4467429.474262027,0
STORJ.V,D,20230512,000000,0.307076,0.307908,0.293146,0.305544,2609693.83712441,0
STORJ.V,D,20230513,000000,0.305644,0.308085,0.301281,0.303982,1417759.5557555703,0
STORJ.V,D,20230514,000000,0.303982,0.307484,0.299049,0.303752,1922523.585537366,0
STORJ.V,D,20230515,000000,0.303051,0.31482,0.29988,0.312587,1214773.3600250713,0
STORJ.V,D,20230516,000000,0.313019,0.313019,0.304883,0.312356,1514560.6960486686,0
STORJ.V,D,20230517,000000,0.312725,0.319428,0.304752,0.317058,1531859.2189174173,0
STORJ.V,D,20230518,000000,0.316627,0.317427,0.307792,0.315226,1233820.3394639532,0
STORJ.V,D,20230519,000000,0.316126,0.317771,0.312056,0.314391,1919074.7526122648,0
STORJ.V,D,20230520,000000,0.315157,0.318086,0.312156,0.316485,608634.2695550295,0
STORJ.V,D,20230521,000000,0.316485,0.317786,0.303182,0.305483,4471164.848209852,0
STORJ.V,D,20230522,000000,0.305152,0.308554,0.297649,0.308454,12133926.03685923,0
STORJ.V,D,20230523,000000,0.308343,0.312813,0.304849,0.309515,5867803.051800058,0
STORJ.V,D,20230524,000000,0.309555,0.311219,0.292077,0.293682,8830542.114823302,0
STORJ.V,D,20230525,000000,0.293685,0.296503,0.286377,0.294809,5164396.619622272,0
STORJ.V,D,20230526,000000,0.294918,0.295936,0.2899,0.294268,6705707.795718574,0
STORJ.V,D,20230527,000000,0.294288,0.297592,0.293194,0.294215,5684777.10634926,0
STORJ.V,D,20230528,000000,0.294518,0.301584,0.293988,0.300469,7987328.8375598565,0
STORJ.V,D,20230529,000000,0.30052,0.307546,0.299984,0.301888,8085864.932071827,0
STORJ.V,D,20230530,000000,0.301891,0.309464,0.300772,0.30712,6331871.399381435,0
STORJ.V,D,20230531,000000,0.30712,0.30732,0.290941,0.292947,5698309.7350321915,0
STORJ.V,D,20230601,000000,0.292947,0.297262,0.289849,0.296786,5508979.49241182,0
STORJ.V,D,20230602,000000,0.296483,0.301527,0.292238,0.299678,7081671.9325541835,0
STORJ.V,D,20230603,000000,0.300178,0.305007,0.298095,0.29982,8661693.66736983,0
STORJ.V,D,20230604,000000,0.299914,0.301994,0.297383,0.300599,7528479.228317631,0
STORJ.V,D,20230605,000000,0.301196,0.302591,0.264363,0.270879,10576818.121244319,0
STORJ.V,D,20230606,000000,0.271179,0.279953,0.2637,0.279078,8960448.182756895,0
STORJ.V,D,20230607,000000,0.279678,0.319577,0.269265,0.302633,109081056.20967396,0
STORJ.V,D,20230608,000000,0.297633,0.335474,0.295127,0.317857,103304194.4591883,0
STORJ.V,D,20230609,000000,0.317657,0.329163,0.285557,0.287645,38585600.76428427,0
STORJ.V,D,20230610,000000,0.287651,0.287651,0.217154,0.229533,34213813.02537809,0
STORJ.V,D,20230611,000000,0.229233,0.239901,0.228935,0.237295,17596750.275022246,0
STORJ.V,D,20230612,000000,0.237297,0.238052,0.22798,0.230902,13490035.491903313,0
STORJ.V,D,20230613,000000,0.230809,0.240581,0.227929,0.23157,13959513.368368799,0
STORJ.V,D,20230614,000000,0.23157,0.237993,0.218654,0.22098,16739389.901840026,0
STORJ.V,D,20230615,000000,0.221482,0.224757,0.215563,0.223814,22977241.95770019,0
STORJ.V,D,20230616,000000,0.223814,0.227511,0.217706,0.226721,12943159.843375506,0
STORJ.V,D,20230617,000000,0.226823,0.233432,0.224747,0.229706,10024814.959455656,0
STORJ.V,D,20230618,000000,0.229504,0.233342,0.225453,0.227048,10750791.478975512,0
STORJ.V,D,20230619,000000,0.227148,0.232811,0.224537,0.231128,10365482.61185145,0
STORJ.V,D,20230620,000000,0.231326,0.245253,0.230652,0.239836,32316668.842533283,0
STORJ.V,D,20230621,000000,0.239936,0.253492,0.238645,0.251313,14382450.871947752,0
STORJ.V,D,20230622,000000,0.251528,0.261326,0.248727,0.253653,11927428.75385389,0
STORJ.V,D,20230623,000000,0.253653,0.268358,0.251938,0.266655,11175921.803719008,0
STORJ.V,D,20230624,000000,0.266657,0.285145,0.262555,0.272972,17104786.431263767,0
STORJ.V,D,20230625,000000,0.273172,0.285008,0.272393,0.273087,12015696.089609789,0
STORJ.V,D,20230626,000000,0.273087,0.275702,0.263534,0.266456,11806951.368414612,0
STORJ.V,D,20230627,000000,0.266156,0.276636,0.262252,0.271152,9177795.557043336,0
STORJ.V,D,20230628,000000,0.271252,0.282569,0.265187,0.273597,19660250.204742707,0
STORJ.V,D,20230629,000000,0.273397,0.322639,0.27147,0.273775,63008048.47111874,0
STORJ.V,D,20230630,000000,0.273864,0.308938,0.27124,0.300398,26622801.289467897,0
STORJ.V,D,20230701,000000,0.300395,0.337033,0.293635,0.3148,37200439.36173683,0
STORJ.V,D,20230702,000000,0.314997,0.358875,0.313981,0.339731,41764886.62902073,0
STORJ.V,D,20230703,000000,0.33763,0.359689,0.331593,0.350525,16915512.945526388,0
STORJ.V,D,20230704,000000,0.350621,0.517824,0.348049,0.484707,221266986.23067218,0
STORJ.V,D,20230705,000000,0.484397,0.589112,0.396988,0.409365,347429907.26086044,0
STORJ.V,D,20230706,000000,0.408661,0.410874,0.366015,0.37097,111440463.09713703,0
STORJ.V,D,20230707,000000,0.369667,0.381338,0.351296,0.354635,36683908.58459837,0
STORJ.V,D,20230708,000000,0.354635,0.363725,0.336224,0.343458,23787358.46192171,0
STORJ.V,D,20230709,000000,0.343355,0.362543,0.331836,0.341358,41467156.38689314,0
STORJ.V,D,20230710,000000,0.340661,0.351818,0.325536,0.341224,31346639.327043194,0
STORJ.V,D,20230711,000000,0.341434,0.349424,0.32341,0.324703,21248472.767526772,0
STORJ.V,D,20230712,000000,0.324706,0.32812,0.312044,0.314491,17524013.159342278,0
STORJ.V,D,20230713,000000,0.312991,0.323574,0.308981,0.314226,28027263.01661168,0
STORJ.V,D,20230714,000000,0.313922,0.326201,0.294015,0.299547,29192849.11570614,0
STORJ.V,D,20230715,000000,0.299347,0.314194,0.299347,0.307189,15257090.156026475,0
STORJ.V,D,20230716,000000,0.308489,0.325191,0.306089,0.308142,21969560.43293697,0
STORJ.V,D,20230717,000000,0.308045,0.314616,0.300287,0.307652,22032209.933684118,0
STORJ.V,D,20230718,000000,0.307652,0.314547,0.299766,0.300066,12875469.701919047,0
STORJ.V,D,20230719,000000,0.299966,0.314069,0.299872,0.309097,24401872.960398186,0
STORJ.V,D,20230720,000000,0.308797,0.31831,0.306042,0.308572,19429594.99466419,0
STORJ.V,D,20230721,000000,0.308597,0.316884,0.308272,0.309203,15565307.501624394,0
STORJ.V,D,20230722,000000,0.309406,0.315735,0.308925,0.312031,15361848.905569041,0
STORJ.V,D,20230723,000000,0.312031,0.324032,0.306146,0.311894,19437273.61992486,0
STORJ.V,D,20230724,000000,0.311894,0.311994,0.283732,0.285869,19865803.843891416,0
STORJ.V,D,20230725,000000,0.285869,0.288674,0.281755,0.28728,12922622.726807617,0
STORJ.V,D,20230726,000000,0.28728,0.293065,0.284252,0.292512,22548805.397227995,0
STORJ.V,D,20230727,000000,0.292509,0.293794,0.286126,0.289122,17633098.873542316,0
STORJ.V,D,20230728,000000,0.289122,0.300643,0.288816,0.297394,33880846.87540413,0
STORJ.V,D,20230729,000000,0.297291,0.322597,0.296494,0.3078,96840409.24299069,0
STORJ.V,D,20230730,000000,0.307797,0.320797,0.293206,0.300973,55574873.600904845,0
STORJ.V,D,20230731,000000,0.300976,0.303176,0.292853,0.29515,37009148.37358033,0
STORJ.V,D,20230801,000000,0.29505,0.298947,0.285634,0.298648,41520353.504874535,0
STORJ.V,D,20230802,000000,0.299047,0.302948,0.289441,0.295628,27097116.62510448,0
STORJ.V,D,20230803,000000,0.295931,0.297521,0.291511,0.294958,25278171.34945221,0
STORJ.V,D,20230804,000000,0.294961,0.297301,0.284615,0.285414,29971589.444163993,0
STORJ.V,D,20230805,000000,0.285414,0.294608,0.285414,0.288882,28904364.420711406,0
STORJ.V,D,20230806,000000,0.289258,0.293578,0.287561,0.291774,21472741.125970896,0
STORJ.V,D,20230807,000000,0.292021,0.295046,0.282235,0.287264,33230794.466140136,0
STORJ.V,D,20230808,000000,0.287363,0.292498,0.279522,0.292256,25762123.641564213,0
STORJ.V,D,20230809,000000,0.292356,0.29365,0.287256,0.288049,31039725.831980716,0
STORJ.V,D,20230810,000000,0.288049,0.290499,0.285888,0.286596,26376310.48560402,0
STORJ.V,D,20230811,000000,0.286593,0.289999,0.286339,0.287586,30429669.54829211,0
STORJ.V,D,20230812,000000,0.287783,0.292548,0.286485,0.290934,28717774.69690039,0
STORJ.V,D,20230813,000000,0.290934,0.293503,0.287093,0.289671,32851389.022869375,0
STORJ.V,D,20230814,000000,0.289371,0.293779,0.286768,0.289666,34055079.26284414,0
STORJ.V,D,20230815,000000,0.289669,0.29018,0.250841,0.267103,36195973.55590486,0
STORJ.V,D,20230816,000000,0.267106,0.269598,0.241746,0.244628,38592109.81402963,0
STORJ.V,D,20230817,000000,0.244726,0.253693,0.193511,0.217576,24896941.91600887,0
STORJ.V,D,20230818,000000,0.216574,0.231212,0.214941,0.229185,29525194.8269293,0
STORJ.V,D,20230819,000000,0.229397,0.236669,0.228595,0.234939,15212774.670623645,0
STORJ.V,D,20230820,000000,0.235032,0.238357,0.232967,0.235688,22796545.998838417,0
STORJ.V,D,20230821,000000,0.236088,0.237671,0.226559,0.231665,13657882.95461739,0
STORJ.V,D,20230822,000000,0.232165,0.235827,0.225041,0.226621,9501509.677191703,0
STORJ.V,D,20230823,000000,0.226723,0.243671,0.225928,0.240454,14093407.68372009,0
STORJ.V,D,20230824,000000,0.242551,0.242956,0.235173,0.23538,13407492.711198233,0
STORJ.V,D,20230825,000000,0.23568,0.239166,0.232514,0.238266,13818651.412221234,0
STORJ.V,D,20230826,000000,0.238274,0.239856,0.234469,0.234469,13887580.144740162,0
STORJ.V,D,20230827,000000,0.234771,0.235784,0.23289,0.23369,12178985.267785659,0
STORJ.V,D,20230828,000000,0.233588,0.234181,0.224232,0.230894,12993302.173495432,0
STORJ.V,D,20230829,000000,0.230882,0.245115,0.224942,0.242846,17023071.09684244,0
STORJ.V,D,20230830,000000,0.241944,0.2443,0.235772,0.2363,14611426.942031017,0
STORJ.V,D,20230831,000000,0.236298,0.238474,0.223262,0.223464,15004891.206939593,0
STORJ.V,D,20230901,000000,0.223473,0.225932,0.219233,0.221985,15184640.5552591,0
STORJ.V,D,20230902,000000,0.221987,0.228161,0.219903,0.225477,14842910.884346299,0
STORJ.V,D,20230903,000000,0.226075,0.231658,0.223271,0.226059,16689638.280438263,0
STORJ.V,D,20230904,000000,0.225759,0.241913,0.225162,0.229736,33623563.88380901,0
STORJ.V,D,20230905,000000,0.230635,0.233799,0.226146,0.233486,16998151.599124257,0
STORJ.V,D,20230906,000000,0.233788,0.236158,0.228077,0.232858,14449425.554602245,0
STORJ.V,D,20230907,000000,0.232958,0.235882,0.231454,0.23588,15769713.123334812,0
STORJ.V,D,20230908,000000,0.235989,0.268666,0.234873,0.250565,56646468.717481926,0
STORJ.V,D,20230909,000000,0.250665,0.29482,0.240725,0.281116,103741164.84952,0
STORJ.V,D,20230910,000000,0.281016,0.307945,0.263666,0.297387,186512769.68077034,0
STORJ.V,D,20230911,000000,0.29719,0.325176,0.279996,0.290407,108212888.05314225,0
STORJ.V,D,20230912,000000,0.289207,0.303615,0.278997,0.296376,34891865.92823122,0
STORJ.V,D,20230913,000000,0.296873,0.339673,0.292994,0.328466,64507182.0805715,0
STORJ.V,D,20230914,000000,0.329166,0.337476,0.311609,0.319793,27917613.565192606,0
STORJ.V,D,20230915,000000,0.319693,0.409512,0.318954,0.403588,80146517.76178893,0
STORJ.V,D,20230916,000000,0.403888,0.416908,0.358765,0.361533,87747846.17637976,0
STORJ.V,D,20230917,000000,0.361733,0.394263,0.343376,0.362787,62926350.311233364,0
STORJ.V,D,20230918,000000,0.362487,0.385762,0.338444,0.366562,50909128.83506994,0
STORJ.V,D,20230919,000000,0.366659,0.425694,0.356468,0.418859,77271337.8410184,0
STORJ.V,D,20230920,000000,0.419459,0.442966,0.379145,0.39302,58704809.541432165,0
STORJ.V,D,20230921,000000,0.393024,0.394608,0.344186,0.358386,27403183.399733737,0
STORJ.V,D,20230922,000000,0.358289,0.363178,0.351886,0.354779,12707979.010146992,0
STORJ.V,D,20230923,000000,0.354675,0.359293,0.333203,0.340124,9231427.856834939,0
STORJ.V,D,20230924,000000,0.340124,0.348103,0.326113,0.331917,12792239.849468913,0
STORJ.V,D,20230925,000000,0.331413,0.384573,0.326035,0.372978,53099508.62507183,0
STORJ.V,D,20230926,000000,0.372978,0.391882,0.369808,0.386034,26937451.492763173,0
STORJ.V,D,20230927,000000,0.386134,0.416059,0.383343,0.39651,29408663.806627646,0
STORJ.V,D,20230928,000000,0.396706,0.408791,0.389349,0.397492,12252105.039709574,0
STORJ.V,D,20230929,000000,0.397592,0.44876,0.396372,0.445151,22012468.37699427,0
STORJ.V,D,20230930,000000,0.445051,0.452237,0.412237,0.414883,13994969.4862443,0
STORJ.V,D,20231001,000000,0.417283,0.493149,0.407504,0.482453,37422250.109151684,0
STORJ.V,D,20231002,000000,0.482253,0.508624,0.469345,0.477638,16159897.172137285,0
STORJ.V,D,20231003,000000,0.477939,0.490834,0.443609,0.444496,17273360.8899377,0
STORJ.V,D,20231004,000000,0.444131,0.445436,0.408675,0.418721,11646109.564434294,0
STORJ.V,D,20231005,000000,0.419117,0.448621,0.414337,0.447721,11224205.904315455,0
STORJ.V,D,20231006,000000,0.447921,0.469008,0.441449,0.455882,10694849.145805474,0
STORJ.V,D,20231007,000000,0.455987,0.485301,0.424316,0.479073,45429987.569348566,0
STORJ.V,D,20231008,000000,0.478773,0.494777,0.458421,0.472469,31324374.605543785,0
STORJ.V,D,20231009,000000,0.472469,0.540795,0.46762,0.510802,54517356.195283614,0
STORJ.V,D,20231010,000000,0.511207,0.522799,0.447176,0.45595,50568742.97470534,0
STORJ.V,D,20231011,000000,0.455946,0.45986,0.405935,0.414584,25013335.707984388,0
STORJ.V,D,20231012,000000,0.414284,0.427976,0.39838,0.402651,20527674.438868754,0
STORJ.V,D,20231013,000000,0.403447,0.418262,0.403347,0.413613,8946101.558400232,0
STORJ.V,D,20231014,000000,0.413709,0.415817,0.40196,0.405976,4536733.166449785,0
STORJ.V,D,20231015,000000,0.406076,0.418471,0.390488,0.406916,11878043.066260023,0
STORJ.V,D,20231016,000000,0.407016,0.415588,0.399216,0.402465,7025867.85306492,0
STORJ.V,D,20231017,000000,0.402465,0.406671,0.364438,0.376736,12624667.190627815,0
STORJ.V,D,20231018,000000,0.376739,0.382338,0.353002,0.355775,6100360.586104857,0
STORJ.V,D,20231019,000000,0.355675,0.384088,0.347676,0.370448,33252373.006994076,0
STORJ.V,D,20231020,000000,0.370044,0.4011,0.366079,0.383661,16389626.514530882,0
STORJ.V,D,20231021,000000,0.383757,0.390791,0.380783,0.382387,7567900.566218452,0
STORJ.V,D,20231022,000000,0.382487,0.387159,0.367631,0.373823,4989228.013719996,0
STORJ.V,D,20231023,000000,0.373827,0.384319,0.3693,0.383195,6305388.148148904,0
STORJ.V,D,20231024,000000,0.383199,0.413833,0.382899,0.395952,12399860.253695628,0
STORJ.V,D,20231025,000000,0.395852,0.449451,0.395852,0.420797,21089947.831817497,0
STORJ.V,D,20231026,000000,0.421401,0.430403,0.391412,0.3996,9248913.175974518,0
STORJ.V,D,20231027,000000,0.400204,0.404477,0.388366,0.395387,7424810.809409215,0
STORJ.V,D,20231028,000000,0.395691,0.402848,0.39349,0.399164,2612934.7533553466,0
STORJ.V,D,20231029,000000,0.399268,0.445458,0.391278,0.42955,6602419.984778608,0
STORJ.V,D,20231030,000000,0.428854,0.454805,0.424031,0.443746,11502148.589312255,0
STORJ.V,D,20231031,000000,0.444151,0.46087,0.403678,0.424078,9502378.293912914,0
STORJ.V,D,20231101,000000,0.424078,0.447483,0.410223,0.440737,13598959.230207583,0
STORJ.V,D,20231102,000000,0.440641,0.466147,0.431041,0.462155,16949625.95800626,0
STORJ.V,D,20231103,000000,0.462255,0.466789,0.442288,0.456178,15332130.45116761,0
STORJ.V,D,20231104,000000,0.456178,0.466275,0.44342,0.46597,8266136.412211687,0
STORJ.V,D,20231105,000000,0.46597,0.467471,0.443163,0.445665,6290714.368544481,0
STORJ.V,D,20231106,000000,0.444956,0.468966,0.441844,0.457928,6068238.982022005,0
STORJ.V,D,20231107,000000,0.457924,0.462634,0.438945,0.453704,10536540.874363186,0
STORJ.V,D,20231108,000000,0.453604,0.716107,0.451276,0.699654,158388553.16657823,0
STORJ.V,D,20231109,000000,0.700054,0.892864,0.672462,0.780748,106363082.79859585,0
STORJ.V,D,20231110,000000,0.780748,0.951652,0.760891,0.802817,57595424.705807135,0
STORJ.V,D,20231111,000000,0.802217,0.809613,0.721333,0.763391,17633538.62766645,0
STORJ.V,D,20231112,000000,0.763283,0.823531,0.722825,0.754602,18145089.895614937,0
STORJ.V,D,20231113,000000,0.754502,0.759117,0.689745,0.719701,6798221.874599858,0
STORJ.V,D,20231114,000000,0.719008,0.823448,0.656239,0.677688,43884183.89177867,0
STORJ.V,D,20231115,000000,0.677695,0.722116,0.673294,0.70894,10442709.889481463,0
STORJ.V,D,20231116,000000,0.709347,0.755693,0.655807,0.666767,14560289.964020167,0
STORJ.V,D,20231117,000000,0.666473,0.808681,0.655479,0.689334,82694440.86282603,0
STORJ.V,D,20231118,000000,0.689527,0.773771,0.689427,0.747066,39011829.086128645,0
STORJ.V,D,20231119,000000,0.754107,0.7544,0.70203,0.725019,6007249.739460825,0
STORJ.V,D,20231120,000000,0.725219,0.775565,0.722153,0.761425,13094445.035575429,0
STORJ.V,D,20231121,000000,0.761625,0.787543,0.664452,0.664853,12528634.262810206,0
STORJ.V,D,20231122,000000,0.664853,0.77377,0.662352,0.755242,12153153.865553515,0
STORJ.V,D,20231123,000000,0.754134,0.818956,0.740481,0.761807,13858931.685799683,0
STORJ.V,D,20231124,000000,0.762307,0.764407,0.733664,0.743187,7300781.024796806,0
STORJ.V,D,20231125,000000,0.742994,0.760656,0.730838,0.739636,5881141.24437755,0
STORJ.V,D,20231126,000000,0.739336,0.752621,0.70829,0.734579,6945879.735820991,0
STORJ.V,D,20231127,000000,0.734379,0.778208,0.706898,0.773415,13788415.438936055,0
STORJ.V,D,20231128,000000,0.774215,0.785839,0.709271,0.759848,13912755.28918647,0
STORJ.V,D,20231129,000000,0.760341,0.771347,0.717236,0.730688,8278257.273794731,0
STORJ.V,D,20231130,000000,0.730495,0.73581,0.712321,0.734818,4141021.1053449507,0
STORJ.V,D,20231201,000000,0.734825,0.766761,0.729539,0.746699,5877992.807277476,0
STORJ.V,D,20231202,000000,0.746699,0.76713,0.735653,0.76125,4868447.879698718,0
STORJ.V,D,20231203,000000,0.761442,0.803089,0.745891,0.757273,8410091.576572869,0
STORJ.V,D,20231204,000000,0.757273,0.776687,0.703831,0.736437,7033239.695279549,0
STORJ.V,D,20231205,000000,0.736337,0.903135,0.732529,0.791995,53367474.310813256,0
STORJ.V,D,20231206,000000,0.791995,0.805401,0.718593,0.72518,26615419.114599958,0
STORJ.V,D,20231207,000000,0.72548,0.734851,0.68869,0.717351,11577910.219426125,0
STORJ.V,D,20231208,000000,0.718044,0.728055,0.703284,0.725239,8308832.011170884,0
STORJ.V,D,20231209,000000,0.723739,0.737006,0.7142,0.717787,5678931.791513375,0
STORJ.V,D,20231210,000000,0.717094,0.721887,0.696118,0.715221,3765989.35348382,0
STORJ.V,D,20231211,000000,0.716021,0.718565,0.61568,0.65969,8056522.217914715,0
STORJ.V,D,20231212,000000,0.65989,0.705478,0.656404,0.700792,8242574.61273061,0
STORJ.V,D,20231213,000000,0.700884,0.82931,0.679155,0.793783,53440114.988155335,0
STORJ.V,D,20231214,000000,0.795383,0.869987,0.760052,0.847136,32755741.558066294,0
STORJ.V,D,20231215,000000,0.847636,0.99929,0.845018,0.963187,53544512.83772149,0
STORJ.V,D,20231216,000000,0.964087,1.004406,0.87991,0.932154,29269729.477496736,0
STORJ.V,D,20231217,000000,0.932254,1.11924,0.919392,1.07699,73040981.95890003,0
STORJ.V,D,20231218,000000,1.07769,1.10417,0.985553,1.05778,28972108.61647618,0
STORJ.V,D,20231219,000000,1.05778,1.12556,1.01778,1.05116,15981673.91723933,0
STORJ.V,D,20231220,000000,1.04888,1.053,0.99045,1.00324,9108738.073498692,0
STORJ.V,D,20231221,000000,1.00334,1.23101,1.00014,1.0306,61526137.214265026,0
STORJ.V,D,20231222,000000,1.0303,1.03621,0.906063,0.915222,36556294.825924,0
STORJ.V,D,20231223,000000,0.915432,0.925794,0.811606,0.866733,48311298.62192784,0
STORJ.V,D,20231224,000000,0.866324,0.894075,0.802433,0.819541,32916414.850139502,0
STORJ.V,D,20231225,000000,0.820225,0.834734,0.79084,0.81758,16893113.550662473,0
STORJ.V,D,20231226,000000,0.817172,0.843994,0.739693,0.789121,14980142.766188024,0
STORJ.V,D,20231227,000000,0.789221,0.796392,0.728615,0.761572,42355872.02270593,0
STORJ.V,D,20231228,000000,0.761672,0.77759,0.70447,0.716308,24096232.591226377,0
STORJ.V,D,20231229,000000,0.716408,0.732139,0.691483,0.701833,14220515.279047746,0
STORJ.V,D,20231230,000000,0.70214,0.747867,0.700512,0.726078,17275224.439599298,0
STORJ.V,D,20231231,000000,0.726278,0.733695,0.673065,0.690127,7992662.247476458,0
STORJ.V,D,20240101,000000,0.69042,0.720873,0.677966,0.713636,6248181.127082146,0
STORJ.V,D,20240102,000000,0.713636,0.731885,0.701384,0.718366,9392027.44885161,0
STORJ.V,D,20240103,000000,0.718366,0.732098,0.535285,0.62243,20821296.991834078,0
STORJ.V,D,20240104,000000,0.622543,0.656587,0.61301,0.646969,11592953.41014349,0
STORJ.V,D,20240105,000000,0.646756,0.682243,0.604256,0.623993,18494073.085139453,0
STORJ.V,D,20240106,000000,0.623993,0.662177,0.587852,0.624074,11477553.660597416,0
STORJ.V,D,20240107,000000,0.624575,0.638513,0.581972,0.583473,6607774.673474604,0
STORJ.V,D,20240108,000000,0.583773,0.614671,0.530565,0.60764,9060290.986547017,0
STORJ.V,D,20240109,000000,0.60714,0.616029,0.546215,0.566376,6227850.444951577,0
STORJ.V,D,20240110,000000,0.565775,0.619756,0.544252,0.613653,10386731.910718957,0
STORJ.V,D,20240111,000000,0.612659,0.637774,0.601132,0.613337,9507993.574809749,0
STORJ.V,D,20240112,000000,0.613131,0.662493,0.591381,0.600204,14932132.495492607,0
STORJ.V,D,20240113,000000,0.601427,0.635173,0.585342,0.633348,5912038.42686825,0
STORJ.V,D,20240114,000000,0.632848,0.634479,0.601681,0.612406,4316890.387288966,0
STORJ.V,D,20240115,000000,0.612406,0.612461,0.591163,0.595651,4495975.787885118,0
STORJ.V,D,20240116,000000,0.595452,0.616726,0.589664,0.615108,3394639.3721260806,0
STORJ.V,D,20240117,000000,0.616703,0.616703,0.593101,0.596503,4332865.219763359,0
STORJ.V,D,20240118,000000,0.596803,0.602558,0.555815,0.564329,4327988.48727427,0
STORJ.V,D,20240119,000000,0.566128,0.570055,0.528571,0.558646,3791217.235440971,0
STORJ.V,D,20240120,000000,0.558652,0.57424,0.550587,0.573429,3917351.5206742454,0
STORJ.V,D,20240121,000000,0.57709,0.608483,0.570112,0.585936,11805837.433234517,0
STORJ.V,D,20240122,000000,0.58579,0.586442,0.53317,0.545216,5610783.047789983,0
STORJ.V,D,20240123,000000,0.545516,0.546398,0.488976,0.508747,5585058.556733623,0
STORJ.V,D,20240124,000000,0.508647,0.533838,0.508347,0.525327,3533233.5500810114,0
STORJ.V,D,20240125,000000,0.525327,0.570997,0.524249,0.541707,7264318.827859719,0
STORJ.V,D,20240126,000000,0.541707,0.593081,0.531623,0.582778,14004884.501844384,0
STORJ.V,D,20240127,000000,0.582583,0.633173,0.577679,0.6308,17041536.039626088,0
STORJ.V,D,20240128,000000,0.630794,0.642694,0.610163,0.621001,11139423.182426088,0
STORJ.V,D,20240129,000000,0.621001,0.722521,0.608187,0.6973,29422329.527972117,0
STORJ.V,D,20240130,000000,0.697307,0.719457,0.6702,0.674187,13826989.613221755,0
STORJ.V,D,20240131,000000,0.674193,0.687749,0.637417,0.648836,13871489.924753495,0
STORJ.V,D,20240201,000000,0.649443,0.665221,0.623538,0.642714,8384347.713126768,0
STORJ.V,D,20240202,000000,0.642914,0.685413,0.638902,0.657251,8804874.854322182,0
STORJ.V,D,20240203,000000,0.657951,0.66003,0.634295,0.638283,3998368.9078677874,0
STORJ.V,D,20240204,000000,0.638383,0.643265,0.618621,0.620033,2848681.360055333,0
STORJ.V,D,20240205,000000,0.620039,0.634395,0.612273,0.616891,3901803.929041521,0
STORJ.V,D,20240206,000000,0.616891,0.662175,0.615205,0.654297,6149481.258227608,0
STORJ.V,D,20240207,000000,0.654391,0.670979,0.639956,0.664867,6247532.395005164,0
STORJ.V,D,20240208,000000,0.664354,0.681236,0.650659,0.658132,5463093.3468997665,0
STORJ.V,D,20240209,000000,0.657832,0.676796,0.655018,0.671789,5726323.9304915555,0
STORJ.V,D,20240210,000000,0.671603,0.676333,0.645558,0.65459,3025943.452545288,0
STORJ.V,D,20240211,000000,0.654383,0.665913,0.631283,0.637785,5568427.337876728,0
STORJ.V,D,20240212,000000,0.637885,0.663938,0.625706,0.65909,5361274.568509985,0
STORJ.V,D,20240213,000000,0.65869,0.681616,0.650546,0.673162,17250324.618633226,0
STORJ.V,D,20240214,000000,0.672569,0.679633,0.650079,0.658512,13190432.427706784,0
STORJ.V,D,20240215,000000,0.659212,0.674405,0.647837,0.65617,12802950.445217244,0
STORJ.V,D,20240216,000000,0.656064,0.689607,0.651602,0.670216,14218533.316767655,0
STORJ.V,D,20240217,000000,0.670116,0.75832,0.668808,0.704855,43699793.418473475,0
STORJ.V,D,20240218,000000,0.710528,0.717572,0.701954,0.715279,1656220.2178452092,0
STORJ.V,D,20240219,000000,0.714086,0.763983,0.69774,0.761283,24439446.36411996,0
STORJ.V,D,20240220,000000,0.760482,0.819272,0.674889,0.741041,49100256.42447146,0
STORJ.V,D,20240221,000000,0.740148,0.745471,0.677525,0.7038,8146947.509124303,0
STORJ.V,D,20240222,000000,0.7045,0.740967,0.675445,0.71887,15607186.133134263,0
STORJ.V,D,20240223,000000,0.71897,0.741992,0.691361,0.727998,15113304.693488963,0
STORJ.V,D,20240224,000000,0.728098,0.750597,0.705451,0.7341,7727972.459101343,0
STORJ.V,D,20240225,000000,0.7272,0.748378,0.721671,0.734971,6912159.831612847,0
STORJ.V,D,20240226,000000,0.734763,0.742923,0.692135,0.737171,7206918.524697468,0
STORJ.V,D,20240227,000000,0.736879,0.740955,0.712778,0.733593,7070750.94094798,0
STORJ.V,D,20240228,000000,0.733193,0.799856,0.655601,0.740418,38443772.76706443,0
STORJ.V,D,20240229,000000,0.740318,0.783263,0.728333,0.740837,9585108.038469994,0
STORJ.V,D,20240301,000000,0.738636,0.8118,0.736387,0.807029,10844483.811007036,0
STORJ.V,D,20240302,000000,0.807914,0.828778,0.780832,0.826993,9293823.405048875,0
STORJ.V,D,20240303,000000,0.826701,0.846051,0.733525,0.825263,16447336.136219004,0
STORJ.V,D,20240304,000000,0.825771,0.831165,0.782999,0.805185,10493715.64982292,0
STORJ.V,D,20240305,000000,0.805277,0.81702,0.599355,0.719496,13721718.676948406,0
STORJ.V,D,20240306,000000,0.720297,0.769046,0.700232,0.765883,6819145.212989029,0
STORJ.V,D,20240307,000000,0.765282,0.820829,0.759666,0.818076,11304932.3937928,0
STORJ.V,D,20240308,000000,0.817776,0.933671,0.766091,0.851059,69625561.39514267,0
STORJ.V,D,20240309,000000,0.851753,0.920192,0.847767,0.872899,31018388.602159306,0
STORJ.V,D,20240310,000000,0.87269,0.897652,0.826648,0.85064,12517752.784609418,0
STORJ.V,D,20240311,000000,0.8523,0.908627,0.819051,0.894479,16766658.488007683,0
STORJ.V,D,20240312,000000,0.89657,0.909755,0.824191,0.870661,10282246.447284972,0
STORJ.V,D,20240313,000000,0.871252,0.90077,0.858037,0.882741,6222400.332530725,0
STORJ.V,D,20240314,000000,0.867347,0.877463,0.811247,0.847695,3526496.0019863932,0
STORJ.V,D,20240315,000000,0.847895,0.852236,0.738409,0.788279,9035386.733999705,0
STORJ.V,D,20240316,000000,0.787271,0.790379,0.702301,0.716177,5664566.251193645,0
STORJ.V,D,20240317,000000,0.715178,0.750609,0.661783,0.7411,6913005.199552781,0
STORJ.V,D,20240318,000000,0.74063,0.741962,0.6675,0.679859,4776430.783325281,0
STORJ.V,D,20240319,000000,0.680459,0.694544,0.606085,0.626049,7387553.887404077,0
STORJ.V,D,20240320,000000,0.625143,0.716286,0.612334,0.710193,7389995.785276226,0
STORJ.V,D,20240321,000000,0.709328,0.729911,0.69882,0.713736,2502128.5311046834,0
STORJ.V,D,20240322,000000,0.713929,0.727342,0.677193,0.690352,4855772.812594065,0
STORJ.V,D,20240323,000000,0.690252,0.7152,0.687544,0.708,5178342.666637482,0
STORJ.V,D,20240324,000000,0.708493,0.7277,0.694914,0.726656,4034264.13723537,0
STORJ.V,D,20240325,000000,0.726656,0.777695,0.720581,0.770823,6236887.921271424,0
STORJ.V,D,20240326,000000,0.770716,0.818298,0.758637,0.797408,12790758.291898726,0
STORJ.V,D,20240327,000000,0.801716,0.831825,0.770454,0.779619,11509929.05585995,0
STORJ.V,D,20240328,000000,0.779312,0.849851,0.770014,0.823073,23045437.26727722,0
STORJ.V,D,20240329,000000,0.824073,0.839708,0.796904,0.817592,9089918.13078067,0
STORJ.V,D,20240330,000000,0.817692,0.821125,0.786006,0.786607,8786519.567285296,0
STORJ.V,D,20240331,000000,0.787207,0.799332,0.777493,0.793187,5940813.423676615,0
STORJ.V,D,20240401,000000,0.793595,0.809243,0.7132,0.734879,13012683.346586045,0
STORJ.V,D,20240402,000000,0.734772,0.740826,0.664034,0.665666,11506985.336504871,0
STORJ.V,D,20240403,000000,0.666967,0.693971,0.642186,0.658091,10166238.740613611,0
STORJ.V,D,20240404,000000,0.658284,0.713385,0.657991,0.693766,6629809.318108278,0
STORJ.V,D,20240405,000000,0.693666,0.706918,0.661246,0.703139,7230387.635953147,0
STORJ.V,D,20240406,000000,0.703297,0.703441,0.689731,0.698067,5348298.057888016,0
STORJ.V,D,20240407,000000,0.698475,0.717493,0.696988,0.709364,7104330.26491075,0
STORJ.V,D,20240408,000000,0.709064,0.745148,0.689855,0.742055,8056567.827588835,0
STORJ.V,D,20240409,000000,0.745355,0.754555,0.710758,0.717777,8116429.748412169,0
STORJ.V,D,20240410,000000,0.71757,0.718177,0.663554,0.696879,4518695.709436912,0
STORJ.V,D,20240411,000000,0.696879,0.706165,0.685559,0.701349,2999073.5281594014,0
STORJ.V,D,20240412,000000,0.701856,0.710185,0.525884,0.583375,7662785.0646495335,0
STORJ.V,D,20240413,000000,0.586076,0.593861,0.410683,0.46267,11470499.10342708,0
STORJ.V,D,20240414,000000,0.46978,0.531617,0.466773,0.519356,9259721.350791525,0
STORJ.V,D,20240415,000000,0.519256,0.56394,0.504457,0.516788,5036996.299570619,0
STORJ.V,D,20240416,000000,0.516888,0.530649,0.497859,0.527605,3587466.2606121358,0
STORJ.V,D,20240417,000000,0.527806,0.533401,0.492595,0.518643,3428827.841052839,0
STORJ.V,D,20240418,000000,0.519043,0.536295,0.49839,0.53376,3531704.895623269,0
STORJ.V,D,20240419,000000,0.53376,0.546177,0.4903,0.536466,3762451.1451433143,0
STORJ.V,D,20240420,000000,0.536477,0.576002,0.523715,0.573272,3786444.097357776,0
STORJ.V,D,20240421,000000,0.573272,0.575347,0.547226,0.561095,3412774.903512839,0
STORJ.V,D,20240422,000000,0.561395,0.575667,0.553011,0.572666,2389242.3138107555,0
STORJ.V,D,20240423,000000,0.573566,0.579026,0.560385,0.576788,2523410.243981177,0
STORJ.V,D,20240424,000000,0.576788,0.599194,0.550499,0.550793,4891085.40781114,0
STORJ.V,D,20240425,000000,0.552092,0.55565,0.525769,0.55138,3754167.576777116,0
STORJ.V,D,20240426,000000,0.55118,0.553521,0.528294,0.548819,3988178.0361299985,0
STORJ.V,D,20240427,000000,0.547945,0.562962,0.529435,0.5549,5335914.600184362,0
STORJ.V,D,20240428,000000,0.5549,0.566443,0.551493,0.558365,2215423.17254344,0
STORJ.V,D,20240429,000000,0.556366,0.5655,0.530569,0.5392,5806476.694414686,0
STORJ.V,D,20240430,000000,0.539038,0.554,0.488222,0.495255,4224010.216223711,0
STORJ.V,D,20240501,000000,0.49586,0.510668,0.4681,0.496754,4925220.465715305,0
STORJ.V,D,20240502,000000,0.496754,0.538643,0.492807,0.528321,4142874.0042934213,0
STORJ.V,D,20240503,000000,0.528321,0.546433,0.513544,0.546329,2680776.254040828,0
STORJ.V,D,20240504,000000,0.541827,0.545707,0.532101,0.540354,2465925.5703285933,0
STORJ.V,D,20240505,000000,0.540154,0.55145,0.527147,0.54546,2631358.290280106,0
STORJ.V,D,20240506,000000,0.545265,0.5594,0.533488,0.537111,3420888.5526717394,0
STORJ.V,D,20240507,000000,0.537105,0.554817,0.528395,0.539684,1854616.3318294552,0
STORJ.V,D,20240508,000000,0.540784,0.540862,0.516712,0.526237,2291718.228598494,0
STORJ.V,D,20240509,000000,0.525037,0.538287,0.512995,0.537314,2331366.8596586008,0
STORJ.V,D,20240510,000000,0.537519,0.553994,0.510842,0.512146,3014671.2715720446,0
STORJ.V,D,20240511,000000,0.513041,0.523506,0.510942,0.516586,2135510.2098425287,0
STORJ.V,D,20240512,000000,0.516886,0.517891,0.502039,0.504083,1869046.0866125901,0
STORJ.V,D,20240513,000000,0.50345,0.521411,0.48326,0.510244,3306273.3382964255,0
STORJ.V,D,20240514,000000,0.510344,0.51781,0.494517,0.494517,3270016.52103985,0
STORJ.V,D,20240515,000000,0.495422,0.527616,0.488402,0.527211,4013462.342994112,0
STORJ.V,D,20240516,000000,0.528111,0.534536,0.515288,0.524942,2756704.6988157523,0
STORJ.V,D,20240517,000000,0.524947,0.54922,0.523742,0.548787,2381270.6066677966,0
STORJ.V,D,20240518,000000,0.545891,0.560157,0.540513,0.542492,2368701.0237816353,0
STORJ.V,D,20240519,000000,0.546793,0.546793,0.508995,0.510064,2881712.9802254126,0
STORJ.V,D,20240520,000000,0.511169,0.554577,0.4993,0.552415,5056280.155231979,0
STORJ.V,D,20240521,000000,0.554411,0.579552,0.55311,0.566475,4440440.472005679,0
STORJ.V,D,20240522,000000,0.566753,0.575085,0.552834,0.55846,3340598.728330091,0
STORJ.V,D,20240523,000000,0.55686,0.572831,0.52073,0.544751,3685771.7842568606,0
STORJ.V,D,20240524,000000,0.544651,0.568553,0.541562,0.564232,3396527.536277394,0
STORJ.V,D,20240525,000000,0.564232,0.571677,0.558788,0.560282,2534956.866950723,0
STORJ.V,D,20240526,000000,0.560082,0.564538,0.545889,0.548136,2288702.578715089,0
STORJ.V,D,20240527,000000,0.548991,0.574419,0.54147,0.571217,5415831.833303358,0
STORJ.V,D,20240528,000000,0.571217,0.584915,0.543703,0.57524,6899906.984051092,0
STORJ.V,D,20240529,000000,0.57534,0.577486,0.543601,0.543601,4295776.835603692,0
STORJ.V,D,20240530,000000,0.543596,0.555227,0.527278,0.539511,1731574.3077459894,0
STORJ.V,D,20240531,000000,0.537312,0.538811,0.522277,0.533365,3384945.931075548,0
STORJ.V,D,20240601,000000,0.533165,0.535756,0.526126,0.52813,1723980.3816429772,0
STORJ.V,D,20240602,000000,0.528329,0.534046,0.515227,0.518225,2707854.337087631,0
STORJ.V,D,20240603,000000,0.518225,0.532002,0.511793,0.523916,1907574.6651928732,0
STORJ.V,D,20240604,000000,0.525616,0.533295,0.513646,0.5316,1543292.9003982584,0
STORJ.V,D,20240605,000000,0.5326,0.544222,0.5308,0.542949,2492499.187547042,0
STORJ.V,D,20240606,000000,0.542849,0.568441,0.532141,0.558721,6478645.420834848,0
STORJ.V,D,20240607,000000,0.558521,0.569538,0.471413,0.508212,5568125.46217792,0
STORJ.V,D,20240608,000000,0.507812,0.511375,0.471443,0.471948,4254966.489810778,0
STORJ.V,D,20240609,000000,0.471948,0.489822,0.469148,0.489527,3243334.914319439,0
STORJ.V,D,20240610,000000,0.487549,0.513161,0.473553,0.476471,6102926.386558978,0
STORJ.V,D,20240611,000000,0.476471,0.479189,0.440584,0.447806,4289498.17807626,0
STORJ.V,D,20240612,000000,0.447806,0.482976,0.436813,0.468745,3203029.378752093,0
STORJ.V,D,20240613,000000,0.468741,0.471306,0.448556,0.455018,2276908.0621996694,0
STORJ.V,D,20240614,000000,0.44882,0.466229,0.434044,0.444688,3413287.0128267286,0
STORJ.V,D,20240615,000000,0.445188,0.448948,0.437946,0.445846,1874067.3781335372,0
STORJ.V,D,20240616,000000,0.445246,0.446232,0.435712,0.442346,1803447.0269253051,0
STORJ.V,D,20240617,000000,0.442246,0.445339,0.364677,0.39152,5923134.602489663,0
STORJ.V,D,20240618,000000,0.386418,0.387322,0.329644,0.359202,5762657.059095483,0
STORJ.V,D,20240619,000000,0.359002,0.384715,0.358603,0.381547,3064109.940741538,0
STORJ.V,D,20240620,000000,0.381547,0.398337,0.379045,0.387425,2793898.3930067406,0
STORJ.V,D,20240621,000000,0.387425,0.393601,0.376468,0.384461,2884699.105240968,0
STORJ.V,D,20240622,000000,0.384461,0.386414,0.378165,0.380748,2066095.1299804337,0
STORJ.V,D,20240623,000000,0.38071,0.389351,0.369186,0.372639,2093799.2899852332,0
STORJ.V,D,20240624,000000,0.372543,0.373857,0.350179,0.36983,3713394.8333575656,0
STORJ.V,D,20240625,000000,0.36983,0.394549,0.369127,0.394529,4323284.521224087,0
STORJ.V,D,20240626,000000,0.396525,0.39774,0.381036,0.389392,2987493.2156028356,0
STORJ.V,D,20240627,000000,0.3889,0.39572,0.375863,0.391835,3279980.9967805874,0
STORJ.V,D,20240628,000000,0.391882,0.400742,0.385478,0.385934,3536977.5548722437,0
STORJ.V,D,20240629,000000,0.385631,0.390024,0.366387,0.367171,2709859.6298206807,0
STORJ.V,D,20240630,000000,0.36757,0.379623,0.366117,0.377211,3114408.7286134544,0
STORJ.V,D,20240701,000000,0.376715,0.39143,0.371291,0.381576,3711435.2319375705,0
STORJ.V,D,20240702,000000,0.381077,0.382098,0.370547,0.376497,2799935.470608168,0
STORJ.V,D,20240703,000000,0.3765,0.376996,0.355915,0.358002,2462293.058664544,0
STORJ.V,D,20240704,000000,0.357902,0.360699,0.324517,0.334113,3381956.584555799,0
STORJ.V,D,20240705,000000,0.333813,0.337724,0.282694,0.324719,7968407.652341098,0
STORJ.V,D,20240706,000000,0.324726,0.343038,0.318513,0.34151,4345876.3476414,0
STORJ.V,D,20240707,000000,0.341007,0.343724,0.323948,0.324564,2912285.458038487,0
STORJ.V,D,20240708,000000,0.324568,0.349823,0.314075,0.339069,3371054.1931952736,0
STORJ.V,D,20240709,000000,0.338969,0.360975,0.33625,0.345597,5353647.854968174,0
STORJ.V,D,20240710,000000,0.345593,0.353572,0.342573,0.352475,4581169.443262314,0
STORJ.V,D,20240711,000000,0.352572,0.367096,0.349947,0.359189,4465248.522159092,0
STORJ.V,D,20240712,000000,0.359489,0.361893,0.340244,0.353271,6844533.219181353,0
STORJ.V,D,20240713,000000,0.353267,0.401972,0.350012,0.397572,9296920.014307924,0
STORJ.V,D,20240714,000000,0.395619,0.399404,0.371211,0.380541,5401390.1743591735,0
STORJ.V,D,20240715,000000,0.380541,0.394393,0.37984,0.392796,6182624.788291582,0
STORJ.V,D,20240716,000000,0.392996,0.407563,0.3866,0.397499,3946924.3354287255,0
STORJ.V,D,20240717,000000,0.397499,0.412278,0.393665,0.399336,3617612.7872822396,0
STORJ.V,D,20240718,000000,0.399336,0.417317,0.38062,0.383823,5462806.636267714,0
STORJ.V,D,20240719,000000,0.383823,0.421681,0.383719,0.421077,7106926.233672644,0
STORJ.V,D,20240720,000000,0.421077,0.421777,0.409327,0.417175,3751142.1290505943,0
STORJ.V,D,20240721,000000,0.417179,0.429282,0.40577,0.42899,4821334.702822937,0
STORJ.V,D,20240722,000000,0.42989,0.430239,0.401816,0.402021,3980817.1540489024,0
STORJ.V,D,20240723,000000,0.406422,0.406437,0.381527,0.392343,3520130.9351500785,0
STORJ.V,D,20240724,000000,0.392347,0.398284,0.375921,0.376032,3061279.10249174,0
STORJ.V,D,20240725,000000,0.376232,0.380232,0.348113,0.359396,4781132.416513503,0
STORJ.V,D,20240726,000000,0.359407,0.379743,0.358903,0.3777,4817601.6823412,0
STORJ.V,D,20240727,000000,0.378,0.50037,0.377696,0.488485,42732602.40266212,0
STORJ.V,D,20240728,000000,0.488549,0.521479,0.460695,0.481657,57313207.81333819,0
STORJ.V,D,20240729,000000,0.482257,0.516243,0.45385,0.472948,23299044.858980842,0
STORJ.V,D,20240730,000000,0.472648,0.499135,0.436269,0.441567,10120024.783399826,0
STORJ.V,D,20240731,000000,0.440488,0.480204,0.437564,0.439433,7998020.787878046,0
STORJ.V,D,20240801,000000,0.439442,0.448076,0.392746,0.411158,4677769.383238198,0
STORJ.V,D,20240802,000000,0.411462,0.437089,0.39405,0.395345,7404620.561728269,0
STORJ.V,D,20240803,000000,0.395644,0.399844,0.335609,0.340285,8545123.296890918,0
STORJ.V,D,20240804,000000,0.340086,0.343094,0.302337,0.315409,7813826.919380299,0
STORJ.V,D,20240805,000000,0.315109,0.406983,0.261297,0.397075,41846249.95650243,0
STORJ.V,D,20240806,000000,0.410978,0.418888,0.388051,0.403353,21884880.928357806,0
STORJ.V,D,20240807,000000,0.403753,0.406946,0.362958,0.369133,7269569.57574281,0
STORJ.V,D,20240808,000000,0.370037,0.388154,0.358043,0.382115,3872199.973262727,0
STORJ.V,D,20240809,000000,0.381915,0.397891,0.377679,0.380618,3539763.2778304783,0
STORJ.V,D,20240810,000000,0.380518,0.388948,0.372767,0.378072,3970834.801198821,0
STORJ.V,D,20240811,000000,0.377972,0.384569,0.3463,0.347735,4687025.183727898,0
STORJ.V,D,20240812,000000,0.347835,0.36647,0.344117,0.350739,4906302.538928687,0
STORJ.V,D,20240813,000000,0.350739,0.362905,0.345766,0.358743,4030753.5649141152,0
STORJ.V,D,20240814,000000,0.358843,0.361201,0.343289,0.348728,4049821.718146842,0
STORJ.V,D,20240815,000000,0.348728,0.375196,0.346731,0.351167,13452114.928988894,0
STORJ.V,D,20240816,000000,0.351467,0.364555,0.343762,0.358404,4634903.510174627,0
STORJ.V,D,20240817,000000,0.3585,0.358897,0.34728,0.355028,2681535.0998838125,0
STORJ.V,D,20240818,000000,0.3547,0.37067,0.349828,0.369474,3710536.68448615,0
STORJ.V,D,20240819,000000,0.369374,0.371578,0.352864,0.359979,3793327.146379996,0
STORJ.V,D,20240820,000000,0.360279,0.366428,0.349266,0.359804,3842394.0620263107,0
STORJ.V,D,20240821,000000,0.360904,0.397804,0.357418,0.387831,18492953.377333973,0
STORJ.V,D,20240822,000000,0.388194,0.436522,0.381372,0.414421,23948401.869885758,0
STORJ.V,D,20240823,000000,0.414421,0.44045,0.407941,0.43805,6424886.230750669,0
STORJ.V,D,20240824,000000,0.43725,0.440599,0.419947,0.419947,4997815.892037558,0
STORJ.V,D,20240825,000000,0.420152,0.439123,0.406942,0.416646,5418328.642816562,0
STORJ.V,D,20240826,000000,0.416846,0.42166,0.397503,0.400372,3745852.3948932146,0
STORJ.V,D,20240827,000000,0.399672,0.408437,0.37457,0.379504,2326628.3752955333,0
STORJ.V,D,20240828,000000,0.378804,0.38023,0.355121,0.367633,3493383.0770284194,0
STORJ.V,D,20240829,000000,0.367033,0.381384,0.362233,0.369296,3270281.0722957435,0
STORJ.V,D,20240830,000000,0.369493,0.373515,0.351019,0.365552,4061569.5561692896,0
STORJ.V,D,20240831,000000,0.365549,0.369748,0.353375,0.358832,3255372.6569321663,0
STORJ.V,D,20240901,000000,0.356036,0.360328,0.345941,0.350037,2721879.3390293806,0
STORJ.V,D,20240902,000000,0.35144,0.358743,0.334946,0.357739,3298567.3739977432,0
STORJ.V,D,20240903,000000,0.357643,0.361775,0.335583,0.341604,4958743.746619596,0
STORJ.V,D,20240904,000000,0.341132,0.3478,0.320226,0.342059,3055679.986509486,0
STORJ.V,D,20240905,000000,0.342062,0.344872,0.326209,0.327382,3901832.2798503144,0
STORJ.V,D,20240906,000000,0.327235,0.343545,0.311279,0.31434,3782952.6778770406,0
STORJ.V,D,20240907,000000,0.315636,0.334867,0.315536,0.332867,4132372.397444055,0
STORJ.V,D,20240908,000000,0.332763,0.340342,0.327438,0.336866,2291381.956050349,0
STORJ.V,D,20240909,000000,0.334934,0.359743,0.333866,0.357964,7506711.855242156,0
STORJ.V,D,20240910,000000,0.357864,0.363567,0.351386,0.360375,3990754.203207943,0
STORJ.V,D,20240911,000000,0.360544,0.360675,0.341056,0.355232,3218379.350847173,0
STORJ.V,D,20240912,000000,0.355129,0.362336,0.352828,0.360071,3977604.292279291,0
STORJ.V,D,20240913,000000,0.360244,0.370845,0.356989,0.369448,3182077.5139093907,0
STORJ.V,D,20240914,000000,0.369848,0.371949,0.357936,0.358565,3096969.1114424057,0
STORJ.V,D,20240915,000000,0.358636,0.387035,0.355346,0.384604,7455355.832267872,0
STORJ.V,D,20240916,000000,0.384504,0.403719,0.364291,0.36853,19893295.320372637,0
STORJ.V,D,20240917,000000,0.36853,0.380338,0.364164,0.375134,5899046.374513898,0
STORJ.V,D,20240918,000000,0.374134,0.377334,0.3494,0.367111,7256257.415682019,0
STORJ.V,D,20240919,000000,0.367111,0.409945,0.366829,0.405341,10589696.266797692,0
STORJ.V,D,20240920,000000,0.405245,0.412567,0.396552,0.403932,4714785.841374863,0
STORJ.V,D,20240921,000000,0.40344,0.436235,0.402936,0.429343,6824652.315510243,0
STORJ.V,D,20240922,000000,0.429143,0.430239,0.402796,0.4067,4827091.732584404,0
STORJ.V,D,20240923,000000,0.4066,0.413871,0.398428,0.411184,4372669.849528922,0
STORJ.V,D,20240924,000000,0.411079,0.42277,0.408514,0.421179,3944215.3091024878,0
STORJ.V,D,20240925,000000,0.420679,0.443525,0.420083,0.443129,7369186.037904648,0
STORJ.V,D,20240926,000000,0.443925,0.446131,0.428684,0.441144,3805949.1939045996,0
STORJ.V,D,20240927,000000,0.440444,0.450295,0.438174,0.44438,4395338.492553492,0
STORJ.V,D,20240928,000000,0.44478,0.451154,0.425155,0.429147,4049929.125883127,0
STORJ.V,D,20240929,000000,0.429014,0.43728,0.419016,0.435326,3132726.466744414,0
STORJ.V,D,20240930,000000,0.436413,0.437581,0.407431,0.415067,4417340.670222253,0
STORJ.V,D,20241001,000000,0.415167,0.43473,0.370896,0.378002,6122840.954112537,0
STORJ.V,D,20241002,000000,0.378102,0.388622,0.366956,0.376898,4050497.8358625397,0
STORJ.V,D,20241003,000000,0.376902,0.380035,0.355604,0.364756,3157778.3573903684,0
STORJ.V,D,20241004,000000,0.364756,0.386373,0.362556,0.383292,3524814.4647014188,0
STORJ.V,D,20241005,000000,0.383392,0.399368,0.381139,0.382743,2836535.744874917,0
STORJ.V,D,20241006,000000,0.380443,0.397828,0.379473,0.395333,2642866.551445875,0
STORJ.V,D,20241007,000000,0.394833,0.402683,0.38535,0.390583,3025617.7612854536,0
STORJ.V,D,20241008,000000,0.391882,0.392913,0.377377,0.391118,3625413.041159656,0
STORJ.V,D,20241009,000000,0.391582,0.418749,0.384761,0.390456,9375140.79177645,0
STORJ.V,D,20241010,000000,0.391056,0.422435,0.387182,0.413053,6987233.520233945,0
STORJ.V,D,20241011,000000,0.412654,0.429804,0.405647,0.421841,6671641.543354289,0
STORJ.V,D,20241012,000000,0.421945,0.453078,0.418395,0.443667,8188167.408128444,0
STORJ.V,D,20241013,000000,0.443867,0.472206,0.438564,0.470907,6391843.405902908,0
STORJ.V,D,20241014,000000,0.471747,0.480794,0.448865,0.476324,7775588.177309636,0
STORJ.V,D,20241015,000000,0.475729,0.614846,0.467188,0.59935,48235332.65567498,0
STORJ.V,D,20241016,000000,0.59915,0.62943,0.581537,0.592676,41226564.25296796,0
STORJ.V,D,20241017,000000,0.594275,0.628711,0.552684,0.583096,33411609.989669397,0
STORJ.V,D,20241018,000000,0.584175,0.660562,0.580397,0.643616,44632077.004347876,0
STORJ.V,D,20241019,000000,0.643416,0.769869,0.586165,0.586165,120558704.74622637,0
STORJ.V,D,20241020,000000,0.586365,0.599078,0.537369,0.54552,42033055.92599123,0
STORJ.V,D,20241021,000000,0.547064,0.551423,0.515534,0.518082,17949879.659900263,0
STORJ.V,D,20241022,000000,0.517988,0.541521,0.503058,0.531017,17870796.84793738,0
STORJ.V,D,20241023,000000,0.531217,0.536035,0.477811,0.484286,13805679.431529716,0
STORJ.V,D,20241024,000000,0.484286,0.496967,0.475277,0.495098,8162433.997797803,0
STORJ.V,D,20241025,000000,0.495403,0.495403,0.458279,0.463664,8813193.399528638,0
STORJ.V,D,20241026,000000,0.467058,0.467058,0.417881,0.440422,8338473.330719506,0
STORJ.V,D,20241027,000000,0.440223,0.462375,0.436914,0.449479,14032978.362362007,0
STORJ.V,D,20241028,000000,0.449785,0.481869,0.44925,0.467672,22658885.923063643,0
STORJ.V,D,20241029,000000,0.467872,0.490073,0.460968,0.477947,14897765.58750583,0
STORJ.V,D,20241030,000000,0.477952,0.481156,0.463291,0.471849,5534715.1257412275,0
STORJ.V,D,20241031,000000,0.472249,0.472249,0.436537,0.440822,5675275.246717632,0
STORJ.V,D,20241101,000000,0.440822,0.453632,0.430737,0.438297,3812406.03337196,0
STORJ.V,D,20241102,000000,0.438297,0.461701,0.427867,0.434274,8185720.6780018285,0
STORJ.V,D,20241103,000000,0.434278,0.434278,0.401068,0.420436,3803713.755892323,0
STORJ.V,D,20241104,000000,0.420732,0.422674,0.397438,0.406978,3494102.522066855,0
STORJ.V,D,20241105,000000,0.407437,0.433283,0.405756,0.426149,4306443.5499976175,0
STORJ.V,D,20241106,000000,0.426749,0.46618,0.426053,0.463178,9584291.388363734,0
STORJ.V,D,20241107,000000,0.463578,0.477215,0.451899,0.463327,7111521.883404138,0
STORJ.V,D,20241108,000000,0.463227,0.468323,0.449715,0.457697,4579417.09405232,0
STORJ.V,D,20241109,000000,0.464078,0.475743,0.454323,0.474842,5475183.652145493,0
STORJ.V,D,20241110,000000,0.474738,0.506781,0.462525,0.480364,8688622.598058566,0
STORJ.V,D,20241111,000000,0.480269,0.505744,0.472659,0.501972,9050138.89894717,0
STORJ.V,D,20241112,000000,0.500069,0.517717,0.460118,0.502326,9426118.197284756,0
STORJ.V,D,20241113,000000,0.502226,0.509674,0.453125,0.471218,7508728.426163616,0
STORJ.V,D,20241114,000000,0.471218,0.48787,0.444684,0.451754,6256083.598408405,0
STORJ.V,D,20241115,000000,0.45225,0.476605,0.430616,0.475138,5494461.2722747605,0
STORJ.V,D,20241116,000000,0.474942,0.512274,0.471127,0.510779,6915455.311773713,0
STORJ.V,D,20241117,000000,0.511279,0.51418,0.467281,0.471119,6436672.683288006,0
STORJ.V,D,20241118,000000,0.471019,0.518711,0.468314,0.508557,6714091.241005922,0
STORJ.V,D,20241119,000000,0.508557,0.538133,0.495999,0.497826,13086870.579510804,0
STORJ.V,D,20241120,000000,0.497631,0.512172,0.473487,0.488337,5602024.506797682,0
STORJ.V,D,20241121,000000,0.488037,0.508578,0.468945,0.501171,5376778.536435039,0
STORJ.V,D,20241122,000000,0.501471,0.517337,0.487424,0.514334,5027699.722684442,0
STORJ.V,D,20241123,000000,0.514134,0.560551,0.513333,0.551495,7878570.674921251,0
STORJ.V,D,20241124,000000,0.551195,0.608193,0.521851,0.569869,10977938.688143495,0
STORJ.V,D,20241125,000000,0.568368,0.62393,0.54847,0.563659,14721737.426416436,0
STORJ.V,D,20241126,000000,0.563665,0.633346,0.559561,0.612473,20797267.900887113,0
STORJ.V,D,20241127,000000,0.612173,0.6256,0.589435,0.623523,7060821.337068789,0
STORJ.V,D,20241128,000000,0.623323,0.629066,0.591518,0.60523,5154776.450848486,0
STORJ.V,D,20241129,000000,0.60603,0.639654,0.588353,0.636464,5628881.906384895,0
STORJ.V,D,20241130,000000,0.636761,0.653561,0.616359,0.645258,6216747.476137017,0
STORJ.V,D,20241201,000000,0.645258,0.665786,0.622267,0.64763,5850660.602928439,0
STORJ.V,D,20241202,000000,0.64743,0.674829,0.598306,0.66824,6932320.1926606605,0
STORJ.V,D,20241203,000000,0.668234,0.70437,0.631256,0.692557,10696951.386398554,0
STORJ.V,D,20241204,000000,0.694851,0.732165,0.682502,0.723375,7680904.511546436,0
STORJ.V,D,20241205,000000,0.722374,0.723976,0.666452,0.683828,6379247.264213724,0
STORJ.V,D,20241206,000000,0.684238,0.729081,0.669201,0.723233,6963215.455977885,0
STORJ.V,D,20241207,000000,0.722825,0.735492,0.696191,0.705894,4959508.27605286,0
STORJ.V,D,20241208,000000,0.706194,0.715,0.68004,0.712299,3941433.8000503043,0
STORJ.V,D,20241209,000000,0.712099,0.716894,0.526621,0.56767,8665041.796481954,0
STORJ.V,D,20241210,000000,0.568571,0.582251,0.50231,0.553071,6641573.232399125,0
STORJ.V,D,20241211,000000,0.553076,0.592874,0.526584,0.590495,5045440.205195634,0
STORJ.V,D,20241212,000000,0.590395,0.61873,0.586235,0.591336,3815558.4424916,0
STORJ.V,D,20241213,000000,0.591636,0.60203,0.579223,0.587812,3071285.6812853143,0
STORJ.V,D,20241214,000000,0.587212,0.599724,0.550117,0.55675,2708859.429525726,0
STORJ.V,D,20241215,000000,0.560082,0.583666,0.544742,0.564581,2152387.917895336,0
STORJ.V,D,20241216,000000,0.565087,0.600092,0.548869,0.569059,2827651.7514016777,0
STORJ.V,D,20241217,000000,0.569459,0.569459,0.534573,0.535846,2962444.0542262704,0
STORJ.V,D,20241218,000000,0.534747,0.537648,0.485628,0.488899,2913956.779608612,0
STORJ.V,D,20241219,000000,0.488804,0.491454,0.434257,0.453787,3664351.9136629775,0
STORJ.V,D,20241220,000000,0.453791,0.467705,0.397842,0.464389,4152535.7915157285,0
STORJ.V,D,20241221,000000,0.464293,0.490338,0.437411,0.43984,2482173.180550736,0
STORJ.V,D,20241222,000000,0.43984,0.479564,0.438823,0.454658,4158004.2195785088,0
STORJ.V,D,20241223,000000,0.454558,0.494497,0.447457,0.489948,3003467.881940934,0
STORJ.V,D,20241224,000000,0.489648,0.524517,0.478976,0.509413,3488136.2722401647,0
STORJ.V,D,20241225,000000,0.509612,0.515498,0.495069,0.495758,2518507.4844464124,0
STORJ.V,D,20241226,000000,0.497177,0.499965,0.45415,0.458009,2327159.3434137907,0
STORJ.V,D,20241227,000000,0.457891,0.482287,0.457251,0.460926,3663790.678232837,0
STORJ.V,D,20241228,000000,0.46133,0.554079,0.459814,0.532098,34913287.10993882,0
STORJ.V,D,20241229,000000,0.533196,0.565834,0.48912,0.490047,11188542.603636937,0
STORJ.V,D,20241230,000000,0.490043,0.515493,0.46443,0.475633,5313347.172567526,0
STORJ.V,D,20241231,000000,0.476427,0.486101,0.464813,0.47242,4094469.7031067363,0
STORJ.V,D,20250101,000000,0.472415,0.496984,0.471616,0.492469,4260386.825128194,0
STORJ.V,D,20250102,000000,0.491361,0.505878,0.488472,0.498691,4193705.9409471457,0
STORJ.V,D,20250103,000000,0.498691,0.523501,0.491547,0.523396,4178130.4088088213,0
STORJ.V,D,20250104,000000,0.523396,0.526505,0.512308,0.519901,3117777.1253420264,0
STORJ.V,D,20250105,000000,0.519296,0.558838,0.509978,0.540959,8105850.407577993,0
STORJ.V,D,20250106,000000,0.540759,0.624181,0.53445,0.581669,14533100.340199212,0
STORJ.V,D,20250107,000000,0.582569,0.584675,0.510027,0.512923,5394839.245420594,0
STORJ.V,D,20250108,000000,0.512623,0.520491,0.488193,0.511447,4471975.228162194,0
STORJ.V,D,20250109,000000,0.511047,0.550828,0.510657,0.538568,6510162.299756275,0
STORJ.V,D,20250110,000000,0.538162,0.55855,0.519991,0.549185,6113696.523126925,0
STORJ.V,D,20250111,000000,0.549285,0.576827,0.539287,0.556633,8179262.4023795165,0
STORJ.V,D,20250112,000000,0.556833,0.561613,0.52478,0.52478,4399679.862793025,0
STORJ.V,D,20250113,000000,0.525185,0.552113,0.460536,0.507387,6223499.595588119,0
STORJ.V,D,20250114,000000,0.507387,0.516924,0.489975,0.51249,2827561.7177494266,0
STORJ.V,D,20250115,000000,0.515409,0.535286,0.491679,0.529316,4826492.946617805,0
STORJ.V,D,20250116,000000,0.529221,0.534895,0.504628,0.515576,3316413.552285076,0
STORJ.V,D,20250117,000000,0.514782,0.533567,0.509703,0.52987,3544433.5558005446,0
STORJ.V,D,20250118,000000,0.533792,0.53692,0.486606,0.489055,3211851.708469005,0
STORJ.V,D,20250119,000000,0.488955,0.507866,0.453501,0.461901,3662296.4684301033,0
STORJ.V,D,20250120,000000,0.46132,0.497073,0.443795,0.457123,3166981.030900564,0
STORJ.V,D,20250121,000000,0.457123,0.475919,0.43611,0.469075,2374289.377502615,0
STORJ.V,D,20250122,000000,0.469217,0.472206,0.460989,0.461389,1912498.4109314058,0
STORJ.V,D,20250123,000000,0.461994,0.462294,0.436452,0.445298,2227266.3377195857,0
STORJ.V,D,20250124,000000,0.445898,0.458691,0.435435,0.442531,2636970.657539613,0
STORJ.V,D,20250125,000000,0.442327,0.450932,0.432552,0.447315,2109726.1427823547,0
STORJ.V,D,20250126,000000,0.447615,0.462012,0.447411,0.453028,1799082.8470790864,0
STORJ.V,D,20250127,000000,0.453232,0.453232,0.401623,0.431188,2194854.984530158,0
STORJ.V,D,20250128,000000,0.431496,0.433257,0.402338,0.403238,1649123.669612812,0
STORJ.V,D,20250129,000000,0.403837,0.422496,0.4001,0.419687,2326126.7156325486,0
STORJ.V,D,20250130,000000,0.419583,0.436635,0.408471,0.430639,1993134.9504519477,0
STORJ.V,D,20250131,000000,0.430643,0.445749,0.423275,0.425477,2240379.3831481594,0
STORJ.V,D,20250201,000000,0.426076,0.442123,0.395485,0.395505,3585208.344497711,0
STORJ.V,D,20250202,000000,0.395005,0.400344,0.321536,0.334403,3323614.777099488,0
STORJ.V,D,20250203,000000,0.331004,0.356774,0.258225,0.355952,5223732.983501149,0
STORJ.V,D,20250204,000000,0.355959,0.358358,0.322632,0.328961,2326856.2122664726,0
STORJ.V,D,20250205,000000,0.329361,0.338629,0.322713,0.329323,2089036.8005301773,0
STORJ.V,D,20250206,000000,0.328723,0.333267,0.309234,0.311622,1921978.8723149688,0
STORJ.V,D,20250207,000000,0.312522,0.337749,0.308622,0.308709,1996656.8117397116,0
STORJ.V,D,20250208,000000,0.308709,0.329507,0.308709,0.327626,2226341.0056631994,0
STORJ.V,D,20250209,000000,0.327626,0.338471,0.315325,0.324839,2578902.4857095927,0
STORJ.V,D,20250210,000000,0.324739,0.343752,0.31726,0.342762,2243890.4805398756,0
STORJ.V,D,20250211,000000,0.342658,0.360336,0.328847,0.333863,3199790.15427102,0
STORJ.V,D,20250212,000000,0.33396,0.3544,0.3207,0.351321,2744529.37483756,0
STORJ.V,D,20250213,000000,0.352525,0.361522,0.344714,0.348503,2751517.2215868854,0
STORJ.V,D,20250214,000000,0.348507,0.35809,0.346231,0.35076,2602423.5223385394,0
STORJ.V,D,20250215,000000,0.35076,0.352039,0.338234,0.339131,2133587.1483796146,0
