<TICKER>,<PER>,<DATE>,<TIME>,<OPEN>,<HIGH>,<LOW>,<CLOSE>,<VOL>,<OPENINT>
T.V,D,20220514,000000,0.0472196,0.0472196,0.0472196,0.0472196,2119.5256,0
T.V,D,20220515,000000,0.0458357,0.0486464,0.0454363,0.0486416,15404634.999122,0
T.V,D,20220516,000000,0.0485417,0.050629,0.045931,0.0495355,11518253.873979,0
T.V,D,20220517,000000,0.0496354,0.0502447,0.0480375,0.04994,10781815.131991,0
T.V,D,20220518,000000,0.0500349,0.0519324,0.0469389,0.0480375,6100758.8753649,0
T.V,D,20220519,000000,0.0483322,0.0664335,0.0463397,0.0507492,115652944.36935,0
T.V,D,20220520,000000,0.0509541,0.0542403,0.0475429,0.0489412,14604701.893215,0
T.V,D,20220521,000000,0.0488413,0.0502396,0.0475381,0.048437,8522061.2886449,0
T.V,D,20220522,000000,0.048437,0.0511386,0.0480327,0.0494406,10813605.562363,0
T.V,D,20220523,000000,0.0495405,0.0511488,0.0476428,0.0483371,11743754.261687,0
T.V,D,20220524,000000,0.0480423,0.0480471,0.0439516,0.0464396,8808911.7026815,0
T.V,D,20220525,000000,0.0467392,0.048532,0.0461353,0.0470482,11262642.703557,0
T.V,D,20220526,000000,0.0470435,0.0475429,0.0420495,0.043956,4111854.1838315,0
T.V,D,20220527,000000,0.0440515,0.095904,0.041754,0.0423576,7276320.5124366,0
T.V,D,20220528,000000,0.0422556,0.047239,0.0416437,0.0429497,12836585.658845,0
T.V,D,20220529,000000,0.0429488,0.0437518,0.042358,0.043354,3268783.2521944,0
T.V,D,20220530,000000,0.0431546,0.0476666,0.0431546,0.0471622,16369454.328763,0
T.V,D,20220531,000000,0.0475619,0.0496602,0.0459632,0.0470623,9673464.2972531,0
T.V,D,20220601,000000,0.0470642,0.0799304,0.0470618,0.0545509,371691258.60092,0
T.V,D,20220602,000000,0.0544455,0.0558441,0.0483564,0.0501548,43298258.724897,0
T.V,D,20220603,000000,0.0500549,0.0585473,0.0498601,0.0522545,64609235.625867,0
T.V,D,20220604,000000,0.052255,0.0534481,0.0489598,0.049962,53480108.573919,0
T.V,D,20220605,000000,0.049963,0.0631488,0.0497622,0.05315,129092860.76612,0
T.V,D,20220606,000000,0.0532499,0.0562533,0.0506544,0.0541545,150618646.84363,0
T.V,D,20220607,000000,0.0542538,0.0543548,0.0482599,0.0518574,98079039.54768,0
T.V,D,20220608,000000,0.0519584,0.0597587,0.0499625,0.0528656,73968978.496516,0
T.V,D,20220609,000000,0.0527657,0.0535646,0.0507594,0.0515567,55262216.766112,0
T.V,D,20220610,000000,0.051756,0.0521572,0.0470487,0.0481388,49593306.52576,0
T.V,D,20220611,000000,0.0481388,0.0502457,0.0427469,0.0442499,19220760.010348,0
T.V,D,20220612,000000,0.0445492,0.0532387,0.0430466,0.0445451,74052051.732583,0
T.V,D,20220613,000000,0.0443449,0.0445456,0.0343487,0.03615,162623809.18369,0
T.V,D,20220614,000000,0.0362495,0.0388343,0.0312534,0.034159,303708295.06508,0
T.V,D,20220615,000000,0.0341593,0.0365597,0.031044,0.0364452,131459177.74231,0
T.V,D,20220616,000000,0.0364452,0.0384577,0.0338627,0.034951,22723006.953617,0
T.V,D,20220617,000000,0.0340526,0.0366494,0.033553,0.035757,110284762.23307,0
T.V,D,20220618,000000,0.035757,0.0370559,0.0307461,0.0324473,253487862.37415,0
T.V,D,20220619,000000,0.0325472,0.0354574,0.0312556,0.0350579,100572623.61026,0
T.V,D,20220620,000000,0.034958,0.0356643,0.0334565,0.0352576,44422227.940615,0
T.V,D,20220621,000000,0.0350614,0.0375699,0.0348581,0.0367595,22511694.194293,0
T.V,D,20220622,000000,0.0367595,0.0392607,0.0348616,0.0351648,69883579.177453,0
T.V,D,20220623,000000,0.0351648,0.0356643,0.0341624,0.0347652,18070527.610423,0
T.V,D,20220624,000000,0.0348651,0.0373705,0.0347652,0.0370707,98131760.103605,0
T.V,D,20220625,000000,0.0371628,0.0377622,0.0358756,0.0375737,29496400.756576,0
T.V,D,20220626,000000,0.0375733,0.0396794,0.0372743,0.039376,22177539.423524,0
T.V,D,20220627,000000,0.0392768,0.0421814,0.0382774,0.0395648,37184096.419883,0
T.V,D,20220628,000000,0.0395624,0.0422619,0.0381526,0.0384542,19123937.1344,0
T.V,D,20220629,000000,0.0385541,0.0385564,0.0351514,0.0360563,17162808.309139,0
T.V,D,20220630,000000,0.0361566,0.0362564,0.0319584,0.0325609,29601212.858773,0
T.V,D,20220701,000000,0.0325609,0.0351648,0.0324578,0.0343622,28545753.430948,0
T.V,D,20220702,000000,0.0343587,0.0352576,0.0333599,0.0350579,10081425.118203,0
T.V,D,20220703,000000,0.0350579,0.0352576,0.0337561,0.0343553,11486878.144458,0
T.V,D,20220704,000000,0.0344552,0.0354574,0.0336528,0.0352576,4409614.1624575,0
T.V,D,20220705,000000,0.0353575,0.0372552,0.0340591,0.0353611,6028592.2254866,0
T.V,D,20220706,000000,0.0353611,0.0358605,0.0343587,0.0350614,6977565.4933913,0
T.V,D,20220707,000000,0.0350614,0.0369778,0.0347582,0.0364781,5252389.8834115,0
T.V,D,20220708,000000,0.036578,0.0373776,0.0357749,0.0369778,12466161.002695,0
T.V,D,20220709,000000,0.0370777,0.0398761,0.0367742,0.0376774,13923911.445719,0
T.V,D,20220710,000000,0.0376774,0.0379772,0.0355751,0.0360783,9226606.621962,0
T.V,D,20220711,000000,0.0360783,0.0362746,0.0345723,0.0350684,4745910.8690051,0
T.V,D,20220712,000000,0.0350649,0.0350684,0.0326673,0.0333666,3760603.7711647,0
T.V,D,20220713,000000,0.0333679,0.0341658,0.0315684,0.0335698,10113860.094509,0
T.V,D,20220714,000000,0.0337696,0.0348791,0.0328704,0.0344793,10116878.665207,0
T.V,D,20220715,000000,0.0344793,0.035982,0.0335798,0.0355858,4374592.3147736,0
T.V,D,20220716,000000,0.0355893,0.0362927,0.0343862,0.0355893,4812324.8616561,0
T.V,D,20220717,000000,0.0356904,0.0362917,0.035394,0.0358907,4160700.598452,0
T.V,D,20220718,000000,0.0357907,0.0375981,0.035288,0.0365912,13820343.58588,0
T.V,D,20220719,000000,0.0366912,0.0407065,0.0365898,0.0394063,28279272.696872,0
T.V,D,20220720,000000,0.0394,0.0431017,0.0373056,0.0381019,21899430.714195,0
T.V,D,20220721,000000,0.0380042,0.0380053,0.0355975,0.0371093,7938461.3820815,0
T.V,D,20220722,000000,0.0371093,0.0381792,0.0356057,0.0360079,10554959.046608,0
T.V,D,20220723,000000,0.0359,0.0370037,0.0350018,0.0358068,6944993.3823954,0
T.V,D,20220724,000000,0.0362136,0.0404004,0.0356146,0.0373275,8430532.1756756,0
T.V,D,20220725,000000,0.0372771,0.0380476,0.0347317,0.0355528,4447527.4977258,0
T.V,D,20220726,000000,0.0353832,0.0364473,0.032952,0.0340151,6798318.5890665,0
T.V,D,20220727,000000,0.0339047,0.0364149,0.0339047,0.0363087,4348743.3229335,0
T.V,D,20220728,000000,0.0363087,0.0382118,0.0359043,0.0378072,10120659.970721,0
T.V,D,20220729,000000,0.0378098,0.0383962,0.0368088,0.0375154,10415728.408143,0
T.V,D,20220730,000000,0.0375154,0.0393145,0.0372138,0.0381126,6166280.4829966,0
T.V,D,20220731,000000,0.0381141,0.2347516,0.0375105,0.039309,37016010.057085,0
T.V,D,20220801,000000,0.0388093,0.0404109,0.0382153,0.0395119,15717944.401511,0
T.V,D,20220802,000000,0.0401112,0.041016,0.0374112,0.0388066,9433393.4354448,0
T.V,D,20220803,000000,0.0388074,0.0394138,0.0374086,0.0392098,7164934.865991,0
T.V,D,20220804,000000,0.039209,0.0479029,0.0383061,0.0388016,75237574.200569,0
T.V,D,20220805,000000,0.0389016,0.0407081,0.0386012,0.0399076,9350964.0173366,0
T.V,D,20220806,000000,0.039808,0.0429013,0.0393079,0.0399092,28314674.53458,0
T.V,D,20220807,000000,0.0405089,0.0411095,0.0392047,0.0399072,5156707.210541,0
T.V,D,20220808,000000,0.0399072,0.0413078,0.0396044,0.0402048,4871217.8925005,0
T.V,D,20220809,000000,0.0402048,0.0408098,0.0374079,0.0381076,5590498.292908,0
T.V,D,20220810,000000,0.0381076,0.0407098,0.0370104,0.0401116,7360341.6382117,0
T.V,D,20220811,000000,0.0403121,0.046621,0.0398096,0.0422198,31330723.48037,0
T.V,D,20220812,000000,0.0421198,0.0456228,0.0410205,0.0427196,21376048.318882,0
T.V,D,20220813,000000,0.0427192,0.0440264,0.0423157,0.042617,5060402.5983532,0
T.V,D,20220814,000000,0.0428167,0.0447179,0.0418121,0.0421126,5762962.7228253,0
T.V,D,20220815,000000,0.0420126,0.0434117,0.0410045,0.0420101,3975356.49775,0
T.V,D,20220816,000000,0.0420101,0.1673017,0.0401076,0.0408037,4209623.7281996,0
T.V,D,20220817,000000,0.0408037,0.0417058,0.0384988,0.0390027,4158556.4039194,0
T.V,D,20220818,000000,0.0392031,0.0403024,0.0385015,0.0393012,4143537.3031296,0
T.V,D,20220819,000000,0.039804,0.040004,0.0336034,0.0338,8191424.3605272,0
T.V,D,20220820,000000,0.0338034,0.0351993,0.032997,0.0333,4380794.117278,0
T.V,D,20220821,000000,0.0334993,0.0349993,0.0331983,0.0347993,4206363.0771863,0
T.V,D,20220822,000000,0.0347993,0.0350014,0.0321971,0.0333943,4591690.518849,0
T.V,D,20220823,000000,0.033394,0.0342,0.032599,0.0340007,3467620.6271526,0
T.V,D,20220824,000000,0.0337966,0.0354021,0.0332987,0.0346031,12901587.915878,0
T.V,D,20220825,000000,0.0346028,0.0361982,0.0340993,0.0354011,3968233.1911644,0
T.V,D,20220826,000000,0.034901,0.0356039,0.0316,0.0324032,6861132.2954911,0
T.V,D,20220827,000000,0.0324032,0.0324032,0.0310003,0.0316009,3794344.3092802,0
T.V,D,20220828,000000,0.0311009,0.0331003,0.0311003,0.032,4389955.8743047,0
T.V,D,20220829,000000,0.0318,0.0329059,0.0306003,0.032502,5476989.2180562,0
T.V,D,20220830,000000,0.0325026,0.034199,0.0310003,0.0327026,7822587.2389054,0
T.V,D,20220831,000000,0.0327026,0.0338003,0.0323987,0.0330997,5038799.6150079,0
T.V,D,20220901,000000,0.0329997,0.0332007,0.0316013,0.032698,3567874.7090552,0
T.V,D,20220902,000000,0.0326987,0.0349042,0.0317016,0.0321048,6250731.0487693,0
T.V,D,20220903,000000,0.0321051,0.0327,0.0317,0.0322,2444086.3675414,0
T.V,D,20220904,000000,0.0322,0.0327033,0.0319,0.0324,3145275.6708735,0
T.V,D,20220905,000000,0.0324,0.0327033,0.0316,0.0322032,2888261.5901637,0
T.V,D,20220906,000000,0.0323032,0.0331033,0.0304969,0.0309,5216834.5584532,0
T.V,D,20220907,000000,0.0309,0.0319029,0.0299988,0.0317022,5460200.9201059,0
T.V,D,20220908,000000,0.0317022,0.0408029,0.0312019,0.0319048,55153544.581294,0
T.V,D,20220909,000000,0.0320048,0.0340105,0.0319038,0.0336111,7686735.1140811,0
T.V,D,20220910,000000,0.033414,0.037615,0.033211,0.0346066,46277996.273045,0
T.V,D,20220911,000000,0.0347097,0.03981,0.0340119,0.0356085,59745419.919212,0
T.V,D,20220912,000000,0.0355085,0.0367095,0.0340065,0.0343069,7322266.5767266,0
T.V,D,20220913,000000,0.0343103,0.0348066,0.0317,0.0319006,4210688.1963342,0
T.V,D,20220914,000000,0.0319006,0.0325091,0.0312,0.0325081,4037875.6152588,0
T.V,D,20220915,000000,0.0324081,0.0331063,0.030297,0.030297,8911847.0352528,0
T.V,D,20220916,000000,0.0303982,0.033,0.0297973,0.0316968,16530134.036507,0
T.V,D,20220917,000000,0.0317968,0.0325,0.0314968,0.0322032,8300966.1651051,0
T.V,D,20220918,000000,0.0321,0.033,0.030397,0.0306,4619763.3461568,0
T.V,D,20220919,000000,0.0305969,0.0309031,0.0292971,0.0305031,3090816.1165658,0
T.V,D,20220920,000000,0.0306031,0.0310031,0.029903,0.030103,5730851.3639023,0
T.V,D,20220921,000000,0.0301,0.0317032,0.0295,0.029603,10075362.363072,0
T.V,D,20220922,000000,0.0296,0.0311,0.0293,0.0309,4172354.0786652,0
T.V,D,20220923,000000,0.031,0.0315968,0.030097,0.0306,4226694.3539013,0
T.V,D,20220924,000000,0.0307988,0.0312044,0.0303991,0.0310025,1639933.270301,0
T.V,D,20220925,000000,0.0309031,0.0313028,0.0301003,0.0303,2006729.634973,0
T.V,D,20220926,000000,0.0303006,0.0306,0.0294,0.0299,5421680.566081,0
T.V,D,20220927,000000,0.0299,0.0311031,0.029597,0.029797,7127997.7112039,0
T.V,D,20220928,000000,0.0298,0.0305,0.0289913,0.0303,7143130.2545757,0
T.V,D,20220929,000000,0.0302,0.0304,0.029597,0.030103,6650053.8862171,0
T.V,D,20220930,000000,0.030003,0.0305061,0.029797,0.03,5142042.091946,0
T.V,D,20221001,000000,0.03,0.0303,0.029797,0.0298,4364845.2996707,0
T.V,D,20221002,000000,0.0298,0.0314,0.0294,0.03,7765107.2969673,0
T.V,D,20221003,000000,0.030003,0.030103,0.0293971,0.029903,5263707.2906983,0
T.V,D,20221004,000000,0.030103,0.0309062,0.03,0.0306092,8745960.4077478,0
T.V,D,20221005,000000,0.0306061,0.0307123,0.0298,0.030206,6011147.7062592,0
T.V,D,20221006,000000,0.0302054,0.0307058,0.0301009,0.0301051,8582400.2630835,0
T.V,D,20221007,000000,0.0301051,0.030794,0.0289103,0.0301142,6572052.6585056,0
T.V,D,20221008,000000,0.0299436,0.0310547,0.0296027,0.0302776,6712106.3185139,0
T.V,D,20221009,000000,0.030023,0.0307361,0.02961,0.030096,6561576.4474766,0
T.V,D,20221010,000000,0.029903,0.0307931,0.0295941,0.029607,8654880.3981784,0
T.V,D,20221011,000000,0.029597,0.0297882,0.0280763,0.0286474,5360789.1172395,0
T.V,D,20221012,000000,0.0286057,0.0297588,0.028028,0.0287609,5212124.3053264,0
T.V,D,20221013,000000,0.0288009,0.0293888,0.0259982,0.0279025,10733733.035723,0
T.V,D,20221014,000000,0.027902,0.0283034,0.0272011,0.0276011,5860459.9708138,0
T.V,D,20221015,000000,0.0276406,0.0288823,0.0269811,0.0280417,16863829.200225,0
T.V,D,20221016,000000,0.0278511,0.0290509,0.0273103,0.0280811,37951088.461219,0
T.V,D,20221017,000000,0.0281217,0.0293141,0.0274,0.0283406,23238270.604518,0
T.V,D,20221018,000000,0.0285006,0.0292029,0.0275005,0.0278011,13228385.056031,0
T.V,D,20221019,000000,0.0278028,0.0282017,0.0267981,0.027,7716953.1667194,0
T.V,D,20221020,000000,0.0271,0.0272008,0.0259977,0.0262982,12654495.796284,0
T.V,D,20221021,000000,0.0262484,0.0267179,0.0246193,0.0260121,11779767.312103,0
T.V,D,20221022,000000,0.0260018,0.0270919,0.0250905,0.0259121,12856447.707377,0
T.V,D,20221023,000000,0.0259421,0.0269427,0.0250108,0.0261837,6799656.2909542,0
T.V,D,20221024,000000,0.0261731,0.0270711,0.0251008,0.025201,18828896.33992,0
T.V,D,20221025,000000,0.025201,0.0266035,0.0250015,0.0263087,20419182.505575,0
T.V,D,20221026,000000,0.0261086,0.0271081,0.0259057,0.0268075,5965281.5187976,0
T.V,D,20221027,000000,0.0268088,0.0269957,0.0262008,0.0262016,5254115.7328456,0
T.V,D,20221028,000000,0.0262016,0.0267459,0.025761,0.0264853,6045728.0359426,0
T.V,D,20221029,000000,0.026505,0.027272,0.0262579,0.0265961,6506363.3651761,0
T.V,D,20221030,000000,0.0267764,0.0272676,0.026266,0.0264053,9434332.0715686,0
T.V,D,20221031,000000,0.0265048,0.027306,0.0260979,0.0262979,8782637.7624675,0
T.V,D,20221101,000000,0.0262987,0.0266941,0.0259945,0.0263974,2615246.9599265,0
T.V,D,20221102,000000,0.0265968,0.0265971,0.0252987,0.0255985,9625720.49743,0
T.V,D,20221103,000000,0.0256985,0.0270967,0.0253987,0.0263997,18590506.477144,0
T.V,D,20221104,000000,0.0263,0.0277008,0.0260974,0.0273022,10465634.691311,0
T.V,D,20221105,000000,0.0274016,0.0282034,0.0273022,0.0276014,7179276.699001775,0
T.V,D,20221106,000000,0.0276014,0.0280014,0.0268008,0.0270019,6726140.926779531,0
T.V,D,20221107,000000,0.0269022,0.0270022,0.0259026,0.0260034,5654550.526848943,0
T.V,D,20221108,000000,0.0262079,0.026608,0.0198257,0.0215645,18554009.332801633,0
T.V,D,20221109,000000,0.0215645,0.022195,0.0150579,0.0157046,46814316.02896309,0
T.V,D,20221110,000000,0.0157743,0.0198744,0.015387,0.0184791,50208395.769135706,0
T.V,D,20221111,000000,0.0184773,0.021618,0.0167534,0.0177336,48201100.75632085,0
T.V,D,20221112,000000,0.0176018,0.0217555,0.0170692,0.0175683,101853742.41686928,0
T.V,D,20221113,000000,0.0176681,0.0178678,0.0156843,0.016377,64549007.67373861,0
T.V,D,20221114,000000,0.016377,0.0169779,0.0148762,0.0160758,60694166.046360455,0
T.V,D,20221115,000000,0.0160758,0.0173809,0.0160758,0.016983,60641428.43832162,0
T.V,D,20221116,000000,0.0168794,0.0173861,0.0161835,0.0167844,62129226.86022592,0
T.V,D,20221117,000000,0.0167849,0.016888,0.0161833,0.016687,42916235.47953447,0
T.V,D,20221118,000000,0.0164871,0.0168866,0.0164802,0.0166808,53849619.262391515,0
T.V,D,20221119,000000,0.0166808,0.0244723,0.0165791,0.0192799,270673094.45038223,0
T.V,D,20221120,000000,0.0193825,0.0230702,0.0170737,0.0171739,100288818.91147824,0
T.V,D,20221121,000000,0.0172735,0.0175731,0.0162791,0.0165801,56155765.62347549,0
T.V,D,20221122,000000,0.0165388,0.0169796,0.015979,0.0168785,62822177.79870894,0
T.V,D,20221123,000000,0.0170776,0.0178812,0.0167778,0.0176807,61552665.85158445,0
T.V,D,20221124,000000,0.0177808,0.0200807,0.0170855,0.017785,84346434.67204669,0
T.V,D,20221125,000000,0.0178848,0.0180879,0.0169876,0.0176901,60643478.91869472,0
T.V,D,20221126,000000,0.0175896,0.0183904,0.0174886,0.0180891,63354849.47183558,0
T.V,D,20221127,000000,0.0180893,0.0183904,0.0177886,0.0182883,62029570.7510306,0
T.V,D,20221128,000000,0.0183888,0.0192902,0.0168904,0.0175933,94047570.93674475,0
T.V,D,20221129,000000,0.0175933,0.0179924,0.0173922,0.0178934,25775476.218978114,0
T.V,D,20221130,000000,0.0178932,0.0192977,0.017694,0.0187007,12503732.535239834,0
T.V,D,20221201,000000,0.0187009,0.0200014,0.0181005,0.0182011,12823425.537896192,0
T.V,D,20221202,000000,0.0183009,0.0184039,0.0179016,0.0182007,6215301.030902595,0
T.V,D,20221203,000000,0.0183011,0.0186022,0.0181018,0.0181018,8757446.522940233,0
T.V,D,20221204,000000,0.0181018,0.0187019,0.0181018,0.0184018,10070048.63263061,0
T.V,D,20221205,000000,0.0184018,0.0187056,0.0181004,0.0181005,6778293.245868747,0
T.V,D,20221206,000000,0.0181018,0.0189013,0.0180998,0.0184,5092411.552814544,0
T.V,D,20221207,000000,0.0183,0.0185,0.0172003,0.0176,9554432.887818916,0
T.V,D,20221208,000000,0.0175,0.0225027,0.017499,0.0182013,54343933.38212981,0
T.V,D,20221209,000000,0.0181013,0.0228005,0.0180016,0.0199006,88846854.85858357,0
T.V,D,20221210,000000,0.0199008,0.0201008,0.0185996,0.0187998,12365024.616619585,0
T.V,D,20221211,000000,0.0186998,0.0189,0.0181998,0.0183018,6957912.509047693,0
T.V,D,20221212,000000,0.0183018,0.020202,0.0182,0.0189017,19629771.777079172,0
T.V,D,20221213,000000,0.0189015,0.0190994,0.0175046,0.0182958,9847779.083006695,0
T.V,D,20221214,000000,0.0183956,0.0192981,0.0181962,0.0183013,6754655.7298808405,0
T.V,D,20221215,000000,0.0183018,0.0186037,0.0177018,0.0179036,7578329.716185918,0
T.V,D,20221216,000000,0.0180036,0.0181036,0.0163016,0.0163016,8294483.558561334,0
T.V,D,20221217,000000,0.0163016,0.0163016,0.0149016,0.0157022,8788598.00001235,0
T.V,D,20221218,000000,0.015602,0.0427051,0.0155006,0.0159019,11297078.587908857,0
T.V,D,20221219,000000,0.0161021,0.0162029,0.0147997,0.0148999,9482123.252838945,0
T.V,D,20221220,000000,0.0149999,0.0182018,0.0148001,0.0162006,43557347.51655007,0
T.V,D,20221221,000000,0.0162008,0.0166,0.0157997,0.0161008,8400083.488745961,0
T.V,D,20221222,000000,0.0161006,0.0166003,0.0156983,0.0161976,7345607.076377925,0
T.V,D,20221223,000000,0.0161972,0.0174972,0.0158975,0.0163984,14333453.631923987,0
T.V,D,20221224,000000,0.0163984,0.0164988,0.0161989,0.016399,4884319.143072226,0
T.V,D,20221225,000000,0.0162993,0.0164995,0.0157968,0.0160976,4726340.669732114,0
T.V,D,20221226,000000,0.0160981,0.0160989,0.0154963,0.0159968,6061463.509667814,0
T.V,D,20221227,000000,0.0159968,0.0160969,0.015493,0.0154941,5234544.047688351,0
T.V,D,20221228,000000,0.015494,0.015694,0.0148942,0.0150918,5555631.477847038,0
T.V,D,20221229,000000,0.015092,0.0153923,0.0146925,0.0149931,5752415.112497027,0
T.V,D,20221230,000000,0.0149932,0.0153932,0.0145926,0.0151924,8230652.897591906,0
T.V,D,20221231,000000,0.0151922,0.0204895,0.0149923,0.0163918,74951330.57238296,0
T.V,D,20230101,000000,0.0162919,0.0162919,0.015593,0.0156928,10654601.78580635,0
T.V,D,20230102,000000,0.0157926,0.0163933,0.0144942,0.016095,7803135.359734445,0
T.V,D,20230103,000000,0.0160947,0.0162949,0.015595,0.0157938,5653246.911089926,0
T.V,D,20230104,000000,0.0158938,0.016593,0.0156934,0.0159947,6819019.03263984,0
T.V,D,20230105,000000,0.0160945,0.0172952,0.0159946,0.0161942,9389908.609379845,0
T.V,D,20230106,000000,0.0161951,0.016594,0.0155917,0.0162949,6979501.228471767,0
T.V,D,20230107,000000,0.0162948,0.0165952,0.016095,0.0163961,5038851.729235089,0
T.V,D,20230108,000000,0.0163951,0.0166977,0.0160966,0.0166975,5622209.612914012,0
T.V,D,20230109,000000,0.0166978,0.0175,0.0164965,0.0172,9443028.59520082,0
T.V,D,20230110,000000,0.0171,0.0210987,0.0170993,0.0182025,43995634.814027354,0
T.V,D,20230111,000000,0.0183029,0.0189026,0.017497,0.0179998,9004542.631300412,0
T.V,D,20230112,000000,0.0179989,0.0187021,0.0174969,0.0184018,9290665.221457068,0
T.V,D,20230113,000000,0.0185017,0.0199004,0.0183982,0.0193017,14991519.877988938,0
T.V,D,20230114,000000,0.0193015,0.0217022,0.0192013,0.0207008,18019394.424715813,0
T.V,D,20230115,000000,0.0207008,0.0266035,0.0206041,0.0223065,73700399.34641933,0
T.V,D,20230116,000000,0.0223067,0.0229087,0.0213062,0.0219004,16499497.746872166,0
T.V,D,20230117,000000,0.0220004,0.0267019,0.0218007,0.0232026,45038288.25136697,0
T.V,D,20230118,000000,0.0232028,0.0232028,0.0200994,0.020699,17244593.531220585,0
T.V,D,20230119,000000,0.020599,0.0214091,0.0202182,0.0213991,8235186.274874409,0
T.V,D,20230120,000000,0.0212991,0.02331,0.0212006,0.0231539,20053610.28027441,0
T.V,D,20230121,000000,0.0231942,0.0271949,0.0230544,0.0240138,28197554.077733357,0
T.V,D,20230122,000000,0.0238638,0.0246742,0.0228821,0.0235547,15028554.450314956,0
T.V,D,20230123,000000,0.0235245,0.0361833,0.0235138,0.0353553,364814696.41895866,0
T.V,D,20230124,000000,0.0353953,0.0636395,0.0349349,0.0539111,1088299147.9869878,0
T.V,D,20230125,000000,0.0543216,0.0557912,0.046987,0.0516083,227548424.1611239,0
T.V,D,20230126,000000,0.0515888,0.0649804,0.0495189,0.0544244,200385937.6788093,0
T.V,D,20230127,000000,0.0544649,0.0573046,0.0467522,0.0483984,144825002.67857292,0
T.V,D,20230128,000000,0.0483969,0.0495129,0.0457914,0.0462088,38792993.28241349,0
T.V,D,20230129,000000,0.0461401,0.0467103,0.0448572,0.0460518,31510392.649036493,0
T.V,D,20230130,000000,0.0459718,0.0472419,0.04127,0.0417829,35837311.4349655,0
T.V,D,20230131,000000,0.0418525,0.0561466,0.0398012,0.0493444,406881202.2914463,0
T.V,D,20230201,000000,0.0493739,0.0532616,0.04508,0.050343,167851070.4002741,0
T.V,D,20230202,000000,0.0503925,0.0517652,0.0483624,0.0490298,79791430.22477001,0
T.V,D,20230203,000000,0.0489698,0.0519995,0.04718,0.0484539,91472645.34409676,0
T.V,D,20230204,000000,0.0484539,0.0489444,0.0474033,0.0478743,33797485.36177782,0
T.V,D,20230205,000000,0.0478638,0.0480638,0.0423906,0.0446516,44402956.09760233,0
T.V,D,20230206,000000,0.0446416,0.0467195,0.042068,0.0447418,63712757.51923959,0
T.V,D,20230207,000000,0.0447418,0.0456818,0.0431491,0.0453932,60387920.60475552,0
T.V,D,20230208,000000,0.0453227,0.0460023,0.0427268,0.0437835,32498661.730754483,0
T.V,D,20230209,000000,0.0437031,0.04413,0.0372371,0.0377934,71774636.5779573,0
T.V,D,20230210,000000,0.0377638,0.039544,0.0354875,0.0378857,43584561.93520749,0
T.V,D,20230211,000000,0.03786,0.0425547,0.037776,0.0402936,86373436.14820142,0
T.V,D,20230212,000000,0.040314,0.0408845,0.0379453,0.0383531,26483162.76909897,0
T.V,D,20230213,000000,0.0383538,0.0401364,0.0353932,0.0373001,26911746.541031934,0
T.V,D,20230214,000000,0.0374298,0.0393542,0.0368914,0.0393353,26244671.875444476,0
T.V,D,20230215,000000,0.0393257,0.0419171,0.0386639,0.0414979,29309575.073399637,0
T.V,D,20230216,000000,0.0415475,0.0426968,0.0391333,0.0391633,52712240.703852884,0
T.V,D,20230217,000000,0.0391233,0.0413533,0.0388243,0.0409337,29330720.946297206,0
T.V,D,20230218,000000,0.0409253,0.0422072,0.0406081,0.0416771,26245366.4916862,0
T.V,D,20230219,000000,0.0416767,0.0485731,0.0413866,0.0443102,156167525.85889566,0
T.V,D,20230220,000000,0.0443197,0.0465588,0.0427128,0.0443818,98871309.2173794,0
T.V,D,20230221,000000,0.0443718,0.0448254,0.0408278,0.041437,37414008.98119381,0
T.V,D,20230222,000000,0.0414475,0.0418559,0.0390816,0.04041,20513379.68565929,0
T.V,D,20230223,000000,0.040422,0.0416225,0.0394475,0.0412454,25374000.70596965,0
T.V,D,20230224,000000,0.0412358,0.0417179,0.0385839,0.0391196,23962459.007142074,0
T.V,D,20230225,000000,0.0391292,0.0424417,0.0376053,0.0386223,48227351.44501269,0
T.V,D,20230226,000000,0.0386023,0.040294,0.0384123,0.0392924,13919626.001428975,0
T.V,D,20230227,000000,0.0393235,0.0404016,0.0384338,0.0389619,19886283.100197155,0
T.V,D,20230228,000000,0.0390923,0.039402,0.0382434,0.0385069,11642240.744542917,0
T.V,D,20230301,000000,0.0385073,0.0435591,0.037656,0.0406553,188040693.07555896,0
T.V,D,20230302,000000,0.0405349,0.050201,0.0403948,0.0460437,442547485.3841145,0
T.V,D,20230303,000000,0.0460341,0.0495145,0.0412729,0.0422425,196707050.42798302,0
T.V,D,20230304,000000,0.042273,0.0431052,0.0386119,0.0392727,49471566.96849534,0
T.V,D,20230305,000000,0.0393728,0.0420621,0.0392031,0.0405045,54295671.78989161,0
T.V,D,20230306,000000,0.0404949,0.0424481,0.0398744,0.0416075,48535867.61332501,0
T.V,D,20230307,000000,0.0416554,0.0418496,0.0372485,0.0379581,40775510.4187379,0
T.V,D,20230308,000000,0.0379581,0.0385904,0.0336387,0.0336787,60988184.67699353,0
T.V,D,20230309,000000,0.0337466,0.035204,0.0306536,0.0314028,43726474.62022149,0
T.V,D,20230310,000000,0.0314128,0.0346297,0.0303976,0.0333697,82805214.92117599,0
T.V,D,20230311,000000,0.0334998,0.0342421,0.0310644,0.0323289,35536335.85471555,0
T.V,D,20230312,000000,0.0321715,0.0344128,0.0309948,0.0339404,15396043.41827087,0
T.V,D,20230313,000000,0.0340313,0.0370191,0.0339717,0.0368966,45933210.92864677,0
T.V,D,20230314,000000,0.0369167,0.0488552,0.036374,0.0435784,372714487.9053348,0
T.V,D,20230315,000000,0.0435286,0.0468788,0.0387351,0.0407496,122346897.14689273,0
T.V,D,20230316,000000,0.0406697,0.0418313,0.0391867,0.0409016,34681830.407463886,0
T.V,D,20230317,000000,0.0409092,0.0449805,0.0408498,0.0447133,79167680.29817432,0
T.V,D,20230318,000000,0.0447639,0.0455258,0.0419329,0.0424588,51061182.345334716,0
T.V,D,20230319,000000,0.0425172,0.0443317,0.0416183,0.043361,39652399.87969577,0
T.V,D,20230320,000000,0.0433702,0.0435114,0.040663,0.0413805,27929238.399032384,0
T.V,D,20230321,000000,0.0413504,0.0487958,0.039557,0.0425858,283997026.39188236,0
T.V,D,20230322,000000,0.0426556,0.0449735,0.0405496,0.0416931,83469895.60137579,0
T.V,D,20230323,000000,0.0416246,0.0428206,0.0406892,0.0422982,20475208.438259996,0
T.V,D,20230324,000000,0.0423178,0.0429653,0.0402726,0.0408712,10799410.241976148,0
T.V,D,20230325,000000,0.0408653,0.0412053,0.0397248,0.0403079,7305019.55608352,0
T.V,D,20230326,000000,0.040289,0.0428928,0.040289,0.041597,51533474.41628739,0
T.V,D,20230327,000000,0.0416057,0.0421724,0.0384457,0.0390884,23822638.050806597,0
T.V,D,20230328,000000,0.0390383,0.0409911,0.0382792,0.0406258,20954632.809219554,0
T.V,D,20230329,000000,0.0405158,0.0423493,0.0403057,0.0420155,29138119.41131375,0
T.V,D,20230330,000000,0.0419126,0.0447098,0.0400092,0.0412515,54640248.58963458,0
T.V,D,20230331,000000,0.0411811,0.0426785,0.0398127,0.041998,25345679.643209577,0
T.V,D,20230401,000000,0.0420584,0.0425657,0.0410735,0.041735,16391791.146612898,0
T.V,D,20230402,000000,0.0417675,0.0417675,0.0373853,0.0377134,269808497.35289395,0
T.V,D,20230403,000000,0.0377134,0.038066,0.0357214,0.0364435,68590548.1336429,0
T.V,D,20230404,000000,0.0364546,0.0371589,0.0361062,0.0371589,25915476.38523752,0
T.V,D,20230405,000000,0.0371689,0.0378028,0.036675,0.0371334,21936476.696866844,0
T.V,D,20230406,000000,0.0371134,0.0375975,0.0360362,0.0366828,12269712.911918547,0
T.V,D,20230407,000000,0.0366732,0.0368788,0.0355931,0.0358965,16900156.155042384,0
T.V,D,20230408,000000,0.0359569,0.0365778,0.0356771,0.0359844,37186122.87731423,0
T.V,D,20230409,000000,0.0360244,0.0361913,0.0352571,0.0361617,8216288.929193217,0
T.V,D,20230410,000000,0.036235,0.0363793,0.0354234,0.0361897,15867716.981229207,0
T.V,D,20230411,000000,0.0361997,0.0366311,0.036032,0.0361958,16716148.588309618,0
T.V,D,20230412,000000,0.0361758,0.0362595,0.0348845,0.0356078,11844452.089255987,0
T.V,D,20230413,000000,0.0356278,0.0365438,0.0350201,0.0362844,23216493.98228244,0
T.V,D,20230414,000000,0.0362448,0.0370407,0.0359066,0.0367104,20321576.246385932,0
T.V,D,20230415,000000,0.0366904,0.0368802,0.0361518,0.0363523,9802346.903730324,0
T.V,D,20230416,000000,0.0363223,0.0370255,0.0360492,0.0369358,18270232.79128007,0
T.V,D,20230417,000000,0.0369147,0.0370088,0.0356378,0.036108,29634326.800562583,0
T.V,D,20230418,000000,0.0361513,0.0367843,0.0357257,0.0365791,12144605.867876003,0
T.V,D,20230419,000000,0.0366259,0.0377362,0.0337103,0.0347788,42854534.43192864,0
T.V,D,20230420,000000,0.0348084,0.0349371,0.0328179,0.0331727,13768815.168243267,0
T.V,D,20230421,000000,0.0331723,0.0339237,0.0320136,0.0323771,20864442.58837191,0
T.V,D,20230422,000000,0.0322764,0.033063,0.0318324,0.033043,7212459.753983075,0
T.V,D,20230423,000000,0.033063,0.033163,0.0313469,0.0319016,9359905.26035056,0
T.V,D,20230424,000000,0.0319016,0.0325897,0.031496,0.032111,9228197.778633744,0
T.V,D,20230425,000000,0.032101,0.0326178,0.0310428,0.0325975,9477674.523799118,0
T.V,D,20230426,000000,0.0326575,0.0340161,0.0309659,0.0321809,18501378.35567305,0
T.V,D,20230427,000000,0.0323103,0.0329322,0.0314785,0.032312,9098405.927521221,0
T.V,D,20230428,000000,0.0322907,0.0324004,0.0314435,0.0319775,10799538.405820742,0
T.V,D,20230429,000000,0.0319943,0.0322364,0.0317219,0.0320592,5443259.490674199,0
T.V,D,20230430,000000,0.0320889,0.0322106,0.0313388,0.031578,7793913.8691112455,0
T.V,D,20230501,000000,0.0315377,0.0320612,0.0304294,0.0306983,10775319.695421059,0
T.V,D,20230502,000000,0.0307083,0.031099,0.0303106,0.0310292,6175503.865130468,0
T.V,D,20230503,000000,0.0310289,0.0317008,0.0307089,0.0315985,23951312.41748848,0
T.V,D,20230504,000000,0.0315985,0.0317389,0.0308533,0.0309514,14527292.066360656,0
T.V,D,20230505,000000,0.0309514,0.0320866,0.0306125,0.0319591,20120006.233213227,0
T.V,D,20230506,000000,0.031909,0.0340194,0.0309679,0.0313244,158374020.3109184,0
T.V,D,20230507,000000,0.0313432,0.0319258,0.0312111,0.0313566,14040851.776714265,0
T.V,D,20230508,000000,0.0313169,0.031387,0.0287098,0.0291321,36625135.42643346,0
T.V,D,20230509,000000,0.0290818,0.0298328,0.029069,0.0294094,8355443.146524966,0
T.V,D,20230510,000000,0.0293932,0.030033,0.0285113,0.0295265,17692477.023797523,0
T.V,D,20230511,000000,0.0296296,0.0328528,0.0279679,0.0281982,99999713.38188574,0
T.V,D,20230512,000000,0.0282482,0.0282954,0.0260804,0.027462,20390250.749141846,0
T.V,D,20230513,000000,0.027542,0.0276566,0.0269335,0.0271536,8216280.962584458,0
T.V,D,20230514,000000,0.0271363,0.0274337,0.0266333,0.0269261,5779482.447523914,0
T.V,D,20230515,000000,0.0268934,0.0275192,0.026626,0.0274492,8444649.872078734,0
T.V,D,20230516,000000,0.0274818,0.0275365,0.0268761,0.027461,5966827.011621636,0
T.V,D,20230517,000000,0.027421,0.027984,0.0268234,0.0278711,6873937.343947844,0
T.V,D,20230518,000000,0.0278339,0.027934,0.0268207,0.0273709,5647233.946257451,0
T.V,D,20230519,000000,0.0273609,0.0290426,0.0273609,0.0281885,41120347.77870717,0
T.V,D,20230520,000000,0.0282141,0.0283813,0.0278951,0.0280552,6782073.00264353,0
T.V,D,20230521,000000,0.0281153,0.0281481,0.0270035,0.0272063,6356040.818860707,0
T.V,D,20230522,000000,0.0271863,0.0273237,0.0262357,0.0269435,7871778.447065343,0
T.V,D,20230523,000000,0.0269238,0.027493,0.0266569,0.0268116,8429771.905981943,0
T.V,D,20230524,000000,0.0267934,0.026893,0.0251095,0.0254987,9951971.680431392,0
T.V,D,20230525,000000,0.0255087,0.0256423,0.024731,0.0255005,10847439.88980052,0
T.V,D,20230526,000000,0.0254702,0.0259878,0.025172,0.0257764,12396904.719298685,0
T.V,D,20230527,000000,0.0257877,0.0258257,0.0252581,0.0256695,5210046.729459937,0
T.V,D,20230528,000000,0.0256677,0.0261673,0.0256128,0.026156,8835523.831284354,0
T.V,D,20230529,000000,0.026196,0.026664,0.0257372,0.0258975,6926846.2209368795,0
T.V,D,20230530,000000,0.0258575,0.0259881,0.0254761,0.0257703,6799234.586956203,0
T.V,D,20230531,000000,0.02575,0.0258077,0.0247252,0.024895,4412916.873402158,0
T.V,D,20230601,000000,0.0249347,0.0252255,0.0244644,0.0250673,7008469.309499762,0
T.V,D,20230602,000000,0.025037,0.0255277,0.0247252,0.0254966,7651668.591566881,0
T.V,D,20230603,000000,0.0255171,0.0268175,0.0255099,0.0259904,28914559.814177062,0
T.V,D,20230604,000000,0.0260004,0.0261281,0.0255169,0.0258983,32213626.681810156,0
T.V,D,20230605,000000,0.0259683,0.0259883,0.0228966,0.0230767,14659678.189079845,0
T.V,D,20230606,000000,0.0231169,0.0235845,0.0222536,0.0235466,19705013.423640627,0
T.V,D,20230607,000000,0.0235768,0.0236657,0.0220924,0.0220924,8933571.78286713,0
T.V,D,20230608,000000,0.0220724,0.0226623,0.02184,0.022464,11436287.314276801,0
T.V,D,20230609,000000,0.022484,0.0230977,0.0221927,0.0224555,15878144.485472025,0
T.V,D,20230610,000000,0.0224662,0.0224791,0.0167032,0.0183206,32078466.44664627,0
T.V,D,20230611,000000,0.0183206,0.0187188,0.0181582,0.0186074,12201332.972112738,0
T.V,D,20230612,000000,0.0186074,0.0186074,0.0176262,0.0183702,12509144.93030829,0
T.V,D,20230613,000000,0.0184007,0.0187489,0.0179669,0.0180775,14452083.369796032,0
T.V,D,20230614,000000,0.018048,0.018318,0.0170962,0.0171385,12661075.171354922,0
T.V,D,20230615,000000,0.0171986,0.0179215,0.016439,0.0177738,14846086.091513647,0
T.V,D,20230616,000000,0.0177551,0.0184016,0.0173474,0.0179858,32955026.844955087,0
T.V,D,20230617,000000,0.0180158,0.0185433,0.0178482,0.0184124,5937646.847361631,0
T.V,D,20230618,000000,0.0184424,0.0184824,0.0179261,0.0179359,5414152.712791429,0
T.V,D,20230619,000000,0.0179159,0.0183784,0.0177964,0.0181542,6988562.741977881,0
T.V,D,20230620,000000,0.0181944,0.0192331,0.0181238,0.0192329,21363497.903839193,0
T.V,D,20230621,000000,0.0193729,0.0213577,0.0193125,0.0205418,70340965.011507,0
T.V,D,20230622,000000,0.0206025,0.0215511,0.0202428,0.0205043,14841836.93277774,0
T.V,D,20230623,000000,0.0204941,0.0293459,0.020323,0.0261254,628796461.9186147,0
T.V,D,20230624,000000,0.0261254,0.0295845,0.0240952,0.0241052,235076956.46451747,0
T.V,D,20230625,000000,0.0241052,0.026168,0.0235471,0.0237678,50105222.99664379,0
T.V,D,20230626,000000,0.0237676,0.0259319,0.0229248,0.0229248,65112685.531263396,0
T.V,D,20230627,000000,0.0228948,0.0240724,0.0226248,0.0231342,30407806.33147883,0
T.V,D,20230628,000000,0.0231642,0.0237033,0.0211821,0.0216989,43356384.01043702,0
T.V,D,20230629,000000,0.0217583,0.0225068,0.0211981,0.0219178,21879435.08715009,0
T.V,D,20230630,000000,0.0219072,0.0228757,0.0208642,0.0224923,20385202.017687265,0
T.V,D,20230701,000000,0.0225512,0.0242966,0.0224253,0.0235098,62324441.625242285,0
T.V,D,20230702,000000,0.0234798,0.0235676,0.02246,0.0227711,8693200.097382763,0
T.V,D,20230703,000000,0.022772,0.0233528,0.02264,0.0231514,18491133.693126675,0
T.V,D,20230704,000000,0.0231516,0.0234621,0.0227339,0.0231051,16855571.625380915,0
T.V,D,20230705,000000,0.0231151,0.0257028,0.0228698,0.0236038,160928615.94955638,0
T.V,D,20230706,000000,0.0235938,0.0241795,0.0226616,0.0231479,23207815.769774582,0
T.V,D,20230707,000000,0.0231581,0.0233688,0.0226407,0.0228623,13045831.760585647,0
T.V,D,20230708,000000,0.0228121,0.0231923,0.0225218,0.0227236,7547662.885556823,0
T.V,D,20230709,000000,0.0226836,0.0229428,0.0226341,0.0226341,8647463.650954498,0
T.V,D,20230710,000000,0.0226641,0.0226832,0.0214921,0.0222729,10971433.187078359,0
T.V,D,20230711,000000,0.0222722,0.0236317,0.0219824,0.0228605,41810527.24708171,0
T.V,D,20230712,000000,0.0228611,0.02498,0.0228191,0.0233881,85966483.21568732,0
T.V,D,20230713,000000,0.0233895,0.0242653,0.0228477,0.0241196,17664515.419970207,0
T.V,D,20230714,000000,0.0241694,0.0250358,0.0230581,0.0233908,28298852.174779344,0
T.V,D,20230715,000000,0.0234515,0.0276191,0.0234415,0.0246972,209776350.68747494,0
T.V,D,20230716,000000,0.0246974,0.0248172,0.0238772,0.023961,16630914.042996591,0
T.V,D,20230717,000000,0.0239713,0.0242287,0.0233849,0.0239743,10807535.835430067,0
T.V,D,20230718,000000,0.0240241,0.024843,0.0235907,0.0237952,16257731.754087647,0
T.V,D,20230719,000000,0.0238157,0.0241948,0.0236893,0.0239398,9463910.829839624,0
T.V,D,20230720,000000,0.02398,0.0243922,0.0233977,0.0236798,9552612.375269644,0
T.V,D,20230721,000000,0.0237098,0.0238988,0.0234888,0.0236705,3974251.2017178847,0
T.V,D,20230722,000000,0.0236505,0.0244622,0.0236505,0.0242327,13268243.835496863,0
T.V,D,20230723,000000,0.0242724,0.0246095,0.0240334,0.0242398,8111243.414459117,0
T.V,D,20230724,000000,0.0243593,0.0244685,0.0228582,0.0232774,7234487.551612905,0
T.V,D,20230725,000000,0.0232974,0.0236772,0.0229284,0.0232984,7547747.243185429,0
T.V,D,20230726,000000,0.0233079,0.0251157,0.023256,0.0247093,42356599.307899676,0
T.V,D,20230727,000000,0.0247707,0.0264303,0.0242147,0.0245134,53860271.404083155,0
T.V,D,20230728,000000,0.0245534,0.0248745,0.0235127,0.0245395,9571917.227299023,0
T.V,D,20230729,000000,0.0244893,0.0256092,0.0244893,0.02546,11172628.33721659,0
T.V,D,20230730,000000,0.0254497,0.0255497,0.0238302,0.0241081,8054662.765556431,0
T.V,D,20230731,000000,0.0241381,0.0248285,0.0239355,0.0241759,13273653.607589873,0
T.V,D,20230801,000000,0.0241359,0.0243873,0.0234258,0.0240375,5505530.486174811,0
T.V,D,20230802,000000,0.024057,0.0243878,0.0233376,0.0235766,6296387.447446092,0
T.V,D,20230803,000000,0.0236063,0.0237595,0.0231763,0.0236408,2851107.3745603357,0
T.V,D,20230804,000000,0.0235618,0.023563,0.0229965,0.0232849,7907972.660638065,0
T.V,D,20230805,000000,0.0233348,0.0240843,0.0232349,0.0236737,20721493.71996728,0
T.V,D,20230806,000000,0.0236047,0.0238428,0.0232055,0.0234002,5637151.6532517085,0
T.V,D,20230807,000000,0.0234377,0.0239013,0.0229241,0.0233529,17779498.880904857,0
T.V,D,20230808,000000,0.0233522,0.0240471,0.0232878,0.0238164,28242065.162425593,0
T.V,D,20230809,000000,0.0238364,0.0239875,0.0235616,0.0236292,8287119.760288104,0
T.V,D,20230810,000000,0.0236494,0.0237802,0.0234063,0.023515,2886152.812522716,0
T.V,D,20230811,000000,0.0234851,0.0237926,0.0233512,0.0234841,3148171.138363402,0
T.V,D,20230812,000000,0.0234941,0.0237993,0.0234369,0.0235666,5171497.090372209,0
T.V,D,20230813,000000,0.0235766,0.023662,0.0233836,0.0235114,2275738.0643219394,0
T.V,D,20230814,000000,0.0234617,0.0235027,0.0231192,0.0233631,4328451.1338956775,0
T.V,D,20230815,000000,0.0233733,0.0234075,0.0222311,0.0223849,7059643.103620862,0
T.V,D,20230816,000000,0.0224144,0.0224339,0.0201274,0.0201274,12792763.579874365,0
T.V,D,20230817,000000,0.0200675,0.0214599,0.0179626,0.0183425,23647246.069201794,0
T.V,D,20230818,000000,0.0183107,0.0191817,0.0180436,0.0189605,10848963.764334524,0
T.V,D,20230819,000000,0.0189722,0.0193159,0.018953,0.0192244,6694652.259597199,0
T.V,D,20230820,000000,0.0192044,0.0196059,0.0190977,0.019579,3904043.536743181,0
T.V,D,20230821,000000,0.019569,0.0196994,0.0187079,0.0191073,8878977.866732426,0
T.V,D,20230822,000000,0.0191269,0.0192065,0.0180848,0.0181538,4416147.034437799,0
T.V,D,20230823,000000,0.0181538,0.0191806,0.0181538,0.0188464,3380432.234344978,0
T.V,D,20230824,000000,0.0188655,0.0190466,0.018321,0.0184706,3706481.548126521,0
T.V,D,20230825,000000,0.0184893,0.0186301,0.0181435,0.0184591,3816916.1526392354,0
T.V,D,20230826,000000,0.0184504,0.0185589,0.0182203,0.0182898,1995633.4454582827,0
T.V,D,20230827,000000,0.0182999,0.0186807,0.0182312,0.0182812,13125810.843228739,0
T.V,D,20230828,000000,0.0183012,0.0183617,0.0176485,0.0179517,5541593.478720483,0
T.V,D,20230829,000000,0.0179508,0.0193937,0.0175377,0.0193937,13712330.220900664,0
T.V,D,20230830,000000,0.0193735,0.0196702,0.0183783,0.01843,14347138.088773333,0
T.V,D,20230831,000000,0.01845,0.01847,0.0172378,0.0173672,19512646.053710625,0
T.V,D,20230901,000000,0.0173577,0.0174449,0.0168207,0.0170313,9819955.56352248,0
T.V,D,20230902,000000,0.0170113,0.0171583,0.0167751,0.0171181,7456252.5671987515,0
T.V,D,20230903,000000,0.0171181,0.017808,0.0170178,0.0171869,11484455.907462591,0
T.V,D,20230904,000000,0.0171969,0.0173764,0.0168932,0.0170452,7341766.539955188,0
T.V,D,20230905,000000,0.0170552,0.0174504,0.0168917,0.0172815,7349510.760912685,0
T.V,D,20230906,000000,0.0172815,0.01753,0.0168321,0.0170598,27713185.192933254,0
T.V,D,20230907,000000,0.0170498,0.0172914,0.0169004,0.0171512,5761054.5996242445,0
T.V,D,20230908,000000,0.0171721,0.0175323,0.0170123,0.0172478,5894538.438304652,0
T.V,D,20230909,000000,0.0172476,0.0179248,0.0172374,0.0177145,10938442.573952,0
T.V,D,20230910,000000,0.0176943,0.0177043,0.016767,0.0169735,16369820.467899956,0
T.V,D,20230911,000000,0.0169835,0.0170635,0.0158352,0.0159949,9372189.257145762,0
T.V,D,20230912,000000,0.0160047,0.0166678,0.015946,0.0163487,11365204.18143146,0
T.V,D,20230913,000000,0.0163487,0.0168588,0.0160989,0.0166033,6150133.346219264,0
T.V,D,20230914,000000,0.0166232,0.0178025,0.0166232,0.0175646,23981868.26700067,0
T.V,D,20230915,000000,0.0176149,0.0180696,0.017271,0.0179696,15388668.0110618,0
T.V,D,20230916,000000,0.0179395,0.0183205,0.0178223,0.0180116,13702008.153915467,0
T.V,D,20230917,000000,0.0180516,0.0180924,0.016824,0.0169141,11380891.950489834,0
T.V,D,20230918,000000,0.0168742,0.0177037,0.0167625,0.017443,8556342.246459203,0
T.V,D,20230919,000000,0.0174426,0.0191229,0.0173536,0.0184126,61733875.25146379,0
T.V,D,20230920,000000,0.0184424,0.0188004,0.0180611,0.0186411,19415145.840557348,0
T.V,D,20230921,000000,0.0186311,0.0189604,0.0178396,0.0181193,19537278.500177618,0
T.V,D,20230922,000000,0.0180795,0.0184889,0.0177793,0.0184587,10293366.007195214,0
T.V,D,20230923,000000,0.0185189,0.0186594,0.0183085,0.0185411,17518154.428455997,0
T.V,D,20230924,000000,0.0185513,0.0186017,0.0179013,0.0180209,12771560.604144465,0
T.V,D,20230925,000000,0.0180307,0.0181862,0.0177241,0.0180266,9974861.835264534,0
T.V,D,20230926,000000,0.0180491,0.0182845,0.0176015,0.0177024,9862824.041653711,0
T.V,D,20230927,000000,0.0177124,0.0181251,0.0175856,0.0176369,8431751.956800055,0
T.V,D,20230928,000000,0.0176669,0.0183749,0.0176567,0.01821,10630333.598032337,0
T.V,D,20230929,000000,0.0182085,0.0183987,0.0179593,0.018228,5256728.049939892,0
T.V,D,20230930,000000,0.018218,0.0184817,0.0182073,0.0183935,3566846.9755770825,0
T.V,D,20231001,000000,0.0183637,0.0189117,0.0183635,0.0186421,10255698.111706626,0
T.V,D,20231002,000000,0.0186322,0.0201378,0.0186222,0.0189255,92035723.58662051,0
T.V,D,20231003,000000,0.0189157,0.0191738,0.0180809,0.0182098,11621323.847786866,0
T.V,D,20231004,000000,0.0181898,0.0183909,0.0171114,0.0178607,25714102.87704578,0
T.V,D,20231005,000000,0.0178805,0.0180004,0.0174337,0.0175849,12513040.47885727,0
T.V,D,20231006,000000,0.0175849,0.022154,0.0175547,0.0199882,470639706.6921482,0
T.V,D,20231007,000000,0.0199882,0.0208302,0.0191792,0.0194611,146134397.09433776,0
T.V,D,20231008,000000,0.0194611,0.0209423,0.019391,0.0197513,117286920.28217041,0
T.V,D,20231009,000000,0.019741,0.0199107,0.0181445,0.018864,37513521.281459816,0
T.V,D,20231010,000000,0.0188738,0.0190846,0.0182216,0.0188921,29163305.862613298,0
T.V,D,20231011,000000,0.0188919,0.0190119,0.0176656,0.0179748,17500894.84391257,0
T.V,D,20231012,000000,0.0179748,0.0213938,0.017965,0.0195428,357153883.9728779,0
T.V,D,20231013,000000,0.0195826,0.0233016,0.0194213,0.021645,428623017.0066994,0
T.V,D,20231014,000000,0.0216152,0.0230175,0.0208967,0.0225686,93781326.50302012,0
T.V,D,20231015,000000,0.0225386,0.0250195,0.0220802,0.0221309,158339937.65300885,0
T.V,D,20231016,000000,0.0221709,0.0242348,0.0216711,0.0231095,112517704.26924834,0
T.V,D,20231017,000000,0.0231595,0.0240615,0.0226072,0.0232584,61437975.18220601,0
T.V,D,20231018,000000,0.0231983,0.025119,0.0206141,0.0207143,156305764.75385168,0
T.V,D,20231019,000000,0.0207143,0.0209438,0.0189838,0.0193177,72226745.10654707,0
T.V,D,20231020,000000,0.0192777,0.0204206,0.0187092,0.0197281,88596775.27406015,0
T.V,D,20231021,000000,0.0197381,0.0205339,0.0196492,0.0203602,38873274.49345946,0
T.V,D,20231022,000000,0.02033,0.0205786,0.0199404,0.0200966,27910488.405997925,0
T.V,D,20231023,000000,0.020047,0.0205866,0.0197147,0.0204004,23216998.83868889,0
T.V,D,20231024,000000,0.0203906,0.02322,0.0203906,0.0224773,88943067.65993276,0
T.V,D,20231025,000000,0.0224087,0.022738,0.021682,0.0221455,27247072.134163927,0
T.V,D,20231026,000000,0.0221849,0.0231863,0.0213404,0.0221302,25142302.56928998,0
T.V,D,20231027,000000,0.02212,0.0225732,0.0215041,0.0219951,17397850.706828006,0
T.V,D,20231028,000000,0.0219751,0.0223811,0.0218546,0.0223436,11365059.355881996,0
T.V,D,20231029,000000,0.0223338,0.0230369,0.0220642,0.022958,11001879.905270087,0
T.V,D,20231030,000000,0.0229778,0.0235501,0.0225065,0.0233875,19185223.21567232,0
T.V,D,20231031,000000,0.0234077,0.0235473,0.0214264,0.0226493,20515870.917218905,0
T.V,D,20231101,000000,0.0227095,0.026515,0.0225888,0.0253481,325888861.5740013,0
T.V,D,20231102,000000,0.0253181,0.0261217,0.0236443,0.0241031,56342405.827596925,0
T.V,D,20231103,000000,0.0241131,0.0243771,0.0228764,0.0242092,29472653.701344095,0
T.V,D,20231104,000000,0.024249,0.0245745,0.0237293,0.0245645,23130938.44985595,0
T.V,D,20231105,000000,0.0245843,0.0247483,0.0235819,0.0237313,19019066.970788002,0
T.V,D,20231106,000000,0.0239091,0.0242868,0.0229584,0.0242868,33711861.27225667,0
T.V,D,20231107,000000,0.0242966,0.0251093,0.0234978,0.0247311,60363348.53476022,0
T.V,D,20231108,000000,0.0247111,0.0256782,0.0246111,0.0256059,31779997.176746402,0
T.V,D,20231109,000000,0.0255856,0.026838,0.0228441,0.0245947,64432238.39999524,0
T.V,D,20231110,000000,0.0245747,0.0255133,0.0242553,0.0253819,25806245.290591244,0
T.V,D,20231111,000000,0.0253929,0.0260257,0.0244149,0.0256967,23604169.613013007,0
T.V,D,20231112,000000,0.0256562,0.0260199,0.0249275,0.0259404,20825730.153465487,0
T.V,D,20231113,000000,0.0259907,0.0265991,0.0252633,0.0253571,14849398.022411726,0
T.V,D,20231114,000000,0.0253371,0.0256356,0.0235521,0.0244434,14932681.29369967,0
T.V,D,20231115,000000,0.0244034,0.0252706,0.0237131,0.0252106,12921311.76371762,0
T.V,D,20231116,000000,0.0252129,0.0254456,0.0236721,0.0241024,15483874.373738008,0
T.V,D,20231117,000000,0.0240931,0.0245227,0.0229616,0.024158,14492014.67983899,0
T.V,D,20231118,000000,0.0241282,0.0246098,0.0230601,0.0243422,43770218.26538133,0
T.V,D,20231119,000000,0.0243822,0.0245308,0.0239632,0.0245308,10829416.377574995,0
T.V,D,20231120,000000,0.0245308,0.0247424,0.0240909,0.0242169,14386688.309792988,0
T.V,D,20231121,000000,0.0242567,0.024326,0.0216184,0.0217985,14530265.515535854,0
T.V,D,20231122,000000,0.0217983,0.0232379,0.0213172,0.0230674,11706464.112720989,0
T.V,D,20231123,000000,0.0230369,0.0232888,0.0224958,0.0230432,17677199.981806997,0
T.V,D,20231124,000000,0.0231032,0.0234882,0.0228523,0.0231185,6391181.180044008,0
T.V,D,20231125,000000,0.0230694,0.0239432,0.0230684,0.023674,9082162.143982023,0
T.V,D,20231126,000000,0.023694,0.024184,0.0230892,0.023599,9932080.950035999,0
T.V,D,20231127,000000,0.023589,0.0236495,0.02233,0.0226102,8722510.983899996,0
T.V,D,20231128,000000,0.0226405,0.0233366,0.022142,0.0232137,9359734.201269144,0
T.V,D,20231129,000000,0.0231634,0.0242345,0.0225115,0.0233528,37186646.3085925,0
T.V,D,20231130,000000,0.0233035,0.0246334,0.0232121,0.0243022,31807020.57707499,0
T.V,D,20231201,000000,0.0242844,0.0254543,0.0238045,0.0241697,26915859.708641056,0
T.V,D,20231202,000000,0.0241694,0.0246311,0.0240618,0.0242809,14292241.743080795,0
T.V,D,20231203,000000,0.0243212,0.0244207,0.0236292,0.0240684,7911566.131579024,0
T.V,D,20231204,000000,0.0240794,0.0260503,0.0235311,0.0254513,106998448.5693865,0
T.V,D,20231205,000000,0.0254218,0.0281277,0.0254218,0.0268332,112850079.02833007,0
T.V,D,20231206,000000,0.0268932,0.0285969,0.0254023,0.0259829,42052965.48729024,0
T.V,D,20231207,000000,0.025951,0.0263634,0.0248732,0.0261089,25001083.778849714,0
T.V,D,20231208,000000,0.0262597,0.0273022,0.0257475,0.0268686,84831626.71852301,0
T.V,D,20231209,000000,0.0268088,0.027458,0.0266175,0.0267972,15106217.280687967,0
T.V,D,20231210,000000,0.0268072,0.0269435,0.0257549,0.0266403,10681786.797723707,0
T.V,D,20231211,000000,0.0266508,0.0267005,0.0234816,0.0243888,31541605.44792998,0
T.V,D,20231212,000000,0.0244085,0.0254419,0.0241499,0.0246491,18389027.520249218,0
T.V,D,20231213,000000,0.0246691,0.0252413,0.0233904,0.0250058,13626217.20242513,0
T.V,D,20231214,000000,0.0250158,0.0261637,0.0247952,0.0261042,25973718.22076301,0
T.V,D,20231215,000000,0.0261042,0.026265,0.0247322,0.0247422,19842627.706272967,0
T.V,D,20231216,000000,0.0247322,0.0252426,0.0239886,0.0249198,12950265.901989998,0
T.V,D,20231217,000000,0.02492,0.02492,0.0240495,0.024255,12294411.617005002,0
T.V,D,20231218,000000,0.0242647,0.0242647,0.0223297,0.0238229,14685538.729431653,0
T.V,D,20231219,000000,0.0239031,0.025019,0.0233674,0.0238378,20237028.73105357,0
T.V,D,20231220,000000,0.0238079,0.0255641,0.0235727,0.0252408,18419192.032650977,0
T.V,D,20231221,000000,0.0252108,0.0258621,0.0248607,0.0257446,10891099.836838486,0
T.V,D,20231222,000000,0.0258049,0.0261006,0.0251135,0.0261006,14276507.103036981,0
T.V,D,20231223,000000,0.0260808,0.0262102,0.0252639,0.0259527,8957509.568800008,0
T.V,D,20231224,000000,0.0259727,0.0267147,0.0251726,0.025817,20863955.817758992,0
T.V,D,20231225,000000,0.0258365,0.0271808,0.0256621,0.0269154,30631636.602655966,0
T.V,D,20231226,000000,0.0269159,0.0272444,0.0252132,0.0262371,26715758.752796,0
T.V,D,20231227,000000,0.0262676,0.0271133,0.0254495,0.0269167,21020828.07639798,0
T.V,D,20231228,000000,0.0269751,0.0274795,0.0258354,0.0262028,17536635.12650458,0
T.V,D,20231229,000000,0.0261813,0.0264324,0.0248717,0.0251648,22209099.03852958,0
T.V,D,20231230,000000,0.0252053,0.02555,0.0245698,0.0248893,15143705.983081384,0
T.V,D,20231231,000000,0.0248793,0.025418,0.0246173,0.0249955,7880628.59938328,0
T.V,D,20240101,000000,0.0248938,0.0258962,0.0246728,0.0258449,15777505.702525476,0
T.V,D,20240102,000000,0.0258549,0.0266892,0.0254364,0.0257595,16300372.74743533,0
T.V,D,20240103,000000,0.0257598,0.0301836,0.0202553,0.0273501,217857413.10089025,0
T.V,D,20240104,000000,0.0273407,0.0318871,0.0257478,0.0306962,215491921.64447704,0
T.V,D,20240105,000000,0.0306862,0.0333633,0.0290991,0.0326154,134801465.87531573,0
T.V,D,20240106,000000,0.0325857,0.0354791,0.0297278,0.0299076,244200982.99706265,0
T.V,D,20240107,000000,0.0298479,0.0303312,0.0264785,0.0265767,99036094.50774999,0
T.V,D,20240108,000000,0.026637,0.039883,0.025943,0.0367026,755793179.1928947,0
T.V,D,20240109,000000,0.0366726,0.0405175,0.0301075,0.0310896,424488763.9135035,0
T.V,D,20240110,000000,0.0309715,0.0366866,0.0309271,0.0336881,199266115.8741962,0
T.V,D,20240111,000000,0.0337388,0.0352969,0.0321922,0.0340614,121122639.46853986,0
T.V,D,20240112,000000,0.0340124,0.0395332,0.0328072,0.0340675,194102399.4328044,0
T.V,D,20240113,000000,0.0340489,0.0358078,0.0323226,0.0354011,70146914.72524832,0
T.V,D,20240114,000000,0.0353315,0.0420195,0.0350761,0.0405601,212451036.85371417,0
T.V,D,20240115,000000,0.0405006,0.0433583,0.0320643,0.0363465,808267073.5369747,0
T.V,D,20240116,000000,0.0362266,0.0367058,0.033251,0.0340845,157694873.05556178,0
T.V,D,20240117,000000,0.0340649,0.0341335,0.0319677,0.0325274,62787513.13490612,0
T.V,D,20240118,000000,0.0324076,0.0337609,0.0304044,0.0311885,69675611.74642192,0
T.V,D,20240119,000000,0.0311288,0.0319702,0.0287615,0.0300802,49348478.57523335,0
T.V,D,20240120,000000,0.0300602,0.0303636,0.0288892,0.0298355,21197572.342198897,0
T.V,D,20240121,000000,0.0299055,0.0301174,0.0294106,0.0296613,14761014.297726005,0
T.V,D,20240122,000000,0.0296813,0.0304196,0.0270286,0.0274006,40894758.07891766,0
T.V,D,20240123,000000,0.0274006,0.0277025,0.0249415,0.0263768,48255848.0048935,0
T.V,D,20240124,000000,0.0264365,0.0273966,0.0259536,0.0270573,60725491.02482921,0
T.V,D,20240125,000000,0.0271159,0.0273491,0.0259813,0.0265954,31237577.283369284,0
T.V,D,20240126,000000,0.0265656,0.0272399,0.0261164,0.0271138,21119165.045522653,0
T.V,D,20240127,000000,0.0271248,0.0272565,0.0265047,0.0271497,13009595.958742412,0
T.V,D,20240128,000000,0.0271397,0.0272845,0.0261682,0.0262758,15295423.355565006,0
T.V,D,20240129,000000,0.0262258,0.0269673,0.0258535,0.02685,14364629.916030386,0
T.V,D,20240130,000000,0.0268403,0.0271589,0.0264492,0.0264492,10295382.186171986,0
T.V,D,20240131,000000,0.0264597,0.0264997,0.0249283,0.0251856,16383380.10957997,0
T.V,D,20240201,000000,0.0251959,0.0252903,0.0243702,0.025023,13049132.553292964,0
T.V,D,20240202,000000,0.0249928,0.0256,0.0249628,0.0253965,10234040.063196003,0
T.V,D,20240203,000000,0.0253858,0.0256889,0.0250207,0.0255113,6259597.524190995,0
T.V,D,20240204,000000,0.0255211,0.0255813,0.0247696,0.0247696,3698382.8017452364,0
T.V,D,20240205,000000,0.0247896,0.0251858,0.024086,0.0247475,9979777.189240983,0
T.V,D,20240206,000000,0.0247376,0.0257834,0.0246786,0.0255821,21098064.312446974,0
T.V,D,20240207,000000,0.0255818,0.0255821,0.0244909,0.0253647,16538620.19514599,0
T.V,D,20240208,000000,0.0253849,0.02582,0.0251729,0.0255554,13509238.719646493,0
T.V,D,20240209,000000,0.0255651,0.0262689,0.0255133,0.0261257,14108813.854712002,0
T.V,D,20240210,000000,0.0261654,0.0263216,0.0255887,0.0261373,6357980.0707939975,0
T.V,D,20240211,000000,0.0261476,0.0280057,0.0259483,0.0268675,99200446.78000595,0
T.V,D,20240212,000000,0.0268778,0.0274321,0.02621,0.0274321,16358466.210212989,0
T.V,D,20240213,000000,0.0274421,0.0276021,0.0260344,0.0267104,23386981.162043978,0
T.V,D,20240214,000000,0.0266804,0.0286655,0.026603,0.0281762,118121617.74964218,0
T.V,D,20240215,000000,0.0281264,0.0320346,0.0275845,0.0298256,326212541.4965741,0
T.V,D,20240216,000000,0.0296758,0.032671,0.0293023,0.0300231,137105409.42511076,0
T.V,D,20240217,000000,0.0300131,0.0308731,0.0283528,0.0291764,41802225.306339994,0
T.V,D,20240218,000000,0.0291964,0.030149,0.0285105,0.0295833,28887937.756417885,0
T.V,D,20240219,000000,0.0295938,0.0301503,0.0291435,0.0300669,26777125.176522624,0
T.V,D,20240220,000000,0.0300772,0.0302948,0.0282273,0.029766,39804530.54449162,0
T.V,D,20240221,000000,0.0297465,0.0297963,0.0276497,0.02844,19439055.60776103,0
T.V,D,20240222,000000,0.02845,0.0294009,0.02815,0.0290601,17172155.542927593,0
T.V,D,20240223,000000,0.0290604,0.0292089,0.0280494,0.028686,16221337.246406987,0
T.V,D,20240224,000000,0.028686,0.0292627,0.0282077,0.0291497,10964352.121805986,0
T.V,D,20240225,000000,0.0291597,0.0296191,0.0287306,0.0292888,13248144.984498998,0
T.V,D,20240226,000000,0.0293185,0.0302697,0.0282228,0.0302697,30838712.790448084,0
T.V,D,20240227,000000,0.0301493,0.032433,0.0298754,0.0316126,107789641.47150807,0
T.V,D,20240228,000000,0.0316527,0.0324896,0.0280921,0.0311018,109225717.45665936,0
T.V,D,20240229,000000,0.0311418,0.03319,0.0307152,0.0314185,75347180.722618,0
T.V,D,20240301,000000,0.0315842,0.034173,0.0315842,0.0340565,41308965.84806501,0
T.V,D,20240302,000000,0.0340258,0.0349674,0.0333233,0.0349342,41932300.81268595,0
T.V,D,20240303,000000,0.0349742,0.035374,0.0306603,0.034055,56712672.684126414,0
T.V,D,20240304,000000,0.034085,0.0347181,0.0329968,0.0347081,58865019.256109215,0
T.V,D,20240305,000000,0.0346981,0.0348829,0.0275146,0.030501,96781371.67610706,0
T.V,D,20240306,000000,0.030461,0.0329353,0.0301156,0.0326279,50039220.82514609,0
T.V,D,20240307,000000,0.0325863,0.035049,0.0324362,0.0350103,39150590.40805018,0
T.V,D,20240308,000000,0.035,0.0364265,0.0331355,0.0347363,44908110.642050475,0
T.V,D,20240309,000000,0.0347363,0.0360688,0.034261,0.0359085,37839824.417391986,0
T.V,D,20240310,000000,0.0359099,0.0387412,0.0354875,0.0359224,60225480.497134805,0
T.V,D,20240311,000000,0.0360293,0.0397087,0.0343842,0.0386673,82542286.04859057,0
T.V,D,20240312,000000,0.0386473,0.0423414,0.0370744,0.0397136,143466662.8388735,0
T.V,D,20240313,000000,0.0396928,0.0408823,0.0384573,0.0396138,34576547.61389501,0
T.V,D,20240314,000000,0.0396998,0.0398499,0.0355327,0.0378967,22499281.128210925,0
T.V,D,20240315,000000,0.0379063,0.0384473,0.0337511,0.0368037,114649522.43356644,0
T.V,D,20240316,000000,0.0367337,0.0373137,0.034058,0.0344989,59153249.085609145,0
T.V,D,20240317,000000,0.0344404,0.0363008,0.0330298,0.0358606,67260963.43458387,0
T.V,D,20240318,000000,0.0358906,0.035962,0.0340346,0.0346376,36155187.74235089,0
T.V,D,20240319,000000,0.0347276,0.0353965,0.0312959,0.0313159,47221054.72181502,0
T.V,D,20240320,000000,0.0315119,0.0339985,0.0295662,0.0338197,48686504.90519298,0
T.V,D,20240321,000000,0.0344648,0.0363471,0.0343459,0.0349516,19310420.15228801,0
T.V,D,20240322,000000,0.034982,0.0378696,0.0346724,0.0359379,62487240.52341279,0
T.V,D,20240323,000000,0.0359079,0.0418204,0.034948,0.04048,120622827.15203652,0
T.V,D,20240324,000000,0.04048,0.04087,0.0369107,0.0382573,87007659.87750664,0
T.V,D,20240325,000000,0.0382477,0.0397587,0.0370111,0.0390255,55688237.67293389,0
T.V,D,20240326,000000,0.0390159,0.0556611,0.0388874,0.0526705,1534470522.9050355,0
T.V,D,20240327,000000,0.0527311,0.065896,0.0526111,0.0573793,2238647226.9335103,0
T.V,D,20240328,000000,0.0574093,0.0592397,0.0508756,0.052461,369228509.8589347,0
T.V,D,20240329,000000,0.052451,0.0527805,0.0476757,0.0484032,174133782.7345494,0
T.V,D,20240330,000000,0.0483232,0.0522393,0.0482732,0.0489591,319717341.3801349,0
T.V,D,20240331,000000,0.0488181,0.0559567,0.0478401,0.0507061,415035925.87223744,0
T.V,D,20240401,000000,0.0506961,0.0559445,0.0477605,0.0492587,590255975.1156467,0
T.V,D,20240402,000000,0.0493082,0.0501215,0.0441109,0.0444878,261195517.0937689,0
T.V,D,20240403,000000,0.0444578,0.045731,0.0419872,0.0430625,90990570.84191667,0
T.V,D,20240404,000000,0.0430521,0.0474742,0.041457,0.0464712,127922137.66498987,0
T.V,D,20240405,000000,0.0464311,0.0464311,0.0429207,0.0451053,64773660.70255391,0
T.V,D,20240406,000000,0.045124,0.0466114,0.0439332,0.0443406,84460823.79404321,0
T.V,D,20240407,000000,0.0443311,0.0468391,0.0443311,0.0454636,74762819.22975184,0
T.V,D,20240408,000000,0.0454636,0.0480451,0.0440796,0.0476471,105440720.74140611,0
T.V,D,20240409,000000,0.0475676,0.0532168,0.0470791,0.0493173,541781542.0078595,0
T.V,D,20240410,000000,0.0493473,0.0512795,0.0454923,0.048169,81871198.36616799,0
T.V,D,20240411,000000,0.048239,0.0490795,0.04527,0.0456232,39137875.85384196,0
T.V,D,20240412,000000,0.0456032,0.0461932,0.0358085,0.0382934,72977968.81452444,0
T.V,D,20240413,000000,0.0382311,0.0391368,0.0288777,0.0311852,99077699.27936645,0
T.V,D,20240414,000000,0.0312153,0.0350575,0.0307352,0.03337,89573001.54816103,0
T.V,D,20240415,000000,0.0335401,0.0365996,0.032006,0.0335457,42807077.18308395,0
T.V,D,20240416,000000,0.0334657,0.0338968,0.0314241,0.0335667,21069196.024664994,0
T.V,D,20240417,000000,0.033497,0.0338744,0.03144,0.0331064,13546848.352372926,0
T.V,D,20240418,000000,0.0329067,0.0338427,0.0315963,0.03348,14721493.679053998,0
T.V,D,20240419,000000,0.03351,0.0345159,0.0305634,0.0341509,23814335.110538986,0
T.V,D,20240420,000000,0.0341913,0.0381549,0.0330732,0.036641,154219588.23473334,0
T.V,D,20240421,000000,0.0366306,0.039415,0.0364124,0.037686,67667164.44389884,0
T.V,D,20240422,000000,0.0376664,0.0390713,0.0370659,0.0388717,24183585.95845897,0
T.V,D,20240423,000000,0.0388717,0.0390605,0.0373157,0.0379408,18964969.98721096,0
T.V,D,20240424,000000,0.0379592,0.0382719,0.0347353,0.0354773,16566796.084916014,0
T.V,D,20240425,000000,0.0354573,0.0355394,0.0334696,0.0352395,11225578.537560385,0
T.V,D,20240426,000000,0.0352296,0.0352641,0.0336866,0.03464,8982935.720871996,0
T.V,D,20240427,000000,0.0346065,0.0378259,0.0328239,0.0358877,171083569.85489133,0
T.V,D,20240428,000000,0.0358777,0.0437412,0.0356657,0.0384569,327404191.04968643,0
T.V,D,20240429,000000,0.0385038,0.0386761,0.0349095,0.0350595,49279420.48018631,0
T.V,D,20240430,000000,0.0350695,0.0360438,0.0319315,0.0332667,29961942.535569705,0
T.V,D,20240501,000000,0.0332667,0.0350735,0.0318527,0.0346779,33155876.983883657,0
T.V,D,20240502,000000,0.0346979,0.0355487,0.0335258,0.0350714,23399190.405982032,0
T.V,D,20240503,000000,0.0351318,0.0363882,0.0342834,0.0362952,13712076.92089799,0
T.V,D,20240504,000000,0.0362852,0.0376615,0.0358175,0.0373334,25598726.08237801,0
T.V,D,20240505,000000,0.0372837,0.0383038,0.0361947,0.0378742,24362071.404320996,0
T.V,D,20240506,000000,0.0378542,0.0388996,0.0368526,0.0375408,21230702.604258023,0
T.V,D,20240507,000000,0.0374707,0.037644,0.0361289,0.0362689,13700874.601713989,0
T.V,D,20240508,000000,0.0362985,0.0364191,0.0349562,0.0358085,9797822.401024994,0
T.V,D,20240509,000000,0.0358085,0.0368178,0.0350956,0.0365945,5112030.792194997,0
T.V,D,20240510,000000,0.0366741,0.0381562,0.0349443,0.0352994,22359522.496432006,0
T.V,D,20240511,000000,0.035329,0.0372714,0.0350895,0.036442,42840858.96937405,0
T.V,D,20240512,000000,0.036532,0.0365901,0.0355079,0.0357046,7123504.596875011,0
T.V,D,20240513,000000,0.0357146,0.0359535,0.03348,0.0350961,14148132.689955004,0
T.V,D,20240514,000000,0.0351365,0.0356832,0.0339293,0.0342394,29720209.64315269,0
T.V,D,20240515,000000,0.0342773,0.0365767,0.0337591,0.0364215,11458876.945518995,0
T.V,D,20240516,000000,0.0363714,0.0376349,0.0358404,0.0369633,17325176.469843145,0
T.V,D,20240517,000000,0.0369133,0.038355,0.0363922,0.0379929,6414687.108008799,0
T.V,D,20240518,000000,0.0379629,0.0382407,0.0371085,0.0375664,6453809.440415509,0
T.V,D,20240519,000000,0.0374964,0.0381042,0.0357696,0.0359775,10392018.033762554,0
T.V,D,20240520,000000,0.0359778,0.0395037,0.03562,0.0391849,14216557.080432987,0
T.V,D,20240521,000000,0.0392349,0.04005,0.0383746,0.0391314,14153353.745134452,0
T.V,D,20240522,000000,0.0392398,0.0393386,0.0377943,0.0386934,10442753.211950611,0
T.V,D,20240523,000000,0.0386934,0.0389259,0.0356443,0.0377558,20026346.780103978,0
T.V,D,20240524,000000,0.0377858,0.0384546,0.0366897,0.0381454,8092521.951645992,0
T.V,D,20240525,000000,0.0381454,0.0386692,0.0379628,0.0383623,6243438.429879362,0
T.V,D,20240526,000000,0.0383823,0.0393933,0.0372588,0.037515,8936683.804515611,0
T.V,D,20240527,000000,0.0376153,0.0385287,0.0367587,0.0377215,17229760.682750992,0
T.V,D,20240528,000000,0.0376519,0.0378414,0.0361747,0.0367414,13595348.3455281,0
T.V,D,20240529,000000,0.0367115,0.037155,0.0359237,0.0362001,9544990.568214973,0
T.V,D,20240530,000000,0.0361602,0.036656,0.0347226,0.0353473,14322065.0905777,0
T.V,D,20240531,000000,0.0353676,0.0357693,0.034522,0.0351082,9068601.348046016,0
T.V,D,20240601,000000,0.0351481,0.0352277,0.0345895,0.0349689,10424012.37057731,0
T.V,D,20240602,000000,0.0350384,0.0357885,0.0345589,0.0348115,10374059.611821001,0
T.V,D,20240603,000000,0.0348312,0.0364201,0.0347095,0.0351444,14766735.196313752,0
T.V,D,20240604,000000,0.035104,0.0352911,0.034016,0.03523,11956235.5276988,0
T.V,D,20240605,000000,0.03518,0.0363527,0.03518,0.0361636,12732398.276577033,0
T.V,D,20240606,000000,0.0361636,0.0362711,0.0344283,0.0348688,8644725.796432989,0
T.V,D,20240607,000000,0.0348585,0.0354736,0.0301655,0.032288,20593843.370938983,0
T.V,D,20240608,000000,0.0322281,0.0326147,0.0306939,0.0308766,12416238.025251975,0
T.V,D,20240609,000000,0.0308663,0.0313472,0.030287,0.0312962,8341310.981440589,0
T.V,D,20240610,000000,0.0311953,0.0312859,0.0302412,0.0304012,4708245.939889993,0
T.V,D,20240611,000000,0.0304215,0.0306256,0.0284855,0.0291633,11275447.376894021,0
T.V,D,20240612,000000,0.0292036,0.0309285,0.0282472,0.03027,6624376.8626290085,0
T.V,D,20240613,000000,0.0303197,0.0303197,0.0282307,0.0284886,9981778.89974349,0
T.V,D,20240614,000000,0.0284786,0.0291208,0.0268436,0.0277003,11618996.798780989,0
T.V,D,20240615,000000,0.0276906,0.0281031,0.027164,0.0275043,4197171.896378998,0
T.V,D,20240616,000000,0.0275043,0.0276681,0.0269533,0.0272779,3500786.958461999,0
T.V,D,20240617,000000,0.0273581,0.0277536,0.0235456,0.0244787,25210568.61251694,0
T.V,D,20240618,000000,0.0244385,0.0245287,0.0210062,0.0223677,21619699.624183066,0
T.V,D,20240619,000000,0.0222977,0.0236113,0.022278,0.0233207,10790739.26226899,0
T.V,D,20240620,000000,0.0232307,0.0245599,0.0228811,0.0235021,13833569.89440606,0
T.V,D,20240621,000000,0.0235526,0.0239347,0.0228394,0.0232453,8695083.514733005,0
T.V,D,20240622,000000,0.0232958,0.023326,0.022819,0.0230808,4293470.904520637,0
T.V,D,20240623,000000,0.0230908,0.0235689,0.0225953,0.0229242,5635115.860793,0
T.V,D,20240624,000000,0.0228345,0.0228415,0.0213168,0.0225136,17377939.933249064,0
T.V,D,20240625,000000,0.0225833,0.0240416,0.0225149,0.0236957,13962259.532522969,0
T.V,D,20240626,000000,0.0237041,0.0239823,0.0229931,0.0233344,12801694.252399992,0
T.V,D,20240627,000000,0.0233148,0.023766,0.0223492,0.0234766,7629986.932320442,0
T.V,D,20240628,000000,0.0234293,0.0239013,0.0230357,0.0231141,8928727.093259847,0
T.V,D,20240629,000000,0.023094,0.0233574,0.0225132,0.0226412,5315297.772458001,0
T.V,D,20240630,000000,0.0226113,0.0232242,0.022204,0.0230059,5609903.889207589,0
T.V,D,20240701,000000,0.0230542,0.0236167,0.0226201,0.0232641,5628366.553303141,0
T.V,D,20240702,000000,0.0232249,0.0233503,0.0226911,0.0229432,4741438.027487917,0
T.V,D,20240703,000000,0.0229432,0.0230034,0.0214761,0.0217259,5232328.590770696,0
T.V,D,20240704,000000,0.0217059,0.021786,0.019714,0.0203486,7466364.140977996,0
T.V,D,20240705,000000,0.0203486,0.0203786,0.0170254,0.0189709,20848463.117236678,0
T.V,D,20240706,000000,0.0189215,0.0202416,0.0187723,0.0200604,8538668.650515689,0
T.V,D,20240707,000000,0.0201108,0.0202414,0.0189681,0.0191579,5809706.605282108,0
T.V,D,20240708,000000,0.0191981,0.0201664,0.0179491,0.0194684,20976614.52454283,0
T.V,D,20240709,000000,0.0194383,0.0203598,0.0193171,0.0203098,3942126.0079399957,0
T.V,D,20240710,000000,0.0202598,0.0209138,0.0201162,0.0203184,18467866.637652013,0
T.V,D,20240711,000000,0.0203484,0.0209598,0.0201694,0.0205894,5412579.478891504,0
T.V,D,20240712,000000,0.0205296,0.0206856,0.0198902,0.0206441,4768212.222218998,0
T.V,D,20240713,000000,0.0206139,0.0209738,0.0205664,0.0207837,2661817.200529,0
T.V,D,20240714,000000,0.0207735,0.0214841,0.0207035,0.0214279,7565387.674440917,0
T.V,D,20240715,000000,0.0214279,0.0225635,0.0213977,0.0225213,9481640.169707004,0
T.V,D,20240716,000000,0.0225424,0.0235975,0.0219864,0.0234259,10537995.773173809,0
T.V,D,20240717,000000,0.0234259,0.0239429,0.0231946,0.0234521,10025704.397854,0
T.V,D,20240718,000000,0.0234621,0.0242241,0.0227364,0.0230054,13863083.30305901,0
T.V,D,20240719,000000,0.0230352,0.0256238,0.0228854,0.0243302,63566385.07066399,0
T.V,D,20240720,000000,0.0243502,0.0258929,0.0243422,0.0247604,26225583.020354006,0
T.V,D,20240721,000000,0.0247807,0.0248572,0.0234224,0.0247349,7452348.294141998,0
T.V,D,20240722,000000,0.0247452,0.0248922,0.0236531,0.0238972,5904413.030891001,0
T.V,D,20240723,000000,0.0238472,0.0241198,0.0228821,0.0230328,9909046.854321029,0
T.V,D,20240724,000000,0.0230028,0.0236042,0.0226377,0.0229159,5068244.108511,0
T.V,D,20240725,000000,0.0229159,0.0229159,0.0210449,0.0219534,7471523.419945899,0
T.V,D,20240726,000000,0.0219541,0.0231495,0.0218645,0.0231198,4487851.240199011,0
T.V,D,20240727,000000,0.02317,0.0276736,0.0230407,0.0257795,207138666.46289453,0
T.V,D,20240728,000000,0.0257926,0.0257982,0.0239971,0.0240578,27491628.708654005,0
T.V,D,20240729,000000,0.0240476,0.024875,0.0237921,0.0241171,8869690.898742184,0
T.V,D,20240730,000000,0.0241571,0.0242169,0.0229831,0.0231431,6658687.0093199955,0
T.V,D,20240731,000000,0.0231131,0.0238029,0.0224221,0.0226712,19902071.05712301,0
T.V,D,20240801,000000,0.0226328,0.0226527,0.0206801,0.0216905,11310133.63798401,0
T.V,D,20240802,000000,0.0216926,0.0220599,0.0204508,0.0207563,4979637.466760995,0
T.V,D,20240803,000000,0.0206562,0.0208976,0.0196168,0.0198273,8720785.615773793,0
T.V,D,20240804,000000,0.0198777,0.0201471,0.0183242,0.0190743,15436558.813281003,0
T.V,D,20240805,000000,0.0190343,0.0192244,0.0152388,0.0173033,31436161.678388998,0
T.V,D,20240806,000000,0.0173033,0.0184539,0.0172729,0.0182769,5957495.334944995,0
T.V,D,20240807,000000,0.0183168,0.0189076,0.0176832,0.0178916,4314579.189036996,0
T.V,D,20240808,000000,0.0178818,0.019974,0.0175923,0.019866,17167055.048168585,0
T.V,D,20240809,000000,0.019876,0.0202643,0.0196741,0.0199062,5341551.015659204,0
T.V,D,20240810,000000,0.0198369,0.0238245,0.0198369,0.0229344,101661671.54799001,0
T.V,D,20240811,000000,0.0228143,0.0301639,0.0220329,0.0250525,489083288.568525,0
T.V,D,20240812,000000,0.0249725,0.0255436,0.0230867,0.0240526,165399025.00312376,0
T.V,D,20240813,000000,0.0241124,0.0247125,0.0228462,0.0234128,22777562.79833697,0
T.V,D,20240814,000000,0.0233826,0.0237569,0.022032,0.0220818,33308596.91126205,0
T.V,D,20240815,000000,0.021922,0.02541,0.0217717,0.0228941,205794738.7138009,0
T.V,D,20240816,000000,0.0228841,0.0236945,0.0216941,0.0230465,47206370.26262194,0
T.V,D,20240817,000000,0.0230362,0.0236457,0.022144,0.022372,24780219.816525012,0
T.V,D,20240818,000000,0.0223918,0.022602,0.0219602,0.0220544,15107031.543730998,0
T.V,D,20240819,000000,0.0220844,0.0227941,0.0214815,0.0225447,24213694.683606986,0
T.V,D,20240820,000000,0.022585,0.023861,0.0225436,0.02304,31347292.011259053,0
T.V,D,20240821,000000,0.0230205,0.0237309,0.0224611,0.0232621,28410982.095023,0
T.V,D,20240822,000000,0.0232916,0.0237145,0.0228246,0.0232512,48644297.846851975,0
T.V,D,20240823,000000,0.0232912,0.0251923,0.0231821,0.0251001,30224922.712125074,0
T.V,D,20240824,000000,0.0251098,0.0260156,0.0248537,0.0249882,30880943.29068601,0
T.V,D,20240825,000000,0.0250573,0.0252873,0.0237683,0.0244183,13244056.447415002,0
T.V,D,20240826,000000,0.0243985,0.0244586,0.0227846,0.0229839,11597009.964370985,0
T.V,D,20240827,000000,0.0229339,0.0233521,0.0213487,0.02155,31805470.132564276,0
T.V,D,20240828,000000,0.0215302,0.0218702,0.0206016,0.0213417,11241950.675557984,0
T.V,D,20240829,000000,0.0212719,0.0222149,0.0210421,0.0219396,27336314.354770016,0
T.V,D,20240830,000000,0.0218993,0.0220582,0.020935,0.0217972,13858803.604128009,0
T.V,D,20240831,000000,0.0217772,0.0224678,0.0216761,0.0221058,19968245.82777539,0
T.V,D,20240901,000000,0.0220922,0.0223155,0.0208269,0.0211062,10019679.868216002,0
T.V,D,20240902,000000,0.0210164,0.0217972,0.0204984,0.0213966,5549526.717756062,0
T.V,D,20240903,000000,0.0214264,0.0218285,0.0203814,0.0204855,11957013.162378917,0
T.V,D,20240904,000000,0.0205059,0.0213089,0.0193354,0.0210673,11345153.65580701,0
T.V,D,20240905,000000,0.0210979,0.0211479,0.0199848,0.0201327,8719585.977179985,0
T.V,D,20240906,000000,0.0201128,0.0206863,0.0189701,0.0193995,9311552.804249002,0
T.V,D,20240907,000000,0.0194699,0.020308,0.0194338,0.019968,5032888.053299996,0
T.V,D,20240908,000000,0.019888,0.0203945,0.0197884,0.0201782,2911896.3900500005,0
T.V,D,20240909,000000,0.020268,0.0213128,0.0202294,0.0212638,4973180.6506400695,0
T.V,D,20240910,000000,0.0213006,0.0215078,0.0208992,0.0213585,2517607.060667001,0
T.V,D,20240911,000000,0.0213383,0.0217289,0.0203663,0.0209719,12803569.964249996,0
T.V,D,20240912,000000,0.0209619,0.0215398,0.0208717,0.0214583,5520202.095187,0
T.V,D,20240913,000000,0.0214383,0.0220048,0.0213691,0.0219001,10287072.829696001,0
T.V,D,20240914,000000,0.0219488,0.0224435,0.0214366,0.0217139,11903504.735101026,0
T.V,D,20240915,000000,0.0216739,0.0222827,0.0213928,0.0215102,11726642.868958002,0
T.V,D,20240916,000000,0.0215102,0.0215186,0.0208258,0.0209958,8325322.560938995,0
T.V,D,20240917,000000,0.0209979,0.02216,0.020856,0.021992,8457802.197176998,0
T.V,D,20240918,000000,0.0219722,0.0219722,0.02073,0.0215606,13296407.047369998,0
T.V,D,20240919,000000,0.0216006,0.0232458,0.0215609,0.0228727,8259010.755682007,0
T.V,D,20240920,000000,0.0228425,0.0253318,0.0227923,0.0241314,58203874.79665904,0
T.V,D,20240921,000000,0.0241422,0.0260913,0.0241422,0.0248325,43240655.37734094,0
T.V,D,20240922,000000,0.0248225,0.0256921,0.0235198,0.02363,16277627.801898003,0
T.V,D,20240923,000000,0.0234819,0.0250072,0.0234519,0.024709,19869667.828984197,0
T.V,D,20240924,000000,0.0246988,0.0251275,0.0242161,0.0250285,10377720.19210099,0
T.V,D,20240925,000000,0.025099,0.0264568,0.0250492,0.0260956,17636488.937465996,0
T.V,D,20240926,000000,0.0261058,0.0265411,0.0251432,0.0261023,10288559.653660996,0
T.V,D,20240927,000000,0.0260926,0.027113,0.0260636,0.0264045,9764815.338082988,0
T.V,D,20240928,000000,0.0264348,0.0272233,0.0256136,0.0258031,23879190.92115903,0
T.V,D,20240929,000000,0.0257948,0.0266206,0.0255126,0.0264058,3807367.374225997,0
T.V,D,20240930,000000,0.0264253,0.02691,0.0249558,0.025112,10192518.393481983,0
T.V,D,20241001,000000,0.0250325,0.0255059,0.0223038,0.0228443,10841427.688086,0
T.V,D,20241002,000000,0.0227541,0.0233749,0.0217183,0.0221242,18539874.719035003,0
T.V,D,20241003,000000,0.022084,0.0225266,0.0215368,0.0222875,12688928.973888004,0
T.V,D,20241004,000000,0.0222273,0.0232172,0.0220569,0.0230998,7000201.659531999,0
T.V,D,20241005,000000,0.0230595,0.024699,0.0230486,0.0239564,12875405.383387055,0
T.V,D,20241006,000000,0.0239064,0.0245673,0.0237671,0.0244059,6376126.588436001,0
T.V,D,20241007,000000,0.0243561,0.0250525,0.0239138,0.0243527,10159124.479885004,0
T.V,D,20241008,000000,0.0243425,0.0243427,0.0234273,0.0238528,5718485.744796003,0
T.V,D,20241009,000000,0.0237034,0.0239551,0.0225,0.0228297,3506916.3772679996,0
T.V,D,20241010,000000,0.0227918,0.0229431,0.0219204,0.0224757,8398879.519575,0
T.V,D,20241011,000000,0.0224757,0.0240069,0.0223878,0.0240069,8869862.681437008,0
T.V,D,20241012,000000,0.0240369,0.0245226,0.0237898,0.0244327,8771503.918119997,0
T.V,D,20241013,000000,0.0244227,0.0244424,0.0229485,0.0232702,4907593.315106798,0
T.V,D,20241014,000000,0.0233283,0.0243076,0.0230503,0.0239962,5467205.418101063,0
T.V,D,20241015,000000,0.0240264,0.0248126,0.0230938,0.0238938,27092443.899214044,0
T.V,D,20241016,000000,0.0238638,0.0242947,0.0236222,0.0238448,6901900.807339999,0
T.V,D,20241017,000000,0.0238852,0.0239752,0.0228927,0.0230919,4582441.262227002,0
T.V,D,20241018,000000,0.0231569,0.0239871,0.0231569,0.0238269,6875300.8306666,0
T.V,D,20241019,000000,0.0238069,0.0243659,0.0235983,0.0238845,5476794.3020600015,0
T.V,D,20241020,000000,0.0238245,0.0251665,0.0237781,0.0250417,24948798.94137602,0
T.V,D,20241021,000000,0.0250617,0.026447,0.0244797,0.0249698,50228747.99589398,0
T.V,D,20241022,000000,0.0249395,0.0251482,0.0237151,0.0241029,8549330.910519997,0
T.V,D,20241023,000000,0.0241426,0.0243829,0.0224186,0.0229954,8491786.466233,0
T.V,D,20241024,000000,0.0229854,0.0236632,0.0228685,0.0234952,7084344.035125993,0
T.V,D,20241025,000000,0.0235054,0.0235252,0.0223696,0.0228091,17698665.955232006,0
T.V,D,20241026,000000,0.0228089,0.0228388,0.0214187,0.0223791,16482446.069601007,0
T.V,D,20241027,000000,0.0224406,0.0225992,0.02203,0.0224796,4826249.60798128,0
T.V,D,20241028,000000,0.0225075,0.0225642,0.0216233,0.0223344,5041471.415986002,0
T.V,D,20241029,000000,0.0223743,0.0233765,0.0222746,0.0232721,9726748.611886512,0
T.V,D,20241030,000000,0.0232528,0.023323,0.0227002,0.0227827,4455428.661560801,0
T.V,D,20241031,000000,0.0227827,0.0228422,0.0212606,0.0215118,7519861.859807999,0
T.V,D,20241101,000000,0.0215018,0.0216694,0.0205375,0.0207257,9125387.168659994,0
T.V,D,20241102,000000,0.0207057,0.0209799,0.0200442,0.0201042,8929842.662476001,0
T.V,D,20241103,000000,0.0200344,0.0201034,0.0190135,0.0197623,8921243.785967194,0
T.V,D,20241104,000000,0.0196927,0.0198677,0.0187966,0.019265,9439352.559970008,0
T.V,D,20241105,000000,0.0191971,0.0203349,0.0191377,0.0200976,4304055.109840003,0
T.V,D,20241106,000000,0.0201076,0.0214929,0.0200678,0.0214929,11336852.878585994,0
T.V,D,20241107,000000,0.0214629,0.0218707,0.0209501,0.0213707,12457896.954905996,0
T.V,D,20241108,000000,0.0214207,0.0216436,0.0208569,0.021524,27330217.199442092,0
T.V,D,20241109,000000,0.0215338,0.0227677,0.0214137,0.0224367,28263606.77030197,0
T.V,D,20241110,000000,0.0224165,0.024294,0.0221308,0.0234329,21888017.707015004,0
T.V,D,20241111,000000,0.0234229,0.0248886,0.0229477,0.0248886,17589106.07298298,0
T.V,D,20241112,000000,0.0249186,0.0277964,0.0237011,0.0254065,140197533.4952788,0
T.V,D,20241113,000000,0.0253262,0.0260442,0.0233948,0.0248673,59929417.574540794,0
T.V,D,20241114,000000,0.0247872,0.0260112,0.0233547,0.0240719,27235174.709223997,0
T.V,D,20241115,000000,0.0239229,0.0247674,0.0228164,0.0247672,26691536.421959247,0
T.V,D,20241116,000000,0.0246972,0.0261002,0.0246467,0.0260191,9246729.717706995,0
T.V,D,20241117,000000,0.0259191,0.0267518,0.02441,0.024651,14788615.45808102,0
T.V,D,20241118,000000,0.024621,0.026868,0.024481,0.0265339,14542035.485643985,0
T.V,D,20241119,000000,0.0265241,0.0375289,0.0262589,0.0303382,766576724.3666211,0
T.V,D,20241120,000000,0.0303585,0.0303986,0.0266819,0.0273188,183155865.92640033,0
T.V,D,20241121,000000,0.0273088,0.0274896,0.0258422,0.0273159,40650308.41547985,0
T.V,D,20241122,000000,0.0273059,0.0278267,0.0263029,0.027258,22631183.37690789,0
T.V,D,20241123,000000,0.0272483,0.0293421,0.0272313,0.028701,25895101.958529033,0
T.V,D,20241124,000000,0.028701,0.0363953,0.0283906,0.0313213,331839946.7486002,0
T.V,D,20241125,000000,0.0313113,0.0324292,0.0297211,0.0306023,44530509.95948988,0
T.V,D,20241126,000000,0.0306336,0.033156,0.0295397,0.0320281,85993945.80804661,0
T.V,D,20241127,000000,0.0320581,0.034633,0.032044,0.0339739,84546945.20280826,0
T.V,D,20241128,000000,0.034014,0.0341407,0.0316863,0.0326716,25379085.96161194,0
T.V,D,20241129,000000,0.032652,0.0335641,0.0318729,0.0335545,15817748.878088003,0
T.V,D,20241130,000000,0.0335745,0.0345338,0.0327441,0.0340836,22278764.83729579,0
T.V,D,20241201,000000,0.0341036,0.0349455,0.0329168,0.0345876,19034434.902186535,0
T.V,D,20241202,000000,0.034618,0.0348209,0.0312309,0.033472,19698862.13772399,0
T.V,D,20241203,000000,0.033442,0.0361996,0.031939,0.0361138,45829862.53269863,0
T.V,D,20241204,000000,0.0361535,0.0398275,0.0352636,0.0385916,56608350.82957384,0
T.V,D,20241205,000000,0.0387222,0.0387422,0.0354484,0.0367325,17326691.44171301,0
T.V,D,20241206,000000,0.0367058,0.0382733,0.0352812,0.037794,25703412.158935968,0
T.V,D,20241207,000000,0.0376634,0.0431083,0.0367521,0.0401881,178194230.47047523,0
T.V,D,20241208,000000,0.0401081,0.0406429,0.037969,0.0389918,19517927.30326609,0
T.V,D,20241209,000000,0.0390819,0.0393316,0.0290222,0.0315595,27682193.899134286,0
T.V,D,20241210,000000,0.0315795,0.0324784,0.0277444,0.0305253,21898690.31821993,0
T.V,D,20241211,000000,0.0305353,0.0325363,0.0287461,0.0324462,11673567.022722928,0
T.V,D,20241212,000000,0.0325159,0.0341243,0.0319117,0.0332676,12730968.994242795,0
T.V,D,20241213,000000,0.0332156,0.0342232,0.0319513,0.0323361,22934399.311990008,0
T.V,D,20241214,000000,0.0323661,0.0337417,0.0307788,0.0313372,25263907.954341687,0
T.V,D,20241215,000000,0.0314669,0.0322261,0.0310966,0.0319423,42018171.474784926,0
T.V,D,20241216,000000,0.0319636,0.0337461,0.031677,0.0328092,51201883.32460336,0
T.V,D,20241217,000000,0.0328192,0.033465,0.03242,0.0326461,86163559.126004,0
T.V,D,20241218,000000,0.0325471,0.0332087,0.0278705,0.0289284,29903715.88591033,0
T.V,D,20241219,000000,0.0289084,0.0296519,0.0259317,0.0277295,16358446.108123908,0
T.V,D,20241220,000000,0.0275252,0.0287907,0.0248414,0.0286608,27193261.279542014,0
T.V,D,20241221,000000,0.0286919,0.0301255,0.0266553,0.0267945,12630756.277341,0
T.V,D,20241222,000000,0.026695,0.0283804,0.026492,0.0273777,7589711.1885755,0
T.V,D,20241223,000000,0.0273874,0.0296981,0.0268272,0.0294317,20943205.562188003,0
T.V,D,20241224,000000,0.0296003,0.0303702,0.0285779,0.0300871,12723776.271043994,0
T.V,D,20241225,000000,0.0300901,0.0303636,0.0288951,0.0290538,9969418.972163,0
T.V,D,20241226,000000,0.029134,0.0292751,0.0263021,0.0267114,9510781.143692007,0
T.V,D,20241227,000000,0.0266202,0.0276981,0.0262976,0.0264913,7403004.177517308,0
T.V,D,20241228,000000,0.0264913,0.0284983,0.0264114,0.0282765,25130544.57348,0
T.V,D,20241229,000000,0.0282967,0.0285209,0.0267178,0.0268279,9576233.590989893,0
T.V,D,20241230,000000,0.0269074,0.0286761,0.0267976,0.02758,16205765.243141027,0
T.V,D,20241231,000000,0.0274796,0.0278418,0.0266452,0.0267,6982669.860119003,0
T.V,D,20250101,000000,0.0267901,0.0275146,0.0261594,0.0274927,5160095.597725007,0
T.V,D,20250102,000000,0.027483,0.0283374,0.0273524,0.0277017,5029366.706785798,0
T.V,D,20250103,000000,0.0277117,0.0291392,0.0273578,0.0290992,5298688.3482709965,0
T.V,D,20250104,000000,0.0291166,0.0312138,0.0288996,0.0297546,58457653.5481911,0
T.V,D,20250105,000000,0.0297743,0.0300628,0.0291945,0.0297626,7253027.112711011,0
T.V,D,20250106,000000,0.0297602,0.0313116,0.0293038,0.0308286,9072274.568220986,0
T.V,D,20250107,000000,0.0307408,0.031784,0.0273921,0.0276861,17329152.361226995,0
T.V,D,20250108,000000,0.0276561,0.0283024,0.0263937,0.0279225,17541043.497440998,0
T.V,D,20250109,000000,0.0280213,0.0298394,0.027893,0.0292282,35133231.80300698,0
T.V,D,20250110,000000,0.0291882,0.032878,0.0283743,0.0304636,81847660.96532103,0
T.V,D,20250111,000000,0.0304833,0.0318992,0.0299537,0.0306853,43849418.06219096,0
T.V,D,20250112,000000,0.0307053,0.0311735,0.0296052,0.0296422,12286242.034824004,0
T.V,D,20250113,000000,0.0297022,0.031037,0.0262261,0.028458,18817500.833983995,0
T.V,D,20250114,000000,0.0284078,0.0291898,0.0277375,0.029138,8152423.191924002,0
T.V,D,20250115,000000,0.0291281,0.0299393,0.0281473,0.0299112,9835674.28951001,0
T.V,D,20250116,000000,0.0299309,0.0303742,0.0291498,0.0292633,11679781.420945002,0
T.V,D,20250117,000000,0.029253,0.0305428,0.0292247,0.0304497,7048463.990116998,0
T.V,D,20250118,000000,0.0304497,0.0305213,0.0281109,0.0283339,8173717.772859561,0
T.V,D,20250119,000000,0.0283342,0.0290207,0.0258723,0.0264787,16113652.112552397,0
T.V,D,20250120,000000,0.0266309,0.0283517,0.025323,0.026387,15228449.381094083,0
T.V,D,20250121,000000,0.0263497,0.0270189,0.024991,0.026714,7456426.1638300065,0
T.V,D,20250122,000000,0.0263826,0.0268344,0.0257438,0.0257438,4911451.966948004,0
T.V,D,20250123,000000,0.0256641,0.0259934,0.02488,0.0255454,5081049.334411001,0
T.V,D,20250124,000000,0.0254871,0.0260503,0.0246973,0.0251413,4280894.769900997,0
T.V,D,20250125,000000,0.0251115,0.0267555,0.0247288,0.026165,21552493.12905,0
T.V,D,20250126,000000,0.026115,0.0267428,0.0258753,0.0259848,7425003.778507998,0
T.V,D,20250127,000000,0.0259061,0.0259061,0.023214,0.0247118,5179581.174755429,0
T.V,D,20250128,000000,0.0247455,0.0248653,0.0231782,0.0234652,3591524.267575001,0
T.V,D,20250129,000000,0.023445,0.0252272,0.0232774,0.0248493,16382828.414806003,0
T.V,D,20250130,000000,0.0246995,0.0257887,0.0244495,0.0253725,5359024.237953995,0
T.V,D,20250131,000000,0.0254115,0.0257834,0.0244241,0.0244241,6240835.802113,0
T.V,D,20250201,000000,0.0245131,0.0248443,0.023814,0.0238943,14243835.38539118,0
T.V,D,20250202,000000,0.0238543,0.0247148,0.0224309,0.0230733,29761392.618524007,0
T.V,D,20250203,000000,0.023173,0.024106,0.0191944,0.0238638,26497455.9947934,0
T.V,D,20250204,000000,0.023814,0.0240552,0.0215174,0.0220308,8337724.501183997,0
T.V,D,20250205,000000,0.0219407,0.0225568,0.0214458,0.0217415,7318652.812387996,0
T.V,D,20250206,000000,0.0218004,0.0220549,0.0205112,0.0206114,4869973.940141999,0
T.V,D,20250207,000000,0.0206914,0.0214503,0.0198614,0.0200312,6403821.388783996,0
T.V,D,20250208,000000,0.0200506,0.0211917,0.0200506,0.0211917,2951880.1256499994,0
T.V,D,20250209,000000,0.0212017,0.0218744,0.0201916,0.0208329,5948161.222889997,0
T.V,D,20250210,000000,0.0208423,0.0214739,0.020224,0.0212932,6149448.510513002,0
T.V,D,20250211,000000,0.0212938,0.0221627,0.0207065,0.0208069,12480634.106497595,0
T.V,D,20250212,000000,0.0208577,0.0219109,0.02019,0.0216913,8384089.069925998,0
T.V,D,20250213,000000,0.0217215,0.0219724,0.0207906,0.0211302,7455607.665763198,0
T.V,D,20250214,000000,0.0211419,0.0218646,0.0211319,0.0213636,9307717.003779994,0
T.V,D,20250215,000000,0.0213636,0.0215809,0.0204623,0.020472,6341227.005929989,0
