<TICKER>,<PER>,<DATE>,<TIME>,<OPEN>,<HIGH>,<LOW>,<CLOSE>,<VOL>,<OPENINT>
TLM.V,D,20220525,000000,0.0380543,0.0383539,0.0354609,0.0363563,124445390.25599,0
TLM.V,D,20220526,000000,0.0362564,0.0368594,0.0309628,0.0326673,226948243.56161,0
TLM.V,D,20220527,000000,0.032664,0.032967,0.0303666,0.0309659,215691791.44152,0
TLM.V,D,20220528,000000,0.0308645,0.0322667,0.0304619,0.0318627,158296789.73929,0
TLM.V,D,20220529,000000,0.0317622,0.0346646,0.0312656,0.0338627,160761656.77203,0
TLM.V,D,20220530,000000,0.0338624,0.0369704,0.033564,0.0368705,176593597.53777,0
TLM.V,D,20220531,000000,0.0368705,0.0392686,0.0356714,0.0367706,219896549.91996,0
TLM.V,D,20220601,000000,0.0368712,0.0377728,0.0323644,0.0328704,203990394.11349,0
TLM.V,D,20220602,000000,0.0327718,0.0370666,0.0324675,0.0367669,296396888.6242,0
TLM.V,D,20220603,000000,0.0367669,0.0410696,0.0346722,0.0366681,446588963.1545,0
TLM.V,D,20220604,000000,0.0366681,0.037168,0.0347701,0.0356729,365293242.18395,0
TLM.V,D,20220605,000000,0.0356732,0.0360704,0.0346719,0.0355665,316419904.68868,0
TLM.V,D,20220606,000000,0.0356664,0.0370655,0.0349671,0.0361696,551986913.2094,0
TLM.V,D,20220607,000000,0.0361696,0.0365685,0.0323728,0.0353717,349178854.6783,0
TLM.V,D,20220608,000000,0.0353717,0.0357731,0.0331754,0.0343776,438926362.39789,0
TLM.V,D,20220609,000000,0.0344776,0.0393653,0.033775,0.0352703,465059983.6943,0
TLM.V,D,20220610,000000,0.0353699,0.0354705,0.0316705,0.0325586,349198859.22015,0
TLM.V,D,20220611,000000,0.0325583,0.0327633,0.028764,0.0298662,250741070.8667,0
TLM.V,D,20220612,000000,0.0299658,0.0299667,0.0257636,0.0270667,232264283.84769,0
TLM.V,D,20220613,000000,0.0270667,0.0271663,0.0214413,0.0239666,385328286.7644,0
TLM.V,D,20220614,000000,0.0240667,0.0254633,0.0223664,0.0229724,566898480.51299,0
TLM.V,D,20220615,000000,0.0229722,0.0253721,0.0211618,0.0250624,795913113.18689,0
TLM.V,D,20220616,000000,0.025,0.0252,0.02235,0.0228,185056896.73695,0
TLM.V,D,20220617,000000,0.0224098,0.02395,0.0222698,0.0229724,132254013.09142,0
TLM.V,D,20220618,000000,0.0231724,0.0233724,0.0200658,0.0211657,372166623.4431,0
TLM.V,D,20220619,000000,0.0211657,0.0237714,0.0210648,0.0231698,169900961.43306,0
TLM.V,D,20220620,000000,0.02315,0.0250724,0.02245,0.0238737,107579782.36933,0
TLM.V,D,20220621,000000,0.0237714,0.0260791,0.0236716,0.0249725,86615347.707845,0
TLM.V,D,20220622,000000,0.0249725,0.0252747,0.0228748,0.0232767,90172859.406482,0
TLM.V,D,20220623,000000,0.0233766,0.0256743,0.0230769,0.024975,81816500.7823,0
TLM.V,D,20220624,000000,0.024975,0.0274769,0.0249725,0.0270789,173106767.11001,0
TLM.V,D,20220625,000000,0.0271728,0.0284809,0.0261817,0.0281803,96407386.292201,0
TLM.V,D,20220626,000000,0.0280803,0.0320788,0.0274843,0.0290822,149382283.73704,0
TLM.V,D,20220627,000000,0.0291819,0.0295814,0.026684,0.0274755,112465899.12487,0
TLM.V,D,20220628,000000,0.0274758,0.0290735,0.0266666,0.0269668,79613543.070373,0
TLM.V,D,20220629,000000,0.0268666,0.0274667,0.0252674,0.0263681,85247964.413139,0
TLM.V,D,20220630,000000,0.0264682,0.0265681,0.0231698,0.0242708,135659526.12541,0
TLM.V,D,20220701,000000,0.024171,0.0259,0.0239712,0.0246,94268021.556106,0
TLM.V,D,20220705,000000,0.024171,0.0248726,0.0236716,0.0245729,37579642.838353,0
TLM.V,D,20220706,000000,0.0246728,0.0319648,0.0238713,0.0297672,267608408.30887,0
TLM.V,D,20220707,000000,0.0297672,0.0312656,0.028169,0.0290825,317894508.29409,0
TLM.V,D,20220708,000000,0.0290825,0.0307815,0.0278833,0.0287827,136982292.72873,0
TLM.V,D,20220709,000000,0.0287827,0.0289797,0.0277805,0.028383,67172014.504733,0
TLM.V,D,20220710,000000,0.028383,0.0284829,0.0262816,0.0268839,40965602.881791,0
TLM.V,D,20220711,000000,0.0267839,0.0294764,0.0255821,0.0273753,102120783.33337,0
TLM.V,D,20220712,000000,0.0273737,0.0286713,0.0255718,0.0260739,99858352.220708,0
TLM.V,D,20220713,000000,0.025975,0.0263736,0.0239836,0.025537,159786520.31723,0
TLM.V,D,20220714,000000,0.025547,0.0268939,0.0253097,0.0259744,249602504.26643,0
TLM.V,D,20220715,000000,0.0259844,0.0270937,0.0259818,0.0263121,190906066.81079,0
TLM.V,D,20220716,000000,0.0262921,0.0275645,0.0256923,0.0268719,156565619.45481,0
TLM.V,D,20220717,000000,0.0268719,0.0282655,0.026525,0.026753,189410887.73419,0
TLM.V,D,20220718,000000,0.026753,0.0293009,0.026592,0.0279136,257107359.28534,0
TLM.V,D,20220719,000000,0.0278936,0.02954,0.0278222,0.0294447,206933194.26362,0
TLM.V,D,20220720,000000,0.02945,0.0304927,0.0265695,0.0277414,260656054.17356,0
TLM.V,D,20220721,000000,0.0277317,0.0277939,0.0256828,0.0274569,193601439.27604,0
TLM.V,D,20220722,000000,0.0274666,0.0300027,0.0266837,0.027146,275032243.79298,0
TLM.V,D,20220723,000000,0.02714,0.0289923,0.0265427,0.0271352,229520165.80812,0
TLM.V,D,20220724,000000,0.0271027,0.0283125,0.02691,0.0276953,135489309.91586,0
TLM.V,D,20220725,000000,0.0277153,0.0279056,0.0255028,0.0260321,100525508.634,0
TLM.V,D,20220726,000000,0.0260223,0.0260226,0.0244022,0.0249835,81706140.976691,0
TLM.V,D,20220727,000000,0.0250738,0.0269065,0.0249322,0.0268164,106448780.69268,0
TLM.V,D,20220728,000000,0.0265769,0.0287806,0.0265366,0.0284957,183277677.32626,0
TLM.V,D,20220729,000000,0.0284774,0.0314625,0.0283771,0.0297022,392420664.86664,0
TLM.V,D,20220730,000000,0.0297019,0.031411,0.02944,0.0299302,191423541.54881,0
TLM.V,D,20220731,000000,0.029869,0.0313069,0.0290281,0.0300269,186069162.04108,0
TLM.V,D,20220801,000000,0.030022,0.0311737,0.0293079,0.029929,166784106.59107,0
TLM.V,D,20220802,000000,0.029929,0.0306216,0.0282385,0.029335,132217479.40083,0
TLM.V,D,20220803,000000,0.0294556,0.0305082,0.0284674,0.0304776,96232995.204443,0
TLM.V,D,20220804,000000,0.030477,0.0319577,0.0298236,0.0300109,138973207.96212,0
TLM.V,D,20220805,000000,0.0300009,0.0314838,0.0299409,0.0308259,110823110.87275,0
TLM.V,D,20220806,000000,0.0308359,0.0315706,0.0306561,0.0310972,80482010.579331,0
TLM.V,D,20220807,000000,0.0311072,0.0332333,0.0305452,0.0320161,193817929.2734,0
TLM.V,D,20220808,000000,0.0319961,0.0332466,0.0313053,0.0325239,128118099.43879,0
TLM.V,D,20220809,000000,0.0329039,0.0329769,0.029525,0.0308662,115203551.04795,0
TLM.V,D,20220810,000000,0.0305061,0.0321958,0.0298869,0.0319493,93474435.362133,0
TLM.V,D,20220811,000000,0.0318295,0.0328531,0.0316627,0.031865,115295424.39982,0
TLM.V,D,20220812,000000,0.0318659,0.0343161,0.0312425,0.0335154,147398628.55188,0
TLM.V,D,20220813,000000,0.0337652,0.0343499,0.0322997,0.0326027,114911943.50938,0
TLM.V,D,20220814,000000,0.0323426,0.0337725,0.0316886,0.0319399,113807471.20562,0
TLM.V,D,20220815,000000,0.0319496,0.0330996,0.031235,0.0314275,71798496.142713,0
TLM.V,D,20220816,000000,0.0313275,0.0321658,0.0305855,0.0315928,74652058.845389,0
TLM.V,D,20220817,000000,0.0315628,0.0323752,0.0299991,0.0300821,76801882.144192,0
TLM.V,D,20220818,000000,0.0302721,0.030403,0.0294706,0.0296009,55390490.868196,0
TLM.V,D,20220819,000000,0.029803,0.029873,0.02517,0.0251725,117900081.75168,0
TLM.V,D,20220820,000000,0.026121,0.0277236,0.0251705,0.02616,167458913.88553,0
TLM.V,D,20220821,000000,0.0261992,0.0272592,0.0259261,0.0271192,77667629.829051,0
TLM.V,D,20220822,000000,0.0269692,0.0272408,0.0253175,0.0257856,71267418.032794,0
TLM.V,D,20220823,000000,0.0258659,0.0268687,0.0257197,0.0264505,67505762.137725,0
TLM.V,D,20220824,000000,0.02648,0.0271127,0.025879,0.0269624,65568773.356264,0
TLM.V,D,20220825,000000,0.0269719,0.028772,0.0261921,0.0275208,147659985.9867,0
TLM.V,D,20220826,000000,0.0265608,0.0287703,0.0247393,0.0251925,116453578.85542,0
TLM.V,D,20220827,000000,0.0251323,0.0252623,0.02421,0.0246307,79647141.603419,0
TLM.V,D,20220828,000000,0.0246507,0.0251,0.0244507,0.02469,51070058.483487,0
TLM.V,D,20220829,000000,0.0248198,0.0254215,0.02358,0.0253018,78265620.152983,0
TLM.V,D,20220830,000000,0.025122,0.0258997,0.0242015,0.0247022,71705772.665275,0
TLM.V,D,20220831,000000,0.024852,0.0256005,0.0245698,0.0249698,61181330.27154,0
TLM.V,D,20220901,000000,0.0250795,0.0251195,0.0239586,0.0245785,46474131.45143,0
TLM.V,D,20220902,000000,0.024409,0.025183,0.0242415,0.0245032,63211172.27575,0
TLM.V,D,20220903,000000,0.0244239,0.0251125,0.02426,0.02467,85379945.995017,0
TLM.V,D,20220904,000000,0.02452,0.0252425,0.02447,0.02503,70125670.248416,0
TLM.V,D,20220905,000000,0.02504,0.0254125,0.02456,0.0247625,48294309.523808,0
TLM.V,D,20220906,000000,0.0247625,0.0254425,0.0231677,0.02329,70407905.363654,0
TLM.V,D,20220907,000000,0.0233114,0.0244107,0.0229407,0.0242317,54747179.03251,0
TLM.V,D,20220908,000000,0.0239117,0.0243624,0.0235607,0.0239836,58929295.357556,0
TLM.V,D,20220909,000000,0.0240031,0.0264482,0.0239231,0.0258485,92465599.8096,0
TLM.V,D,20220910,000000,0.0258201,0.0263066,0.0248702,0.0253548,88189399.325764,0
TLM.V,D,20220911,000000,0.0254053,0.0261486,0.025066,0.025106,64592399.288316,0
TLM.V,D,20220912,000000,0.0258565,0.0258565,0.0246942,0.0251645,78088949.335067,0
TLM.V,D,20220913,000000,0.0251645,0.0252553,0.0229805,0.0234205,82492139.694686,0
TLM.V,D,20220914,000000,0.0234105,0.0237209,0.0227009,0.0233663,65217519.244965,0
TLM.V,D,20220915,000000,0.0232558,0.0235054,0.0223104,0.0228477,64151230.156138,0
TLM.V,D,20220916,000000,0.0229386,0.0230588,0.0222378,0.0228877,57762103.189427,0
TLM.V,D,20220917,000000,0.02259,0.0234623,0.0225877,0.0232923,43468463.403568,0
TLM.V,D,20220918,000000,0.02328,0.02349,0.0214279,0.02176,58822703.25955,0
TLM.V,D,20220919,000000,0.0226377,0.02264,0.0209279,0.0221022,65899247.383048,0
TLM.V,D,20220920,000000,0.0221022,0.0222344,0.02128,0.0212921,50740818.532549,0
TLM.V,D,20220921,000000,0.0216402,0.0223022,0.0205,0.02063,67064219.792206,0
TLM.V,D,20220922,000000,0.02113,0.0220222,0.02027,0.02181,71039356.546975,0
TLM.V,D,20220923,000000,0.0219678,0.02238,0.0211479,0.02195,68629756.857503,0
TLM.V,D,20220924,000000,0.0217185,0.022168,0.0216822,0.0217117,50886169.471524,0
TLM.V,D,20220925,000000,0.02191,0.0220422,0.0208898,0.02089,38389574.680793,0
TLM.V,D,20220926,000000,0.02122,0.0241624,0.0207496,0.02197,272166817.94716,0
TLM.V,D,20220927,000000,0.02197,0.0227,0.02105,0.0213379,109929469.24512,0
TLM.V,D,20220928,000000,0.0214,0.02338,0.0207379,0.02206,185724822.87636,0
TLM.V,D,20220929,000000,0.02207,0.02427,0.02169,0.02247,301248099.41374,0
TLM.V,D,20220930,000000,0.02249,0.024985,0.0224222,0.02311,389206909.76347,0
TLM.V,D,20221001,000000,0.0231023,0.0246525,0.02304,0.0242,186496858.23691,0
TLM.V,D,20221002,000000,0.0242524,0.02633,0.02336,0.02552,435979657.98793,0
TLM.V,D,20221003,000000,0.02549,0.02637,0.0240072,0.0241524,260193828.36783,0
TLM.V,D,20221004,000000,0.0242124,0.0249475,0.0237848,0.0245474,131811630.6374,0
TLM.V,D,20221005,000000,0.0246549,0.024855,0.0233623,0.0236624,116116962.22056,0
TLM.V,D,20221006,000000,0.0238748,0.0243837,0.0235638,0.0241541,126192894.57296,0
TLM.V,D,20221007,000000,0.0241441,0.0243039,0.0227602,0.0232733,171008310.43489,0
TLM.V,D,20221008,000000,0.0231628,0.0236833,0.0229953,0.0230258,40397796.066732,0
TLM.V,D,20221009,000000,0.0232258,0.0235924,0.0229423,0.0234147,36981176.679628,0
TLM.V,D,20221010,000000,0.0234123,0.0235747,0.0225377,0.0227477,43008829.103144,0
TLM.V,D,20221011,000000,0.02277,0.02294,0.02157,0.0217978,57869596.569385,0
TLM.V,D,20221012,000000,0.021808,0.0220996,0.0214596,0.0216506,35419401.808133,0
TLM.V,D,20221013,000000,0.0217,0.0219804,0.0194298,0.0211817,131498486.65272,0
TLM.V,D,20221014,000000,0.0211219,0.0218215,0.0204304,0.0205208,55782486.08856,0
TLM.V,D,20221015,000000,0.0206006,0.0224113,0.0204306,0.0214111,184999847.51567,0
TLM.V,D,20221016,000000,0.0213713,0.0218109,0.0211717,0.0214709,80412376.777759,0
TLM.V,D,20221017,000000,0.0217011,0.0223907,0.0214415,0.0219304,65850607.81016,0
TLM.V,D,20221018,000000,0.0218902,0.0223107,0.0212202,0.0214913,80000712.086739,0
TLM.V,D,20221019,000000,0.0214611,0.0216617,0.0208998,0.02101,49473581.365276,0
TLM.V,D,20221020,000000,0.02101,0.0210802,0.0200684,0.020308,45574368.166842,0
TLM.V,D,20221021,000000,0.0202986,0.0204502,0.0193692,0.0202016,61120633.631962,0
TLM.V,D,20221022,000000,0.0202016,0.020551,0.0201212,0.0202418,34950289.803026,0
TLM.V,D,20221023,000000,0.0202416,0.0206627,0.0200006,0.0206129,36713520.985364,0
TLM.V,D,20221024,000000,0.0205421,0.0208015,0.0201914,0.020331,39757915.069284,0
TLM.V,D,20221025,000000,0.0203506,0.0209771,0.0201306,0.0207573,43448661.687007,0
TLM.V,D,20221026,000000,0.0208771,0.021327,0.0206054,0.0209757,49638045.71332,0
TLM.V,D,20221027,000000,0.0209759,0.0219944,0.0207981,0.0209815,72435822.153777,0
TLM.V,D,20221028,000000,0.0211913,0.0213443,0.0203906,0.0211342,52408661.534892,0
TLM.V,D,20221029,000000,0.0212038,0.0221991,0.0210444,0.0216852,95170473.503171,0
TLM.V,D,20221030,000000,0.0217552,0.0243363,0.0212253,0.0216643,435944808.30749,0
TLM.V,D,20221031,000000,0.0216543,0.022124,0.0212445,0.0215883,98643753.574348,0
TLM.V,D,20221101,000000,0.0214787,0.0218372,0.0211462,0.0212079,34791336.173119,0
TLM.V,D,20221102,000000,0.0211977,0.0212711,0.020099,0.0203288,73960431.081195,0
TLM.V,D,20221103,000000,0.020349,0.0226698,0.0203278,0.02225,123341996.46265,0
TLM.V,D,20221104,000000,0.0217998,0.0234788,0.0215498,0.0232319,146534175.09385,0
TLM.V,D,20221105,000000,0.0232116,0.0242529,0.0230607,0.0233012,124898567.38231146,0
TLM.V,D,20221106,000000,0.0232912,0.0236688,0.0220422,0.0221118,107705554.35420407,0
TLM.V,D,20221107,000000,0.0225716,0.022602,0.0212315,0.0214028,70415022.75419039,0
TLM.V,D,20221108,000000,0.0220044,0.0220464,0.0155618,0.0178534,136786324.0804391,0
TLM.V,D,20221109,000000,0.0177832,0.0184892,0.0140184,0.0143509,149412616.3109468,0
TLM.V,D,20221110,000000,0.0142951,0.0183839,0.0140674,0.0169124,92163257.24532089,0
TLM.V,D,20221111,000000,0.0169425,0.0195241,0.0153097,0.0158975,87295672.89918546,0
TLM.V,D,20221112,000000,0.0155209,0.0161974,0.0150229,0.0153324,74652535.54710807,0
TLM.V,D,20221113,000000,0.0153523,0.017271,0.0144968,0.0154015,143877858.82074133,0
TLM.V,D,20221114,000000,0.0153216,0.0166367,0.0143385,0.0155981,99256792.08165109,0
TLM.V,D,20221115,000000,0.0156158,0.016342,0.0153585,0.0155444,35358357.11119076,0
TLM.V,D,20221116,000000,0.0156509,0.0159946,0.0149942,0.0151262,32006270.12333081,0
TLM.V,D,20221117,000000,0.0151262,0.0155396,0.0149969,0.0152078,38025664.013236895,0
TLM.V,D,20221118,000000,0.0152681,0.0153988,0.0148832,0.0150127,32920080.737633694,0
TLM.V,D,20221119,000000,0.0149927,0.0152531,0.0146436,0.0151342,28567184.770121973,0
TLM.V,D,20221120,000000,0.0149544,0.016768,0.014543,0.0147975,218442922.74505228,0
TLM.V,D,20221121,000000,0.0148075,0.0149084,0.0138737,0.014153,65332402.87630299,0
TLM.V,D,20221122,000000,0.0142329,0.0150531,0.0137533,0.0147919,57996493.043760106,0
TLM.V,D,20221123,000000,0.0148519,0.0153929,0.0147507,0.0153433,62171610.93463047,0
TLM.V,D,20221124,000000,0.0153233,0.0156542,0.0150769,0.0153869,55479451.94065856,0
TLM.V,D,20221125,000000,0.0152469,0.0153901,0.0148509,0.0152413,34967535.15072882,0
TLM.V,D,20221126,000000,0.0152213,0.0156419,0.0151205,0.015191,30257379.35986814,0
TLM.V,D,20221127,000000,0.015191,0.0158495,0.0151106,0.0156701,48948590.574101634,0
TLM.V,D,20221128,000000,0.0155902,0.0156918,0.0147119,0.0151942,81432189.41947758,0
TLM.V,D,20221129,000000,0.0152642,0.0155919,0.014983,0.0152843,53899962.842662394,0
TLM.V,D,20221130,000000,0.0151944,0.01624,0.0151942,0.0161006,100064888.47868276,0
TLM.V,D,20221201,000000,0.0160706,0.0161216,0.0156002,0.0158308,46066283.397700846,0
TLM.V,D,20221202,000000,0.0157909,0.0160816,0.0156617,0.015961,55902153.69872564,0
TLM.V,D,20221203,000000,0.015971,0.0163608,0.0155316,0.0156631,62278086.85738805,0
TLM.V,D,20221204,000000,0.0159432,0.0168651,0.0155616,0.0162016,109111574.65916505,0
TLM.V,D,20221205,000000,0.0161732,0.016402,0.01557,0.0159205,50642669.01655819,0
TLM.V,D,20221206,000000,0.0157505,0.0161702,0.0157397,0.0159797,38622788.80150388,0
TLM.V,D,20221207,000000,0.01598,0.01613,0.0151502,0.01529,35440201.70496582,0
TLM.V,D,20221208,000000,0.01528,0.0155416,0.01495,0.0154111,26973904.108330853,0
TLM.V,D,20221209,000000,0.0155311,0.0157409,0.0153506,0.0154905,22481287.069460012,0
TLM.V,D,20221210,000000,0.0154908,0.0160602,0.0153498,0.0158797,51336547.673837066,0
TLM.V,D,20221211,000000,0.0158598,0.0160205,0.0153315,0.0156516,24499628.96504648,0
TLM.V,D,20221212,000000,0.0156516,0.0156531,0.01484,0.0153714,38021453.95482518,0
TLM.V,D,20221213,000000,0.0153511,0.0165038,0.0150523,0.0157461,227130045.649755,0
TLM.V,D,20221214,000000,0.015745,0.0162272,0.01514,0.0154911,72932467.96860605,0
TLM.V,D,20221215,000000,0.0154915,0.0156831,0.0151615,0.0153631,26848111.205675237,0
TLM.V,D,20221216,000000,0.0153631,0.0154015,0.0135014,0.0135714,47589197.335164815,0
TLM.V,D,20221217,000000,0.0135327,0.0142729,0.0128814,0.0132917,30579476.407957703,0
TLM.V,D,20221218,000000,0.0131717,0.0137404,0.013101,0.0131617,25379136.560862962,0
TLM.V,D,20221219,000000,0.01332,0.0134025,0.01214,0.01227,30156192.87764327,0
TLM.V,D,20221220,000000,0.0127197,0.0131097,0.0121401,0.0129405,20722348.04944667,0
TLM.V,D,20221221,000000,0.0130505,0.0130505,0.0124399,0.0126406,16943525.377957873,0
TLM.V,D,20221222,000000,0.0125106,0.01281,0.0121589,0.0125279,16730549.004092185,0
TLM.V,D,20221223,000000,0.0125279,0.01275,0.0124981,0.0127087,12447291.403818768,0
TLM.V,D,20221224,000000,0.0126987,0.0128192,0.0125587,0.0125691,9021975.505601604,0
TLM.V,D,20221225,000000,0.0125892,0.0126196,0.0123776,0.0125184,16536750.576703543,0
TLM.V,D,20221226,000000,0.0124485,0.0127187,0.0124285,0.0125975,14660908.480975578,0
TLM.V,D,20221227,000000,0.0126476,0.0127477,0.0123843,0.0125951,16779833.70176779,0
TLM.V,D,20221228,000000,0.0124751,0.0126358,0.0119452,0.0120535,21489204.37587145,0
TLM.V,D,20221229,000000,0.0121737,0.0126937,0.0118645,0.0120347,246143271.28822377,0
TLM.V,D,20221230,000000,0.0119746,0.0122539,0.0119046,0.012014,34192643.15568338,0
TLM.V,D,20221231,000000,0.0120558,0.0124746,0.011972,0.0121539,36899314.06699142,0
TLM.V,D,20230101,000000,0.0121448,0.0122621,0.0117054,0.0120903,62583610.999899164,0
TLM.V,D,20230102,000000,0.0120693,0.012559,0.0118603,0.0125231,51157401.65205229,0
TLM.V,D,20230103,000000,0.0125279,0.0125451,0.0121178,0.0121663,32504084.94087326,0
TLM.V,D,20230104,000000,0.0124049,0.0127949,0.012285,0.0124458,43153141.847804524,0
TLM.V,D,20230105,000000,0.0124458,0.0127263,0.0122349,0.0124157,52741349.17803485,0
TLM.V,D,20230106,000000,0.0124157,0.0132752,0.0121043,0.0127261,116476592.28879352,0
TLM.V,D,20230107,000000,0.0128141,0.0130765,0.0126162,0.0127969,69372757.59988971,0
TLM.V,D,20230108,000000,0.0127968,0.013398,0.012558,0.0133184,94803227.0791412,0
TLM.V,D,20230109,000000,0.0131384,0.01404,0.0131175,0.0134899,86298819.53263837,0
TLM.V,D,20230110,000000,0.01347,0.0156481,0.0131687,0.014082,266905468.46435374,0
TLM.V,D,20230111,000000,0.0140022,0.0141014,0.0134292,0.0136797,41618532.59556707,0
TLM.V,D,20230112,000000,0.0136788,0.0156313,0.0136474,0.0149113,153079599.30803853,0
TLM.V,D,20230113,000000,0.0146615,0.0160014,0.0144481,0.0158514,110054414.57209857,0
TLM.V,D,20230114,000000,0.0156614,0.0164326,0.0150332,0.0158808,113779539.42365332,0
TLM.V,D,20230115,000000,0.0162216,0.0170832,0.0154214,0.0167148,135603859.8291369,0
TLM.V,D,20230116,000000,0.0167048,0.0169564,0.0159411,0.0161302,64054093.22851419,0
TLM.V,D,20230117,000000,0.0161605,0.0167625,0.0159311,0.0163216,48479945.48758566,0
TLM.V,D,20230118,000000,0.0163216,0.0166417,0.014578,0.0149992,85823020.32145207,0
TLM.V,D,20230119,000000,0.0149991,0.0151985,0.0145187,0.0150894,39324966.69689482,0
TLM.V,D,20230120,000000,0.0150895,0.0162128,0.0148897,0.0161727,41620437.45585776,0
TLM.V,D,20230121,000000,0.0160127,0.0171739,0.0160024,0.0167433,66824904.408466846,0
TLM.V,D,20230122,000000,0.0167327,0.0195831,0.0162613,0.0180036,316793747.5562569,0
TLM.V,D,20230123,000000,0.0180036,0.0189728,0.0178521,0.0184128,140294343.88198486,0
TLM.V,D,20230124,000000,0.0184226,0.0197498,0.0172826,0.0176404,132819133.23248753,0
TLM.V,D,20230125,000000,0.0176405,0.0187834,0.0170643,0.0182229,68552961.96681866,0
TLM.V,D,20230126,000000,0.0181231,0.0188711,0.0181104,0.0184715,47866810.858349,0
TLM.V,D,20230127,000000,0.0185715,0.0202044,0.0181838,0.0194874,155071981.97821495,0
TLM.V,D,20230128,000000,0.0194566,0.0256459,0.0193748,0.0214241,818035955.2013519,0
TLM.V,D,20230129,000000,0.0214443,0.0238341,0.0209348,0.0230709,311859163.86168426,0
TLM.V,D,20230130,000000,0.0230812,0.0231505,0.0203296,0.0209113,126246361.88085386,0
TLM.V,D,20230131,000000,0.0209113,0.0218785,0.0206283,0.0212119,48191461.15508753,0
TLM.V,D,20230201,000000,0.0213113,0.0226614,0.02015,0.0219513,86763768.28029439,0
TLM.V,D,20230202,000000,0.0219811,0.0231556,0.0217811,0.0221344,83260139.43951692,0
TLM.V,D,20230203,000000,0.0221146,0.0242817,0.0217437,0.0237717,169966163.75953963,0
TLM.V,D,20230204,000000,0.0237519,0.0249017,0.0228421,0.0233121,86995060.65505002,0
TLM.V,D,20230205,000000,0.0233119,0.0245056,0.0222056,0.0234159,181823866.82351047,0
TLM.V,D,20230206,000000,0.0235461,0.0241565,0.0222825,0.0224609,84953994.89542039,0
TLM.V,D,20230207,000000,0.0224709,0.0240314,0.0220615,0.0240314,74756912.88743652,0
TLM.V,D,20230208,000000,0.0240212,0.025571,0.0221933,0.0230116,175558964.96987656,0
TLM.V,D,20230209,000000,0.0230216,0.0233693,0.0193139,0.019682,49935646.72716682,0
TLM.V,D,20230210,000000,0.0197926,0.0205945,0.0196349,0.0204229,36715573.35209186,0
TLM.V,D,20230211,000000,0.0204133,0.0209721,0.0201224,0.0209421,29838880.40864096,0
TLM.V,D,20230212,000000,0.0207421,0.0230718,0.0206619,0.0227123,185060778.69630182,0
TLM.V,D,20230213,000000,0.0224022,0.0239962,0.0197644,0.0204406,204552946.99422824,0
TLM.V,D,20230214,000000,0.020401,0.02171,0.0203502,0.0215082,59415225.8480677,0
TLM.V,D,20230215,000000,0.0215699,0.0229632,0.0213277,0.0228543,53512608.724482134,0
TLM.V,D,20230216,000000,0.0228739,0.0233819,0.021867,0.0218674,68323287.0062386,0
TLM.V,D,20230217,000000,0.0219028,0.0246022,0.0215126,0.0240322,157368771.32146838,0
TLM.V,D,20230218,000000,0.0239941,0.0244034,0.0233044,0.0235738,48736349.33129269,0
TLM.V,D,20230219,000000,0.0234538,0.0243546,0.0229364,0.0233551,47157020.015238866,0
TLM.V,D,20230220,000000,0.0232253,0.0254128,0.0229641,0.024651,124517839.5848529,0
TLM.V,D,20230221,000000,0.024711,0.0294044,0.0241319,0.0264845,528773166.9481038,0
TLM.V,D,20230222,000000,0.0264048,0.0275247,0.0242641,0.0257503,94675329.63310471,0
TLM.V,D,20230223,000000,0.0257697,0.0264637,0.0246842,0.0249027,55148976.51375685,0
TLM.V,D,20230224,000000,0.0249537,0.0268048,0.0232521,0.0237498,114812217.94220611,0
TLM.V,D,20230225,000000,0.02371,0.0239817,0.0225043,0.0233416,60138043.50868889,0
TLM.V,D,20230226,000000,0.0233216,0.0241922,0.0227516,0.0241214,34589693.414482854,0
TLM.V,D,20230227,000000,0.0241222,0.0241222,0.0225507,0.0229411,48581639.44603784,0
TLM.V,D,20230228,000000,0.0230214,0.0231698,0.0216517,0.0217343,43983001.26863085,0
TLM.V,D,20230301,000000,0.0220746,0.0231023,0.0215824,0.022773,37146337.376733765,0
TLM.V,D,20230302,000000,0.0225434,0.022903,0.0212104,0.0215917,46886837.50554211,0
TLM.V,D,20230303,000000,0.0216519,0.0216519,0.0193325,0.0199712,99809475.43257494,0
TLM.V,D,20230304,000000,0.0200014,0.0201822,0.0182716,0.0185313,54745624.69075627,0
TLM.V,D,20230305,000000,0.0186113,0.0194417,0.0182915,0.0190923,35589381.146237575,0
TLM.V,D,20230306,000000,0.0192021,0.0196988,0.0183137,0.0192888,46269181.22716767,0
TLM.V,D,20230307,000000,0.0193879,0.01968,0.0179795,0.0182291,49178056.426559515,0
TLM.V,D,20230308,000000,0.0181998,0.0185987,0.017029,0.0170791,51697107.931899495,0
TLM.V,D,20230309,000000,0.0177977,0.0180966,0.0159068,0.0161315,48477213.2452331,0
TLM.V,D,20230310,000000,0.0163626,0.0166532,0.0152288,0.0164793,50548627.589217246,0
TLM.V,D,20230311,000000,0.0164793,0.0173174,0.0154525,0.0160455,49411615.125153854,0
TLM.V,D,20230312,000000,0.0160581,0.0173518,0.0159138,0.0168491,22038170.039936773,0
TLM.V,D,20230313,000000,0.0171943,0.0185951,0.0168378,0.0185939,73573132.02793941,0
TLM.V,D,20230314,000000,0.0184232,0.0204868,0.0178949,0.0196004,102751206.11027558,0
TLM.V,D,20230315,000000,0.0196335,0.0199227,0.0173827,0.017725,70196595.95581967,0
TLM.V,D,20230316,000000,0.0176938,0.0184851,0.0174315,0.0181936,58997644.509584844,0
TLM.V,D,20230317,000000,0.0182346,0.01968,0.0179311,0.0196085,61781872.02318688,0
TLM.V,D,20230318,000000,0.0196086,0.0203696,0.018996,0.0191825,75847093.81987672,0
TLM.V,D,20230319,000000,0.0191772,0.0201804,0.0189039,0.0197597,46174735.4022749,0
TLM.V,D,20230320,000000,0.0197892,0.0234352,0.0188624,0.0204144,496265318.3338479,0
TLM.V,D,20230321,000000,0.0204243,0.022155,0.019792,0.0198732,302536308.3694738,0
TLM.V,D,20230322,000000,0.0198832,0.0202549,0.018389,0.019042,80993656.98466432,0
TLM.V,D,20230323,000000,0.0190632,0.0213923,0.0189516,0.020533,253143938.49986202,0
TLM.V,D,20230324,000000,0.020523,0.0207414,0.0190602,0.0193397,45365241.25969849,0
TLM.V,D,20230325,000000,0.0193312,0.0195876,0.018571,0.018738,35459668.46405295,0
TLM.V,D,20230326,000000,0.0186881,0.0193074,0.0186686,0.0190815,18503520.874647837,0
TLM.V,D,20230327,000000,0.019111,0.0192233,0.0178813,0.0180487,36835514.570795275,0
TLM.V,D,20230328,000000,0.0179384,0.0188708,0.0177653,0.0186371,31105987.07340061,0
TLM.V,D,20230329,000000,0.0188373,0.0203343,0.018605,0.0198726,123951175.26854599,0
TLM.V,D,20230330,000000,0.019846,0.0205756,0.0193237,0.0199656,93104151.43938889,0
TLM.V,D,20230331,000000,0.0197053,0.0202334,0.0192941,0.019864,89120790.4440901,0
TLM.V,D,20230401,000000,0.0198742,0.020586,0.0197355,0.0200474,55265153.65383386,0
TLM.V,D,20230402,000000,0.0201875,0.02079,0.0196235,0.0197723,66000642.56855364,0
TLM.V,D,20230403,000000,0.0197422,0.0204429,0.0192209,0.0197679,85166725.708945,0
TLM.V,D,20230404,000000,0.0196879,0.0229055,0.0194272,0.0211606,334835884.51589704,0
TLM.V,D,20230405,000000,0.0211406,0.0218761,0.0209277,0.0213077,79236847.17875412,0
TLM.V,D,20230406,000000,0.0213068,0.0214258,0.020696,0.0209373,56560207.51339065,0
TLM.V,D,20230407,000000,0.0210776,0.0214111,0.0206573,0.0207255,55683565.102080375,0
TLM.V,D,20230408,000000,0.0208356,0.0212821,0.0205484,0.0207881,44191964.944775246,0
TLM.V,D,20230409,000000,0.020638,0.0213424,0.0204431,0.0211227,57476882.818123795,0
TLM.V,D,20230410,000000,0.0209542,0.021327,0.0205455,0.0211071,62506488.983468756,0
TLM.V,D,20230411,000000,0.0210873,0.02195,0.0209661,0.0214512,59861955.90668113,0
TLM.V,D,20230412,000000,0.021421,0.021468,0.0204412,0.0210064,49697773.01401741,0
TLM.V,D,20230413,000000,0.0208062,0.0219719,0.0207862,0.0215206,56781715.09495313,0
TLM.V,D,20230414,000000,0.0214806,0.0222344,0.0212585,0.0217981,61859729.04314645,0
TLM.V,D,20230415,000000,0.0217876,0.0222796,0.0214201,0.0219896,51539689.48092774,0
TLM.V,D,20230416,000000,0.0220096,0.0243695,0.0219987,0.023486,502722543.21513647,0
TLM.V,D,20230417,000000,0.0235157,0.0235562,0.0220339,0.0226015,70432681.71011418,0
TLM.V,D,20230418,000000,0.0227234,0.0233061,0.0224096,0.0229639,62538468.695060186,0
TLM.V,D,20230419,000000,0.0229655,0.0232598,0.0204892,0.0207706,92851528.43280149,0
TLM.V,D,20230420,000000,0.0208208,0.0211172,0.0196365,0.0198516,66847388.50691782,0
TLM.V,D,20230421,000000,0.0198014,0.0203904,0.0186863,0.0189279,55525060.90182644,0
TLM.V,D,20230422,000000,0.0187779,0.019691,0.0186502,0.0195418,47269928.289186984,0
TLM.V,D,20230423,000000,0.019662,0.0196731,0.0187328,0.019111,21496496.482503917,0
TLM.V,D,20230424,000000,0.0188508,0.0194704,0.01857,0.0189904,54173619.57796763,0
TLM.V,D,20230425,000000,0.0190106,0.0193845,0.0182602,0.0188443,46917640.41763325,0
TLM.V,D,20230426,000000,0.0188843,0.0200932,0.0181434,0.0190867,69377418.327323,0
TLM.V,D,20230427,000000,0.0192262,0.0199662,0.0184541,0.0199074,98362381.04119681,0
TLM.V,D,20230428,000000,0.0198564,0.0199264,0.0192083,0.019525,27748647.051472038,0
TLM.V,D,20230429,000000,0.0194746,0.0197854,0.0194338,0.0196216,23806449.79670405,0
TLM.V,D,20230430,000000,0.0196216,0.019651,0.0189712,0.0191009,27520476.418440294,0
TLM.V,D,20230501,000000,0.0190507,0.0192,0.0182605,0.018375,23114811.911320645,0
TLM.V,D,20230502,000000,0.018505,0.018901,0.0183531,0.0187414,21926621.958110277,0
TLM.V,D,20230503,000000,0.0188115,0.0190952,0.018064,0.0189951,32258151.458602406,0
TLM.V,D,20230504,000000,0.018655,0.0191234,0.0183479,0.0184768,23367882.32395773,0
TLM.V,D,20230505,000000,0.0184166,0.0188628,0.0183679,0.018677,31045301.67029035,0
TLM.V,D,20230506,000000,0.018657,0.0187993,0.0171571,0.0174203,44665431.63996949,0
TLM.V,D,20230507,000000,0.0174303,0.017745,0.0171901,0.0172201,18904032.464662284,0
TLM.V,D,20230508,000000,0.0172702,0.0173917,0.0151803,0.0153418,39711462.850111656,0
TLM.V,D,20230509,000000,0.0153417,0.0158574,0.0153025,0.0156656,25001354.32464394,0
TLM.V,D,20230510,000000,0.015627,0.0161477,0.0151551,0.0159043,33973240.56606902,0
TLM.V,D,20230511,000000,0.0159159,0.0160444,0.0147633,0.0151651,44665398.60083893,0
TLM.V,D,20230512,000000,0.015065,0.0152753,0.0144472,0.0150821,37043906.57253857,0
TLM.V,D,20230513,000000,0.0149019,0.0154893,0.0148074,0.0149875,24213455.89868834,0
TLM.V,D,20230514,000000,0.0149675,0.016008,0.014949,0.0155178,74982529.14842188,0
TLM.V,D,20230515,000000,0.0153777,0.0159812,0.0153192,0.0158911,28166375.938122537,0
TLM.V,D,20230516,000000,0.0159512,0.0162414,0.0156794,0.0161681,26182261.563255038,0
TLM.V,D,20230517,000000,0.0160564,0.0167184,0.0158663,0.0166183,38795226.5203983,0
TLM.V,D,20230518,000000,0.0166383,0.0169151,0.0161665,0.0164566,37055473.54381788,0
TLM.V,D,20230519,000000,0.0163966,0.0166767,0.0163102,0.0165048,19698573.16902075,0
TLM.V,D,20230520,000000,0.0165183,0.0166466,0.0163465,0.0165966,11410245.84633003,0
TLM.V,D,20230521,000000,0.0165766,0.016675,0.0158679,0.0159095,16537135.06190786,0
TLM.V,D,20230522,000000,0.0159596,0.0161397,0.0157579,0.0160496,11363395.535197554,0
TLM.V,D,20230523,000000,0.0160622,0.0163729,0.0159227,0.016021,12520331.76407174,0
TLM.V,D,20230524,000000,0.016051,0.0160818,0.0152485,0.0157391,16793539.945549283,0
TLM.V,D,20230525,000000,0.0157292,0.016498,0.0154397,0.0160703,73828316.70656936,0
TLM.V,D,20230526,000000,0.0161064,0.0161903,0.0155512,0.0159637,25467929.05704948,0
TLM.V,D,20230527,000000,0.0159448,0.0160154,0.0155345,0.0155859,18128972.819927875,0
TLM.V,D,20230528,000000,0.0155847,0.0160237,0.0155662,0.0160237,17659445.29270318,0
TLM.V,D,20230529,000000,0.0159035,0.0164849,0.0157244,0.0158047,47570773.61917503,0
TLM.V,D,20230530,000000,0.0157846,0.0158984,0.0155836,0.0157763,21450767.28822012,0
TLM.V,D,20230531,000000,0.0157461,0.0158359,0.0149116,0.0149724,17823137.85545943,0
TLM.V,D,20230601,000000,0.0150624,0.0153521,0.0149636,0.0152043,25682273.616187695,0
TLM.V,D,20230602,000000,0.0153144,0.0154345,0.014983,0.015384,15297638.24047839,0
TLM.V,D,20230603,000000,0.0154143,0.015575,0.0152549,0.0153061,19781214.20527554,0
TLM.V,D,20230604,000000,0.0153058,0.0156045,0.015265,0.0154451,19401205.5578186,0
TLM.V,D,20230605,000000,0.0154249,0.015525,0.0132038,0.0135239,50591362.72596873,0
TLM.V,D,20230606,000000,0.0135539,0.0140324,0.0132134,0.0139739,31869443.212504305,0
TLM.V,D,20230607,000000,0.0139639,0.0140241,0.0125618,0.0125618,39462034.966156386,0
TLM.V,D,20230608,000000,0.0126714,0.012961,0.01232,0.0128123,22958047.39334918,0
TLM.V,D,20230609,000000,0.0127524,0.0129086,0.0124574,0.0126276,16340830.044958264,0
TLM.V,D,20230610,000000,0.0125579,0.0126784,0.0095139,0.0100458,165166685.90522668,0
TLM.V,D,20230611,000000,0.0100558,0.0103349,0.0098729,0.0102441,41070359.30307191,0
TLM.V,D,20230612,000000,0.0102441,0.0103604,0.0097119,0.0102107,32398411.178268798,0
TLM.V,D,20230613,000000,0.0102104,0.0104594,0.0100472,0.0102587,30015908.53112184,0
TLM.V,D,20230614,000000,0.010229,0.0104779,0.009778,0.0100591,33988395.77344801,0
TLM.V,D,20230615,000000,0.0099988,0.0103803,0.009769,0.0103113,24106859.745621942,0
TLM.V,D,20230616,000000,0.0103114,0.0105397,0.0099183,0.0103318,24091434.537291523,0
TLM.V,D,20230617,000000,0.0104118,0.0108125,0.010323,0.0105256,20184899.113368154,0
TLM.V,D,20230618,000000,0.0105456,0.0106774,0.0103376,0.0103476,16318162.117514605,0
TLM.V,D,20230619,000000,0.0106176,0.0106862,0.0102371,0.0105467,15646043.623867529,0
TLM.V,D,20230620,000000,0.0105467,0.0109316,0.0104356,0.0108817,18878663.639957212,0
TLM.V,D,20230621,000000,0.0109015,0.0118108,0.0108517,0.0116407,42984921.07944899,0
TLM.V,D,20230622,000000,0.0116312,0.0121406,0.0114402,0.0116324,35890883.415811,0
TLM.V,D,20230623,000000,0.0115823,0.012175,0.0114007,0.012017,32467166.156731147,0
TLM.V,D,20230624,000000,0.0120271,0.0122556,0.011466,0.0118274,40839900.34248705,0
TLM.V,D,20230625,000000,0.0118071,0.0122747,0.011726,0.0119338,34207016.101451084,0
TLM.V,D,20230626,000000,0.0119235,0.0120053,0.0114702,0.0115624,33615851.66566965,0
TLM.V,D,20230627,000000,0.0115725,0.0118044,0.0113824,0.0117222,24364027.376676857,0
TLM.V,D,20230628,000000,0.0117122,0.0117212,0.0103201,0.0107599,45189134.78617424,0
TLM.V,D,20230629,000000,0.0105997,0.011249,0.0105487,0.011009,30616748.803186424,0
TLM.V,D,20230630,000000,0.0110586,0.0116272,0.0106362,0.0114761,58566766.59226839,0
TLM.V,D,20230701,000000,0.011386,0.0118475,0.0113474,0.0115899,38779903.777775444,0
TLM.V,D,20230702,000000,0.0116,0.01195,0.0115188,0.0117106,37713662.24727486,0
TLM.V,D,20230703,000000,0.0116712,0.012332,0.0116712,0.0121807,36331729.83563054,0
TLM.V,D,20230704,000000,0.012181,0.0123114,0.0117824,0.0118126,136193259.2742094,0
TLM.V,D,20230705,000000,0.0119625,0.0122401,0.0115516,0.0115517,46158044.346630335,0
TLM.V,D,20230706,000000,0.0115717,0.011921,0.0111207,0.0112391,55823124.37051509,0
TLM.V,D,20230707,000000,0.0112497,0.0113309,0.0109503,0.0110011,38333921.66562307,0
TLM.V,D,20230708,000000,0.011131,0.0113008,0.0109403,0.0110819,17946743.05016154,0
TLM.V,D,20230709,000000,0.0110013,0.0113223,0.0109408,0.0111219,17201134.189430717,0
TLM.V,D,20230710,000000,0.0111119,0.0112611,0.0107088,0.0111209,24141505.514620878,0
TLM.V,D,20230711,000000,0.0111921,0.0112626,0.0109513,0.0111602,37931027.735415645,0
TLM.V,D,20230712,000000,0.0111504,0.0116201,0.01112,0.0113991,54659781.41173137,0
TLM.V,D,20230713,000000,0.0112693,0.0121345,0.01126,0.0120747,38101166.80266164,0
TLM.V,D,20230714,000000,0.0120647,0.0125555,0.011514,0.0116061,56995157.377020024,0
TLM.V,D,20230715,000000,0.011626,0.0120537,0.011545,0.0117734,27298523.251934864,0
TLM.V,D,20230716,000000,0.0119136,0.0119435,0.011464,0.0114954,14751373.7122084,0
TLM.V,D,20230717,000000,0.0114954,0.0117731,0.0113525,0.0115421,29097168.408449993,0
TLM.V,D,20230718,000000,0.011532,0.0119123,0.0111903,0.0112825,29505719.004881736,0
TLM.V,D,20230719,000000,0.0113126,0.0114922,0.0112103,0.01139,23195820.58951081,0
TLM.V,D,20230720,000000,0.0113699,0.0114502,0.0110589,0.0112399,30905557.94156503,0
TLM.V,D,20230721,000000,0.0111891,0.0114099,0.01109,0.0111901,21380495.358504415,0
TLM.V,D,20230722,000000,0.0112501,0.0112999,0.0110714,0.0111411,10620846.616228634,0
TLM.V,D,20230723,000000,0.0111211,0.0112498,0.0108512,0.0111699,33674078.65272394,0
TLM.V,D,20230724,000000,0.0111497,0.0112695,0.010479,0.0105987,38924091.2492146,0
TLM.V,D,20230725,000000,0.0105687,0.0107492,0.0105082,0.0106591,35894297.21509284,0
TLM.V,D,20230726,000000,0.0107689,0.0109493,0.0105892,0.0108703,39309850.51292589,0
TLM.V,D,20230727,000000,0.0108704,0.0109895,0.0107485,0.0108171,21040360.53029953,0
TLM.V,D,20230728,000000,0.0108271,0.0110091,0.0107963,0.0109498,18193547.65204417,0
TLM.V,D,20230729,000000,0.0109498,0.01107,0.0109092,0.0109299,14255432.540159855,0
TLM.V,D,20230730,000000,0.0109499,0.0110102,0.0106101,0.0106991,12445337.072719403,0
TLM.V,D,20230731,000000,0.0107091,0.010868,0.0105889,0.0106582,17238838.723394148,0
TLM.V,D,20230801,000000,0.0107183,0.0107626,0.0104166,0.0106747,17535168.4042612,0
TLM.V,D,20230802,000000,0.0106842,0.0108362,0.0105027,0.0105339,20889969.216713347,0
TLM.V,D,20230803,000000,0.010544,0.0106625,0.0104288,0.0104914,17584147.097147755,0
TLM.V,D,20230804,000000,0.0104914,0.0105631,0.0102533,0.0104332,41807059.26840846,0
TLM.V,D,20230805,000000,0.0104032,0.0110219,0.0102533,0.0106982,104467107.62523384,0
TLM.V,D,20230806,000000,0.0108622,0.0120452,0.0106804,0.0112672,343611083.02822703,0
TLM.V,D,20230807,000000,0.0112797,0.0119389,0.0111398,0.0115265,176811406.5091282,0
TLM.V,D,20230808,000000,0.0115862,0.0116661,0.0111939,0.0115583,52272994.98409778,0
TLM.V,D,20230809,000000,0.0116083,0.0129035,0.0114849,0.0121194,730617770.3103951,0
TLM.V,D,20230810,000000,0.0120996,0.012352,0.0116071,0.0117775,95617886.25970481,0
TLM.V,D,20230811,000000,0.0116675,0.0123042,0.0116475,0.0122167,148508922.52373248,0
TLM.V,D,20230812,000000,0.0121966,0.0135217,0.0120677,0.0124229,333578384.4953788,0
TLM.V,D,20230813,000000,0.0126128,0.0132,0.0123626,0.0131198,143724953.27243713,0
TLM.V,D,20230814,000000,0.0129997,0.0135629,0.0128096,0.013165,190521804.18179414,0
TLM.V,D,20230815,000000,0.013175,0.0132073,0.0112784,0.011697,135299508.65571636,0
TLM.V,D,20230816,000000,0.0117768,0.0118874,0.0108985,0.0109279,69102512.14686033,0
TLM.V,D,20230817,000000,0.0113174,0.0113267,0.0091358,0.011066,52217119.05433322,0
TLM.V,D,20230818,000000,0.0110536,0.0110668,0.0097018,0.0100857,77143905.1512627,0
TLM.V,D,20230819,000000,0.0101056,0.0103963,0.0100561,0.010287,26932826.76251431,0
TLM.V,D,20230820,000000,0.0102869,0.010459,0.010217,0.0103595,28111335.81289544,0
TLM.V,D,20230821,000000,0.0103594,0.0104493,0.0098272,0.0101486,24281907.571035616,0
TLM.V,D,20230822,000000,0.0101682,0.0102183,0.0096172,0.0097567,25507099.61463883,0
TLM.V,D,20230823,000000,0.0097367,0.0102954,0.0096358,0.010098,51615772.173956156,0
TLM.V,D,20230824,000000,0.010198,0.0102978,0.009845,0.0099548,24190835.273034368,0
TLM.V,D,20230825,000000,0.0100048,0.0100058,0.0096667,0.0098946,30488123.48474208,0
TLM.V,D,20230826,000000,0.0098949,0.0099259,0.0097446,0.0097546,12940169.315600473,0
TLM.V,D,20230827,000000,0.0098347,0.0098964,0.0097344,0.0098254,20645710.341116194,0
TLM.V,D,20230828,000000,0.0097954,0.0100041,0.0097037,0.0099754,20743142.915600013,0
TLM.V,D,20230829,000000,0.0098849,0.010322,0.0096433,0.010322,39138632.9072978,0
TLM.V,D,20230830,000000,0.0102319,0.0103518,0.0101591,0.0102298,27432304.72840321,0
TLM.V,D,20230831,000000,0.0101292,0.0101492,0.0096395,0.00975834,12245184.497093406,0
TLM.V,D,20230901,000000,0.00973864,0.00985724,0.00927425,0.0094052,18899258.294961065,0
TLM.V,D,20230902,000000,0.0094151,0.00947716,0.00918908,0.00933897,21884042.457799777,0
TLM.V,D,20230903,000000,0.00934907,0.00948839,0.00928833,0.00935832,9203298.48683061,0
TLM.V,D,20230904,000000,0.00936831,0.00974795,0.00936831,0.00945735,30158156.30100925,0
TLM.V,D,20230905,000000,0.00943736,0.01138271,0.00943707,0.01072431,515685148.30086446,0
TLM.V,D,20230906,000000,0.0108047,0.01129514,0.01028475,0.0106636,218754212.51529074,0
TLM.V,D,20230907,000000,0.0106636,0.01089368,0.01013341,0.0103948,52072526.85831592,0
TLM.V,D,20230908,000000,0.0103951,0.0118756,0.0103951,0.0111284,255765772.36923122,0
TLM.V,D,20230909,000000,0.0111384,0.0118763,0.0109056,0.0111267,106218355.41824,0
TLM.V,D,20230910,000000,0.0111565,0.0112066,0.0099978,0.0102761,87957449.68430495,0
TLM.V,D,20230911,000000,0.0102861,0.0103263,0.00931702,0.00946706,51907532.591938935,0
TLM.V,D,20230912,000000,0.00947678,0.01012605,0.00947678,0.00964923,44919608.83716939,0
TLM.V,D,20230913,000000,0.00964913,0.0099688,0.00948858,0.00982324,31573074.980312455,0
TLM.V,D,20230914,000000,0.00981196,0.0100208,0.00969884,0.00986276,27903317.752836294,0
TLM.V,D,20230915,000000,0.00993377,0.01019,0.00983088,0.0100402,19067840.221266925,0
TLM.V,D,20230916,000000,0.0100497,0.01038021,0.0100097,0.01015101,26514939.923757505,0
TLM.V,D,20230917,000000,0.01016102,0.01017142,0.00961192,0.00968232,27972065.43940089,0
TLM.V,D,20230918,000000,0.00968232,0.01012182,0.00961183,0.00991178,24427022.00744756,0
TLM.V,D,20230919,000000,0.00992159,0.01022184,0.00975224,0.0100214,23443600.97159345,0
TLM.V,D,20230920,000000,0.01004131,0.01022092,0.0098903,0.01019061,33217248.508286227,0
TLM.V,D,20230921,000000,0.01020041,0.01038073,0.00985098,0.0100096,39268686.9480282,0
TLM.V,D,20230922,000000,0.0099997,0.01020888,0.0099398,0.0101193,22175345.14585905,0
TLM.V,D,20230923,000000,0.0101293,0.0101599,0.0098405,0.0098807,30477812.27399676,0
TLM.V,D,20230924,000000,0.0098907,0.0100609,0.0098707,0.0099804,18638633.387862045,0
TLM.V,D,20230925,000000,0.0099805,0.0101171,0.0097306,0.0100594,23876575.69568845,0
TLM.V,D,20230926,000000,0.0100494,0.010128,0.0098253,0.0098957,11260750.297965558,0
TLM.V,D,20230927,000000,0.0098952,0.0101216,0.009752,0.0098128,10084222.707146296,0
TLM.V,D,20230928,000000,0.0098127,0.01017114,0.0098126,0.0101098,14544897.312713314,0
TLM.V,D,20230929,000000,0.01010909,0.01032855,0.0099796,0.01026887,13090715.668361891,0
TLM.V,D,20230930,000000,0.01027887,0.01046906,0.0100394,0.01025195,33139309.732666146,0
TLM.V,D,20231001,000000,0.01027205,0.01057021,0.01024092,0.01043125,14350896.854903895,0
TLM.V,D,20231002,000000,0.01044125,0.01077097,0.0100222,0.01010293,16502608.436945647,0
TLM.V,D,20231003,000000,0.01009293,0.01030093,0.0099601,0.0100696,18757413.332798537,0
TLM.V,D,20231004,000000,0.01009071,0.01014071,0.00966116,0.0100502,14890072.349003939,0
TLM.V,D,20231005,000000,0.0100005,0.0100197,0.0097438,0.00986276,12352110.112230489,0
TLM.V,D,20231006,000000,0.00987266,0.01006252,0.00981147,0.01002401,8026434.715842862,0
TLM.V,D,20231007,000000,0.01002411,0.01004492,0.00988524,0.00997568,6223008.729698875,0
TLM.V,D,20231008,000000,0.00996568,0.01005663,0.0098256,0.00990554,9139445.039506767,0
TLM.V,D,20231009,000000,0.00991555,0.00997379,0.00929232,0.0095119,11285428.115986489,0
TLM.V,D,20231010,000000,0.0095019,0.00962106,0.00932093,0.00942104,10617162.428966975,0
TLM.V,D,20231011,000000,0.00943104,0.00948057,0.00922277,0.00939812,6168819.992916004,0
TLM.V,D,20231012,000000,0.00940727,0.00952705,0.0092488,0.00937644,8821977.943275355,0
TLM.V,D,20231013,000000,0.00940652,0.00959712,0.00935672,0.0095578,6899452.876767807,0
TLM.V,D,20231014,000000,0.0095579,0.00957808,0.00939897,0.00949933,7271566.636964999,0
TLM.V,D,20231015,000000,0.00950943,0.00960933,0.00943019,0.0095001,5729508.007713723,0
TLM.V,D,20231016,000000,0.00950028,0.01060339,0.00946066,0.01033424,83885105.20105997,0
TLM.V,D,20231017,000000,0.01033424,0.01052494,0.00989366,0.01007373,28185720.95547508,0
TLM.V,D,20231018,000000,0.01007373,0.0102442,0.00968194,0.00969213,17335967.023354694,0
TLM.V,D,20231019,000000,0.00967213,0.00980176,0.00949209,0.00955372,12544474.7597227,0
TLM.V,D,20231020,000000,0.00955372,0.00990653,0.00950466,0.00980412,11846916.01255198,0
TLM.V,D,20231021,000000,0.00980412,0.01009313,0.00970446,0.01003491,9818652.065662395,0
TLM.V,D,20231022,000000,0.01004492,0.01038571,0.00991595,0.01021337,31597512.97823288,0
TLM.V,D,20231023,000000,0.01020357,0.01057296,0.01007242,0.01045533,21592568.437929414,0
TLM.V,D,20231024,000000,0.01045543,0.01122045,0.01045533,0.0108287,36325856.01712072,0
TLM.V,D,20231025,000000,0.01078871,0.01147149,0.01071,0.01111256,42611821.34115231,0
TLM.V,D,20231026,000000,0.01114245,0.01167245,0.01095022,0.01135011,21994015.472871866,0
TLM.V,D,20231027,000000,0.01138023,0.01143229,0.0109214,0.0112226,13866638.108287055,0
TLM.V,D,20231028,000000,0.0112327,0.0122423,0.0111523,0.0117519,59122151.09523472,0
TLM.V,D,20231029,000000,0.0117719,0.0123314,0.0114222,0.0121636,16518731.411953738,0
TLM.V,D,20231030,000000,0.0121442,0.0121843,0.0116153,0.0119339,15859623.063019047,0
TLM.V,D,20231031,000000,0.0119541,0.0120937,0.0111632,0.0115148,9446460.919332718,0
TLM.V,D,20231101,000000,0.0115047,0.0118946,0.0111129,0.0117338,22538914.27385216,0
TLM.V,D,20231102,000000,0.0117436,0.0121171,0.0114522,0.0115914,20991285.312507488,0
TLM.V,D,20231103,000000,0.0116014,0.0118147,0.011201,0.0117946,16995707.92776205,0
TLM.V,D,20231104,000000,0.0118045,0.012135,0.0116645,0.0120271,16704769.121389797,0
TLM.V,D,20231105,000000,0.0120466,0.0124682,0.011908,0.0121397,32432038.101788532,0
TLM.V,D,20231106,000000,0.0121497,0.0139299,0.0120997,0.0133036,63845684.08273962,0
TLM.V,D,20231107,000000,0.0133137,0.0134044,0.0123123,0.0127657,36770510.18570796,0
TLM.V,D,20231108,000000,0.0127657,0.0137904,0.0126757,0.0134831,50753923.313762404,0
TLM.V,D,20231109,000000,0.013463,0.0143274,0.012382,0.0132625,57257499.18581259,0
TLM.V,D,20231110,000000,0.0132525,0.0141269,0.0131525,0.0141268,40655603.5250726,0
TLM.V,D,20231111,000000,0.0141273,0.0144089,0.0134482,0.0139235,41067523.297288515,0
TLM.V,D,20231112,000000,0.0139135,0.0143152,0.013354,0.0142857,30282460.766744312,0
TLM.V,D,20231113,000000,0.0143059,0.0145207,0.0133517,0.0133836,14923986.578542434,0
TLM.V,D,20231114,000000,0.0133837,0.0137137,0.0125411,0.0131717,18815400.796479233,0
TLM.V,D,20231115,000000,0.0131821,0.0138246,0.0131122,0.013686,16037094.345059708,0
TLM.V,D,20231116,000000,0.0136968,0.0139535,0.0127713,0.0131113,30601651.345855746,0
TLM.V,D,20231117,000000,0.0130718,0.0133695,0.0122512,0.0128344,24325153.379401613,0
TLM.V,D,20231118,000000,0.0128344,0.012904,0.0120152,0.0127164,23613712.894573428,0
TLM.V,D,20231119,000000,0.0127162,0.0130064,0.0123668,0.0128158,7822789.93351211,0
TLM.V,D,20231120,000000,0.0128557,0.0134866,0.0128013,0.013069,22044626.713027697,0
TLM.V,D,20231121,000000,0.0130889,0.0135189,0.0117545,0.0118546,45319905.5487548,0
TLM.V,D,20231122,000000,0.0118645,0.0125536,0.0117146,0.012424,21011375.406782586,0
TLM.V,D,20231123,000000,0.0124339,0.0127355,0.0123332,0.0127019,17118265.193695243,0
TLM.V,D,20231124,000000,0.0127018,0.013288,0.0125616,0.0130905,16295743.323605958,0
TLM.V,D,20231125,000000,0.0130704,0.0140294,0.0130003,0.0137081,44896100.590428345,0
TLM.V,D,20231126,000000,0.0136881,0.018739,0.0135077,0.0166762,793449492.7792993,0
TLM.V,D,20231127,000000,0.0166663,0.0167867,0.0145248,0.0150303,168235435.9930978,0
TLM.V,D,20231128,000000,0.0150403,0.0159798,0.0149413,0.0152188,116562558.966077,0
TLM.V,D,20231129,000000,0.0151688,0.0154092,0.0145842,0.0148119,62506823.98677222,0
TLM.V,D,20231130,000000,0.0148019,0.0151015,0.0144523,0.0147116,34789865.132004455,0
TLM.V,D,20231201,000000,0.0147026,0.0155962,0.0146928,0.0155962,60601230.62889437,0
TLM.V,D,20231202,000000,0.0155661,0.0166472,0.0153972,0.0160074,91053254.60833763,0
TLM.V,D,20231203,000000,0.0160374,0.0161369,0.0151856,0.0153854,31964466.768410325,0
TLM.V,D,20231204,000000,0.0153854,0.0158338,0.0145168,0.0152008,47343966.68699797,0
TLM.V,D,20231205,000000,0.0152106,0.0162708,0.0151811,0.0158719,53836753.01757268,0
TLM.V,D,20231206,000000,0.0158919,0.0164208,0.0153914,0.0157517,37467191.0703036,0
TLM.V,D,20231207,000000,0.0158017,0.0164198,0.015422,0.0160556,34538989.45824734,0
TLM.V,D,20231208,000000,0.0161252,0.0166353,0.0160435,0.0165355,26534253.79724956,0
TLM.V,D,20231209,000000,0.0165855,0.017256,0.0164746,0.0168144,27963240.25678981,0
TLM.V,D,20231210,000000,0.0168145,0.0173123,0.0163531,0.01692,27392896.776224002,0
TLM.V,D,20231211,000000,0.0169407,0.0169407,0.0144327,0.0153722,49202878.66758895,0
TLM.V,D,20231212,000000,0.0153929,0.0159549,0.0149088,0.0151833,25248794.07544606,0
TLM.V,D,20231213,000000,0.0151833,0.0156703,0.0143741,0.0156134,22990930.539917354,0
TLM.V,D,20231214,000000,0.0155736,0.0161137,0.0152314,0.0160527,17693174.7916718,0
TLM.V,D,20231215,000000,0.0160526,0.0165532,0.0156519,0.0159314,30747914.901776697,0
TLM.V,D,20231216,000000,0.0159016,0.0168489,0.0155892,0.0163769,29976624.45027964,0
TLM.V,D,20231217,000000,0.0163569,0.0164077,0.0157049,0.0157737,16976928.883729424,0
TLM.V,D,20231218,000000,0.015753,0.015753,0.0140565,0.0150855,24590738.898379214,0
TLM.V,D,20231219,000000,0.0150955,0.0155033,0.0145721,0.0147026,14824514.743719392,0
TLM.V,D,20231220,000000,0.0147328,0.0163736,0.0145855,0.0161105,51123920.00455757,0
TLM.V,D,20231221,000000,0.0161205,0.01691,0.0160292,0.0163529,48759765.82249457,0
TLM.V,D,20231222,000000,0.0163831,0.0176141,0.0163831,0.017544,37812532.926948845,0
TLM.V,D,20231223,000000,0.0175639,0.01787,0.0167637,0.0174084,27796954.54389672,0
TLM.V,D,20231224,000000,0.0173785,0.0197314,0.0171084,0.0185721,105373242.892492,0
TLM.V,D,20231225,000000,0.018522,0.0198442,0.0181785,0.0195843,108365689.15983996,0
TLM.V,D,20231226,000000,0.0195541,0.0204225,0.017725,0.0194279,58625255.90182568,0
TLM.V,D,20231227,000000,0.0194181,0.0217722,0.0182895,0.0214033,94077379.25163347,0
TLM.V,D,20231228,000000,0.0214411,0.0215703,0.0195718,0.0199998,37812075.711905524,0
TLM.V,D,20231229,000000,0.0199686,0.020756,0.0184504,0.0187036,38132275.33563026,0
TLM.V,D,20231230,000000,0.0187641,0.0193496,0.0184076,0.0186096,20598828.049915064,0
TLM.V,D,20231231,000000,0.0185794,0.0195204,0.0181533,0.0188451,35283823.41547529,0
TLM.V,D,20240101,000000,0.0189249,0.0194653,0.0181285,0.0191536,38379170.07625916,0
TLM.V,D,20240102,000000,0.0191636,0.0197044,0.0183117,0.0185269,22158394.758007154,0
TLM.V,D,20240103,000000,0.018497,0.0195053,0.0146873,0.0168262,55030925.43092335,0
TLM.V,D,20240104,000000,0.0167765,0.0175223,0.0164802,0.0169201,23917451.905406687,0
TLM.V,D,20240105,000000,0.0169298,0.0170584,0.0157488,0.0161724,35768472.3328851,0
TLM.V,D,20240106,000000,0.0162128,0.0165432,0.0150337,0.0158595,24874215.367130168,0
TLM.V,D,20240107,000000,0.0158295,0.0165286,0.0146803,0.0149496,27361536.44494873,0
TLM.V,D,20240108,000000,0.0149996,0.0162036,0.0137574,0.0161343,34431475.43616843,0
TLM.V,D,20240109,000000,0.0160843,0.0161844,0.0142734,0.0149546,25750436.408109043,0
TLM.V,D,20240110,000000,0.0149446,0.0167739,0.0145539,0.0167542,33516952.319220807,0
TLM.V,D,20240111,000000,0.0167944,0.0174463,0.0164338,0.0168607,24531807.40127453,0
TLM.V,D,20240112,000000,0.0169022,0.0173393,0.0155785,0.0160099,19192416.656853504,0
TLM.V,D,20240113,000000,0.0159901,0.0166885,0.0155064,0.0164759,15989920.799159186,0
TLM.V,D,20240114,000000,0.016486,0.0165537,0.0154326,0.0157125,18135024.935543876,0
TLM.V,D,20240115,000000,0.0157025,0.0164052,0.0154003,0.0158854,18746288.163887054,0
TLM.V,D,20240116,000000,0.0158854,0.0168785,0.0157009,0.0166675,22139209.3560886,0
TLM.V,D,20240117,000000,0.0166973,0.0167175,0.0158265,0.0160439,17750868.109417293,0
TLM.V,D,20240118,000000,0.0160639,0.0161401,0.0145032,0.014845,20771769.060837567,0
TLM.V,D,20240119,000000,0.0148052,0.0148451,0.0134167,0.0143658,21932174.895601243,0
TLM.V,D,20240120,000000,0.014316,0.0149975,0.0141374,0.0149777,16910538.49859664,0
TLM.V,D,20240121,000000,0.0149677,0.0152593,0.0146308,0.0146608,15930366.782089308,0
TLM.V,D,20240122,000000,0.0146397,0.0147287,0.0135059,0.0138151,15980448.026641114,0
TLM.V,D,20240123,000000,0.0137752,0.0139857,0.0127246,0.013418,16005429.889315542,0
TLM.V,D,20240124,000000,0.013418,0.013788,0.0133136,0.0135128,16049649.830994776,0
TLM.V,D,20240125,000000,0.0135031,0.0137045,0.0130407,0.0134827,10694438.948608007,0
TLM.V,D,20240126,000000,0.0134627,0.014265,0.0133133,0.0140071,10524708.273793127,0
TLM.V,D,20240127,000000,0.0140173,0.0143386,0.0138074,0.0142699,8179684.189883257,0
TLM.V,D,20240128,000000,0.0142299,0.014467,0.0136485,0.0137378,14894499.140194725,0
TLM.V,D,20240129,000000,0.0137178,0.0141458,0.0135766,0.0140401,12836624.686658405,0
TLM.V,D,20240130,000000,0.0140601,0.0141394,0.0136697,0.0136697,15336935.556079527,0
TLM.V,D,20240131,000000,0.0136797,0.0137199,0.0128026,0.0129228,17230051.691717215,0
TLM.V,D,20240201,000000,0.0129329,0.0130921,0.0124991,0.0128763,21633764.617726706,0
TLM.V,D,20240202,000000,0.0128864,0.0131796,0.0128324,0.0130036,12023221.969466336,0
TLM.V,D,20240203,000000,0.0130231,0.0130624,0.0126953,0.0127057,9997434.968507431,0
TLM.V,D,20240204,000000,0.0127257,0.0127557,0.0121355,0.0121948,10177626.73314508,0
TLM.V,D,20240205,000000,0.0122049,0.0124168,0.0119238,0.0120342,16277155.941250937,0
TLM.V,D,20240206,000000,0.0120242,0.0132359,0.0120146,0.0130358,51822019.13805275,0
TLM.V,D,20240207,000000,0.013016,0.0133192,0.0127499,0.0130874,42194896.797310755,0
TLM.V,D,20240208,000000,0.0130873,0.0132577,0.0130007,0.0131526,19241852.573570386,0
TLM.V,D,20240209,000000,0.0131426,0.0138986,0.0131025,0.0138181,29046757.127279956,0
TLM.V,D,20240210,000000,0.0138183,0.0139165,0.0134098,0.0138139,20327393.21058316,0
TLM.V,D,20240211,000000,0.013814,0.013944,0.013474,0.0135738,15954026.332845429,0
TLM.V,D,20240212,000000,0.0135739,0.0142648,0.0132299,0.0142263,32094078.668131296,0
TLM.V,D,20240213,000000,0.0142061,0.015402,0.0140052,0.0149058,123131664.4825325,0
TLM.V,D,20240214,000000,0.0148759,0.0161482,0.014748,0.0153252,95802457.40412837,0
TLM.V,D,20240215,000000,0.0153244,0.0159224,0.0152235,0.0156836,46528705.84970327,0
TLM.V,D,20240216,000000,0.0156735,0.016397,0.0153494,0.0156824,46604501.52621778,0
TLM.V,D,20240217,000000,0.0157319,0.0159526,0.014916,0.0156734,38940902.0292498,0
TLM.V,D,20240218,000000,0.0156536,0.0164823,0.0155262,0.0161918,28477885.317236625,0
TLM.V,D,20240219,000000,0.0162118,0.0178904,0.0160537,0.0173442,71570194.3338265,0
TLM.V,D,20240220,000000,0.0172841,0.017737,0.0156439,0.0169932,72823443.46863921,0
TLM.V,D,20240221,000000,0.0169634,0.0171034,0.0155298,0.01641,35952891.21004281,0
TLM.V,D,20240222,000000,0.0164003,0.017377,0.0159568,0.0169046,47334371.42291345,0
TLM.V,D,20240223,000000,0.0169144,0.0170186,0.0160497,0.0163477,33321566.979568966,0
TLM.V,D,20240224,000000,0.0163475,0.0196167,0.0160887,0.0179598,146137826.30030295,0
TLM.V,D,20240225,000000,0.0179398,0.0194096,0.0177895,0.0184693,71455330.94757956,0
TLM.V,D,20240226,000000,0.0184796,0.0228477,0.0183785,0.0209436,406443861.6525421,0
TLM.V,D,20240227,000000,0.0209536,0.0216706,0.0201379,0.0204882,98008956.85258241,0
TLM.V,D,20240228,000000,0.0204782,0.0228166,0.0197815,0.0210147,232313445.32428497,0
TLM.V,D,20240229,000000,0.0210147,0.022314,0.0205082,0.0209319,118784909.37519045,0
TLM.V,D,20240301,000000,0.0209624,0.0238688,0.0207802,0.0235881,91924583.87887406,0
TLM.V,D,20240302,000000,0.023708,0.0284484,0.0226793,0.0266861,442087616.49645215,0
TLM.V,D,20240303,000000,0.0267662,0.0319631,0.0226524,0.0280123,484861887.4800178,0
TLM.V,D,20240304,000000,0.0280926,0.0294456,0.0264037,0.0270998,137393688.7922954,0
TLM.V,D,20240305,000000,0.0271498,0.0278008,0.0195763,0.0228357,90653818.88153191,0
TLM.V,D,20240306,000000,0.0228257,0.0249432,0.0219687,0.0242533,46676854.95211915,0
TLM.V,D,20240307,000000,0.0242321,0.0264818,0.023922,0.0261779,79382850.91587408,0
TLM.V,D,20240308,000000,0.0261574,0.0263795,0.0232615,0.0255208,46448634.3256368,0
TLM.V,D,20240309,000000,0.0255107,0.0297704,0.0252965,0.028245,137273660.3656255,0
TLM.V,D,20240310,000000,0.0282246,0.0313304,0.0276086,0.028365,170769583.39821365,0
TLM.V,D,20240311,000000,0.0284501,0.0309197,0.0263302,0.0293959,72143638.13067669,0
TLM.V,D,20240312,000000,0.0294256,0.0324529,0.0275744,0.0320822,66866505.499745704,0
TLM.V,D,20240313,000000,0.0320622,0.0329716,0.0300122,0.0309386,71792052.2971417,0
TLM.V,D,20240314,000000,0.0308876,0.0309652,0.0276809,0.0291895,33319025.144417223,0
TLM.V,D,20240315,000000,0.0291795,0.0296179,0.0245704,0.0284028,117338679.7398535,0
TLM.V,D,20240316,000000,0.0284026,0.0302552,0.0247147,0.0253843,98258422.20009592,0
TLM.V,D,20240317,000000,0.025385,0.0267967,0.0242145,0.0263458,34604580.55073595,0
TLM.V,D,20240318,000000,0.0263266,0.0265235,0.0235562,0.0238383,47362580.90106643,0
TLM.V,D,20240319,000000,0.0238786,0.0242876,0.0209223,0.0218625,58158734.29775511,0
TLM.V,D,20240320,000000,0.0218707,0.0243558,0.0208873,0.0242624,58402068.04811249,0
TLM.V,D,20240321,000000,0.0242611,0.024846,0.0232607,0.0244744,30175703.22374381,0
TLM.V,D,20240322,000000,0.0245244,0.0253667,0.023063,0.0234852,50160421.96880857,0
TLM.V,D,20240323,000000,0.0234752,0.0282003,0.0234552,0.02639,169475538.96923515,0
TLM.V,D,20240324,000000,0.02639,0.0266935,0.0249657,0.0258884,70197309.97635908,0
TLM.V,D,20240325,000000,0.0259084,0.0272314,0.0255987,0.026834,48517056.2817602,0
TLM.V,D,20240326,000000,0.026864,0.0282857,0.0265848,0.0278403,105832805.0906607,0
TLM.V,D,20240327,000000,0.0277706,0.0280061,0.0257661,0.0263408,60840564.66536996,0
TLM.V,D,20240328,000000,0.0263505,0.0269552,0.0255249,0.0265856,53543488.763534285,0
TLM.V,D,20240329,000000,0.0266056,0.0271738,0.0259739,0.0267028,63188571.64462761,0
TLM.V,D,20240330,000000,0.0266825,0.0271365,0.025472,0.0255297,41917091.39354459,0
TLM.V,D,20240331,000000,0.0254894,0.0262792,0.0252398,0.0259131,30853682.872874033,0
TLM.V,D,20240401,000000,0.0259531,0.026115,0.0236405,0.0243492,64985672.834357336,0
TLM.V,D,20240402,000000,0.024329,0.0244886,0.0216618,0.0222589,59836974.29075168,0
TLM.V,D,20240403,000000,0.0221989,0.0229392,0.0212242,0.0220564,56601301.21610465,0
TLM.V,D,20240404,000000,0.0220562,0.0236718,0.0216539,0.0227852,48105990.4188933,0
TLM.V,D,20240405,000000,0.0227755,0.0234038,0.0217952,0.0229778,55681290.35847855,0
TLM.V,D,20240406,000000,0.0229771,0.0230755,0.0223501,0.0226654,32935989.441148017,0
TLM.V,D,20240407,000000,0.0226457,0.0244149,0.0226457,0.0236519,67235779.27987139,0
TLM.V,D,20240408,000000,0.0235821,0.0260631,0.0233295,0.0254685,90609234.6719922,0
TLM.V,D,20240409,000000,0.0254887,0.0256495,0.0243846,0.0246786,45449447.51367555,0
TLM.V,D,20240410,000000,0.0246789,0.0247086,0.0226459,0.0235395,24734898.251532122,0
TLM.V,D,20240411,000000,0.0236293,0.0240886,0.0228452,0.0229818,18515220.926621888,0
TLM.V,D,20240412,000000,0.0229816,0.0235128,0.0172631,0.0177353,54140098.033171795,0
TLM.V,D,20240413,000000,0.0177053,0.0181118,0.0129022,0.0138712,112029481.74286711,0
TLM.V,D,20240414,000000,0.0138411,0.0158379,0.0136612,0.0150145,84173854.2071718,0
TLM.V,D,20240415,000000,0.0151345,0.016958,0.0146973,0.0151724,50193374.419751436,0
TLM.V,D,20240416,000000,0.0150626,0.0158124,0.0144967,0.0157331,42093686.1987954,0
TLM.V,D,20240417,000000,0.0157131,0.0159387,0.01465,0.0156383,30620755.469892398,0
TLM.V,D,20240418,000000,0.0156283,0.0161781,0.0150192,0.0159948,35962035.24495402,0
TLM.V,D,20240419,000000,0.0159948,0.0166208,0.0146016,0.0162852,32606774.209887303,0
TLM.V,D,20240420,000000,0.0163062,0.0178963,0.0157863,0.0178353,34815939.58040463,0
TLM.V,D,20240421,000000,0.0178454,0.0179879,0.0170938,0.0174728,17754391.968768444,0
TLM.V,D,20240422,000000,0.017403,0.0180297,0.0172835,0.0176651,18570665.080352545,0
TLM.V,D,20240423,000000,0.0176551,0.0182116,0.0173273,0.0178896,12736697.789177828,0
TLM.V,D,20240424,000000,0.0178295,0.0193194,0.0171077,0.017414,68328171.31490842,0
TLM.V,D,20240425,000000,0.017414,0.0177793,0.0162859,0.0175598,26165038.065728236,0
TLM.V,D,20240426,000000,0.0175398,0.0175398,0.016745,0.0172569,13114475.221559463,0
TLM.V,D,20240427,000000,0.0172148,0.0172148,0.0162935,0.0168648,17117043.702292666,0
TLM.V,D,20240428,000000,0.0168448,0.0174765,0.0167317,0.0167633,8515140.846201392,0
TLM.V,D,20240429,000000,0.0168017,0.0168017,0.0156437,0.0159352,21935149.14434986,0
TLM.V,D,20240430,000000,0.0159643,0.0164141,0.0144116,0.0149106,28974169.153105024,0
TLM.V,D,20240501,000000,0.0148906,0.0155037,0.0140336,0.0152671,25032598.845681287,0
TLM.V,D,20240502,000000,0.015307,0.0159503,0.0148249,0.0158806,8458591.588224553,0
TLM.V,D,20240503,000000,0.0158706,0.0169771,0.0154814,0.0167772,18438422.574617334,0
TLM.V,D,20240504,000000,0.0168171,0.0181134,0.0165231,0.0173717,39191939.192154154,0
TLM.V,D,20240505,000000,0.0173816,0.0182018,0.0168022,0.017812,55587122.72633222,0
TLM.V,D,20240506,000000,0.017782,0.01867,0.0173393,0.0175898,23726913.11378662,0
TLM.V,D,20240507,000000,0.0175902,0.017677,0.0169597,0.0169997,17771939.42322564,0
TLM.V,D,20240508,000000,0.0170895,0.0174756,0.0162679,0.0167348,19110370.28609872,0
TLM.V,D,20240509,000000,0.0167148,0.0176474,0.0163331,0.0176274,14144732.302376665,0
TLM.V,D,20240510,000000,0.0176372,0.0179075,0.0165725,0.0167348,21192241.80895492,0
TLM.V,D,20240511,000000,0.0167648,0.0172857,0.0165742,0.0166863,7347877.388874038,0
TLM.V,D,20240512,000000,0.0166663,0.0167433,0.0161244,0.016173,11771368.995585514,0
TLM.V,D,20240513,000000,0.0161231,0.0170669,0.0152353,0.0165582,31062079.214341395,0
TLM.V,D,20240514,000000,0.0166182,0.0166906,0.0155553,0.0156943,17356260.87857382,0
TLM.V,D,20240515,000000,0.0156943,0.0169819,0.0154263,0.0167999,23044547.534632437,0
TLM.V,D,20240516,000000,0.0167701,0.0169798,0.0160447,0.0164913,18574928.42476877,0
TLM.V,D,20240517,000000,0.0165115,0.0173671,0.0163716,0.017126,15270336.623500288,0
TLM.V,D,20240518,000000,0.0171258,0.0173036,0.0166637,0.0169529,9023815.668282494,0
TLM.V,D,20240519,000000,0.0169531,0.0170827,0.0160598,0.0161989,9171224.646048289,0
TLM.V,D,20240520,000000,0.0162189,0.0177667,0.01601,0.0177567,17365769.47862739,0
TLM.V,D,20240521,000000,0.0177667,0.0188545,0.0177357,0.018126,27659388.09658712,0
TLM.V,D,20240522,000000,0.0181753,0.0184147,0.0173176,0.0179523,20497532.34882862,0
TLM.V,D,20240523,000000,0.0179723,0.0190697,0.016668,0.0180384,29518027.21432886,0
TLM.V,D,20240524,000000,0.0180386,0.0183897,0.0171652,0.0181876,17877205.851383723,0
TLM.V,D,20240525,000000,0.0182078,0.0187927,0.0181955,0.0183063,12405321.555584542,0
TLM.V,D,20240526,000000,0.0182963,0.0183769,0.0176292,0.0178946,17103777.252614807,0
TLM.V,D,20240527,000000,0.0178532,0.0189797,0.0176494,0.018601,43289856.49109355,0
TLM.V,D,20240528,000000,0.018561,0.01938,0.0181767,0.0189352,31605199.46831281,0
TLM.V,D,20240529,000000,0.018945,0.0191585,0.0183513,0.0185396,26855077.631249487,0
TLM.V,D,20240530,000000,0.0185294,0.0190831,0.0175896,0.0184833,17939829.694521356,0
TLM.V,D,20240531,000000,0.0184835,0.0203433,0.0178425,0.0192572,103308682.41630566,0
TLM.V,D,20240601,000000,0.0192169,0.0201743,0.0187731,0.019073,51772120.4573348,0
TLM.V,D,20240602,000000,0.0190448,0.0197434,0.0184486,0.0187101,29339533.00331067,0
TLM.V,D,20240603,000000,0.0187197,0.0246248,0.0186897,0.0212566,364498360.06045216,0
TLM.V,D,20240604,000000,0.0210864,0.0211664,0.0201342,0.0203998,55617909.84252203,0
TLM.V,D,20240605,000000,0.0203798,0.0210504,0.0201916,0.0204918,35658469.868484996,0
TLM.V,D,20240606,000000,0.0205018,0.0208302,0.0194434,0.0197837,31084688.11916934,0
TLM.V,D,20240607,000000,0.0198137,0.0202291,0.0167364,0.0175435,26695047.551791653,0
TLM.V,D,20240608,000000,0.0175235,0.0181222,0.0164867,0.0166982,25130591.98669064,0
TLM.V,D,20240609,000000,0.016698,0.0171079,0.0164485,0.0168773,10943275.640108293,0
TLM.V,D,20240610,000000,0.0168675,0.0169378,0.0161453,0.0163054,14978816.00994628,0
TLM.V,D,20240611,000000,0.016244,0.0163426,0.0151721,0.015587,17506316.621212795,0
TLM.V,D,20240612,000000,0.0155966,0.0166482,0.0151185,0.0159147,19102957.399561897,0
TLM.V,D,20240613,000000,0.0159046,0.0159539,0.0149155,0.015104,29264926.89780399,0
TLM.V,D,20240614,000000,0.015114,0.0153805,0.0139615,0.0145598,18916506.15254732,0
TLM.V,D,20240615,000000,0.0145698,0.0148908,0.0143812,0.0145518,11041170.285773702,0
TLM.V,D,20240616,000000,0.0145917,0.0147482,0.0142813,0.0145983,7151469.463372808,0
TLM.V,D,20240617,000000,0.0145983,0.0148499,0.013052,0.0136236,21439032.11373897,0
TLM.V,D,20240618,000000,0.0136137,0.0136537,0.0115979,0.0122533,32926087.299475133,0
TLM.V,D,20240619,000000,0.0122633,0.0127249,0.0120958,0.0126349,12743739.491303604,0
TLM.V,D,20240620,000000,0.0126549,0.0132747,0.0124451,0.012681,12761891.118502632,0
TLM.V,D,20240621,000000,0.012701,0.0129019,0.0123918,0.0125822,11464183.005229408,0
TLM.V,D,20240622,000000,0.0125822,0.0126324,0.0122429,0.012535,9458928.466635654,0
TLM.V,D,20240623,000000,0.0125437,0.0127717,0.0119822,0.0122314,10337710.834182907,0
TLM.V,D,20240624,000000,0.0122116,0.0123315,0.0114129,0.012291,23528657.434028152,0
TLM.V,D,20240625,000000,0.0123009,0.0127955,0.0122909,0.0126777,10283315.909133404,0
TLM.V,D,20240626,000000,0.0126776,0.012796,0.0121663,0.0124514,12666787.554786257,0
TLM.V,D,20240627,000000,0.0124415,0.0128069,0.0120979,0.012762,11719464.26224842,0
TLM.V,D,20240628,000000,0.0127329,0.0131048,0.0125059,0.012555,14004004.609019473,0
TLM.V,D,20240629,000000,0.012535,0.0127465,0.0121795,0.0122491,13285370.468370344,0
TLM.V,D,20240630,000000,0.012239,0.0124706,0.011791,0.0123507,17153187.604782213,0
TLM.V,D,20240701,000000,0.0123708,0.0128316,0.0122838,0.012526,14942027.12612407,0
TLM.V,D,20240702,000000,0.0125266,0.0125366,0.012066,0.0123302,20057870.239976574,0
TLM.V,D,20240703,000000,0.0123204,0.0124208,0.0115373,0.0117469,12669333.560692886,0
TLM.V,D,20240704,000000,0.011737,0.011737,0.0105314,0.0108338,22786442.537708033,0
TLM.V,D,20240705,000000,0.0108239,0.0108539,0.00885761,0.00978078,41957440.94694356,0
TLM.V,D,20240706,000000,0.00978078,0.0106113,0.00961125,0.0105603,14615114.86713553,0
TLM.V,D,20240707,000000,0.0105702,0.0106197,0.010039,0.0101089,17601740.021996215,0
TLM.V,D,20240708,000000,0.0101389,0.0106078,0.00948924,0.0102692,22492140.899894007,0
TLM.V,D,20240709,000000,0.0102591,0.0106293,0.0101385,0.0105799,17788594.304167856,0
TLM.V,D,20240710,000000,0.0105599,0.010782,0.0103693,0.0104493,15970954.302834857,0
TLM.V,D,20240711,000000,0.0104392,0.0109175,0.0103302,0.0103598,20045410.941271856,0
TLM.V,D,20240712,000000,0.0103698,0.010573,0.0100904,0.010522,16781597.68067102,0
TLM.V,D,20240713,000000,0.010532,0.0106719,0.0104632,0.0106019,8626320.34933262,0
TLM.V,D,20240714,000000,0.0106132,0.0125944,0.0105318,0.0120945,136934781.37943456,0
TLM.V,D,20240715,000000,0.0120044,0.0124944,0.0114156,0.0116958,130838719.88287003,0
TLM.V,D,20240716,000000,0.0116958,0.0122466,0.0115233,0.012133,32935652.470596403,0
TLM.V,D,20240717,000000,0.012143,0.0141313,0.0120231,0.0141113,159344380.98626164,0
TLM.V,D,20240718,000000,0.0141211,0.0142383,0.0126589,0.0129074,101759946.92883213,0
TLM.V,D,20240719,000000,0.0129074,0.0134815,0.012657,0.0132657,26651602.830716405,0
TLM.V,D,20240720,000000,0.0132857,0.0134965,0.0130758,0.0132155,14872653.256467931,0
TLM.V,D,20240721,000000,0.0132257,0.0134439,0.0123967,0.0133027,27535912.462041475,0
TLM.V,D,20240722,000000,0.0132928,0.01344,0.0123309,0.0125138,32095113.127521273,0
TLM.V,D,20240723,000000,0.0124937,0.0127423,0.0117511,0.0118914,17419514.204743177,0
TLM.V,D,20240724,000000,0.0118614,0.0123822,0.0117187,0.0118879,15892561.157720968,0
TLM.V,D,20240725,000000,0.0118679,0.0118679,0.0110174,0.0114767,18576922.54065046,0
TLM.V,D,20240726,000000,0.0114669,0.0120477,0.0114171,0.0120299,9937172.350511422,0
TLM.V,D,20240727,000000,0.01204,0.0123912,0.0118413,0.0121399,14029092.98442999,0
TLM.V,D,20240728,000000,0.0121512,0.0121689,0.0117198,0.0118589,5997116.942659408,0
TLM.V,D,20240729,000000,0.0118688,0.0123673,0.0117361,0.0118886,11385387.289035782,0
TLM.V,D,20240730,000000,0.0118987,0.0120759,0.0113566,0.0114666,10496889.781258458,0
TLM.V,D,20240731,000000,0.0114723,0.0116944,0.0111454,0.0113156,8938660.215969337,0
TLM.V,D,20240801,000000,0.0112859,0.0113165,0.0100903,0.0107004,10630018.076642593,0
TLM.V,D,20240802,000000,0.0106814,0.01099,0.0098507,0.00995853,18903058.018322874,0
TLM.V,D,20240803,000000,0.00994855,0.01010201,0.00904394,0.00928415,18712131.58724762,0
TLM.V,D,20240804,000000,0.00927406,0.00949525,0.00861259,0.00909736,21975601.292455565,0
TLM.V,D,20240805,000000,0.00908736,0.00919724,0.00729993,0.00836159,69738327.56186308,0
TLM.V,D,20240806,000000,0.00835159,0.00886159,0.00830232,0.00876333,17418430.167798016,0
TLM.V,D,20240807,000000,0.00879325,0.0090136,0.00839151,0.00850068,14996658.419932323,0
TLM.V,D,20240808,000000,0.00850085,0.00914265,0.00833108,0.00913274,12486848.243192645,0
TLM.V,D,20240809,000000,0.00910264,0.00932233,0.00890169,0.00914283,9061985.195400069,0
TLM.V,D,20240810,000000,0.00917284,0.00969174,0.00904353,0.00952181,18032683.43496429,0
TLM.V,D,20240811,000000,0.00951475,0.00964212,0.00887089,0.00896081,19399458.622883487,0
TLM.V,D,20240812,000000,0.0089509,0.00940179,0.00877263,0.00921101,14417436.013883146,0
TLM.V,D,20240813,000000,0.00922092,0.00944264,0.00903135,0.00943104,13236550.49509501,0
TLM.V,D,20240814,000000,0.00943123,0.00953381,0.00908073,0.00910073,9155389.236047128,0
TLM.V,D,20240815,000000,0.00904081,0.00944,0.00867165,0.00873166,21180998.139979944,0
TLM.V,D,20240816,000000,0.00873157,0.00906299,0.0085117,0.0089726,32021514.583490077,0
TLM.V,D,20240817,000000,0.00902244,0.01034083,0.00889213,0.0101909,124094940.99589714,0
TLM.V,D,20240818,000000,0.0101908,0.0171614,0.00978088,0.0131825,2006749575.726316,0
TLM.V,D,20240819,000000,0.0132026,0.0139622,0.011654,0.0122427,1233713246.624019,0
TLM.V,D,20240820,000000,0.0122527,0.0136365,0.0118636,0.0125999,464284599.1710599,0
TLM.V,D,20240821,000000,0.0125701,0.0129112,0.0120706,0.0125511,125350765.685092,0
TLM.V,D,20240822,000000,0.0125711,0.0137118,0.0122928,0.0130201,171460781.9041641,0
TLM.V,D,20240823,000000,0.0129806,0.0142574,0.0129105,0.0141213,192008424.9256477,0
TLM.V,D,20240824,000000,0.0140911,0.0143353,0.0134546,0.0135047,105117978.2250981,0
TLM.V,D,20240825,000000,0.0135381,0.0138448,0.0127345,0.0133747,108101403.0790669,0
TLM.V,D,20240826,000000,0.0133947,0.0138103,0.0122923,0.0124421,90479336.58063343,0
TLM.V,D,20240827,000000,0.0124222,0.012831,0.0117,0.0118001,32396391.844498646,0
TLM.V,D,20240828,000000,0.0117801,0.0121201,0.0109507,0.011321,44390887.499779224,0
TLM.V,D,20240829,000000,0.011351,0.0116226,0.0108407,0.0110799,35229311.663221925,0
TLM.V,D,20240830,000000,0.0110298,0.0111798,0.0102378,0.0109185,26230058.614084274,0
TLM.V,D,20240831,000000,0.0109185,0.0110681,0.0105695,0.010718,10195006.678592741,0
TLM.V,D,20240901,000000,0.0107111,0.010718,0.0101682,0.0104282,15573974.004381107,0
TLM.V,D,20240902,000000,0.0104281,0.0112379,0.009999,0.0109782,103248625.39361897,0
TLM.V,D,20240903,000000,0.0109878,0.0112592,0.0104467,0.0105569,23733263.31546699,0
TLM.V,D,20240904,000000,0.010547,0.0107399,0.0099173,0.0105286,27066195.267285433,0
TLM.V,D,20240905,000000,0.0105288,0.0105289,0.0099874,0.0100963,21886870.18886717,0
TLM.V,D,20240906,000000,0.0101063,0.0103478,0.00937512,0.00967497,24192604.16387985,0
TLM.V,D,20240907,000000,0.00967506,0.0112289,0.00962711,0.0108389,166391011.35206413,0
TLM.V,D,20240908,000000,0.0108789,0.0113384,0.0104492,0.010609,100451612.21405956,0
TLM.V,D,20240909,000000,0.0106379,0.0109114,0.0105194,0.010882,36217791.98023789,0
TLM.V,D,20240910,000000,0.010872,0.0109019,0.0104991,0.0107191,36062707.650797985,0
TLM.V,D,20240911,000000,0.0107192,0.0107792,0.0100783,0.0103809,30519360.95107802,0
TLM.V,D,20240912,000000,0.0103879,0.0107209,0.0103809,0.0106092,18677081.363295004,0
TLM.V,D,20240913,000000,0.0106092,0.0111456,0.0105793,0.0110844,25196171.228332106,0
TLM.V,D,20240914,000000,0.0111144,0.0111345,0.010612,0.010732,12911557.745284019,0
TLM.V,D,20240915,000000,0.010732,0.0109611,0.0104014,0.0104301,13863243.95721977,0
TLM.V,D,20240916,000000,0.010431,0.010431,0.00987802,0.00993801,24567308.366200034,0
TLM.V,D,20240917,000000,0.00994811,0.0103909,0.00979912,0.0102909,28589305.06562938,0
TLM.V,D,20240918,000000,0.0102909,0.01073,0.00986,0.0103204,31609541.87859696,0
TLM.V,D,20240919,000000,0.0103203,0.011183,0.0103203,0.0108514,33687998.336326435,0
TLM.V,D,20240920,000000,0.0108111,0.011519,0.0107714,0.0110908,26266314.318425972,0
TLM.V,D,20240921,000000,0.011091,0.0114811,0.0108899,0.0112611,19742768.835293002,0
TLM.V,D,20240922,000000,0.0112511,0.011431,0.0105898,0.0106,19120386.00053416,0
TLM.V,D,20240923,000000,0.0105389,0.0112991,0.0104308,0.0110594,26604806.04331375,0
TLM.V,D,20240924,000000,0.0110496,0.0117479,0.0108079,0.0115593,43907578.69724004,0
TLM.V,D,20240925,000000,0.0115993,0.0117295,0.0112785,0.0114582,23992170.558401585,0
TLM.V,D,20240926,000000,0.0114382,0.0118406,0.0110671,0.0115912,28474082.88617465,0
TLM.V,D,20240927,000000,0.011611,0.0122217,0.011541,0.0120522,18758499.719957136,0
TLM.V,D,20240928,000000,0.0120722,0.0122315,0.0114416,0.0116914,20775257.7195907,0
TLM.V,D,20240929,000000,0.0117277,0.0120448,0.01142,0.0119318,26065379.866515018,0
TLM.V,D,20240930,000000,0.0119676,0.0120072,0.0109879,0.0111764,24736056.41885065,0
TLM.V,D,20241001,000000,0.0111167,0.0113736,0.0095674,0.00993751,39754616.194984,0
TLM.V,D,20241002,000000,0.00989753,0.0102777,0.00923926,0.00945754,27767090.477361344,0
TLM.V,D,20241003,000000,0.00944745,0.00969845,0.00914744,0.00938887,25988756.80886499,0
TLM.V,D,20241004,000000,0.00935888,0.0099882,0.00932888,0.0097899,18485684.29082208,0
TLM.V,D,20241005,000000,0.00976971,0.0100794,0.00957847,0.00966845,22160928.66130958,0
TLM.V,D,20241006,000000,0.00970845,0.0100494,0.00963884,0.00991831,10182171.990510002,0
TLM.V,D,20241007,000000,0.00994831,0.010297,0.00987704,0.01009687,18354603.26809153,0
TLM.V,D,20241008,000000,0.010087,0.0100969,0.00965469,0.00975297,16003879.766548509,0
TLM.V,D,20241009,000000,0.00975288,0.00985379,0.00929182,0.0093922,21717675.972437944,0
TLM.V,D,20241010,000000,0.00938221,0.00962872,0.00920801,0.00945977,13161439.692210106,0
TLM.V,D,20241011,000000,0.00953969,0.01013148,0.00946976,0.0100586,25082398.067516603,0
TLM.V,D,20241012,000000,0.0100886,0.0103069,0.0099956,0.0101968,11448308.203668904,0
TLM.V,D,20241013,000000,0.010221,0.0102868,0.00972514,0.0100559,12612733.753534703,0
TLM.V,D,20241014,000000,0.0100939,0.0106951,0.0099759,0.0106183,28433175.91855625,0
TLM.V,D,20241015,000000,0.0106284,0.0110068,0.0103373,0.0105173,49154052.42335198,0
TLM.V,D,20241016,000000,0.0105074,0.0107279,0.0102467,0.0104379,32924188.52321528,0
TLM.V,D,20241017,000000,0.010448,0.0105372,0.0099654,0.0101564,17438264.096017987,0
TLM.V,D,20241018,000000,0.0101664,0.0106255,0.0100663,0.0103388,38288748.34517724,0
TLM.V,D,20241019,000000,0.0103388,0.0113674,0.0103387,0.0107875,90886579.24427503,0
TLM.V,D,20241020,000000,0.01079,0.0120777,0.0105958,0.0114562,92942340.36120698,0
TLM.V,D,20241021,000000,0.0114934,0.0115762,0.0107656,0.0111553,41577354.516317,0
TLM.V,D,20241022,000000,0.0111553,0.0113232,0.0105917,0.0111721,40669694.3622563,0
TLM.V,D,20241023,000000,0.011172,0.0113125,0.0101656,0.0103892,22257133.292083304,0
TLM.V,D,20241024,000000,0.010349,0.0107822,0.0101704,0.0106935,17717351.083746888,0
TLM.V,D,20241025,000000,0.0107034,0.0107035,0.0099175,0.0100919,26473142.673001997,0
TLM.V,D,20241026,000000,0.0100718,0.0100718,0.00883911,0.00935698,39693012.42477771,0
TLM.V,D,20241027,000000,0.00935773,0.00964686,0.00927792,0.00957677,13505007.591047185,0
TLM.V,D,20241028,000000,0.00958041,0.00976336,0.00918449,0.00965324,29899169.104952823,0
TLM.V,D,20241029,000000,0.00966323,0.0102885,0.00961365,0.010126,33189740.342175763,0
TLM.V,D,20241030,000000,0.0101169,0.0103472,0.0099556,0.0100568,28776311.757911414,0
TLM.V,D,20241031,000000,0.0100668,0.0100969,0.00944695,0.00949726,19025075.566788524,0
TLM.V,D,20241101,000000,0.00951752,0.00986023,0.00927434,0.00936353,20375420.55859406,0
TLM.V,D,20241102,000000,0.00938352,0.00958568,0.00908691,0.00914735,8492047.170962173,0
TLM.V,D,20241103,000000,0.00913744,0.00920705,0.00839714,0.00867653,21102692.660934154,0
TLM.V,D,20241104,000000,0.00868652,0.00929442,0.00819418,0.00848329,96964878.1636436,0
TLM.V,D,20241105,000000,0.00841419,0.00898757,0.00841419,0.00887893,28502618.37472591,0
TLM.V,D,20241106,000000,0.00888893,0.01005603,0.00886902,0.01002601,55735745.26362583,0
TLM.V,D,20241107,000000,0.01003602,0.01014497,0.00965473,0.0099949,31530380.789759003,0
TLM.V,D,20241108,000000,0.0100049,0.0101164,0.00971787,0.0100966,19094084.4599386,0
TLM.V,D,20241109,000000,0.0101066,0.0114734,0.00991614,0.0106731,145031844.64248502,0
TLM.V,D,20241110,000000,0.0106732,0.0118908,0.0105652,0.0112863,119660003.3720148,0
TLM.V,D,20241111,000000,0.0112863,0.0139803,0.0110786,0.0117435,577948036.3510636,0
TLM.V,D,20241112,000000,0.0117636,0.0123019,0.0107096,0.0116376,93755848.49941623,0
TLM.V,D,20241113,000000,0.0115774,0.0115885,0.010441,0.0106917,68653343.1843235,0
TLM.V,D,20241114,000000,0.0106717,0.0112129,0.010272,0.0106412,35826567.616027184,0
TLM.V,D,20241115,000000,0.0106313,0.0116314,0.0101326,0.0113134,73177502.62910455,0
TLM.V,D,20241116,000000,0.0113333,0.0121543,0.011145,0.0120842,70009534.92192464,0
TLM.V,D,20241117,000000,0.0120842,0.0123498,0.01118,0.0112803,54892705.06400056,0
TLM.V,D,20241118,000000,0.0112403,0.0130718,0.0111904,0.0128616,153095904.27838063,0
TLM.V,D,20241119,000000,0.0127915,0.0134673,0.0118066,0.0119351,130801243.6954424,0
TLM.V,D,20241120,000000,0.0119251,0.0121898,0.0109201,0.0112778,42916009.98464322,0
TLM.V,D,20241121,000000,0.0112878,0.0121843,0.0107793,0.0119263,32380996.921163,0
TLM.V,D,20241122,000000,0.0119352,0.0122821,0.01148,0.0119824,48685966.017742574,0
TLM.V,D,20241123,000000,0.0119724,0.0142428,0.0119724,0.0134145,287661081.3171665,0
TLM.V,D,20241124,000000,0.0133144,0.0152888,0.0131575,0.014975,203712394.91562933,0
TLM.V,D,20241125,000000,0.014975,0.0159059,0.0133767,0.0138465,336484238.56187737,0
TLM.V,D,20241126,000000,0.013787,0.015103,0.0129046,0.0134249,97388471.62919389,0
TLM.V,D,20241127,000000,0.0133651,0.0141812,0.0132335,0.0138038,83527796.14004798,0
TLM.V,D,20241128,000000,0.0137838,0.0144016,0.0132927,0.0140407,70524262.94320302,0
TLM.V,D,20241129,000000,0.0140307,0.0145606,0.0136112,0.0145106,58824793.10557247,0
TLM.V,D,20241130,000000,0.0144906,0.015486,0.0141953,0.0151861,81666204.87209204,0
TLM.V,D,20241201,000000,0.0151961,0.0154396,0.0146676,0.0151677,56816172.93440595,0
TLM.V,D,20241202,000000,0.0151777,0.0154223,0.0138804,0.0153354,78839342.77067465,0
TLM.V,D,20241203,000000,0.0153154,0.0176323,0.0150895,0.0175728,145764269.60194483,0
TLM.V,D,20241204,000000,0.0174914,0.0189893,0.0170007,0.0183047,196623722.9090336,0
TLM.V,D,20241205,000000,0.0183147,0.0192625,0.0171543,0.0186417,88566566.46101221,0
TLM.V,D,20241206,000000,0.0185262,0.0193202,0.0175721,0.0188269,85607606.10906725,0
TLM.V,D,20241207,000000,0.0187866,0.0190264,0.0181955,0.0183829,51819114.50707835,0
TLM.V,D,20241208,000000,0.0183528,0.0226482,0.0177189,0.0217422,488707135.4951344,0
TLM.V,D,20241209,000000,0.0216721,0.0223223,0.0146885,0.0163948,291785185.59373784,0
TLM.V,D,20241210,000000,0.0164248,0.0170631,0.0147244,0.0167784,141360926.3110428,0
TLM.V,D,20241211,000000,0.0167984,0.0192258,0.016019,0.0185893,113628722.1877915,0
TLM.V,D,20241212,000000,0.0185891,0.0207885,0.0183321,0.0187141,117994197.55323704,0
TLM.V,D,20241213,000000,0.0187432,0.0187926,0.0178125,0.0179734,61190178.848069124,0
TLM.V,D,20241214,000000,0.0179732,0.0185517,0.0165483,0.0169585,42144777.95531598,0
TLM.V,D,20241215,000000,0.0169485,0.0177713,0.0164479,0.016866,44519588.09454495,0
TLM.V,D,20241216,000000,0.0168766,0.0178209,0.0160734,0.0172348,59024194.693337075,0
TLM.V,D,20241217,000000,0.0171946,0.0181567,0.0163792,0.0165582,88772256.39380498,0
TLM.V,D,20241218,000000,0.0165483,0.0165798,0.0148471,0.0151738,51481023.32679037,0
TLM.V,D,20241219,000000,0.015155,0.0152799,0.0131409,0.0140772,48451039.313918255,0
TLM.V,D,20241220,000000,0.0140374,0.0143098,0.0120003,0.0139806,60665084.50084394,0
TLM.V,D,20241221,000000,0.0139606,0.0148748,0.0134452,0.0136618,57418733.97654714,0
TLM.V,D,20241222,000000,0.0136318,0.0141188,0.0130485,0.0135439,36715156.75716524,0
TLM.V,D,20241223,000000,0.0135439,0.0147791,0.0131388,0.014561,37076862.195752345,0
TLM.V,D,20241224,000000,0.0146605,0.0146605,0.0135193,0.0143391,69700978.4247073,0
TLM.V,D,20241225,000000,0.0143391,0.014448,0.0137196,0.0138976,24959460.48372863,0
TLM.V,D,20241226,000000,0.0139076,0.0140891,0.0127763,0.0129861,34367403.24845895,0
TLM.V,D,20241227,000000,0.0129756,0.0138837,0.0128342,0.0131907,31051496.162447426,0
TLM.V,D,20241228,000000,0.0131907,0.0140741,0.013091,0.0140035,27210733.93513098,0
TLM.V,D,20241229,000000,0.0140336,0.0141034,0.0131937,0.0132341,19593936.463912327,0
TLM.V,D,20241230,000000,0.0132741,0.0138991,0.0128602,0.013256,49278637.324347034,0
TLM.V,D,20241231,000000,0.0132357,0.0137113,0.0127799,0.0132851,26166732.50942254,0
TLM.V,D,20250101,000000,0.0132951,0.0137221,0.012925,0.0136615,15422115.173877839,0
TLM.V,D,20250102,000000,0.0136416,0.0143983,0.0136212,0.0141256,23811950.342153978,0
TLM.V,D,20250103,000000,0.0141056,0.0149686,0.0139782,0.0148445,28771252.353553973,0
TLM.V,D,20250104,000000,0.0148732,0.0150456,0.0145054,0.0149373,37423304.87781802,0
TLM.V,D,20250105,000000,0.014927,0.0150271,0.014406,0.0147065,18784983.20048602,0
TLM.V,D,20250106,000000,0.0147562,0.0154605,0.014377,0.0150242,19074572.649091005,0
TLM.V,D,20250107,000000,0.0150544,0.0150562,0.0131258,0.0132581,16891738.560789116,0
TLM.V,D,20250108,000000,0.0131982,0.0132676,0.0119435,0.0126462,20044649.031030796,0
TLM.V,D,20250109,000000,0.0125467,0.012746,0.0118776,0.0122691,16723872.295323187,0
TLM.V,D,20250110,000000,0.0122393,0.0127892,0.0121794,0.0125774,12318083.026077082,0
TLM.V,D,20250111,000000,0.0125775,0.0127039,0.0122403,0.0124941,11851592.578889,0
TLM.V,D,20250112,000000,0.012524,0.012574,0.0121135,0.0121527,8848039.551420989,0
TLM.V,D,20250113,000000,0.0121827,0.0125942,0.0108465,0.0116151,28756135.433216173,0
TLM.V,D,20250114,000000,0.0116451,0.0120052,0.0115042,0.0120052,20578634.60195505,0
TLM.V,D,20250115,000000,0.011995,0.0125438,0.0115449,0.0124605,15953267.195434019,0
TLM.V,D,20250116,000000,0.0124805,0.0125606,0.0118561,0.0120871,18991274.598846402,0
TLM.V,D,20250117,000000,0.0121172,0.0130355,0.0120577,0.0129942,23337420.642482102,0
TLM.V,D,20250118,000000,0.0129842,0.013045,0.0114624,0.0116892,22969382.096493796,0
TLM.V,D,20250119,000000,0.0116294,0.0121167,0.0105981,0.0105984,36246822.44874563,0
TLM.V,D,20250120,000000,0.010647,0.0113101,0.0099454,0.0105461,34725267.37251654,0
TLM.V,D,20250121,000000,0.0105467,0.0108996,0.0098387,0.0106116,23381309.61619337,0
TLM.V,D,20250122,000000,0.0105226,0.0107382,0.0100977,0.0100977,25795902.516344976,0
TLM.V,D,20250123,000000,0.0100976,0.0104824,0.00978246,0.0104023,85448277.35241668,0
TLM.V,D,20250124,000000,0.0103823,0.0104697,0.00969048,0.00969048,33812078.37165598,0
TLM.V,D,20250125,000000,0.00969068,0.00981813,0.00917963,0.00976814,31282898.906287223,0
TLM.V,D,20250126,000000,0.00975815,0.0101483,0.00964836,0.00989842,15951343.555285806,0
TLM.V,D,20250127,000000,0.00986852,0.00986852,0.00850592,0.00947763,34780002.26811901,0
TLM.V,D,20250128,000000,0.0094683,0.00955818,0.00859561,0.00869452,16256107.924961982,0
TLM.V,D,20250129,000000,0.00870434,0.00934888,0.00861526,0.00911973,33732217.611058995,0
TLM.V,D,20250130,000000,0.00910982,0.00954962,0.00892946,0.00937094,17867790.979580987,0
TLM.V,D,20250131,000000,0.00938094,0.00985128,0.00919954,0.0093073,19308062.758929957,0
TLM.V,D,20250201,000000,0.0092974,0.00956837,0.00856786,0.00856786,28803766.956992008,0
TLM.V,D,20250202,000000,0.0085277,0.00866835,0.00697993,0.00725782,53251919.981350295,0
TLM.V,D,20250203,000000,0.00730781,0.00749794,0.00520139,0.00749749,82788753.00291203,0
TLM.V,D,20250204,000000,0.0074375,0.00748845,0.00648525,0.00669321,29591407.088425934,0
TLM.V,D,20250205,000000,0.00669328,0.00697146,0.00655085,0.00662053,16934349.835070014,0
TLM.V,D,20250206,000000,0.00666027,0.00682143,0.00618179,0.00629044,20939600.619654007,0
TLM.V,D,20250207,000000,0.00629044,0.00678441,0.00619037,0.00629038,11736864.237756988,0
TLM.V,D,20250208,000000,0.00628025,0.00745933,0.00628025,0.00684055,100445747.99247512,0
TLM.V,D,20250209,000000,0.00686069,0.00718144,0.00653052,0.00676081,24845224.816335957,0
TLM.V,D,20250210,000000,0.00676081,0.00835083,0.00656125,0.00741111,253188480.75294435,0
TLM.V,D,20250211,000000,0.00739126,0.00780101,0.00708879,0.00717921,35060678.89270694,0
TLM.V,D,20250212,000000,0.00719914,0.00824852,0.00703,0.00804048,90088868.85244,0
TLM.V,D,20250213,000000,0.00806056,0.00811081,0.00750067,0.00773008,39629625.10287602,0
TLM.V,D,20250214,000000,0.00773062,0.00794048,0.00762137,0.0076513,33137958.58345205,0
TLM.V,D,20250215,000000,0.0076513,0.00773046,0.00731073,0.00737066,25665900.75538001,0
