<TICKER>,<PER>,<DATE>,<TIME>,<OPEN>,<HIGH>,<LOW>,<CLOSE>,<VOL>,<OPENINT>
USDX.V,D,20220516,000000,0.802575,0.82055,0.793267,0.807749,3052.604651,0
USDX.V,D,20220517,000000,0.822929,0.831917,0.79886,0.811943,24236.226652,0
USDX.V,D,20220518,000000,0.813722,0.827306,0.639168,0.778387,47980.136213,0
USDX.V,D,20220519,000000,0.776511,0.787296,0.749175,0.783694,37162.723803,0
USDX.V,D,20220520,000000,0.780219,0.809252,0.748825,0.79075,53419.2218911,0
USDX.V,D,20220521,000000,0.801237,0.840921,0.789094,0.835912,28895.87502,0
USDX.V,D,20220522,000000,0.848311,0.87385,0.819933,0.829204,23495.61259,0
USDX.V,D,20220523,000000,0.824709,0.83876,0.821595,0.829004,27838.272261,0
USDX.V,D,20220524,000000,0.827606,0.829004,0.799619,0.813759,22531.702752,0
USDX.V,D,20220525,000000,0.810763,0.831984,0.748376,0.829404,51612.050641,0
USDX.V,D,20220526,000000,0.827905,0.831884,0.824492,0.826872,32070.999678,0
USDX.V,D,20220527,000000,0.828588,0.829869,0.817582,0.825873,21877.929588,0
USDX.V,D,20220528,000000,0.825782,0.850189,0.815502,0.828063,34896.022561,0
USDX.V,D,20220529,000000,0.826623,0.846835,0.824792,0.846793,26693.247347,0
USDX.V,D,20220530,000000,0.842614,0.911279,0.839326,0.905865,33565.957316,0
USDX.V,D,20220531,000000,0.905475,0.913868,0.900679,0.906284,30893.536316,0
USDX.V,D,20220601,000000,0.906474,0.911162,0.895793,0.897492,21187.700829,0
USDX.V,D,20220602,000000,0.897492,0.897891,0.896393,0.897192,32647.85473,0
USDX.V,D,20220603,000000,0.897492,0.898017,0.895641,0.89622,26802.972676,0
USDX.V,D,20220604,000000,0.895829,0.947437,0.895829,0.943364,23755.744167,0
USDX.V,D,20220605,000000,0.937256,0.946937,0.935457,0.94474,27245.236521,0
USDX.V,D,20220606,000000,0.946,0.946142,0.941918,0.944706,55513.113883,0
USDX.V,D,20220607,000000,0.943906,0.948203,0.818078,0.868387,130553.451922,0
USDX.V,D,20220608,000000,0.868739,0.89917,0.861805,0.888431,34319.488689,0
USDX.V,D,20220609,000000,0.888422,0.948141,0.868557,0.902133,72860.53871,0
USDX.V,D,20220610,000000,0.916838,0.926493,0.870285,0.883241,44863.966792,0
USDX.V,D,20220611,000000,0.885574,0.918797,0.844319,0.847042,35213.88586,0
USDX.V,D,20220612,000000,0.837361,0.903225,0.823153,0.84456,54419.537425,0
USDX.V,D,20220613,000000,0.839866,0.927699,0.801165,0.895154,204828.067109,0
USDX.V,D,20220614,000000,0.895163,0.900774,0.853184,0.853226,25888.780219,0
USDX.V,D,20220615,000000,0.853166,0.92766,0.853166,0.916515,199460.986043,0
USDX.V,D,20220616,000000,0.911822,0.938067,0.903415,0.917214,69669.246329,0
USDX.V,D,20220617,000000,0.920056,0.943743,0.905376,0.929374,7788278.599333,0
USDX.V,D,20220618,000000,0.927295,0.93139,0.87989,0.9076,1065372.855857,0
USDX.V,D,20220619,000000,0.900403,0.921695,0.900175,0.917298,34236.278596,0
USDX.V,D,20220620,000000,0.912912,0.921693,0.904813,0.909399,31051.193913,0
USDX.V,D,20220621,000000,0.911996,0.956039,0.902696,0.94895,52802.331167,0
USDX.V,D,20220622,000000,0.94895,0.94895,0.929769,0.94895,50978.602697,0
USDX.V,D,20220623,000000,0.936469,0.955044,0.936469,0.950748,23334.144034,0
USDX.V,D,20220624,000000,0.950748,0.956942,0.942656,0.948659,35273.044936,0
USDX.V,D,20220625,000000,0.94875,0.950249,0.942545,0.944529,36720.681876,0
USDX.V,D,20220626,000000,0.943837,0.951633,0.942796,0.946422,27827.898491,0
USDX.V,D,20220627,000000,0.946941,0.955926,0.943215,0.947051,33266.065511,0
USDX.V,D,20220628,000000,0.946348,0.971788,0.946348,0.955114,48031.862964,0
USDX.V,D,20220629,000000,0.953507,0.968656,0.949027,0.954729,48959.494787,0
USDX.V,D,20220630,000000,0.962544,0.962544,0.887072,0.943666,253835.627497,0
USDX.V,D,20220701,000000,0.94027,0.946358,0.933785,0.937274,44916.321025,0
USDX.V,D,20220702,000000,0.934477,0.968436,0.932686,0.956351,88512.738121,0
USDX.V,D,20220703,000000,0.968636,0.968636,0.942074,0.955656,947353.228221,0
USDX.V,D,20220704,000000,0.956355,0.956355,0.94477,0.950957,31076.385369,0
USDX.V,D,20220705,000000,0.948261,0.968633,0.94067,0.954948,56604.69397,0
USDX.V,D,20220706,000000,0.956247,0.968633,0.948655,0.958744,36351.967353,0
USDX.V,D,20220707,000000,0.958648,0.980221,0.955448,0.96542,50487.28001,0
USDX.V,D,20220708,000000,0.961234,0.978912,0.956538,0.974915,51985.254633,0
USDX.V,D,20220709,000000,0.974015,0.978812,0.947731,0.978313,59096.915314,0
USDX.V,D,20220710,000000,0.973915,0.978513,0.959424,0.962422,22847.063699,0
USDX.V,D,20220711,000000,0.964321,0.968322,0.961937,0.961937,23747.041459,0
USDX.V,D,20220712,000000,0.957637,0.977723,0.950353,0.961637,31033.596116,0
USDX.V,D,20220713,000000,0.956272,0.967261,0.940558,0.951043,25468.987643,0
USDX.V,D,20220714,000000,0.949445,0.95434,0.936138,0.936138,28243.080634,0
USDX.V,D,20220715,000000,0.936738,0.961023,0.936738,0.952214,32180.705893,0
USDX.V,D,20220716,000000,0.947521,0.976407,0.947521,0.96641,74335.744624,0
USDX.V,D,20220717,000000,0.967848,0.976546,0.964049,0.974637,39248.739717,0
USDX.V,D,20220718,000000,0.970548,0.977626,0.96512,0.971167,48620.303332,0
USDX.V,D,20220719,000000,0.968867,0.98168,0.9652,0.976656,54279.151207,0
USDX.V,D,20220720,000000,0.9743,0.976868,0.964981,0.967039,19242.83432,0
USDX.V,D,20220721,000000,0.966716,0.980739,0.964758,0.971423,40929.364516,0
USDX.V,D,20220722,000000,0.971394,0.980096,0.966697,0.972146,33472.422413,0
USDX.V,D,20220723,000000,0.967164,0.97728,0.965483,0.967416,21838.058096,0
USDX.V,D,20220724,000000,0.967984,0.98081,0.966758,0.971685,38921.458514,0
USDX.V,D,20220725,000000,0.972785,0.980069,0.966829,0.974188,64792.191216,0
USDX.V,D,20220726,000000,0.975898,0.976798,0.968045,0.968945,27272.914063,0
USDX.V,D,20220727,000000,0.968426,0.980074,0.967197,0.974334,63562.994416,0
USDX.V,D,20220728,000000,0.974853,0.979115,0.96959,0.972594,43808.162883,0
USDX.V,D,20220729,000000,0.974544,0.992637,0.971178,0.974199,32625.125996,0
USDX.V,D,20220730,000000,0.973599,0.977381,0.973599,0.974631,21516.863007,0
USDX.V,D,20220731,000000,0.975761,0.977352,0.967493,0.968632,24629.758546,0
USDX.V,D,20220801,000000,0.969662,0.979213,0.950133,0.958826,28310.876176,0
USDX.V,D,20220802,000000,0.970581,0.974002,0.960936,0.973917,19541.956021,0
USDX.V,D,20220803,000000,0.972585,0.978533,0.965632,0.968752,26654.656139,0
USDX.V,D,20220804,000000,0.974617,0.974812,0.966068,0.972617,28205.466602,0
USDX.V,D,20220805,000000,0.971639,0.973636,0.957091,0.957091,26021.268939,0
USDX.V,D,20220806,000000,0.959092,0.972604,0.959092,0.964212,26669.133179,0
USDX.V,D,20220807,000000,0.965812,0.968642,0.957467,0.961683,27611.781047,0
USDX.V,D,20220808,000000,0.95059,0.965383,0.929658,0.947652,21262.978765,0
USDX.V,D,20220809,000000,0.947542,0.954448,0.937559,0.941088,16932.682159,0
USDX.V,D,20220810,000000,0.943289,0.952857,0.93027,0.941416,31724.866118,0
USDX.V,D,20220811,000000,0.949575,0.950776,0.935746,0.940423,18005.63178,0
USDX.V,D,20220812,000000,0.931165,0.970256,0.931072,0.95804,67903.745436,0
USDX.V,D,20220813,000000,0.960632,0.976217,0.953615,0.969588,69632.407906,0
USDX.V,D,20220814,000000,0.963699,0.982473,0.946503,0.956296,18893.110041,0
USDX.V,D,20220815,000000,0.950066,0.961879,0.946408,0.950199,20420.221966,0
USDX.V,D,20220816,000000,0.956239,0.979296,0.947937,0.961887,55052.733125,0
USDX.V,D,20220817,000000,0.964687,0.979978,0.961487,0.963987,51078.190885,0
USDX.V,D,20220818,000000,0.964977,0.984769,0.960558,0.975078,43665.846991,0
USDX.V,D,20220819,000000,0.976098,0.976098,0.9488,0.9539,68515.42504,0
USDX.V,D,20220820,000000,0.956038,0.978147,0.950062,0.95599,99825.113144,0
USDX.V,D,20220821,000000,0.954562,0.963642,0.947172,0.951381,32114.721008,0
USDX.V,D,20220822,000000,0.951238,0.977871,0.949519,0.968526,59172.024181,0
USDX.V,D,20220823,000000,0.963907,0.969942,0.9504,0.959519,24281.462636,0
USDX.V,D,20220824,000000,0.955,0.978017,0.952371,0.968297,37713.557601,0
USDX.V,D,20220825,000000,0.959358,0.967039,0.957381,0.957886,21912.627586,0
USDX.V,D,20220826,000000,0.959629,0.977798,0.95749,0.962187,72539.103427,0
USDX.V,D,20220827,000000,0.964196,0.970016,0.953286,0.964429,23387.520414,0
USDX.V,D,20220828,000000,0.968629,0.968629,0.95839,0.96169,23295.945292,0
USDX.V,D,20220829,000000,0.96301,0.9645,0.952095,0.952357,34519.93442,0
USDX.V,D,20220830,000000,0.952405,0.976371,0.951481,0.966387,89315.960251,0
USDX.V,D,20220831,000000,0.960786,0.968729,0.95701,0.9581,31443.015494,0
USDX.V,D,20220901,000000,0.957,0.96139,0.950195,0.951262,18500.015885,0
USDX.V,D,20220902,000000,0.956881,0.960058,0.950162,0.956963,20319.987192,0
USDX.V,D,20220903,000000,0.955862,0.960096,0.9522,0.9575,26608.368322,0
USDX.V,D,20220904,000000,0.9552,0.957396,0.9484,0.953995,24326.31663,0
USDX.V,D,20220905,000000,0.954,0.954295,0.9467,0.951195,21400.65036,0
USDX.V,D,20220906,000000,0.946795,0.953195,0.936706,0.9398,24397.58174,0
USDX.V,D,20220907,000000,0.939885,0.946833,0.934572,0.939985,24854.574429,0
USDX.V,D,20220908,000000,0.947585,0.949485,0.944966,0.946332,24413.332064,0
USDX.V,D,20220909,000000,0.946933,0.948279,0.943651,0.947112,33044.271929,0
USDX.V,D,20220910,000000,0.946488,0.957745,0.939795,0.951714,30347.785981,0
USDX.V,D,20220911,000000,0.954048,0.958154,0.944493,0.945527,26754.25559,0
USDX.V,D,20220912,000000,0.946537,0.956591,0.940832,0.944917,25468.690549,0
USDX.V,D,20220913,000000,0.94538,0.952762,0.939834,0.943657,29315.323888,0
USDX.V,D,20220914,000000,0.943994,0.944451,0.9399,0.943279,32447.709117,0
USDX.V,D,20220915,000000,0.943802,0.95009,0.9338,0.939915,21631.458814,0
USDX.V,D,20220916,000000,0.941843,0.941843,0.926326,0.9346,11544.748117,0
USDX.V,D,20220917,000000,0.9348,0.940294,0.932107,0.935294,30964.46425,0
USDX.V,D,20220918,000000,0.9351,0.943006,0.51,0.9289,49939.859718,0
USDX.V,D,20220919,000000,0.9281,0.941288,0.916992,0.941288,27917.729375,0
USDX.V,D,20220920,000000,0.941094,0.943089,0.930893,0.931193,29731.121867,0
USDX.V,D,20220921,000000,0.942994,0.943694,0.932493,0.9385,21157.350041,0
USDX.V,D,20220922,000000,0.940694,0.942594,0.935706,0.9405,15866.30814,0
USDX.V,D,20220923,000000,0.9396,0.9438,0.9377,0.9401,31670.06192,0
USDX.V,D,20220924,000000,0.940225,0.942672,0.935406,0.938303,27280.134574,0
USDX.V,D,20220925,000000,0.9375,0.942294,0.9375,0.941691,19196.387326,0
USDX.V,D,20220926,000000,0.942091,0.942594,0.9138,0.9421,20849.489035,0
USDX.V,D,20220927,000000,0.941,0.9433,0.921508,0.940306,28551.17207,0
USDX.V,D,20220928,000000,0.937406,0.9436,0.934407,0.942706,25462.938515,0
USDX.V,D,20220929,000000,0.9424,0.943406,0.935006,0.941094,12397.33555,0
USDX.V,D,20220930,000000,0.941094,0.948395,0.9383,0.9457,25802.654834,0
USDX.V,D,20221001,000000,0.9479,0.9586,0.938594,0.947095,25674.34154,0
USDX.V,D,20221002,000000,0.9484,0.9566,0.936106,0.9469,21778.91864,0
USDX.V,D,20221003,000000,0.9437,0.9495,0.929993,0.934693,27312.290664,0
USDX.V,D,20221004,000000,0.936294,0.939282,0.932793,0.939188,27183.55201,0
USDX.V,D,20221005,000000,0.939282,0.939282,0.926593,0.938988,21970.289428,0
USDX.V,D,20221006,000000,0.938988,0.938997,0.91351,0.929221,17189.323727,0
USDX.V,D,20221007,000000,0.924376,0.935075,0.917128,0.91741,33979.835904,0
USDX.V,D,20221008,000000,0.920201,0.923038,0.910355,0.910518,23172.82532,0
USDX.V,D,20221009,000000,0.910537,0.934293,0.910391,0.923692,27170.301667,0
USDX.V,D,20221010,000000,0.927693,0.938906,0.915608,0.920408,28613.180499,0
USDX.V,D,20221011,000000,0.92,0.9334,0.909127,0.915208,22618.434014,0
USDX.V,D,20221012,000000,0.917681,0.926644,0.910482,0.919818,29110.194604,0
USDX.V,D,20221013,000000,0.918228,0.924682,0.856666,0.890807,26247.824552,0
USDX.V,D,20221014,000000,0.886653,0.926937,0.871296,0.910136,20403.217278,0
USDX.V,D,20221015,000000,0.915218,0.923083,0.888353,0.915155,26815.341286,0
USDX.V,D,20221016,000000,0.915355,0.921118,0.905054,0.915882,19828.10094,0
USDX.V,D,20221017,000000,0.916037,0.925337,0.904181,0.908036,27520.814797,0
USDX.V,D,20221018,000000,0.907927,0.911055,0.904845,0.907845,22605.784554,0
USDX.V,D,20221019,000000,0.907145,0.908482,0.898018,0.902491,34109.960406,0
USDX.V,D,20221020,000000,0.9027,0.903327,0.865839,0.893711,29502.031658,0
USDX.V,D,20221021,000000,0.894155,0.904881,0.885938,0.903554,25915.512077,0
USDX.V,D,20221022,000000,0.903554,0.90489,0.9022,0.902863,32658.631787,0
USDX.V,D,20221023,000000,0.902272,0.906254,0.902263,0.902926,20181.436971,0
USDX.V,D,20221024,000000,0.90289,0.906345,0.900172,0.906345,27215.44906,0
USDX.V,D,20221025,000000,0.906045,0.906908,0.894541,0.897451,35398.892381,0
USDX.V,D,20221026,000000,0.902398,0.906854,0.902353,0.906745,26824.136037,0
USDX.V,D,20221027,000000,0.906654,0.906827,0.906509,0.906563,15478.612362,0
USDX.V,D,20221028,000000,0.906482,0.927967,0.906427,0.923603,20734.752599,0
USDX.V,D,20221029,000000,0.926185,0.926632,0.899961,0.907618,20208.718394,0
USDX.V,D,20221030,000000,0.901552,0.91923,0.896424,0.907872,20638.422128,0
USDX.V,D,20221031,000000,0.902499,0.918,0.894619,0.89891,45655.02145,0
USDX.V,D,20221101,000000,0.894639,0.910936,0.869139,0.884294,18594.334737,0
USDX.V,D,20221102,000000,0.876586,0.892839,0.858831,0.858831,24665.37712,0
USDX.V,D,20221103,000000,0.9083,0.93026,0.882838,0.900791,36024.090448,0
USDX.V,D,20221104,000000,0.901909,0.929826,0.889091,0.921883,37092.426262,0
USDX.V,D,20221105,000000,0.924283,0.924283,0.9057,0.921746,19130.288497999994,0
USDX.V,D,20221106,000000,0.915946,0.926909,0.910827,0.922692,26892.648727,0
USDX.V,D,20221107,000000,0.921674,0.922483,0.894345,0.9089,32427.506186000002,0
USDX.V,D,20221108,000000,0.917575,0.923785,0.882898,0.89949,20229.703245999986,0
USDX.V,D,20221109,000000,0.895122,0.922176,0.887687,0.909258,37546.113105999975,0
USDX.V,D,20221110,000000,0.915562,0.974,0.886956,0.924262,23618.988511000014,0
USDX.V,D,20221111,000000,0.920958,1.066521,0.877524,0.879605,24131.777357999996,0
USDX.V,D,20221112,000000,0.880152,0.895541,0.877717,0.884106,25687.320033999993,0
USDX.V,D,20221113,000000,0.890993,0.894387,0.876495,0.886857,30941.243172000002,0
USDX.V,D,20221114,000000,0.890131,0.893248,0.837094,0.884971,23871.479431999996,0
USDX.V,D,20221115,000000,0.889364,0.900898,0.851248,0.899799,29952.727313000007,0
USDX.V,D,20221116,000000,0.906493,0.908291,0.896185,0.901225,24404.028794000005,0
USDX.V,D,20221117,000000,0.907274,0.908791,0.885083,0.902777,23441.545996000008,0
USDX.V,D,20221118,000000,0.903068,0.905575,0.885282,0.898366,23377.066106000006,0
USDX.V,D,20221119,000000,0.901045,0.99896,0.859528,0.90296,33254.704548,0
USDX.V,D,20221120,000000,0.909435,0.909435,0.883841,0.894547,23573.255953000007,0
USDX.V,D,20221121,000000,0.892941,0.899348,0.863846,0.885527,37086.487696000004,0
USDX.V,D,20221122,000000,0.88491,0.895688,0.881843,0.886246,21012.337910999988,0
USDX.V,D,20221123,000000,0.893746,0.898747,0.88244,0.894016,25088.111057,0
USDX.V,D,20221124,000000,0.895432,0.896919,0.885311,0.885655,27165.848559000002,0
USDX.V,D,20221125,000000,0.893321,0.896235,0.88217,0.896163,26030.169044999995,0
USDX.V,D,20221126,000000,0.896072,0.901995,0.886823,0.900505,24093.315765,0
USDX.V,D,20221127,000000,0.901268,0.902086,0.778202,0.885651,25011.275491000008,0
USDX.V,D,20221128,000000,0.891383,0.893435,0.879916,0.89217,29136.152552999978,0
USDX.V,D,20221129,000000,0.889462,0.895407,0.879216,0.889362,33924.62340600001,0
USDX.V,D,20221130,000000,0.888462,0.891534,0.885084,0.888453,26651.193009999995,0
USDX.V,D,20221201,000000,0.89008,0.890198,0.861943,0.877753,24659.995986,0
USDX.V,D,20221202,000000,0.876853,0.883718,0.876509,0.878053,24317.15303200001,0
USDX.V,D,20221203,000000,0.881953,0.885106,0.871487,0.875575,33089.33249400001,0
USDX.V,D,20221204,000000,0.875488,0.884265,0.867387,0.883277,29593.39028599999,0
USDX.V,D,20221205,000000,0.884177,0.886197,0.880476,0.885518,26056.302685000006,0
USDX.V,D,20221206,000000,0.885727,0.88618,0.885282,0.885509,23360.552035000004,0
USDX.V,D,20221207,000000,0.8861,0.935109,0.871765,0.882,39046.87068899999,0
USDX.V,D,20221208,000000,0.8753,0.897064,0.860486,0.879679,27594.178462,0
USDX.V,D,20221209,000000,0.88127,0.885662,0.87617,0.879044,31379.30861200001,0
USDX.V,D,20221210,000000,0.8791,0.899709,0.8791,0.891682,17776.155122999997,0
USDX.V,D,20221211,000000,0.894191,0.896627,0.886489,0.890289,23292.450179000003,0
USDX.V,D,20221212,000000,0.890389,0.897727,0.865552,0.87667,30977.211137000006,0
USDX.V,D,20221213,000000,0.875379,0.88688,0.862109,0.874408,35754.32531199999,0
USDX.V,D,20221214,000000,0.866423,0.888473,0.866423,0.883662,28959.094147000003,0
USDX.V,D,20221215,000000,0.881688,0.891778,0.879288,0.887389,32885.623515,0
USDX.V,D,20221216,000000,0.888978,0.890389,0.865086,0.866987,33082.343680000005,0
USDX.V,D,20221217,000000,0.863686,0.877075,0.860377,0.864412,32178.680223000003,0
USDX.V,D,20221218,000000,0.873605,0.876205,0.858843,0.870313,25352.892456000005,0
USDX.V,D,20221219,000000,0.8632,0.877956,0.859203,0.871617,28825.227231000015,0
USDX.V,D,20221220,000000,0.8603,0.874752,0.859143,0.867326,25545.731719000003,0
USDX.V,D,20221221,000000,0.871426,0.878691,0.824084,0.8401,32142.832904999996,0
USDX.V,D,20221222,000000,0.844942,0.8685,0.830584,0.863345,31704.678424999995,0
USDX.V,D,20221223,000000,0.858645,0.86847,0.831542,0.836008,28789.79506500001,0
USDX.V,D,20221224,000000,0.841358,0.867322,0.817635,0.852649,39706.66714899999,0
USDX.V,D,20221225,000000,0.862557,0.864474,0.811519,0.830575,19611.16976299999,0
USDX.V,D,20221226,000000,0.831017,0.849764,0.830592,0.834825,33895.83518399998,0
USDX.V,D,20221227,000000,0.835341,0.849747,0.833533,0.847278,30475.58543,0
USDX.V,D,20221228,000000,0.845862,0.851245,0.81177,0.81177,37741.15396,0
USDX.V,D,20221229,000000,0.811486,0.833367,0.780649,0.808428,33274.01094900001,0
USDX.V,D,20221230,000000,0.806113,0.82617,0.780941,0.820989,34311.500494,0
USDX.V,D,20221231,000000,0.808995,0.826095,0.794694,0.807496,34433.341657,0
USDX.V,D,20230101,000000,0.802391,0.817059,0.796194,0.806253,43838.060448000004,0
USDX.V,D,20230102,000000,0.803022,0.839064,0.798948,0.828618,29871.537898000006,0
USDX.V,D,20230103,000000,0.827643,0.837665,0.818322,0.836582,27943.841843000017,0
USDX.V,D,20230104,000000,0.836873,0.9996,0.832675,0.843721,33136.93882200002,0
USDX.V,D,20230105,000000,0.847612,0.858634,0.840872,0.846504,24919.898061000007,0
USDX.V,D,20230106,000000,0.846504,0.846504,0.843594,0.845146,39019.85143399999,0
USDX.V,D,20230107,000000,0.846429,0.846471,0.834241,0.836499,29573.141864000005,0
USDX.V,D,20230108,000000,0.836091,0.84304,0.828784,0.838766,26256.437050000008,0
USDX.V,D,20230109,000000,0.840874,0.864648,0.834533,0.860009,31378.799349999998,0
USDX.V,D,20230110,000000,0.860991,0.866974,0.854706,0.862421,25168.207478,0
USDX.V,D,20230111,000000,0.862429,0.867,0.857091,0.865026,32005.536455,0
USDX.V,D,20230112,000000,0.865913,0.882453,0.862914,0.878179,26538.794571000006,0
USDX.V,D,20230113,000000,0.880906,0.889171,0.8748,0.88858,25306.90941299999,0
USDX.V,D,20230114,000000,0.889189,0.992599,0.883097,0.898781,80011.15810199996,0
USDX.V,D,20230115,000000,0.908464,0.918448,0.886133,0.911364,29888.785570999993,0
USDX.V,D,20230116,000000,0.921167,0.926997,0.882591,0.892445,21302.524357000006,0
USDX.V,D,20230117,000000,0.882818,0.896672,0.866235,0.893507,31237.949472000008,0
USDX.V,D,20230118,000000,0.893689,0.897718,0.876439,0.881747,27480.710480999987,0
USDX.V,D,20230119,000000,0.881565,0.886865,0.866922,0.883573,22420.96051100001,0
USDX.V,D,20230120,000000,0.882526,0.888373,0.875391,0.887469,28687.51620699999,0
USDX.V,D,20230121,000000,0.888487,0.894968,0.866234,0.883124,24837.110213999997,0
USDX.V,D,20230122,000000,0.884159,0.888478,0.883159,0.888269,22232.035823000006,0
USDX.V,D,20230123,000000,0.887778,0.88846,0.870422,0.88135,20486.152401999996,0
USDX.V,D,20230124,000000,0.881341,0.891762,0.861112,0.890227,29094.209746999997,0
USDX.V,D,20230125,000000,0.89178,0.891923,0.878497,0.88305,27533.94726100001,0
USDX.V,D,20230126,000000,0.887442,0.887727,0.878461,0.880726,31152.715374,0
USDX.V,D,20230127,000000,0.882962,0.887686,0.875206,0.875206,24487.984317999995,0
USDX.V,D,20230128,000000,0.875106,0.878774,0.874957,0.874992,39530.31549,0
USDX.V,D,20230129,000000,0.878384,0.878511,0.874817,0.874844,29460.046458000004,0
USDX.V,D,20230130,000000,0.878226,0.878488,0.874835,0.876053,32351.808236999994,0
USDX.V,D,20230131,000000,0.87687,0.878544,0.87513,0.876188,30814.90961,0
USDX.V,D,20230201,000000,0.878518,0.879635,0.869835,0.873535,31138.482289,0
USDX.V,D,20230202,000000,0.874961,0.895043,0.870644,0.885859,31455.473406000005,0
USDX.V,D,20230203,000000,0.894032,0.894098,0.873479,0.885871,31546.89660600001,0
USDX.V,D,20230204,000000,0.88568,0.887953,0.873561,0.882962,26178.387944000006,0
USDX.V,D,20230205,000000,0.879179,0.88686,0.876784,0.877919,28741.904094000005,0
USDX.V,D,20230206,000000,0.883921,0.885439,0.872626,0.872826,32286.982817000015,0
USDX.V,D,20230207,000000,0.875279,0.877626,0.868483,0.875526,31110.258510999993,0
USDX.V,D,20230208,000000,0.886009,0.886535,0.876509,0.882253,30482.912949000005,0
USDX.V,D,20230209,000000,0.883662,0.88658,0.801988,0.801988,23512.951138999997,0
USDX.V,D,20230210,000000,0.806881,0.874027,0.806881,0.849627,27238.953592999995,0
USDX.V,D,20230211,000000,0.863438,0.867878,0.825674,0.835175,31231.01746600001,0
USDX.V,D,20230212,000000,0.849876,0.861721,0.828508,0.830566,32573.383618000018,0
USDX.V,D,20230213,000000,0.831283,0.863564,0.829432,0.850084,23797.865492,0
USDX.V,D,20230214,000000,0.836418,0.86023,0.801805,0.857351,32793.975747000004,0
USDX.V,D,20230215,000000,0.855174,0.860227,0.827932,0.845052,29956.638616000004,0
USDX.V,D,20230216,000000,0.848119,0.853328,0.763676,0.802812,24925.451508000013,0
USDX.V,D,20230217,000000,0.824099,0.849985,0.776793,0.828749,29827.737253000003,0
USDX.V,D,20230218,000000,0.843318,0.843977,0.824032,0.838251,31926.068276000005,0
USDX.V,D,20230219,000000,0.840935,0.890125,0.831525,0.852805,47773.743671000004,0
USDX.V,D,20230220,000000,0.859298,0.867878,0.843126,0.852377,75087.52384000007,0
USDX.V,D,20230221,000000,0.847459,0.86042,0.834642,0.843394,57758.786895000005,0
USDX.V,D,20230222,000000,0.846752,0.853202,0.833108,0.834175,62203.387090000004,0
USDX.V,D,20230223,000000,0.83615,0.851253,0.817823,0.842451,85213.04267500002,0
USDX.V,D,20230224,000000,0.842635,0.852336,0.839683,0.851291,70668.01993000005,0
USDX.V,D,20230225,000000,0.845617,0.851394,0.822482,0.83535,73661.41540300002,0
USDX.V,D,20230226,000000,0.830075,0.849585,0.801072,0.829883,72471.21249800007,0
USDX.V,D,20230227,000000,0.822758,0.837459,0.810632,0.83685,90838.39032600005,0
USDX.V,D,20230228,000000,0.824941,0.838342,0.816008,0.836376,74844.70715799999,0
USDX.V,D,20230301,000000,0.830674,0.849985,0.815965,0.830958,72557.42885700002,0
USDX.V,D,20230302,000000,0.8372,0.844059,0.816622,0.842867,72798.446841,0
USDX.V,D,20230303,000000,0.842825,0.842825,0.793379,0.821149,80618.87515300002,0
USDX.V,D,20230304,000000,0.809865,0.857103,0.809865,0.837467,70120.01466299998,0
USDX.V,D,20230305,000000,0.833658,0.851502,0.831783,0.851502,74185.34977600002,0
USDX.V,D,20230306,000000,0.847302,0.852511,0.839716,0.843849,63874.117664999976,0
USDX.V,D,20230307,000000,0.845624,0.8505,0.822785,0.838558,86356.37270499997,0
USDX.V,D,20230308,000000,0.848166,0.850615,0.828725,0.848358,69191.15362400001,0
USDX.V,D,20230309,000000,0.837792,0.851536,0.828825,0.836975,56281.60927400003,0
USDX.V,D,20230310,000000,0.840342,0.854377,0.830166,0.845965,68695.297792,0
USDX.V,D,20230311,000000,0.847351,0.864876,0.816103,0.828418,59142.39635600002,0
USDX.V,D,20230312,000000,0.8304,0.84415,0.829946,0.833487,85463.11912299998,0
USDX.V,D,20230313,000000,0.835462,0.854544,0.8268,0.849476,75019.35680600003,0
USDX.V,D,20230314,000000,0.849434,0.884561,0.845289,0.850099,67268.85357500002,0
USDX.V,D,20230315,000000,0.856415,0.868467,0.84707,0.853721,76743.61349699998,0
USDX.V,D,20230316,000000,0.86017,0.863233,0.851252,0.859048,75473.436082,0
USDX.V,D,20230317,000000,0.858598,0.873103,0.852324,0.864084,69479.24798899998,0
USDX.V,D,20230318,000000,0.865097,0.877248,0.857509,0.862913,60829.471272999996,0
USDX.V,D,20230319,000000,0.863474,0.863483,0.852446,0.863408,70029.18117700002,0
USDX.V,D,20230320,000000,0.859445,0.862881,0.849428,0.849974,80634.71080900003,0
USDX.V,D,20230321,000000,0.849991,0.850563,0.844606,0.846701,77228.57932799999,0
USDX.V,D,20230322,000000,0.846692,0.854106,0.845629,0.849088,35954.68251200001,0
USDX.V,D,20230323,000000,0.849105,0.851509,0.846246,0.848578,68880.33627799999,0
USDX.V,D,20230324,000000,0.850508,0.850508,0.845445,0.847808,73603.35596900004,0
USDX.V,D,20230325,000000,0.847715,0.851006,0.845434,0.846312,65580.13517299999,0
USDX.V,D,20230326,000000,0.84632,0.852633,0.846312,0.850068,67715.20637900001,0
USDX.V,D,20230327,000000,0.849433,0.851042,0.847934,0.847998,61963.436897000014,0
USDX.V,D,20230328,000000,0.847898,0.851306,0.845892,0.849323,72775.02424300002,0
USDX.V,D,20230329,000000,0.848722,0.850023,0.831491,0.838642,73967.56919699999,0
USDX.V,D,20230330,000000,0.837751,0.838793,0.831242,0.831624,71818.523926,0
USDX.V,D,20230331,000000,0.831633,0.84146,0.83145,0.841177,87386.81637010003,0
USDX.V,D,20230401,000000,0.84142,0.84142,0.837034,0.839911,72733.21047200008,0
USDX.V,D,20230402,000000,0.840544,0.84078,0.837385,0.837527,83678.57916099997,0
USDX.V,D,20230403,000000,0.840321,0.840379,0.837167,0.838819,65626.73526699998,0
USDX.V,D,20230404,000000,0.837435,0.840312,0.834834,0.835217,69655.78691000004,0
USDX.V,D,20230405,000000,0.835217,0.835217,0.820444,0.829799,83866.539328,0
USDX.V,D,20230406,000000,0.829807,0.832108,0.810359,0.826722,65278.040091,0
USDX.V,D,20230407,000000,0.826689,0.833583,0.823987,0.827912,81013.09937399998,0
USDX.V,D,20230408,000000,0.826711,0.830331,0.825238,0.828823,66102.966819,0
USDX.V,D,20230409,000000,0.827623,0.830706,0.821033,0.824895,80897.14283500005,0
USDX.V,D,20230410,000000,0.821301,0.83335,0.806025,0.813074,61733.04121099998,0
USDX.V,D,20230411,000000,0.767598,0.824359,0.767598,0.815298,67172.15818,0
USDX.V,D,20230412,000000,0.820912,0.832182,0.809501,0.826344,64559.447353000025,0
USDX.V,D,20230413,000000,0.828346,0.82983,0.824816,0.827894,71200.00475900003,0
USDX.V,D,20230414,000000,0.826292,0.837002,0.824125,0.833775,81193.66782899994,0
USDX.V,D,20230415,000000,0.836977,0.837136,0.833625,0.836244,72155.98891099993,0
USDX.V,D,20230416,000000,0.834542,0.838278,0.833616,0.836568,62044.788068999944,0
USDX.V,D,20230417,000000,0.83817,0.842556,0.828706,0.835293,65829.62560699998,0
USDX.V,D,20230418,000000,0.835293,0.836994,0.833275,0.835759,63921.002252999984,0
USDX.V,D,20230419,000000,0.835709,0.836961,0.824497,0.826221,69679.24492199997,0
USDX.V,D,20230420,000000,0.826213,0.832283,0.820369,0.821566,79204.91841199998,0
USDX.V,D,20230421,000000,0.821549,0.830258,0.820221,0.82231,72938.48234599998,0
USDX.V,D,20230422,000000,0.824409,0.884009,0.819608,0.836975,82044.55819000003,0
USDX.V,D,20230423,000000,0.835075,0.837984,0.823933,0.823933,56984.040997000004,0
USDX.V,D,20230424,000000,0.826541,0.830975,0.823008,0.824016,70797.02800699999,0
USDX.V,D,20230425,000000,0.824425,0.833292,0.821366,0.82749,80977.83517600004,0
USDX.V,D,20230426,000000,0.828115,0.831908,0.821274,0.823263,61554.81290400005,0
USDX.V,D,20230427,000000,0.827381,0.830591,0.821586,0.828715,77264.55547700005,0
USDX.V,D,20230428,000000,0.829165,0.83034,0.82152,0.82375,83796.54158300001,0
USDX.V,D,20230429,000000,0.830439,0.832382,0.8222,0.832382,72636.455802,0
USDX.V,D,20230430,000000,0.822702,0.838318,0.82231,0.830765,47614.78072600002,0
USDX.V,D,20230501,000000,0.829664,0.831983,0.821189,0.826039,72618.38495899997,0
USDX.V,D,20230502,000000,0.821922,0.829807,0.819167,0.822209,76589.72454499999,0
USDX.V,D,20230503,000000,0.818999,0.826295,0.818064,0.825515,81861.66560199995,0
USDX.V,D,20230504,000000,0.820121,0.826305,0.818096,0.820503,79365.80059999999,0
USDX.V,D,20230505,000000,0.825505,0.826443,0.818219,0.819445,69808.50316000005,0
USDX.V,D,20230506,000000,0.825959,0.830236,0.816837,0.820233,74060.53375900001,0
USDX.V,D,20230507,000000,0.824232,0.825041,0.815753,0.816663,46158.113040999975,0
USDX.V,D,20230508,000000,0.821268,0.82317,0.802233,0.80305,99926.736772,0
USDX.V,D,20230509,000000,0.809815,0.814495,0.802137,0.806205,83790.08907799998,0
USDX.V,D,20230510,000000,0.809489,0.814301,0.801561,0.806706,72952.393645,0
USDX.V,D,20230511,000000,0.803803,0.812311,0.799899,0.805524,74637.53559800002,0
USDX.V,D,20230512,000000,0.802602,0.826896,0.791496,0.811887,73914.17064899998,0
USDX.V,D,20230513,000000,0.809447,0.826996,0.790695,0.795477,74997.993953,0
USDX.V,D,20230514,000000,0.804482,0.823094,0.791675,0.801381,73244.09396000003,0
USDX.V,D,20230515,000000,0.806703,0.808346,0.797058,0.804263,63698.93473699996,0
USDX.V,D,20230516,000000,0.804163,0.809724,0.80002,0.806623,89403.32599099985,0
USDX.V,D,20230517,000000,0.804922,0.807904,0.79982,0.807123,80290.14923499992,0
USDX.V,D,20230518,000000,0.806003,0.809243,0.8006,0.808943,67284.640532,0
USDX.V,D,20230519,000000,0.808923,0.809204,0.80074,0.808134,87299.02356300004,0
USDX.V,D,20230520,000000,0.808404,0.809328,0.80122,0.807206,69688.31529900005,0
USDX.V,D,20230521,000000,0.808408,0.809285,0.801,0.801581,47405.32761999999,0
USDX.V,D,20230522,000000,0.808604,0.811787,0.801,0.809004,90102.80857299999,0
USDX.V,D,20230523,000000,0.804397,0.833542,0.803461,0.83095,73186.48636700003,0
USDX.V,D,20230524,000000,0.827514,0.831442,0.822619,0.823051,75684.01244799994,0
USDX.V,D,20230525,000000,0.823342,0.831942,0.822834,0.823416,65366.82210600001,0
USDX.V,D,20230526,000000,0.823325,0.830325,0.823174,0.828082,79311.79413100005,0
USDX.V,D,20230527,000000,0.826648,0.830441,0.823365,0.825822,83115.65104100005,0
USDX.V,D,20230528,000000,0.82523,0.830615,0.82343,0.824281,85784.99416399999,0
USDX.V,D,20230529,000000,0.82669,0.836042,0.826224,0.832441,70329.06609699994,0
USDX.V,D,20230530,000000,0.830549,0.836326,0.830332,0.832425,75317.56190699995,0
USDX.V,D,20230531,000000,0.832233,0.836351,0.823007,0.829658,66963.94645099998,0
USDX.V,D,20230601,000000,0.830766,0.833025,0.822899,0.825939,87737.87486099999,0
USDX.V,D,20230602,000000,0.827223,0.833133,0.825457,0.831816,80179.50502600004,0
USDX.V,D,20230603,000000,0.831833,0.833167,0.825498,0.828031,80720.31716099993,0
USDX.V,D,20230604,000000,0.832425,0.833183,0.825631,0.830566,72875.334718,0
USDX.V,D,20230605,000000,0.832475,0.83315,0.812944,0.818337,65051.403109000006,0
USDX.V,D,20230606,000000,0.816245,0.821638,0.788858,0.791622,80034.49697799998,0
USDX.V,D,20230607,000000,0.790221,0.805277,0.790221,0.805076,72431.06365000003,0
USDX.V,D,20230608,000000,0.805181,0.807084,0.796932,0.802945,86610.74844500002,0
USDX.V,D,20230609,000000,0.802244,0.804977,0.796281,0.802647,91249.5120790001,0
USDX.V,D,20230610,000000,0.801812,0.804092,0.77812,0.779052,50399.864842000025,0
USDX.V,D,20230611,000000,0.784563,0.78737,0.776679,0.781012,73017.205079,0
USDX.V,D,20230612,000000,0.780512,0.784569,0.770554,0.77737,72697.34039500002,0
USDX.V,D,20230613,000000,0.777431,0.778939,0.769869,0.771,104127.68980999998,0
USDX.V,D,20230614,000000,0.771023,0.777537,0.769969,0.77653,65991.609568,0
USDX.V,D,20230615,000000,0.776538,0.837916,0.768823,0.829294,79758.38128100001,0
USDX.V,D,20230616,000000,0.829111,0.829344,0.828514,0.829344,63195.598964,0
USDX.V,D,20230617,000000,0.829144,0.82966,0.829045,0.82966,73465.09164199994,0
USDX.V,D,20230618,000000,0.82956,0.829851,0.829393,0.829609,89404.23296899998,0
USDX.V,D,20230619,000000,0.829776,0.829976,0.826762,0.827335,86655.56071800004,0
USDX.V,D,20230620,000000,0.827135,0.832833,0.825035,0.830024,84357.70320800004,0
USDX.V,D,20230621,000000,0.830125,0.838752,0.829659,0.838267,66574.92700299998,0
USDX.V,D,20230622,000000,0.838234,0.844869,0.834734,0.841977,94049.62604199997,0
USDX.V,D,20230623,000000,0.842177,0.846946,0.836793,0.836793,67871.33117900004,0
USDX.V,D,20230624,000000,0.837185,0.84353,0.834317,0.839829,90519.82018400004,0
USDX.V,D,20230625,000000,0.83972,0.849592,0.837527,0.842895,77482.942585,0
USDX.V,D,20230626,000000,0.846137,0.847373,0.834617,0.839059,89063.10762100009,0
USDX.V,D,20230627,000000,0.8364,0.847593,0.835642,0.84266,72258.55445299996,0
USDX.V,D,20230628,000000,0.845261,0.847368,0.833675,0.8359,65226.284418999974,0
USDX.V,D,20230629,000000,0.835825,0.838016,0.831725,0.833767,80193.84241099998,0
USDX.V,D,20230630,000000,0.8336,0.84409,0.828759,0.839015,69745.22374599999,0
USDX.V,D,20230701,000000,0.833591,0.843447,0.8319,0.836992,67733.153712,0
USDX.V,D,20230702,000000,0.834883,0.842166,0.831858,0.836933,87940.94973099996,0
USDX.V,D,20230703,000000,0.834875,0.840258,0.831817,0.836692,22777.697115999996,0
USDX.V,D,20230704,000000,0.845742,0.850736,0.81419,0.835192,68733.40409900002,0
USDX.V,D,20230705,000000,0.835967,0.841951,0.835175,0.837526,64162.43678600001,0
USDX.V,D,20230706,000000,0.837426,0.846819,0.830158,0.834275,67857.02361000002,0
USDX.V,D,20230707,000000,0.834133,0.838175,0.801172,0.834217,81956.32607900002,0
USDX.V,D,20230708,000000,0.834167,0.834275,0.819949,0.824832,74127.767739,0
USDX.V,D,20230709,000000,0.824832,0.830116,0.824482,0.829849,74481.75293799999,0
USDX.V,D,20230710,000000,0.829949,0.830116,0.819985,0.825574,76257.78897599995,0
USDX.V,D,20230711,000000,0.825566,0.826207,0.801484,0.816114,76169.77664900002,0
USDX.V,D,20230712,000000,0.814733,0.829875,0.812976,0.829734,81289.90821499989,0
USDX.V,D,20230713,000000,0.829583,0.911045,0.811111,0.900451,96641.36757399989,0
USDX.V,D,20230714,000000,0.90146,0.902224,0.865946,0.900232,81814.46337000016,0
USDX.V,D,20230715,000000,0.888453,0.902414,0.850455,0.855848,86577.0375711999,0
USDX.V,D,20230716,000000,0.851755,0.906872,0.850038,0.900414,71500.32846299977,0
USDX.V,D,20230717,000000,0.900423,0.905152,0.887898,0.90218,78261.25003099996,0
USDX.V,D,20230718,000000,0.901462,0.908764,0.89048,0.898298,71427.88935200004,0
USDX.V,D,20230719,000000,0.898798,0.899553,0.888789,0.895391,66746.62447700002,0
USDX.V,D,20230720,000000,0.895991,0.897165,0.887294,0.896091,73660.82477999998,0
USDX.V,D,20230721,000000,0.895782,0.898728,0.890193,0.893418,83620.00006700002,0
USDX.V,D,20230722,000000,0.896618,0.898118,0.873831,0.877688,87413.54799899999,0
USDX.V,D,20230723,000000,0.876396,0.9,0.856977,0.891991,102927.89671699984,0
USDX.V,D,20230724,000000,0.891982,0.899564,0.862358,0.899501,90997.31932000005,0
USDX.V,D,20230725,000000,0.899501,0.899783,0.862936,0.872439,90399.02626500008,0
USDX.V,D,20230726,000000,0.872321,0.909,0.86194,0.878818,89903.72129699998,0
USDX.V,D,20230727,000000,0.881326,0.943355,0.860914,0.922051,110878.48208199978,0
USDX.V,D,20230728,000000,0.92794,0.959962,0.898639,0.942381,83409.76468799998,0
USDX.V,D,20230729,000000,0.940681,0.96169,0.920254,0.929291,75611.47134199993,0
USDX.V,D,20230730,000000,0.929591,0.957819,0.920555,0.928426,88768.815054,0
USDX.V,D,20230731,000000,0.928926,0.948272,0.882285,0.928361,68926.14848899998,0
USDX.V,D,20230801,000000,0.900947,0.941389,0.88962,0.932415,59719.61834599997,0
USDX.V,D,20230802,000000,0.934632,0.94855,0.912171,0.924673,77338.31272200002,0
USDX.V,D,20230803,000000,0.916168,0.945147,0.871968,0.91395,169646.55246599988,0
USDX.V,D,20230804,000000,0.919754,0.93839,0.889354,0.934092,75642.62383199998,0
USDX.V,D,20230805,000000,0.934092,0.952364,0.895418,0.948755,64600.53554800011,0
USDX.V,D,20230806,000000,0.94866,0.968393,0.923072,0.936627,47728.228628889985,0
USDX.V,D,20230807,000000,0.94867,0.950567,0.870867,0.947266,234365.32128500016,0
USDX.V,D,20230808,000000,0.947471,0.948482,0.891768,0.947858,130219.57575500003,0
USDX.V,D,20230809,000000,0.947858,0.949972,0.929474,0.939073,88666.86364399978,0
USDX.V,D,20230810,000000,0.94129,0.948298,0.921167,0.928715,67036.605584,0
USDX.V,D,20230811,000000,0.939394,0.945959,0.919231,0.940764,53200.27116000003,0
USDX.V,D,20230812,000000,0.946558,0.946558,0.919452,0.932268,58452.593246,0
USDX.V,D,20230813,000000,0.920684,0.942353,0.91971,0.929084,65599.96991799994,0
USDX.V,D,20230814,000000,0.922171,0.934861,0.919096,0.927432,77407.35833900001,0
USDX.V,D,20230815,000000,0.919852,0.932904,0.899955,0.912586,75775.52940500002,0
USDX.V,D,20230816,000000,0.913766,0.946587,0.90681,0.943742,59546.99975699997,0
USDX.V,D,20230817,000000,0.938286,0.98179,0.915498,0.949468,65329.72216700008,0
USDX.V,D,20230818,000000,0.921075,0.969016,0.912434,0.949392,56171.12607210002,0
USDX.V,D,20230819,000000,0.949225,0.954775,0.924404,0.949753,55774.41005899998,0
USDX.V,D,20230820,000000,0.949715,0.954033,0.926361,0.949781,45037.227904000036,0
USDX.V,D,20230821,000000,0.948205,0.949971,0.922559,0.93156,46036.90581499999,0
USDX.V,D,20230822,000000,0.923471,0.949253,0.922062,0.944379,59039.52393,0
USDX.V,D,20230823,000000,0.946978,0.94863,0.921903,0.935547,51395.56142100001,0
USDX.V,D,20230824,000000,0.936613,0.949396,0.921287,0.94032,43034.14461500004,0
USDX.V,D,20230825,000000,0.935866,0.949154,0.919593,0.923155,52085.71743499999,0
USDX.V,D,20230826,000000,0.922283,0.949197,0.920221,0.933805,38908.95286800001,0
USDX.V,D,20230827,000000,0.930825,0.949068,0.922411,0.939749,54963.412661999995,0
USDX.V,D,20230828,000000,0.93476,0.944403,0.929275,0.931125,49582.90852599997,0
USDX.V,D,20230829,000000,0.933124,0.943656,0.923009,0.935203,35321.30877100001,0
USDX.V,D,20230830,000000,0.930658,0.949858,0.928832,0.944,42705.95604399997,0
USDX.V,D,20230831,000000,0.948591,0.948658,0.926152,0.93855,32747.610740999993,0
USDX.V,D,20230901,000000,0.92648,0.940708,0.922002,0.931088,26532.083396000005,0
USDX.V,D,20230902,000000,0.937297,0.940677,0.929837,0.930298,25714.934652000007,0
USDX.V,D,20230903,000000,0.931098,0.939778,0.921243,0.921243,31822.432268000004,0
USDX.V,D,20230904,000000,0.926442,0.939821,0.920743,0.93909,25990.207660999997,0
USDX.V,D,20230905,000000,0.931567,0.939474,0.929423,0.938636,23320.042803000015,0
USDX.V,D,20230906,000000,0.929663,0.967722,0.919965,0.94913,35697.83334400001,0
USDX.V,D,20230907,000000,0.94923,0.967616,0.926827,0.944918,36071.81416700001,0
USDX.V,D,20230908,000000,0.946655,0.949458,0.94028,0.948967,30483.734381999988,0
USDX.V,D,20230909,000000,0.946467,0.951653,0.940815,0.948106,35279.736624,0
USDX.V,D,20230910,000000,0.947697,0.951748,0.940737,0.94774,34756.700058999995,0
USDX.V,D,20230911,000000,0.94824,0.949196,0.934579,0.94008,30473.834321999988,0
USDX.V,D,20230912,000000,0.942098,0.943268,0.934229,0.939734,24222.666845,0
USDX.V,D,20230913,000000,0.941625,0.943287,0.933172,0.936487,30717.573340000028,0
USDX.V,D,20230914,000000,0.940888,0.943485,0.929565,0.937062,29634.983909000017,0
USDX.V,D,20230915,000000,0.933952,0.947438,0.931119,0.944028,28292.40168899998,0
USDX.V,D,20230916,000000,0.941109,0.950362,0.934707,0.944394,36921.308325000005,0
USDX.V,D,20230917,000000,0.944185,0.950123,0.93925,0.947137,25963.423970999986,0
USDX.V,D,20230918,000000,0.940535,0.950294,0.931396,0.932777,32364.001344000015,0
USDX.V,D,20230919,000000,0.93524,0.946251,0.931686,0.940632,28304.51245199998,0
USDX.V,D,20230920,000000,0.940022,0.946595,0.930693,0.939256,33594.326934000004,0
USDX.V,D,20230921,000000,0.938338,0.943019,0.932591,0.933616,28852.626738000006,0
USDX.V,D,20230922,000000,0.934772,0.947305,0.931735,0.944334,28633.081520999993,0
USDX.V,D,20230923,000000,0.944234,0.964258,0.931091,0.947157,23915.653484000013,0
USDX.V,D,20230924,000000,0.947457,0.948219,0.931665,0.943347,26772.720547999998,0
USDX.V,D,20230925,000000,0.943247,0.947972,0.930005,0.943743,29149.080445000018,0
USDX.V,D,20230926,000000,0.940544,0.946317,0.935101,0.944118,24147.221616999996,0
USDX.V,D,20230927,000000,0.945493,0.945619,0.933053,0.941303,21874.330417999998,0
USDX.V,D,20230928,000000,0.941103,0.943819,0.934602,0.939891,25959.658839999975,0
USDX.V,D,20230929,000000,0.940091,0.944019,0.934953,0.941696,17348.524248999995,0
USDX.V,D,20230930,000000,0.941506,0.943041,0.937025,0.940388,20573.80961100001,0
USDX.V,D,20231001,000000,0.941279,0.943079,0.9361,0.936494,18723.568896,0
USDX.V,D,20231002,000000,0.938113,0.944798,0.93585,0.938372,19280.63775200001,0
USDX.V,D,20231003,000000,0.945274,0.945719,0.929446,0.940991,27103.768067999998,0
USDX.V,D,20231004,000000,0.941675,0.9477,0.931956,0.940719,21803.93496299999,0
USDX.V,D,20231005,000000,0.944247,0.945053,0.931753,0.937362,18776.265959000004,0
USDX.V,D,20231006,000000,0.937453,0.945087,0.936184,0.944378,22488.681663999996,0
USDX.V,D,20231007,000000,0.945187,0.945201,0.932657,0.938635,26914.578576000014,0
USDX.V,D,20231008,000000,0.933632,0.942941,0.930437,0.937634,27333.644668,0
USDX.V,D,20231009,000000,0.932631,0.939798,0.929449,0.933287,20000.821299,0
USDX.V,D,20231010,000000,0.937269,0.941957,0.932975,0.938203,23968.892313000004,0
USDX.V,D,20231011,000000,0.935703,0.948615,0.930937,0.939312,21032.593341999993,0
USDX.V,D,20231012,000000,0.944726,0.952819,0.933492,0.939281,29640.819450000014,0
USDX.V,D,20231013,000000,0.939352,0.946878,0.929828,0.932585,25858.286046,0
USDX.V,D,20231014,000000,0.930495,0.943834,0.929916,0.943234,20354.201655999987,0
USDX.V,D,20231015,000000,0.941544,0.945872,0.934844,0.940938,20299.20958299998,0
USDX.V,D,20231016,000000,0.941538,1.004641,0.940166,0.985404,32593.740172999984,0
USDX.V,D,20231017,000000,0.982713,0.989985,0.94454,0.94494,17735.41934600001,0
USDX.V,D,20231018,000000,0.952852,0.987805,0.941624,0.952109,24759.383195000002,0
USDX.V,D,20231019,000000,0.955101,0.986934,0.936149,0.959784,23610.860747100014,0
USDX.V,D,20231020,000000,0.961075,0.968184,0.931263,0.951399,13810.671272999996,0
USDX.V,D,20231021,000000,0.960903,0.970256,0.931172,0.958479,15801.403198999986,0
USDX.V,D,20231022,000000,0.958779,0.969985,0.950437,0.964128,23143.907840999993,0
USDX.V,D,20231023,000000,0.951033,0.977013,0.932624,0.949684,49106.00066599999,0
USDX.V,D,20231024,000000,0.955296,0.97641,0.942024,0.962884,15087.566470999993,0
USDX.V,D,20231025,000000,0.951343,0.96791,0.940904,0.960731,17712.754909000018,0
USDX.V,D,20231026,000000,0.955929,0.977105,0.941745,0.96111,28988.99693900002,0
USDX.V,D,20231027,000000,0.959519,0.976868,0.934196,0.95622,85022.42388700013,0
USDX.V,D,20231028,000000,0.952729,0.959882,0.938016,0.956353,52428.445597999955,0
USDX.V,D,20231029,000000,0.957063,0.963599,0.934868,0.947175,64213.848225000016,0
USDX.V,D,20231030,000000,0.962337,0.962337,0.941845,0.948804,79474.61143599999,0
USDX.V,D,20231031,000000,0.955915,0.968758,0.935246,0.944278,34638.538853999984,0
USDX.V,D,20231101,000000,0.944168,0.959582,0.931105,0.949623,14936.081908000011,0
USDX.V,D,20231102,000000,0.944402,0.959499,0.940151,0.947523,18128.079655000016,0
USDX.V,D,20231103,000000,0.947514,0.95913,0.941822,0.951471,20352.86626499999,0
USDX.V,D,20231104,000000,0.947951,0.95926,0.932175,0.953662,19200.915975999997,0
USDX.V,D,20231105,000000,0.957726,0.95909,0.906634,0.954759,22222.303550000004,0
USDX.V,D,20231106,000000,0.955664,0.959444,0.936193,0.951466,21098.435222000007,0
USDX.V,D,20231107,000000,0.953467,0.957164,0.935512,0.951418,20397.581245000016,0
USDX.V,D,20231108,000000,0.938303,0.957202,0.935637,0.947908,21590.537546,0
USDX.V,D,20231109,000000,0.951223,0.956297,0.945512,0.949233,20331.373039999995,0
USDX.V,D,20231110,000000,0.953462,0.956307,0.949195,0.954258,20034.025907,0
USDX.V,D,20231111,000000,0.954587,0.960453,0.942307,0.953438,21291.848267,0
USDX.V,D,20231112,000000,0.953548,0.959582,0.941039,0.956492,21039.031517000003,0
USDX.V,D,20231113,000000,0.94978,0.959581,0.941971,0.946455,21070.749705000002,0
USDX.V,D,20231114,000000,0.944932,0.959088,0.880176,0.945123,23301.908897000023,0
USDX.V,D,20231115,000000,0.948652,0.951147,0.93624,0.947564,19957.642929,0
USDX.V,D,20231116,000000,0.949512,0.951171,0.930793,0.945266,20351.46585899999,0
USDX.V,D,20231117,000000,0.937203,0.948003,0.904927,0.94081,21629.582431000003,0
USDX.V,D,20231118,000000,0.935118,0.955182,0.909618,0.915658,20751.794555999986,0
USDX.V,D,20231119,000000,0.930774,0.955482,0.930774,0.947226,15657.202403000005,0
USDX.V,D,20231120,000000,0.94454,0.950736,0.934907,0.937647,19930.803678,0
USDX.V,D,20231121,000000,0.949326,0.950356,0.89576,0.924377,17799.15412799999,0
USDX.V,D,20231122,000000,0.9381,0.940182,0.906382,0.930726,22457.92341999999,0
USDX.V,D,20231123,000000,0.939182,0.939378,0.920493,0.93454,18186.362137000004,0
USDX.V,D,20231124,000000,0.93554,0.939769,0.915402,0.936714,17724.01705199999,0
USDX.V,D,20231125,000000,0.936139,0.9385,0.920606,0.924445,25018.949495999987,0
USDX.V,D,20231126,000000,0.926947,0.938269,0.915612,0.929253,20280.912635,0
USDX.V,D,20231127,000000,0.934555,0.935855,0.898553,0.922009,21495.48474500002,0
USDX.V,D,20231128,000000,0.904482,0.925383,0.904482,0.916731,22489.626068999994,0
USDX.V,D,20231129,000000,0.916331,0.932793,0.912693,0.930621,22115.664671999984,0
USDX.V,D,20231130,000000,0.927848,0.932977,0.922165,0.928811,22655.206391999982,0
USDX.V,D,20231201,000000,0.930486,0.948879,0.926276,0.94867,20006.802413999987,0
USDX.V,D,20231202,000000,0.942877,0.951509,0.940614,0.946635,22146.391160999985,0
USDX.V,D,20231203,000000,0.948627,0.951566,0.932798,0.943721,20036.097933000005,0
USDX.V,D,20231204,000000,0.940867,0.946837,0.935375,0.940447,17575.942749999987,0
USDX.V,D,20231205,000000,0.939175,0.942079,0.916727,0.920783,16370.618734000003,0
USDX.V,D,20231206,000000,0.928811,0.94386,0.918065,0.932012,24472.96923500002,0
USDX.V,D,20231207,000000,0.937503,0.944259,0.916182,0.937819,21014.84168000001,0
USDX.V,D,20231208,000000,0.943249,0.950576,0.934168,0.944312,20662.061769000018,0
USDX.V,D,20231209,000000,0.942811,0.950795,0.932698,0.941554,34219.46229899999,0
USDX.V,D,20231210,000000,0.947256,0.951471,0.933675,0.9421,37551.45299700001,0
USDX.V,D,20231211,000000,0.947538,0.949724,0.918699,0.924545,39105.698050999985,0
USDX.V,D,20231212,000000,0.919967,0.935088,0.917052,0.929582,30000.070292999986,0
USDX.V,D,20231213,000000,0.928382,0.933964,0.911508,0.92002,46217.564665000005,0
USDX.V,D,20231214,000000,0.915065,0.930377,0.910191,0.923548,56455.21055099998,0
USDX.V,D,20231215,000000,0.921247,0.929751,0.877303,0.918209,92550.81460800007,0
USDX.V,D,20231216,000000,0.916492,0.928607,0.907519,0.913768,61525.19595799998,0
USDX.V,D,20231217,000000,0.918964,0.928308,0.908182,0.918253,100084.15445300008,0
USDX.V,D,20231218,000000,0.918943,0.943803,0.898292,0.914935,96113.45434200006,0
USDX.V,D,20231219,000000,0.932929,0.943813,0.900014,0.906238,39158.770113,0
USDX.V,D,20231220,000000,0.905538,0.919874,0.904747,0.911827,41698.33753800001,0
USDX.V,D,20231221,000000,0.915727,0.932277,0.905336,0.921275,38599.10516600001,0
USDX.V,D,20231222,000000,0.919675,0.932114,0.910337,0.916833,36559.37096000001,0
USDX.V,D,20231223,000000,0.921937,0.922702,0.899648,0.913347,39461.43335100001,0
USDX.V,D,20231224,000000,0.915448,0.925907,0.906398,0.921908,37276.664812999996,0
USDX.V,D,20231225,000000,0.914285,0.923934,0.903254,0.906399,42377.442365999996,0
USDX.V,D,20231226,000000,0.916993,0.921957,0.903817,0.906318,50863.49085799998,0
USDX.V,D,20231227,000000,0.914681,0.919217,0.899006,0.917168,42676.38313700004,0
USDX.V,D,20231228,000000,0.915704,0.922543,0.901378,0.916349,42068.27342,0
USDX.V,D,20231229,000000,0.915594,0.919652,0.897541,0.916074,47320.844448999946,0
USDX.V,D,20231230,000000,0.914337,0.919146,0.89541,0.906573,40493.70684899997,0
USDX.V,D,20231231,000000,0.902673,0.914327,0.895196,0.898801,40418.31849399999,0
USDX.V,D,20240101,000000,0.907564,0.914391,0.898419,0.911582,37208.60963099996,0
USDX.V,D,20240102,000000,0.914074,0.921741,0.899251,0.913638,44252.53295200003,0
USDX.V,D,20240103,000000,0.921541,0.926585,0.901196,0.912328,40757.27320499997,0
USDX.V,D,20240104,000000,0.904253,0.920498,0.899161,0.914278,38491.573778000005,0
USDX.V,D,20240105,000000,0.90413,0.931386,0.861385,0.895898,68579.24588999999,0
USDX.V,D,20240106,000000,0.909509,0.911747,0.860199,0.894928,39390.157846999995,0
USDX.V,D,20240107,000000,0.886231,0.902278,0.831707,0.874242,38739.24370400002,0
USDX.V,D,20240108,000000,0.898266,0.902105,0.831141,0.873477,42718.09146699999,0
USDX.V,D,20240109,000000,0.878781,0.902041,0.842988,0.900079,40351.16349099997,0
USDX.V,D,20240110,000000,0.878725,0.901862,0.860909,0.901516,41958.31022600001,0
USDX.V,D,20240111,000000,0.901961,6.981536,0.854615,0.894745,35911.330487,0
USDX.V,D,20240112,000000,0.907,0.9193,0.878091,0.881753,39645.72652299997,0
USDX.V,D,20240113,000000,0.879963,0.918815,0.84993,0.904701,40932.44395400001,0
USDX.V,D,20240114,000000,0.882088,0.96838,0.854201,0.880377,32773.273337000006,0
USDX.V,D,20240115,000000,0.913952,0.928345,0.857805,0.897274,70891.37499900002,0
USDX.V,D,20240116,000000,0.890571,0.926697,0.881961,0.902165,57541.55939399997,0
USDX.V,D,20240117,000000,0.905464,0.927736,0.888835,0.905385,101254.43529099997,0
USDX.V,D,20240118,000000,0.908391,0.928389,0.887965,0.894795,51355.88114899998,0
USDX.V,D,20240119,000000,0.896103,0.945588,0.856103,0.867032,63031.40327500004,0
USDX.V,D,20240120,000000,0.88703,0.90483,0.869847,0.882367,67664.63317199996,0
USDX.V,D,20240121,000000,0.891269,0.901831,0.85626,0.876956,92240.475721,0
USDX.V,D,20240122,000000,0.878946,0.888691,0.831384,0.875063,120964.23307200002,0
USDX.V,D,20240123,000000,0.872848,0.926733,0.852618,0.870333,50882.11174000001,0
USDX.V,D,20240124,000000,0.868526,0.880598,0.859474,0.877379,45930.14182299997,0
USDX.V,D,20240125,000000,0.875245,0.914615,0.86774,0.895307,48051.138917,0
USDX.V,D,20240126,000000,0.881515,0.902338,0.879481,0.884514,44661.23773699999,0
USDX.V,D,20240127,000000,0.882432,0.90221,0.877286,0.8911,44652.468293999984,0
USDX.V,D,20240128,000000,0.881591,0.89811,0.87833,0.890258,45124.22783700002,0
USDX.V,D,20240129,000000,0.890766,0.905846,0.879783,0.8916,45412.764367000054,0
USDX.V,D,20240130,000000,0.881109,0.906337,0.879854,0.896082,51982.22940299999,0
USDX.V,D,20240131,000000,0.886491,0.902368,0.880892,0.89668,43153.79759500004,0
USDX.V,D,20240201,000000,0.885204,0.902038,0.882173,0.900339,46126.56506899999,0
USDX.V,D,20240202,000000,0.89784,0.906229,0.880792,0.880968,36560.583972000015,0
USDX.V,D,20240203,000000,0.881424,0.903329,0.881097,0.893996,35001.85344000001,0
USDX.V,D,20240204,000000,0.885699,0.906038,0.882012,0.900821,37986.229403000034,0
USDX.V,D,20240205,000000,0.901212,0.901212,0.874681,0.880942,28125.080392999997,0
USDX.V,D,20240206,000000,0.890849,0.895199,0.872047,0.886125,34085.871589,0
USDX.V,D,20240207,000000,0.881327,0.89453,0.868648,0.880515,34158.63206300001,0
USDX.V,D,20240208,000000,0.877907,0.895469,0.876155,0.881376,29284.495580999992,0
USDX.V,D,20240209,000000,0.889878,0.905752,0.877209,0.897029,34391.052903999975,0
USDX.V,D,20240210,000000,0.882129,0.903388,0.880564,0.89736,34288.67500500001,0
USDX.V,D,20240211,000000,0.887949,0.89765,0.879255,0.895751,35451.20614299998,0
USDX.V,D,20240212,000000,0.890258,0.909846,0.887707,0.905198,31965.16485999998,0
USDX.V,D,20240213,000000,0.897295,0.909946,0.895518,0.901051,33080.28570700001,0
USDX.V,D,20240214,000000,0.902652,0.914111,0.896615,0.897625,36282.45431,0
USDX.V,D,20240215,000000,0.908753,0.912648,0.897066,0.911592,35001.90973499999,0
USDX.V,D,20240216,000000,0.908681,0.912229,0.898005,0.899892,33967.80717699997,0
USDX.V,D,20240217,000000,0.901293,0.90446,0.890485,0.900998,34344.045556,0
USDX.V,D,20240218,000000,0.899207,0.903134,0.880297,0.892898,35257.12603899998,0
USDX.V,D,20240219,000000,0.881197,0.905409,0.880335,0.889505,35187.18888900003,0
USDX.V,D,20240220,000000,0.893514,0.903037,0.884112,0.889269,35300.092494000004,0
USDX.V,D,20240221,000000,0.895388,0.900189,0.884271,0.887071,36663.50414200003,0
USDX.V,D,20240222,000000,0.8938,0.913035,0.884199,0.891006,30214.412303999994,0
USDX.V,D,20240223,000000,0.887707,0.900928,0.883263,0.899174,33161.53278900002,0
USDX.V,D,20240224,000000,0.897565,0.901256,0.881868,0.8953,29967.36827099999,0
USDX.V,D,20240225,000000,0.8915,0.8997,0.880091,0.893455,25585.61716799999,0
USDX.V,D,20240226,000000,0.892782,0.898275,0.880191,0.894572,28834.995474999992,0
USDX.V,D,20240227,000000,0.889004,0.900006,0.879043,0.892157,30533.18661599998,0
USDX.V,D,20240228,000000,0.882544,0.901478,0.880382,0.890323,42129.397167999996,0
USDX.V,D,20240229,000000,0.881917,0.896815,0.880059,0.883721,22584.33745799999,0
USDX.V,D,20240301,000000,0.891354,0.947352,0.880299,0.889593,29120.955625000002,0
USDX.V,D,20240302,000000,0.892069,0.905686,0.880813,0.886023,41347.089310000054,0
USDX.V,D,20240303,000000,0.891264,0.897083,0.877421,0.895594,23400.572218000016,0
USDX.V,D,20240304,000000,0.889791,0.896966,0.875208,0.890776,7319.230296000001,0
USDX.V,D,20240306,000000,0.883582,0.883582,0.883582,0.883582,55.026264,0
USDX.V,D,20240313,000000,0.89378,0.89378,0.870861,0.870948,1935.6489519999996,0
USDX.V,D,20240314,000000,0.871788,0.880096,0.864133,0.879492,11894.783951000007,0
USDX.V,D,20240315,000000,0.864306,0.895309,0.863798,0.878053,25783.67312700002,0
USDX.V,D,20240316,000000,0.866678,0.883635,0.86443,0.880854,26389.723419999995,0
USDX.V,D,20240317,000000,0.869704,0.883949,0.866398,0.877126,20109.992384,0
USDX.V,D,20240318,000000,0.882232,0.898433,0.865663,0.880538,24928.09442699999,0
USDX.V,D,20240319,000000,0.878239,0.895373,0.850236,0.893511,24533.70392799998,0
USDX.V,D,20240320,000000,0.883084,0.898571,0.854258,0.888547,19886.990761999994,0
USDX.V,D,20240321,000000,0.878368,0.899499,0.876193,0.879898,12076.616359999995,0
USDX.V,D,20240322,000000,0.878889,0.892627,0.8665,0.882294,23487.783026999983,0
USDX.V,D,20240323,000000,0.878893,0.894609,0.868291,0.875391,27218.77267900002,0
USDX.V,D,20240324,000000,0.8758,0.882085,0.868744,0.878791,28104.808166999992,0
USDX.V,D,20240325,000000,0.875847,0.895106,0.871539,0.884968,41175.82501400002,0
USDX.V,D,20240326,000000,0.883506,0.900479,0.879406,0.895109,55068.79794900004,0
USDX.V,D,20240327,000000,0.886109,0.898846,0.865265,0.870295,58990.80073499997,0
USDX.V,D,20240328,000000,0.872707,0.895552,0.866532,0.894788,55232.970719000004,0
USDX.V,D,20240329,000000,0.890487,0.910546,0.876731,0.887535,78143.50428000002,0
USDX.V,D,20240330,000000,0.892519,0.897139,0.87341,0.879687,60114.76037799998,0
USDX.V,D,20240331,000000,0.879025,0.889925,0.873179,0.884206,67168.88003500011,0
USDX.V,D,20240401,000000,0.876723,0.890023,0.873787,0.876886,59924.76031499996,0
USDX.V,D,20240402,000000,0.879925,0.890136,0.867543,0.888755,60512.38970800003,0
USDX.V,D,20240403,000000,0.887646,0.942715,0.850549,0.863459,60551.89362699995,0
USDX.V,D,20240404,000000,0.878846,0.884603,0.85624,0.878511,59979.76411799996,0
USDX.V,D,20240405,000000,0.880988,0.884636,0.873471,0.879243,55029.50434899999,0
USDX.V,D,20240406,000000,0.874754,0.882109,0.869761,0.879811,63571.177332999985,0
USDX.V,D,20240407,000000,0.875793,0.880676,0.873861,0.87727,71172.596138,0
USDX.V,D,20240408,000000,0.87937,0.884212,0.874516,0.880447,67382.24624800001,0
USDX.V,D,20240409,000000,0.883356,0.884338,0.871999,0.876206,44864.36258599996,0
USDX.V,D,20240410,000000,0.879904,0.886602,0.872698,0.881874,34337.81734400003,0
USDX.V,D,20240411,000000,0.885847,0.88642,0.870522,0.873061,28191.905877999987,0
USDX.V,D,20240412,000000,0.87657,0.929479,0.859201,0.869504,32613.477286000005,0
USDX.V,D,20240413,000000,0.869252,0.889769,0.842786,0.862793,26316.18329999998,0
USDX.V,D,20240414,000000,0.877219,0.889118,0.842842,0.852756,26164.201887,0
USDX.V,D,20240415,000000,0.862733,0.877763,0.834942,0.835042,29552.03134799998,0
USDX.V,D,20240416,000000,0.838159,0.890114,0.714343,0.818964,30687.996397000006,0
USDX.V,D,20240417,000000,0.82248,0.833383,0.779743,0.82061,54809.044727999986,0
USDX.V,D,20240418,000000,0.816218,0.828348,0.766154,0.82694,34278.510648,0
USDX.V,D,20240419,000000,0.822947,0.82779,0.810713,0.815653,33102.384784,0
USDX.V,D,20240420,000000,0.817911,0.830349,0.8103,0.81937,33813.343380999955,0
USDX.V,D,20240421,000000,0.821046,0.827883,0.811243,0.81443,31325.001185999998,0
USDX.V,D,20240422,000000,0.816531,0.835117,0.8101,0.822547,35047.512571999985,0
USDX.V,D,20240423,000000,0.821338,0.834983,0.8133,0.819808,28760.594767000013,0
USDX.V,D,20240424,000000,0.821284,0.827817,0.813575,0.814758,36787.782818999985,0
USDX.V,D,20240425,000000,0.818746,0.827628,0.812561,0.820724,31782.69748200001,0
USDX.V,D,20240426,000000,0.820928,0.828566,0.813593,0.8177,37346.519295000035,0
USDX.V,D,20240427,000000,0.818572,0.827469,0.81333,0.825674,32335.081622000016,0
USDX.V,D,20240428,000000,0.822471,0.826769,0.813467,0.819808,37409.007194,0
USDX.V,D,20240429,000000,0.819708,0.825652,0.813767,0.820372,37220.71463400003,0
USDX.V,D,20240430,000000,0.818205,0.82342,0.815013,0.816111,32697.69477199998,0
USDX.V,D,20240501,000000,0.817727,0.826249,0.812314,0.821075,30822.790501000025,0
USDX.V,D,20240502,000000,0.821266,0.826399,0.8141,0.815941,35039.32823000003,0
USDX.V,D,20240503,000000,0.819941,0.828657,0.8145,0.825955,40227.55079400003,0
USDX.V,D,20240504,000000,0.820253,0.828566,0.815528,0.822582,34419.153637999996,0
USDX.V,D,20240505,000000,0.820382,0.836884,0.819282,0.826491,49288.448995000006,0
USDX.V,D,20240506,000000,0.820798,0.828658,0.817925,0.825717,32317.30748400001,0
USDX.V,D,20240507,000000,0.825008,0.828517,0.819826,0.820875,33238.901337999996,0
USDX.V,D,20240508,000000,0.825383,0.827875,0.818961,0.820478,31920.329801999986,0
USDX.V,D,20240509,000000,0.820146,0.828376,0.819772,0.821868,34185.632349999985,0
USDX.V,D,20240510,000000,0.825276,0.827135,0.819823,0.824844,27912.704119000005,0
USDX.V,D,20240511,000000,0.820845,0.827576,0.819706,0.823919,32671.13393400001,0
USDX.V,D,20240512,000000,0.821419,0.828193,0.819764,0.825545,31464.601424000008,0
USDX.V,D,20240513,000000,0.824245,0.827511,0.814643,0.820518,34503.51353200001,0
USDX.V,D,20240514,000000,0.81631,0.822906,0.814345,0.822596,36272.55359099998,0
USDX.V,D,20240515,000000,0.821188,0.829097,0.816643,0.824594,38597.68033299997,0
USDX.V,D,20240516,000000,0.825687,0.829583,0.815908,0.817574,37441.197090999995,0
USDX.V,D,20240517,000000,0.818774,0.828848,0.814284,0.825789,34135.69197000002,0
USDX.V,D,20240518,000000,0.821687,0.828749,0.818523,0.82454,29570.927972999976,0
USDX.V,D,20240519,000000,0.827849,0.828599,0.818898,0.825642,34003.52294100002,0
USDX.V,D,20240520,000000,0.821942,0.833625,0.817625,0.821937,36828.158477000004,0
USDX.V,D,20240521,000000,0.822421,0.828326,0.818987,0.825185,32690.74610699999,0
USDX.V,D,20240522,000000,0.824177,0.828001,0.816345,0.824753,27893.70198599998,0
USDX.V,D,20240523,000000,0.822754,0.826271,0.815604,0.817444,33610.25673600004,0
USDX.V,D,20240524,000000,0.819284,0.827128,0.815359,0.823409,33721.622917999994,0
USDX.V,D,20240525,000000,0.822101,0.827369,0.815874,0.825327,37107.39939600002,0
USDX.V,D,20240526,000000,0.824827,0.826035,0.815374,0.822153,31401.37962600002,0
USDX.V,D,20240527,000000,0.817381,0.826928,0.8166,0.819064,62930.30074399998,0
USDX.V,D,20240528,000000,0.825257,0.827007,0.815508,0.827007,56927.92965100001,0
USDX.V,D,20240529,000000,0.821804,0.827063,0.81495,0.816493,33587.94952099999,0
USDX.V,D,20240530,000000,0.815003,0.826628,0.813315,0.819505,23204.29576000001,0
USDX.V,D,20240531,000000,0.814015,0.822219,0.813315,0.820023,33947.08611800002,0
USDX.V,D,20240601,000000,0.821014,0.821759,0.814474,0.817264,34782.60774699995,0
USDX.V,D,20240602,000000,0.820469,0.821907,0.813441,0.820465,36436.23517700007,0
USDX.V,D,20240603,000000,0.819749,0.822268,0.816404,0.820269,35125.854665,0
USDX.V,D,20240604,000000,0.820152,0.822416,0.817355,0.8217,25961.30330000001,0
USDX.V,D,20240605,000000,0.8186,0.825774,0.817523,0.820274,32833.022519000006,0
USDX.V,D,20240606,000000,0.825174,0.826133,0.817216,0.819238,40213.534037999976,0
USDX.V,D,20240607,000000,0.825328,0.827534,0.817714,0.81968,31580.094503999986,0
USDX.V,D,20240608,000000,0.822487,0.827984,0.816632,0.82061,39613.89164499995,0
USDX.V,D,20240609,000000,0.82141,0.827017,0.814037,0.815378,36522.148972,0
USDX.V,D,20240610,000000,0.816777,0.823185,0.814564,0.816871,33121.85768499998,0
USDX.V,D,20240611,000000,0.816655,0.828067,0.813118,0.824543,34857.292999000005,0
USDX.V,D,20240612,000000,0.825827,0.826935,0.81652,0.823628,26371.804982999973,0
USDX.V,D,20240613,000000,0.82232,0.82562,0.814115,0.821071,37068.456630000015,0
USDX.V,D,20240614,000000,0.821671,0.824172,0.814748,0.819901,35219.15360300002,0
USDX.V,D,20240615,000000,0.820225,0.824313,0.814813,0.820532,27971.552909999995,0
USDX.V,D,20240616,000000,0.820632,0.824897,0.814854,0.822342,34526.41200300001,0
USDX.V,D,20240617,000000,0.818345,0.823849,0.814846,0.816024,36643.794601999994,0
USDX.V,D,20240618,000000,0.816316,0.828825,0.81143,0.819225,39413.351813,0
USDX.V,D,20240619,000000,0.822148,0.826702,0.816634,0.821771,37074.406393000034,0
USDX.V,D,20240620,000000,0.817973,0.824278,0.813422,0.821616,34724.239486,0
USDX.V,D,20240621,000000,0.815928,0.835873,0.814075,0.831776,31770.392311000003,0
USDX.V,D,20240622,000000,0.830585,0.834974,0.827161,0.830068,37315.28621600002,0
USDX.V,D,20240623,000000,0.829485,0.83006,0.825646,0.829727,37087.10572399999,0
USDX.V,D,20240624,000000,0.829327,0.829802,0.818592,0.824598,33322.869405000005,0
USDX.V,D,20240625,000000,0.821217,0.825804,0.810187,0.814245,44728.59318999997,0
USDX.V,D,20240626,000000,0.814704,0.818353,0.810157,0.814813,42576.477161999996,0
USDX.V,D,20240627,000000,0.813681,0.817843,0.680775,0.802858,35414.05590599996,0
USDX.V,D,20240628,000000,0.801033,0.809033,0.800304,0.804113,37145.655552,0
USDX.V,D,20240629,000000,0.805087,0.840059,0.711702,0.762993,45820.55190399998,0
USDX.V,D,20240630,000000,0.797742,0.817406,0.733551,0.772255,53454.93627599996,0
USDX.V,D,20240701,000000,0.771802,0.824284,0.763845,0.807894,57055.30984000003,0
USDX.V,D,20240702,000000,0.806428,0.81729,0.804134,0.81729,36194.64483799999,0
USDX.V,D,20240703,000000,0.817789,0.817989,0.802087,0.812289,34946.603361000016,0
USDX.V,D,20240704,000000,0.811898,0.813296,0.78946,0.789757,40433.484055999994,0
USDX.V,D,20240705,000000,0.801043,0.821545,0.774936,0.79254,35852.438083,0
USDX.V,D,20240706,000000,0.792671,0.809657,0.785963,0.802916,26803.94741000001,0
USDX.V,D,20240707,000000,0.801916,0.809227,0.795357,0.804871,35224.784595,0
USDX.V,D,20240708,000000,0.802412,0.8097,0.791424,0.807427,30194.05557499999,0
USDX.V,D,20240709,000000,0.801612,0.809843,0.801456,0.809084,36134.71982699999,0
USDX.V,D,20240710,000000,0.803692,0.810259,0.795868,0.806044,50904.20234499998,0
USDX.V,D,20240711,000000,0.805444,0.810589,0.799612,0.803176,39318.92111700004,0
USDX.V,D,20240712,000000,0.805408,0.810908,0.795332,0.804753,40329.915239999995,0
USDX.V,D,20240713,000000,0.803861,0.81453,0.80236,0.806345,36294.28181999999,0
USDX.V,D,20240714,000000,0.808743,0.812636,0.805245,0.810984,32159.847093000004,0
USDX.V,D,20240715,000000,0.8114,0.812852,0.80076,0.808196,29035.020665999982,0
USDX.V,D,20240716,000000,0.803442,0.81494,0.799788,0.808702,36699.320507,0
USDX.V,D,20240717,000000,0.807502,0.811,0.80022,0.808565,36254.29297399998,0
USDX.V,D,20240718,000000,0.809673,0.811092,0.797104,0.79964,31293.867220999993,0
USDX.V,D,20240719,000000,0.804039,0.809351,0.795609,0.807739,36503.063928,0
USDX.V,D,20240720,000000,0.807347,0.810697,0.80032,0.803545,32887.76202699996,0
USDX.V,D,20240721,000000,0.804038,0.809724,0.790176,0.795467,38778.82085699997,0
USDX.V,D,20240722,000000,0.798868,0.804925,0.79456,0.80084,32917.960090999986,0
USDX.V,D,20240723,000000,0.804133,0.807973,0.792959,0.804697,39328.023773999994,0
USDX.V,D,20240724,000000,0.79892,0.805019,0.794367,0.802823,31028.500351999992,0
USDX.V,D,20240725,000000,0.803239,0.806258,0.797532,0.799768,32455.85287,0
USDX.V,D,20240726,000000,0.802691,0.805931,0.796092,0.800076,35247.29463499998,0
USDX.V,D,20240727,000000,0.796092,0.805092,0.795824,0.796892,36921.57841300002,0
USDX.V,D,20240728,000000,0.796528,0.810092,0.791937,0.806619,42221.166577999975,0
USDX.V,D,20240729,000000,0.806119,0.811776,0.795736,0.802304,38393.800409,0
USDX.V,D,20240730,000000,0.802204,0.806331,0.795473,0.805258,39628.01189500001,0
USDX.V,D,20240731,000000,0.806061,0.810365,0.797101,0.801087,37888.797166000026,0
USDX.V,D,20240801,000000,0.800352,0.806271,0.792843,0.80167,42842.29339100001,0
USDX.V,D,20240802,000000,0.799352,0.807851,0.792714,0.799979,30854.841502999996,0
USDX.V,D,20240803,000000,0.800578,0.807359,0.792669,0.803793,31623.49487499998,0
USDX.V,D,20240804,000000,0.805192,0.807531,0.790843,0.794969,29245.365912000005,0
USDX.V,D,20240805,000000,0.794162,0.803592,0.781853,0.788242,52280.23941500001,0
USDX.V,D,20240806,000000,0.794387,0.799704,0.785228,0.7891,27850.164724999984,0
USDX.V,D,20240807,000000,0.787999,0.794502,0.784433,0.787779,35424.88395599999,0
USDX.V,D,20240808,000000,0.791679,0.812271,0.769315,0.795731,13895.199260999998,0
USDX.V,D,20240809,000000,0.795238,0.797423,0.785488,0.792746,28618.028283999996,0
USDX.V,D,20240810,000000,0.786644,0.795851,0.782217,0.79015,34014.691736999994,0
USDX.V,D,20240811,000000,0.79105,0.797915,0.779626,0.793371,34794.691799000015,0
USDX.V,D,20240812,000000,0.792371,0.795763,0.784586,0.790279,27068.018882999997,0
USDX.V,D,20240813,000000,0.789179,0.795751,0.785641,0.790095,23272.101545999998,0
USDX.V,D,20240814,000000,0.790387,0.796531,0.786549,0.793271,33945.61387600001,0
USDX.V,D,20240815,000000,0.792471,0.794584,0.784316,0.790342,30005.99989500002,0
USDX.V,D,20240816,000000,0.79155,0.794867,0.783127,0.789521,31306.163781999996,0
USDX.V,D,20240817,000000,0.792022,0.796772,0.78318,0.790463,35956.634728000005,0
USDX.V,D,20240818,000000,0.793371,0.798436,0.788871,0.795051,35192.803878999985,0
USDX.V,D,20240819,000000,0.79175,0.800388,0.785218,0.796475,36226.17935199996,0
USDX.V,D,20240820,000000,0.797375,0.812576,0.756906,0.8026,30683.171559999988,0
USDX.V,D,20240821,000000,0.782608,0.813103,0.761515,0.811873,34012.12642100001,0
USDX.V,D,20240822,000000,0.800572,0.812954,0.768685,0.79804,16890.12047900001,0
USDX.V,D,20240823,000000,0.79384,0.812241,0.760224,0.779315,33078.62807499998,0
USDX.V,D,20240824,000000,0.783018,0.78652,0.770631,0.782066,28075.927994999984,0
USDX.V,D,20240825,000000,0.779734,0.786767,0.776703,0.783674,34347.034329999995,0
USDX.V,D,20240826,000000,0.781373,0.785889,0.777771,0.783341,35567.16218800003,0
USDX.V,D,20240827,000000,0.783733,0.786739,0.776854,0.7816,40890.73656000003,0
USDX.V,D,20240828,000000,0.784608,0.787502,0.769962,0.78197,31584.74544200001,0
USDX.V,D,20240829,000000,0.78127,0.783572,0.774092,0.783192,35398.576526,0
USDX.V,D,20240830,000000,0.784692,0.785261,0.770246,0.777491,37050.374548999986,0
USDX.V,D,20240831,000000,0.779199,0.782767,0.77313,0.779152,36247.29113999997,0
USDX.V,D,20240901,000000,0.781252,0.783667,0.773638,0.782367,35668.05064500001,0
USDX.V,D,20240902,000000,0.782259,0.782459,0.773176,0.775376,37897.48502900001,0
USDX.V,D,20240903,000000,0.780075,0.801512,0.7692,0.779382,38193.32703999998,0
USDX.V,D,20240904,000000,0.776083,0.781873,0.7701,0.777807,40704.97700800002,0
USDX.V,D,20240905,000000,0.772023,0.780175,0.771276,0.77622,32683.645897999966,0
USDX.V,D,20240906,000000,0.779019,0.780205,0.768692,0.774897,31111.663131000005,0
USDX.V,D,20240907,000000,0.773298,0.780506,0.7695,0.772423,37808.01995999999,0
USDX.V,D,20240908,000000,0.778714,0.780299,0.765239,0.772023,32178.437529000006,0
USDX.V,D,20240909,000000,0.769508,0.796441,0.749857,0.77694,38226.03267199998,0
USDX.V,D,20240910,000000,0.773939,0.780908,0.769977,0.771838,39593.00726900002,0
USDX.V,D,20240911,000000,0.778838,0.781138,0.765554,0.772269,37693.80491799994,0
USDX.V,D,20240912,000000,0.77567,0.781178,0.765316,0.780238,44896.983496,0
USDX.V,D,20240913,000000,0.775738,0.781212,0.769977,0.778311,40665.86347799999,0
USDX.V,D,20240914,000000,0.779312,0.78155,0.769477,0.776247,38507.61949700001,0
USDX.V,D,20240915,000000,0.772277,0.793703,0.752898,0.78,29250.774654,0
USDX.V,D,20240916,000000,0.778111,0.780856,0.761955,0.765647,32216.845611999976,0
USDX.V,D,20240917,000000,0.765555,0.778452,0.730027,0.771923,15500.535880999998,0
USDX.V,D,20240918,000000,0.778378,0.778592,0.75028,0.773431,26267.391207999997,0
USDX.V,D,20240919,000000,0.753223,0.79958,0.737029,0.744597,30974.791329999993,0
USDX.V,D,20240920,000000,0.757468,0.799772,0.735866,0.766761,33781.526544,0
USDX.V,D,20240921,000000,0.77547,0.789963,0.732644,0.762976,30575.33103099998,0
USDX.V,D,20240922,000000,0.783378,0.789963,0.733593,0.7731,31446.865900999997,0
USDX.V,D,20240923,000000,0.769962,0.789892,0.731571,0.757262,22366.083352999987,0
USDX.V,D,20240924,000000,0.789468,0.789468,0.750195,0.778561,34278.92124599996,0
USDX.V,D,20240925,000000,0.768569,0.779853,0.750362,0.772569,33832.623504999996,0
USDX.V,D,20240926,000000,0.773169,0.779628,0.750105,0.769177,32845.11055099999,0
USDX.V,D,20240927,000000,0.768415,0.77987,0.750235,0.769031,28149.04937599998,0
USDX.V,D,20240928,000000,0.77534,0.815382,0.663666,0.700077,38881.35045300001,0
USDX.V,D,20240929,000000,0.803039,0.805497,0.6971,0.70039,27980.30293,0
USDX.V,D,20240930,000000,0.69983,0.69983,0.699711,0.699711,5621.254782,0
USDX.V,D,20241001,000000,0.698704,0.720769,0.642984,0.683522,35261.71700299998,0
USDX.V,D,20241002,000000,0.695219,0.716821,0.677951,0.679723,49506.341416,0
USDX.V,D,20241003,000000,0.689421,0.724441,0.645177,0.671919,42066.05891700003,0
USDX.V,D,20241004,000000,0.657721,0.718899,0.645684,0.666187,41578.514438000006,0
USDX.V,D,20241005,000000,0.658293,0.729491,0.646187,0.723491,43780.19003399996,0
USDX.V,D,20241006,000000,0.714293,0.729505,0.652261,0.667487,36760.96363799996,0
USDX.V,D,20241007,000000,0.672286,0.728132,0.655731,0.70129,42673.94122899993,0
USDX.V,D,20241008,000000,0.684395,0.727267,0.655764,0.679111,35934.37837099996,0
USDX.V,D,20241009,000000,0.691994,0.727752,0.650301,0.685483,40202.62943,0
USDX.V,D,20241010,000000,0.69289,0.716712,0.648622,0.707028,45911.27459699995,0
USDX.V,D,20241011,000000,0.706936,0.715291,0.648531,0.688111,40669.894642999985,0
USDX.V,D,20241012,000000,0.650409,0.688559,0.646264,0.653897,39635.12927599998,0
USDX.V,D,20241013,000000,0.656296,0.6888,0.646277,0.685219,38835.27543100002,0
USDX.V,D,20241014,000000,0.678068,0.688204,0.637698,0.640298,40337.049947999985,0
USDX.V,D,20241015,000000,0.649203,0.688469,0.554739,0.674325,50396.77124200002,0
USDX.V,D,20241016,000000,0.63271,0.68879,0.629973,0.631561,38288.32850600001,0
USDX.V,D,20241017,000000,0.650163,0.688473,0.630042,0.673664,41697.563411,0
USDX.V,D,20241018,000000,0.635391,0.688631,0.63098,0.635117,36057.65172700003,0
USDX.V,D,20241019,000000,0.643723,0.688604,0.632418,0.660648,41953.931294000016,0
USDX.V,D,20241020,000000,0.683305,0.688542,0.630086,0.649686,48331.41696299997,0
USDX.V,D,20241021,000000,0.66688,0.687845,0.629898,0.631341,44593.018194000055,0
USDX.V,D,20241022,000000,0.643936,0.678954,0.563194,0.607862,37991.27887400001,0
USDX.V,D,20241023,000000,0.616156,0.64624,0.555288,0.597778,49341.41149900003,0
USDX.V,D,20241024,000000,0.602461,0.667125,0.585449,0.609616,44667.771203999946,0
USDX.V,D,20241025,000000,0.643801,0.647937,0.591039,0.613594,50612.19290199998,0
USDX.V,D,20241026,000000,0.610799,0.619789,0.552736,0.566357,43416.992774999984,0
USDX.V,D,20241027,000000,0.555971,0.618058,0.553491,0.561125,52331.66927100002,0
USDX.V,D,20241028,000000,0.587571,0.59904,0.55419,0.565104,55557.752046000074,0
USDX.V,D,20241029,000000,0.565404,0.569686,0.559462,0.560321,59303.54603699992,0
USDX.V,D,20241030,000000,0.562026,0.569729,0.559093,0.564919,51843.189141,0
USDX.V,D,20241031,000000,0.564419,0.56982,0.561136,0.561563,59442.75322699998,0
USDX.V,D,20241101,000000,0.564554,0.56524,0.559373,0.564011,48364.615979999966,0
USDX.V,D,20241102,000000,0.564011,0.565236,0.558437,0.562442,55604.875888999966,0
USDX.V,D,20241103,000000,0.560537,0.565153,0.553578,0.558282,58205.341112,0
USDX.V,D,20241104,000000,0.556177,0.560425,0.550487,0.555372,45714.05909800002,0
USDX.V,D,20241105,000000,0.554767,0.557055,0.550758,0.554133,41242.90983299999,0
USDX.V,D,20241106,000000,0.553634,0.557696,0.55245,0.556534,42120.52639200002,0
USDX.V,D,20241107,000000,0.553887,0.566872,0.55266,0.56008,45427.19017799999,0
USDX.V,D,20241108,000000,0.560775,0.564695,0.556039,0.556189,21459.600186,0
USDX.V,D,20241109,000000,0.554855,0.586076,0.551565,0.553861,605.721705,0
USDX.V,D,20241110,000000,0.569173,0.599976,0.551149,0.567217,42324.107037,0
USDX.V,D,20241111,000000,0.569319,0.573144,0.559669,0.568676,48565.521823000025,0
USDX.V,D,20241112,000000,0.5716,0.574503,0.564075,0.572872,43600.332052999926,0
USDX.V,D,20241113,000000,0.573484,0.576235,0.567726,0.571983,46871.560082,0
USDX.V,D,20241114,000000,0.568748,0.573706,0.562502,0.568834,41779.20965900001,0
USDX.V,D,20241115,000000,0.566568,0.573558,0.564575,0.571066,45821.48856500003,0
USDX.V,D,20241116,000000,0.568965,0.578749,0.565341,0.575801,46603.25006099999,0
USDX.V,D,20241117,000000,0.573201,0.580406,0.568999,0.577123,49173.02999199997,0
USDX.V,D,20241118,000000,0.578623,0.583318,0.571229,0.581123,38263.36414499996,0
USDX.V,D,20241119,000000,0.580816,0.586286,0.577741,0.583634,40352.127615,0
USDX.V,D,20241120,000000,0.58354,0.583908,0.57357,0.575997,48540.75562599997,0
USDX.V,D,20241121,000000,0.578999,0.584054,0.574587,0.57975,49259.78143400001,0
USDX.V,D,20241122,000000,0.581246,0.585715,0.576894,0.584908,49331.91312499999,0
USDX.V,D,20241123,000000,0.580703,0.588163,0.577952,0.586232,49719.387137000034,0
USDX.V,D,20241124,000000,0.587334,0.589153,0.582887,0.586186,36945.507971,0
USDX.V,D,20241125,000000,0.588087,0.588747,0.582648,0.58753,45764.82270999994,0
USDX.V,D,20241126,000000,0.587577,0.588647,0.576006,0.57808,45895.930559000015,0
USDX.V,D,20241127,000000,0.580579,0.584301,0.575827,0.581407,39670.19751499998,0
USDX.V,D,20241128,000000,0.58108,0.584119,0.577387,0.581935,39354.99459500001,0
USDX.V,D,20241129,000000,0.580146,0.591385,0.576575,0.582319,39119.865503,0
USDX.V,D,20241130,000000,0.584927,0.592408,0.579568,0.586635,37783.949132999995,0
USDX.V,D,20241201,000000,0.584869,0.597206,0.581673,0.591802,44643.77113900001,0
USDX.V,D,20241202,000000,0.592602,0.6013,0.588806,0.600016,32958.63821700001,0
USDX.V,D,20241203,000000,0.60041,0.608056,0.592965,0.601521,41469.337814,0
USDX.V,D,20241204,000000,0.605087,0.611892,0.597778,0.608651,36694.425729999995,0
USDX.V,D,20241205,000000,0.607389,0.6118,0.59984,0.610039,32991.576917000006,0
USDX.V,D,20241206,000000,0.609893,0.612333,0.605544,0.608068,43608.56489999998,0
USDX.V,D,20241207,000000,0.60771,0.656071,0.578869,0.646623,12517.051101000005,0
USDX.V,D,20241208,000000,0.611567,0.646229,0.573587,0.603638,32436.946403999988,0
USDX.V,D,20241209,000000,0.602537,0.606224,0.587306,0.588871,35031.10623900001,0
USDX.V,D,20241210,000000,0.590177,0.659583,0.584399,0.626513,53749.13738400002,0
USDX.V,D,20241211,000000,0.636418,0.720325,0.593113,0.704852,41196.600579999955,0
USDX.V,D,20241212,000000,0.708847,0.790076,0.691297,0.704155,32429.98894800003,0
USDX.V,D,20241213,000000,0.761514,0.78965,0.691531,0.708242,30503.225661000033,0
USDX.V,D,20241214,000000,0.778748,0.789503,0.693272,0.722328,29557.307654999997,0
USDX.V,D,20241215,000000,0.727127,0.789321,0.693395,0.756718,39979.99327700004,0
USDX.V,D,20241216,000000,0.771161,0.779058,0.694754,0.701689,30843.453075999998,0
USDX.V,D,20241217,000000,0.738084,0.779731,0.691462,0.718028,39062.475033,0
USDX.V,D,20241218,000000,0.7075,0.779528,0.689658,0.696314,30164.048725000015,0
USDX.V,D,20241219,000000,0.702661,0.808852,0.660004,0.752569,26140.25588599999,0
USDX.V,D,20241220,000000,0.749725,0.779028,0.682,0.73151,29224.677363999985,0
USDX.V,D,20241221,000000,0.740933,0.7694,0.653794,0.683349,33468.76426900002,0
USDX.V,D,20241222,000000,0.666207,0.766847,0.649971,0.739219,35729.51689000002,0
USDX.V,D,20241223,000000,0.713479,0.76097,0.649526,0.735942,24882.95424699997,0
USDX.V,D,20241224,000000,0.711773,0.756625,0.65006,0.755825,34137.480817999996,0
USDX.V,D,20241225,000000,0.694641,0.756918,0.649734,0.71076,35229.431872,0
USDX.V,D,20241226,000000,0.657115,0.75667,0.649871,0.675876,32772.29647800001,0
USDX.V,D,20241227,000000,0.699437,0.778026,0.649487,0.738627,42541.79885499997,0
USDX.V,D,20241228,000000,0.662837,0.776972,0.649974,0.716344,33923.354889999995,0
USDX.V,D,20241229,000000,0.674423,0.777136,0.650401,0.722289,44854.569004999976,0
USDX.V,D,20241230,000000,0.729183,0.767868,0.651772,0.669579,34902.016695000006,0
USDX.V,D,20241231,000000,0.69464,0.744383,0.586302,0.722687,19337.72426699999,0
USDX.V,D,20250101,000000,0.692368,0.727467,0.600784,0.655733,18007.95546499998,0
USDX.V,D,20250102,000000,0.660024,0.724591,0.639183,0.713671,31244.479532999994,0
USDX.V,D,20250103,000000,0.658328,0.72094,0.650573,0.66536,39278.34389599997,0
USDX.V,D,20250104,000000,0.680494,0.762447,0.64984,0.66588,35951.638651,0
USDX.V,D,20250105,000000,0.747358,0.764263,0.653682,0.660841,33514.231032,0
USDX.V,D,20250106,000000,0.673478,0.752058,0.652139,0.737714,36322.967269999994,0
USDX.V,D,20250107,000000,0.693908,0.752746,0.656298,0.705401,33958.83034700002,0
USDX.V,D,20250108,000000,0.693803,0.737157,0.650405,0.695942,25585.54797700002,0
USDX.V,D,20250109,000000,0.653823,0.728128,0.650501,0.702865,19813.289152,0
USDX.V,D,20250110,000000,0.710243,0.713493,0.599988,0.650563,18151.02330100001,0
USDX.V,D,20250111,000000,0.687063,0.709838,0.60068,0.708567,15628.016531000003,0
USDX.V,D,20250112,000000,0.623707,0.71475,0.616553,0.661203,20194.75430099999,0
USDX.V,D,20250113,000000,0.681991,0.709167,0.620177,0.703993,5603.177747999999,0
USDX.V,D,20250114,000000,0.652265,0.654738,0.652265,0.654738,619.244131,0
USDX.V,D,20250115,000000,0.634646,0.708602,0.600842,0.623219,16744.681206999994,0
USDX.V,D,20250116,000000,0.636225,0.697628,0.629031,0.668746,28996.152470000008,0
USDX.V,D,20250117,000000,0.686749,0.68971,0.650011,0.665813,28734.308706999997,0
USDX.V,D,20250118,000000,0.679911,0.679911,0.649832,0.665394,35900.66565699999,0
USDX.V,D,20250119,000000,0.658294,0.678725,0.649381,0.657259,30962.631493999997,0
USDX.V,D,20250120,000000,0.657424,0.678719,0.600121,0.638053,21275.505431999987,0
USDX.V,D,20250121,000000,0.580426,0.66918,0.556115,0.612286,19710.715533999995,0
USDX.V,D,20250122,000000,0.66336,0.669159,0.570054,0.655849,28943.963447000006,0
USDX.V,D,20250123,000000,0.651237,0.658877,0.580134,0.582928,27857.355089000004,0
USDX.V,D,20250124,000000,0.618255,0.64986,0.570422,0.619643,34367.983001,0
USDX.V,D,20250125,000000,0.598748,0.64979,0.570389,0.638185,43794.470323999965,0
USDX.V,D,20250126,000000,0.575791,0.649683,0.571397,0.586406,32069.27072599999,0
USDX.V,D,20250127,000000,0.621376,0.649323,0.569644,0.59785,20806.05020399999,0
USDX.V,D,20250128,000000,0.58166,0.638779,0.570177,0.604307,28128.283714999994,0
USDX.V,D,20250129,000000,0.621352,0.62918,0.570392,0.584977,30839.206286999994,0
USDX.V,D,20250130,000000,0.587788,0.604494,0.570089,0.572051,24068.274340000004,0
USDX.V,D,20250131,000000,0.581458,0.609718,0.570126,0.591482,34569.94585799996,0
USDX.V,D,20250201,000000,0.581131,0.69202,0.576396,0.630142,30358.06565200004,0
USDX.V,D,20250202,000000,0.637447,0.659748,0.576321,0.619014,29236.948520999977,0
USDX.V,D,20250203,000000,0.632948,0.658869,0.501841,0.592751,14325.776683999995,0
USDX.V,D,20250204,000000,0.519224,0.609281,0.503178,0.557034,24235.697852999994,0
USDX.V,D,20250205,000000,0.604396,0.626338,0.509232,0.568757,30003.96536100001,0
USDX.V,D,20250206,000000,0.564434,0.625706,0.525968,0.544438,21402.837563,0
USDX.V,D,20250207,000000,0.559639,0.601474,0.526258,0.592625,21924.266701999997,0
USDX.V,D,20250208,000000,0.688852,0.690238,0.650058,0.666953,21701.423996999998,0
USDX.V,D,20250209,000000,0.670554,0.690811,0.650424,0.663353,21490.02358200001,0
USDX.V,D,20250210,000000,0.688376,0.690083,0.650346,0.658799,16998.03759400001,0
USDX.V,D,20250211,000000,0.677622,0.684603,0.650311,0.667893,21816.767871000004,0
USDX.V,D,20250212,000000,0.676885,0.678991,0.649879,0.654646,16736.542261000002,0
USDX.V,D,20250213,000000,0.662546,0.684748,0.650226,0.651313,19360.516963,0
USDX.V,D,20250214,000000,0.675454,0.684921,0.651452,0.664339,16565.516799000005,0
USDX.V,D,20250215,000000,0.673008,0.685075,0.651539,0.66686,25887.835484000014,0
