<TICKER>,<PER>,<DATE>,<TIME>,<OPEN>,<HIGH>,<LOW>,<CLOSE>,<VOL>,<OPENINT>
WOO.V,D,20220111,000000,0.91286,1.03,0.909399,0.981528,5684667.100042966,0
WOO.V,D,20220112,000000,0.981018,1.064319,0.966533,1.047419,6572566.740922015,0
WOO.V,D,20220113,000000,1.047389,1.047389,0.948379,0.958123,5828056.866828694,0
WOO.V,D,20220114,000000,0.957883,1.011985,0.92131,1.011693,7146659.503403101,0
WOO.V,D,20220115,000000,1.011034,1.012835,0.955382,0.957639,3164414.439086874,0
WOO.V,D,20220116,000000,0.957809,0.964482,0.910455,0.923879,6163009.145570241,0
WOO.V,D,20220117,000000,0.925578,0.933613,0.819926,0.852891,9141820.27032281,0
WOO.V,D,20220118,000000,0.85134,0.879352,0.773339,0.841286,11451586.090450529,0
WOO.V,D,20220119,000000,0.841456,0.847259,0.751671,0.781004,7834673.699379912,0
WOO.V,D,20220120,000000,0.780996,0.953486,0.773922,0.79963,24140728.478388537,0
WOO.V,D,20220121,000000,0.80215,0.813631,0.628669,0.657061,11577169.452713085,0
WOO.V,D,20220122,000000,0.664899,0.685696,0.468484,0.546704,18504159.75242378,0
WOO.V,D,20220123,000000,0.544173,0.636927,0.536561,0.569364,12471793.29155651,0
WOO.V,D,20220124,000000,0.571511,0.647369,0.495379,0.582825,19253558.70464572,0
WOO.V,D,20220125,000000,0.582685,0.690287,0.564449,0.624902,21168760.942326058,0
WOO.V,D,20220126,000000,0.626133,0.673854,0.574187,0.596798,13808809.58610756,0
WOO.V,D,20220127,000000,0.597228,0.635037,0.558459,0.589626,10472472.032282155,0
WOO.V,D,20220128,000000,0.589896,0.612804,0.545164,0.591747,11175893.864560695,0
WOO.V,D,20220129,000000,0.590428,0.611683,0.558217,0.596309,16363110.609150426,0
WOO.V,D,20220130,000000,0.594488,0.610523,0.546424,0.553926,12897485.886136586,0
WOO.V,D,20220131,000000,0.555382,0.582941,0.516455,0.578837,14500709.628101764,0
WOO.V,D,20220201,000000,0.582235,0.598529,0.563598,0.578177,8133305.709110864,0
WOO.V,D,20220202,000000,0.577068,0.593737,0.517387,0.527875,6413477.051974618,0
WOO.V,D,20220203,000000,0.527462,0.544218,0.502871,0.533287,8120406.915782026,0
WOO.V,D,20220204,000000,0.534074,0.627736,0.532783,0.605654,12058304.294643728,0
WOO.V,D,20220205,000000,0.602392,0.685701,0.602331,0.631319,13220217.458178237,0
WOO.V,D,20220206,000000,0.631259,0.665332,0.61637,0.65988,8291987.40130607,0
WOO.V,D,20220207,000000,0.659674,0.72325,0.644801,0.690483,9488581.421027478,0
WOO.V,D,20220208,000000,0.690592,0.87559,0.675913,0.765608,70224331.60953465,0
WOO.V,D,20220209,000000,0.766359,0.809388,0.717622,0.746746,16856703.50061547,0
WOO.V,D,20220210,000000,0.745945,0.747872,0.663997,0.687381,13703647.726444036,0
WOO.V,D,20220211,000000,0.68658,0.689213,0.562913,0.587076,15987197.063828008,0
WOO.V,D,20220212,000000,0.58737,0.609165,0.556734,0.573086,9896582.079038475,0
WOO.V,D,20220213,000000,0.571543,0.58435,0.532819,0.538223,7838104.9568912545,0
WOO.V,D,20220214,000000,0.538169,0.585251,0.525262,0.573144,12165964.58147523,0
WOO.V,D,20220215,000000,0.572606,0.61653,0.561991,0.587542,9351562.055972574,0
WOO.V,D,20220216,000000,0.587001,0.611337,0.568598,0.593906,7804911.457396469,0
WOO.V,D,20220217,000000,0.593906,0.605273,0.519243,0.539828,12951569.96993722,0
WOO.V,D,20220218,000000,0.539684,0.545582,0.496298,0.510606,19023671.329861764,0
WOO.V,D,20220219,000000,0.510806,0.524515,0.472936,0.474137,16050469.554336805,0
WOO.V,D,20220220,000000,0.473184,0.482141,0.416708,0.433317,27294405.144388184,0
WOO.V,D,20220221,000000,0.432216,0.475838,0.407063,0.409505,28959814.681489438,0
WOO.V,D,20220222,000000,0.409405,0.434674,0.371949,0.416808,26371480.647360034,0
WOO.V,D,20220223,000000,0.416808,0.462477,0.40024,0.415149,28652710.552767772,0
WOO.V,D,20220224,000000,0.413548,0.414807,0.338969,0.369648,22080642.00733746,0
WOO.V,D,20220225,000000,0.369948,0.436274,0.368147,0.423812,20052355.132930424,0
WOO.V,D,20220226,000000,0.426313,0.487944,0.420968,0.468387,20672104.503196757,0
WOO.V,D,20220227,000000,0.468434,0.502451,0.423869,0.437575,17744416.92312077,0
WOO.V,D,20220228,000000,0.437319,0.546573,0.42597,0.508203,15233113.477101794,0
WOO.V,D,20220301,000000,0.507703,0.541162,0.493897,0.53366,11315900.086228227,0
WOO.V,D,20220302,000000,0.53416,0.54841,0.503851,0.513854,9586776.33903885,0
WOO.V,D,20220303,000000,0.513154,0.516255,0.469894,0.496499,8223100.86928225,0
WOO.V,D,20220304,000000,0.497399,0.509102,0.45119,0.454436,11871063.941811826,0
WOO.V,D,20220305,000000,0.455391,0.484145,0.443189,0.478844,7439994.023742007,0
WOO.V,D,20220306,000000,0.478844,0.508953,0.463293,0.468641,9373945.99217703,0
WOO.V,D,20220307,000000,0.46704,0.469441,0.424327,0.43293,7102347.812841754,0
WOO.V,D,20220308,000000,0.432987,0.449935,0.424042,0.434687,7435227.56096146,0
WOO.V,D,20220309,000000,0.434987,0.542108,0.434987,0.495199,27157690.103626274,0
WOO.V,D,20220310,000000,0.494399,0.512254,0.470041,0.484894,16581749.7585652,0
WOO.V,D,20220311,000000,0.485094,0.502501,0.464186,0.482748,9010761.963762736,0
WOO.V,D,20220312,000000,0.482797,0.49755,0.463746,0.477548,11255763.399854617,0
WOO.V,D,20220313,000000,0.478243,0.488449,0.447289,0.448835,7041530.59556621,0
WOO.V,D,20220314,000000,0.448679,0.463293,0.435687,0.440988,6865485.991079518,0
WOO.V,D,20220315,000000,0.441488,0.459438,0.422184,0.451335,6167955.79693871,0
WOO.V,D,20220316,000000,0.452136,0.524957,0.447434,0.50025,28443017.567454576,0
WOO.V,D,20220317,000000,0.50055,0.538261,0.490847,0.519259,22194862.245481867,0
WOO.V,D,20220318,000000,0.519508,0.609605,0.490496,0.589595,31623485.916816585,0
WOO.V,D,20220319,000000,0.589695,0.640512,0.574287,0.586835,34595631.16007679,0
WOO.V,D,20220320,000000,0.585734,0.618171,0.555822,0.590736,10694406.832618844,0
WOO.V,D,20220321,000000,0.591336,0.610305,0.552321,0.567527,13293767.153410543,0
WOO.V,D,20220322,000000,0.566827,0.591696,0.551175,0.567484,5295361.78748283,0
WOO.V,D,20220323,000000,0.566583,0.585234,0.55002,0.564626,6414998.67115373,0
WOO.V,D,20220324,000000,0.566026,0.637118,0.562825,0.616708,14061619.852415886,0
WOO.V,D,20220325,000000,0.616608,0.635918,0.570185,0.573587,9466477.378487483,0
WOO.V,D,20220326,000000,0.573587,0.587994,0.563782,0.577231,3469120.6542445086,0
WOO.V,D,20220327,000000,0.577288,0.610183,0.575988,0.609544,4460032.239920364,0
WOO.V,D,20220328,000000,0.609444,0.655862,0.604281,0.630652,8338250.029607852,0
WOO.V,D,20220329,000000,0.631452,0.65036,0.607382,0.617308,5309272.085703269,0
WOO.V,D,20220330,000000,0.617308,0.676403,0.610644,0.660198,9705857.827611245,0
WOO.V,D,20220331,000000,0.660998,0.690138,0.615385,0.622825,13066162.16211332,0
WOO.V,D,20220401,000000,0.623487,0.641993,0.572114,0.615746,18495060.688040107,0
WOO.V,D,20220402,000000,0.616623,0.648695,0.596939,0.59954,6649875.45695098,0
WOO.V,D,20220403,000000,0.59898,0.62465,0.580232,0.608983,8011960.930212069,0
WOO.V,D,20220404,000000,0.608683,0.610244,0.552366,0.595719,11279539.767196288,0
WOO.V,D,20220405,000000,0.595779,0.604481,0.54911,0.554711,6746017.290701583,0
WOO.V,D,20220406,000000,0.555611,0.558412,0.4925,0.525,9034159.66057727,0
WOO.V,D,20220407,000000,0.5248,0.5549,0.486449,0.533653,19045915.91318904,0
WOO.V,D,20220408,000000,0.534453,0.639528,0.533553,0.543317,97818233.45087785,0
WOO.V,D,20220409,000000,0.542617,0.544218,0.497399,0.523757,31778745.366538316,0
WOO.V,D,20220410,000000,0.524157,0.53256,0.498249,0.513403,11337280.38197646,0
WOO.V,D,20220411,000000,0.512402,0.515003,0.447434,0.451836,18175232.54294876,0
WOO.V,D,20220412,000000,0.452136,0.505701,0.449935,0.461839,36466234.79726405,0
WOO.V,D,20220413,000000,0.461438,0.483345,0.457537,0.478544,13662727.143861173,0
WOO.V,D,20220414,000000,0.479444,0.525205,0.464293,0.482897,25641013.130870458,0
WOO.V,D,20220415,000000,0.482797,0.490398,0.463693,0.469347,11183598.487922698,0
WOO.V,D,20220416,000000,0.468894,0.479996,0.461246,0.473195,2769606.36941339,0
WOO.V,D,20220417,000000,0.473795,0.4982,0.464446,0.473695,7504128.910588344,0
WOO.V,D,20220418,000000,0.474295,0.493048,0.438644,0.491498,17916601.028951522,0
WOO.V,D,20220419,000000,0.492048,0.532406,0.486746,0.494449,24319001.46603766,0
WOO.V,D,20220420,000000,0.493599,0.505401,0.468694,0.480196,13008869.631823612,0
WOO.V,D,20220421,000000,0.480496,0.486749,0.440644,0.446689,12480407.064593552,0
WOO.V,D,20220422,000000,0.446245,0.460892,0.437544,0.449745,10548277.860431923,0
WOO.V,D,20220423,000000,0.449345,0.465993,0.441044,0.458292,10201459.911257364,0
WOO.V,D,20220424,000000,0.457491,0.459792,0.430486,0.438488,9016266.44710115,0
WOO.V,D,20220425,000000,0.439844,0.45209,0.4005,0.448345,11405723.097211786,0
WOO.V,D,20220426,000000,0.44889,0.459446,0.405241,0.414441,7466476.437602856,0
WOO.V,D,20220427,000000,0.415442,0.4315,0.40244,0.416242,5947535.940459064,0
WOO.V,D,20220428,000000,0.416342,0.429343,0.408441,0.415542,6124845.932231529,0
WOO.V,D,20220429,000000,0.4152,0.420242,0.377,0.381838,7568235.906243836,0
WOO.V,D,20220430,000000,0.381738,0.392439,0.365137,0.365537,3741371.5472311224,0
WOO.V,D,20220501,000000,0.3645,0.369937,0.3376,0.3543,13047093.180184878,0
WOO.V,D,20220502,000000,0.355436,0.369937,0.315532,0.329833,26692423.31680742,0
WOO.V,D,20220503,000000,0.330033,0.351835,0.327734,0.333967,6915000.932478098,0
WOO.V,D,20220504,000000,0.333733,0.3914,0.331267,0.3803,14235964.626814287,0
WOO.V,D,20220505,000000,0.379486,0.391522,0.323335,0.329534,11695367.357393045,0
WOO.V,D,20220506,000000,0.329767,0.338732,0.312038,0.324468,8144293.125000917,0
WOO.V,D,20220507,000000,0.325067,0.330567,0.309938,0.309938,4121737.004561319,0
WOO.V,D,20220508,000000,0.308869,0.324003,0.30048,0.318304,5563629.706327363,0
WOO.V,D,20220509,000000,0.317705,0.317905,0.246826,0.255749,10838968.08483347,0
WOO.V,D,20220510,000000,0.256523,0.295011,0.237805,0.239204,11357831.597376646,0
WOO.V,D,20220511,000000,0.239328,0.261595,0.170814,0.182006,15343750.243656581,0
WOO.V,D,20220512,000000,0.182921,0.202048,0.140591,0.177918,15946355.897379786,0
WOO.V,D,20220513,000000,0.177103,0.2224,0.169558,0.197064,12305044.87768581,0
WOO.V,D,20220514,000000,0.197943,0.201816,0.176059,0.194508,9949238.802314347,0
WOO.V,D,20220515,000000,0.194328,0.215341,0.189335,0.209948,5947054.532692009,0
WOO.V,D,20220516,000000,0.210148,0.216019,0.186938,0.20002,5285481.742347841,0
WOO.V,D,20220517,000000,0.199341,0.212466,0.190552,0.204155,4597530.269888938,0
WOO.V,D,20220518,000000,0.204234,0.213843,0.178168,0.179566,6774655.246450247,0
WOO.V,D,20220519,000000,0.179648,0.204595,0.171694,0.194505,6751284.193052674,0
WOO.V,D,20220520,000000,0.194505,0.204475,0.181664,0.188074,7248991.502556283,0
WOO.V,D,20220521,000000,0.187575,0.204933,0.184778,0.192649,8775979.989381932,0
WOO.V,D,20220522,000000,0.191151,0.20805,0.191151,0.201038,6534152.8469056515,0
WOO.V,D,20220523,000000,0.200959,0.231368,0.200959,0.206851,12461165.195877075,0
WOO.V,D,20220524,000000,0.206552,0.20897,0.187575,0.198242,9765536.063708961,0
WOO.V,D,20220525,000000,0.198322,0.201258,0.18278,0.188573,6108721.700062238,0
WOO.V,D,20220526,000000,0.188792,0.189292,0.160623,0.171129,5865118.920040372,0
WOO.V,D,20220527,000000,0.171428,0.173626,0.155828,0.160939,6975408.399417592,0
WOO.V,D,20220528,000000,0.161015,0.164894,0.156685,0.160612,6016000.035093487,0
WOO.V,D,20220529,000000,0.160609,0.16332,0.151441,0.153031,5440285.450842912,0
WOO.V,D,20220530,000000,0.15303,0.176876,0.152736,0.17446,10739967.795729565,0
WOO.V,D,20220531,000000,0.17536,0.18537,0.168265,0.173361,7283356.0598867815,0
WOO.V,D,20220601,000000,0.173361,0.179169,0.155145,0.156859,4262894.333922157,0
WOO.V,D,20220602,000000,0.157658,0.168049,0.15496,0.165151,8037281.386288532,0
WOO.V,D,20220603,000000,0.165151,0.165151,0.149977,0.156763,4851650.132377788,0
WOO.V,D,20220604,000000,0.156763,0.159878,0.148451,0.15948,15197569.439667452,0
WOO.V,D,20220605,000000,0.160078,0.168157,0.154775,0.161748,15891891.887751648,0
WOO.V,D,20220606,000000,0.161948,0.172557,0.158857,0.167559,35757372.72425552,0
WOO.V,D,20220607,000000,0.167259,0.179455,0.153871,0.171959,32732647.208136156,0
WOO.V,D,20220608,000000,0.171961,0.184671,0.166392,0.172588,39991726.69180939,0
WOO.V,D,20220609,000000,0.172588,0.176858,0.158564,0.162164,31009520.94491074,0
WOO.V,D,20220610,000000,0.162262,0.162365,0.148244,0.151607,37560939.86288551,0
WOO.V,D,20220611,000000,0.151607,0.152306,0.126743,0.130852,15338711.348517733,0
WOO.V,D,20220612,000000,0.131053,0.132451,0.117334,0.124246,11661817.981949894,0
WOO.V,D,20220613,000000,0.124247,0.139815,0.100523,0.119034,91828990.55537614,0
WOO.V,D,20220614,000000,0.119235,0.139779,0.117633,0.125949,96808600.28707448,0
WOO.V,D,20220615,000000,0.126049,0.155214,0.119616,0.151373,91580139.26640697,0
WOO.V,D,20220616,000000,0.152271,0.162688,0.129744,0.143313,64726988.10231603,0
WOO.V,D,20220617,000000,0.135412,0.146924,0.132514,0.139033,98397787.00376694,0
WOO.V,D,20220618,000000,0.139233,0.143328,0.121649,0.133083,84709521.27623864,0
WOO.V,D,20220619,000000,0.132585,0.173891,0.131885,0.16888,39309806.530766495,0
WOO.V,D,20220620,000000,0.168581,0.176388,0.15841,0.160523,20086525.433032606,0
WOO.V,D,20220621,000000,0.160124,0.200539,0.158625,0.177322,60356954.809729196,0
WOO.V,D,20220622,000000,0.177123,0.190909,0.166833,0.183017,39362273.79626782,0
WOO.V,D,20220623,000000,0.182917,0.20999,0.182018,0.208092,47953307.629901305,0
WOO.V,D,20220624,000000,0.207892,0.244326,0.203796,0.223126,42432980.1589566,0
WOO.V,D,20220625,000000,0.223177,0.231468,0.205468,0.219047,30285257.569662206,0
WOO.V,D,20220626,000000,0.218147,0.230666,0.204667,0.222864,23415395.2414736,0
WOO.V,D,20220627,000000,0.223763,0.223766,0.188624,0.192029,27455399.91883841,0
WOO.V,D,20220628,000000,0.192229,0.199119,0.181253,0.188875,22556924.432717305,0
WOO.V,D,20220629,000000,0.188866,0.190663,0.169068,0.174291,22004025.10008347,0
WOO.V,D,20220630,000000,0.17439,0.176188,0.154404,0.157011,22882459.559668273,0
WOO.V,D,20220701,000000,0.157311,0.173009,0.151917,0.153431,30762673.845559154,0
WOO.V,D,20220702,000000,0.153316,0.159808,0.147123,0.157711,62374412.46628118,0
WOO.V,D,20220703,000000,0.157611,0.16119,0.148407,0.157795,26829268.119202573,0
WOO.V,D,20220704,000000,0.157994,0.173591,0.154299,0.171993,11945181.701906534,0
WOO.V,D,20220705,000000,0.172293,0.187793,0.162321,0.187793,23733493.774660964,0
WOO.V,D,20220706,000000,0.187693,0.187693,0.176606,0.186495,18503641.907036938,0
WOO.V,D,20220707,000000,0.186495,0.194564,0.180501,0.189186,12155922.674887484,0
WOO.V,D,20220708,000000,0.189886,0.197761,0.179992,0.18279,15209048.767619586,0
WOO.V,D,20220709,000000,0.18279,0.189786,0.176376,0.186388,8728312.641984642,0
WOO.V,D,20220710,000000,0.186688,0.196263,0.173478,0.179292,13615717.519440196,0
WOO.V,D,20220711,000000,0.179192,0.179192,0.165434,0.16645,11216080.854199268,0
WOO.V,D,20220712,000000,0.165734,0.166317,0.154046,0.158142,156241566.08474243,0
WOO.V,D,20220713,000000,0.158867,0.162667,0.150389,0.159147,653298457.0051372,0
WOO.V,D,20220714,000000,0.159806,0.175475,0.159342,0.173656,374925974.39808184,0
WOO.V,D,20220715,000000,0.173656,0.184026,0.169928,0.183555,617001677.5942178,0
WOO.V,D,20220716,000000,0.179866,0.188442,0.171499,0.184623,258159652.0093541,0
WOO.V,D,20220717,000000,0.184623,0.191654,0.176829,0.179313,552605809.2684966,0
WOO.V,D,20220718,000000,0.179312,0.200426,0.177559,0.187705,307669049.5595838,0
WOO.V,D,20220719,000000,0.187614,0.21783,0.186815,0.210684,369604109.9113012,0
WOO.V,D,20220720,000000,0.20872,0.216751,0.187014,0.19079,609733844.6601729,0
WOO.V,D,20220721,000000,0.190791,0.195455,0.182845,0.191829,296661566.6111151,0
WOO.V,D,20220722,000000,0.191818,0.202251,0.183946,0.184841,317575382.50214314,0
WOO.V,D,20220723,000000,0.18476,0.19086,0.173007,0.174105,305501375.9859721,0
WOO.V,D,20220724,000000,0.174103,0.194994,0.174087,0.189988,257672005.9537364,0
WOO.V,D,20220725,000000,0.188348,0.192268,0.172868,0.172886,194207064.19350126,0
WOO.V,D,20220726,000000,0.175996,0.179662,0.16306,0.164075,320479810.5721008,0
WOO.V,D,20220727,000000,0.165775,0.184726,0.165765,0.184252,250384008.72202805,0
WOO.V,D,20220728,000000,0.184016,0.204953,0.183603,0.203279,263327369.77372697,0
WOO.V,D,20220729,000000,0.203291,0.20913,0.189997,0.199152,328763746.3765806,0
WOO.V,D,20220730,000000,0.199152,0.250928,0.191407,0.227017,323871095.5591664,0
WOO.V,D,20220731,000000,0.226918,0.235374,0.220463,0.233164,300742312.11388534,0
WOO.V,D,20220801,000000,0.23281,0.232833,0.208693,0.211143,229330656.1361784,0
WOO.V,D,20220802,000000,0.210563,0.214371,0.196389,0.205985,263040974.52913904,0
WOO.V,D,20220803,000000,0.206341,0.215337,0.196115,0.212403,354021302.31883895,0
WOO.V,D,20220804,000000,0.212399,0.214503,0.202636,0.20673,382511131.2314147,0
WOO.V,D,20220805,000000,0.205306,0.230856,0.203878,0.224843,297159480.7888018,0
WOO.V,D,20220806,000000,0.224523,0.265101,0.224185,0.263268,496651040.58750117,0
WOO.V,D,20220807,000000,0.263271,0.263574,0.249805,0.255108,384061826.7547893,0
WOO.V,D,20220808,000000,0.255106,0.26262,0.248885,0.255891,371832492.353274,0
WOO.V,D,20220809,000000,0.255891,0.273522,0.228483,0.232306,421317212.4673939,0
WOO.V,D,20220810,000000,0.232309,0.253344,0.229524,0.245851,374169762.7166484,0
WOO.V,D,20220811,000000,0.245851,0.260375,0.24319,0.244425,865258845.7231276,0
WOO.V,D,20220812,000000,0.244432,0.247464,0.230995,0.23887,490015595.499361,0
WOO.V,D,20220813,000000,0.23874,0.245102,0.233699,0.236512,302232087.3151799,0
WOO.V,D,20220814,000000,0.236512,0.242204,0.222618,0.22458,302409687.6138027,0
WOO.V,D,20220815,000000,0.224577,0.229204,0.214934,0.219983,228972819.86336783,0
WOO.V,D,20220816,000000,0.219935,0.223238,0.211417,0.213149,272483869.1187436,0
WOO.V,D,20220817,000000,0.213149,0.220354,0.197391,0.198186,342109667.2996684,0
WOO.V,D,20220818,000000,0.198186,0.201554,0.191547,0.192692,252916063.68056846,0
WOO.V,D,20220819,000000,0.192049,0.193979,0.162056,0.170367,450355773.7921896,0
WOO.V,D,20220820,000000,0.172277,0.17337,0.15684,0.159518,329622748.543443,0
WOO.V,D,20220821,000000,0.159177,0.172517,0.156594,0.170007,362430171.9829917,0
WOO.V,D,20220822,000000,0.172087,0.173072,0.160252,0.163682,289536832.2345281,0
WOO.V,D,20220823,000000,0.161206,0.172099,0.161175,0.168893,245305671.901382,0
WOO.V,D,20220824,000000,0.168873,0.175716,0.16553,0.174764,173284200.90431952,0
WOO.V,D,20220825,000000,0.174766,0.177266,0.169612,0.171495,144913605.5368477,0
WOO.V,D,20220826,000000,0.171495,0.173583,0.152122,0.154385,316537910.0062375,0
WOO.V,D,20220827,000000,0.154465,0.155124,0.146631,0.148124,310624648.76698166,0
WOO.V,D,20220828,000000,0.148123,0.149626,0.143639,0.14589,389966430.39538425,0
WOO.V,D,20220829,000000,0.14589,0.151718,0.137562,0.150961,310609215.048769,0
WOO.V,D,20220830,000000,0.150962,0.157646,0.143836,0.148283,297328572.0967261,0
WOO.V,D,20220831,000000,0.148282,0.158046,0.148282,0.153018,243010836.64175248,0
WOO.V,D,20220901,000000,0.153018,0.153547,0.145866,0.148491,192442478.26432604,0
WOO.V,D,20220902,000000,0.148491,0.154922,0.147613,0.150526,183906641.88428563,0
WOO.V,D,20220903,000000,0.150524,0.1537,0.147609,0.15357,229761700.51254344,0
WOO.V,D,20220904,000000,0.15357,0.15531,0.150415,0.15283,216097784.54036167,0
WOO.V,D,20220905,000000,0.15283,0.15845,0.150955,0.157866,216960347.17536545,0
WOO.V,D,20220906,000000,0.157866,0.16309,0.14494,0.14526,301885095.6584283,0
WOO.V,D,20220907,000000,0.14526,0.152505,0.144054,0.150071,317164345.80151385,0
WOO.V,D,20220908,000000,0.150071,0.154356,0.1486,0.150813,151779979.779407,0
WOO.V,D,20220909,000000,0.150813,0.167795,0.150577,0.162564,316002147.80691385,0
WOO.V,D,20220910,000000,0.162567,0.166962,0.159906,0.163181,234423334.85262454,0
WOO.V,D,20220911,000000,0.163181,0.168769,0.161143,0.164411,191473916.59263468,0
WOO.V,D,20220912,000000,0.162931,0.169889,0.159397,0.165,205789867.7005571,0
WOO.V,D,20220913,000000,0.164199,0.172852,0.146331,0.146883,658803420.4469752,0
WOO.V,D,20220914,000000,0.146993,0.150649,0.143227,0.145316,504640862.17859316,0
WOO.V,D,20220915,000000,0.145316,0.149771,0.140783,0.144037,467931194.5749272,0
WOO.V,D,20220916,000000,0.144077,0.145955,0.140546,0.143496,612287496.5436473,0
WOO.V,D,20220917,000000,0.14351,0.15084,0.142426,0.15021,691332822.9929929,0
WOO.V,D,20220918,000000,0.15021,0.150885,0.13476,0.13726,1167689265.1560173,0
WOO.V,D,20220919,000000,0.137926,0.141714,0.133933,0.141628,617614167.7768725,0
WOO.V,D,20220920,000000,0.141614,0.141738,0.134523,0.136344,748046399.1509435,0
WOO.V,D,20220921,000000,0.136343,0.141054,0.13111,0.133483,703740452.1089942,0
WOO.V,D,20220922,000000,0.13274,0.13958,0.12949,0.1362,1250968705.8386812,0
WOO.V,D,20220923,000000,0.136214,0.14144,0.133317,0.135526,684504069.4523735,0
WOO.V,D,20220924,000000,0.135531,0.140771,0.135529,0.139843,1160904356.6565785,0
WOO.V,D,20220925,000000,0.13983,0.140524,0.134877,0.13501,957673385.0478104,0
WOO.V,D,20220926,000000,0.13501,0.14052,0.13286,0.13872,802071169.1028193,0
WOO.V,D,20220927,000000,0.13882,0.14704,0.13665,0.137576,1478007435.711001,0
WOO.V,D,20220928,000000,0.13759,0.13912,0.131487,0.13541,1328224520.3033957,0
WOO.V,D,20220929,000000,0.13545,0.136776,0.132383,0.135094,1735689958.8479934,0
WOO.V,D,20220930,000000,0.13508,0.13878,0.13481,0.13741,1257458062.7120008,0
WOO.V,D,20221001,000000,0.13741,0.137684,0.13468,0.13644,1040028782.0510528,0
WOO.V,D,20221002,000000,0.13644,0.13644,0.131797,0.13383,1014294917.0609616,0
WOO.V,D,20221003,000000,0.13385,0.139404,0.13006,0.138744,962725793.1372473,0
WOO.V,D,20221004,000000,0.138744,0.147004,0.13773,0.144133,1289065236.572639,0
WOO.V,D,20221005,000000,0.144119,0.145519,0.137514,0.137744,1353968933.0518174,0
WOO.V,D,20221006,000000,0.137758,0.144732,0.137598,0.143524,1466890581.0973337,0
WOO.V,D,20221007,000000,0.143194,0.143206,0.137648,0.138189,1154401569.8549793,0
WOO.V,D,20221008,000000,0.138188,0.143331,0.137651,0.142997,805869465.6420472,0
WOO.V,D,20221009,000000,0.142037,0.147655,0.139614,0.146619,1039634412.6524917,0
WOO.V,D,20221010,000000,0.147605,0.15646,0.146585,0.152785,1605943549.048476,0
WOO.V,D,20221011,000000,0.1528,0.15567,0.147507,0.152416,2827046154.0531363,0
WOO.V,D,20221012,000000,0.152416,0.154851,0.147355,0.151465,2322711415.737386,0
WOO.V,D,20221013,000000,0.151465,0.157957,0.131691,0.156733,2465554430.582966,0
WOO.V,D,20221014,000000,0.156794,0.159053,0.152073,0.153143,1727902688.7258465,0
WOO.V,D,20221015,000000,0.153145,0.161328,0.1495,0.161158,172337902.92719996,0
WOO.V,D,20221016,000000,0.16103,0.162623,0.157491,0.160866,174263551.33830258,0
WOO.V,D,20221017,000000,0.160868,0.16547,0.159885,0.161883,248007190.0680284,0
WOO.V,D,20221018,000000,0.16188,0.177849,0.15842,0.17318,290574794.1545149,0
WOO.V,D,20221019,000000,0.173187,0.176474,0.168697,0.17133,281272865.0312738,0
WOO.V,D,20221020,000000,0.171328,0.173023,0.159384,0.159572,283040810.25143594,0
WOO.V,D,20221021,000000,0.159579,0.165492,0.152891,0.165492,880498041.9913487,0
WOO.V,D,20221022,000000,0.165392,0.166365,0.161605,0.165965,674503980.5121036,0
WOO.V,D,20221023,000000,0.165445,0.165445,0.154762,0.157592,726708430.0119448,0
WOO.V,D,20221024,000000,0.1576,0.16673,0.157597,0.160758,1089731751.728367,0
WOO.V,D,20221025,000000,0.160756,0.172245,0.158775,0.170385,2072534709.4196339,0
WOO.V,D,20221026,000000,0.170388,0.177407,0.166512,0.171428,1299876595.7592568,0
WOO.V,D,20221027,000000,0.172368,0.183726,0.170329,0.178783,1657240799.6591904,0
WOO.V,D,20221028,000000,0.181531,0.184507,0.168552,0.181738,2161159076.2724733,0
WOO.V,D,20221029,000000,0.181733,0.190665,0.178731,0.179653,1900436441.862094,0
WOO.V,D,20221030,000000,0.179653,0.190032,0.17934,0.180996,1921933536.9323308,0
WOO.V,D,20221031,000000,0.177834,0.183068,0.175798,0.177646,910453987.1516683,0
WOO.V,D,20221101,000000,0.177649,0.177995,0.170439,0.171761,2345151867.9157805,0
WOO.V,D,20221102,000000,0.171763,0.176875,0.165112,0.170677,1759055126.8965394,0
WOO.V,D,20221103,000000,0.17067,0.184634,0.169661,0.180788,2186318531.2273865,0
WOO.V,D,20221104,000000,0.180788,0.195322,0.178982,0.193314,1115819885.2827358,0
WOO.V,D,20221105,000000,0.194014,0.19632,0.181221,0.182051,987976223.0476581,0
WOO.V,D,20221106,000000,0.181949,0.183737,0.175461,0.180484,630660902.751986,0
WOO.V,D,20221107,000000,0.180354,0.182461,0.168832,0.177011,823917576.9859405,0
WOO.V,D,20221108,000000,0.176203,0.180956,0.130928,0.14373,726100288.1050504,0
WOO.V,D,20221109,000000,0.144151,0.146812,0.118318,0.121765,629855375.6557817,0
WOO.V,D,20221110,000000,0.121817,0.152845,0.117566,0.135155,1013339266.5170466,0
WOO.V,D,20221111,000000,0.135182,0.157742,0.12307,0.127582,949232813.9864051,0
WOO.V,D,20221112,000000,0.127429,0.132418,0.120902,0.123677,701352692.2834028,0
WOO.V,D,20221113,000000,0.123677,0.127156,0.115583,0.118903,1826135833.6085544,0
WOO.V,D,20221114,000000,0.118903,0.125319,0.111063,0.123425,1304572978.3543377,0
WOO.V,D,20221115,000000,0.126146,0.133646,0.125714,0.128981,1295553440.437576,0
WOO.V,D,20221116,000000,0.128942,0.133149,0.124115,0.124167,385961750.9489924,0
WOO.V,D,20221117,000000,0.124286,0.129278,0.123943,0.125619,1961454297.638981,0
WOO.V,D,20221118,000000,0.124893,0.126659,0.123481,0.126185,822808274.9648151,0
WOO.V,D,20221119,000000,0.126185,0.127337,0.123835,0.124779,153391495.28131437,0
WOO.V,D,20221120,000000,0.124798,0.12839,0.112075,0.114107,1499059029.69177,0
WOO.V,D,20221121,000000,0.114107,0.114268,0.103907,0.105593,4601966271.2971735,0
WOO.V,D,20221122,000000,0.105593,0.10956,0.101805,0.109177,2476244671.873824,0
WOO.V,D,20221123,000000,0.109177,0.116337,0.10801,0.113496,2099615840.871229,0
WOO.V,D,20221124,000000,0.113496,0.121854,0.113496,0.118569,1148883343.8577194,0
WOO.V,D,20221125,000000,0.118604,0.118605,0.113858,0.116025,999428997.0071384,0
WOO.V,D,20221126,000000,0.116023,0.120387,0.115074,0.119959,1879875005.2858605,0
WOO.V,D,20221127,000000,0.119959,0.122728,0.116025,0.121132,1610814090.064469,0
WOO.V,D,20221128,000000,0.121132,0.123412,0.113456,0.117234,944494389.5405519,0
WOO.V,D,20221129,000000,0.117234,0.124187,0.114879,0.123174,905279514.617555,0
WOO.V,D,20221130,000000,0.123174,0.127913,0.12196,0.125035,914827510.0262456,0
WOO.V,D,20221201,000000,0.125034,0.128069,0.123342,0.124977,1038697350.0729892,0
WOO.V,D,20221202,000000,0.124976,0.12616,0.121763,0.121937,686531164.8677433,0
WOO.V,D,20221203,000000,0.121937,0.126635,0.12177,0.125933,375067070.7634015,0
WOO.V,D,20221204,000000,0.125933,0.126633,0.121404,0.125445,294615177.389738,0
WOO.V,D,20221205,000000,0.125445,0.125445,0.121291,0.124024,288464026.51510257,0
WOO.V,D,20221206,000000,0.124992,0.125353,0.12101,0.123039,213620496.56176695,0
WOO.V,D,20221207,000000,0.12304,0.12304,0.11489,0.1199,530195790.30975664,0
WOO.V,D,20221208,000000,0.1199,0.126206,0.114918,0.124039,338692569.931776,0
WOO.V,D,20221209,000000,0.12404,0.127219,0.121885,0.122524,726723731.7475679,0
WOO.V,D,20221210,000000,0.122644,0.126769,0.122168,0.123398,1190906183.6666577,0
WOO.V,D,20221211,000000,0.123398,0.130033,0.123369,0.129923,1752266612.044451,0
WOO.V,D,20221212,000000,0.129936,0.129946,0.118888,0.123801,1204058690.9813657,0
WOO.V,D,20221213,000000,0.123815,0.13618,0.122974,0.133748,979365636.1170347,0
WOO.V,D,20221214,000000,0.133748,0.139096,0.131518,0.13622,648120986.7144995,0
WOO.V,D,20221215,000000,0.13622,0.139124,0.132823,0.137487,523160272.01361513,0
WOO.V,D,20221216,000000,0.137487,0.13985,0.130633,0.135877,1031385547.8411986,0
WOO.V,D,20221217,000000,0.135864,0.136302,0.115276,0.121656,1101542192.7057981,0
WOO.V,D,20221218,000000,0.121605,0.127095,0.115655,0.121615,202381012.7251051,0
WOO.V,D,20221219,000000,0.122548,0.122561,0.11466,0.11863,184186568.89281186,0
WOO.V,D,20221220,000000,0.118629,0.121005,0.110959,0.113995,282563816.4821626,0
WOO.V,D,20221221,000000,0.115105,0.117034,0.11071,0.114096,1191558710.204413,0
WOO.V,D,20221222,000000,0.114096,0.115969,0.1132,0.113461,656380038.9797431,0
WOO.V,D,20221223,000000,0.113461,0.117573,0.113453,0.113469,168935906.5997984,0
WOO.V,D,20221224,000000,0.113469,0.117613,0.113459,0.115583,366417061.6582085,0
WOO.V,D,20221225,000000,0.115602,0.117615,0.11214,0.116175,604010211.6558249,0
WOO.V,D,20221226,000000,0.116176,0.116898,0.112128,0.114937,809668388.8417658,0
WOO.V,D,20221227,000000,0.114937,0.121441,0.112114,0.119392,917235197.4966283,0
WOO.V,D,20221228,000000,0.119393,0.121622,0.118326,0.119637,1074774601.034323,0
WOO.V,D,20221229,000000,0.119637,0.123483,0.118539,0.122344,588511668.6662858,0
WOO.V,D,20221230,000000,0.122302,0.123461,0.118301,0.11969,415478790.2234816,0
WOO.V,D,20221231,000000,0.119559,0.121969,0.118411,0.11992,338787891.96235687,0
WOO.V,D,20230101,000000,0.11992,0.125615,0.119239,0.124521,410811182.05265045,0
WOO.V,D,20230102,000000,0.124575,0.126678,0.12308,0.12417,342722621.0102832,0
WOO.V,D,20230103,000000,0.124139,0.125948,0.121399,0.123582,391339326.6740413,0
WOO.V,D,20230104,000000,0.123583,0.132384,0.123372,0.130977,324272032.66800195,0
WOO.V,D,20230105,000000,0.130977,0.13308,0.12934,0.131724,288459217.42945415,0
WOO.V,D,20230106,000000,0.13173,0.134316,0.127454,0.133049,49806791.087492384,0
WOO.V,D,20230107,000000,0.133284,0.139308,0.132219,0.136407,5971024.421667248,0
WOO.V,D,20230108,000000,0.136407,0.14427,0.133851,0.143613,7693048.693755442,0
WOO.V,D,20230109,000000,0.143613,0.159579,0.142954,0.148349,15668290.167391315,0
WOO.V,D,20230110,000000,0.14792,0.188453,0.146301,0.169374,90462415.94372545,0
WOO.V,D,20230111,000000,0.169295,0.171297,0.162635,0.168373,21394427.631982222,0
WOO.V,D,20230112,000000,0.16839,0.172209,0.157628,0.169225,20690488.77703537,0
WOO.V,D,20230113,000000,0.169227,0.178878,0.167948,0.177688,18592634.81835764,0
WOO.V,D,20230114,000000,0.177686,0.189957,0.165006,0.182629,36012961.671881475,0
WOO.V,D,20230115,000000,0.182458,0.208495,0.177303,0.204939,32479197.818026133,0
WOO.V,D,20230116,000000,0.207414,0.208639,0.18657,0.195642,16096563.034412468,0
WOO.V,D,20230117,000000,0.19587,0.2024,0.190438,0.194341,10817915.543288602,0
WOO.V,D,20230118,000000,0.194341,0.194981,0.171995,0.180811,16365689.702092184,0
WOO.V,D,20230119,000000,0.180809,0.192058,0.180809,0.183873,9300578.18570657,0
WOO.V,D,20230120,000000,0.183873,0.20189,0.18168,0.198276,10149240.685072336,0
WOO.V,D,20230121,000000,0.198186,0.227147,0.197662,0.209532,21531708.576637898,0
WOO.V,D,20230122,000000,0.2097,0.210912,0.193947,0.195379,10275179.346423162,0
WOO.V,D,20230123,000000,0.195377,0.208896,0.193917,0.198712,8722196.597245144,0
WOO.V,D,20230124,000000,0.198708,0.207835,0.184506,0.184646,8658566.93210018,0
WOO.V,D,20230125,000000,0.184646,0.200984,0.177526,0.198582,11269435.117121033,0
WOO.V,D,20230126,000000,0.198284,0.199184,0.185536,0.188947,7903202.288335779,0
WOO.V,D,20230127,000000,0.189355,0.199008,0.182756,0.197997,5738964.480726333,0
WOO.V,D,20230128,000000,0.198289,0.199722,0.186103,0.188698,4780241.977319433,0
WOO.V,D,20230129,000000,0.188698,0.193054,0.185868,0.193054,4848224.199643666,0
WOO.V,D,20230130,000000,0.193048,0.193302,0.17031,0.173152,10605943.73378889,0
WOO.V,D,20230131,000000,0.17276,0.181042,0.170314,0.180466,5956128.333795138,0
WOO.V,D,20230201,000000,0.180466,0.191455,0.169603,0.190171,8554707.457017627,0
WOO.V,D,20230202,000000,0.19017,0.206087,0.188706,0.195979,15634310.550444057,0
WOO.V,D,20230203,000000,0.195979,0.202028,0.187409,0.195458,9362791.180440838,0
WOO.V,D,20230204,000000,0.195138,0.22313,0.195138,0.215707,25214182.186954893,0
WOO.V,D,20230205,000000,0.215707,0.218044,0.202776,0.207182,13626083.629829295,0
WOO.V,D,20230206,000000,0.207294,0.242967,0.207294,0.232519,29104178.487321287,0
WOO.V,D,20230207,000000,0.232719,0.256155,0.22516,0.251738,24383615.81500486,0
WOO.V,D,20230208,000000,0.251735,0.274287,0.230899,0.242907,47417404.08687158,0
WOO.V,D,20230209,000000,0.242909,0.258583,0.214857,0.222042,27246550.347336467,0
WOO.V,D,20230210,000000,0.22194,0.227483,0.210692,0.223013,9237311.882536896,0
WOO.V,D,20230211,000000,0.22271,0.232191,0.214144,0.228023,8684382.745044127,0
WOO.V,D,20230212,000000,0.228046,0.234888,0.216233,0.217442,9635646.136580568,0
WOO.V,D,20230213,000000,0.217142,0.218507,0.193136,0.207514,11967084.346612878,0
WOO.V,D,20230214,000000,0.207512,0.219855,0.201569,0.215112,12619522.218887325,0
WOO.V,D,20230215,000000,0.213745,0.236151,0.211227,0.233884,15045431.024370763,0
WOO.V,D,20230216,000000,0.23377,0.245752,0.223735,0.229448,15994001.471448334,0
WOO.V,D,20230217,000000,0.229448,0.239295,0.216176,0.236801,46313866.92402627,0
WOO.V,D,20230218,000000,0.237744,0.266231,0.236381,0.262285,91050696.62372537,0
WOO.V,D,20230219,000000,0.262312,0.285899,0.257917,0.26077,92797868.0376777,0
WOO.V,D,20230220,000000,0.260707,0.273332,0.248487,0.25513,77422912.86230102,0
WOO.V,D,20230221,000000,0.25487,0.262732,0.232707,0.237283,67870574.61997114,0
WOO.V,D,20230222,000000,0.23682,0.240249,0.221048,0.230478,45817469.72164159,0
WOO.V,D,20230223,000000,0.230362,0.236871,0.222995,0.226619,58437733.7762979,0
WOO.V,D,20230224,000000,0.228396,0.233566,0.208296,0.209828,59556015.75051803,0
WOO.V,D,20230225,000000,0.209826,0.22059,0.205317,0.212665,70709145.53869444,0
WOO.V,D,20230226,000000,0.212435,0.226615,0.211683,0.222052,84444388.13956742,0
WOO.V,D,20230227,000000,0.222041,0.225807,0.212769,0.215141,62715102.698065214,0
WOO.V,D,20230228,000000,0.215173,0.221968,0.206149,0.209172,55889862.22169843,0
WOO.V,D,20230301,000000,0.209232,0.221794,0.206891,0.219108,47933437.918071255,0
WOO.V,D,20230302,000000,0.219006,0.221088,0.206954,0.212949,48257343.71912834,0
WOO.V,D,20230303,000000,0.213117,0.213571,0.185523,0.189703,67477025.3752189,0
WOO.V,D,20230304,000000,0.191985,0.195562,0.177339,0.181013,57494635.174060576,0
WOO.V,D,20230305,000000,0.180833,0.188211,0.180696,0.18247,50435096.55299496,0
WOO.V,D,20230306,000000,0.182242,0.188018,0.177508,0.185599,65317396.74047017,0
WOO.V,D,20230307,000000,0.185496,0.189168,0.177335,0.179834,57063513.08175634,0
WOO.V,D,20230308,000000,0.18394,0.186007,0.167875,0.168533,63609536.01141282,0
WOO.V,D,20230309,000000,0.168403,0.176863,0.158235,0.159994,63470449.28572903,0
WOO.V,D,20230310,000000,0.159896,0.171713,0.148458,0.170574,71738626.21891354,0
WOO.V,D,20230311,000000,0.170411,0.177083,0.159995,0.166318,75526977.78849274,0
WOO.V,D,20230312,000000,0.167782,0.178018,0.163036,0.175959,74192105.27406263,0
WOO.V,D,20230313,000000,0.175689,0.194004,0.175204,0.192595,86972269.29616517,0
WOO.V,D,20230314,000000,0.192419,0.233674,0.18896,0.217634,110430240.99473028,0
WOO.V,D,20230315,000000,0.217778,0.223849,0.195481,0.202959,71272179.90246436,0
WOO.V,D,20230316,000000,0.203338,0.211164,0.19938,0.207997,65161868.98594691,0
WOO.V,D,20230317,000000,0.207982,0.239947,0.207962,0.234991,79905502.29911853,0
WOO.V,D,20230318,000000,0.236042,0.240828,0.222609,0.22801,71346464.01248005,0
WOO.V,D,20230319,000000,0.228381,0.235135,0.221838,0.223796,58553080.04614344,0
WOO.V,D,20230320,000000,0.223786,0.226392,0.199895,0.201985,67635996.93513279,0
WOO.V,D,20230321,000000,0.202266,0.213576,0.193298,0.208164,49360960.940239415,0
WOO.V,D,20230322,000000,0.208112,0.211889,0.189462,0.194933,56315920.047775276,0
WOO.V,D,20230323,000000,0.195151,0.20886,0.194994,0.204665,53590620.01695551,0
WOO.V,D,20230324,000000,0.204675,0.207574,0.193208,0.197059,61537544.67264301,0
WOO.V,D,20230325,000000,0.197018,0.198243,0.18846,0.190154,50610313.48970298,0
WOO.V,D,20230326,000000,0.190154,0.198717,0.188683,0.193018,53113888.96455817,0
WOO.V,D,20230327,000000,0.193002,0.196267,0.177331,0.180575,62868802.13837379,0
WOO.V,D,20230328,000000,0.180595,0.197548,0.179895,0.194874,53191057.4871102,0
WOO.V,D,20230329,000000,0.195016,0.210914,0.193844,0.210068,60138496.47659182,0
WOO.V,D,20230330,000000,0.21017,0.218937,0.201138,0.205107,58392065.286463715,0
WOO.V,D,20230331,000000,0.205195,0.216545,0.20155,0.215213,64632159.65227637,0
WOO.V,D,20230401,000000,0.215745,0.224017,0.21139,0.218469,66117101.02669532,0
WOO.V,D,20230402,000000,0.218781,0.221448,0.206891,0.208819,72643999.34054907,0
WOO.V,D,20230403,000000,0.207799,0.220802,0.20049,0.214404,71797838.48928933,0
WOO.V,D,20230404,000000,0.214706,0.239666,0.214704,0.227876,86181842.38040675,0
WOO.V,D,20230405,000000,0.227826,0.235783,0.222042,0.223751,62669157.19235373,0
WOO.V,D,20230406,000000,0.22365,0.224543,0.208736,0.212214,61691327.27303245,0
WOO.V,D,20230407,000000,0.212284,0.219255,0.207409,0.209055,70795075.48810054,0
WOO.V,D,20230408,000000,0.208985,0.213647,0.204687,0.20625,67695902.47340652,0
WOO.V,D,20230409,000000,0.20625,0.209529,0.202237,0.208415,53814825.35335025,0
WOO.V,D,20230410,000000,0.208426,0.219964,0.205476,0.216835,64139243.50437367,0
WOO.V,D,20230411,000000,0.216838,0.228177,0.216838,0.226464,49267699.80329628,0
WOO.V,D,20230412,000000,0.226624,0.244403,0.217766,0.239236,41271948.98043779,0
WOO.V,D,20230413,000000,0.239407,0.262808,0.237277,0.254334,71139732.4569977,0
WOO.V,D,20230414,000000,0.254324,0.316974,0.252442,0.311348,82476275.11207311,0
WOO.V,D,20230415,000000,0.311518,0.349281,0.295411,0.325873,90488183.51325509,0
WOO.V,D,20230416,000000,0.325613,0.346584,0.310338,0.327823,64501594.22952636,0
WOO.V,D,20230417,000000,0.32822,0.339073,0.307711,0.320629,65024825.84092797,0
WOO.V,D,20230418,000000,0.321029,0.323887,0.302562,0.304512,51167033.013760075,0
WOO.V,D,20230419,000000,0.304499,0.319939,0.280014,0.285077,58668765.866064556,0
WOO.V,D,20230420,000000,0.285524,0.291658,0.265852,0.267841,33552718.47779379,0
WOO.V,D,20230421,000000,0.267186,0.27967,0.252997,0.255062,28134063.410754975,0
WOO.V,D,20230422,000000,0.254772,0.286144,0.251478,0.283128,36407195.60133895,0
WOO.V,D,20230423,000000,0.282825,0.288046,0.239587,0.241382,47349247.02906091,0
WOO.V,D,20230424,000000,0.243942,0.267299,0.235785,0.260245,51303694.36000325,0
WOO.V,D,20230425,000000,0.258898,0.270691,0.245187,0.267592,36437446.920711786,0
WOO.V,D,20230426,000000,0.268202,0.289162,0.249365,0.265335,51953953.79073059,0
WOO.V,D,20230427,000000,0.260933,0.304463,0.260923,0.298171,54589026.52774258,0
WOO.V,D,20230428,000000,0.298518,0.300832,0.284737,0.293596,52877476.420542106,0
WOO.V,D,20230429,000000,0.293586,0.295032,0.267417,0.27084,41564360.40434613,0
WOO.V,D,20230430,000000,0.270837,0.277154,0.258815,0.259785,39235107.405581,0
WOO.V,D,20230501,000000,0.259575,0.276656,0.254937,0.265502,28206739.060873255,0
WOO.V,D,20230502,000000,0.265569,0.270945,0.252775,0.2628,17199059.834979475,0
WOO.V,D,20230503,000000,0.2628,0.283537,0.252618,0.283144,26788267.208672993,0
WOO.V,D,20230504,000000,0.282466,0.296294,0.281646,0.285773,35292701.86932256,0
WOO.V,D,20230505,000000,0.285316,0.31864,0.282823,0.309031,41562503.44034699,0
WOO.V,D,20230506,000000,0.307339,0.31326,0.281842,0.281842,36537009.057979256,0
WOO.V,D,20230507,000000,0.282139,0.288349,0.272802,0.274884,18327919.413245324,0
WOO.V,D,20230508,000000,0.275004,0.277614,0.231709,0.235038,28909621.66963598,0
WOO.V,D,20230509,000000,0.234986,0.240578,0.217259,0.221551,29143556.002516452,0
WOO.V,D,20230510,000000,0.220961,0.249004,0.216763,0.240556,42597014.64066857,0
WOO.V,D,20230511,000000,0.2406,0.242318,0.213764,0.221559,30239884.79497059,0
WOO.V,D,20230512,000000,0.221832,0.233417,0.214587,0.230404,27980717.682832196,0
WOO.V,D,20230513,000000,0.230624,0.235501,0.226836,0.227904,19299133.081456855,0
WOO.V,D,20230514,000000,0.228144,0.231726,0.221743,0.224104,18117578.783616453,0
WOO.V,D,20230515,000000,0.223462,0.241889,0.219181,0.232583,22716314.423609436,0
WOO.V,D,20230516,000000,0.232553,0.236836,0.225813,0.232486,24396586.542935383,0
WOO.V,D,20230517,000000,0.232553,0.245528,0.223529,0.241767,27945705.629243515,0
WOO.V,D,20230518,000000,0.241827,0.242237,0.224577,0.231363,24668162.415077366,0
WOO.V,D,20230519,000000,0.231853,0.23495,0.227242,0.23216,22706108.474331684,0
WOO.V,D,20230520,000000,0.232506,0.23391,0.22469,0.229106,19878548.289140154,0
WOO.V,D,20230521,000000,0.228656,0.230407,0.220102,0.220912,15779360.878918026,0
WOO.V,D,20230522,000000,0.2209,0.224372,0.21725,0.223702,15875000.095350984,0
WOO.V,D,20230523,000000,0.223702,0.229541,0.213174,0.217733,30408466.773038898,0
WOO.V,D,20230524,000000,0.217229,0.217493,0.205576,0.208627,22873570.68805295,0
WOO.V,D,20230525,000000,0.20868,0.210949,0.204236,0.208524,31568300.150041595,0
WOO.V,D,20230526,000000,0.208533,0.214428,0.207243,0.213773,22235949.871170938,0
WOO.V,D,20230527,000000,0.213794,0.219023,0.212714,0.216302,18053467.26701034,0
WOO.V,D,20230528,000000,0.217267,0.224073,0.216675,0.220911,20085444.980069753,0
WOO.V,D,20230529,000000,0.222059,0.229897,0.222059,0.228906,23607130.61026861,0
WOO.V,D,20230530,000000,0.228979,0.232868,0.224273,0.227729,16879887.09158307,0
WOO.V,D,20230531,000000,0.227661,0.229304,0.216726,0.219513,14217044.831196254,0
WOO.V,D,20230601,000000,0.219465,0.225337,0.215725,0.224035,12296564.346287364,0
WOO.V,D,20230602,000000,0.223883,0.236264,0.222669,0.23181,21777677.36433762,0
WOO.V,D,20230603,000000,0.23194,0.244006,0.231875,0.238675,26880348.169363905,0
WOO.V,D,20230604,000000,0.238491,0.248727,0.238491,0.247549,13460582.373841152,0
WOO.V,D,20230605,000000,0.247639,0.248692,0.207624,0.210091,25179385.79424716,0
WOO.V,D,20230606,000000,0.210091,0.222715,0.208436,0.222642,15326908.493853487,0
WOO.V,D,20230607,000000,0.219341,0.23358,0.213463,0.215234,19856712.81851485,0
WOO.V,D,20230608,000000,0.213694,0.225666,0.209456,0.218839,14868576.665421324,0
WOO.V,D,20230609,000000,0.218909,0.21972,0.204399,0.205319,14317429.520003717,0
WOO.V,D,20230610,000000,0.205163,0.205639,0.15194,0.1725,23944948.86168869,0
WOO.V,D,20230611,000000,0.17251,0.179493,0.170465,0.17616,18572512.059230693,0
WOO.V,D,20230612,000000,0.176362,0.177637,0.165755,0.170825,20802952.824312154,0
WOO.V,D,20230613,000000,0.170837,0.175219,0.163769,0.164249,23387807.57500863,0
WOO.V,D,20230614,000000,0.164429,0.169771,0.152995,0.158216,29264186.192034062,0
WOO.V,D,20230615,000000,0.158236,0.173099,0.156927,0.171557,22616013.45857385,0
WOO.V,D,20230616,000000,0.171557,0.18227,0.165113,0.178549,21975699.683931313,0
WOO.V,D,20230617,000000,0.178421,0.191151,0.177555,0.187461,17744037.10941752,0
WOO.V,D,20230618,000000,0.187741,0.188929,0.179563,0.181198,14061487.323208587,0
WOO.V,D,20230619,000000,0.181418,0.191163,0.180038,0.18681,15462142.487258993,0
WOO.V,D,20230620,000000,0.18728,0.208307,0.178557,0.203,20232408.40462413,0
WOO.V,D,20230621,000000,0.20302,0.218532,0.202568,0.212781,22460102.554456368,0
WOO.V,D,20230622,000000,0.212291,0.224919,0.204795,0.208204,18075359.210541014,0
WOO.V,D,20230623,000000,0.208094,0.226308,0.206383,0.218667,17856969.60249861,0
WOO.V,D,20230624,000000,0.218709,0.219105,0.202833,0.205599,14311156.872892622,0
WOO.V,D,20230625,000000,0.205968,0.224725,0.205968,0.210967,16925820.479359504,0
WOO.V,D,20230626,000000,0.210827,0.223534,0.205739,0.207143,21115924.256242447,0
WOO.V,D,20230627,000000,0.207224,0.230124,0.205315,0.229574,27282003.84493724,0
WOO.V,D,20230628,000000,0.229514,0.230421,0.206648,0.209888,25954683.3876514,0
WOO.V,D,20230629,000000,0.209577,0.223345,0.205691,0.208379,22467198.870032955,0
WOO.V,D,20230630,000000,0.208945,0.231166,0.202736,0.227243,27076195.440208625,0
WOO.V,D,20230701,000000,0.22724,0.255532,0.22724,0.250967,39528189.9930633,0
WOO.V,D,20230702,000000,0.251227,0.25888,0.245825,0.250022,25596251.51174798,0
WOO.V,D,20230703,000000,0.250963,0.259759,0.242011,0.258586,19069354.991215233,0
WOO.V,D,20230704,000000,0.258546,0.266109,0.246814,0.247394,19903601.670121424,0
WOO.V,D,20230705,000000,0.247479,0.254865,0.23439,0.238998,24457959.51527537,0
WOO.V,D,20230706,000000,0.238718,0.245855,0.21866,0.219,21287042.315312926,0
WOO.V,D,20230707,000000,0.21917,0.229898,0.213587,0.224852,26890918.395264383,0
WOO.V,D,20230708,000000,0.224852,0.227527,0.219293,0.220745,16353361.195158046,0
WOO.V,D,20230709,000000,0.221225,0.22703,0.218986,0.22045,11201255.909092542,0
WOO.V,D,20230710,000000,0.22185,0.228458,0.210747,0.226055,18358672.793163855,0
WOO.V,D,20230711,000000,0.226043,0.226043,0.220263,0.221894,9524107.786527012,0
WOO.V,D,20230712,000000,0.221899,0.226857,0.214761,0.216393,13191657.810462635,0
WOO.V,D,20230713,000000,0.217073,0.247559,0.212917,0.242847,17881579.50227141,0
WOO.V,D,20230714,000000,0.242825,0.251561,0.222412,0.227041,17757102.7016731,0
WOO.V,D,20230715,000000,0.226941,0.240124,0.22624,0.228288,15740003.639509946,0
WOO.V,D,20230716,000000,0.228496,0.234337,0.223586,0.224936,13590872.203803655,0
WOO.V,D,20230717,000000,0.224933,0.233263,0.217865,0.223868,21056887.845168766,0
WOO.V,D,20230718,000000,0.223738,0.227506,0.210934,0.213947,14443636.577689122,0
WOO.V,D,20230719,000000,0.213547,0.218819,0.211687,0.212818,14535347.499184238,0
WOO.V,D,20230720,000000,0.212848,0.222611,0.209417,0.212521,18125840.585805718,0
WOO.V,D,20230721,000000,0.211751,0.218258,0.21113,0.216984,12079274.969749507,0
WOO.V,D,20230722,000000,0.216322,0.217838,0.211187,0.214091,9282316.008156981,0
WOO.V,D,20230723,000000,0.214161,0.215536,0.207989,0.211334,8459496.265970215,0
WOO.V,D,20230724,000000,0.211366,0.212857,0.197759,0.198578,9951789.34368535,0
WOO.V,D,20230725,000000,0.198606,0.200358,0.195705,0.196146,13333266.706034582,0
WOO.V,D,20230726,000000,0.195994,0.2032,0.194539,0.202456,10451455.180592025,0
WOO.V,D,20230727,000000,0.202316,0.206701,0.198564,0.202385,16651722.813134898,0
WOO.V,D,20230728,000000,0.202485,0.209348,0.202485,0.206916,15798581.569781257,0
WOO.V,D,20230729,000000,0.206964,0.207658,0.200844,0.2041,13401655.639702873,0
WOO.V,D,20230730,000000,0.204908,0.205252,0.193722,0.199952,13684859.108653143,0
WOO.V,D,20230731,000000,0.200032,0.205254,0.198554,0.200586,13635984.337481046,0
WOO.V,D,20230801,000000,0.200586,0.202322,0.192116,0.199648,16228372.26449486,0
WOO.V,D,20230802,000000,0.199968,0.206184,0.197221,0.200156,14693321.264624096,0
WOO.V,D,20230803,000000,0.200294,0.202848,0.197702,0.199808,15902461.72582528,0
WOO.V,D,20230804,000000,0.199808,0.200286,0.181238,0.190456,37267602.48481501,0
WOO.V,D,20230805,000000,0.190456,0.190906,0.170878,0.17249,41129408.94407764,0
WOO.V,D,20230806,000000,0.172832,0.177599,0.16997,0.176095,24919129.90720553,0
WOO.V,D,20230807,000000,0.176967,0.182047,0.173263,0.179779,26586953.78672463,0
WOO.V,D,20230808,000000,0.179879,0.187612,0.179879,0.184822,23430541.047238253,0
WOO.V,D,20230809,000000,0.184362,0.190663,0.183332,0.186767,19928055.768081058,0
WOO.V,D,20230810,000000,0.186538,0.192152,0.18608,0.187781,18258023.388460997,0
WOO.V,D,20230811,000000,0.187719,0.19274,0.186254,0.189893,13740615.491355397,0
WOO.V,D,20230812,000000,0.189861,0.191961,0.18818,0.190923,14939141.56428975,0
WOO.V,D,20230813,000000,0.190921,0.192249,0.184002,0.184826,14081516.80623727,0
WOO.V,D,20230814,000000,0.184854,0.195107,0.179826,0.193238,23852697.67871087,0
WOO.V,D,20230815,000000,0.193238,0.193319,0.179914,0.185294,19879910.674867567,0
WOO.V,D,20230816,000000,0.185244,0.186111,0.165136,0.168112,18310263.867061462,0
WOO.V,D,20230817,000000,0.168123,0.173626,0.14365,0.153591,16232204.069634212,0
WOO.V,D,20230818,000000,0.153662,0.16651,0.1506,0.164128,22019407.972336836,0
WOO.V,D,20230819,000000,0.164088,0.177328,0.162953,0.172575,28262333.303209294,0
WOO.V,D,20230820,000000,0.17263,0.174613,0.170406,0.17449,17975380.950145192,0
WOO.V,D,20230821,000000,0.17461,0.177498,0.162512,0.169065,23499512.011224117,0
WOO.V,D,20230822,000000,0.168875,0.174668,0.163935,0.167361,22896582.136920065,0
WOO.V,D,20230823,000000,0.166513,0.186587,0.166513,0.183305,21169295.918462567,0
WOO.V,D,20230824,000000,0.183183,0.186689,0.181217,0.183926,19653186.787767835,0
WOO.V,D,20230825,000000,0.183846,0.186201,0.179773,0.182769,15964140.268180825,0
WOO.V,D,20230826,000000,0.182768,0.185331,0.180684,0.183439,11325525.625616083,0
WOO.V,D,20230827,000000,0.183399,0.183726,0.164734,0.17045,24276978.099332523,0
WOO.V,D,20230828,000000,0.170418,0.17349,0.164918,0.167443,26725479.949630998,0
WOO.V,D,20230829,000000,0.167433,0.180277,0.15632,0.178364,32714842.68907233,0
WOO.V,D,20230830,000000,0.178352,0.179924,0.167132,0.171942,20495247.885420155,0
WOO.V,D,20230831,000000,0.171618,0.172584,0.16175,0.1652,15566478.451222016,0
WOO.V,D,20230901,000000,0.165229,0.170649,0.162353,0.166254,15804159.377978854,0
WOO.V,D,20230902,000000,0.166335,0.170676,0.164841,0.169371,16496634.594942808,0
WOO.V,D,20230903,000000,0.169371,0.169625,0.158205,0.161201,15332065.967657804,0
WOO.V,D,20230904,000000,0.161851,0.169524,0.160861,0.163453,14244204.951369798,0
WOO.V,D,20230905,000000,0.163454,0.166322,0.159841,0.16236,15345550.893879602,0
WOO.V,D,20230906,000000,0.162121,0.165626,0.158237,0.162521,14930933.895177757,0
WOO.V,D,20230907,000000,0.162001,0.163996,0.160319,0.162899,15886134.568136826,0
WOO.V,D,20230908,000000,0.162655,0.165927,0.159886,0.161107,13151103.856512059,0
WOO.V,D,20230909,000000,0.161107,0.162388,0.159858,0.160282,10492229.051641,0
WOO.V,D,20230910,000000,0.160459,0.16116,0.151657,0.15778,13443425.726969581,0
WOO.V,D,20230911,000000,0.15773,0.159,0.149482,0.153079,14917431.648877788,0
WOO.V,D,20230912,000000,0.152831,0.164251,0.152083,0.160507,14748220.166150464,0
WOO.V,D,20230913,000000,0.159387,0.159538,0.145218,0.159192,32535443.60996875,0
WOO.V,D,20230914,000000,0.159192,0.162367,0.151099,0.159976,25620410.905339845,0
WOO.V,D,20230915,000000,0.159976,0.166958,0.158241,0.164812,21847700.019158907,0
WOO.V,D,20230916,000000,0.164885,0.173997,0.163825,0.170935,15985635.704529371,0
WOO.V,D,20230917,000000,0.170775,0.171652,0.162716,0.164129,13494022.92844303,0
WOO.V,D,20230918,000000,0.163729,0.173393,0.163431,0.168939,14437116.673641281,0
WOO.V,D,20230919,000000,0.167927,0.173746,0.166337,0.171014,16269108.739844054,0
WOO.V,D,20230920,000000,0.171012,0.175358,0.169897,0.17465,20995094.93026458,0
WOO.V,D,20230921,000000,0.17469,0.177426,0.16758,0.168955,17000606.075201254,0
WOO.V,D,20230922,000000,0.168955,0.169713,0.162803,0.163909,12138960.46107845,0
WOO.V,D,20230923,000000,0.163829,0.167973,0.163389,0.166292,21837645.809694357,0
WOO.V,D,20230924,000000,0.166402,0.167598,0.164257,0.164297,12169296.514859226,0
WOO.V,D,20230925,000000,0.164317,0.16805,0.162471,0.166782,12724298.71296495,0
WOO.V,D,20230926,000000,0.167062,0.168166,0.16288,0.16306,15849454.663711991,0
WOO.V,D,20230927,000000,0.163,0.167976,0.162258,0.162789,10192425.91377126,0
WOO.V,D,20230928,000000,0.162789,0.168733,0.162459,0.166387,14305343.944646988,0
WOO.V,D,20230929,000000,0.166245,0.173234,0.164872,0.172531,15398843.617007729,0
WOO.V,D,20230930,000000,0.172481,0.177506,0.170671,0.174805,14845169.95872065,0
WOO.V,D,20231001,000000,0.174803,0.182202,0.172426,0.1796,22839428.441247985,0
WOO.V,D,20231002,000000,0.179802,0.186626,0.173649,0.175531,21100708.143225323,0
WOO.V,D,20231003,000000,0.175531,0.179735,0.169572,0.175008,20081776.58148189,0
WOO.V,D,20231004,000000,0.175058,0.179775,0.170319,0.179319,17193811.47230596,0
WOO.V,D,20231005,000000,0.179387,0.183742,0.177229,0.17818,19258636.88740438,0
WOO.V,D,20231006,000000,0.178288,0.186847,0.175908,0.185356,13755902.318627233,0
WOO.V,D,20231007,000000,0.185256,0.186823,0.179378,0.179792,13726442.803074015,0
WOO.V,D,20231008,000000,0.179882,0.182642,0.177751,0.180113,12480553.624925597,0
WOO.V,D,20231009,000000,0.180063,0.180203,0.169381,0.169694,11882661.432571923,0
WOO.V,D,20231010,000000,0.169696,0.173206,0.16432,0.165748,14322742.453532048,0
WOO.V,D,20231011,000000,0.165747,0.174312,0.1626,0.168486,17719513.551837057,0
WOO.V,D,20231012,000000,0.168373,0.171708,0.165189,0.169777,10862197.31036873,0
WOO.V,D,20231013,000000,0.171217,0.176543,0.170347,0.17452,11763413.39316326,0
WOO.V,D,20231014,000000,0.174722,0.17972,0.17456,0.178078,9922625.704266237,0
WOO.V,D,20231015,000000,0.177809,0.178301,0.173751,0.177807,9594431.78623704,0
WOO.V,D,20231016,000000,0.177699,0.18345,0.17459,0.176382,14300204.006492084,0
WOO.V,D,20231017,000000,0.176282,0.179406,0.168107,0.169271,14109574.485065555,0
WOO.V,D,20231018,000000,0.168782,0.173786,0.165576,0.168215,13877947.484337125,0
WOO.V,D,20231019,000000,0.168165,0.169534,0.164264,0.164276,16245815.69993886,0
WOO.V,D,20231020,000000,0.164276,0.173442,0.164071,0.170392,16696683.313433364,0
WOO.V,D,20231021,000000,0.17039,0.180294,0.168172,0.179508,19762319.309091642,0
WOO.V,D,20231022,000000,0.179478,0.1809,0.175215,0.178551,14383445.141376209,0
WOO.V,D,20231023,000000,0.178551,0.195716,0.178522,0.193128,21731468.33111932,0
WOO.V,D,20231024,000000,0.193028,0.220022,0.193028,0.206535,42123614.73242253,0
WOO.V,D,20231025,000000,0.205925,0.218785,0.201934,0.210959,25078132.206022643,0
WOO.V,D,20231026,000000,0.210818,0.218558,0.200982,0.20929,19270783.720565584,0
WOO.V,D,20231027,000000,0.209332,0.21221,0.202648,0.207296,20727441.583876207,0
WOO.V,D,20231028,000000,0.206778,0.225721,0.204065,0.218875,26786293.417897645,0
WOO.V,D,20231029,000000,0.219007,0.2294,0.216479,0.22782,17381643.018451784,0
WOO.V,D,20231030,000000,0.22782,0.233303,0.220104,0.221763,18799568.968451746,0
WOO.V,D,20231031,000000,0.221763,0.224723,0.2079,0.212399,24390533.38722451,0
WOO.V,D,20231101,000000,0.212419,0.229974,0.20581,0.229141,34374304.86199731,0
WOO.V,D,20231102,000000,0.228943,0.236339,0.216663,0.222337,33580262.020656385,0
WOO.V,D,20231103,000000,0.222367,0.222367,0.212843,0.220476,11376019.072684115,0
WOO.V,D,20231104,000000,0.220096,0.224798,0.217517,0.223902,12594628.668403724,0
WOO.V,D,20231105,000000,0.223898,0.233151,0.220273,0.223819,15256103.6568641,0
WOO.V,D,20231106,000000,0.223915,0.248006,0.222078,0.244656,30773648.638955195,0
WOO.V,D,20231107,000000,0.244736,0.261832,0.233136,0.256365,48788027.87830133,0
WOO.V,D,20231108,000000,0.256695,0.267672,0.252314,0.258739,37099734.01804795,0
WOO.V,D,20231109,000000,0.258827,0.268167,0.209858,0.246117,39166953.08426977,0
WOO.V,D,20231110,000000,0.246277,0.260701,0.243611,0.257194,24164852.283450283,0
WOO.V,D,20231111,000000,0.257221,0.278922,0.253715,0.270668,28645399.54209753,0
WOO.V,D,20231112,000000,0.270495,0.279455,0.261168,0.271839,22867480.37210386,0
WOO.V,D,20231113,000000,0.271641,0.276453,0.245008,0.246439,18063988.128256302,0
WOO.V,D,20231114,000000,0.247202,0.254445,0.232492,0.244822,20167394.955582127,0
WOO.V,D,20231115,000000,0.244844,0.261624,0.240338,0.258169,20411938.316530198,0
WOO.V,D,20231116,000000,0.258156,0.296645,0.256914,0.27191,58589999.82721327,0
WOO.V,D,20231117,000000,0.27181,0.275298,0.240867,0.253646,33857225.53245427,0
WOO.V,D,20231118,000000,0.253654,0.25755,0.225363,0.226221,55838364.38758418,0
WOO.V,D,20231119,000000,0.229524,0.240819,0.222532,0.238475,25300532.91539946,0
WOO.V,D,20231120,000000,0.238285,0.249002,0.231962,0.235773,21633785.530242465,0
WOO.V,D,20231121,000000,0.235472,0.23824,0.203987,0.204228,27045884.76792884,0
WOO.V,D,20231122,000000,0.203837,0.227542,0.203837,0.223161,26818563.05138602,0
WOO.V,D,20231123,000000,0.223159,0.225357,0.216772,0.222171,16002708.860906135,0
WOO.V,D,20231124,000000,0.222341,0.228717,0.220804,0.220917,16726092.166591283,0
WOO.V,D,20231125,000000,0.220927,0.228672,0.219183,0.226333,19939422.165164016,0
WOO.V,D,20231126,000000,0.226514,0.233245,0.218109,0.225706,17829630.069642205,0
WOO.V,D,20231127,000000,0.225686,0.226361,0.209594,0.213414,14232460.099775085,0
WOO.V,D,20231128,000000,0.213414,0.226709,0.207511,0.221909,20278544.340271223,0
WOO.V,D,20231129,000000,0.221949,0.223526,0.212055,0.213476,20235706.522675376,0
WOO.V,D,20231130,000000,0.213188,0.216569,0.206799,0.213754,28908713.314034455,0
WOO.V,D,20231201,000000,0.213858,0.22556,0.212914,0.222529,21872815.769177727,0
WOO.V,D,20231202,000000,0.222529,0.236624,0.220426,0.230856,30983133.174003046,0
WOO.V,D,20231203,000000,0.230904,0.235913,0.224321,0.229653,20303143.625126988,0
WOO.V,D,20231204,000000,0.22956,0.244161,0.218008,0.234722,36736964.81309876,0
WOO.V,D,20231205,000000,0.234719,0.241583,0.228793,0.232788,18587285.73126745,0
WOO.V,D,20231206,000000,0.232878,0.241271,0.224891,0.230895,19655124.536099717,0
WOO.V,D,20231207,000000,0.230895,0.249465,0.226236,0.245866,26836973.81715949,0
WOO.V,D,20231208,000000,0.246014,0.254041,0.241628,0.253834,22958941.305062987,0
WOO.V,D,20231209,000000,0.253794,0.258522,0.244439,0.248104,20037877.26472532,0
WOO.V,D,20231210,000000,0.247904,0.263339,0.239463,0.256363,19154941.630860034,0
WOO.V,D,20231211,000000,0.262635,0.262938,0.225381,0.24014,29229841.86897598,0
WOO.V,D,20231212,000000,0.23993,0.286927,0.237383,0.274147,55629282.417864054,0
WOO.V,D,20231213,000000,0.274336,0.31986,0.258029,0.306971,57760342.27814474,0
WOO.V,D,20231214,000000,0.310161,0.391721,0.305468,0.381191,110054125.46909063,0
WOO.V,D,20231215,000000,0.381281,0.456078,0.351044,0.418168,96414752.3459479,0
WOO.V,D,20231216,000000,0.418718,0.431061,0.392272,0.395353,56980335.513059735,0
WOO.V,D,20231217,000000,0.395379,0.406418,0.362048,0.364554,31569644.034885824,0
WOO.V,D,20231218,000000,0.363731,0.440588,0.34691,0.440588,75809129.08943371,0
WOO.V,D,20231219,000000,0.440848,0.494297,0.425046,0.458601,79050404.97304882,0
WOO.V,D,20231220,000000,0.45945,0.492917,0.43148,0.437868,50512975.73197934,0
WOO.V,D,20231221,000000,0.437638,0.459873,0.422958,0.445425,32579351.637280177,0
WOO.V,D,20231222,000000,0.445275,0.456178,0.409732,0.417534,33223547.91633871,0
WOO.V,D,20231223,000000,0.417804,0.454603,0.411957,0.445058,32984331.35460703,0
WOO.V,D,20231224,000000,0.443747,0.48089,0.434644,0.444293,33309239.811567806,0
WOO.V,D,20231225,000000,0.444393,0.480941,0.426202,0.473794,31742881.73994182,0
WOO.V,D,20231226,000000,0.47425,0.484837,0.425371,0.440926,30530450.175679486,0
WOO.V,D,20231227,000000,0.440356,0.482465,0.420077,0.470732,24867879.547040958,0
WOO.V,D,20231228,000000,0.470672,0.525287,0.431772,0.437488,48490942.8426672,0
WOO.V,D,20231229,000000,0.437488,0.459642,0.411742,0.425161,26595747.32629906,0
WOO.V,D,20231230,000000,0.425689,0.434491,0.414689,0.417687,13905346.028674107,0
WOO.V,D,20231231,000000,0.418107,0.429527,0.385223,0.392082,22135418.873658624,0
WOO.V,D,20240101,000000,0.391918,0.44409,0.388551,0.432892,23046787.329842146,0
WOO.V,D,20240102,000000,0.433152,0.450189,0.41255,0.41991,20549980.880138498,0
WOO.V,D,20240103,000000,0.419595,0.434699,0.327034,0.380811,15539966.6262715,0
WOO.V,D,20240104,000000,0.379608,0.455325,0.371289,0.442436,28974036.51583639,0
WOO.V,D,20240105,000000,0.442707,0.44868,0.392559,0.400616,24511248.42304789,0
WOO.V,D,20240106,000000,0.400146,0.421805,0.378749,0.387242,28686917.131072704,0
WOO.V,D,20240107,000000,0.386942,0.400082,0.376005,0.381514,16194899.71473318,0
WOO.V,D,20240108,000000,0.381654,0.437669,0.364893,0.432845,28259117.23592981,0
WOO.V,D,20240109,000000,0.433145,0.447399,0.394647,0.403665,25835158.66194669,0
WOO.V,D,20240110,000000,0.403795,0.432106,0.382706,0.426172,23976750.978494834,0
WOO.V,D,20240111,000000,0.426371,0.462842,0.407309,0.432162,27731160.486049082,0
WOO.V,D,20240112,000000,0.432572,0.463281,0.396371,0.40841,24764269.43908896,0
WOO.V,D,20240113,000000,0.408521,0.449362,0.392994,0.441504,20796025.631210905,0
WOO.V,D,20240114,000000,0.441734,0.452015,0.407713,0.415181,19722016.0217646,0
WOO.V,D,20240115,000000,0.4155,0.42309,0.400562,0.411012,16699001.3640861,0
WOO.V,D,20240116,000000,0.411022,0.453189,0.405598,0.452938,23720943.48214442,0
WOO.V,D,20240117,000000,0.447167,0.474099,0.437865,0.452767,31563136.401358455,0
WOO.V,D,20240118,000000,0.452607,0.452607,0.40474,0.415374,23734220.27851577,0
WOO.V,D,20240119,000000,0.413442,0.41655,0.37128,0.409954,20544094.23107666,0
WOO.V,D,20240120,000000,0.409948,0.417859,0.393048,0.405217,14604756.536124028,0
WOO.V,D,20240121,000000,0.405157,0.406004,0.390285,0.392147,13065037.80698432,0
WOO.V,D,20240122,000000,0.392115,0.393231,0.356612,0.359785,14218172.051134096,0
WOO.V,D,20240123,000000,0.359575,0.365981,0.325067,0.349252,27799803.13325233,0
WOO.V,D,20240124,000000,0.34801,0.359755,0.340747,0.342749,19674190.490887325,0
WOO.V,D,20240125,000000,0.343101,0.34985,0.327864,0.335039,12372117.383636491,0
WOO.V,D,20240126,000000,0.335419,0.356894,0.330781,0.350846,13574745.212134445,0
WOO.V,D,20240127,000000,0.350506,0.363924,0.347693,0.358656,15289171.080720937,0
WOO.V,D,20240128,000000,0.35848,0.364475,0.339389,0.339836,16742645.109692236,0
WOO.V,D,20240129,000000,0.341829,0.375571,0.339886,0.37116,17765650.09681537,0
WOO.V,D,20240130,000000,0.371154,0.377412,0.362397,0.367653,16770768.330255287,0
WOO.V,D,20240131,000000,0.367866,0.368746,0.342291,0.346836,17061941.40771012,0
WOO.V,D,20240201,000000,0.346859,0.349114,0.333436,0.34551,15983712.05848693,0
WOO.V,D,20240202,000000,0.34551,0.358934,0.342071,0.350304,13748132.875254175,0
WOO.V,D,20240203,000000,0.350304,0.353906,0.340354,0.346882,9387996.305780206,0
WOO.V,D,20240204,000000,0.346782,0.348152,0.334583,0.337225,8008495.6426932,0
WOO.V,D,20240205,000000,0.337258,0.344879,0.330422,0.332361,9362928.308215585,0
WOO.V,D,20240206,000000,0.332364,0.352565,0.330636,0.351261,9848621.859459,0
WOO.V,D,20240207,000000,0.351621,0.368587,0.346985,0.364677,14650957.550492592,0
WOO.V,D,20240208,000000,0.364473,0.374438,0.362867,0.367934,11613238.876620458,0
WOO.V,D,20240209,000000,0.367814,0.389851,0.365916,0.377289,13198855.733534379,0
WOO.V,D,20240210,000000,0.377032,0.396015,0.373266,0.390239,6600294.4351438945,0
WOO.V,D,20240211,000000,0.390169,0.394183,0.375419,0.379106,10297744.557272842,0
WOO.V,D,20240212,000000,0.37874,0.408206,0.36994,0.406389,17353484.4028107,0
WOO.V,D,20240213,000000,0.406385,0.415574,0.392557,0.40953,13874829.754222669,0
WOO.V,D,20240214,000000,0.409234,0.420513,0.405821,0.411522,12506401.190675411,0
WOO.V,D,20240215,000000,0.411612,0.423996,0.399797,0.405018,12300235.759330038,0
WOO.V,D,20240216,000000,0.405072,0.42108,0.390793,0.401079,16532835.251206843,0
WOO.V,D,20240217,000000,0.401079,0.406351,0.379482,0.381158,9443946.467249315,0
WOO.V,D,20240218,000000,0.421376,0.440584,0.420876,0.437348,5570914.873720104,0
WOO.V,D,20240219,000000,0.437152,0.448178,0.425915,0.448178,12231244.854502544,0
WOO.V,D,20240220,000000,0.448238,0.458639,0.40619,0.432612,20754553.52815002,0
WOO.V,D,20240221,000000,0.432677,0.437726,0.396526,0.42383,14354227.579330657,0
WOO.V,D,20240222,000000,0.42383,0.486952,0.410177,0.479706,26441250.443185184,0
WOO.V,D,20240223,000000,0.479686,0.487968,0.448143,0.449207,20214022.11065843,0
WOO.V,D,20240224,000000,0.449707,0.546234,0.439555,0.537945,17927458.886542797,0
WOO.V,D,20240225,000000,0.537535,0.541317,0.5026,0.50784,16123503.853868524,0
WOO.V,D,20240226,000000,0.508015,0.523795,0.491941,0.52318,18982970.316981357,0
WOO.V,D,20240227,000000,0.522389,0.52794,0.500255,0.506242,17744727.56013905,0
WOO.V,D,20240228,000000,0.506042,0.547217,0.468832,0.517812,25781464.76468575,0
WOO.V,D,20240229,000000,0.517622,0.572519,0.507961,0.513073,18677214.03030749,0
WOO.V,D,20240301,000000,0.513303,0.542963,0.513303,0.530513,10844882.56128808,0
WOO.V,D,20240302,000000,0.530803,0.551029,0.514104,0.538962,10632405.21452275,0
WOO.V,D,20240303,000000,0.540249,0.641506,0.500245,0.61472,46831366.6239971,0
WOO.V,D,20240304,000000,0.614626,0.615327,0.553628,0.584192,21673489.526139542,0
WOO.V,D,20240305,000000,0.584392,0.596891,0.482823,0.50809,22492576.629671525,0
WOO.V,D,20240306,000000,0.506809,0.589068,0.491709,0.587373,20517177.55003678,0
WOO.V,D,20240307,000000,0.588334,0.648251,0.584842,0.611529,29615326.16726803,0
WOO.V,D,20240308,000000,0.611039,0.620393,0.567176,0.5917,14605444.940250423,0
WOO.V,D,20240309,000000,0.591694,0.611698,0.576658,0.578776,17534065.921818774,0
WOO.V,D,20240310,000000,0.57849,0.588336,0.551042,0.554619,14970875.203566894,0
WOO.V,D,20240311,000000,0.558675,0.591663,0.537486,0.578306,12073818.42238191,0
WOO.V,D,20240312,000000,0.57806,0.592783,0.527619,0.578985,21854659.52458959,0
WOO.V,D,20240313,000000,0.578985,0.605941,0.557534,0.561625,8749559.31676638,0
WOO.V,D,20240314,000000,0.55072,0.557017,0.514036,0.533058,5774966.080145096,0
WOO.V,D,20240315,000000,0.533063,0.545537,0.475064,0.50469,18537429.886812225,0
WOO.V,D,20240316,000000,0.504885,0.517605,0.451805,0.455891,10879217.81415119,0
WOO.V,D,20240317,000000,0.4559,0.503828,0.434396,0.497291,12814638.313072512,0
WOO.V,D,20240318,000000,0.496971,0.498466,0.43867,0.446003,11608625.495944366,0
WOO.V,D,20240319,000000,0.447043,0.457814,0.393165,0.413242,10213679.835276658,0
WOO.V,D,20240320,000000,0.413602,0.455224,0.402466,0.449666,13288545.04182846,0
WOO.V,D,20240321,000000,0.44943,0.473891,0.438843,0.462194,8568056.17517169,0
WOO.V,D,20240322,000000,0.462189,0.466041,0.41722,0.422123,9847346.73511494,0
WOO.V,D,20240323,000000,0.421853,0.442434,0.420018,0.43247,14213598.34569106,0
WOO.V,D,20240324,000000,0.432366,0.448054,0.418566,0.446603,14167797.252001073,0
WOO.V,D,20240325,000000,0.445399,0.484337,0.442952,0.477512,18784249.628650624,0
WOO.V,D,20240326,000000,0.477732,0.497574,0.462239,0.480115,32866126.679433946,0
WOO.V,D,20240327,000000,0.48012,0.492782,0.453997,0.463673,30485673.48184878,0
WOO.V,D,20240328,000000,0.463893,0.46545,0.448596,0.459657,23852599.620252576,0
WOO.V,D,20240329,000000,0.460157,0.469141,0.441473,0.450276,21823638.428232193,0
WOO.V,D,20240330,000000,0.449981,0.453767,0.43457,0.434739,19992371.76359851,0
WOO.V,D,20240331,000000,0.4351,0.471281,0.433252,0.462115,23488051.63306989,0
WOO.V,D,20240401,000000,0.462095,0.506865,0.461149,0.498549,72678722.17508696,0
WOO.V,D,20240402,000000,0.498829,0.513835,0.428561,0.431342,57286482.91970052,0
WOO.V,D,20240403,000000,0.432043,0.449355,0.401539,0.408644,34404388.7818231,0
WOO.V,D,20240404,000000,0.408784,0.438143,0.399706,0.41573,22420068.186750572,0
WOO.V,D,20240405,000000,0.41557,0.423356,0.390175,0.408399,22969999.814690202,0
WOO.V,D,20240406,000000,0.408457,0.42027,0.403952,0.413989,24280928.722596623,0
WOO.V,D,20240407,000000,0.414033,0.439372,0.412161,0.431009,24806161.14098463,0
WOO.V,D,20240408,000000,0.430404,0.453228,0.424564,0.450333,23329994.59821331,0
WOO.V,D,20240409,000000,0.451117,0.453195,0.412139,0.418138,13197973.455203062,0
WOO.V,D,20240410,000000,0.418138,0.419341,0.391769,0.403418,11925312.923843551,0
WOO.V,D,20240411,000000,0.403358,0.4218,0.391388,0.395828,8879506.057684463,0
WOO.V,D,20240412,000000,0.395898,0.408737,0.295259,0.319366,28641343.145381138,0
WOO.V,D,20240413,000000,0.317895,0.329465,0.235163,0.258079,27054486.636430804,0
WOO.V,D,20240414,000000,0.257626,0.293767,0.256448,0.278984,23933549.998938393,0
WOO.V,D,20240415,000000,0.279954,0.315955,0.269217,0.279538,19492912.127008498,0
WOO.V,D,20240416,000000,0.279628,0.290636,0.268114,0.285677,13713488.469131682,0
WOO.V,D,20240417,000000,0.285677,0.287298,0.262767,0.282089,11119868.449579913,0
WOO.V,D,20240418,000000,0.281849,0.291595,0.271304,0.290307,8509207.924571214,0
WOO.V,D,20240419,000000,0.289907,0.301067,0.264831,0.297512,10952068.252044337,0
WOO.V,D,20240420,000000,0.298418,0.317681,0.289899,0.314114,9256830.222074697,0
WOO.V,D,20240421,000000,0.313614,0.317247,0.3033,0.311073,8403103.201692611,0
WOO.V,D,20240422,000000,0.311473,0.326493,0.307762,0.323374,8599439.559813492,0
WOO.V,D,20240423,000000,0.324104,0.331433,0.318643,0.32451,9001865.923242847,0
WOO.V,D,20240424,000000,0.32447,0.363463,0.321302,0.328118,21433597.700241487,0
WOO.V,D,20240425,000000,0.328118,0.331237,0.309988,0.331028,17367999.98899164,0
WOO.V,D,20240426,000000,0.330828,0.330828,0.308082,0.311405,9552425.87847195,0
WOO.V,D,20240427,000000,0.311299,0.316035,0.295983,0.310241,9620594.027585182,0
WOO.V,D,20240428,000000,0.3106,0.32157,0.30937,0.312832,5930337.899094824,0
WOO.V,D,20240429,000000,0.313232,0.313511,0.292309,0.293192,11918723.32947923,0
WOO.V,D,20240430,000000,0.293092,0.303964,0.269194,0.282609,8588983.771862209,0
WOO.V,D,20240501,000000,0.282612,0.290002,0.263563,0.280399,10602709.966153294,0
WOO.V,D,20240502,000000,0.280499,0.283844,0.269747,0.283634,8116737.010750335,0
WOO.V,D,20240503,000000,0.283631,0.299963,0.276414,0.299909,9605192.84467222,0
WOO.V,D,20240504,000000,0.299406,0.30464,0.292483,0.29875,10181617.461899089,0
WOO.V,D,20240505,000000,0.298547,0.310448,0.291815,0.309814,8472174.905886995,0
WOO.V,D,20240506,000000,0.308857,0.320217,0.299356,0.303329,10528165.93065843,0
WOO.V,D,20240507,000000,0.303123,0.303682,0.292391,0.294391,4299537.27162661,0
WOO.V,D,20240508,000000,0.294194,0.294291,0.282589,0.283192,5780040.9619124355,0
WOO.V,D,20240509,000000,0.283492,0.299507,0.280768,0.298075,8558751.333416395,0
WOO.V,D,20240510,000000,0.297735,0.305967,0.278828,0.280136,8861425.23211766,0
WOO.V,D,20240511,000000,0.280833,0.284646,0.275759,0.277629,4989753.538278361,0
WOO.V,D,20240512,000000,0.277619,0.277956,0.268105,0.269004,7213292.924346049,0
WOO.V,D,20240513,000000,0.269004,0.278425,0.257803,0.27199,8125336.1665921,0
WOO.V,D,20240514,000000,0.27184,0.273005,0.2566,0.257687,8371154.869573322,0
WOO.V,D,20240515,000000,0.257787,0.28388,0.255275,0.281746,6881113.184281132,0
WOO.V,D,20240516,000000,0.283327,0.291167,0.274227,0.279985,10487857.423670946,0
WOO.V,D,20240517,000000,0.279945,0.303551,0.278937,0.298982,11219347.900658809,0
WOO.V,D,20240518,000000,0.298024,0.304878,0.296883,0.303772,9089681.12705448,0
WOO.V,D,20240519,000000,0.303772,0.307745,0.29235,0.295259,10252963.14845099,0
WOO.V,D,20240520,000000,0.295262,0.330049,0.292332,0.330045,12382032.088797905,0
WOO.V,D,20240521,000000,0.330305,0.352478,0.328319,0.339692,13576787.278979743,0
WOO.V,D,20240522,000000,0.341328,0.346455,0.326128,0.335476,7402899.235874893,0
WOO.V,D,20240523,000000,0.334426,0.337861,0.315936,0.32797,10082070.46426025,0
WOO.V,D,20240524,000000,0.328373,0.346882,0.316241,0.345189,9421675.070509778,0
WOO.V,D,20240525,000000,0.344849,0.353032,0.335513,0.336213,9987844.308953948,0
WOO.V,D,20240526,000000,0.336213,0.339825,0.331774,0.339825,7024185.466144838,0
WOO.V,D,20240527,000000,0.335353,0.369903,0.335349,0.359813,19726354.64510085,0
WOO.V,D,20240528,000000,0.359903,0.362943,0.342035,0.349159,15924728.20576325,0
WOO.V,D,20240529,000000,0.349218,0.353801,0.33278,0.338148,6310096.951673046,0
WOO.V,D,20240530,000000,0.338064,0.341452,0.323926,0.332404,4640738.524965789,0
WOO.V,D,20240531,000000,0.330664,0.338402,0.319864,0.326791,7069464.729075791,0
WOO.V,D,20240601,000000,0.326894,0.328026,0.316801,0.319995,4953071.835524531,0
WOO.V,D,20240602,000000,0.321034,0.323458,0.31073,0.316712,8534678.350691233,0
WOO.V,D,20240603,000000,0.316852,0.331454,0.314334,0.321245,8212023.092882566,0
WOO.V,D,20240604,000000,0.321669,0.329613,0.315905,0.32418,9117853.863795992,0
WOO.V,D,20240605,000000,0.32458,0.344217,0.324216,0.339811,14053514.12410981,0
WOO.V,D,20240606,000000,0.339951,0.342157,0.327569,0.332773,7577390.767289439,0
WOO.V,D,20240607,000000,0.332514,0.361062,0.295907,0.31628,17079158.670694374,0
WOO.V,D,20240608,000000,0.316503,0.322894,0.287368,0.288735,12790451.269605123,0
WOO.V,D,20240609,000000,0.288645,0.293185,0.282955,0.284937,9039941.689298049,0
WOO.V,D,20240610,000000,0.285249,0.286283,0.270656,0.273146,10031451.176024662,0
WOO.V,D,20240611,000000,0.273146,0.273824,0.254445,0.262625,11567637.858770601,0
WOO.V,D,20240612,000000,0.262925,0.2835,0.254895,0.274229,11097654.698262779,0
WOO.V,D,20240613,000000,0.27412,0.274127,0.25815,0.262075,8580101.358767258,0
WOO.V,D,20240614,000000,0.261885,0.266215,0.238265,0.249315,9751387.700254336,0
WOO.V,D,20240615,000000,0.248616,0.256778,0.245243,0.248848,8237512.110112358,0
WOO.V,D,20240616,000000,0.249748,0.251409,0.244358,0.248391,6848230.161291036,0
WOO.V,D,20240617,000000,0.248391,0.252867,0.217677,0.228295,13007201.166557623,0
WOO.V,D,20240618,000000,0.229304,0.229482,0.198754,0.212893,13082821.815655833,0
WOO.V,D,20240619,000000,0.212803,0.220116,0.209612,0.218163,12765773.425303718,0
WOO.V,D,20240620,000000,0.218183,0.228782,0.213677,0.221653,11101622.206484184,0
WOO.V,D,20240621,000000,0.221653,0.222836,0.210357,0.211209,9289430.084877001,0
WOO.V,D,20240622,000000,0.211209,0.216944,0.208089,0.211467,8113721.505427183,0
WOO.V,D,20240623,000000,0.211444,0.216769,0.205681,0.209645,7345890.338653056,0
WOO.V,D,20240624,000000,0.209965,0.211774,0.194897,0.210856,12503049.929660866,0
WOO.V,D,20240625,000000,0.210856,0.225008,0.210677,0.22487,16105367.228900565,0
WOO.V,D,20240626,000000,0.222408,0.227942,0.215186,0.218741,20897693.719748102,0
WOO.V,D,20240627,000000,0.218614,0.22367,0.210764,0.219997,16346919.7790109,0
WOO.V,D,20240628,000000,0.219815,0.22285,0.207709,0.209225,13909296.207320703,0
WOO.V,D,20240629,000000,0.209223,0.212003,0.20414,0.204442,13602495.348328527,0
WOO.V,D,20240630,000000,0.204442,0.212748,0.202074,0.209063,14702078.5029569,0
WOO.V,D,20240701,000000,0.209465,0.220523,0.208764,0.217856,15679432.93790845,0
WOO.V,D,20240702,000000,0.217868,0.217974,0.208147,0.211791,11286019.073503869,0
WOO.V,D,20240703,000000,0.211663,0.21365,0.195021,0.197401,15126984.788495762,0
WOO.V,D,20240704,000000,0.197299,0.205392,0.178855,0.185306,14128399.791557578,0
WOO.V,D,20240705,000000,0.185206,0.185604,0.155571,0.175924,22647060.3233335,0
WOO.V,D,20240706,000000,0.175924,0.186709,0.174578,0.184896,12904009.82421763,0
WOO.V,D,20240707,000000,0.184714,0.186209,0.172762,0.172901,10258682.607524883,0
WOO.V,D,20240708,000000,0.172993,0.186427,0.163997,0.179984,9800729.048206868,0
WOO.V,D,20240709,000000,0.178664,0.185999,0.17705,0.183506,6887031.335744142,0
WOO.V,D,20240710,000000,0.183506,0.188764,0.179688,0.182575,10041558.386350743,0
WOO.V,D,20240711,000000,0.182575,0.192861,0.178205,0.179595,17590785.08333989,0
WOO.V,D,20240712,000000,0.178606,0.186992,0.175394,0.182927,13473302.219890276,0
WOO.V,D,20240713,000000,0.183235,0.192927,0.183225,0.190314,13424398.846073333,0
WOO.V,D,20240714,000000,0.190254,0.195465,0.188824,0.19346,11923068.49529803,0
WOO.V,D,20240715,000000,0.19358,0.203492,0.193374,0.202211,19625429.489000656,0
WOO.V,D,20240716,000000,0.202191,0.210513,0.198408,0.20196,25119141.80697536,0
WOO.V,D,20240717,000000,0.20189,0.211535,0.200032,0.205809,18094637.873031102,0
WOO.V,D,20240718,000000,0.206009,0.209384,0.196814,0.19915,14867745.050619915,0
WOO.V,D,20240719,000000,0.199368,0.214909,0.196135,0.213202,19990724.702692285,0
WOO.V,D,20240720,000000,0.21348,0.215123,0.208867,0.212979,12734851.822149718,0
WOO.V,D,20240721,000000,0.212979,0.219151,0.206599,0.216583,19549978.849260543,0
WOO.V,D,20240722,000000,0.216756,0.219901,0.203228,0.207862,20348819.78463164,0
WOO.V,D,20240723,000000,0.208052,0.21401,0.196556,0.198302,16433149.83253186,0
WOO.V,D,20240724,000000,0.198234,0.206829,0.193966,0.194855,18925671.071488548,0
WOO.V,D,20240725,000000,0.194777,0.196555,0.182044,0.188155,15088462.160628527,0
WOO.V,D,20240726,000000,0.188041,0.199708,0.187856,0.19831,15372993.32192683,0
WOO.V,D,20240727,000000,0.19761,0.202908,0.192698,0.200654,18663454.73414447,0
WOO.V,D,20240728,000000,0.20043,0.201202,0.190617,0.191093,12407019.70963195,0
WOO.V,D,20240729,000000,0.191091,0.202588,0.189678,0.193469,19006165.937094703,0
WOO.V,D,20240730,000000,0.193469,0.196537,0.181948,0.185353,14604474.620171601,0
WOO.V,D,20240731,000000,0.183835,0.189833,0.177141,0.177243,9763693.644629562,0
WOO.V,D,20240801,000000,0.177246,0.180264,0.159868,0.169471,16587963.5451633,0
WOO.V,D,20240802,000000,0.170374,0.173833,0.154133,0.156839,14200125.367753115,0
WOO.V,D,20240803,000000,0.156819,0.158252,0.143103,0.146408,14272412.196742814,0
WOO.V,D,20240804,000000,0.146008,0.148113,0.130977,0.13906,22964390.8281719,0
WOO.V,D,20240805,000000,0.13901,0.140428,0.1094,0.130725,35111967.21861075,0
WOO.V,D,20240806,000000,0.130615,0.140849,0.129818,0.137552,18107352.12246368,0
WOO.V,D,20240807,000000,0.137552,0.142957,0.130392,0.132413,15622758.666021265,0
WOO.V,D,20240808,000000,0.132403,0.148945,0.129816,0.148945,8929512.775456578,0
WOO.V,D,20240809,000000,0.149245,0.153047,0.144826,0.146745,12536378.464470103,0
WOO.V,D,20240810,000000,0.146846,0.151349,0.146435,0.149028,19543999.60332371,0
WOO.V,D,20240811,000000,0.148974,0.153652,0.140304,0.141034,15018270.380490132,0
WOO.V,D,20240812,000000,0.141034,0.150777,0.138341,0.145816,16144300.366166797,0
WOO.V,D,20240813,000000,0.145816,0.158437,0.145242,0.157909,18355832.544383287,0
WOO.V,D,20240814,000000,0.157907,0.160157,0.151244,0.152412,20141204.768830672,0
WOO.V,D,20240815,000000,0.152414,0.15372,0.144026,0.146226,18136294.37661718,0
WOO.V,D,20240816,000000,0.144726,0.151041,0.142456,0.147751,16984315.23209709,0
WOO.V,D,20240817,000000,0.147803,0.148149,0.1438,0.145423,9649552.032823052,0
WOO.V,D,20240818,000000,0.145313,0.155039,0.144012,0.153321,17200571.492389012,0
WOO.V,D,20240819,000000,0.153331,0.153441,0.146921,0.150403,16450401.739489993,0
WOO.V,D,20240820,000000,0.150823,0.156785,0.148437,0.150992,15342481.860127166,0
WOO.V,D,20240821,000000,0.151202,0.163166,0.150875,0.161543,15105912.183437884,0
WOO.V,D,20240822,000000,0.161423,0.168844,0.158426,0.167692,13466232.827239996,0
WOO.V,D,20240823,000000,0.167298,0.181444,0.164718,0.180963,14911275.18411753,0
WOO.V,D,20240824,000000,0.180633,0.186166,0.178397,0.180493,14191410.03045664,0
WOO.V,D,20240825,000000,0.180698,0.183355,0.173149,0.178632,15999343.545637952,0
WOO.V,D,20240826,000000,0.178552,0.179203,0.160842,0.162659,17375031.095615786,0
WOO.V,D,20240827,000000,0.161939,0.167435,0.1543,0.1565,12228725.179721035,0
WOO.V,D,20240828,000000,0.154422,0.160387,0.147412,0.154734,14774315.30173823,0
WOO.V,D,20240829,000000,0.154824,0.162277,0.151204,0.155288,12105968.69684701,0
WOO.V,D,20240830,000000,0.155208,0.158196,0.146046,0.15251,19182240.292526312,0
WOO.V,D,20240831,000000,0.152589,0.154571,0.14804,0.149072,9555611.082169913,0
WOO.V,D,20240901,000000,0.148505,0.14958,0.143736,0.145974,12471208.934057144,0
WOO.V,D,20240902,000000,0.146975,0.151264,0.139776,0.150184,13409099.682842044,0
WOO.V,D,20240903,000000,0.15018,0.152209,0.140051,0.140761,11438672.98605043,0
WOO.V,D,20240904,000000,0.140772,0.1497,0.132969,0.146684,14046166.36862188,0
WOO.V,D,20240905,000000,0.146724,0.147985,0.139752,0.140168,9884137.462759547,0
WOO.V,D,20240906,000000,0.140772,0.144187,0.131307,0.134152,9838220.929632032,0
WOO.V,D,20240907,000000,0.13414,0.140205,0.13414,0.137526,12160920.829566041,0
WOO.V,D,20240908,000000,0.137499,0.141904,0.135678,0.140086,8748400.517830014,0
WOO.V,D,20240909,000000,0.139208,0.150618,0.138631,0.149827,12499014.619773341,0
WOO.V,D,20240910,000000,0.149475,0.169495,0.147684,0.167198,32624644.85441424,0
WOO.V,D,20240911,000000,0.167277,0.172491,0.160684,0.163625,30349771.393500842,0
WOO.V,D,20240912,000000,0.163577,0.169307,0.161579,0.165697,20272928.977107063,0
WOO.V,D,20240913,000000,0.165777,0.177049,0.16318,0.177049,23745512.333372656,0
WOO.V,D,20240914,000000,0.176991,0.177961,0.169374,0.172221,22962141.234354418,0
WOO.V,D,20240915,000000,0.172227,0.175426,0.164033,0.164592,18703483.569467932,0
WOO.V,D,20240916,000000,0.164696,0.165233,0.154559,0.15667,21526228.304051932,0
WOO.V,D,20240917,000000,0.15658,0.168535,0.156274,0.163815,22276863.60401893,0
WOO.V,D,20240918,000000,0.163815,0.17141,0.15769,0.169195,23312141.765037395,0
WOO.V,D,20240919,000000,0.169295,0.179453,0.168308,0.173827,24033636.51904858,0
WOO.V,D,20240920,000000,0.175329,0.180394,0.171155,0.177796,19467644.719870973,0
WOO.V,D,20240921,000000,0.177816,0.190527,0.17521,0.187829,23146462.380779073,0
WOO.V,D,20240922,000000,0.187329,0.192627,0.182805,0.18291,24073643.473997436,0
WOO.V,D,20240923,000000,0.182972,0.189675,0.178469,0.182903,18433373.09091811,0
WOO.V,D,20240924,000000,0.183201,0.189977,0.179262,0.188471,20486503.583035804,0
WOO.V,D,20240925,000000,0.188571,0.196302,0.188192,0.191577,21365369.919543914,0
WOO.V,D,20240926,000000,0.191259,0.20082,0.185352,0.194559,17618326.567106716,0
WOO.V,D,20240927,000000,0.194609,0.201194,0.193007,0.193325,18081683.25650143,0
WOO.V,D,20240928,000000,0.193325,0.198234,0.180108,0.18093,14745364.949839782,0
WOO.V,D,20240929,000000,0.180874,0.185471,0.17831,0.183017,13893397.862512019,0
WOO.V,D,20240930,000000,0.183053,0.205653,0.176125,0.200976,52458649.988552615,0
WOO.V,D,20241001,000000,0.201396,0.219787,0.17876,0.180783,57885236.882949926,0
WOO.V,D,20241002,000000,0.182473,0.190362,0.16886,0.172263,25184488.278814822,0
WOO.V,D,20241003,000000,0.171944,0.173674,0.155505,0.159561,25800495.65338169,0
WOO.V,D,20241004,000000,0.159591,0.17415,0.158488,0.172978,21213714.95720392,0
WOO.V,D,20241005,000000,0.172907,0.180356,0.166783,0.166975,20859746.83456402,0
WOO.V,D,20241006,000000,0.167383,0.172729,0.166273,0.167781,18403799.507271152,0
WOO.V,D,20241007,000000,0.167851,0.187339,0.16686,0.185724,29177124.23037391,0
WOO.V,D,20241008,000000,0.184954,0.185724,0.166295,0.169588,20641309.098854266,0
WOO.V,D,20241009,000000,0.169586,0.1719,0.158977,0.160209,19497554.76975794,0
WOO.V,D,20241010,000000,0.160449,0.16313,0.156594,0.160636,20474296.73165554,0
WOO.V,D,20241011,000000,0.160536,0.173797,0.160415,0.173766,21164759.639523584,0
WOO.V,D,20241012,000000,0.173486,0.17904,0.171836,0.175795,20790510.687379975,0
WOO.V,D,20241013,000000,0.175528,0.175867,0.165927,0.167821,17837425.664950866,0
WOO.V,D,20241014,000000,0.167907,0.194801,0.16724,0.19039,36249083.53338663,0
WOO.V,D,20241015,000000,0.190361,0.194734,0.182665,0.187873,30136729.46794702,0
WOO.V,D,20241016,000000,0.187873,0.189672,0.176652,0.181874,27888790.56586925,0
WOO.V,D,20241017,000000,0.181872,0.187031,0.171044,0.175529,31845933.092392065,0
WOO.V,D,20241018,000000,0.175613,0.196684,0.175249,0.194465,31495282.69867981,0
WOO.V,D,20241019,000000,0.194465,0.195886,0.188477,0.191176,23979934.053460766,0
WOO.V,D,20241020,000000,0.191247,0.202047,0.187337,0.198824,23235551.137828216,0
WOO.V,D,20241021,000000,0.19915,0.236586,0.198323,0.210022,69304066.45145968,0
WOO.V,D,20241022,000000,0.209924,0.210664,0.196826,0.199157,24608496.847703353,0
WOO.V,D,20241023,000000,0.199166,0.203154,0.18785,0.192905,19932026.503066547,0
WOO.V,D,20241024,000000,0.192994,0.203766,0.190098,0.203766,27531763.864388887,0
WOO.V,D,20241025,000000,0.203468,0.203786,0.184245,0.189049,19128525.970504034,0
WOO.V,D,20241026,000000,0.18835,0.189241,0.169163,0.175859,20524875.558752846,0
WOO.V,D,20241027,000000,0.175979,0.188463,0.174058,0.187151,22119193.231450584,0
WOO.V,D,20241028,000000,0.186823,0.187951,0.172257,0.181653,28445624.530168276,0
WOO.V,D,20241029,000000,0.181563,0.213672,0.17939,0.205324,38557577.15554494,0
WOO.V,D,20241030,000000,0.205496,0.207521,0.19974,0.201525,23126460.494531702,0
WOO.V,D,20241031,000000,0.201316,0.204307,0.184546,0.186955,20441291.604871843,0
WOO.V,D,20241101,000000,0.18797,0.193094,0.174294,0.176868,25177023.370772444,0
WOO.V,D,20241102,000000,0.176928,0.184527,0.168339,0.17074,17200403.18394342,0
WOO.V,D,20241103,000000,0.170722,0.17214,0.155757,0.165046,18144272.935802277,0
WOO.V,D,20241104,000000,0.164824,0.165904,0.151276,0.156068,21443578.487835567,0
WOO.V,D,20241105,000000,0.155948,0.171435,0.154912,0.16369,25442917.15174402,0
WOO.V,D,20241106,000000,0.16369,0.192495,0.16353,0.192425,35794142.82056028,0
WOO.V,D,20241107,000000,0.192605,0.201211,0.184446,0.201018,27310745.16810136,0
WOO.V,D,20241108,000000,0.201539,0.218689,0.197766,0.212346,41517759.9688024,0
WOO.V,D,20241109,000000,0.212288,0.224857,0.206814,0.223575,34188226.424952,0
WOO.V,D,20241110,000000,0.223777,0.239855,0.215189,0.224115,41602024.94958798,0
WOO.V,D,20241111,000000,0.224336,0.234645,0.216048,0.230683,31128740.672027513,0
WOO.V,D,20241112,000000,0.230958,0.270175,0.225477,0.257647,60908940.177101925,0
WOO.V,D,20241113,000000,0.257587,0.258709,0.225048,0.233847,34013874.49145525,0
WOO.V,D,20241114,000000,0.234047,0.26085,0.23216,0.239239,30256248.900539156,0
WOO.V,D,20241115,000000,0.239536,0.251415,0.230022,0.24096,27021812.358632818,0
WOO.V,D,20241116,000000,0.240962,0.267907,0.236973,0.259211,43061988.876534075,0
WOO.V,D,20241117,000000,0.259111,0.260506,0.228418,0.229519,30669788.030908927,0
WOO.V,D,20241118,000000,0.229699,0.250615,0.226897,0.247312,33404238.14421849,0
WOO.V,D,20241119,000000,0.247715,0.252326,0.227296,0.228668,32431797.313084885,0
WOO.V,D,20241120,000000,0.2287,0.234975,0.206459,0.214258,35405536.086452365,0
WOO.V,D,20241121,000000,0.214118,0.236103,0.203975,0.234628,26685317.340148594,0
WOO.V,D,20241122,000000,0.234911,0.236344,0.214554,0.223019,24360604.473284025,0
WOO.V,D,20241123,000000,0.223322,0.255816,0.223135,0.246176,27149120.08900619,0
WOO.V,D,20241124,000000,0.246656,0.269433,0.237138,0.263974,38555532.401520416,0
WOO.V,D,20241125,000000,0.264134,0.281771,0.248486,0.258655,28073366.383049414,0
WOO.V,D,20241126,000000,0.257955,0.262578,0.23196,0.250227,31752136.12372951,0
WOO.V,D,20241127,000000,0.250085,0.276516,0.247199,0.271091,30526845.65758755,0
WOO.V,D,20241128,000000,0.270063,0.28281,0.258129,0.281674,23261757.16602788,0
WOO.V,D,20241129,000000,0.282834,0.283045,0.267504,0.277019,17355421.972867683,0
WOO.V,D,20241130,000000,0.277022,0.292947,0.273384,0.287235,23885765.372211546,0
WOO.V,D,20241201,000000,0.287195,0.311182,0.275828,0.310979,26523898.162381265,0
WOO.V,D,20241202,000000,0.310782,0.33217,0.285663,0.324037,31988370.904419947,0
WOO.V,D,20241203,000000,0.323533,0.342677,0.313757,0.338307,27097942.24866739,0
WOO.V,D,20241204,000000,0.33824,0.378778,0.330435,0.359615,29703853.539810453,0
WOO.V,D,20241205,000000,0.360626,0.366948,0.3387,0.35675,23939039.718617298,0
WOO.V,D,20241206,000000,0.355375,0.373025,0.345984,0.370699,21954751.67930896,0
WOO.V,D,20241207,000000,0.368308,0.369093,0.342314,0.343911,17738299.030786883,0
WOO.V,D,20241208,000000,0.345021,0.348587,0.330585,0.345693,12442116.995383054,0
WOO.V,D,20241209,000000,0.345513,0.347511,0.250855,0.281564,20885778.083426725,0
WOO.V,D,20241210,000000,0.281564,0.300207,0.257303,0.28107,27262580.951511398,0
WOO.V,D,20241211,000000,0.28092,0.301801,0.267544,0.297045,15996878.101719238,0
WOO.V,D,20241212,000000,0.296968,0.31738,0.291725,0.296688,18220947.274099104,0
WOO.V,D,20241213,000000,0.296688,0.29998,0.286532,0.287035,13622706.089458147,0
WOO.V,D,20241214,000000,0.287735,0.296419,0.271439,0.277055,13765109.728392543,0
WOO.V,D,20241215,000000,0.276955,0.288862,0.268279,0.278961,13017219.800944597,0
WOO.V,D,20241216,000000,0.278964,0.296545,0.265752,0.277698,16598611.816283358,0
WOO.V,D,20241217,000000,0.277698,0.277698,0.255954,0.256024,12293057.920286907,0
WOO.V,D,20241218,000000,0.255994,0.25992,0.231842,0.236493,15933208.518344922,0
WOO.V,D,20241219,000000,0.236325,0.237262,0.203154,0.212893,18576215.552274164,0
WOO.V,D,20241220,000000,0.213198,0.222105,0.179253,0.215865,24584307.632933225,0
WOO.V,D,20241221,000000,0.215767,0.229614,0.199876,0.20367,15466120.391495565,0
WOO.V,D,20241222,000000,0.203688,0.209467,0.196096,0.20125,12341711.462328332,0
WOO.V,D,20241223,000000,0.20117,0.225591,0.196389,0.223992,12387619.560101712,0
WOO.V,D,20241224,000000,0.223917,0.231009,0.213511,0.228236,11398757.154065339,0
WOO.V,D,20241225,000000,0.228236,0.232805,0.22179,0.22219,16307955.197407942,0
WOO.V,D,20241226,000000,0.222072,0.228429,0.20716,0.211354,14475807.128224583,0
WOO.V,D,20241227,000000,0.211473,0.224221,0.208718,0.216194,12741603.508588161,0
WOO.V,D,20241228,000000,0.215393,0.226708,0.214553,0.225984,11111341.409210058,0
WOO.V,D,20241229,000000,0.225865,0.227182,0.208572,0.209289,12318670.004451387,0
WOO.V,D,20241230,000000,0.209511,0.219601,0.203883,0.213094,14455815.617494645,0
WOO.V,D,20241231,000000,0.213101,0.220127,0.205981,0.2084,12970614.594067756,0
WOO.V,D,20250101,000000,0.20842,0.215567,0.20268,0.214341,14216037.18675769,0
WOO.V,D,20250102,000000,0.214463,0.224891,0.213239,0.221364,11412957.728967363,0
WOO.V,D,20250103,000000,0.221464,0.244327,0.220565,0.243258,13753060.523007035,0
WOO.V,D,20250104,000000,0.242938,0.255286,0.239392,0.249458,11348920.385470055,0
WOO.V,D,20250105,000000,0.24933,0.255409,0.242047,0.254456,14451962.759128727,0
WOO.V,D,20250106,000000,0.255956,0.261151,0.246126,0.251093,12634456.549730383,0
WOO.V,D,20250107,000000,0.251093,0.252696,0.223938,0.224676,12173822.848368963,0
WOO.V,D,20250108,000000,0.224679,0.224679,0.197505,0.208427,11719066.101978661,0
WOO.V,D,20250109,000000,0.208487,0.211646,0.193841,0.201378,10493452.806299662,0
WOO.V,D,20250110,000000,0.201498,0.208793,0.197408,0.203547,7779938.78460985,0
WOO.V,D,20250111,000000,0.205447,0.212737,0.19907,0.209519,12864230.361135002,0
WOO.V,D,20250112,000000,0.209409,0.213682,0.198957,0.199029,17554458.94411698,0
WOO.V,D,20250113,000000,0.19923,0.208412,0.179718,0.193229,14064185.077909993,0
WOO.V,D,20250114,000000,0.193009,0.200936,0.19132,0.199028,11224753.894829521,0
WOO.V,D,20250115,000000,0.198996,0.215064,0.192721,0.212316,12794977.091354221,0
WOO.V,D,20250116,000000,0.212836,0.215708,0.203319,0.207862,16008738.103921333,0
WOO.V,D,20250117,000000,0.207864,0.224489,0.207383,0.221881,16874446.430510156,0
WOO.V,D,20250118,000000,0.221681,0.223786,0.199466,0.201876,14491785.937979652,0
WOO.V,D,20250119,000000,0.201826,0.209891,0.17835,0.182349,16580944.036934402,0
WOO.V,D,20250120,000000,0.183008,0.196264,0.170858,0.179404,15364468.791561142,0
WOO.V,D,20250121,000000,0.178888,0.189587,0.169161,0.18667,13550789.024421949,0
WOO.V,D,20250122,000000,0.186423,0.203584,0.180647,0.181147,20587792.969095893,0
WOO.V,D,20250123,000000,0.182176,0.184634,0.173413,0.18054,13584990.03435386,0
WOO.V,D,20250124,000000,0.18026,0.183301,0.172697,0.175022,16506858.374207072,0
WOO.V,D,20250125,000000,0.17442,0.176085,0.169655,0.173257,11666499.413546707,0
WOO.V,D,20250126,000000,0.173257,0.177376,0.171076,0.173432,9989133.513100974,0
WOO.V,D,20250127,000000,0.173382,0.173382,0.148115,0.163048,11993638.685651155,0
WOO.V,D,20250128,000000,0.162749,0.165295,0.148104,0.148104,10043693.577827847,0
WOO.V,D,20250129,000000,0.148014,0.161193,0.148011,0.158914,14419664.891787542,0
WOO.V,D,20250130,000000,0.159167,0.166605,0.153702,0.161706,12227937.928884,0
WOO.V,D,20250131,000000,0.161706,0.172721,0.159092,0.164562,14072583.092385225,0
WOO.V,D,20250201,000000,0.164742,0.166548,0.147583,0.148254,14817829.398566905,0
WOO.V,D,20250202,000000,0.148264,0.150989,0.118011,0.122733,18343646.87453445,0
WOO.V,D,20250203,000000,0.122964,0.129182,0.0890842,0.128208,30813831.968107823,0
WOO.V,D,20250204,000000,0.128438,0.129456,0.113381,0.118278,14194619.467314133,0
WOO.V,D,20250205,000000,0.118158,0.122952,0.113612,0.114089,17234915.670004353,0
WOO.V,D,20250206,000000,0.113869,0.118834,0.107753,0.110908,12331961.237990856,0
WOO.V,D,20250207,000000,0.110908,0.118657,0.106245,0.107973,14211648.498658005,0
WOO.V,D,20250208,000000,0.107804,0.116012,0.107704,0.114689,13482999.93786941,0
WOO.V,D,20250209,000000,0.114689,0.120833,0.109309,0.114914,18294346.985019386,0
WOO.V,D,20250210,000000,0.114013,0.120512,0.110802,0.119408,13515093.221924303,0
WOO.V,D,20250211,000000,0.119474,0.126316,0.11548,0.119837,18790586.476583015,0
WOO.V,D,20250212,000000,0.119586,0.134112,0.115093,0.132579,23948983.75525802,0
WOO.V,D,20250213,000000,0.132519,0.132825,0.122304,0.126631,21036830.581562944,0
WOO.V,D,20250214,000000,0.126633,0.135337,0.124411,0.131522,20512123.916840643,0
WOO.V,D,20250215,000000,0.131422,0.133122,0.125209,0.126511,17646008.98795414,0
