<TICKER>,<PER>,<DATE>,<TIME>,<OPEN>,<HIGH>,<LOW>,<CLOSE>,<VOL>,<OPENINT>
XAUT.V,D,20220514,000000,1799.6,1799.6,1799.6,1799.6,0.00371349886711,0
XAUT.V,D,20220515,000000,1798.8,1806.9,1796.7,1806.8,33.123316847561,0
XAUT.V,D,20220516,000000,1806.7,1820.7,1785.1,1819.3,58.324152391957,0
XAUT.V,D,20220517,000000,1818.8,1841.3,1815.4,1824.4,76.774882767474,0
XAUT.V,D,20220518,000000,1866.058,1866.071,1864.173,1866.071,40.556004663207,0
XAUT.V,D,20220519,000000,1865.085,1866.718,1864.173,1865.619,57.004812209934,0
XAUT.V,D,20220520,000000,1865.32,1866.619,1864.46,1864.673,617.62441372494,0
XAUT.V,D,20220521,000000,1864.56,1866.058,1864.173,1864.573,29.272092288935,0
XAUT.V,D,20220522,000000,1865.771,1865.971,1844.4,1848.5,35.978959614532,0
XAUT.V,D,20220523,000000,1852.7,1867.5,1840,1847,221.24019789042,0
XAUT.V,D,20220524,000000,1866.058,1866.345,1841.5,1863.987,333.18917232288,0
XAUT.V,D,20220525,000000,1864.673,1866.345,1864.273,1866.245,452.3421798467,0
XAUT.V,D,20220526,000000,1865.346,1866.245,1845.7,1864.833,100.30166111782,0
XAUT.V,D,20220527,000000,1864.846,1866.532,1844.8,1864.833,139.00284187285,0
XAUT.V,D,20220528,000000,1866.052,1866.569,1864.36,1865.589,47.618992599584,0
XAUT.V,D,20220529,000000,1864.56,1866.394,1864.547,1864.784,112.22513407421,0
XAUT.V,D,20220530,000000,1854.4,1864,1850,1858.5,105.41340501637,0
XAUT.V,D,20220531,000000,1858.5,1864.2,1837.2,1838.6,107.45189172267,0
XAUT.V,D,20220601,000000,1838.6,1854,1830.3,1848.8,87.996473714404,0
XAUT.V,D,20220602,000000,1842.7,1869.9,1837.2,1867.4,4.2175091074698,0
XAUT.V,D,20220603,000000,1869.497,1872.31,1837.557,1852.827,207.04994399669,0
XAUT.V,D,20220604,000000,1856.282,1866.243,1834.556,1866.181,395.44759494941,0
XAUT.V,D,20220605,000000,1866.119,1867.111,1864.733,1865.401,43.064596120318,0
XAUT.V,D,20220606,000000,1865.245,1866.868,1864.957,1865.713,1481.4102679435,0
XAUT.V,D,20220607,000000,1841.4,1855.4,1838.2,1853.6,10222.408209561,0
XAUT.V,D,20220608,000000,1852.5,1858.9,1847.7,1855.1,186.1539059645,0
XAUT.V,D,20220609,000000,1865.6,1867.005,1846.755,1866.312,162.50893698183,0
XAUT.V,D,20220610,000000,1866.612,1873.595,1864.423,1864.573,579.7931973861,0
XAUT.V,D,20220611,000000,1864.928,1866.32,1864.504,1865.09,93.456032816705,0
XAUT.V,D,20220612,000000,1866.208,1866.208,1863.837,1866.002,145.89623275786,0
XAUT.V,D,20220613,000000,1864.304,1871.7,1817.6,1821.1,17780.073276598,0
XAUT.V,D,20220614,000000,1815.055,1833.8,1813.739,1815,16083.93251059,0
XAUT.V,D,20220615,000000,1819.5,1839.1,1811.2,1837.2,47362.348115657,0
XAUT.V,D,20220616,000000,1834.28,1859.7,1816,1858.8,71.660705189749,0
XAUT.V,D,20220617,000000,1849.2,1865.89,1837.724,1841.587,644.47889782443,0
XAUT.V,D,20220618,000000,1844.366,1849.487,1823.367,1831.38,1700.3934651148,0
XAUT.V,D,20220619,000000,1840.553,1841.303,1813.875,1832.199,4758.3340527157,0
XAUT.V,D,20220620,000000,1826.406,1835.514,1826.04,1835.195,186.30170348293,0
XAUT.V,D,20220621,000000,1835.413,1842.405,1825.752,1826.888,31.803626137377,0
XAUT.V,D,20220622,000000,1825.473,1842.036,1816.799,1838.6,1291.2584563338,0
XAUT.V,D,20220623,000000,1836.8,1839.2,1829.2,1829.2,290.04833556995,0
XAUT.V,D,20220624,000000,1827.7,1833.4,1825.4,1827.1,141.75831694736,0
XAUT.V,D,20220625,000000,1823.954,1831.395,1816.509,1829.798,87.796649681887,0
XAUT.V,D,20220626,000000,1866.423,1867.79,1818.69,1842.157,557.07412278713,0
XAUT.V,D,20220627,000000,1842.557,1844.642,1841.967,1844.439,44.858840602799,0
XAUT.V,D,20220628,000000,1866.619,1866.619,1864.833,1866.376,156.33151937444,0
XAUT.V,D,20220629,000000,1865.278,1866.32,1821.81,1866.139,309.10167624373,0
XAUT.V,D,20220630,000000,1827.1,1838.2,1805.569,1805.93,5193.9943266023,0
XAUT.V,D,20220701,000000,1801.655,1809.208,1801.474,1809.027,1293.3995527484,0
XAUT.V,D,20220702,000000,1816.318,1816.318,1816.136,1816.318,133.00692728938,0
XAUT.V,D,20220705,000000,1864.846,1866.445,1798,1803.1,2735.3691279428,0
XAUT.V,D,20220706,000000,1799.5,1808.2,1758.8,1775,575.12245180965,0
XAUT.V,D,20220707,000000,1776.6,1776.7,1756.4,1756.4,246.08661804837,0
XAUT.V,D,20220708,000000,1756.4,1756.4,1729.588,1730.061,70.182395730181,0
XAUT.V,D,20220709,000000,1730.261,1731.46,1729.588,1731.261,31.992837350422,0
XAUT.V,D,20220710,000000,1730.161,1757,1729.688,1730.961,95.75335475911,0
XAUT.V,D,20220711,000000,1750.5,1757.1,1729.515,1729.642,101.44137604699,0
XAUT.V,D,20220712,000000,1730.741,1755.517,1726.4,1729.569,112.27308657729,0
XAUT.V,D,20220713,000000,1729.834,1746.4,1720.7,1745.1,201.66915703885,0
XAUT.V,D,20220714,000000,1730.141,1731.361,1729.169,1730.961,124.58151553998,0
XAUT.V,D,20220715,000000,1729.888,1731.507,1729.688,1731.18,67.929901627397,0
XAUT.V,D,20220716,000000,1730.581,1732.154,1721.196,1731.554,99.330666574241,0
XAUT.V,D,20220717,000000,1731.55,1732.275,1717.024,1731.219,63.615486809042,0
XAUT.V,D,20220718,000000,1731.232,1732.413,1707.473,1708.207,199.09994834458,0
XAUT.V,D,20220719,000000,1708.187,1713.8,1707.341,1709.022,331.55393328941,0
XAUT.V,D,20220720,000000,1709.2,1725,1707.734,1708.685,403.96867040803,0
XAUT.V,D,20220721,000000,1709.491,1709.762,1707.683,1708.676,179.57477592841,0
XAUT.V,D,20220722,000000,1708.973,1709.796,1707.785,1708.439,315.54056545057,0
XAUT.V,D,20220723,000000,1709.276,1709.862,1707.663,1708.322,166.223873138,0
XAUT.V,D,20220724,000000,1708.342,1709.605,1707.629,1709.325,100.58887803976,0
XAUT.V,D,20220725,000000,1708.925,1709.571,1707.7,1709.337,118.02882572711,0
XAUT.V,D,20220726,000000,1709.554,1709.571,1707.883,1709.239,177.32885006904,0
XAUT.V,D,20220727,000000,1708.639,1709.986,1707.749,1709.81,104.23870646724,0
XAUT.V,D,20220728,000000,1709.044,1709.947,1707.798,1708.742,323.81561545365,0
XAUT.V,D,20220729,000000,1708.227,1710.255,1707.317,1709.2,81.299333467842,0
XAUT.V,D,20220730,000000,1709.401,1710.05,1708.178,1708.447,112.6563470379,0
XAUT.V,D,20220731,000000,1709.164,1709.947,1708.076,1709.693,101.73575216657,0
XAUT.V,D,20220801,000000,1708.483,1710.052,1707.851,1709.113,142.63414932016,0
XAUT.V,D,20220802,000000,1709.396,1709.998,1707.99,1707.99,157.51995540935,0
XAUT.V,D,20220803,000000,1709.642,1709.759,1707.922,1708.227,190.82988214014,0
XAUT.V,D,20220804,000000,1709.327,1709.981,1707.717,1709.622,193.67645686442,0
XAUT.V,D,20220805,000000,1708.854,1709.642,1707.495,1708.725,142.48607521478,0
XAUT.V,D,20220806,000000,1708.625,1709.793,1707.785,1709.493,47.272745996208,0
XAUT.V,D,20220807,000000,1708.676,1709.827,1707.939,1708.024,65.203900663393,0
XAUT.V,D,20220808,000000,1709.525,1709.793,1707.99,1708.422,73.277090117039,0
XAUT.V,D,20220809,000000,1708.656,1709.913,1708.002,1708.859,165.23114160061,0
XAUT.V,D,20220810,000000,1708.542,1710.736,1708.007,1708.412,272.81872426563,0
XAUT.V,D,20220811,000000,1709.278,1710.152,1708.349,1710.103,142.2780873361,0
XAUT.V,D,20220812,000000,1709.554,1710.34,1708.483,1709.586,67.633736353574,0
XAUT.V,D,20220813,000000,1710.169,1710.443,1708.481,1709.967,140.44592777145,0
XAUT.V,D,20220814,000000,1710.05,1710.067,1708.144,1708.73,107.00352578747,0
XAUT.V,D,20220815,000000,1708.495,1709.862,1708.073,1709.493,141.7504932642,0
XAUT.V,D,20220816,000000,1708.91,1775.088,1707.717,1707.937,126.00872887816,0
XAUT.V,D,20220817,000000,1708.137,1709.639,1707.7,1708.971,132.51828176451,0
XAUT.V,D,20220818,000000,1708.754,1709.656,1707.663,1707.951,144.4800262268,0
XAUT.V,D,20220819,000000,1709.471,1709.771,1707.7,1708.671,266.68867898225,0
XAUT.V,D,20220820,000000,1708.6,1710.025,1707.949,1708.166,99.760858516657,0
XAUT.V,D,20220821,000000,1708.449,1709.888,1707.468,1709.466,121.06251543447,0
XAUT.V,D,20220822,000000,1708.768,1709.734,1707.624,1708.992,256.41575019048,0
XAUT.V,D,20220823,000000,1708.827,1709.683,1707.793,1709.251,128.40277208819,0
XAUT.V,D,20220824,000000,1709.2,1709.888,1708.098,1708.954,97.003699007448,0
XAUT.V,D,20220825,000000,1708.903,1709.903,1707.812,1709.568,83.129427250824,0
XAUT.V,D,20220826,000000,1708.517,1710.076,1707.898,1708.937,223.87682989363,0
XAUT.V,D,20220827,000000,1709.254,1709.871,1708.046,1708.251,87.798744133642,0
XAUT.V,D,20220828,000000,1708.534,1709.717,1707.98,1708.4,67.630297654757,0
XAUT.V,D,20220829,000000,1708.217,1709.634,1708.015,1709.451,158.79740558463,0
XAUT.V,D,20220830,000000,1708.454,1731.553,1708.049,1709.705,97.802619014677,0
XAUT.V,D,20220831,000000,1708.954,1709.822,1707.949,1708.451,93.010895347243,0
XAUT.V,D,20220901,000000,1708.249,1709.734,0.0857415,1708.397,24575.648790771,0
XAUT.V,D,20220902,000000,1709.166,1709.888,1707.966,1709.791,98.469162603757,0
XAUT.V,D,20220903,000000,1709.908,1709.908,1708,1708.371,43.914580906032,0
XAUT.V,D,20220904,000000,1709.3,1709.871,1708,1709.071,48.524877704857,0
XAUT.V,D,20220905,000000,1708.271,1709.871,1707.23,1708.871,66.733272183244,0
XAUT.V,D,20220906,000000,1709.671,1709.871,1708.1,1709.1,88.16746370514,0
XAUT.V,D,20220907,000000,1708.42,1709.939,1707.932,1708.637,65.80855626817,0
XAUT.V,D,20220908,000000,1709.005,1709.888,1708.034,1708.605,25.569780407509,0
XAUT.V,D,20220909,000000,1709.276,1710.03,1706.6,1709.864,20.629928627484,0
XAUT.V,D,20220910,000000,1706.6,1712.1,1706.1,1709.1,13.534143383694,0
XAUT.V,D,20220911,000000,1709.73,1710.133,1708.71,1708.978,12.382840255779,0
XAUT.V,D,20220912,000000,1709.525,1710.079,1708.354,1708.576,18.133621451956,0
XAUT.V,D,20220913,000000,1720.956,1723.22,1686.999,1697.734,24.063791759057,0
XAUT.V,D,20220914,000000,1700.97,1715.951,1687.017,1697.424,22.743917279792,0
XAUT.V,D,20220915,000000,1693.471,1696.158,1650.018,1653.383,52.971726550756,0
XAUT.V,D,20220916,000000,1653.317,1676.4,1643.07,1663.134,26.879005714268,0
XAUT.V,D,20220917,000000,1672.8,1673.767,1661.934,1663.766,11.497452841058,0
XAUT.V,D,20220918,000000,1672.5,1674.1,1663.534,1674.1,47.113410229373,0
XAUT.V,D,20220919,000000,1662.6,1714.9,1649.135,1661.332,67.678956166335,0
XAUT.V,D,20220920,000000,1710.742,1712.113,1710,1711.171,101.67790450338,0
XAUT.V,D,20220921,000000,1666.6,1682.6,1656.6,1665.2,60.43814099684,0
XAUT.V,D,20220922,000000,1665.3,1676.6,1650.3,1665.4,57.604143300707,0
XAUT.V,D,20220923,000000,1666.4,1670.7,1640.1,1645,71.61227107637,0
XAUT.V,D,20220924,000000,1641,1644.3,1640.2,1642.7,29.774503914508,0
XAUT.V,D,20220925,000000,1693.1,1693.269,1691.549,1691.983,12.856907080981,0
XAUT.V,D,20220926,000000,1692.983,1693.269,1691.9,1691.9,51.626878339946,0
XAUT.V,D,20220927,000000,1622.24,1639.79,1622.16,1633.41,49.478421322833,0
XAUT.V,D,20220928,000000,1632.477,1693.031,1615.258,1657.69,25.43055895631,0
XAUT.V,D,20220929,000000,1657.024,1693.369,1654.22,1693.2,28.954011199987,0
XAUT.V,D,20220930,000000,1693.069,1693.539,1662.61,1692.3,20.440349927823,0
XAUT.V,D,20221001,000000,1692.7,1693.369,1691.562,1693.2,13.804845450878,0
XAUT.V,D,20221002,000000,1692.9,1693.369,1691.531,1692,38.722935064211,0
XAUT.V,D,20221003,000000,1657.12,1693.469,1657.06,1692.738,37.143721696895,0
XAUT.V,D,20221004,000000,1693.269,1708.7,1691.6,1692.408,30.829695645983,0
XAUT.V,D,20221005,000000,1692.939,1693.708,1692.038,1692.269,38.157263229326,0
XAUT.V,D,20221006,000000,1692.005,1693.539,1691.82,1693.071,30.280728489884,0
XAUT.V,D,20221007,000000,1691.988,1713.9,1691.786,1692.02,33.221808078412,0
XAUT.V,D,20221008,000000,1692.3,1701,1689.2,1691.8,49.231477853457,0
XAUT.V,D,20221009,000000,1689.9,1693.539,1689.9,1692.738,17.474890378955,0
XAUT.V,D,20221010,000000,1692.069,1693.339,1691.262,1692.4,41.484025485019,0
XAUT.V,D,20221011,000000,1692.7,1693.2,1691.363,1691.848,150.63013468829,0
XAUT.V,D,20221012,000000,1657.7,1677.7,1656.5,1677.6,34.13070410981,0
XAUT.V,D,20221013,000000,1668.7,1675.8,1638.6,1655.7,120.90525060653,0
XAUT.V,D,20221014,000000,1692.535,1693.303,1647.302,1691.751,27.530233529447,0
XAUT.V,D,20221015,000000,1692.068,1693.352,1634.8,1634.8,18.472619429266,0
XAUT.V,D,20221016,000000,1638.2,1644.6,1632.3,1635.1,10.424822555541,0
XAUT.V,D,20221017,000000,1637.1,1661.7,1637.1,1645,44.483255188411,0
XAUT.V,D,20221018,000000,1692.951,1693.185,1691.583,1692.485,21.502144230969,0
XAUT.V,D,20221019,000000,1693.051,1693.251,1691.634,1692.283,43.791682195499,0
XAUT.V,D,20221020,000000,1691.835,1693.065,1691.482,1693.031,26.500252080685,0
XAUT.V,D,20221021,000000,1693.065,1693.135,1691.465,1691.718,35.734404761518,0
XAUT.V,D,20221022,000000,1651.9,1693.268,1648.1,1693.235,17.242448110108,0
XAUT.V,D,20221023,000000,1693.235,1693.269,1651.4,1693.237,24.987983881349,0
XAUT.V,D,20221024,000000,1657.2,1660.4,1642,1647.7,19.746463334589,0
XAUT.V,D,20221025,000000,1650.8,1659.1,1638.6,1652,59.306317065149,0
XAUT.V,D,20221026,000000,1651.5,1670.2,1647.7,1662.2,22.817684316019,0
XAUT.V,D,20221027,000000,1661.9,1669.4,1653.7,1659.1,37.765435312305,0
XAUT.V,D,20221028,000000,1658.1,1659.1,1631.1,1639.2,34.00633803556,0
XAUT.V,D,20221029,000000,1641.1,1645.1,1639.2,1639.2,43.495277845267,0
XAUT.V,D,20221030,000000,1640.5,1693.623,1638.5,1638.5,31.223040481485,0
XAUT.V,D,20221031,000000,1693.372,1693.556,1627.7,1630.7,34.163094533909,0
XAUT.V,D,20221101,000000,1629.7,1648.6,1629.7,1640.2,25.782237343213,0
XAUT.V,D,20221102,000000,1691.914,1693.083,1691.312,1691.698,49.222266198053,0
XAUT.V,D,20221103,000000,1691.482,1693.081,1691.363,1692.983,58.049245216219,0
XAUT.V,D,20221104,000000,1692.898,1693.032,1645.8,1691.935,32.135793850101,0
XAUT.V,D,20221105,000000,1691.752,1693.354,1675.9,1677,18.550515411574374,0
XAUT.V,D,20221106,000000,1677,1681.8,1673.2,1676.1,22.10544516019185,0
XAUT.V,D,20221107,000000,1674.2,1678.8,1658.8,1668.5,61.519371607953794,0
XAUT.V,D,20221108,000000,1668.5,1713.9,1660.8,1695.8,223.5848117993775,0
XAUT.V,D,20221109,000000,1702.6,1737.842,1663.3,1719.789,174.13298746818995,0
XAUT.V,D,20221110,000000,1720.345,1950,1429.6,1769,152.97532798490744,0
XAUT.V,D,20221111,000000,1763.1,2120,1650,1838.7,81.63875085786358,0
XAUT.V,D,20221112,000000,1756.5,1820,1739.264,1739.264,130.2581176085757,0
XAUT.V,D,20221113,000000,1688.755,1752.248,1688.755,1750.845,73.32792943300255,0
XAUT.V,D,20221114,000000,1750.222,1751.271,1731.22,1734.269,71.6489595918809,0
XAUT.V,D,20221115,000000,1719.617,1762.812,1718.411,1741.557,27.780433682550612,0
XAUT.V,D,20221116,000000,1740.804,1754.464,1734.412,1749.227,16.877494258338416,0
XAUT.V,D,20221117,000000,1749.047,1753.477,1745.008,1748.625,13.014933954171209,0
XAUT.V,D,20221118,000000,1747.946,1748.59,1724.025,1729.838,18.654680400964118,0
XAUT.V,D,20221119,000000,1690.454,1748.562,1689.502,1746.452,12.432354380211002,0
XAUT.V,D,20221120,000000,1747.813,1747.813,1721.956,1728.893,43.932985004705486,0
XAUT.V,D,20221121,000000,1728.913,1728.958,1688.893,1690.269,25.42710016250411,0
XAUT.V,D,20221122,000000,1690.019,1691.134,1689.215,1690.699,28.573362634442386,0
XAUT.V,D,20221123,000000,1691.033,1691.371,1689.367,1690.339,44.70834514174658,0
XAUT.V,D,20221124,000000,1690.555,1691.879,1689.722,1690.279,29.932986746308934,0
XAUT.V,D,20221125,000000,1690.345,1692.066,1690.213,1691.052,54.09932097917569,0
XAUT.V,D,20221126,000000,1690.602,1692.336,1690.382,1692.084,35.20474343808524,0
XAUT.V,D,20221127,000000,1691.318,1692.235,1690.5,1691.251,28.604535371473375,0
XAUT.V,D,20221128,000000,1690.719,1692.474,1690.619,1691.557,35.595554294549736,0
XAUT.V,D,20221129,000000,1692.023,1738.3,1690.636,1691.408,30.723096289849213,0
XAUT.V,D,20221130,000000,1692.374,1693.323,1690.737,1692.085,30.888651307973287,0
XAUT.V,D,20221201,000000,1692.652,1693.352,1691.465,1693.085,104.57757939713909,0
XAUT.V,D,20221202,000000,1692.102,1693.42,1691.735,1692.002,49.16980687566674,0
XAUT.V,D,20221203,000000,1692.002,1693.608,1691.6,1693.139,25.12724125165959,0
XAUT.V,D,20221204,000000,1693.539,1693.677,1691.6,1692.238,27.504022409230263,0
XAUT.V,D,20221205,000000,1692.569,1693.708,1691.6,1692.951,46.34921764695136,0
XAUT.V,D,20221206,000000,1692.834,1693.386,1691.515,1692.766,20.096745857010465,0
XAUT.V,D,20221207,000000,1693.2,1693.302,1691.566,1692.9,35.52064644706909,0
XAUT.V,D,20221208,000000,1693.017,1693.539,1691.499,1693.319,55.11140008418792,0
XAUT.V,D,20221209,000000,1692.835,1693.319,1691.583,1692.285,27.29744269546716,0
XAUT.V,D,20221210,000000,1691.968,1789.8,1685.766,1686.483,22.822554584612202,0
XAUT.V,D,20221211,000000,1686.2,1687.537,1685.583,1687.037,25.261115681518483,0
XAUT.V,D,20221212,000000,1686.169,1687.521,1685.356,1687.152,31.9791843991885,0
XAUT.V,D,20221213,000000,1685.902,1688.668,1682.764,1685.878,67.95118110484702,0
XAUT.V,D,20221214,000000,1685.429,1687.352,1685.246,1687.218,79.28839046879914,0
XAUT.V,D,20221215,000000,1686.3,1687.637,1685.7,1687.269,44.56578288454824,0
XAUT.V,D,20221216,000000,1686.269,1764.6,1685.6,1686.769,33.13152081990824,0
XAUT.V,D,20221217,000000,1686.537,1700.823,1685.769,1687.519,28.14529744537663,0
XAUT.V,D,20221218,000000,1686.969,1687.619,1685.767,1687.102,17.436017334513494,0
XAUT.V,D,20221219,000000,1686.236,1687.553,1685.649,1686.3,33.9436746910116,0
XAUT.V,D,20221220,000000,1686.134,1687.552,1685.649,1686.567,260.2196797570856,0
XAUT.V,D,20221221,000000,1686.967,1687.452,1685.683,1686.367,37.4139016738335,0
XAUT.V,D,20221222,000000,1686.784,1687.451,1685.48,1685.947,49.73445604197445,0
XAUT.V,D,20221223,000000,1686.113,1687.283,1685.463,1686.214,49.96764137057612,0
XAUT.V,D,20221224,000000,1686.665,1687.248,1685.531,1686.399,23.948153790273782,0
XAUT.V,D,20221225,000000,1686.316,1687.366,1685.43,1686.747,40.328918714140904,0
XAUT.V,D,20221226,000000,1686.514,1687.214,1685.346,1686.963,32.44835434765967,0
XAUT.V,D,20221227,000000,1686.096,1687.063,1684.992,1685.242,28.369709913172862,0
XAUT.V,D,20221228,000000,1685.192,1697.99,1682.162,1689.404,41.67993355414751,0
XAUT.V,D,20221229,000000,1684.457,1812.433,1677.327,1687.94,47.7536187662142,0
XAUT.V,D,20221230,000000,1814.942,1820.556,1685.69,1812.757,40.21880925089536,0
XAUT.V,D,20221231,000000,1811.544,1812.829,1804.93,1805.147,13.552854233344698,0
XAUT.V,D,20230101,000000,1810.697,1812.975,1801.351,1808.828,17.341461167523693,0
XAUT.V,D,20230102,000000,1808.918,1812.975,1805.273,1811.228,16.383460075139705,0
XAUT.V,D,20230103,000000,1811.304,1826.904,1802.703,1826.904,73.79068140953416,0
XAUT.V,D,20230104,000000,1826.849,1847.919,1826.812,1847.79,34.5292177119313,0
XAUT.V,D,20230105,000000,1847.827,1847.938,1830.176,1830.213,32.864864269936085,0
XAUT.V,D,20230106,000000,1829.143,1836.874,1826.538,1836.819,25.3232483722144,0
XAUT.V,D,20230107,000000,1827.117,1844.213,1827.025,1827.151,21.977238359496187,0
XAUT.V,D,20230108,000000,1827.261,1848.188,1767.782,1829.286,35.2984319897431,0
XAUT.V,D,20230109,000000,1848.077,1861.209,1829.394,1861.19,99.31465640671159,0
XAUT.V,D,20230110,000000,1857.281,1959.953,1851.683,1897.618,66.83758202332493,0
XAUT.V,D,20230111,000000,1770.583,1898.081,1764.212,1896.431,24.07513702754703,0
XAUT.V,D,20230112,000000,1895.699,1912.137,1876.464,1893.09,94.07567733568017,0
XAUT.V,D,20230113,000000,1899.551,1914.08,1874.93,1891.319,31.86635330139442,0
XAUT.V,D,20230114,000000,1890.212,1911.569,1882.691,1899.636,37.622283246201846,0
XAUT.V,D,20230115,000000,1899.893,1920.756,1885.209,1914.674,17.476423136827425,0
XAUT.V,D,20230116,000000,1913.103,1920.545,1902.66,1910.818,36.12372622552498,0
XAUT.V,D,20230117,000000,1912.048,1915.754,1866.484,1866.503,54.182817951168026,0
XAUT.V,D,20230118,000000,1878.982,1888.24,1832.935,1875.337,45.20914717566999,0
XAUT.V,D,20230119,000000,1877.502,1907.193,1865.605,1907.193,48.097105844725164,0
XAUT.V,D,20230120,000000,1901.328,1928.26,1899.839,1912.203,71.11375206274309,0
XAUT.V,D,20230121,000000,1914.497,1915.768,1902.705,1904.096,12.595264137787812,0
XAUT.V,D,20230122,000000,1908.886,1914.098,1900.352,1902.561,31.04046485320072,0
XAUT.V,D,20230123,000000,1902.513,1916.632,1902.513,1913.364,18.00679023356212,0
XAUT.V,D,20230124,000000,1905.16,1918.807,1904.524,1916.249,42.079381992301755,0
XAUT.V,D,20230125,000000,1908.832,1920.259,1900.039,1900.334,100.37002146783927,0
XAUT.V,D,20230126,000000,1918.422,1918.422,1885.07,1896.73,28.459303525960802,0
XAUT.V,D,20230127,000000,1881.083,1906.197,1871.994,1894.17,28.940790720230506,0
XAUT.V,D,20230128,000000,1899.535,1901.024,1885.295,1898.267,16.923379371248657,0
XAUT.V,D,20230129,000000,1894.856,1903.495,1879.479,1893.195,30.547258427014707,0
XAUT.V,D,20230130,000000,1891.729,1943.765,1891.487,1912.135,28.411750754027672,0
XAUT.V,D,20230131,000000,1910.825,1922.283,1906.466,1915.702,43.61346256751924,0
XAUT.V,D,20230201,000000,1915.587,1920.45,1862.881,1907.704,85.19826353852993,0
XAUT.V,D,20230202,000000,1907.485,1943.258,1900.209,1903.832,72.88551755883087,0
XAUT.V,D,20230203,000000,1904.72,1908.386,1861.437,1861.9,67.70678441690137,0
XAUT.V,D,20230204,000000,1862.028,1877.737,1857.291,1863.429,78.45127143935683,0
XAUT.V,D,20230205,000000,1863.119,1864.227,1861.475,1863.576,92.64753009328315,0
XAUT.V,D,20230206,000000,1863.674,1865.333,1862.186,1864.315,86.7958590973881,0
XAUT.V,D,20230207,000000,1864.435,1904.557,1862.02,1878.683,135.7529568459358,0
XAUT.V,D,20230208,000000,1878.923,1998.11,1837.427,1866.061,92.73261282247984,0
XAUT.V,D,20230209,000000,1866.382,1866.817,1847.712,1851.407,25.326027944118458,0
XAUT.V,D,20230210,000000,1852.035,1853.848,1810.281,1849.457,82.14791410395924,0
XAUT.V,D,20230211,000000,1849.297,1850.123,1838.662,1848.285,86.4945336805957,0
XAUT.V,D,20230212,000000,1847.945,1852.037,1836.627,1851.02,90.28171097224708,0
XAUT.V,D,20230213,000000,1851.475,1852.285,1792.68,1849.658,94.68571409646809,0
XAUT.V,D,20230214,000000,1849.268,1858.463,1840.698,1848.635,210.93835454871981,0
XAUT.V,D,20230215,000000,1848.93,1863.51,1843.021,1843.242,131.35380690246967,0
XAUT.V,D,20230216,000000,1843.242,1843.485,1820.824,1836.654,96.71864900835827,0
XAUT.V,D,20230217,000000,1836.234,1857.084,1820.316,1840.116,126.102010645271,0
XAUT.V,D,20230218,000000,1840.109,1842.668,1838.497,1839.673,83.5755989834058,0
XAUT.V,D,20230219,000000,1839.864,1857.307,1821.011,1841.523,100.7782316867216,0
XAUT.V,D,20230220,000000,1841.355,1847.055,1834.51,1841.176,113.75145570853358,0
XAUT.V,D,20230221,000000,1841.004,1842.748,1839.094,1839.341,80.58712649744962,0
XAUT.V,D,20230222,000000,1839.351,1839.66,1837.273,1839.139,75.43498585894326,0
XAUT.V,D,20230223,000000,1838.973,1839.388,1822.902,1825.307,74.70774893178873,0
XAUT.V,D,20230224,000000,1824.424,1828.526,1808.347,1811.064,350.5564876655007,0
XAUT.V,D,20230225,000000,1811.114,1820.484,1808.615,1809.537,73.41730391469324,0
XAUT.V,D,20230226,000000,1809.699,1814.313,1809.587,1811.815,53.12197451685363,0
XAUT.V,D,20230227,000000,1810.831,1811.222,1809.399,1811.035,85.4758070899516,0
XAUT.V,D,20230228,000000,1810.999,1830.952,1803.944,1825.145,85.88983984083903,0
XAUT.V,D,20230301,000000,1825.287,1841.739,1822.813,1835.92,86.39975097455321,0
XAUT.V,D,20230302,000000,1836.049,1838.396,1830.477,1838.249,29.26923896842801,0
XAUT.V,D,20230303,000000,1842.816,1845.947,1836.549,1845.386,128.5608546130845,0
XAUT.V,D,20230304,000000,1856.431,1860.705,1853.593,1856.449,3.4862396120701002,0
XAUT.V,D,20230305,000000,1859.788,1862.216,1850.13,1852.302,4.338114494561319,0
XAUT.V,D,20230306,000000,1852.047,1859.751,1846.653,1846.779,9.566388539878341,0
XAUT.V,D,20230307,000000,1845.285,1849.075,1834.102,1834.432,101.2340442642251,0
XAUT.V,D,20230308,000000,1819.933,1826.699,1812.819,1813.847,79.14093203549918,0
XAUT.V,D,20230309,000000,1816.128,1835.094,1812.086,1827.884,485.43030396220087,0
XAUT.V,D,20230310,000000,1827.883,1868.536,1824.432,1867.698,345.38444630453415,0
XAUT.V,D,20230311,000000,1868.012,1954.118,1861.061,1891.626,4342.449991737337,0
XAUT.V,D,20230312,000000,1893.27,1931.027,1880.399,1911.959,6835.793386383814,0
XAUT.V,D,20230313,000000,1909.91,1954.264,1852.471,1901.065,751.9976161915141,0
XAUT.V,D,20230314,000000,1900.565,1932.153,1893.937,1923.223,420.94113936370786,0
XAUT.V,D,20230315,000000,1921.058,2261.688,1863.358,1911.808,360.08046646014435,0
XAUT.V,D,20230316,000000,1911.757,1916.218,1900.797,1909.766,333.5116872586155,0
XAUT.V,D,20230317,000000,1909.755,1990.336,1890.93,1967.816,419.61086349175554,0
XAUT.V,D,20230318,000000,1967.535,1971.358,1960.664,1961.547,397.288654793981,0
XAUT.V,D,20230319,000000,1961.768,1994.845,1961.034,1992.308,461.4595761923464,0
XAUT.V,D,20230320,000000,1993.192,2056.947,1976.588,1988.401,461.37709882422195,0
XAUT.V,D,20230321,000000,1988.472,1990.714,1891.949,1934.35,548.1008870529596,0
XAUT.V,D,20230322,000000,1933.879,2030.99,1931.635,1962.914,377.49835242565666,0
XAUT.V,D,20230323,000000,1963.275,1999.448,1952.293,1997.657,360.55270389985134,0
XAUT.V,D,20230324,000000,1997.376,2001.425,1976.965,1982.62,773.718729602593,0
XAUT.V,D,20230325,000000,1982.718,1987.028,1974.525,1979.648,366.46029113928535,0
XAUT.V,D,20230326,000000,1980.229,1984.664,1971.496,1979.174,321.1356564664513,0
XAUT.V,D,20230327,000000,1978.534,1981.123,1955.379,1959.42,404.55806908684156,0
XAUT.V,D,20230328,000000,1959.02,1986.107,1955.032,1981.152,391.7951392249049,0
XAUT.V,D,20230329,000000,1982.033,1983.766,1966.492,1970.135,372.2005854627641,0
XAUT.V,D,20230330,000000,1970.491,1987.677,1961.522,1983.265,437.74905280559693,0
XAUT.V,D,20230331,000000,1983.235,2029.356,1972.005,2029.236,359.2935461918625,0
XAUT.V,D,20230401,000000,2029.196,2029.671,1970.87,1974.831,348.2459768912531,0
XAUT.V,D,20230402,000000,1975.671,1976.496,1970.809,1974.443,366.50971274986944,0
XAUT.V,D,20230403,000000,1974.764,1994.147,1957.473,1989.676,414.27143933957217,0
XAUT.V,D,20230404,000000,1990.446,2024.17,1980.406,2023.571,355.2672888984857,0
XAUT.V,D,20230405,000000,2023.511,2030.579,2012.183,2021.838,761.3587431317259,0
XAUT.V,D,20230406,000000,2022.138,2025.36,2017.023,2017.356,414.32083570392575,0
XAUT.V,D,20230407,000000,2017.386,2034.296,2006.833,2010.927,350.46934504960427,0
XAUT.V,D,20230408,000000,2010.987,2013.289,2008.885,2010.694,346.9343274662703,0
XAUT.V,D,20230409,000000,2010.674,2021.912,2010.554,2013.898,394.4949242675597,0
XAUT.V,D,20230410,000000,2014.169,2049.652,1999.849,2020.105,473.9786156637274,0
XAUT.V,D,20230411,000000,2020.786,2075.357,1999.808,2005.213,243.0775338510538,0
XAUT.V,D,20230412,000000,2004.703,2031.619,2003.241,2018.693,206.8179069218051,0
XAUT.V,D,20230413,000000,2018.173,2045.415,2015.511,2042.799,549.5197932664996,0
XAUT.V,D,20230414,000000,2042.849,2049.808,2002.451,2010.307,306.4175268929038,0
XAUT.V,D,20230415,000000,2010.327,2013.28,2007.194,2011.359,352.0507722406669,0
XAUT.V,D,20230416,000000,2011.108,2012.51,2002.391,2007.134,358.5186468424601,0
XAUT.V,D,20230417,000000,2007.374,2034.091,1996.658,1999.799,351.4551760955104,0
XAUT.V,D,20230418,000000,1999.409,2017.476,1992.356,2007.301,316.5413635615921,0
XAUT.V,D,20230419,000000,2006.301,2008.955,1980.476,1997.398,957.9073038691225,0
XAUT.V,D,20230420,000000,1997.338,2012.354,1992.517,2006.481,348.6544369235598,0
XAUT.V,D,20230421,000000,2007.02,2007.381,1974.763,1984.941,406.8807276480609,0
XAUT.V,D,20230422,000000,1984.382,1988.539,1980.826,1986.189,355.86677526170956,0
XAUT.V,D,20230423,000000,1985.519,1990.87,1984.837,1990.69,374.82225577847106,0
XAUT.V,D,20230424,000000,1990.079,1994.72,1977.828,1990.9,367.11794859034734,0
XAUT.V,D,20230425,000000,1990.14,2005.57,1989.439,1996.669,212.87128768696894,0
XAUT.V,D,20230426,000000,1996.679,2009.791,1989.46,1994.718,375.627149955418,0
XAUT.V,D,20230427,000000,1994.098,2006.942,1985.824,1990.486,524.4927931641919,0
XAUT.V,D,20230428,000000,1989.877,1997.319,1985.685,1993.304,306.26520883649573,0
XAUT.V,D,20230429,000000,1994.785,1996.977,1988.052,1991.574,312.45948688089237,0
XAUT.V,D,20230430,000000,1991.244,1997.458,1988.522,1991.254,319.8157414301263,0
XAUT.V,D,20230501,000000,1990.814,2007.141,1982.483,1986.956,326.827303967384,0
XAUT.V,D,20230502,000000,1986.176,2019.763,1983.049,2016.109,507.62420587792747,0
XAUT.V,D,20230503,000000,2016.639,2034.423,2010.381,2032.458,1058.8676369616737,0
XAUT.V,D,20230504,000000,2032.599,2056.762,2029.179,2046.256,380.07948851982275,0
XAUT.V,D,20230505,000000,2045.927,2049.78,2001.76,2019.526,472.0439652901315,0
XAUT.V,D,20230506,000000,2019.566,2022.952,2013.551,2016.232,363.67020962610997,0
XAUT.V,D,20230507,000000,2016.021,2018.856,2010.731,2015.976,279.42766585402114,0
XAUT.V,D,20230508,000000,2017.303,2028.934,2013.023,2022.936,985.4204430097046,0
XAUT.V,D,20230509,000000,2023.096,2038.32,2021.615,2036.334,363.2215723561303,0
XAUT.V,D,20230510,000000,2034.645,2040.038,2026.114,2028.324,354.9017112212007,0
XAUT.V,D,20230511,000000,2028.276,2040.064,2023.78,2024.032,350.5359378715257,0
XAUT.V,D,20230512,000000,2024.012,2024.082,2005.052,2015.971,343.95351001818597,0
XAUT.V,D,20230513,000000,2016.162,2019.192,2010.285,2012.597,343.44021950292756,0
XAUT.V,D,20230514,000000,2012.856,2017.48,2010.215,2015.929,347.0492991495992,0
XAUT.V,D,20230515,000000,2014.257,2020.373,2011.807,2015.74,363.55731060745643,0
XAUT.V,D,20230516,000000,2016.29,2018.56,2001.86,2002.281,722.1611955292468,0
XAUT.V,D,20230517,000000,2002.061,2005.962,1987.415,1989.866,461.46091498482343,0
XAUT.V,D,20230518,000000,1989.866,1990.526,1953.946,1958.253,676.0246564334182,0
XAUT.V,D,20230519,000000,1958.503,1992.358,1956.352,1976.413,404.319936735664,0
XAUT.V,D,20230520,000000,1975.707,1982.683,1975.707,1980.04,349.2927974470007,0
XAUT.V,D,20230521,000000,1979.778,1983.079,1976.788,1977.466,338.4195107939033,0
XAUT.V,D,20230522,000000,1977.018,1983.96,1972.496,1973.333,336.89397988808463,0
XAUT.V,D,20230523,000000,1972.456,1977.099,1956.794,1974.568,376.9093908965641,0
XAUT.V,D,20230524,000000,1975.517,1986.73,1954.756,1956.823,488.0335342830775,0
XAUT.V,D,20230525,000000,1956.852,1965.111,1945.867,1946.315,219.4723272556003,0
XAUT.V,D,20230526,000000,1946.354,2278.254,1942.653,2273.185,258.24050247007705,0
XAUT.V,D,20230527,000000,2249.93,2300.542,1924.75,1941.248,268.1751713809974,0
XAUT.V,D,20230528,000000,1940.926,1948.715,1927.191,1938.156,298.80763129610744,0
XAUT.V,D,20230529,000000,1938.116,1946.644,1931.411,1943.023,316.95679772638135,0
XAUT.V,D,20230530,000000,1943.523,1963.3,1935.724,1959.503,249.8874551446336,0
XAUT.V,D,20230531,000000,1959.444,1965.499,1954.315,1962.894,267.0827904711581,0
XAUT.V,D,20230601,000000,1962.854,1979.377,1952.043,1976.593,269.9025523701261,0
XAUT.V,D,20230602,000000,1976.613,1983.087,1958.714,1958.959,200.47024853566975,0
XAUT.V,D,20230603,000000,1958.908,1961.509,1947.906,1950.26,196.63142195692058,0
XAUT.V,D,20230604,000000,1950.13,1961.659,1940.392,1954.605,171.930823699698,0
XAUT.V,D,20230605,000000,1953.745,1962.454,1941.021,1960.038,547.8689864772593,0
XAUT.V,D,20230606,000000,1960.148,1965.373,1947.04,1961.659,238.90725745842985,0
XAUT.V,D,20230607,000000,1961.519,1966.302,1939.812,1946.944,287.0300598595131,0
XAUT.V,D,20230608,000000,1946.464,1966.989,1941.234,1963.873,295.4172408436029,0
XAUT.V,D,20230609,000000,1963.483,1973.008,1957.88,1960.148,397.14095377741427,0
XAUT.V,D,20230610,000000,1959.817,1969.325,1955.698,1959.436,297.3554870811931,0
XAUT.V,D,20230611,000000,1959.496,1961.36,1954.577,1957.923,346.7827716528825,0
XAUT.V,D,20230612,000000,1958.333,1968.823,1940.164,1955.898,558.1927038354603,0
XAUT.V,D,20230613,000000,1956.599,1964.812,1941.447,1944.577,320.49822454749113,0
XAUT.V,D,20230614,000000,1944.607,1957.873,1931.598,1948.415,395.722201968527,0
XAUT.V,D,20230615,000000,1943.595,1962.691,1926.36,1955.586,361.0818763626494,0
XAUT.V,D,20230616,000000,1957.144,1968.267,1953.81,1958.032,313.6605354726512,0
XAUT.V,D,20230617,000000,1958.161,1961.249,1954.371,1958.147,350.8423605555881,0
XAUT.V,D,20230618,000000,1958.337,1960.579,1952.66,1957.1,342.79434881091936,0
XAUT.V,D,20230619,000000,1957.98,1959.391,1940.361,1944.367,343.03731867576386,0
XAUT.V,D,20230620,000000,1948.136,1955.771,1932.057,1938.621,374.43176041154413,0
XAUT.V,D,20230621,000000,1936.51,1939.891,1924.16,1933.807,520.4588192371621,0
XAUT.V,D,20230622,000000,1933.704,1934.998,1911.59,1922.444,475.24102443694096,0
XAUT.V,D,20230623,000000,1916.252,1937.272,1909.16,1922.474,345.91103410968407,0
XAUT.V,D,20230624,000000,1922.594,1924.392,1919.232,1920.999,362.99230790100023,0
XAUT.V,D,20230625,000000,1920.589,1925.167,1914.132,1917.844,356.9702994655439,0
XAUT.V,D,20230626,000000,1917.763,1930.775,1914.418,1920.133,376.8637622384575,0
XAUT.V,D,20230627,000000,1922.123,1927.225,1912.409,1920.626,332.19851517200834,0
XAUT.V,D,20230628,000000,1915.194,1917.996,1903.97,1908.667,271.2904044222302,0
XAUT.V,D,20230629,000000,1908.725,1913.838,1898.792,1908.624,30.4588350629213,0
XAUT.V,D,20230630,000000,1909.111,1918.463,1900.6,1917.458,195.44859472575624,0
XAUT.V,D,20230701,000000,1917.889,1918.433,1879.762,1896.431,44.154052696950295,0
XAUT.V,D,20230702,000000,1897.781,1918.711,1894.181,1913.722,163.16551453924177,0
XAUT.V,D,20230703,000000,1915.072,1938.982,1904.956,1921.175,278.256201911232,0
XAUT.V,D,20230704,000000,1921.664,1933.132,1919.578,1925.333,332.7897099744645,0
XAUT.V,D,20230705,000000,1925.295,1927.255,1914.531,1914.556,322.38286455488395,0
XAUT.V,D,20230706,000000,1914.737,1928.507,1904.556,1911.628,380.61078534478276,0
XAUT.V,D,20230707,000000,1911.557,1934.571,1910.594,1929.579,342.24508488204907,0
XAUT.V,D,20230708,000000,1929.134,1933.667,1922.89,1925.988,346.5876244866343,0
XAUT.V,D,20230709,000000,1925.628,1927.91,1921.141,1922.956,346.73814640402213,0
XAUT.V,D,20230710,000000,1922.637,1926.161,1913.792,1923.731,384.38983288942967,0
XAUT.V,D,20230711,000000,1924.025,1933.071,1923.154,1929.599,370.443011721937,0
XAUT.V,D,20230712,000000,1931.337,1954.64,1930.677,1951.311,379.92748658219904,0
XAUT.V,D,20230713,000000,1951.311,1960.469,1940.511,1956.382,333.65118015742115,0
XAUT.V,D,20230714,000000,1957.063,1962.369,1952.537,1952.937,379.02778360322725,0
XAUT.V,D,20230715,000000,1952.756,1955.816,1950.585,1951.735,231.5201756329989,0
XAUT.V,D,20230716,000000,1951.766,1958.142,1950.776,1956.39,120.99027312019119,0
XAUT.V,D,20230717,000000,1956.429,1956.566,1948.175,1954.962,7.379714911127877,0
XAUT.V,D,20230718,000000,1955.161,1980.06,1953.684,1975.374,451.65105242912904,0
XAUT.V,D,20230719,000000,1980.256,1995.939,1971.518,1977.21,197.46566466160021,0
XAUT.V,D,20230720,000000,1976.66,1986.519,1969.083,1969.133,357.7552586554357,0
XAUT.V,D,20230721,000000,1969.143,1976.751,1957.643,1962.179,100.96348813782642,0
XAUT.V,D,20230722,000000,1962.199,1965.177,1962.15,1963.706,34.704877177748195,0
XAUT.V,D,20230723,000000,1963.856,1968.051,1961.02,1962.241,231.50536164514486,0
XAUT.V,D,20230724,000000,1962.201,1971.543,1955.661,1956.335,281.06615893672875,0
XAUT.V,D,20230725,000000,1956.585,1965.592,1955.311,1965.512,244.0323088161974,0
XAUT.V,D,20230726,000000,1965.553,1973.871,1965.217,1971.959,161.16976166200797,0
XAUT.V,D,20230727,000000,1969.339,1977.802,1945.232,1945.713,50.53567047261323,0
XAUT.V,D,20230728,000000,1945.83,1955.651,1945.597,1955.651,13.3286601958212,0
XAUT.V,D,20230729,000000,1959.661,1960.92,1958.812,1959.6,4.920985571028322,0
XAUT.V,D,20230730,000000,1957.762,1962.393,1956.054,1962.393,33.364752476792994,0
XAUT.V,D,20230731,000000,1991.841,2007.518,1987.862,2001.5,92.83298124771721,0
XAUT.V,D,20230801,000000,1965.883,1965.914,1944.858,1946.557,10.910624114869593,0
XAUT.V,D,20230802,000000,1946.687,1951.727,1936.117,1936.616,206.1333710518499,0
XAUT.V,D,20230803,000000,1936.706,1943.791,1932.45,1934.822,263.3676671370884,0
XAUT.V,D,20230804,000000,1934.971,1948.792,1929.695,1943.766,267.64308320528784,0
XAUT.V,D,20230805,000000,1943.396,1961.803,1942.357,1953.129,260.3180677659949,0
XAUT.V,D,20230806,000000,1955.701,1969.011,1936.234,1938.008,258.56699966338914,0
XAUT.V,D,20230807,000000,1939.115,1945.947,1902.825,1935.763,265.08656507648743,0
XAUT.V,D,20230808,000000,1935.753,1936.482,1926.336,1927.811,247.66830104660153,0
XAUT.V,D,20230809,000000,1927.841,1933.755,1927.327,1931.758,263.61314589342527,0
XAUT.V,D,20230810,000000,1931.728,1936.597,1926.398,1934.357,391.92364835581884,0
XAUT.V,D,20230811,000000,1934.498,1944.375,1911.673,1918.097,310.55082968719034,0
XAUT.V,D,20230812,000000,1918.607,1919.326,1914.505,1915.548,200.20493495407052,0
XAUT.V,D,20230813,000000,1915.568,1918.025,1909.677,1913.047,103.31846814898164,0
XAUT.V,D,20230814,000000,1913.177,1914.976,1907.004,1908.712,256.2170467158454,0
XAUT.V,D,20230815,000000,1908.872,1912.074,1900.948,1901.038,226.07180598694123,0
XAUT.V,D,20230816,000000,1901.219,1906.569,1891.556,1891.958,23.184967651464206,0
XAUT.V,D,20230817,000000,1892.127,1901.91,1887.655,1889.32,409.91611819051366,0
XAUT.V,D,20230818,000000,1889.849,1957.726,1889.622,1930.824,260.00524664395175,0
XAUT.V,D,20230819,000000,1896.675,1896.751,1886.375,1894.171,49.538705868679976,0
XAUT.V,D,20230820,000000,1892.54,1896.903,1888.624,1890.267,4.296758616853881,0
XAUT.V,D,20230821,000000,1893.551,1959.145,1888.128,1929.88,79.10495478384759,0
XAUT.V,D,20230822,000000,1928.121,1945.015,1892.415,1896.756,174.54358770598526,0
XAUT.V,D,20230823,000000,1896.845,1920.308,1896.404,1915.137,186.20761505685093,0
XAUT.V,D,20230824,000000,1915.426,1930.135,1914.987,1916.502,164.67806658070984,0
XAUT.V,D,20230825,000000,1916.752,1925.815,1903.325,1913.797,142.38879037637312,0
XAUT.V,D,20230826,000000,1913.936,1921.047,1911.044,1914.027,127.40813245848524,0
XAUT.V,D,20230827,000000,1913.617,1917.621,1910.575,1913.83,131.25557725615587,0
XAUT.V,D,20230828,000000,1914.42,1958.665,1909.814,1921.639,353.95112895115597,0
XAUT.V,D,20230829,000000,1921.709,1942.035,1906.321,1920.235,191.06185368157585,0
XAUT.V,D,20230830,000000,1921.256,1948.98,1917.913,1941.299,185.23208337593155,0
XAUT.V,D,20230831,000000,1941.63,1946.776,1938.341,1938.82,135.53790610645495,0
XAUT.V,D,20230901,000000,1939.098,1942.316,1921.429,1928.367,153.68760681910464,0
XAUT.V,D,20230902,000000,1926.708,1946.74,1923.929,1933.757,161.2845473121584,0
XAUT.V,D,20230903,000000,1934.267,1942.358,1933.031,1934.262,150.90675642245034,0
XAUT.V,D,20230904,000000,1934.812,1941.898,1932.098,1932.919,89.47177233354081,0
XAUT.V,D,20230905,000000,1933.316,1940.455,1927.541,1927.735,104.71495154408755,0
XAUT.V,D,20230906,000000,1927.815,1936.637,1902.05,1912.383,127.18818138513808,0
XAUT.V,D,20230907,000000,1910.683,1919.82,1893.41,1898.461,148.63024116527058,0
XAUT.V,D,20230908,000000,1899.884,1927.941,1895.592,1918.911,110.35622093249133,0
XAUT.V,D,20230909,000000,1918.971,1919.258,1915.831,1917.675,61.600506401067,0
XAUT.V,D,20230910,000000,1917.985,1920.408,1894.76,1920.07,56.39271031522333,0
XAUT.V,D,20230911,000000,1919.75,1926.865,1919.426,1922.265,127.6081807484326,0
XAUT.V,D,20230912,000000,1922.365,1924.464,1908.345,1910.077,168.8702875346837,0
XAUT.V,D,20230913,000000,1910.018,1915.563,1907.513,1908.272,135.43087409370136,0
XAUT.V,D,20230914,000000,1908.182,1914.507,1902.39,1911.305,112.2530659981738,0
XAUT.V,D,20230915,000000,1911.175,1928.66,1910.015,1924.808,98.19393023326437,0
XAUT.V,D,20230916,000000,1924.982,1926.057,1924.529,1924.843,87.36432739962011,0
XAUT.V,D,20230917,000000,1924.803,1926.371,1924.634,1925.692,59.270115634501046,0
XAUT.V,D,20230918,000000,1925.952,1934.358,1922.968,1933.929,177.5400360153131,0
XAUT.V,D,20230919,000000,1933.55,1935.157,1929.048,1931.5,485.0735383526639,0
XAUT.V,D,20230920,000000,1931.22,1954.83,1928.009,1932.787,214.05503285187797,0
XAUT.V,D,20230921,000000,1932.786,1940.587,1914.289,1919.863,206.6663707477545,0
XAUT.V,D,20230922,000000,1919.752,1927.896,1919.372,1925.274,183.96684451289855,0
XAUT.V,D,20230923,000000,1924.994,1926.249,1923.669,1925.306,105.70427953835339,0
XAUT.V,D,20230924,000000,1924.755,1928.296,1924.008,1924.997,80.57346772089515,0
XAUT.V,D,20230925,000000,1925.547,1926.657,1914.919,1915.665,161.60657472637132,0
XAUT.V,D,20230926,000000,1916.294,1917.371,1903.391,1903.581,549.4315195800062,0
XAUT.V,D,20230927,000000,1903.591,1904.732,1877.709,1878.698,190.52036619985108,0
XAUT.V,D,20230928,000000,1878.679,1881.777,1862.355,1866.643,367.21625737675583,0
XAUT.V,D,20230929,000000,1866.324,1877.693,1846.361,1850.086,344.3579298354389,0
XAUT.V,D,20230930,000000,1850.576,1853.929,1846.784,1851.64,224.22116551538713,0
XAUT.V,D,20231001,000000,1851.602,1856.626,1848.549,1851.234,186.81539068510745,0
XAUT.V,D,20231002,000000,1850.944,1851.944,1831.286,1843.594,464.58203218558964,0
XAUT.V,D,20231003,000000,1847.236,1847.628,1819.632,1826.452,644.678358894433,0
XAUT.V,D,20231004,000000,1825.702,1831.452,1816.813,1822.736,316.79042732093353,0
XAUT.V,D,20231005,000000,1822.363,1829.87,1817.006,1826.351,259.30745252667424,0
XAUT.V,D,20231006,000000,1826.663,1835.494,1813.509,1834.473,290.2329991525491,0
XAUT.V,D,20231007,000000,1834.602,1838.991,1832.232,1838.337,341.52602455436266,0
XAUT.V,D,20231008,000000,1838.476,1845.257,1837.92,1839.548,186.31686739909685,0
XAUT.V,D,20231009,000000,1839.498,1865.929,1839.498,1864.001,155.68056407861172,0
XAUT.V,D,20231010,000000,1863.391,1864.984,1854.535,1862.685,123.31310216230295,0
XAUT.V,D,20231011,000000,1862.066,1875.204,1859.776,1874.015,116.08002013128946,0
XAUT.V,D,20231012,000000,1874.725,1885.367,1867.621,1874.406,283.0270382594418,0
XAUT.V,D,20231013,000000,1871.708,1932.525,1868.201,1931.476,300.76032236254434,0
XAUT.V,D,20231014,000000,1931.685,1934.647,1926.824,1929.074,126.59228127577356,0
XAUT.V,D,20231015,000000,1927.424,1932.933,1926.415,1932.217,95.31644658720994,0
XAUT.V,D,20231016,000000,1932.487,1932.587,1905.946,1913.944,359.75574826006,0
XAUT.V,D,20231017,000000,1917.536,1925.678,1912.588,1916.749,326.476814925406,0
XAUT.V,D,20231018,000000,1921.501,1959.363,1921.501,1955.07,227.42973169007414,0
XAUT.V,D,20231019,000000,1954.46,1968.885,1944.879,1968.767,250.00373128081358,0
XAUT.V,D,20231020,000000,1968.757,1992.576,1958.323,1981.882,322.01461187786697,0
XAUT.V,D,20231021,000000,1982.202,1984.805,1980.684,1984.182,214.0970271515656,0
XAUT.V,D,20231022,000000,1982.111,1992.556,1977.238,1979.863,179.27594625441552,0
XAUT.V,D,20231023,000000,1979.773,1992.427,1971.348,1972.455,381.00850199466953,0
XAUT.V,D,20231024,000000,1972.485,1980.509,1958.186,1969.314,484.33387057527614,0
XAUT.V,D,20231025,000000,1969.954,1982.793,1965.036,1978.205,404.8364858440696,0
XAUT.V,D,20231026,000000,1977.484,1986.987,1973.366,1985.51,372.79907159460396,0
XAUT.V,D,20231027,000000,1985.93,2007.221,1978.379,2004.231,613.4628917365576,0
XAUT.V,D,20231028,000000,2004.201,2010.452,2002.19,2004.351,237.60896453007513,0
XAUT.V,D,20231029,000000,2004.541,2009.523,2000.89,2004.271,160.93618541919642,0
XAUT.V,D,20231030,000000,2004.261,2006.152,1987.646,1993.928,395.1745229608924,0
XAUT.V,D,20231031,000000,1994.048,2006.662,1984.467,1985.534,606.3117821853938,0
XAUT.V,D,20231101,000000,1986.014,1988.805,1977.411,1981.864,329.35160343002497,0
XAUT.V,D,20231102,000000,1988.245,1991.456,1984.318,1988.839,311.2869037190709,0
XAUT.V,D,20231103,000000,1989.157,1996.828,1984.947,1996.768,83.60278114781327,0
XAUT.V,D,20231104,000000,1995.398,1995.438,1980.672,1990.453,25.4538208691751,0
XAUT.V,D,20231105,000000,1985.789,1996.173,1984.728,1992.071,135.22825370252428,0
XAUT.V,D,20231106,000000,1987.13,1991.032,1976.575,1979.594,16.595599930772092,0
XAUT.V,D,20231107,000000,1976.934,1976.934,1961.245,1967.615,740.4847529563386,0
XAUT.V,D,20231108,000000,1968.275,1972.155,1951.296,1951.519,929.4882596330006,0
XAUT.V,D,20231109,000000,1956.67,1966.41,1891.492,1955.621,529.2175297659178,0
XAUT.V,D,20231110,000000,1956.342,1958.793,1934.568,1938.437,705.5275453824465,0
XAUT.V,D,20231111,000000,1938.388,1954.162,1935.931,1937.644,651.0143301575831,0
XAUT.V,D,20231112,000000,1937.595,1952.643,1936.297,1938.235,514.3880413870679,0
XAUT.V,D,20231113,000000,1940.906,1954.552,1932.869,1941.634,258.029187743054,0
XAUT.V,D,20231114,000000,1943.974,1968.557,1941.684,1961.255,314.34609774900093,0
XAUT.V,D,20231115,000000,1962.075,1972.742,1960.316,1966.503,452.3865000072916,0
XAUT.V,D,20231116,000000,1965.512,1986.226,1956.957,1980.848,486.45152630050944,0
XAUT.V,D,20231117,000000,1980.768,1991.619,1978.508,1980.373,615.3039466190382,0
XAUT.V,D,20231118,000000,1980.273,1983.073,1973.873,1977.739,372.63993570181543,0
XAUT.V,D,20231119,000000,1977.769,1983.352,1971.238,1981.411,159.01745579022992,0
XAUT.V,D,20231120,000000,1980.401,1984.551,1964.697,1976.883,161.85614557644874,0
XAUT.V,D,20231121,000000,1976.943,2005.481,1976.643,1996.508,197.22825108620745,0
XAUT.V,D,20231122,000000,1996.598,2016.853,1969.972,1975.962,190.40493313051925,0
XAUT.V,D,20231123,000000,1975.452,1984.367,1975.452,1981.467,164.5128378877143,0
XAUT.V,D,20231124,000000,1981.507,1984.798,1977.276,1980.904,133.39202227451568,0
XAUT.V,D,20231125,000000,1980.442,1981.364,1951.301,1970.802,152.59557065458426,0
XAUT.V,D,20231126,000000,1970.032,1983.13,1969.412,1979.162,105.76021128107412,0
XAUT.V,D,20231127,000000,1979.952,2014.393,1978.674,2012.43,192.48099700564904,0
XAUT.V,D,20231128,000000,2011.26,2041.496,2008.22,2038.982,202.6368321879117,0
XAUT.V,D,20231129,000000,2039.812,2047.116,2035.818,2040.304,184.47037409808505,0
XAUT.V,D,20231130,000000,2046.329,2046.329,2034.25,2037.373,9.135226612939402,0
XAUT.V,D,20231201,000000,2040.188,2070.821,2036.127,2067.927,30.35587882844437,0
XAUT.V,D,20231202,000000,2069.828,2071.073,2064.888,2067.827,40.60761956867271,0
XAUT.V,D,20231203,000000,2070.994,2070.994,2063.778,2065.461,4.5605275382095005,0
XAUT.V,D,20231204,000000,2070.807,2109.522,2020.55,2024.001,221.70680047735513,0
XAUT.V,D,20231205,000000,2023.721,2030.852,1991.771,2015.532,247.17186600543155,0
XAUT.V,D,20231206,000000,2015.912,2021.551,2013.963,2019.732,196.73535835750877,0
XAUT.V,D,20231207,000000,2020.092,2023.649,2019.13,2023.178,208.50588369959328,0
XAUT.V,D,20231208,000000,2023.288,2030.773,1999.74,2003.951,237.2115001419146,0
XAUT.V,D,20231209,000000,2004.091,2008.192,2002.871,2003.951,206.27555015582675,0
XAUT.V,D,20231210,000000,2004.521,2007.53,1997.46,2005.71,123.74509994109168,0
XAUT.V,D,20231211,000000,2005.12,2005.95,1976.887,1980.409,272.19747078370295,0
XAUT.V,D,20231212,000000,1980.659,1991.532,1979.925,1981.148,242.8044734186805,0
XAUT.V,D,20231213,000000,1981.358,2017.41,1976.942,2016.784,287.27051322135554,0
XAUT.V,D,20231214,000000,2015.102,2039.728,2003.111,2011.062,655.0559430774092,0
XAUT.V,D,20231215,000000,2011.302,2043.26,2002.65,2006.631,269.61451088833644,0
XAUT.V,D,20231216,000000,2007.421,2021.531,2005.268,2017.085,272.05000876478726,0
XAUT.V,D,20231217,000000,2017.605,2021.367,2006.671,2010.407,274.92076001441086,0
XAUT.V,D,20231218,000000,2017.31,2031.743,2006.261,2023.723,230.29434285044175,0
XAUT.V,D,20231219,000000,2020.674,2027.687,2003.738,2013.842,240.18941565070938,0
XAUT.V,D,20231220,000000,2015.632,2019.074,2013.294,2016.04,265.22441977423813,0
XAUT.V,D,20231221,000000,2017.151,2044.1,2011.63,2030.715,221.87272646058165,0
XAUT.V,D,20231222,000000,2029.806,2053.113,2026.043,2047.937,569.1116282123912,0
XAUT.V,D,20231223,000000,2047.637,2050.7,2045.118,2049.244,198.7993462768758,0
XAUT.V,D,20231224,000000,2049.254,2057.808,2042.589,2050.502,194.5353422266834,0
XAUT.V,D,20231225,000000,2049.191,2051.731,2034.877,2040.949,205.4069010921314,0
XAUT.V,D,20231226,000000,2036.378,2066.155,2035.298,2049.025,196.77347269022505,0
XAUT.V,D,20231227,000000,2066.133,2071.205,2050.31,2061.037,224.3046289895154,0
XAUT.V,D,20231228,000000,2061.044,2086.578,2052.935,2064.301,222.05155004586962,0
XAUT.V,D,20231229,000000,2065.027,2074.625,2055.79,2060.311,226.58386635659403,0
XAUT.V,D,20231230,000000,2059.622,2065.771,2056.907,2062.028,464.18846679800316,0
XAUT.V,D,20231231,000000,2061.588,2073.69,2059.055,2071.971,174.61836912971597,0
XAUT.V,D,20240101,000000,2072.492,2077.847,2058.642,2060.922,201.3703206702891,0
XAUT.V,D,20240102,000000,2058.741,2077.249,2054.119,2055.49,567.1851900229685,0
XAUT.V,D,20240103,000000,2056.551,2065.542,2030.933,2040.735,747.6159772155049,0
XAUT.V,D,20240104,000000,2038.405,2050.219,2002.36,2025.027,979.85237216899,0
XAUT.V,D,20240105,000000,2028.11,2063.75,2022.26,2043.443,732.5876453683744,0
XAUT.V,D,20240106,000000,2043.123,2046.872,2040.898,2045.316,705.2750014075294,0
XAUT.V,D,20240107,000000,2045.076,2060.858,2043.659,2057.315,302.58878389124993,0
XAUT.V,D,20240108,000000,2054.844,2059.057,2025.617,2028.884,346.3482087756972,0
XAUT.V,D,20240109,000000,2028.734,2042.6,2026.737,2028.709,225.84719510279567,0
XAUT.V,D,20240110,000000,2030.679,2045.034,2020.688,2022.926,418.2954065496233,0
XAUT.V,D,20240111,000000,2023.586,2044.466,2012.445,2025.761,482.4529602238019,0
XAUT.V,D,20240112,000000,2029.622,2050.602,2028.723,2048.509,316.23701611209435,0
XAUT.V,D,20240113,000000,2048.529,2049.472,2024.057,2048.708,328.60983331245404,0
XAUT.V,D,20240114,000000,2047.998,2049.331,2045.087,2046.857,229.64519689519096,0
XAUT.V,D,20240115,000000,2047.877,2064.845,2041.583,2054.178,247.25388886006849,0
XAUT.V,D,20240116,000000,2053.949,2063.172,2031.309,2058.781,246.09812172772794,0
XAUT.V,D,20240117,000000,2058.301,2061.291,2004.986,2013.265,275.7041648789999,0
XAUT.V,D,20240118,000000,2018.799,2034.529,2005.003,2033.454,289.18874064381083,0
XAUT.V,D,20240119,000000,2034.463,2042.682,2019.284,2029.669,271.5802667008215,0
XAUT.V,D,20240120,000000,2029.989,2031.04,2023.04,2024.838,246.7970592926809,0
XAUT.V,D,20240121,000000,2025.028,2030.219,2023.374,2028.771,201.63314599912997,0
XAUT.V,D,20240122,000000,2029.708,2347.462,2007.76,2033.282,212.69222942052244,0
XAUT.V,D,20240123,000000,2032.653,2045.71,2012.786,2018.872,250.43207927665057,0
XAUT.V,D,20240124,000000,2018.212,2046.495,2012.814,2015.281,369.1187274310754,0
XAUT.V,D,20240125,000000,2015.881,2024.268,2008.155,2013.142,380.4199182235536,0
XAUT.V,D,20240126,000000,2013.172,2021.267,1977.983,2009.448,396.3422304018652,0
XAUT.V,D,20240127,000000,2010.528,2021.464,2005.789,2013.48,342.5579624224809,0
XAUT.V,D,20240128,000000,2012.7,2017.23,2009.489,2013.758,279.00501506684134,0
XAUT.V,D,20240129,000000,2015.498,2033.81,1998.28,2031.93,251.93353308863647,0
XAUT.V,D,20240130,000000,2032.61,2044.037,2027,2037.329,720.3405866715575,0
XAUT.V,D,20240131,000000,2038.079,2042.362,2034.599,2038.028,373.6972253295477,0
XAUT.V,D,20240201,000000,2039.887,2042.316,2033.13,2037.359,395.2819518491371,0
XAUT.V,D,20240202,000000,2039.658,2056.527,2033.348,2040.55,270.7667557256376,0
XAUT.V,D,20240203,000000,2040.325,2040.713,2037.751,2039.516,97.61287345688214,0
XAUT.V,D,20240204,000000,2039.516,2040.168,2037.758,2038.483,145.63130324480161,0
XAUT.V,D,20240205,000000,2038.394,2038.572,2007.109,2033.018,114.61884423989916,0
XAUT.V,D,20240206,000000,2032.835,2035.044,2032.448,2034.84,23.362275804390052,0
XAUT.V,D,20240207,000000,2034.169,2035.258,2033.681,2034.963,44.5882284706844,0
XAUT.V,D,20240208,000000,2034.973,2035.136,2017.394,2021.684,436.0783849334009,0
XAUT.V,D,20240209,000000,2021.164,2034.891,2017.733,2027.205,431.9620317686149,0
XAUT.V,D,20240210,000000,2027.245,2027.724,2022.438,2027.137,225.46408294099518,0
XAUT.V,D,20240211,000000,2027.137,2027.966,2019.055,2025.337,305.44170166741304,0
XAUT.V,D,20240212,000000,2024.347,2024.877,2003.151,2012.355,280.0234552775767,0
XAUT.V,D,20240213,000000,2011.185,2013.734,1988.522,1990.426,646.3706005058482,0
XAUT.V,D,20240214,000000,1991.476,2000.3,1987.241,1989.779,294.35758206923595,0
XAUT.V,D,20240215,000000,1989.719,2006.373,1988.551,2002.321,453.3741098917991,0
XAUT.V,D,20240216,000000,2002.821,2008.235,1998.419,2008.155,275.6909507410607,0
XAUT.V,D,20240217,000000,2008.145,2015.626,2006.903,2011.623,204.36828748667145,0
XAUT.V,D,20240218,000000,2012.013,2013.562,2007.871,2008.511,236.91147821845112,0
XAUT.V,D,20240219,000000,2008.731,2014.645,2007.901,2014.433,303.6242372240588,0
XAUT.V,D,20240220,000000,2014.433,2037.689,2013.467,2034.206,390.68859431004887,0
XAUT.V,D,20240221,000000,2031.006,2038.437,2029.576,2033.26,431.22157292681356,0
XAUT.V,D,20240222,000000,2036.02,2036.803,2019.862,2023.872,351.85323218718275,0
XAUT.V,D,20240223,000000,2023.182,2033.278,2013.816,2023.437,449.86973554101155,0
XAUT.V,D,20240224,000000,2025.516,2034.645,2003.369,2022.51,189.87278630806776,0
XAUT.V,D,20240225,000000,2021.11,2037.509,2020.759,2034.679,125.5246514942929,0
XAUT.V,D,20240226,000000,2033.469,2037.325,2026.996,2028.057,227.9812578846401,0
XAUT.V,D,20240227,000000,2028.088,2033.282,2025.169,2026.82,426.9924226965995,0
XAUT.V,D,20240228,000000,2026.52,2031.613,2010.565,2023.315,526.2073775990467,0
XAUT.V,D,20240229,000000,2024.426,2040.94,2013.052,2028.616,486.7595788824524,0
XAUT.V,D,20240301,000000,2025.872,2070.621,2013.963,2062.108,473.7581360218642,0
XAUT.V,D,20240302,000000,2059.914,2080.535,2046.858,2071.815,224.33348682046122,0
XAUT.V,D,20240303,000000,2067.594,2091.852,2055.318,2083.997,258.50645392078246,0
XAUT.V,D,20240304,000000,2082.797,2101.694,2064.342,2097.755,333.75062995745594,0
XAUT.V,D,20240305,000000,2098.906,2177.408,2089.09,2103.33,513.4227325593071,0
XAUT.V,D,20240306,000000,2103.892,2148.762,2076.52,2139.156,208.53909065228868,0
XAUT.V,D,20240307,000000,2132.716,2176.893,2131.725,2153.358,436.51098594708407,0
XAUT.V,D,20240308,000000,2157.804,2182.338,2150.529,2173.917,621.6306707759721,0
XAUT.V,D,20240309,000000,2177.116,2181.726,2176.028,2178.209,531.5740705679373,0
XAUT.V,D,20240310,000000,2178.017,2181.436,2166.847,2179.34,431.4426237243965,0
XAUT.V,D,20240311,000000,2177.457,2189.275,2155.95,2164.633,563.0836750984256,0
XAUT.V,D,20240312,000000,2158.275,2175.204,2107.254,2161.453,1207.476931668933,0
XAUT.V,D,20240313,000000,2161.081,2163.079,2150.82,2152.396,258.8045327703657,0
XAUT.V,D,20240314,000000,2165.597,2165.597,2115.023,2151.997,276.8511810694355,0
XAUT.V,D,20240315,000000,2151.537,2160.26,2143.346,2149.779,483.6967942749393,0
XAUT.V,D,20240316,000000,2148.95,2163.706,2123.169,2136.199,450.29030160008375,0
XAUT.V,D,20240317,000000,2138.442,2153.103,2121.044,2143.772,341.08262849275326,0
XAUT.V,D,20240318,000000,2145.121,2159.596,2122.643,2149.771,280.0862358885864,0
XAUT.V,D,20240319,000000,2150.709,2151.56,2093.174,2138.582,350.31414995949564,0
XAUT.V,D,20240320,000000,2131.193,2161.59,2124.656,2142.28,356.7421983008571,0
XAUT.V,D,20240321,000000,2186.669,2239.312,2175.656,2179.509,195.11234698229694,0
XAUT.V,D,20240322,000000,2179.519,2222.364,2154.032,2165.706,341.7225947480184,0
XAUT.V,D,20240323,000000,2164.796,2235.81,2157.675,2164.64,341.0951952863953,0
XAUT.V,D,20240324,000000,2165,2168.248,2163.357,2166.17,300.6611399566798,0
XAUT.V,D,20240325,000000,2166.48,2240.032,2163.104,2172.388,346.8919234510493,0
XAUT.V,D,20240326,000000,2172.126,2211.48,2168.01,2177.542,638.7422141681525,0
XAUT.V,D,20240327,000000,2177.464,2253.222,2173.484,2191.791,724.1982029018722,0
XAUT.V,D,20240328,000000,2192.161,2248.025,2185.743,2232.606,757.733300954924,0
XAUT.V,D,20240329,000000,2232.439,2236.8,2214.502,2233.872,692.6932724189953,0
XAUT.V,D,20240330,000000,2233.909,2261.036,2222.815,2230.58,588.9987284539746,0
XAUT.V,D,20240331,000000,2230.64,2244.573,2220.308,2222.997,543.4828324252699,0
XAUT.V,D,20240401,000000,2227.447,2264.813,2227.447,2251.255,675.2531244893702,0
XAUT.V,D,20240402,000000,2255.807,2280.582,2246.316,2279.221,675.1363965472311,0
XAUT.V,D,20240403,000000,2264.956,2300.442,2264.956,2298.776,752.1578577306132,0
XAUT.V,D,20240404,000000,2294.102,2304.962,2283.781,2289.169,708.1119688400529,0
XAUT.V,D,20240405,000000,2289.559,2335.674,2267.38,2330.892,768.2295107438492,0
XAUT.V,D,20240406,000000,2330.812,2342.056,2329.229,2337.021,526.0508987506383,0
XAUT.V,D,20240407,000000,2337.184,2340.928,2333.88,2339.617,521.7650758356185,0
XAUT.V,D,20240408,000000,2337.93,2342.73,2313.371,2340.43,741.6838714733542,0
XAUT.V,D,20240409,000000,2339.633,2366.566,2337.82,2351.518,914.5867485618699,0
XAUT.V,D,20240410,000000,2360.973,2361.797,2324.304,2332.59,368.81978904895453,0
XAUT.V,D,20240411,000000,2338.28,2376.514,2327.16,2372.336,359.89787325677275,0
XAUT.V,D,20240412,000000,2372.03,2429.12,2337.064,2344.773,317.1690077281706,0
XAUT.V,D,20240413,000000,2344.723,2378.606,2339.641,2371.81,754.9205712703949,0
XAUT.V,D,20240414,000000,2379.39,2655.967,2344.341,2476.633,782.1870754693413,0
XAUT.V,D,20240415,000000,2475.512,2578.737,2346.148,2387.666,636.3082798061312,0
XAUT.V,D,20240416,000000,2387.942,2398.389,2378.853,2385.083,706.0569915605773,0
XAUT.V,D,20240417,000000,2383.767,2396.129,2369.749,2369.829,544.5395724296397,0
XAUT.V,D,20240418,000000,2373.869,2394.232,2364.998,2381.484,413.75228763481687,0
XAUT.V,D,20240419,000000,2381.304,2414.939,2374.262,2392.722,433.9112760062199,0
XAUT.V,D,20240420,000000,2392.929,2394.554,2389.243,2393.078,323.9615504701446,0
XAUT.V,D,20240421,000000,2393.138,2417.643,2387.682,2390.656,313.32198658710536,0
XAUT.V,D,20240422,000000,2389.946,2389.946,2328.769,2329.595,276.95226722461945,0
XAUT.V,D,20240423,000000,2329.585,2336.091,2294.152,2324.57,319.6402442406116,0
XAUT.V,D,20240424,000000,2323.4,2355.556,2313.214,2315.321,307.83580562206606,0
XAUT.V,D,20240425,000000,2315.957,2344.616,2309.526,2330.528,368.94574856480307,0
XAUT.V,D,20240426,000000,2331.407,2647.069,2319.804,2341.016,424.87554593668295,0
XAUT.V,D,20240427,000000,2339.546,2349.11,2334.111,2340.662,363.0400412418486,0
XAUT.V,D,20240428,000000,2341.041,2369.983,2339.902,2343.903,267.81801820953893,0
XAUT.V,D,20240429,000000,2343.833,2352.818,2331.377,2344.406,310.18298568336195,0
XAUT.V,D,20240430,000000,2344.167,2349.101,2289.923,2291.687,629.9863681057396,0
XAUT.V,D,20240501,000000,2291.617,2339.145,2285.483,2331.198,415.3618300732164,0
XAUT.V,D,20240502,000000,2329.51,2338.947,2291.2,2309.265,399.64446186708585,0
XAUT.V,D,20240503,000000,2310.112,2332.443,2285.307,2290.792,331.9076499352423,0
XAUT.V,D,20240504,000000,2290.815,2352.067,2277.496,2311.481,288.65771130626956,0
XAUT.V,D,20240505,000000,2309.858,2316.94,2282.613,2305.764,238.35730008239844,0
XAUT.V,D,20240506,000000,2305.707,2343,2294.106,2326.617,300.84443426979334,0
XAUT.V,D,20240507,000000,2326.823,2328.954,2206.856,2314.531,160.62462744435737,0
XAUT.V,D,20240508,000000,2207.788,2367.691,2207.788,2310.141,151.3618775640194,0
XAUT.V,D,20240509,000000,2310.021,2370.608,2307.161,2347.478,266.603489331697,0
XAUT.V,D,20240510,000000,2347.144,2379.117,2336.655,2360.618,455.08570617319083,0
XAUT.V,D,20240511,000000,2357.293,2375.192,2340.998,2367.239,245.89584727275135,0
XAUT.V,D,20240512,000000,2367.069,2375.636,2318.263,2337.478,189.13084770243972,0
XAUT.V,D,20240513,000000,2363.113,2365.317,2332.747,2337.163,320.613606753448,0
XAUT.V,D,20240514,000000,2336.913,2362.086,2336.123,2359.8,341.42518905727434,0
XAUT.V,D,20240515,000000,2359.167,2391.862,2356.282,2387.882,347.3841237163643,0
XAUT.V,D,20240516,000000,2387.708,2398.638,2372.298,2376.814,382.02121091671387,0
XAUT.V,D,20240517,000000,2377.13,2457.225,2373.662,2424.074,313.9905214975298,0
XAUT.V,D,20240518,000000,2436.868,2444.125,2396.701,2399.158,282.69055073826394,0
XAUT.V,D,20240519,000000,2399.402,2428.817,2381.627,2416.201,248.7521758608932,0
XAUT.V,D,20240520,000000,2415.505,2451.075,2411.785,2427.766,288.6740096612235,0
XAUT.V,D,20240521,000000,2427.692,2434.739,2408.47,2421.716,453.05297533639657,0
XAUT.V,D,20240522,000000,2421.496,2427.203,2374.691,2380.05,470.4198359431265,0
XAUT.V,D,20240523,000000,2380.096,2384.869,2328.176,2329.452,410.8228194125272,0
XAUT.V,D,20240524,000000,2329.868,2385.073,2307.722,2323.971,428.93113377270936,0
XAUT.V,D,20240525,000000,2323.961,2359.086,2302.595,2336.063,271.64736727568146,0
XAUT.V,D,20240526,000000,2339.472,2349.271,2312.384,2335.393,265.20811781676485,0
XAUT.V,D,20240527,000000,2335.502,2400.749,2322.052,2351.669,493.063144588786,0
XAUT.V,D,20240528,000000,2351.309,2382.141,2339.929,2361.768,538.0908060209729,0
XAUT.V,D,20240529,000000,2361.728,2376.183,2336.106,2338.205,299.39621489241307,0
XAUT.V,D,20240530,000000,2338.541,2361.288,2325.512,2343.829,205.46931027168492,0
XAUT.V,D,20240531,000000,2343.659,2359.2,2322,2328.875,324.2832103071661,0
XAUT.V,D,20240601,000000,2328.686,2330.168,2313.958,2328.526,276.9765676424054,0
XAUT.V,D,20240602,000000,2328.632,2332.253,2315.309,2327.826,250.54905185340326,0
XAUT.V,D,20240603,000000,2327.769,2383.54,2312.357,2351.92,317.3191406320413,0
XAUT.V,D,20240604,000000,2351.72,2372.767,2322.741,2327.63,277.5054194395357,0
XAUT.V,D,20240605,000000,2327.88,2358.441,2326.906,2354.882,492.99252616159015,0
XAUT.V,D,20240606,000000,2354.995,2391.811,2344.049,2376.279,382.64804951591066,0
XAUT.V,D,20240607,000000,2374.34,2387.712,2298.06,2306.923,349.63440554769346,0
XAUT.V,D,20240608,000000,2306.596,2361.642,2287.967,2320.575,526.4536828674604,0
XAUT.V,D,20240609,000000,2322.061,2328.02,2305.769,2305.793,447.399460971627,0
XAUT.V,D,20240610,000000,2298.03,2326.565,2297.355,2312.355,233.64886315004856,0
XAUT.V,D,20240611,000000,2311.996,2321.293,2304.465,2318.193,403.7835621672516,0
XAUT.V,D,20240612,000000,2318.363,2339.746,2311.984,2327.272,381.5634494383961,0
XAUT.V,D,20240613,000000,2326.839,2327.238,2301.477,2305.118,331.8636110702476,0
XAUT.V,D,20240614,000000,2305.228,2367.301,2301.214,2344.817,357.7789911262193,0
XAUT.V,D,20240615,000000,2347.126,2351.452,2318.372,2333.999,633.0548004609739,0
XAUT.V,D,20240616,000000,2332.86,2338.954,2323.992,2331.673,297.973056540861,0
XAUT.V,D,20240617,000000,2332.413,2334.311,2308.125,2320.672,304.13682161351494,0
XAUT.V,D,20240618,000000,2320.719,2334.205,2308.348,2332.117,579.7831543017328,0
XAUT.V,D,20240619,000000,2332.277,2336.009,2322.888,2334.046,432.25499636504645,0
XAUT.V,D,20240620,000000,2333.466,2367.64,2328.838,2361.292,288.63622105692605,0
XAUT.V,D,20240621,000000,2361.498,2371.315,2318.815,2323.099,570.9547557582612,0
XAUT.V,D,20240622,000000,2322.679,2327.211,2321.48,2323.164,292.61044455771764,0
XAUT.V,D,20240623,000000,2322.708,2324.427,2321.114,2322.646,828.431236797205,0
XAUT.V,D,20240624,000000,2322.237,2352.808,2320.501,2347.855,314.8887255474411,0
XAUT.V,D,20240625,000000,2347.965,2358.26,2321.711,2322.832,490.7445600029757,0
XAUT.V,D,20240626,000000,2322.799,2352.507,2300.298,2313.546,507.760806610282,0
XAUT.V,D,20240627,000000,2312.991,2345.406,2299.068,2338.252,376.80606419539816,0
XAUT.V,D,20240628,000000,2339.008,2356.382,2321.957,2335.027,423.6369420207353,0
XAUT.V,D,20240629,000000,2335.463,2345.715,2328.685,2334.844,301.7265592828308,0
XAUT.V,D,20240630,000000,2334.774,2345.018,2325.69,2332.516,332.1526139798576,0
XAUT.V,D,20240701,000000,2333.324,2341.71,2318.99,2323.029,423.9703592290668,0
XAUT.V,D,20240702,000000,2329.571,2351.331,2319.992,2333.71,359.90724727254343,0
XAUT.V,D,20240703,000000,2334.379,2367.018,2333.211,2365.721,271.03345153939944,0
XAUT.V,D,20240704,000000,2366.546,2382.115,2363.988,2367.943,349.3918398634474,0
XAUT.V,D,20240705,000000,2367.28,2397.98,2358.385,2392.51,437.85126789533757,0
XAUT.V,D,20240706,000000,2392.251,2395.822,2387.275,2394.644,281.9174573414228,0
XAUT.V,D,20240707,000000,2394.702,2398.086,2393.957,2395.296,241.09515058520242,0
XAUT.V,D,20240708,000000,2395.36,2397.262,2352.941,2359.938,286.9553581532388,0
XAUT.V,D,20240709,000000,2359.948,2375.836,2355.288,2363.556,335.9193050393818,0
XAUT.V,D,20240710,000000,2363.543,2383.885,2362.543,2371.28,299.90652319868127,0
XAUT.V,D,20240711,000000,2371.57,2421.265,2371.02,2415.368,313.12240035828535,0
XAUT.V,D,20240712,000000,2411.592,2418.475,2400.34,2410.842,293.28219570798495,0
XAUT.V,D,20240713,000000,2411.388,2415.434,2407.588,2411.314,255.38723733962385,0
XAUT.V,D,20240714,000000,2410.674,2417.116,2405.322,2411.382,323.9641546028957,0
XAUT.V,D,20240715,000000,2411.362,2433.376,2402.809,2421.77,275.2427870772448,0
XAUT.V,D,20240716,000000,2422.311,2474.5,2417.968,2468.777,360.6232996673856,0
XAUT.V,D,20240717,000000,2468.987,2485.833,2454.295,2458.431,336.794046272772,0
XAUT.V,D,20240718,000000,2459.021,2473.671,2443.203,2445.711,299.059826032797,0
XAUT.V,D,20240719,000000,2445.291,2451.29,2396.168,2398.527,336.86122038414715,0
XAUT.V,D,20240720,000000,2398.571,2401.106,2389.884,2400.328,322.9725124957963,0
XAUT.V,D,20240721,000000,2400.332,2405.402,2394.675,2398.24,270.96720886023724,0
XAUT.V,D,20240722,000000,2400.834,2410.499,2383.695,2397.909,310.4857628127285,0
XAUT.V,D,20240723,000000,2397.739,2410.67,2390.405,2410.565,338.13110722527244,0
XAUT.V,D,20240724,000000,2410.139,2430.102,2399.756,2400.398,337.05240927202,0
XAUT.V,D,20240725,000000,2400.208,2404.584,2357.158,2365.834,200.04020958825234,0
XAUT.V,D,20240726,000000,2365.815,2394.876,2358.275,2389.036,216.38497469299404,0
XAUT.V,D,20240727,000000,2389.41,2395.29,2388.04,2394.268,113.1569450253261,0
XAUT.V,D,20240728,000000,2389.899,2412.315,2388.087,2389.581,107.92290541617908,0
XAUT.V,D,20240729,000000,2389.615,2404.08,2379.129,2388.707,287.80052420694966,0
XAUT.V,D,20240730,000000,2384.918,2410.393,2378.911,2409.967,104.52942997391875,0
XAUT.V,D,20240731,000000,2411.662,2451.96,2357.239,2446.96,87.89817582613802,0
XAUT.V,D,20240801,000000,2451.777,2459.41,2430.786,2448.83,121.86730683484403,0
XAUT.V,D,20240802,000000,2447.341,2477.506,2427.982,2443.687,233.88382573949227,0
XAUT.V,D,20240803,000000,2444.116,2450.887,2436.789,2444.899,165.34916452475676,0
XAUT.V,D,20240804,000000,2444.984,2586.96,2438.082,2446.19,169.48473075906466,0
XAUT.V,D,20240805,000000,2447.1,2448.526,2380.947,2414.419,297.79371889665134,0
XAUT.V,D,20240806,000000,2414.479,2432.581,2400.768,2404.753,278.15494845302044,0
XAUT.V,D,20240807,000000,2403.443,2551.278,2389.408,2389.685,208.16420261977834,0
XAUT.V,D,20240808,000000,2389.753,2433.315,2389.645,2427.408,89.94687209853728,0
XAUT.V,D,20240809,000000,2428.334,2439.072,2405.339,2431.784,95.00577854389086,0
XAUT.V,D,20240810,000000,2431.994,2435.885,2421.5,2432.042,82.81817005087888,0
XAUT.V,D,20240811,000000,2433.152,2436.639,2421.259,2432.313,74.93512951217231,0
XAUT.V,D,20240812,000000,2434.583,2475.726,2421.562,2472.937,108.14093870373712,0
XAUT.V,D,20240813,000000,2473.092,2483.303,2453.711,2466.516,223.7683530347023,0
XAUT.V,D,20240814,000000,2467.326,2480.419,2449.99,2450.496,165.2558233253194,0
XAUT.V,D,20240815,000000,2451.321,2469.52,2434.194,2457.437,184.52135030702865,0
XAUT.V,D,20240816,000000,2457.432,2509.893,2447.737,2505.761,189.27251230573688,0
XAUT.V,D,20240817,000000,2508.905,2511.811,2504.19,2508.826,119.39342349030191,0
XAUT.V,D,20240818,000000,2509.116,2515.868,2502.73,2507.261,75.64503150711556,0
XAUT.V,D,20240819,000000,2508.792,2511.576,2484.707,2502.33,140.71324272318603,0
XAUT.V,D,20240820,000000,2502.911,2549.96,2493.741,2532.565,310.4032101187527,0
XAUT.V,D,20240821,000000,2533.415,2548.993,2507.56,2523.822,131.75309635465302,0
XAUT.V,D,20240822,000000,2524.027,2549.099,2496.815,2501.98,107.99307323066832,0
XAUT.V,D,20240823,000000,2499.905,2546.815,2487.484,2543.438,136.39447933509246,0
XAUT.V,D,20240824,000000,2539.33,2547.378,2510.653,2521.882,112.71497839587607,0
XAUT.V,D,20240825,000000,2519.886,2525.407,2509.248,2513.059,121.47456853206386,0
XAUT.V,D,20240826,000000,2512.959,2527.277,2509.397,2517.843,122.85242240179636,0
XAUT.V,D,20240827,000000,2517.218,2525.178,2505.62,2521.6,130.18248049477657,0
XAUT.V,D,20240828,000000,2521.59,2533.849,2488.854,2504.175,272.7274527853023,0
XAUT.V,D,20240829,000000,2503.915,2524.573,2501.17,2521.045,127.75950535492647,0
XAUT.V,D,20240830,000000,2521.225,2535.026,2499.5,2505.324,96.66752565777679,0
XAUT.V,D,20240831,000000,2504.669,2523.409,2500.105,2506.854,57.299162123530316,0
XAUT.V,D,20240901,000000,2504.83,2515.618,2499.75,2505.459,111.44384571576781,0
XAUT.V,D,20240902,000000,2505.884,2507.319,2498.535,2502.015,80.70622421616558,0
XAUT.V,D,20240903,000000,2500.35,2517.654,2494.921,2502.374,89.90020290246544,0
XAUT.V,D,20240904,000000,2502.819,2516.223,2471.057,2507.079,195.50613228818852,0
XAUT.V,D,20240905,000000,2507.174,2519.597,2490.036,2507.717,212.6973058718351,0
XAUT.V,D,20240906,000000,2511.438,2519.305,2483.098,2496.606,127.02707280911794,0
XAUT.V,D,20240907,000000,2496.351,2502.51,2489.416,2491.331,173.67271584490638,0
XAUT.V,D,20240908,000000,2491.316,2502.64,2489.792,2498.8,65.95006350861064,0
XAUT.V,D,20240909,000000,2499.74,2506.815,2488.411,2503.761,99.91686603266696,0
XAUT.V,D,20240910,000000,2504.482,2515.109,2493.38,2509.234,108.71225002539462,0
XAUT.V,D,20240911,000000,2510.744,2524.393,2496.93,2506.636,83.80271721294038,0
XAUT.V,D,20240912,000000,2506.456,2568.349,2503.225,2555.98,131.67499246848004,0
XAUT.V,D,20240913,000000,2559.513,2575.454,2550.73,2572.278,136.10548977857493,0
XAUT.V,D,20240914,000000,2572.228,2577.564,2568.735,2569.022,115.99342765712889,0
XAUT.V,D,20240915,000000,2569.022,2579.735,2547.431,2560.462,40.52557027290203,0
XAUT.V,D,20240916,000000,2566.255,2596.361,2563.671,2585.759,101.03345862695578,0
XAUT.V,D,20240917,000000,2587.401,2590.813,2576.018,2576.332,97.77027038518813,0
XAUT.V,D,20240918,000000,2576.302,2580.83,2569.92,2570.233,80.3576855284855,0
XAUT.V,D,20240919,000000,2570.197,2606.379,2552.576,2590.875,88.12008993381127,0
XAUT.V,D,20240920,000000,2591.025,2633.814,2587.786,2627.026,157.88084884513628,0
XAUT.V,D,20240921,000000,2626.036,2628.977,2623.254,2625.533,68.56497382343153,0
XAUT.V,D,20240922,000000,2625.833,2629.057,2623.018,2625.53,66.90949457196515,0
XAUT.V,D,20240923,000000,2625.48,2649.255,2622.83,2645.814,74.74503743694282,0
XAUT.V,D,20240924,000000,2646.708,2671.936,2632.137,2667.187,154.76477995065676,0
XAUT.V,D,20240925,000000,2666.31,2682.781,2645.991,2656.798,101.08707603155015,0
XAUT.V,D,20240926,000000,2654.525,2703.353,2651.9,2678.808,106.83651968044725,0
XAUT.V,D,20240927,000000,2678.768,2681.827,2638.284,2655.458,81.81318265892536,0
XAUT.V,D,20240928,000000,2655.938,2664.41,2653.178,2663.043,64.13823662517461,0
XAUT.V,D,20240929,000000,2660.628,2667.697,2654.037,2659.376,45.27164506853043,0
XAUT.V,D,20240930,000000,2660.338,2664.818,2623.986,2631.178,82.70435426807357,0
XAUT.V,D,20241001,000000,2631.818,2671.018,2628.643,2666.567,110.76277618345998,0
XAUT.V,D,20241002,000000,2664.417,2671.142,2652.123,2660.811,100.1725457665637,0
XAUT.V,D,20241003,000000,2660.491,2672.152,2654.257,2669.73,152.08512727322176,0
XAUT.V,D,20241004,000000,2669.83,2674.179,2654.337,2659.623,90.4646492120113,0
XAUT.V,D,20241005,000000,2658.92,2664.32,2654.831,2659.554,46.00056902448038,0
XAUT.V,D,20241006,000000,2658.964,2661.26,2652.059,2652.819,52.03051279726889,0
XAUT.V,D,20241007,000000,2652.739,2673.778,2641.259,2649.335,132.41823099657068,0
XAUT.V,D,20241008,000000,2659.032,2702.461,2618.846,2630.824,88.6438323994479,0
XAUT.V,D,20241009,000000,2631.368,2638.779,2606.236,2611.244,78.94083619778647,0
XAUT.V,D,20241010,000000,2622.59,2628.055,2604.382,2625.691,96.73760942294147,0
XAUT.V,D,20241011,000000,2626.71,2665.197,2625.777,2658.464,62.33910211346409,0
XAUT.V,D,20241012,000000,2657.884,2664.92,2649.455,2661.091,47.491569874902666,0
XAUT.V,D,20241013,000000,2658.352,2668.981,2652.967,2662.808,56.25519559778099,0
XAUT.V,D,20241014,000000,2664.216,2665.173,2646.574,2652.686,73.97763111029373,0
XAUT.V,D,20241015,000000,2652.712,2663.927,2639.262,2659.018,27.613406954901038,0
XAUT.V,D,20241016,000000,2659.218,2674.182,2656.789,2671.182,42.81291461479291,0
XAUT.V,D,20241017,000000,2672.305,2693.882,2670.816,2689.748,25.546091880974807,0
XAUT.V,D,20241018,000000,2691.787,2720.728,2688.759,2720.673,27.639378697317085,0
XAUT.V,D,20241019,000000,2721.173,2724.596,2717.639,2719.427,26.62715086749397,0
XAUT.V,D,20241020,000000,2718.84,2731.161,2717.707,2725.293,20.460286148142167,0
XAUT.V,D,20241021,000000,2724.551,2739.661,2724.546,2735.711,50.833710050394515,0
XAUT.V,D,20241022,000000,2724.955,2903.804,2722.584,2802.781,156.72690563599951,0
XAUT.V,D,20241023,000000,2802.809,2976.287,2725.697,2744.263,159.69965278448825,0
XAUT.V,D,20241024,000000,2758.872,2853.444,2728.876,2776.006,63.727156114582876,0
XAUT.V,D,20241025,000000,2769.582,2776.4,2740.128,2747.545,48.20028376307983,0
XAUT.V,D,20241026,000000,2758.526,2785.029,2744.665,2752.09,44.2941878012597,0
XAUT.V,D,20241027,000000,2751.291,2772.853,2745.633,2746.959,32.0856444856706,0
XAUT.V,D,20241028,000000,2760.596,2847.368,2732.487,2745.239,41.84124175802688,0
XAUT.V,D,20241029,000000,2745.427,2794.602,2744.593,2776.801,65.28652401863,0
XAUT.V,D,20241030,000000,2776.411,2796.037,2763.894,2792.646,45.52009691727087,0
XAUT.V,D,20241031,000000,2790.577,2795.579,2737.93,2745.758,49.60854146655021,0
XAUT.V,D,20241101,000000,2748.03,2759.48,2730.788,2733.662,147.863555090728,0
XAUT.V,D,20241102,000000,2735.593,2739.821,2732.828,2735.826,20.62427214269641,0
XAUT.V,D,20241103,000000,2737.056,2762.542,2733.942,2762.542,37.41267140127872,0
XAUT.V,D,20241104,000000,2762.282,2762.372,2733.266,2739.052,21.92602772873257,0
XAUT.V,D,20241105,000000,2738.234,2750.342,2735.67,2745.391,63.355406613678326,0
XAUT.V,D,20241106,000000,2744.691,2748.077,2654.089,2658.554,99.2284697913017,0
XAUT.V,D,20241107,000000,2675.104,2711.094,2649.711,2707.183,55.203456834351876,0
XAUT.V,D,20241108,000000,2708.687,2709.579,2681.103,2682.973,39.312460116098585,0
XAUT.V,D,20241109,000000,2682.873,2687.7,2676.214,2682.158,40.70637180001499,0
XAUT.V,D,20241110,000000,2681.404,2706.019,2657.293,2670.595,61.933767555794155,0
XAUT.V,D,20241111,000000,2675.601,2684.112,2609.366,2622.278,85.49827650670731,0
XAUT.V,D,20241112,000000,2624.196,2626.611,2587.386,2601.654,56.494856463257555,0
XAUT.V,D,20241113,000000,2601.81,2605.453,2575.965,2578.077,58.51155659370145,0
XAUT.V,D,20241114,000000,2578.037,2580.7,2543.141,2569.768,70.80802394045519,0
XAUT.V,D,20241115,000000,2565.76,2573.937,2559.106,2565.379,50.611696980731814,0
XAUT.V,D,20241116,000000,2563.893,2567.867,2562.894,2564.717,52.65443664019326,0
XAUT.V,D,20241117,000000,2564.867,2569.467,2560.421,2568.423,31.784428017813866,0
XAUT.V,D,20241118,000000,2568.853,2602.638,2568.263,2602.124,42.49233064628173,0
XAUT.V,D,20241119,000000,2615.277,2647.367,2613.132,2635.543,47.337356848520905,0
XAUT.V,D,20241120,000000,2636.665,2665.971,2625.482,2656.532,78.64630845072823,0
XAUT.V,D,20241121,000000,2653.83,2678.249,2643.693,2672.71,38.970726633365025,0
XAUT.V,D,20241122,000000,2666.778,2712.158,2665.47,2700.255,26.52003521576825,0
XAUT.V,D,20241123,000000,2700.639,2731.323,2698.309,2717.622,19.621549766645145,0
XAUT.V,D,20241124,000000,2716.861,2723.081,2713.316,2721.469,19.715884963433712,0
XAUT.V,D,20241125,000000,2716.404,2722.317,2625.456,2630.142,65.97904303661761,0
XAUT.V,D,20241126,000000,2631.647,2646.806,2614.651,2638.723,30.167407900385253,0
XAUT.V,D,20241127,000000,2638.623,2663.047,2638.08,2650.748,39.44059793160182,0
XAUT.V,D,20241128,000000,2650.748,2663.458,2634.364,2641.932,29.960957938465945,0
XAUT.V,D,20241129,000000,2642.638,2674.124,2639.411,2654.31,44.95183486551194,0
XAUT.V,D,20241130,000000,2651.522,2681.822,2649.392,2656.936,19.026471500100016,0
XAUT.V,D,20241201,000000,2657.361,2682.032,2650.398,2654.263,28.928386280310743,0
XAUT.V,D,20241202,000000,2654.62,2666.9,2628.912,2642.014,36.004764161627804,0
XAUT.V,D,20241203,000000,2640.724,2656.947,2638.8,2648.393,39.329324765285286,0
XAUT.V,D,20241204,000000,2648.17,2660.527,2642.707,2654.651,46.020609044665584,0
XAUT.V,D,20241205,000000,2653.998,2659.211,2628.232,2637.555,329.30569197122105,0
XAUT.V,D,20241206,000000,2636.776,2650.293,2623.427,2649.123,58.886912640097634,0
XAUT.V,D,20241207,000000,2649.123,2659.518,2632.602,2633.142,23.816278190779673,0
XAUT.V,D,20241208,000000,2633.782,2637.758,2632.712,2635.025,20.807808100472403,0
XAUT.V,D,20241209,000000,2634.454,2678.361,2631.431,2660.898,83.62964329300469,0
XAUT.V,D,20241210,000000,2661.125,2706.473,2658.963,2697.248,62.959489738539844,0
XAUT.V,D,20241211,000000,2697.348,2726.524,2683.347,2719.359,35.34862711812356,0
XAUT.V,D,20241212,000000,2719.159,2727.226,2697.029,2706.922,53.532330679384145,0
XAUT.V,D,20241213,000000,2697.038,2702.63,2665.263,2665.263,40.307157949325074,0
XAUT.V,D,20241214,000000,2661.373,2661.519,2648.086,2654.571,42.0274694099947,0
XAUT.V,D,20241215,000000,2654.385,2680.869,2650.057,2652.52,15.516321277706885,0
XAUT.V,D,20241216,000000,2653.541,2672.422,2653.087,2658.294,36.08236463795425,0
XAUT.V,D,20241217,000000,2658.248,2662.036,2647.533,2656.304,26.751967459069732,0
XAUT.V,D,20241218,000000,2656.033,2659.973,2596.135,2596.435,252.87871540429865,0
XAUT.V,D,20241219,000000,2595.285,2628.364,2594.934,2597.894,49.796095559910086,0
XAUT.V,D,20241220,000000,2601.866,2636.105,2595.712,2628.758,29.7279340702433,0
XAUT.V,D,20241221,000000,2628.35,2631.887,2623.419,2628.378,18.047895272093516,0
XAUT.V,D,20241222,000000,2627.726,2631.442,2621.321,2627.881,17.77082882649252,0
XAUT.V,D,20241223,000000,2628.269,2637.673,2612.537,2617.155,24.821901459771436,0
XAUT.V,D,20241224,000000,2617.189,2626.442,2586.252,2619.834,58.248763482108785,0
XAUT.V,D,20241225,000000,2623.115,2625.374,2616.42,2620.759,15.702436879440064,0
XAUT.V,D,20241226,000000,2621.795,2639.011,2621.454,2636.679,63.71153082193582,0
XAUT.V,D,20241227,000000,2636.66,2639.59,2625.711,2627.644,20.50771692825406,0
XAUT.V,D,20241228,000000,2627.602,2628.156,2621.294,2623.113,13.913669365968296,0
XAUT.V,D,20241229,000000,2623.475,2627.747,2619.937,2623.369,28.012429492130767,0
XAUT.V,D,20241230,000000,2623.514,2629.398,2598.625,2606.547,39.04366802821168,0
XAUT.V,D,20241231,000000,2605.803,2629.454,2603.523,2626.296,36.13832596046419,0
XAUT.V,D,20250101,000000,2625.835,2627.404,2619.189,2623.166,130.21044403057476,0
XAUT.V,D,20250102,000000,2624.227,2650.21,2620.502,2649.878,334.8304699748709,0
XAUT.V,D,20250103,000000,2650.094,2652.62,2636.942,2641.706,23.387208001175747,0
XAUT.V,D,20250104,000000,2641.454,2641.846,2631.75,2637.555,15.620589161420796,0
XAUT.V,D,20250105,000000,2637.142,2640.811,2632.974,2636.791,8.60291851032702,0
XAUT.V,D,20250106,000000,2637.474,2645.165,2617.279,2634.798,89.08475054164938,0
XAUT.V,D,20250107,000000,2634.98,2661.007,2632.215,2635.073,135.79694919360765,0
XAUT.V,D,20250108,000000,2645.05,2650.089,2616.821,2624.996,71.18435843908973,0
XAUT.V,D,20250109,000000,2624.875,2649.989,2621.766,2638.025,63.14721082694905,0
XAUT.V,D,20250110,000000,2641.242,2687.27,2639.351,2661.741,38.98842663589355,0
XAUT.V,D,20250111,000000,2659.641,2685.766,2645.645,2661.449,9.73292607263529,0
XAUT.V,D,20250112,000000,2660.949,2667.949,2657.444,2662.975,28.169924137734785,0
XAUT.V,D,20250113,000000,2662.881,2666.323,2611.82,2634.093,107.32309460590116,0
XAUT.V,D,20250114,000000,2634.067,2658.463,2607.953,2645.015,61.58865297816709,0
XAUT.V,D,20250115,000000,2646.584,2683.754,2628.746,2675.72,35.569239419157306,0
XAUT.V,D,20250116,000000,2676.274,2700.669,2665.793,2694.249,63.49389436582524,0
XAUT.V,D,20250117,000000,2696.4,2719.309,2694.418,2696.002,212.70241341036487,0
XAUT.V,D,20250118,000000,2695.949,2704.696,2693.944,2701.759,96.34473879516437,0
XAUT.V,D,20250119,000000,2700.976,2704.175,2693.37,2696.075,83.8023949845026,0
XAUT.V,D,20250120,000000,2696.802,2710.522,2689.174,2703.06,166.77566450784843,0
XAUT.V,D,20250121,000000,2703.45,2769.846,2698.749,2732.292,85.77730218146272,0
XAUT.V,D,20250122,000000,2732.653,2761.518,2731.614,2756.386,123.55562673126498,0
XAUT.V,D,20250123,000000,2756.418,2760.035,2738.14,2752.195,114.51668838409367,0
XAUT.V,D,20250124,000000,2751.428,2780.207,2750.265,2768.008,139.18136016351315,0
XAUT.V,D,20250125,000000,2769.076,2775.648,2767.143,2774.321,20.84019743462906,0
XAUT.V,D,20250126,000000,2774.361,2775.653,2749.51,2768.785,61.51697556480634,0
XAUT.V,D,20250127,000000,2769.867,2773.267,2698.429,2705.456,78.26026538289406,0
XAUT.V,D,20250128,000000,2705.421,2757.199,2699.43,2744.095,467.0446787729346,0
XAUT.V,D,20250129,000000,2742.196,2764.988,2736.994,2754.72,143.17195380375534,0
XAUT.V,D,20250130,000000,2754.285,2788.771,2750.692,2783.298,351.9613368267766,0
XAUT.V,D,20250131,000000,2783.588,2800.046,2761.452,2793.61,31.572013825550158,0
XAUT.V,D,20250201,000000,2793.75,2803.007,2786.246,2802.979,25.512569559084387,0
XAUT.V,D,20250202,000000,2801.258,2837.075,2772.487,2802.237,126.44261610139398,0
XAUT.V,D,20250203,000000,2801.257,2816.78,2732.783,2811.018,508.4371083960693,0
XAUT.V,D,20250204,000000,2809.096,2845.487,2805.238,2843.373,23.65036216717976,0
XAUT.V,D,20250205,000000,2841.542,2881.633,2837.761,2869.03,52.680575302930635,0
XAUT.V,D,20250206,000000,2869.27,2915.023,2846.699,2858.77,60.79994360575928,0
XAUT.V,D,20250207,000000,2867.001,2990.209,2856.114,2862.272,96.10757618179854,0
XAUT.V,D,20250208,000000,2860.314,2865.458,2854.446,2864.729,30.99957763262316,0
XAUT.V,D,20250209,000000,2857.956,2870.945,2850.879,2860.953,26.302242236080268,0
XAUT.V,D,20250210,000000,2858.943,2916.137,2857.686,2911.257,64.69300880460507,0
XAUT.V,D,20250211,000000,2902.552,2928.059,2877.605,2896.645,76.49089649517863,0
XAUT.V,D,20250212,000000,2896.972,2907.591,2862.468,2898.994,25.052609758186186,0
XAUT.V,D,20250213,000000,2907.304,2998.44,2897.599,2922.198,47.67823498024994,0
XAUT.V,D,20250214,000000,2926.899,3149.875,2885.023,2885.971,41.49722148514934,0
XAUT.V,D,20250215,000000,2885.822,2889.539,2876.03,2881.969,26.58182580047104,0
