<TICKER>,<PER>,<DATE>,<TIME>,<OPEN>,<HIGH>,<LOW>,<CLOSE>,<VOL>,<OPENINT>
CNOCNY1W,D,20200402,000000,1.857,1.857,1.857,1.857,0,0
CNOCNY1W,D,20200403,000000,1.831,1.831,1.831,1.831,0,0
CNOCNY1W,D,20200407,000000,1.773,1.773,1.773,1.773,0,0
CNOCNY1W,D,20200408,000000,1.739,1.739,1.739,1.739,0,0
CNOCNY1W,D,20200409,000000,1.68,1.68,1.68,1.68,0,0
CNOCNY1W,D,20200410,000000,1.813,1.813,1.813,1.813,0,0
CNOCNY1W,D,20200413,000000,1.851,1.851,1.851,1.851,0,0
CNOCNY1W,D,20200414,000000,1.707,1.707,1.707,1.707,0,0
CNOCNY1W,D,20200415,000000,1.632,1.632,1.632,1.632,0,0
CNOCNY1W,D,20200416,000000,1.657,1.657,1.657,1.657,0,0
CNOCNY1W,D,20200417,000000,1.737,1.737,1.737,1.737,0,0
CNOCNY1W,D,20200420,000000,1.734,1.734,1.734,1.734,0,0
CNOCNY1W,D,20200421,000000,1.606,1.606,1.606,1.606,0,0
CNOCNY1W,D,20200422,000000,1.576,1.576,1.576,1.576,0,0
CNOCNY1W,D,20200423,000000,1.663,1.663,1.663,1.663,0,0
CNOCNY1W,D,20200424,000000,1.718,1.718,1.718,1.718,0,0
CNOCNY1W,D,20200427,000000,1.774,1.774,1.774,1.774,0,0
CNOCNY1W,D,20200428,000000,1.62,1.62,1.62,1.62,0,0
CNOCNY1W,D,20200429,000000,1.755,1.755,1.755,1.755,0,0
CNOCNY1W,D,20200430,000000,1.919,1.919,1.919,1.919,0,0
CNOCNY1W,D,20200506,000000,1.865,1.865,1.865,1.865,0,0
CNOCNY1W,D,20200507,000000,1.838,1.838,1.838,1.838,0,0
CNOCNY1W,D,20200508,000000,1.809,1.809,1.809,1.809,0,0
CNOCNY1W,D,20200511,000000,1.679,1.679,1.679,1.679,0,0
CNOCNY1W,D,20200512,000000,1.568,1.568,1.568,1.568,0,0
CNOCNY1W,D,20200513,000000,1.485,1.485,1.485,1.485,0,0
CNOCNY1W,D,20200514,000000,1.514,1.514,1.514,1.514,0,0
CNOCNY1W,D,20200515,000000,1.657,1.657,1.657,1.657,0,0
CNOCNY1W,D,20200518,000000,1.563,1.563,1.563,1.563,0,0
CNOCNY1W,D,20200519,000000,1.521,1.521,1.521,1.521,0,0
CNOCNY1W,D,20200520,000000,1.534,1.534,1.534,1.534,0,0
CNOCNY1W,D,20200521,000000,1.556,1.556,1.556,1.556,0,0
CNOCNY1W,D,20200522,000000,1.595,1.595,1.595,1.595,0,0
CNOCNY1W,D,20200525,000000,1.785,1.785,1.785,1.785,0,0
CNOCNY1W,D,20200526,000000,1.908,1.908,1.908,1.908,0,0
CNOCNY1W,D,20200527,000000,2.018,2.018,2.018,2.018,0,0
CNOCNY1W,D,20200528,000000,2.179,2.179,2.179,2.179,0,0
CNOCNY1W,D,20200529,000000,2.151,2.151,2.151,2.151,0,0
CNOCNY1W,D,20200601,000000,1.959,1.959,1.959,1.959,0,0
CNOCNY1W,D,20200602,000000,1.673,1.673,1.673,1.673,0,0
CNOCNY1W,D,20200603,000000,1.971,1.971,1.971,1.971,0,0
CNOCNY1W,D,20200604,000000,2.001,2.001,2.001,2.001,0,0
CNOCNY1W,D,20200605,000000,1.987,1.987,1.987,1.987,0,0
CNOCNY1W,D,20200608,000000,1.942,1.942,1.942,1.942,0,0
CNOCNY1W,D,20200609,000000,1.947,1.947,1.947,1.947,0,0
CNOCNY1W,D,20200610,000000,1.98,1.98,1.98,1.98,0,0
CNOCNY1W,D,20200611,000000,2.021,2.021,2.021,2.021,0,0
CNOCNY1W,D,20200612,000000,2.016,2.016,2.016,2.016,0,0
CNOCNY1W,D,20200615,000000,1.855,1.855,1.855,1.855,0,0
CNOCNY1W,D,20200616,000000,1.891,1.891,1.891,1.891,0,0
CNOCNY1W,D,20200617,000000,2.057,2.057,2.057,2.057,0,0
CNOCNY1W,D,20200618,000000,2.1,2.1,2.1,2.1,0,0
CNOCNY1W,D,20200619,000000,2.147,2.147,2.147,2.147,0,0
CNOCNY1W,D,20200622,000000,2.15,2.15,2.15,2.15,0,0
CNOCNY1W,D,20200623,000000,2.15,2.15,2.15,2.15,0,0
CNOCNY1W,D,20200624,000000,2.173,2.173,2.173,2.173,0,0
CNOCNY1W,D,20200629,000000,2.181,2.181,2.181,2.181,0,0
CNOCNY1W,D,20200630,000000,2.228,2.228,2.228,2.228,0,0
CNOCNY1W,D,20200701,000000,2.095,2.095,2.095,2.095,0,0
CNOCNY1W,D,20200702,000000,2.006,2.006,2.006,2.006,0,0
CNOCNY1W,D,20200703,000000,1.98,1.98,1.98,1.98,0,0
CNOCNY1W,D,20200706,000000,1.794,1.794,1.794,1.794,0,0
CNOCNY1W,D,20200707,000000,2.092,2.092,2.092,2.092,0,0
CNOCNY1W,D,20200708,000000,2.137,2.137,2.137,2.137,0,0
CNOCNY1W,D,20200709,000000,2.192,2.192,2.192,2.192,0,0
CNOCNY1W,D,20200710,000000,2.203,2.203,2.203,2.203,0,0
CNOCNY1W,D,20200713,000000,2.201,2.201,2.201,2.201,0,0
CNOCNY1W,D,20200714,000000,2.148,2.148,2.148,2.148,0,0
CNOCNY1W,D,20200715,000000,2.15,2.15,2.15,2.15,0,0
CNOCNY1W,D,20200716,000000,2.249,2.249,2.249,2.249,0,0
CNOCNY1W,D,20200717,000000,2.227,2.227,2.227,2.227,0,0
CNOCNY1W,D,20200720,000000,2.183,2.183,2.183,2.183,0,0
CNOCNY1W,D,20200721,000000,2.101,2.101,2.101,2.101,0,0
CNOCNY1W,D,20200722,000000,2.008,2.008,2.008,2.008,0,0
CNOCNY1W,D,20200723,000000,2.207,2.207,2.207,2.207,0,0
CNOCNY1W,D,20200724,000000,2.147,2.147,2.147,2.147,0,0
CNOCNY1W,D,20200727,000000,2.202,2.202,2.202,2.202,0,0
CNOCNY1W,D,20200728,000000,2.2,2.2,2.2,2.2,0,0
CNOCNY1W,D,20200729,000000,2.174,2.174,2.174,2.174,0,0
CNOCNY1W,D,20200730,000000,2.183,2.183,2.183,2.183,0,0
CNOCNY1W,D,20200731,000000,2.236,2.236,2.236,2.236,0,0
CNOCNY1W,D,20200803,000000,2.043,2.043,2.043,2.043,0,0
CNOCNY1W,D,20200804,000000,2.143,2.143,2.143,2.143,0,0
CNOCNY1W,D,20200805,000000,2.062,2.062,2.062,2.062,0,0
CNOCNY1W,D,20200806,000000,2.074,2.074,2.074,2.074,0,0
CNOCNY1W,D,20200807,000000,2.205,2.205,2.205,2.205,0,0
CNOCNY1W,D,20200810,000000,2.202,2.202,2.202,2.202,0,0
CNOCNY1W,D,20200811,000000,2.249,2.249,2.249,2.249,0,0
CNOCNY1W,D,20200812,000000,2.246,2.246,2.246,2.246,0,0
CNOCNY1W,D,20200813,000000,2.237,2.237,2.237,2.237,0,0
CNOCNY1W,D,20200814,000000,2.222,2.222,2.222,2.222,0,0
CNOCNY1W,D,20200817,000000,2.213,2.213,2.213,2.213,0,0
CNOCNY1W,D,20200818,000000,2.19,2.19,2.19,2.19,0,0
CNOCNY1W,D,20200819,000000,2.204,2.204,2.204,2.204,0,0
CNOCNY1W,D,20200820,000000,2.249,2.249,2.249,2.249,0,0
CNOCNY1W,D,20200821,000000,2.28,2.28,2.28,2.28,0,0
CNOCNY1W,D,20200824,000000,2.23,2.23,2.23,2.23,0,0
CNOCNY1W,D,20200825,000000,2.241,2.241,2.241,2.241,0,0
CNOCNY1W,D,20200826,000000,2.222,2.222,2.222,2.222,0,0
CNOCNY1W,D,20200827,000000,2.182,2.182,2.182,2.182,0,0
CNOCNY1W,D,20200828,000000,2.235,2.235,2.235,2.235,0,0
CNOCNY1W,D,20200831,000000,2.228,2.228,2.228,2.228,0,0
CNOCNY1W,D,20200901,000000,2.211,2.211,2.211,2.211,0,0
CNOCNY1W,D,20200902,000000,2.201,2.201,2.201,2.201,0,0
CNOCNY1W,D,20200903,000000,2.197,2.197,2.197,2.197,0,0
CNOCNY1W,D,20200904,000000,2.211,2.211,2.211,2.211,0,0
CNOCNY1W,D,20200907,000000,2.2,2.2,2.2,2.2,0,0
CNOCNY1W,D,20200908,000000,2.211,2.211,2.211,2.211,0,0
CNOCNY1W,D,20200909,000000,2.193,2.193,2.193,2.193,0,0
CNOCNY1W,D,20200910,000000,2.128,2.128,2.128,2.128,0,0
CNOCNY1W,D,20200911,000000,2.162,2.162,2.162,2.162,0,0
CNOCNY1W,D,20200914,000000,2.161,2.161,2.161,2.161,0,0
CNOCNY1W,D,20200915,000000,2.133,2.133,2.133,2.133,0,0
CNOCNY1W,D,20200916,000000,2.185,2.185,2.185,2.185,0,0
CNOCNY1W,D,20200917,000000,2.199,2.199,2.199,2.199,0,0
CNOCNY1W,D,20200918,000000,2.233,2.233,2.233,2.233,0,0
CNOCNY1W,D,20200921,000000,2.262,2.262,2.262,2.262,0,0
CNOCNY1W,D,20200922,000000,2.332,2.332,2.332,2.332,0,0
CNOCNY1W,D,20200923,000000,2.149,2.149,2.149,2.149,0,0
CNOCNY1W,D,20200924,000000,2.148,2.148,2.148,2.148,0,0
CNOCNY1W,D,20200925,000000,2.044,2.044,2.044,2.044,0,0
CNOCNY1W,D,20200928,000000,2.418,2.418,2.418,2.418,0,0
CNOCNY1W,D,20200929,000000,2.283,2.283,2.283,2.283,0,0
CNOCNY1W,D,20200930,000000,2.331,2.331,2.331,2.331,0,0
CNOCNY1W,D,20201009,000000,2.174,2.174,2.174,2.174,0,0
CNOCNY1W,D,20201012,000000,2.073,2.073,2.073,2.073,0,0
CNOCNY1W,D,20201013,000000,2.092,2.092,2.092,2.092,0,0
CNOCNY1W,D,20201014,000000,2.136,2.136,2.136,2.136,0,0
CNOCNY1W,D,20201015,000000,2.191,2.191,2.191,2.191,0,0
CNOCNY1W,D,20201016,000000,2.199,2.199,2.199,2.199,0,0
CNOCNY1W,D,20201019,000000,2.23,2.23,2.23,2.23,0,0
CNOCNY1W,D,20201020,000000,2.261,2.261,2.261,2.261,0,0
CNOCNY1W,D,20201021,000000,2.207,2.207,2.207,2.207,0,0
CNOCNY1W,D,20201022,000000,2.19,2.19,2.19,2.19,0,0
CNOCNY1W,D,20201023,000000,2.205,2.205,2.205,2.205,0,0
CNOCNY1W,D,20201026,000000,2.227,2.227,2.227,2.227,0,0
CNOCNY1W,D,20201027,000000,2.33,2.33,2.33,2.33,0,0
CNOCNY1W,D,20201028,000000,2.385,2.385,2.385,2.385,0,0
CNOCNY1W,D,20201029,000000,2.353,2.353,2.353,2.353,0,0
CNOCNY1W,D,20201030,000000,2.418,2.418,2.418,2.418,0,0
CNOCNY1W,D,20201102,000000,2.464,2.464,2.464,2.464,0,0
CNOCNY1W,D,20201103,000000,2.18,2.18,2.18,2.18,0,0
CNOCNY1W,D,20201104,000000,2.092,2.092,2.092,2.092,0,0
CNOCNY1W,D,20201105,000000,2.071,2.071,2.071,2.071,0,0
CNOCNY1W,D,20201106,000000,2.215,2.215,2.215,2.215,0,0
CNOCNY1W,D,20201109,000000,2.272,2.272,2.272,2.272,0,0
CNOCNY1W,D,20201110,000000,2.269,2.269,2.269,2.269,0,0
CNOCNY1W,D,20201111,000000,2.306,2.306,2.306,2.306,0,0
CNOCNY1W,D,20201112,000000,2.335,2.335,2.335,2.335,0,0
CNOCNY1W,D,20201113,000000,2.433,2.433,2.433,2.433,0,0
CNOCNY1W,D,20201116,000000,2.339,2.339,2.339,2.339,0,0
CNOCNY1W,D,20201117,000000,2.238,2.238,2.238,2.238,0,0
CNOCNY1W,D,20201118,000000,2.21,2.21,2.21,2.21,0,0
CNOCNY1W,D,20201119,000000,2.231,2.231,2.231,2.231,0,0
CNOCNY1W,D,20201120,000000,2.228,2.228,2.228,2.228,0,0
CNOCNY1W,D,20201123,000000,2.193,2.193,2.193,2.193,0,0
CNOCNY1W,D,20201124,000000,2.232,2.232,2.232,2.232,0,0
CNOCNY1W,D,20201125,000000,2.224,2.224,2.224,2.224,0,0
CNOCNY1W,D,20201126,000000,2.294,2.294,2.294,2.294,0,0
CNOCNY1W,D,20201127,000000,2.336,2.336,2.336,2.336,0,0
CNOCNY1W,D,20201130,000000,2.356,2.356,2.356,2.356,0,0
CNOCNY1W,D,20201201,000000,1.972,1.972,1.972,1.972,0,0
CNOCNY1W,D,20201202,000000,1.925,1.925,1.925,1.925,0,0
CNOCNY1W,D,20201203,000000,2.104,2.104,2.104,2.104,0,0
CNOCNY1W,D,20201204,000000,2.116,2.116,2.116,2.116,0,0
CNOCNY1W,D,20201207,000000,2.119,2.119,2.119,2.119,0,0
CNOCNY1W,D,20201208,000000,2.101,2.101,2.101,2.101,0,0
CNOCNY1W,D,20201209,000000,2.074,2.074,2.074,2.074,0,0
CNOCNY1W,D,20201210,000000,2.063,2.063,2.063,2.063,0,0
CNOCNY1W,D,20201211,000000,2.178,2.178,2.178,2.178,0,0
CNOCNY1W,D,20201214,000000,2.143,2.143,2.143,2.143,0,0
CNOCNY1W,D,20201215,000000,2.062,2.062,2.062,2.062,0,0
CNOCNY1W,D,20201216,000000,1.815,1.815,1.815,1.815,0,0
CNOCNY1W,D,20201217,000000,1.961,1.961,1.961,1.961,0,0
CNOCNY1W,D,20201218,000000,2.148,2.148,2.148,2.148,0,0
CNOCNY1W,D,20201221,000000,2.05,2.05,2.05,2.05,0,0
CNOCNY1W,D,20201222,000000,2.061,2.061,2.061,2.061,0,0
CNOCNY1W,D,20201223,000000,2.064,2.064,2.064,2.064,0,0
CNOCNY1W,D,20201224,000000,1.774,1.774,1.774,1.774,0,0
CNOCNY1W,D,20201225,000000,2.151,2.151,2.151,2.151,0,0
CNOCNY1W,D,20201228,000000,2.133,2.133,2.133,2.133,0,0
CNOCNY1W,D,20201229,000000,2.264,2.264,2.264,2.264,0,0
CNOCNY1W,D,20201230,000000,2.308,2.308,2.308,2.308,0,0
CNOCNY1W,D,20201231,000000,2.381,2.381,2.381,2.381,0,0
CNOCNY1W,D,20210104,000000,1.993,1.993,1.993,1.993,0,0
CNOCNY1W,D,20210105,000000,1.822,1.822,1.822,1.822,0,0
CNOCNY1W,D,20210106,000000,1.966,1.966,1.966,1.966,0,0
CNOCNY1W,D,20210107,000000,1.855,1.855,1.855,1.855,0,0
CNOCNY1W,D,20210108,000000,2.141,2.141,2.141,2.141,0,0
CNOCNY1W,D,20210111,000000,2.148,2.148,2.148,2.148,0,0
CNOCNY1W,D,20210112,000000,1.985,1.985,1.985,1.985,0,0
CNOCNY1W,D,20210113,000000,1.999,1.999,1.999,1.999,0,0
CNOCNY1W,D,20210114,000000,2.013,2.013,2.013,2.013,0,0
CNOCNY1W,D,20210115,000000,2.124,2.124,2.124,2.124,0,0
CNOCNY1W,D,20210118,000000,2.177,2.177,2.177,2.177,0,0
CNOCNY1W,D,20210119,000000,2.267,2.267,2.267,2.267,0,0
CNOCNY1W,D,20210120,000000,2.493,2.493,2.493,2.493,0,0
CNOCNY1W,D,20210121,000000,2.359,2.359,2.359,2.359,0,0
CNOCNY1W,D,20210122,000000,2.271,2.271,2.271,2.271,0,0
CNOCNY1W,D,20210125,000000,2.296,2.296,2.296,2.296,0,0
CNOCNY1W,D,20210126,000000,2.728,2.728,2.728,2.728,0,0
CNOCNY1W,D,20210127,000000,2.969,2.969,2.969,2.969,0,0
CNOCNY1W,D,20210128,000000,2.981,2.981,2.981,2.981,0,0
CNOCNY1W,D,20210129,000000,3.071,3.071,3.071,3.071,0,0
CNOCNY1W,D,20210201,000000,3.194,3.194,3.194,3.194,0,0
CNOCNY1W,D,20210202,000000,2.241,2.241,2.241,2.241,0,0
CNOCNY1W,D,20210203,000000,2.146,2.146,2.146,2.146,0,0
CNOCNY1W,D,20210204,000000,2.324,2.324,2.324,2.324,0,0
CNOCNY1W,D,20210205,000000,2.338,2.338,2.338,2.338,0,0
CNOCNY1W,D,20210208,000000,2.341,2.341,2.341,2.341,0,0
CNOCNY1W,D,20210209,000000,2.425,2.425,2.425,2.425,0,0
CNOCNY1W,D,20210210,000000,2.217,2.217,2.217,2.217,0,0
CNOCNY1W,D,20210218,000000,2.213,2.213,2.213,2.213,0,0
CNOCNY1W,D,20210219,000000,2.051,2.051,2.051,2.051,0,0
CNOCNY1W,D,20210222,000000,2.206,2.206,2.206,2.206,0,0
CNOCNY1W,D,20210223,000000,2.277,2.277,2.277,2.277,0,0
CNOCNY1W,D,20210224,000000,2.114,2.114,2.114,2.114,0,0
CNOCNY1W,D,20210225,000000,2.215,2.215,2.215,2.215,0,0
CNOCNY1W,D,20210226,000000,2.214,2.214,2.214,2.214,0,0
CNOCNY1W,D,20210301,000000,2.216,2.216,2.216,2.216,0,0
CNOCNY1W,D,20210302,000000,2.157,2.157,2.157,2.157,0,0
CNOCNY1W,D,20210303,000000,1.89,1.89,1.89,1.89,0,0
CNOCNY1W,D,20210304,000000,2.161,2.161,2.161,2.161,0,0
CNOCNY1W,D,20210305,000000,1.999,1.999,1.999,1.999,0,0
CNOCNY1W,D,20210308,000000,2.144,2.144,2.144,2.144,0,0
CNOCNY1W,D,20210309,000000,2.067,2.067,2.067,2.067,0,0
CNOCNY1W,D,20210310,000000,2.038,2.038,2.038,2.038,0,0
CNOCNY1W,D,20210311,000000,2.06,2.06,2.06,2.06,0,0
CNOCNY1W,D,20210312,000000,2.134,2.134,2.134,2.134,0,0
CNOCNY1W,D,20210315,000000,2.275,2.275,2.275,2.275,0,0
CNOCNY1W,D,20210316,000000,2.229,2.229,2.229,2.229,0,0
CNOCNY1W,D,20210317,000000,2.167,2.167,2.167,2.167,0,0
CNOCNY1W,D,20210318,000000,2.197,2.197,2.197,2.197,0,0
CNOCNY1W,D,20210319,000000,2.199,2.199,2.199,2.199,0,0
CNOCNY1W,D,20210322,000000,2.163,2.163,2.163,2.163,0,0
CNOCNY1W,D,20210323,000000,2.168,2.168,2.168,2.168,0,0
CNOCNY1W,D,20210324,000000,1.992,1.992,1.992,1.992,0,0
CNOCNY1W,D,20210325,000000,2.194,2.194,2.194,2.194,0,0
CNOCNY1W,D,20210326,000000,2.173,2.173,2.173,2.173,0,0
CNOCNY1W,D,20210329,000000,2.158,2.158,2.158,2.158,0,0
CNOCNY1W,D,20210330,000000,2.236,2.236,2.236,2.236,0,0
CNOCNY1W,D,20210331,000000,2.251,2.251,2.251,2.251,0,0
CNOCNY1W,D,20210401,000000,2.155,2.155,2.155,2.155,0,0
CNOCNY1W,D,20210402,000000,2.145,2.145,2.145,2.145,0,0
CNOCNY1W,D,20210406,000000,2.045,2.045,2.045,2.045,0,0
CNOCNY1W,D,20210407,000000,1.939,1.939,1.939,1.939,0,0
CNOCNY1W,D,20210408,000000,2.014,2.014,2.014,2.014,0,0
CNOCNY1W,D,20210409,000000,2.054,2.054,2.054,2.054,0,0
CNOCNY1W,D,20210412,000000,2.05,2.05,2.05,2.05,0,0
CNOCNY1W,D,20210413,000000,2.061,2.061,2.061,2.061,0,0
CNOCNY1W,D,20210414,000000,2.063,2.063,2.063,2.063,0,0
CNOCNY1W,D,20210415,000000,2.058,2.058,2.058,2.058,0,0
CNOCNY1W,D,20210416,000000,2.199,2.199,2.199,2.199,0,0
CNOCNY1W,D,20210419,000000,2.226,2.226,2.226,2.226,0,0
CNOCNY1W,D,20210420,000000,2.196,2.196,2.196,2.196,0,0
CNOCNY1W,D,20210421,000000,2.133,2.133,2.133,2.133,0,0
CNOCNY1W,D,20210422,000000,2.15,2.15,2.15,2.15,0,0
CNOCNY1W,D,20210423,000000,2.139,2.139,2.139,2.139,0,0
CNOCNY1W,D,20210426,000000,2.246,2.246,2.246,2.246,0,0
CNOCNY1W,D,20210427,000000,2.234,2.234,2.234,2.234,0,0
CNOCNY1W,D,20210428,000000,2.189,2.189,2.189,2.189,0,0
CNOCNY1W,D,20210429,000000,2.252,2.252,2.252,2.252,0,0
CNOCNY1W,D,20210430,000000,2.336,2.336,2.336,2.336,0,0
CNOCNY1W,D,20210506,000000,2.152,2.152,2.152,2.152,0,0
CNOCNY1W,D,20210507,000000,1.94,1.94,1.94,1.94,0,0
CNOCNY1W,D,20210510,000000,1.909,1.909,1.909,1.909,0,0
CNOCNY1W,D,20210511,000000,2.078,2.078,2.078,2.078,0,0
CNOCNY1W,D,20210512,000000,2.029,2.029,2.029,2.029,0,0
CNOCNY1W,D,20210513,000000,2.082,2.082,2.082,2.082,0,0
CNOCNY1W,D,20210514,000000,2.074,2.074,2.074,2.074,0,0
CNOCNY1W,D,20210517,000000,2.195,2.195,2.195,2.195,0,0
CNOCNY1W,D,20210518,000000,2.196,2.196,2.196,2.196,0,0
CNOCNY1W,D,20210519,000000,2.149,2.149,2.149,2.149,0,0
CNOCNY1W,D,20210520,000000,2.165,2.165,2.165,2.165,0,0
CNOCNY1W,D,20210521,000000,2.16,2.16,2.16,2.16,0,0
CNOCNY1W,D,20210524,000000,2.156,2.156,2.156,2.156,0,0
CNOCNY1W,D,20210525,000000,2.254,2.254,2.254,2.254,0,0
CNOCNY1W,D,20210526,000000,2.269,2.269,2.269,2.269,0,0
CNOCNY1W,D,20210527,000000,2.262,2.262,2.262,2.262,0,0
CNOCNY1W,D,20210528,000000,2.278,2.278,2.278,2.278,0,0
CNOCNY1W,D,20210531,000000,2.502,2.502,2.502,2.502,0,0
CNOCNY1W,D,20210601,000000,2.233,2.233,2.233,2.233,0,0
CNOCNY1W,D,20210602,000000,2.156,2.156,2.156,2.156,0,0
CNOCNY1W,D,20210603,000000,2.092,2.092,2.092,2.092,0,0
CNOCNY1W,D,20210604,000000,2.187,2.187,2.187,2.187,0,0
CNOCNY1W,D,20210607,000000,2.253,2.253,2.253,2.253,0,0
CNOCNY1W,D,20210608,000000,2.267,2.267,2.267,2.267,0,0
CNOCNY1W,D,20210609,000000,2.271,2.271,2.271,2.271,0,0
CNOCNY1W,D,20210610,000000,2.146,2.146,2.146,2.146,0,0
CNOCNY1W,D,20210611,000000,2.169,2.169,2.169,2.169,0,0
CNOCNY1W,D,20210615,000000,2.237,2.237,2.237,2.237,0,0
CNOCNY1W,D,20210616,000000,2.198,2.198,2.198,2.198,0,0
CNOCNY1W,D,20210617,000000,2.179,2.179,2.179,2.179,0,0
CNOCNY1W,D,20210618,000000,2.206,2.206,2.206,2.206,0,0
CNOCNY1W,D,20210621,000000,2.257,2.257,2.257,2.257,0,0
CNOCNY1W,D,20210622,000000,2.337,2.337,2.337,2.337,0,0
CNOCNY1W,D,20210628,000000,2.258,2.258,2.258,2.258,0,0
CNOCNY1W,D,20210629,000000,2.431,2.431,2.431,2.431,0,0
CNOCNY1W,D,20210630,000000,2.405,2.405,2.405,2.405,0,0
CNOCNY1W,D,20210701,000000,2.186,2.186,2.186,2.186,0,0
CNOCNY1W,D,20210707,000000,2.129,2.129,2.129,2.129,0,0
CNOCNY1W,D,20210708,000000,2.114,2.114,2.114,2.114,0,0
CNOCNY1W,D,20210709,000000,2.22,2.22,2.22,2.22,0,0
CNOCNY1W,D,20210712,000000,2.163,2.163,2.163,2.163,0,0
CNOCNY1W,D,20210713,000000,2.193,2.193,2.193,2.193,0,0
CNOCNY1W,D,20210714,000000,2.179,2.179,2.179,2.179,0,0
CNOCNY1W,D,20210715,000000,2.178,2.178,2.178,2.178,0,0
CNOCNY1W,D,20210716,000000,2.201,2.201,2.201,2.201,0,0
CNOCNY1W,D,20210719,000000,2.155,2.155,2.155,2.155,0,0
CNOCNY1W,D,20210720,000000,2.198,2.198,2.198,2.198,0,0
CNOCNY1W,D,20210721,000000,2.218,2.218,2.218,2.218,0,0
CNOCNY1W,D,20210722,000000,2.18,2.18,2.18,2.18,0,0
CNOCNY1W,D,20210723,000000,2.143,2.143,2.143,2.143,0,0
CNOCNY1W,D,20210726,000000,2.214,2.214,2.214,2.214,0,0
CNOCNY1W,D,20210727,000000,2.31,2.31,2.31,2.31,0,0
CNOCNY1W,D,20210728,000000,2.356,2.356,2.356,2.356,0,0
CNOCNY1W,D,20210729,000000,2.257,2.257,2.257,2.257,0,0
CNOCNY1W,D,20210730,000000,2.284,2.284,2.284,2.284,0,0
CNOCNY1W,D,20210802,000000,2.071,2.071,2.071,2.071,0,0
CNOCNY1W,D,20210803,000000,2.041,2.041,2.041,2.041,0,0
CNOCNY1W,D,20210804,000000,2.04,2.04,2.04,2.04,0,0
CNOCNY1W,D,20210805,000000,1.97,1.97,1.97,1.97,0,0
CNOCNY1W,D,20210806,000000,1.994,1.994,1.994,1.994,0,0
CNOCNY1W,D,20210809,000000,2.145,2.145,2.145,2.145,0,0
CNOCNY1W,D,20210810,000000,2.348,2.348,2.348,2.348,0,0
CNOCNY1W,D,20210811,000000,2.147,2.147,2.147,2.147,0,0
CNOCNY1W,D,20210812,000000,2.15,2.15,2.15,2.15,0,0
CNOCNY1W,D,20210813,000000,2.197,2.197,2.197,2.197,0,0
CNOCNY1W,D,20210816,000000,2.193,2.193,2.193,2.193,0,0
CNOCNY1W,D,20210817,000000,2.139,2.139,2.139,2.139,0,0
CNOCNY1W,D,20210818,000000,2.054,2.054,2.054,2.054,0,0
CNOCNY1W,D,20210819,000000,2.091,2.091,2.091,2.091,0,0
CNOCNY1W,D,20210820,000000,2.115,2.115,2.115,2.115,0,0
CNOCNY1W,D,20210823,000000,2.16,2.16,2.16,2.16,0,0
CNOCNY1W,D,20210824,000000,2.224,2.224,2.224,2.224,0,0
CNOCNY1W,D,20210825,000000,2.311,2.311,2.311,2.311,0,0
CNOCNY1W,D,20210826,000000,2.319,2.319,2.319,2.319,0,0
CNOCNY1W,D,20210827,000000,2.329,2.329,2.329,2.329,0,0
CNOCNY1W,D,20210830,000000,2.308,2.308,2.308,2.308,0,0
CNOCNY1W,D,20210831,000000,2.322,2.322,2.322,2.322,0,0
CNOCNY1W,D,20210901,000000,2.104,2.104,2.104,2.104,0,0
CNOCNY1W,D,20210902,000000,2.075,2.075,2.075,2.075,0,0
CNOCNY1W,D,20210903,000000,2.059,2.059,2.059,2.059,0,0
CNOCNY1W,D,20210906,000000,2.151,2.151,2.151,2.151,0,0
CNOCNY1W,D,20210907,000000,2.198,2.198,2.198,2.198,0,0
CNOCNY1W,D,20210908,000000,2.201,2.201,2.201,2.201,0,0
CNOCNY1W,D,20210909,000000,2.158,2.158,2.158,2.158,0,0
CNOCNY1W,D,20210910,000000,2.199,2.199,2.199,2.199,0,0
CNOCNY1W,D,20210913,000000,2.203,2.203,2.203,2.203,0,0
CNOCNY1W,D,20210914,000000,2.28,2.28,2.28,2.28,0,0
CNOCNY1W,D,20210915,000000,2.213,2.213,2.213,2.213,0,0
CNOCNY1W,D,20210916,000000,2.234,2.234,2.234,2.234,0,0
CNOCNY1W,D,20210917,000000,2.398,2.398,2.398,2.398,0,0
CNOCNY1W,D,20210922,000000,2.232,2.232,2.232,2.232,0,0
CNOCNY1W,D,20210923,000000,2.189,2.189,2.189,2.189,0,0
CNOCNY1W,D,20210924,000000,2.219,2.219,2.219,2.219,0,0
CNOCNY1W,D,20210927,000000,1.984,1.984,1.984,1.984,0,0
CNOCNY1W,D,20210928,000000,2.115,2.115,2.115,2.115,0,0
CNOCNY1W,D,20210929,000000,2.45,2.45,2.45,2.45,0,0
CNOCNY1W,D,20210930,000000,2.266,2.266,2.266,2.266,0,0
CNOCNY1W,D,20211008,000000,2.17,2.17,2.17,2.17,0,0
CNOCNY1W,D,20211011,000000,2.199,2.199,2.199,2.199,0,0
CNOCNY1W,D,20211012,000000,2.167,2.167,2.167,2.167,0,0
CNOCNY1W,D,20211013,000000,2.202,2.202,2.202,2.202,0,0
CNOCNY1W,D,20211014,000000,2.198,2.198,2.198,2.198,0,0
CNOCNY1W,D,20211015,000000,2.132,2.132,2.132,2.132,0,0
CNOCNY1W,D,20211018,000000,2.174,2.174,2.174,2.174,0,0
CNOCNY1W,D,20211019,000000,2.283,2.283,2.283,2.283,0,0
CNOCNY1W,D,20211020,000000,2.221,2.221,2.221,2.221,0,0
CNOCNY1W,D,20211021,000000,2.055,2.055,2.055,2.055,0,0
CNOCNY1W,D,20211022,000000,2.056,2.056,2.056,2.056,0,0
CNOCNY1W,D,20211025,000000,2.243,2.243,2.243,2.243,0,0
CNOCNY1W,D,20211026,000000,2.262,2.262,2.262,2.262,0,0
CNOCNY1W,D,20211027,000000,2.268,2.268,2.268,2.268,0,0
CNOCNY1W,D,20211028,000000,2.301,2.301,2.301,2.301,0,0
CNOCNY1W,D,20211029,000000,2.299,2.299,2.299,2.299,0,0
CNOCNY1W,D,20211101,000000,2.168,2.168,2.168,2.168,0,0
CNOCNY1W,D,20211102,000000,2.185,2.185,2.185,2.185,0,0
CNOCNY1W,D,20211103,000000,2.137,2.137,2.137,2.137,0,0
CNOCNY1W,D,20211104,000000,2.132,2.132,2.132,2.132,0,0
CNOCNY1W,D,20211105,000000,2.129,2.129,2.129,2.129,0,0
CNOCNY1W,D,20211108,000000,2.121,2.121,2.121,2.121,0,0
CNOCNY1W,D,20211109,000000,2.191,2.191,2.191,2.191,0,0
CNOCNY1W,D,20211110,000000,2.142,2.142,2.142,2.142,0,0
CNOCNY1W,D,20211111,000000,2.113,2.113,2.113,2.113,0,0
CNOCNY1W,D,20211112,000000,2.124,2.124,2.124,2.124,0,0
CNOCNY1W,D,20211115,000000,2.1,2.1,2.1,2.1,0,0
CNOCNY1W,D,20211116,000000,2.096,2.096,2.096,2.096,0,0
CNOCNY1W,D,20211117,000000,2.182,2.182,2.182,2.182,0,0
CNOCNY1W,D,20211118,000000,2.172,2.172,2.172,2.172,0,0
CNOCNY1W,D,20211119,000000,2.171,2.171,2.171,2.171,0,0
CNOCNY1W,D,20211122,000000,2.109,2.109,2.109,2.109,0,0
CNOCNY1W,D,20211123,000000,2.17,2.17,2.17,2.17,0,0
CNOCNY1W,D,20211124,000000,2.269,2.269,2.269,2.269,0,0
CNOCNY1W,D,20211125,000000,2.231,2.231,2.231,2.231,0,0
CNOCNY1W,D,20211126,000000,2.247,2.247,2.247,2.247,0,0
CNOCNY1W,D,20211129,000000,2.239,2.239,2.239,2.239,0,0
CNOCNY1W,D,20211130,000000,2.297,2.297,2.297,2.297,0,0
CNOCNY1W,D,20211201,000000,2.121,2.121,2.121,2.121,0,0
CNOCNY1W,D,20211202,000000,2.1,2.1,2.1,2.1,0,0
CNOCNY1W,D,20211203,000000,2.078,2.078,2.078,2.078,0,0
CNOCNY1W,D,20211206,000000,2.129,2.129,2.129,2.129,0,0
CNOCNY1W,D,20211207,000000,2.159,2.159,2.159,2.159,0,0
CNOCNY1W,D,20211208,000000,2.202,2.202,2.202,2.202,0,0
CNOCNY1W,D,20211209,000000,2.22,2.22,2.22,2.22,0,0
CNOCNY1W,D,20211210,000000,2.184,2.184,2.184,2.184,0,0
CNOCNY1W,D,20211213,000000,2.197,2.197,2.197,2.197,0,0
CNOCNY1W,D,20211214,000000,2.21,2.21,2.21,2.21,0,0
CNOCNY1W,D,20211215,000000,2.201,2.201,2.201,2.201,0,0
CNOCNY1W,D,20211216,000000,2.209,2.209,2.209,2.209,0,0
CNOCNY1W,D,20211217,000000,2.151,2.151,2.151,2.151,0,0
CNOCNY1W,D,20211220,000000,2.121,2.121,2.121,2.121,0,0
CNOCNY1W,D,20211221,000000,2.087,2.087,2.087,2.087,0,0
CNOCNY1W,D,20211222,000000,2.012,2.012,2.012,2.012,0,0
CNOCNY1W,D,20211223,000000,2.023,2.023,2.023,2.023,0,0
CNOCNY1W,D,20211224,000000,1.943,1.943,1.943,1.943,0,0
CNOCNY1W,D,20211227,000000,2.312,2.312,2.312,2.312,0,0
CNOCNY1W,D,20211228,000000,2.245,2.245,2.245,2.245,0,0
CNOCNY1W,D,20211229,000000,2.25,2.25,2.25,2.25,0,0
CNOCNY1W,D,20211230,000000,2.321,2.321,2.321,2.321,0,0
CNOCNY1W,D,20211231,000000,2.271,2.271,2.271,2.271,0,0
CNOCNY1W,D,20220104,000000,2.099,2.099,2.099,2.099,0,0
CNOCNY1W,D,20220105,000000,2.148,2.148,2.148,2.148,0,0
CNOCNY1W,D,20220106,000000,2.042,2.042,2.042,2.042,0,0
CNOCNY1W,D,20220107,000000,2.103,2.103,2.103,2.103,0,0
CNOCNY1W,D,20220110,000000,2.093,2.093,2.093,2.093,0,0
CNOCNY1W,D,20220111,000000,2.131,2.131,2.131,2.131,0,0
CNOCNY1W,D,20220112,000000,2.098,2.098,2.098,2.098,0,0
CNOCNY1W,D,20220113,000000,2.202,2.202,2.202,2.202,0,0
CNOCNY1W,D,20220114,000000,2.213,2.213,2.213,2.213,0,0
CNOCNY1W,D,20220117,000000,2.183,2.183,2.183,2.183,0,0
CNOCNY1W,D,20220118,000000,2.088,2.088,2.088,2.088,0,0
CNOCNY1W,D,20220119,000000,2.127,2.127,2.127,2.127,0,0
CNOCNY1W,D,20220120,000000,2.113,2.113,2.113,2.113,0,0
CNOCNY1W,D,20220121,000000,2.112,2.112,2.112,2.112,0,0
CNOCNY1W,D,20220124,000000,2.132,2.132,2.132,2.132,0,0
CNOCNY1W,D,20220125,000000,2.093,2.093,2.093,2.093,0,0
CNOCNY1W,D,20220126,000000,2.088,2.088,2.088,2.088,0,0
CNOCNY1W,D,20220127,000000,2.12,2.12,2.12,2.12,0,0
CNOCNY1W,D,20220128,000000,2.25,2.25,2.25,2.25,0,0
CNOCNY1W,D,20220207,000000,2.102,2.102,2.102,2.102,0,0
CNOCNY1W,D,20220208,000000,2.087,2.087,2.087,2.087,0,0
CNOCNY1W,D,20220209,000000,2.01,2.01,2.01,2.01,0,0
CNOCNY1W,D,20220210,000000,1.965,1.965,1.965,1.965,0,0
CNOCNY1W,D,20220211,000000,2.021,2.021,2.021,2.021,0,0
CNOCNY1W,D,20220214,000000,2.023,2.023,2.023,2.023,0,0
CNOCNY1W,D,20220215,000000,2,2,2,2,0,0
CNOCNY1W,D,20220216,000000,2.057,2.057,2.057,2.057,0,0
CNOCNY1W,D,20220217,000000,2.002,2.002,2.002,2.002,0,0
CNOCNY1W,D,20220218,000000,2.098,2.098,2.098,2.098,0,0
CNOCNY1W,D,20220221,000000,2.14,2.14,2.14,2.14,0,0
CNOCNY1W,D,20220222,000000,2.191,2.191,2.191,2.191,0,0
CNOCNY1W,D,20220223,000000,2.176,2.176,2.176,2.176,0,0
CNOCNY1W,D,20220224,000000,2.187,2.187,2.187,2.187,0,0
CNOCNY1W,D,20220225,000000,2.322,2.322,2.322,2.322,0,0
CNOCNY1W,D,20220228,000000,2.249,2.249,2.249,2.249,0,0
CNOCNY1W,D,20220301,000000,2.029,2.029,2.029,2.029,0,0
CNOCNY1W,D,20220302,000000,2.046,2.046,2.046,2.046,0,0
CNOCNY1W,D,20220303,000000,2.005,2.005,2.005,2.005,0,0
CNOCNY1W,D,20220304,000000,2.048,2.048,2.048,2.048,0,0
CNOCNY1W,D,20220307,000000,2.068,2.068,2.068,2.068,0,0
CNOCNY1W,D,20220308,000000,2.114,2.114,2.114,2.114,0,0
CNOCNY1W,D,20220309,000000,2.059,2.059,2.059,2.059,0,0
CNOCNY1W,D,20220310,000000,2.082,2.082,2.082,2.082,0,0
CNOCNY1W,D,20220311,000000,2.102,2.102,2.102,2.102,0,0
CNOCNY1W,D,20220314,000000,2.104,2.104,2.104,2.104,0,0
CNOCNY1W,D,20220315,000000,2.122,2.122,2.122,2.122,0,0
CNOCNY1W,D,20220316,000000,2.115,2.115,2.115,2.115,0,0
CNOCNY1W,D,20220317,000000,2.083,2.083,2.083,2.083,0,0
CNOCNY1W,D,20220318,000000,2.073,2.073,2.073,2.073,0,0
CNOCNY1W,D,20220321,000000,2.104,2.104,2.104,2.104,0,0
CNOCNY1W,D,20220322,000000,2.073,2.073,2.073,2.073,0,0
CNOCNY1W,D,20220323,000000,2.074,2.074,2.074,2.074,0,0
CNOCNY1W,D,20220324,000000,2.056,2.056,2.056,2.056,0,0
CNOCNY1W,D,20220325,000000,2.207,2.207,2.207,2.207,0,0
CNOCNY1W,D,20220328,000000,2.188,2.188,2.188,2.188,0,0
CNOCNY1W,D,20220329,000000,2.145,2.145,2.145,2.145,0,0
CNOCNY1W,D,20220330,000000,2.171,2.171,2.171,2.171,0,0
CNOCNY1W,D,20220331,000000,2.197,2.197,2.197,2.197,0,0
CNOCNY1W,D,20220401,000000,2.017,2.017,2.017,2.017,0,0
CNOCNY1W,D,20220406,000000,2.004,2.004,2.004,2.004,0,0
CNOCNY1W,D,20220407,000000,2.051,2.051,2.051,2.051,0,0
CNOCNY1W,D,20220408,000000,1.985,1.985,1.985,1.985,0,0
CNOCNY1W,D,20220411,000000,1.947,1.947,1.947,1.947,0,0
CNOCNY1W,D,20220412,000000,2.04,2.04,2.04,2.04,0,0
CNOCNY1W,D,20220413,000000,1.966,1.966,1.966,1.966,0,0
CNOCNY1W,D,20220414,000000,1.905,1.905,1.905,1.905,0,0
CNOCNY1W,D,20220415,000000,1.822,1.822,1.822,1.822,0,0
CNOCNY1W,D,20220418,000000,1.876,1.876,1.876,1.876,0,0
CNOCNY1W,D,20220419,000000,1.801,1.801,1.801,1.801,0,0
CNOCNY1W,D,20220420,000000,1.937,1.937,1.937,1.937,0,0
CNOCNY1W,D,20220421,000000,1.804,1.804,1.804,1.804,0,0
CNOCNY1W,D,20220422,000000,1.7,1.7,1.7,1.7,0,0
CNOCNY1W,D,20220425,000000,1.712,1.712,1.712,1.712,0,0
CNOCNY1W,D,20220426,000000,1.681,1.681,1.681,1.681,0,0
CNOCNY1W,D,20220427,000000,1.743,1.743,1.743,1.743,0,0
CNOCNY1W,D,20220428,000000,1.88,1.88,1.88,1.88,0,0
CNOCNY1W,D,20220429,000000,2.006,2.006,2.006,2.006,0,0
CNOCNY1W,D,20220505,000000,1.903,1.903,1.903,1.903,0,0
CNOCNY1W,D,20220506,000000,1.789,1.789,1.789,1.789,0,0
CNOCNY1W,D,20220509,000000,1.814,1.814,1.814,1.814,0,0
CNOCNY1W,D,20220510,000000,1.63,1.63,1.63,1.63,0,0
CNOCNY1W,D,20220511,000000,1.708,1.708,1.708,1.708,0,0
CNOCNY1W,D,20220512,000000,1.714,1.714,1.714,1.714,0,0
CNOCNY1W,D,20220513,000000,1.671,1.671,1.671,1.671,0,0
CNOCNY1W,D,20220516,000000,1.714,1.714,1.714,1.714,0,0
CNOCNY1W,D,20220517,000000,1.584,1.584,1.584,1.584,0,0
CNOCNY1W,D,20220518,000000,1.647,1.647,1.647,1.647,0,0
CNOCNY1W,D,20220519,000000,1.654,1.654,1.654,1.654,0,0
CNOCNY1W,D,20220520,000000,1.665,1.665,1.665,1.665,0,0
CNOCNY1W,D,20220523,000000,1.693,1.693,1.693,1.693,0,0
CNOCNY1W,D,20220524,000000,1.681,1.681,1.681,1.681,0,0
CNOCNY1W,D,20220525,000000,1.785,1.785,1.785,1.785,0,0
CNOCNY1W,D,20220526,000000,1.765,1.765,1.765,1.765,0,0
CNOCNY1W,D,20220527,000000,1.777,1.777,1.777,1.777,0,0
CNOCNY1W,D,20220530,000000,1.814,1.814,1.814,1.814,0,0
CNOCNY1W,D,20220531,000000,1.898,1.898,1.898,1.898,0,0
CNOCNY1W,D,20220601,000000,1.652,1.652,1.652,1.652,0,0
CNOCNY1W,D,20220602,000000,1.674,1.674,1.674,1.674,0,0
CNOCNY1W,D,20220606,000000,1.701,1.701,1.701,1.701,0,0
CNOCNY1W,D,20220607,000000,1.708,1.708,1.708,1.708,0,0
CNOCNY1W,D,20220608,000000,1.689,1.689,1.689,1.689,0,0
CNOCNY1W,D,20220609,000000,1.707,1.707,1.707,1.707,0,0
CNOCNY1W,D,20220610,000000,1.675,1.675,1.675,1.675,0,0
CNOCNY1W,D,20220613,000000,1.7,1.7,1.7,1.7,0,0
CNOCNY1W,D,20220614,000000,1.656,1.656,1.656,1.656,0,0
CNOCNY1W,D,20220615,000000,1.708,1.708,1.708,1.708,0,0
CNOCNY1W,D,20220616,000000,1.688,1.688,1.688,1.688,0,0
CNOCNY1W,D,20220617,000000,1.737,1.737,1.737,1.737,0,0
CNOCNY1W,D,20220620,000000,1.829,1.829,1.829,1.829,0,0
CNOCNY1W,D,20220621,000000,1.796,1.796,1.796,1.796,0,0
CNOCNY1W,D,20220622,000000,1.783,1.783,1.783,1.783,0,0
CNOCNY1W,D,20220623,000000,1.755,1.755,1.755,1.755,0,0
CNOCNY1W,D,20220624,000000,1.85,1.85,1.85,1.85,0,0
CNOCNY1W,D,20220627,000000,1.992,1.992,1.992,1.992,0,0
CNOCNY1W,D,20220628,000000,1.98,1.98,1.98,1.98,0,0
CNOCNY1W,D,20220629,000000,2.025,2.025,2.025,2.025,0,0
CNOCNY1W,D,20220630,000000,2.2,2.2,2.2,2.2,0,0
CNOCNY1W,D,20220701,000000,1.798,1.798,1.798,1.798,0,0
CNOCNY1W,D,20220704,000000,1.624,1.624,1.624,1.624,0,0
CNOCNY1W,D,20220705,000000,1.669,1.669,1.669,1.669,0,0
CNOCNY1W,D,20220706,000000,1.641,1.641,1.641,1.641,0,0
CNOCNY1W,D,20220707,000000,1.626,1.626,1.626,1.626,0,0
CNOCNY1W,D,20220708,000000,1.651,1.651,1.651,1.651,0,0
CNOCNY1W,D,20220714,000000,1.629,1.629,1.629,1.629,0,0
CNOCNY1W,D,20220715,000000,1.593,1.593,1.593,1.593,0,0
CNOCNY1W,D,20220718,000000,1.646,1.646,1.646,1.646,0,0
CNOCNY1W,D,20220719,000000,1.629,1.629,1.629,1.629,0,0
CNOCNY1W,D,20220720,000000,1.679,1.679,1.679,1.679,0,0
CNOCNY1W,D,20220721,000000,1.679,1.679,1.679,1.679,0,0
CNOCNY1W,D,20220722,000000,1.635,1.635,1.635,1.635,0,0
CNOCNY1W,D,20220725,000000,1.639,1.639,1.639,1.639,0,0
CNOCNY1W,D,20220726,000000,1.632,1.632,1.632,1.632,0,0
CNOCNY1W,D,20220727,000000,1.613,1.613,1.613,1.613,0,0
CNOCNY1W,D,20220728,000000,1.546,1.546,1.546,1.546,0,0
CNOCNY1W,D,20220729,000000,1.705,1.705,1.705,1.705,0,0
CNOCNY1W,D,20220801,000000,1.56,1.56,1.56,1.56,0,0
CNOCNY1W,D,20220802,000000,1.526,1.526,1.526,1.526,0,0
CNOCNY1W,D,20220803,000000,1.385,1.385,1.385,1.385,0,0
CNOCNY1W,D,20220804,000000,1.381,1.381,1.381,1.381,0,0
CNOCNY1W,D,20220805,000000,1.384,1.384,1.384,1.384,0,0
CNOCNY1W,D,20220808,000000,1.391,1.391,1.391,1.391,0,0
CNOCNY1W,D,20220809,000000,1.409,1.409,1.409,1.409,0,0
CNOCNY1W,D,20220810,000000,1.43,1.43,1.43,1.43,0,0
CNOCNY1W,D,20220811,000000,1.404,1.404,1.404,1.404,0,0
CNOCNY1W,D,20220812,000000,1.413,1.413,1.413,1.413,0,0
CNOCNY1W,D,20220815,000000,1.425,1.425,1.425,1.425,0,0
CNOCNY1W,D,20220816,000000,1.392,1.392,1.392,1.392,0,0
CNOCNY1W,D,20220817,000000,1.467,1.467,1.467,1.467,0,0
CNOCNY1W,D,20220818,000000,1.479,1.479,1.479,1.479,0,0
CNOCNY1W,D,20220819,000000,1.509,1.509,1.509,1.509,0,0
CNOCNY1W,D,20220822,000000,1.5089,1.5089,1.5089,1.5089,0,0
CNOCNY1W,D,20220823,000000,1.499,1.499,1.499,1.499,0,0
CNOCNY1W,D,20220824,000000,1.445,1.445,1.445,1.445,0,0
CNOCNY1W,D,20220825,000000,1.515,1.515,1.515,1.515,0,0
CNOCNY1W,D,20220826,000000,1.745,1.745,1.745,1.745,0,0
CNOCNY1W,D,20220829,000000,1.639,1.639,1.639,1.639,0,0
CNOCNY1W,D,20220830,000000,1.649,1.649,1.649,1.649,0,0
CNOCNY1W,D,20220831,000000,1.78,1.78,1.78,1.78,0,0
CNOCNY1W,D,20220901,000000,1.497,1.497,1.497,1.497,0,0
CNOCNY1W,D,20220902,000000,1.51,1.51,1.51,1.51,0,0
CNOCNY1W,D,20220905,000000,1.409,1.409,1.409,1.409,0,0
CNOCNY1W,D,20220906,000000,1.449,1.449,1.449,1.449,0,0
CNOCNY1W,D,20220907,000000,1.524,1.524,1.524,1.524,0,0
CNOCNY1W,D,20220908,000000,1.502,1.502,1.502,1.502,0,0
CNOCNY1W,D,20220909,000000,1.476,1.476,1.476,1.476,0,0
CNOCNY1W,D,20220913,000000,1.521,1.521,1.521,1.521,0,0
CNOCNY1W,D,20220914,000000,1.557,1.557,1.557,1.557,0,0
CNOCNY1W,D,20220915,000000,1.547,1.547,1.547,1.547,0,0
CNOCNY1W,D,20220916,000000,1.643,1.643,1.643,1.643,0,0
CNOCNY1W,D,20220919,000000,1.699,1.699,1.699,1.699,0,0
CNOCNY1W,D,20220920,000000,1.687,1.687,1.687,1.687,0,0
CNOCNY1W,D,20220921,000000,1.726,1.726,1.726,1.726,0,0
CNOCNY1W,D,20220922,000000,1.646,1.646,1.646,1.646,0,0
CNOCNY1W,D,20220923,000000,1.608,1.608,1.608,1.608,0,0
CNOCNY1W,D,20220926,000000,1.84,1.84,1.84,1.84,0,0
CNOCNY1W,D,20220927,000000,1.697,1.697,1.697,1.697,0,0
CNOCNY1W,D,20220928,000000,1.747,1.747,1.747,1.747,0,0
CNOCNY1W,D,20220929,000000,2.015,2.015,2.015,2.015,0,0
CNOCNY1W,D,20220930,000000,2.055,2.055,2.055,2.055,0,0
CNOCNY1W,D,20221010,000000,1.497,1.497,1.497,1.497,0,0
CNOCNY1W,D,20221011,000000,1.621,1.621,1.621,1.621,0,0
CNOCNY1W,D,20221012,000000,1.611,1.611,1.611,1.611,0,0
CNOCNY1W,D,20221013,000000,1.638,1.638,1.638,1.638,0,0
CNOCNY1W,D,20221014,000000,1.594,1.594,1.594,1.594,0,0
CNOCNY1W,D,20221017,000000,1.558,1.558,1.558,1.558,0,0
CNOCNY1W,D,20221018,000000,1.53,1.53,1.53,1.53,0,0
CNOCNY1W,D,20221019,000000,1.547,1.547,1.547,1.547,0,0
CNOCNY1W,D,20221020,000000,1.581,1.581,1.581,1.581,0,0
CNOCNY1W,D,20221021,000000,1.682,1.682,1.682,1.682,0,0
CNOCNY1W,D,20221024,000000,1.726,1.726,1.726,1.726,0,0
CNOCNY1W,D,20221025,000000,1.876,1.876,1.876,1.876,0,0
CNOCNY1W,D,20221026,000000,1.995,1.995,1.995,1.995,0,0
CNOCNY1W,D,20221027,000000,2.013,2.013,2.013,2.013,0,0
CNOCNY1W,D,20221028,000000,1.963,1.963,1.963,1.963,0,0
CNOCNY1W,D,20221031,000000,1.952,1.952,1.952,1.952,0,0
CNOCNY1W,D,20221101,000000,1.829,1.829,1.829,1.829,0,0
CNOCNY1W,D,20221102,000000,1.771,1.771,1.771,1.771,0,0
CNOCNY1W,D,20221103,000000,1.718,1.718,1.718,1.718,0,0
CNOCNY1W,D,20221104,000000,1.702,1.702,1.702,1.702,0,0
CNOCNY1W,D,20221107,000000,1.786,1.786,1.786,1.786,0,0
CNOCNY1W,D,20221108,000000,1.812,1.812,1.812,1.812,0,0
CNOCNY1W,D,20221109,000000,1.855,1.855,1.855,1.855,0,0
CNOCNY1W,D,20221110,000000,1.938,1.938,1.938,1.938,0,0
CNOCNY1W,D,20221111,000000,1.888,1.888,1.888,1.888,0,0
CNOCNY1W,D,20221114,000000,1.846,1.846,1.846,1.846,0,0
CNOCNY1W,D,20221115,000000,1.929,1.929,1.929,1.929,0,0
CNOCNY1W,D,20221116,000000,1.998,1.998,1.998,1.998,0,0
CNOCNY1W,D,20221117,000000,1.863,1.863,1.863,1.863,0,0
CNOCNY1W,D,20221118,000000,1.791,1.791,1.791,1.791,0,0
CNOCNY1W,D,20221121,000000,1.675,1.675,1.675,1.675,0,0
CNOCNY1W,D,20221122,000000,1.665,1.665,1.665,1.665,0,0
CNOCNY1W,D,20221123,000000,1.673,1.673,1.673,1.673,0,0
CNOCNY1W,D,20221124,000000,1.769,1.769,1.769,1.769,0,0
CNOCNY1W,D,20221125,000000,1.744,1.744,1.744,1.744,0,0
CNOCNY1W,D,20221128,000000,1.881,1.881,1.881,1.881,0,0
CNOCNY1W,D,20221129,000000,1.865,1.865,1.865,1.865,0,0
CNOCNY1W,D,20221130,000000,1.915,1.915,1.915,1.915,0,0
CNOCNY1W,D,20221201,000000,1.729,1.729,1.729,1.729,0,0
CNOCNY1W,D,20221202,000000,1.693,1.693,1.693,1.693,0,0
CNOCNY1W,D,20221205,000000,1.689,1.689,1.689,1.689,0,0
CNOCNY1W,D,20221206,000000,1.677,1.677,1.677,1.677,0,0
CNOCNY1W,D,20221207,000000,1.663,1.663,1.663,1.663,0,0
CNOCNY1W,D,20221208,000000,1.71,1.71,1.71,1.71,0,0
CNOCNY1W,D,20221209,000000,1.759,1.759,1.759,1.759,0,0
CNOCNY1W,D,20221212,000000,1.61,1.61,1.61,1.61,0,0
CNOCNY1W,D,20221213,000000,1.748,1.748,1.748,1.748,0,0
CNOCNY1W,D,20221214,000000,1.669,1.669,1.669,1.669,0,0
CNOCNY1W,D,20221215,000000,1.626,1.626,1.626,1.626,0,0
CNOCNY1W,D,20221216,000000,1.752,1.752,1.752,1.752,0,0
CNOCNY1W,D,20221219,000000,1.8,1.8,1.8,1.8,0,0
CNOCNY1W,D,20221220,000000,1.807,1.807,1.807,1.807,0,0
CNOCNY1W,D,20221221,000000,1.687,1.687,1.687,1.687,0,0
CNOCNY1W,D,20221222,000000,1.579,1.579,1.579,1.579,0,0
CNOCNY1W,D,20221223,000000,1.687,1.687,1.687,1.687,0,0
CNOCNY1W,D,20221226,000000,1.961,1.961,1.961,1.961,0,0
CNOCNY1W,D,20221227,000000,2.004,2.004,2.004,2.004,0,0
CNOCNY1W,D,20221228,000000,2.019,2.019,2.019,2.019,0,0
CNOCNY1W,D,20221229,000000,2.261,2.261,2.261,2.261,0,0
CNOCNY1W,D,20221230,000000,2.223,2.223,2.223,2.223,0,0
CNOCNY1W,D,20230103,000000,1.92,1.92,1.92,1.92,0,0
CNOCNY1W,D,20230104,000000,1.582,1.582,1.582,1.582,0,0
CNOCNY1W,D,20230105,000000,1.388,1.388,1.388,1.388,0,0
CNOCNY1W,D,20230106,000000,1.58,1.58,1.58,1.58,0,0
CNOCNY1W,D,20230109,000000,1.729,1.729,1.729,1.729,0,0
CNOCNY1W,D,20230110,000000,1.933,1.933,1.933,1.933,0,0
CNOCNY1W,D,20230111,000000,1.996,1.996,1.996,1.996,0,0
CNOCNY1W,D,20230112,000000,1.992,1.992,1.992,1.992,0,0
CNOCNY1W,D,20230113,000000,1.94,1.94,1.94,1.94,0,0
CNOCNY1W,D,20230116,000000,2.054,2.054,2.054,2.054,0,0
CNOCNY1W,D,20230117,000000,2.195,2.195,2.195,2.195,0,0
CNOCNY1W,D,20230118,000000,2.135,2.135,2.135,2.135,0,0
CNOCNY1W,D,20230119,000000,2.281,2.281,2.281,2.281,0,0
CNOCNY1W,D,20230120,000000,1.988,1.988,1.988,1.988,0,0
CNOCNY1W,D,20230130,000000,2.05,2.05,2.05,2.05,0,0
CNOCNY1W,D,20230131,000000,2.121,2.121,2.121,2.121,0,0
CNOCNY1W,D,20230201,000000,2.045,2.045,2.045,2.045,0,0
CNOCNY1W,D,20230202,000000,1.959,1.959,1.959,1.959,0,0
CNOCNY1W,D,20230203,000000,1.85,1.85,1.85,1.85,0,0
CNOCNY1W,D,20230206,000000,2.007,2.007,2.007,2.007,0,0
CNOCNY1W,D,20230207,000000,2.086,2.086,2.086,2.086,0,0
CNOCNY1W,D,20230208,000000,2.194,2.194,2.194,2.194,0,0
CNOCNY1W,D,20230209,000000,2.198,2.198,2.198,2.198,0,0
CNOCNY1W,D,20230210,000000,1.961,1.961,1.961,1.961,0,0
CNOCNY1W,D,20230213,000000,1.923,1.923,1.923,1.923,0,0
CNOCNY1W,D,20230214,000000,2.007,2.007,2.007,2.007,0,0
CNOCNY1W,D,20230215,000000,1.996,1.996,1.996,1.996,0,0
CNOCNY1W,D,20230216,000000,2.095,2.095,2.095,2.095,0,0
CNOCNY1W,D,20230217,000000,2.198,2.198,2.198,2.198,0,0
CNOCNY1W,D,20230220,000000,2.104,2.104,2.104,2.104,0,0
CNOCNY1W,D,20230221,000000,2.136,2.136,2.136,2.136,0,0
CNOCNY1W,D,20230222,000000,2.158,2.158,2.158,2.158,0,0
CNOCNY1W,D,20230223,000000,2.163,2.163,2.163,2.163,0,0
CNOCNY1W,D,20230224,000000,2.243,2.243,2.243,2.243,0,0
CNOCNY1W,D,20230227,000000,2.177,2.177,2.177,2.177,0,0
CNOCNY1W,D,20230228,000000,2.352,2.352,2.352,2.352,0,0
CNOCNY1W,D,20230301,000000,2.09,2.09,2.09,2.09,0,0
CNOCNY1W,D,20230302,000000,1.993,1.993,1.993,1.993,0,0
CNOCNY1W,D,20230303,000000,1.931,1.931,1.931,1.931,0,0
CNOCNY1W,D,20230306,000000,1.816,1.816,1.816,1.816,0,0
CNOCNY1W,D,20230307,000000,1.873,1.873,1.873,1.873,0,0
CNOCNY1W,D,20230308,000000,1.915,1.915,1.915,1.915,0,0
CNOCNY1W,D,20230309,000000,1.921,1.921,1.921,1.921,0,0
CNOCNY1W,D,20230310,000000,2.013,2.013,2.013,2.013,0,0
CNOCNY1W,D,20230313,000000,1.959,1.959,1.959,1.959,0,0
CNOCNY1W,D,20230314,000000,2.055,2.055,2.055,2.055,0,0
CNOCNY1W,D,20230315,000000,2.089,2.089,2.089,2.089,0,0
CNOCNY1W,D,20230316,000000,2.177,2.177,2.177,2.177,0,0
CNOCNY1W,D,20230317,000000,2.086,2.086,2.086,2.086,0,0
CNOCNY1W,D,20230320,000000,2.163,2.163,2.163,2.163,0,0
CNOCNY1W,D,20230321,000000,2.198,2.198,2.198,2.198,0,0
CNOCNY1W,D,20230322,000000,2.078,2.078,2.078,2.078,0,0
CNOCNY1W,D,20230323,000000,1.937,1.937,1.937,1.937,0,0
CNOCNY1W,D,20230324,000000,1.703,1.703,1.703,1.703,0,0
CNOCNY1W,D,20230327,000000,2.117,2.117,2.117,2.117,0,0
CNOCNY1W,D,20230328,000000,2.028,2.028,2.028,2.028,0,0
CNOCNY1W,D,20230329,000000,2.157,2.157,2.157,2.157,0,0
CNOCNY1W,D,20230330,000000,2.144,2.144,2.144,2.144,0,0
CNOCNY1W,D,20230331,000000,2.215,2.215,2.215,2.215,0,0
CNOCNY1W,D,20230403,000000,1.924,1.924,1.924,1.924,0,0
CNOCNY1W,D,20230404,000000,1.87,1.87,1.87,1.87,0,0
CNOCNY1W,D,20230406,000000,1.978,1.978,1.978,1.978,0,0
CNOCNY1W,D,20230407,000000,1.997,1.997,1.997,1.997,0,0
CNOCNY1W,D,20230410,000000,2.004,2.004,2.004,2.004,0,0
CNOCNY1W,D,20230411,000000,1.985,1.985,1.985,1.985,0,0
CNOCNY1W,D,20230412,000000,1.997,1.997,1.997,1.997,0,0
CNOCNY1W,D,20230413,000000,1.998,1.998,1.998,1.998,0,0
CNOCNY1W,D,20230414,000000,2,2,2,2,0,0
CNOCNY1W,D,20230417,000000,2.048,2.048,2.048,2.048,0,0
CNOCNY1W,D,20230418,000000,2.078,2.078,2.078,2.078,0,0
CNOCNY1W,D,20230419,000000,2.097,2.097,2.097,2.097,0,0
CNOCNY1W,D,20230420,000000,2.101,2.101,2.101,2.101,0,0
CNOCNY1W,D,20230421,000000,2.199,2.199,2.199,2.199,0,0
CNOCNY1W,D,20230424,000000,2.117,2.117,2.117,2.117,0,0
CNOCNY1W,D,20230425,000000,2.022,2.022,2.022,2.022,0,0
CNOCNY1W,D,20230426,000000,2.062,2.062,2.062,2.062,0,0
CNOCNY1W,D,20230427,000000,2.211,2.211,2.211,2.211,0,0
CNOCNY1W,D,20230428,000000,2.3,2.3,2.3,2.3,0,0
CNOCNY1W,D,20230504,000000,1.963,1.963,1.963,1.963,0,0
CNOCNY1W,D,20230505,000000,1.815,1.815,1.815,1.815,0,0
CNOCNY1W,D,20230508,000000,1.795,1.795,1.795,1.795,0,0
CNOCNY1W,D,20230509,000000,1.825,1.825,1.825,1.825,0,0
CNOCNY1W,D,20230510,000000,1.902,1.902,1.902,1.902,0,0
CNOCNY1W,D,20230511,000000,1.803,1.803,1.803,1.803,0,0
CNOCNY1W,D,20230512,000000,1.829,1.829,1.829,1.829,0,0
CNOCNY1W,D,20230515,000000,1.874,1.874,1.874,1.874,0,0
CNOCNY1W,D,20230516,000000,1.766,1.766,1.766,1.766,0,0
CNOCNY1W,D,20230517,000000,1.844,1.844,1.844,1.844,0,0
CNOCNY1W,D,20230518,000000,1.76,1.76,1.76,1.76,0,0
CNOCNY1W,D,20230519,000000,1.91,1.91,1.91,1.91,0,0
CNOCNY1W,D,20230522,000000,1.897,1.897,1.897,1.897,0,0
CNOCNY1W,D,20230523,000000,1.824,1.824,1.824,1.824,0,0
CNOCNY1W,D,20230524,000000,1.762,1.762,1.762,1.762,0,0
CNOCNY1W,D,20230525,000000,1.908,1.908,1.908,1.908,0,0
CNOCNY1W,D,20230526,000000,1.992,1.992,1.992,1.992,0,0
CNOCNY1W,D,20230529,000000,1.937,1.937,1.937,1.937,0,0
CNOCNY1W,D,20230530,000000,1.993,1.993,1.993,1.993,0,0
CNOCNY1W,D,20230531,000000,2.058,2.058,2.058,2.058,0,0
CNOCNY1W,D,20230601,000000,1.848,1.848,1.848,1.848,0,0
CNOCNY1W,D,20230602,000000,1.814,1.814,1.814,1.814,0,0
CNOCNY1W,D,20230605,000000,1.847,1.847,1.847,1.847,0,0
CNOCNY1W,D,20230606,000000,1.767,1.767,1.767,1.767,0,0
CNOCNY1W,D,20230607,000000,1.855,1.855,1.855,1.855,0,0
CNOCNY1W,D,20230608,000000,1.85,1.85,1.85,1.85,0,0
CNOCNY1W,D,20230609,000000,1.826,1.826,1.826,1.826,0,0
CNOCNY1W,D,20230612,000000,1.83,1.83,1.83,1.83,0,0
CNOCNY1W,D,20230613,000000,1.84,1.84,1.84,1.84,0,0
CNOCNY1W,D,20230614,000000,1.846,1.846,1.846,1.846,0,0
CNOCNY1W,D,20230615,000000,1.839,1.839,1.839,1.839,0,0
CNOCNY1W,D,20230616,000000,1.925,1.925,1.925,1.925,0,0
CNOCNY1W,D,20230619,000000,1.984,1.984,1.984,1.984,0,0
CNOCNY1W,D,20230620,000000,2.043,2.043,2.043,2.043,0,0
CNOCNY1W,D,20230621,000000,2.009,2.009,2.009,2.009,0,0
CNOCNY1W,D,20230626,000000,1.867,1.867,1.867,1.867,0,0
CNOCNY1W,D,20230627,000000,1.851,1.851,1.851,1.851,0,0
CNOCNY1W,D,20230628,000000,1.867,1.867,1.867,1.867,0,0
CNOCNY1W,D,20230629,000000,1.884,1.884,1.884,1.884,0,0
CNOCNY1W,D,20230630,000000,2.063,2.063,2.063,2.063,0,0
CNOCNY1W,D,20230703,000000,1.795,1.795,1.795,1.795,0,0
CNOCNY1W,D,20230704,000000,1.758,1.758,1.758,1.758,0,0
CNOCNY1W,D,20230705,000000,1.808,1.808,1.808,1.808,0,0
CNOCNY1W,D,20230706,000000,1.763,1.763,1.763,1.763,0,0
CNOCNY1W,D,20230707,000000,1.779,1.779,1.779,1.779,0,0
CNOCNY1W,D,20230710,000000,1.726,1.726,1.726,1.726,0,0
CNOCNY1W,D,20230711,000000,1.744,1.744,1.744,1.744,0,0
CNOCNY1W,D,20230712,000000,1.781,1.781,1.781,1.781,0,0
CNOCNY1W,D,20230713,000000,1.782,1.782,1.782,1.782,0,0
CNOCNY1W,D,20230714,000000,1.806,1.806,1.806,1.806,0,0
CNOCNY1W,D,20230717,000000,1.86,1.86,1.86,1.86,0,0
CNOCNY1W,D,20230718,000000,1.892,1.892,1.892,1.892,0,0
CNOCNY1W,D,20230719,000000,1.872,1.872,1.872,1.872,0,0
CNOCNY1W,D,20230720,000000,1.832,1.832,1.832,1.832,0,0
CNOCNY1W,D,20230721,000000,1.826,1.826,1.826,1.826,0,0
CNOCNY1W,D,20230724,000000,1.808,1.808,1.808,1.808,0,0
CNOCNY1W,D,20230725,000000,1.843,1.843,1.843,1.843,0,0
CNOCNY1W,D,20230726,000000,1.853,1.853,1.853,1.853,0,0
CNOCNY1W,D,20230727,000000,1.818,1.818,1.818,1.818,0,0
CNOCNY1W,D,20230728,000000,1.826,1.826,1.826,1.826,0,0
CNOCNY1W,D,20230731,000000,1.963,1.963,1.963,1.963,0,0
CNOCNY1W,D,20230801,000000,1.806,1.806,1.806,1.806,0,0
CNOCNY1W,D,20230802,000000,1.777,1.777,1.777,1.777,0,0
CNOCNY1W,D,20230803,000000,1.671,1.671,1.671,1.671,0,0
CNOCNY1W,D,20230804,000000,1.64,1.64,1.64,1.64,0,0
CNOCNY1W,D,20230807,000000,1.737,1.737,1.737,1.737,0,0
CNOCNY1W,D,20230808,000000,1.775,1.775,1.775,1.775,0,0
CNOCNY1W,D,20230809,000000,1.782,1.782,1.782,1.782,0,0
CNOCNY1W,D,20230810,000000,1.758,1.758,1.758,1.758,0,0
CNOCNY1W,D,20230811,000000,1.777,1.777,1.777,1.777,0,0
CNOCNY1W,D,20230814,000000,1.832,1.832,1.832,1.832,0,0
CNOCNY1W,D,20230815,000000,1.886,1.886,1.886,1.886,0,0
CNOCNY1W,D,20230816,000000,1.831,1.831,1.831,1.831,0,0
CNOCNY1W,D,20230817,000000,1.868,1.868,1.868,1.868,0,0
CNOCNY1W,D,20230818,000000,1.886,1.886,1.886,1.886,0,0
CNOCNY1W,D,20230821,000000,1.875,1.875,1.875,1.875,0,0
CNOCNY1W,D,20230822,000000,1.824,1.824,1.824,1.824,0,0
CNOCNY1W,D,20230823,000000,1.81,1.81,1.81,1.81,0,0
CNOCNY1W,D,20230824,000000,1.795,1.795,1.795,1.795,0,0
CNOCNY1W,D,20230825,000000,1.896,1.896,1.896,1.896,0,0
CNOCNY1W,D,20230828,000000,2.056,2.056,2.056,2.056,0,0
CNOCNY1W,D,20230829,000000,2.091,2.091,2.091,2.091,0,0
CNOCNY1W,D,20230830,000000,2.235,2.235,2.235,2.235,0,0
CNOCNY1W,D,20230831,000000,2.103,2.103,2.103,2.103,0,0
CNOCNY1W,D,20230901,000000,1.814,1.814,1.814,1.814,0,0
CNOCNY1W,D,20230904,000000,1.728,1.728,1.728,1.728,0,0
CNOCNY1W,D,20230905,000000,1.733,1.733,1.733,1.733,0,0
CNOCNY1W,D,20230906,000000,1.795,1.795,1.795,1.795,0,0
CNOCNY1W,D,20230907,000000,1.904,1.904,1.904,1.904,0,0
CNOCNY1W,D,20230908,000000,1.835,1.835,1.835,1.835,0,0
CNOCNY1W,D,20230911,000000,1.955,1.955,1.955,1.955,0,0
CNOCNY1W,D,20230912,000000,1.931,1.931,1.931,1.931,0,0
CNOCNY1W,D,20230913,000000,1.874,1.874,1.874,1.874,0,0
CNOCNY1W,D,20230914,000000,1.917,1.917,1.917,1.917,0,0
CNOCNY1W,D,20230915,000000,1.9,1.9,1.9,1.9,0,0
CNOCNY1W,D,20230918,000000,1.891,1.891,1.891,1.891,0,0
CNOCNY1W,D,20230919,000000,1.925,1.925,1.925,1.925,0,0
CNOCNY1W,D,20230920,000000,1.961,1.961,1.961,1.961,0,0
CNOCNY1W,D,20230921,000000,1.951,1.951,1.951,1.951,0,0
CNOCNY1W,D,20230922,000000,1.988,1.988,1.988,1.988,0,0
CNOCNY1W,D,20230925,000000,2.005,2.005,2.005,2.005,0,0
CNOCNY1W,D,20230926,000000,1.969,1.969,1.969,1.969,0,0
CNOCNY1W,D,20230927,000000,1.848,1.848,1.848,1.848,0,0
CNOCNY1W,D,20230928,000000,2.195,2.195,2.195,2.195,0,0
CNOCNY1W,D,20231009,000000,1.801,1.801,1.801,1.801,0,0
CNOCNY1W,D,20231010,000000,1.861,1.861,1.861,1.861,0,0
CNOCNY1W,D,20231011,000000,1.895,1.895,1.895,1.895,0,0
CNOCNY1W,D,20231012,000000,1.889,1.889,1.889,1.889,0,0
CNOCNY1W,D,20231013,000000,1.893,1.893,1.893,1.893,0,0
CNOCNY1W,D,20231016,000000,1.793,1.793,1.793,1.793,0,0
CNOCNY1W,D,20231017,000000,1.844,1.844,1.844,1.844,0,0
CNOCNY1W,D,20231018,000000,1.899,1.899,1.899,1.899,0,0
CNOCNY1W,D,20231019,000000,1.929,1.929,1.929,1.929,0,0
CNOCNY1W,D,20231020,000000,2.103,2.103,2.103,2.103,0,0
CNOCNY1W,D,20231023,000000,1.933,1.933,1.933,1.933,0,0
CNOCNY1W,D,20231024,000000,1.988,1.988,1.988,1.988,0,0
CNOCNY1W,D,20231025,000000,2.006,2.006,2.006,2.006,0,0
CNOCNY1W,D,20231026,000000,2.045,2.045,2.045,2.045,0,0
CNOCNY1W,D,20231027,000000,2.053,2.053,2.053,2.053,0,0
CNOCNY1W,D,20231030,000000,2.041,2.041,2.041,2.041,0,0
CNOCNY1W,D,20231031,000000,1.965,1.965,1.965,1.965,0,0
CNOCNY1W,D,20231101,000000,1.889,1.889,1.889,1.889,0,0
CNOCNY1W,D,20231102,000000,1.837,1.837,1.837,1.837,0,0
CNOCNY1W,D,20231103,000000,1.742,1.742,1.742,1.742,0,0
CNOCNY1W,D,20231106,000000,1.752,1.752,1.752,1.752,0,0
CNOCNY1W,D,20231107,000000,1.817,1.817,1.817,1.817,0,0
CNOCNY1W,D,20231108,000000,1.822,1.822,1.822,1.822,0,0
CNOCNY1W,D,20231109,000000,1.824,1.824,1.824,1.824,0,0
CNOCNY1W,D,20231110,000000,1.826,1.826,1.826,1.826,0,0
CNOCNY1W,D,20231113,000000,1.84,1.84,1.84,1.84,0,0
CNOCNY1W,D,20231114,000000,1.967,1.967,1.967,1.967,0,0
CNOCNY1W,D,20231115,000000,1.896,1.896,1.896,1.896,0,0
CNOCNY1W,D,20231116,000000,1.951,1.951,1.951,1.951,0,0
CNOCNY1W,D,20231117,000000,1.9622,1.9622,1.9622,1.9622,0,0
CNOCNY1W,D,20231120,000000,1.962,1.962,1.962,1.962,0,0
CNOCNY1W,D,20231121,000000,1.961,1.961,1.961,1.961,0,0
CNOCNY1W,D,20231122,000000,1.997,1.997,1.997,1.997,0,0
CNOCNY1W,D,20231123,000000,1.949,1.949,1.949,1.949,0,0
CNOCNY1W,D,20231124,000000,2.195,2.195,2.195,2.195,0,0
CNOCNY1W,D,20231127,000000,2.094,2.094,2.094,2.094,0,0
CNOCNY1W,D,20231128,000000,2.051,2.051,2.051,2.051,0,0
CNOCNY1W,D,20231129,000000,2.076,2.076,2.076,2.076,0,0
CNOCNY1W,D,20231130,000000,2.166,2.166,2.166,2.166,0,0
CNOCNY1W,D,20231201,000000,1.795,1.795,1.795,1.795,0,0
CNOCNY1W,D,20231204,000000,1.759,1.759,1.759,1.759,0,0
CNOCNY1W,D,20231205,000000,1.816,1.816,1.816,1.816,0,0
CNOCNY1W,D,20231206,000000,1.763,1.763,1.763,1.763,0,0
CNOCNY1W,D,20231207,000000,1.755,1.755,1.755,1.755,0,0
CNOCNY1W,D,20231208,000000,1.798,1.798,1.798,1.798,0,0
CNOCNY1W,D,20231211,000000,1.855,1.855,1.855,1.855,0,0
CNOCNY1W,D,20231212,000000,1.839,1.839,1.839,1.839,0,0
CNOCNY1W,D,20231213,000000,1.789,1.789,1.789,1.789,0,0
CNOCNY1W,D,20231214,000000,1.763,1.763,1.763,1.763,0,0
CNOCNY1W,D,20231215,000000,1.753,1.753,1.753,1.753,0,0
CNOCNY1W,D,20231218,000000,1.818,1.818,1.818,1.818,0,0
CNOCNY1W,D,20231219,000000,1.767,1.767,1.767,1.767,0,0
CNOCNY1W,D,20231220,000000,1.784,1.784,1.784,1.784,0,0
CNOCNY1W,D,20231221,000000,1.801,1.801,1.801,1.801,0,0
CNOCNY1W,D,20231222,000000,1.762,1.762,1.762,1.762,0,0
CNOCNY1W,D,20231225,000000,1.822,1.822,1.822,1.822,0,0
CNOCNY1W,D,20231226,000000,1.844,1.844,1.844,1.844,0,0
CNOCNY1W,D,20231227,000000,1.864,1.864,1.864,1.864,0,0
CNOCNY1W,D,20231228,000000,1.937,1.937,1.937,1.937,0,0
CNOCNY1W,D,20231229,000000,1.867,1.867,1.867,1.867,0,0
CNOCNY1W,D,20240102,000000,1.786,1.786,1.786,1.786,0,0
CNOCNY1W,D,20240103,000000,1.805,1.805,1.805,1.805,0,0
CNOCNY1W,D,20240104,000000,1.783,1.783,1.783,1.783,0,0
CNOCNY1W,D,20240105,000000,1.77,1.77,1.77,1.77,0,0
CNOCNY1W,D,20240108,000000,1.772,1.772,1.772,1.772,0,0
CNOCNY1W,D,20240109,000000,1.79,1.79,1.79,1.79,0,0
CNOCNY1W,D,20240110,000000,1.797,1.797,1.797,1.797,0,0
CNOCNY1W,D,20240111,000000,1.799,1.799,1.799,1.799,0,0
CNOCNY1W,D,20240112,000000,1.846,1.846,1.846,1.846,0,0
CNOCNY1W,D,20240115,000000,1.862,1.862,1.862,1.862,0,0
CNOCNY1W,D,20240116,000000,1.934,1.934,1.934,1.934,0,0
CNOCNY1W,D,20240117,000000,1.943,1.943,1.943,1.943,0,0
CNOCNY1W,D,20240118,000000,1.819,1.819,1.819,1.819,0,0
CNOCNY1W,D,20240119,000000,1.831,1.831,1.831,1.831,0,0
CNOCNY1W,D,20240122,000000,1.844,1.844,1.844,1.844,0,0
CNOCNY1W,D,20240123,000000,1.807,1.807,1.807,1.807,0,0
CNOCNY1W,D,20240124,000000,1.84,1.84,1.84,1.84,0,0
CNOCNY1W,D,20240125,000000,1.872,1.872,1.872,1.872,0,0
CNOCNY1W,D,20240126,000000,1.899,1.899,1.899,1.899,0,0
CNOCNY1W,D,20240129,000000,1.863,1.863,1.863,1.863,0,0
CNOCNY1W,D,20240130,000000,1.959,1.959,1.959,1.959,0,0
CNOCNY1W,D,20240131,000000,1.829,1.829,1.829,1.829,0,0
CNOCNY1W,D,20240201,000000,1.809,1.809,1.809,1.809,0,0
CNOCNY1W,D,20240202,000000,1.846,1.846,1.846,1.846,0,0
CNOCNY1W,D,20240205,000000,1.946,1.946,1.946,1.946,0,0
CNOCNY1W,D,20240206,000000,1.966,1.966,1.966,1.966,0,0
CNOCNY1W,D,20240207,000000,1.947,1.947,1.947,1.947,0,0
CNOCNY1W,D,20240208,000000,1.791,1.791,1.791,1.791,0,0
CNOCNY1W,D,20240209,000000,1.857,1.857,1.857,1.857,0,0
CNOCNY1W,D,20240219,000000,1.785,1.785,1.785,1.785,0,0
CNOCNY1W,D,20240220,000000,1.787,1.787,1.787,1.787,0,0
CNOCNY1W,D,20240221,000000,1.819,1.819,1.819,1.819,0,0
CNOCNY1W,D,20240222,000000,1.815,1.815,1.815,1.815,0,0
CNOCNY1W,D,20240223,000000,1.816,1.816,1.816,1.816,0,0
CNOCNY1W,D,20240226,000000,1.883,1.883,1.883,1.883,0,0
CNOCNY1W,D,20240227,000000,1.904,1.904,1.904,1.904,0,0
CNOCNY1W,D,20240228,000000,1.8178,1.8178,1.8178,1.8178,0,0
CNOCNY1W,D,20240229,000000,1.775,1.775,1.775,1.775,0,0
CNOCNY1W,D,20240301,000000,1.806,1.806,1.806,1.806,0,0
CNOCNY1W,D,20240304,000000,1.811,1.811,1.811,1.811,0,0
CNOCNY1W,D,20240305,000000,1.855,1.855,1.855,1.855,0,0
CNOCNY1W,D,20240306,000000,1.822,1.822,1.822,1.822,0,0
CNOCNY1W,D,20240307,000000,1.827,1.827,1.827,1.827,0,0
CNOCNY1W,D,20240308,000000,1.848,1.848,1.848,1.848,0,0
CNOCNY1W,D,20240311,000000,1.853,1.853,1.853,1.853,0,0
CNOCNY1W,D,20240312,000000,1.853,1.853,1.853,1.853,0,0
CNOCNY1W,D,20240313,000000,1.882,1.882,1.882,1.882,0,0
CNOCNY1W,D,20240314,000000,1.88,1.88,1.88,1.88,0,0
CNOCNY1W,D,20240315,000000,1.89,1.89,1.89,1.89,0,0
CNOCNY1W,D,20240318,000000,1.854,1.854,1.854,1.854,0,0
CNOCNY1W,D,20240319,000000,1.87,1.87,1.87,1.87,0,0
CNOCNY1W,D,20240320,000000,1.844,1.844,1.844,1.844,0,0
CNOCNY1W,D,20240321,000000,1.834,1.834,1.834,1.834,0,0
CNOCNY1W,D,20240322,000000,1.845,1.845,1.845,1.845,0,0
CNOCNY1W,D,20240325,000000,1.898,1.898,1.898,1.898,0,0
CNOCNY1W,D,20240326,000000,1.957,1.957,1.957,1.957,0,0
CNOCNY1W,D,20240327,000000,1.972,1.972,1.972,1.972,0,0
CNOCNY1W,D,20240328,000000,1.948,1.948,1.948,1.948,0,0
CNOCNY1W,D,20240329,000000,1.967,1.967,1.967,1.967,0,0
CNOCNY1W,D,20240401,000000,1.857,1.857,1.857,1.857,0,0
CNOCNY1W,D,20240402,000000,1.833,1.833,1.833,1.833,0,0
CNOCNY1W,D,20240403,000000,1.821,1.821,1.821,1.821,0,0
CNOCNY1W,D,20240408,000000,1.815,1.815,1.815,1.815,0,0
CNOCNY1W,D,20240409,000000,1.816,1.816,1.816,1.816,0,0
CNOCNY1W,D,20240410,000000,1.817,1.817,1.817,1.817,0,0
CNOCNY1W,D,20240411,000000,1.815,1.815,1.815,1.815,0,0
CNOCNY1W,D,20240412,000000,1.82,1.82,1.82,1.82,0,0
CNOCNY1W,D,20240415,000000,1.797,1.797,1.797,1.797,0,0
CNOCNY1W,D,20240416,000000,1.805,1.805,1.805,1.805,0,0
CNOCNY1W,D,20240417,000000,1.816,1.816,1.816,1.816,0,0
CNOCNY1W,D,20240418,000000,1.836,1.836,1.836,1.836,0,0
CNOCNY1W,D,20240419,000000,1.87,1.87,1.87,1.87,0,0
CNOCNY1W,D,20240422,000000,1.831,1.831,1.831,1.831,0,0
CNOCNY1W,D,20240423,000000,1.824,1.824,1.824,1.824,0,0
CNOCNY1W,D,20240424,000000,1.855,1.855,1.855,1.855,0,0
CNOCNY1W,D,20240425,000000,1.885,1.885,1.885,1.885,0,0
CNOCNY1W,D,20240426,000000,1.912,1.912,1.912,1.912,0,0
CNOCNY1W,D,20240429,000000,2.08,2.08,2.08,2.08,0,0
CNOCNY1W,D,20240430,000000,2.109,2.109,2.109,2.109,0,0
CNOCNY1W,D,20240506,000000,1.874,1.874,1.874,1.874,0,0
CNOCNY1W,D,20240507,000000,1.845,1.845,1.845,1.845,0,0
CNOCNY1W,D,20240508,000000,1.867,1.867,1.867,1.867,0,0
CNOCNY1W,D,20240509,000000,1.822,1.822,1.822,1.822,0,0
CNOCNY1W,D,20240510,000000,1.836,1.836,1.836,1.836,0,0
CNOCNY1W,D,20240513,000000,1.836,1.836,1.836,1.836,0,0
CNOCNY1W,D,20240514,000000,1.837,1.837,1.837,1.837,0,0
CNOCNY1W,D,20240515,000000,1.808,1.808,1.808,1.808,0,0
CNOCNY1W,D,20240516,000000,1.801,1.801,1.801,1.801,0,0
CNOCNY1W,D,20240517,000000,1.808,1.808,1.808,1.808,0,0
CNOCNY1W,D,20240520,000000,1.803,1.803,1.803,1.803,0,0
CNOCNY1W,D,20240521,000000,1.847,1.847,1.847,1.847,0,0
CNOCNY1W,D,20240522,000000,1.838,1.838,1.838,1.838,0,0
CNOCNY1W,D,20240523,000000,1.829,1.829,1.829,1.829,0,0
CNOCNY1W,D,20240524,000000,1.818,1.818,1.818,1.818,0,0
CNOCNY1W,D,20240527,000000,1.888,1.888,1.888,1.888,0,0
CNOCNY1W,D,20240528,000000,1.885,1.885,1.885,1.885,0,0
CNOCNY1W,D,20240529,000000,1.897,1.897,1.897,1.897,0,0
CNOCNY1W,D,20240530,000000,1.903,1.903,1.903,1.903,0,0
CNOCNY1W,D,20240531,000000,1.851,1.851,1.851,1.851,0,0
CNOCNY1W,D,20240603,000000,1.811,1.811,1.811,1.811,0,0
CNOCNY1W,D,20240604,000000,1.785,1.785,1.785,1.785,0,0
CNOCNY1W,D,20240605,000000,1.776,1.776,1.776,1.776,0,0
CNOCNY1W,D,20240606,000000,1.78,1.78,1.78,1.78,0,0
CNOCNY1W,D,20240607,000000,1.751,1.751,1.751,1.751,0,0
CNOCNY1W,D,20240611,000000,1.802,1.802,1.802,1.802,0,0
CNOCNY1W,D,20240612,000000,1.796,1.796,1.796,1.796,0,0
CNOCNY1W,D,20240613,000000,1.817,1.817,1.817,1.817,0,0
CNOCNY1W,D,20240614,000000,1.813,1.813,1.813,1.813,0,0
CNOCNY1W,D,20240617,000000,1.862,1.862,1.862,1.862,0,0
CNOCNY1W,D,20240618,000000,1.882,1.882,1.882,1.882,0,0
CNOCNY1W,D,20240619,000000,1.861,1.861,1.861,1.861,0,0
CNOCNY1W,D,20240620,000000,1.89,1.89,1.89,1.89,0,0
CNOCNY1W,D,20240621,000000,1.939,1.939,1.939,1.939,0,0
CNOCNY1W,D,20240624,000000,2.008,2.008,2.008,2.008,0,0
CNOCNY1W,D,20240625,000000,2.014,2.014,2.014,2.014,0,0
CNOCNY1W,D,20240626,000000,2.083,2.083,2.083,2.083,0,0
CNOCNY1W,D,20240627,000000,2.028,2.028,2.028,2.028,0,0
CNOCNY1W,D,20240628,000000,2.099,2.099,2.099,2.099,0,0
CNOCNY1W,D,20240701,000000,1.802,1.802,1.802,1.802,0,0
CNOCNY1W,D,20240702,000000,1.796,1.796,1.796,1.796,0,0
CNOCNY1W,D,20240703,000000,1.8,1.8,1.8,1.8,0,0
CNOCNY1W,D,20240704,000000,1.811,1.811,1.811,1.811,0,0
CNOCNY1W,D,20240705,000000,1.807,1.807,1.807,1.807,0,0
CNOCNY1W,D,20240708,000000,1.82,1.82,1.82,1.82,0,0
CNOCNY1W,D,20240709,000000,1.804,1.804,1.804,1.804,0,0
CNOCNY1W,D,20240710,000000,1.8,1.8,1.8,1.8,0,0
CNOCNY1W,D,20240711,000000,1.803,1.803,1.803,1.803,0,0
CNOCNY1W,D,20240712,000000,1.801,1.801,1.801,1.801,0,0
CNOCNY1W,D,20240715,000000,1.821,1.821,1.821,1.821,0,0
CNOCNY1W,D,20240716,000000,1.894,1.894,1.894,1.894,0,0
CNOCNY1W,D,20240717,000000,1.885,1.885,1.885,1.885,0,0
CNOCNY1W,D,20240718,000000,1.893,1.893,1.893,1.893,0,0
CNOCNY1W,D,20240719,000000,1.855,1.855,1.855,1.855,0,0
CNOCNY1W,D,20240722,000000,1.715,1.715,1.715,1.715,0,0
CNOCNY1W,D,20240723,000000,1.751,1.751,1.751,1.751,0,0
CNOCNY1W,D,20240724,000000,1.742,1.742,1.742,1.742,0,0
CNOCNY1W,D,20240725,000000,1.871,1.871,1.871,1.871,0,0
CNOCNY1W,D,20240726,000000,1.913,1.913,1.913,1.913,0,0
CNOCNY1W,D,20240729,000000,1.895,1.895,1.895,1.895,0,0
CNOCNY1W,D,20240730,000000,1.814,1.814,1.814,1.814,0,0
CNOCNY1W,D,20240731,000000,1.772,1.772,1.772,1.772,0,0
CNOCNY1W,D,20240801,000000,1.7,1.7,1.7,1.7,0,0
CNOCNY1W,D,20240802,000000,1.7,1.7,1.7,1.7,0,0
CNOCNY1W,D,20240805,000000,1.694,1.694,1.694,1.694,0,0
CNOCNY1W,D,20240806,000000,1.687,1.687,1.687,1.687,0,0
CNOCNY1W,D,20240807,000000,1.708,1.708,1.708,1.708,0,0
CNOCNY1W,D,20240808,000000,1.763,1.763,1.763,1.763,0,0
CNOCNY1W,D,20240809,000000,1.795,1.795,1.795,1.795,0,0
CNOCNY1W,D,20240812,000000,1.893,1.893,1.893,1.893,0,0
CNOCNY1W,D,20240813,000000,1.828,1.828,1.828,1.828,0,0
CNOCNY1W,D,20240814,000000,1.869,1.869,1.869,1.869,0,0
CNOCNY1W,D,20240815,000000,1.814,1.814,1.814,1.814,0,0
CNOCNY1W,D,20240816,000000,1.811,1.811,1.811,1.811,0,0
CNOCNY1W,D,20240819,000000,1.722,1.722,1.722,1.722,0,0
CNOCNY1W,D,20240820,000000,1.761,1.761,1.761,1.761,0,0
CNOCNY1W,D,20240821,000000,1.808,1.808,1.808,1.808,0,0
CNOCNY1W,D,20240822,000000,1.821,1.821,1.821,1.821,0,0
CNOCNY1W,D,20240823,000000,1.825,1.825,1.825,1.825,0,0
CNOCNY1W,D,20240826,000000,1.936,1.936,1.936,1.936,0,0
CNOCNY1W,D,20240827,000000,1.869,1.869,1.869,1.869,0,0
CNOCNY1W,D,20240828,000000,1.758,1.758,1.758,1.758,0,0
CNOCNY1W,D,20240829,000000,1.628,1.628,1.628,1.628,0,0
CNOCNY1W,D,20240830,000000,1.647,1.647,1.647,1.647,0,0
CNOCNY1W,D,20240902,000000,1.689,1.689,1.689,1.689,0,0
CNOCNY1W,D,20240903,000000,1.68,1.68,1.68,1.68,0,0
CNOCNY1W,D,20240904,000000,1.67,1.67,1.67,1.67,0,0
CNOCNY1W,D,20240905,000000,1.68,1.68,1.68,1.68,0,0
CNOCNY1W,D,20240906,000000,1.676,1.676,1.676,1.676,0,0
CNOCNY1W,D,20240909,000000,1.833,1.833,1.833,1.833,0,0
CNOCNY1W,D,20240910,000000,1.834,1.834,1.834,1.834,0,0
CNOCNY1W,D,20240911,000000,1.776,1.776,1.776,1.776,0,0
CNOCNY1W,D,20240912,000000,1.794,1.794,1.794,1.794,0,0
CNOCNY1W,D,20240913,000000,1.806,1.806,1.806,1.806,0,0
CNOCNY1W,D,20240918,000000,1.86,1.86,1.86,1.86,0,0
CNOCNY1W,D,20240919,000000,1.947,1.947,1.947,1.947,0,0
CNOCNY1W,D,20240920,000000,1.929,1.929,1.929,1.929,0,0
CNOCNY1W,D,20240923,000000,1.859,1.859,1.859,1.859,0,0
CNOCNY1W,D,20240924,000000,1.92,1.92,1.92,1.92,0,0
CNOCNY1W,D,20240925,000000,1.873,1.873,1.873,1.873,0,0
CNOCNY1W,D,20240926,000000,1.838,1.838,1.838,1.838,0,0
CNOCNY1W,D,20240927,000000,1.661,1.661,1.661,1.661,0,0
CNOCNY1W,D,20240930,000000,1.522,1.522,1.522,1.522,0,0
CNOCNY1W,D,20241008,000000,1.697,1.697,1.697,1.697,0,0
CNOCNY1W,D,20241009,000000,1.803,1.803,1.803,1.803,0,0
CNOCNY1W,D,20241010,000000,1.7,1.7,1.7,1.7,0,0
CNOCNY1W,D,20241011,000000,1.526,1.526,1.526,1.526,0,0
CNOCNY1W,D,20241014,000000,1.587,1.587,1.587,1.587,0,0
CNOCNY1W,D,20241015,000000,1.517,1.517,1.517,1.517,0,0
CNOCNY1W,D,20241016,000000,1.59,1.59,1.59,1.59,0,0
CNOCNY1W,D,20241017,000000,1.549,1.549,1.549,1.549,0,0
CNOCNY1W,D,20241018,000000,1.568,1.568,1.568,1.568,0,0
CNOCNY1W,D,20241021,000000,1.584,1.584,1.584,1.584,0,0
CNOCNY1W,D,20241022,000000,1.579,1.579,1.579,1.579,0,0
CNOCNY1W,D,20241023,000000,1.595,1.595,1.595,1.595,0,0
CNOCNY1W,D,20241024,000000,1.596,1.596,1.596,1.596,0,0
CNOCNY1W,D,20241025,000000,1.703,1.703,1.703,1.703,0,0
CNOCNY1W,D,20241028,000000,1.658,1.658,1.658,1.658,0,0
CNOCNY1W,D,20241029,000000,1.75,1.75,1.75,1.75,0,0
CNOCNY1W,D,20241030,000000,1.656,1.656,1.656,1.656,0,0
CNOCNY1W,D,20241031,000000,1.656,1.656,1.656,1.656,0,0
CNOCNY1W,D,20241101,000000,1.507,1.507,1.507,1.507,0,0
CNOCNY1W,D,20241104,000000,1.496,1.496,1.496,1.496,0,0
CNOCNY1W,D,20241105,000000,1.5,1.5,1.5,1.5,0,0
CNOCNY1W,D,20241106,000000,1.5,1.5,1.5,1.5,0,0
CNOCNY1W,D,20241107,000000,1.555,1.555,1.555,1.555,0,0
CNOCNY1W,D,20241108,000000,1.645,1.645,1.645,1.645,0,0
CNOCNY1W,D,20241111,000000,1.655,1.655,1.655,1.655,0,0
CNOCNY1W,D,20241112,000000,1.687,1.687,1.687,1.687,0,0
CNOCNY1W,D,20241113,000000,1.644,1.644,1.644,1.644,0,0
CNOCNY1W,D,20241114,000000,1.674,1.674,1.674,1.674,0,0
CNOCNY1W,D,20241115,000000,1.685,1.685,1.685,1.685,0,0
CNOCNY1W,D,20241118,000000,1.697,1.697,1.697,1.697,0,0
CNOCNY1W,D,20241119,000000,1.693,1.693,1.693,1.693,0,0
CNOCNY1W,D,20241120,000000,1.684,1.684,1.684,1.684,0,0
CNOCNY1W,D,20241121,000000,1.659,1.659,1.659,1.659,0,0
CNOCNY1W,D,20241122,000000,1.653,1.653,1.653,1.653,0,0
CNOCNY1W,D,20241125,000000,1.727,1.727,1.727,1.727,0,0
CNOCNY1W,D,20241126,000000,1.723,1.723,1.723,1.723,0,0
CNOCNY1W,D,20241127,000000,1.7,1.7,1.7,1.7,0,0
CNOCNY1W,D,20241128,000000,1.726,1.726,1.726,1.726,0,0
CNOCNY1W,D,20241129,000000,1.631,1.631,1.631,1.631,0,0
CNOCNY1W,D,20241202,000000,1.591,1.591,1.591,1.591,0,0
CNOCNY1W,D,20241203,000000,1.601,1.601,1.601,1.601,0,0
CNOCNY1W,D,20241204,000000,1.588,1.588,1.588,1.588,0,0
CNOCNY1W,D,20241205,000000,1.688,1.688,1.688,1.688,0,0
CNOCNY1W,D,20241206,000000,1.686,1.686,1.686,1.686,0,0
CNOCNY1W,D,20241209,000000,1.736,1.736,1.736,1.736,0,0
CNOCNY1W,D,20241210,000000,1.784,1.784,1.784,1.784,0,0
CNOCNY1W,D,20241211,000000,1.722,1.722,1.722,1.722,0,0
CNOCNY1W,D,20241212,000000,1.635,1.635,1.635,1.635,0,0
CNOCNY1W,D,20241213,000000,1.758,1.758,1.758,1.758,0,0
CNOCNY1W,D,20241216,000000,1.762,1.762,1.762,1.762,0,0
CNOCNY1W,D,20241217,000000,1.787,1.787,1.787,1.787,0,0
CNOCNY1W,D,20241218,000000,1.776,1.776,1.776,1.776,0,0
CNOCNY1W,D,20241219,000000,1.627,1.627,1.627,1.627,0,0
CNOCNY1W,D,20241220,000000,1.62,1.62,1.62,1.62,0,0
CNOCNY1W,D,20241223,000000,1.525,1.525,1.525,1.525,0,0
CNOCNY1W,D,20241224,000000,1.489,1.489,1.489,1.489,0,0
CNOCNY1W,D,20241225,000000,1.516,1.516,1.516,1.516,0,0
CNOCNY1W,D,20241226,000000,1.533,1.533,1.533,1.533,0,0
CNOCNY1W,D,20241227,000000,1.74,1.74,1.74,1.74,0,0
CNOCNY1W,D,20241230,000000,1.95,1.95,1.95,1.95,0,0
CNOCNY1W,D,20241231,000000,1.966,1.966,1.966,1.966,0,0
CNOCNY1W,D,20250102,000000,1.643,1.643,1.643,1.643,0,0
CNOCNY1W,D,20250103,000000,1.67,1.67,1.67,1.67,0,0
CNOCNY1W,D,20250106,000000,1.596,1.596,1.596,1.596,0,0
CNOCNY1W,D,20250107,000000,1.541,1.541,1.541,1.541,0,0
CNOCNY1W,D,20250108,000000,1.58,1.58,1.58,1.58,0,0
CNOCNY1W,D,20250109,000000,1.632,1.632,1.632,1.632,0,0
CNOCNY1W,D,20250110,000000,1.692,1.692,1.692,1.692,0,0
CNOCNY1W,D,20250113,000000,1.96,1.96,1.96,1.96,0,0
CNOCNY1W,D,20250114,000000,2.162,2.162,2.162,2.162,0,0
CNOCNY1W,D,20250115,000000,2.117,2.117,2.117,2.117,0,0
CNOCNY1W,D,20250116,000000,2.192,2.192,2.192,2.192,0,0
CNOCNY1W,D,20250117,000000,2.039,2.039,2.039,2.039,0,0
CNOCNY1W,D,20250120,000000,2.013,2.013,2.013,2.013,0,0
CNOCNY1W,D,20250121,000000,1.906,1.906,1.906,1.906,0,0
CNOCNY1W,D,20250122,000000,1.813,1.813,1.813,1.813,0,0
CNOCNY1W,D,20250123,000000,1.995,1.995,1.995,1.995,0,0
CNOCNY1W,D,20250124,000000,2.078,2.078,2.078,2.078,0,0
CNOCNY1W,D,20250127,000000,1.715,1.715,1.715,1.715,0,0
CNOCNY1W,D,20250205,000000,1.844,1.844,1.844,1.844,0,0
CNOCNY1W,D,20250206,000000,1.785,1.785,1.785,1.785,0,0
CNOCNY1W,D,20250207,000000,1.732,1.732,1.732,1.732,0,0
CNOCNY1W,D,20250210,000000,1.729,1.729,1.729,1.729,0,0
CNOCNY1W,D,20250211,000000,1.838,1.838,1.838,1.838,0,0
CNOCNY1W,D,20250212,000000,1.845,1.845,1.845,1.845,0,0
CNOCNY1W,D,20250213,000000,1.763,1.763,1.763,1.763,0,0
CNOCNY1W,D,20250214,000000,1.894,1.894,1.894,1.894,0,0
