<TICKER>,<PER>,<DATE>,<TIME>,<OPEN>,<HIGH>,<LOW>,<CLOSE>,<VOL>,<OPENINT>
CNOCNY1Y,D,20200402,000000,2.202,2.202,2.202,2.202,0,0
CNOCNY1Y,D,20200403,000000,2.165,2.165,2.165,2.165,0,0
CNOCNY1Y,D,20200407,000000,2.07,2.07,2.07,2.07,0,0
CNOCNY1Y,D,20200408,000000,1.951,1.951,1.951,1.951,0,0
CNOCNY1Y,D,20200409,000000,1.855,1.855,1.855,1.855,0,0
CNOCNY1Y,D,20200410,000000,1.794,1.794,1.794,1.794,0,0
CNOCNY1Y,D,20200413,000000,1.758,1.758,1.758,1.758,0,0
CNOCNY1Y,D,20200414,000000,1.733,1.733,1.733,1.733,0,0
CNOCNY1Y,D,20200415,000000,1.712,1.712,1.712,1.712,0,0
CNOCNY1Y,D,20200416,000000,1.694,1.694,1.694,1.694,0,0
CNOCNY1Y,D,20200417,000000,1.683,1.683,1.683,1.683,0,0
CNOCNY1Y,D,20200420,000000,1.674,1.674,1.674,1.674,0,0
CNOCNY1Y,D,20200421,000000,1.674,1.674,1.674,1.674,0,0
CNOCNY1Y,D,20200422,000000,1.676,1.676,1.676,1.676,0,0
CNOCNY1Y,D,20200423,000000,1.683,1.683,1.683,1.683,0,0
CNOCNY1Y,D,20200424,000000,1.683,1.683,1.683,1.683,0,0
CNOCNY1Y,D,20200427,000000,1.682,1.682,1.682,1.682,0,0
CNOCNY1Y,D,20200428,000000,1.681,1.681,1.681,1.681,0,0
CNOCNY1Y,D,20200429,000000,1.681,1.681,1.681,1.681,0,0
CNOCNY1Y,D,20200430,000000,1.683,1.683,1.683,1.683,0,0
CNOCNY1Y,D,20200506,000000,1.684,1.684,1.684,1.684,0,0
CNOCNY1Y,D,20200507,000000,1.683,1.683,1.683,1.683,0,0
CNOCNY1Y,D,20200508,000000,1.683,1.683,1.683,1.683,0,0
CNOCNY1Y,D,20200511,000000,1.69,1.69,1.69,1.69,0,0
CNOCNY1Y,D,20200512,000000,1.695,1.695,1.695,1.695,0,0
CNOCNY1Y,D,20200513,000000,1.696,1.696,1.696,1.696,0,0
CNOCNY1Y,D,20200514,000000,1.698,1.698,1.698,1.698,0,0
CNOCNY1Y,D,20200515,000000,1.7,1.7,1.7,1.7,0,0
CNOCNY1Y,D,20200518,000000,1.699,1.699,1.699,1.699,0,0
CNOCNY1Y,D,20200519,000000,1.698,1.698,1.698,1.698,0,0
CNOCNY1Y,D,20200520,000000,1.699,1.699,1.699,1.699,0,0
CNOCNY1Y,D,20200521,000000,1.701,1.701,1.701,1.701,0,0
CNOCNY1Y,D,20200522,000000,1.704,1.704,1.704,1.704,0,0
CNOCNY1Y,D,20200525,000000,1.71,1.71,1.71,1.71,0,0
CNOCNY1Y,D,20200526,000000,1.723,1.723,1.723,1.723,0,0
CNOCNY1Y,D,20200527,000000,1.739,1.739,1.739,1.739,0,0
CNOCNY1Y,D,20200528,000000,1.748,1.748,1.748,1.748,0,0
CNOCNY1Y,D,20200529,000000,1.774,1.774,1.774,1.774,0,0
CNOCNY1Y,D,20200601,000000,1.788,1.788,1.788,1.788,0,0
CNOCNY1Y,D,20200602,000000,1.801,1.801,1.801,1.801,0,0
CNOCNY1Y,D,20200603,000000,1.826,1.826,1.826,1.826,0,0
CNOCNY1Y,D,20200604,000000,1.851,1.851,1.851,1.851,0,0
CNOCNY1Y,D,20200605,000000,1.903,1.903,1.903,1.903,0,0
CNOCNY1Y,D,20200608,000000,1.957,1.957,1.957,1.957,0,0
CNOCNY1Y,D,20200609,000000,2.007,2.007,2.007,2.007,0,0
CNOCNY1Y,D,20200610,000000,2.053,2.053,2.053,2.053,0,0
CNOCNY1Y,D,20200611,000000,2.138,2.138,2.138,2.138,0,0
CNOCNY1Y,D,20200612,000000,2.189,2.189,2.189,2.189,0,0
CNOCNY1Y,D,20200615,000000,2.207,2.207,2.207,2.207,0,0
CNOCNY1Y,D,20200616,000000,2.23,2.23,2.23,2.23,0,0
CNOCNY1Y,D,20200617,000000,2.266,2.266,2.266,2.266,0,0
CNOCNY1Y,D,20200618,000000,2.285,2.285,2.285,2.285,0,0
CNOCNY1Y,D,20200619,000000,2.3,2.3,2.3,2.3,0,0
CNOCNY1Y,D,20200622,000000,2.308,2.308,2.308,2.308,0,0
CNOCNY1Y,D,20200623,000000,2.325,2.325,2.325,2.325,0,0
CNOCNY1Y,D,20200624,000000,2.344,2.344,2.344,2.344,0,0
CNOCNY1Y,D,20200629,000000,2.35,2.35,2.35,2.35,0,0
CNOCNY1Y,D,20200630,000000,2.358,2.358,2.358,2.358,0,0
CNOCNY1Y,D,20200701,000000,2.361,2.361,2.361,2.361,0,0
CNOCNY1Y,D,20200702,000000,2.368,2.368,2.368,2.368,0,0
CNOCNY1Y,D,20200703,000000,2.376,2.376,2.376,2.376,0,0
CNOCNY1Y,D,20200706,000000,2.384,2.384,2.384,2.384,0,0
CNOCNY1Y,D,20200707,000000,2.392,2.392,2.392,2.392,0,0
CNOCNY1Y,D,20200708,000000,2.404,2.404,2.404,2.404,0,0
CNOCNY1Y,D,20200709,000000,2.42,2.42,2.42,2.42,0,0
CNOCNY1Y,D,20200710,000000,2.433,2.433,2.433,2.433,0,0
CNOCNY1Y,D,20200713,000000,2.455,2.455,2.455,2.455,0,0
CNOCNY1Y,D,20200714,000000,2.48,2.48,2.48,2.48,0,0
CNOCNY1Y,D,20200715,000000,2.516,2.516,2.516,2.516,0,0
CNOCNY1Y,D,20200716,000000,2.574,2.574,2.574,2.574,0,0
CNOCNY1Y,D,20200717,000000,2.637,2.637,2.637,2.637,0,0
CNOCNY1Y,D,20200720,000000,2.671,2.671,2.671,2.671,0,0
CNOCNY1Y,D,20200721,000000,2.727,2.727,2.727,2.727,0,0
CNOCNY1Y,D,20200722,000000,2.758,2.758,2.758,2.758,0,0
CNOCNY1Y,D,20200723,000000,2.783,2.783,2.783,2.783,0,0
CNOCNY1Y,D,20200724,000000,2.796,2.796,2.796,2.796,0,0
CNOCNY1Y,D,20200727,000000,2.804,2.804,2.804,2.804,0,0
CNOCNY1Y,D,20200728,000000,2.807,2.807,2.807,2.807,0,0
CNOCNY1Y,D,20200729,000000,2.815,2.815,2.815,2.815,0,0
CNOCNY1Y,D,20200730,000000,2.82,2.82,2.82,2.82,0,0
CNOCNY1Y,D,20200731,000000,2.828,2.828,2.828,2.828,0,0
CNOCNY1Y,D,20200803,000000,2.828,2.828,2.828,2.828,0,0
CNOCNY1Y,D,20200804,000000,2.837,2.837,2.837,2.837,0,0
CNOCNY1Y,D,20200805,000000,2.846,2.846,2.846,2.846,0,0
CNOCNY1Y,D,20200806,000000,2.85,2.85,2.85,2.85,0,0
CNOCNY1Y,D,20200807,000000,2.852,2.852,2.852,2.852,0,0
CNOCNY1Y,D,20200810,000000,2.853,2.853,2.853,2.853,0,0
CNOCNY1Y,D,20200811,000000,2.855,2.855,2.855,2.855,0,0
CNOCNY1Y,D,20200812,000000,2.862,2.862,2.862,2.862,0,0
CNOCNY1Y,D,20200813,000000,2.866,2.866,2.866,2.866,0,0
CNOCNY1Y,D,20200814,000000,2.872,2.872,2.872,2.872,0,0
CNOCNY1Y,D,20200817,000000,2.878,2.878,2.878,2.878,0,0
CNOCNY1Y,D,20200818,000000,2.886,2.886,2.886,2.886,0,0
CNOCNY1Y,D,20200819,000000,2.893,2.893,2.893,2.893,0,0
CNOCNY1Y,D,20200820,000000,2.896,2.896,2.896,2.896,0,0
CNOCNY1Y,D,20200821,000000,2.9,2.9,2.9,2.9,0,0
CNOCNY1Y,D,20200824,000000,2.901,2.901,2.901,2.901,0,0
CNOCNY1Y,D,20200825,000000,2.905,2.905,2.905,2.905,0,0
CNOCNY1Y,D,20200826,000000,2.907,2.907,2.907,2.907,0,0
CNOCNY1Y,D,20200827,000000,2.917,2.917,2.917,2.917,0,0
CNOCNY1Y,D,20200828,000000,2.922,2.922,2.922,2.922,0,0
CNOCNY1Y,D,20200831,000000,2.933,2.933,2.933,2.933,0,0
CNOCNY1Y,D,20200901,000000,2.942,2.942,2.942,2.942,0,0
CNOCNY1Y,D,20200902,000000,2.945,2.945,2.945,2.945,0,0
CNOCNY1Y,D,20200903,000000,2.951,2.951,2.951,2.951,0,0
CNOCNY1Y,D,20200904,000000,2.953,2.953,2.953,2.953,0,0
CNOCNY1Y,D,20200907,000000,2.965,2.965,2.965,2.965,0,0
CNOCNY1Y,D,20200908,000000,2.982,2.982,2.982,2.982,0,0
CNOCNY1Y,D,20200909,000000,2.988,2.988,2.988,2.988,0,0
CNOCNY1Y,D,20200910,000000,2.992,2.992,2.992,2.992,0,0
CNOCNY1Y,D,20200911,000000,2.999,2.999,2.999,2.999,0,0
CNOCNY1Y,D,20200914,000000,3.002,3.002,3.002,3.002,0,0
CNOCNY1Y,D,20200915,000000,3.003,3.003,3.003,3.003,0,0
CNOCNY1Y,D,20200916,000000,3,3,3,3,0,0
CNOCNY1Y,D,20200917,000000,3,3,3,3,0,0
CNOCNY1Y,D,20200918,000000,3,3,3,3,0,0
CNOCNY1Y,D,20200921,000000,3.001,3.001,3.001,3.001,0,0
CNOCNY1Y,D,20200922,000000,3.002,3.002,3.002,3.002,0,0
CNOCNY1Y,D,20200923,000000,3.002,3.002,3.002,3.002,0,0
CNOCNY1Y,D,20200924,000000,3.008,3.008,3.008,3.008,0,0
CNOCNY1Y,D,20200925,000000,3.009,3.009,3.009,3.009,0,0
CNOCNY1Y,D,20200928,000000,3.01,3.01,3.01,3.01,0,0
CNOCNY1Y,D,20200929,000000,3.016,3.016,3.016,3.016,0,0
CNOCNY1Y,D,20200930,000000,3.021,3.021,3.021,3.021,0,0
CNOCNY1Y,D,20201009,000000,3.024,3.024,3.024,3.024,0,0
CNOCNY1Y,D,20201012,000000,3.031,3.031,3.031,3.031,0,0
CNOCNY1Y,D,20201013,000000,3.039,3.039,3.039,3.039,0,0
CNOCNY1Y,D,20201014,000000,3.045,3.045,3.045,3.045,0,0
CNOCNY1Y,D,20201015,000000,3.057,3.057,3.057,3.057,0,0
CNOCNY1Y,D,20201016,000000,3.066,3.066,3.066,3.066,0,0
CNOCNY1Y,D,20201019,000000,3.074,3.074,3.074,3.074,0,0
CNOCNY1Y,D,20201020,000000,3.081,3.081,3.081,3.081,0,0
CNOCNY1Y,D,20201021,000000,3.09,3.09,3.09,3.09,0,0
CNOCNY1Y,D,20201022,000000,3.101,3.101,3.101,3.101,0,0
CNOCNY1Y,D,20201023,000000,3.116,3.116,3.116,3.116,0,0
CNOCNY1Y,D,20201026,000000,3.131,3.131,3.131,3.131,0,0
CNOCNY1Y,D,20201027,000000,3.146,3.146,3.146,3.146,0,0
CNOCNY1Y,D,20201028,000000,3.157,3.157,3.157,3.157,0,0
CNOCNY1Y,D,20201029,000000,3.167,3.167,3.167,3.167,0,0
CNOCNY1Y,D,20201030,000000,3.18,3.18,3.18,3.18,0,0
CNOCNY1Y,D,20201102,000000,3.187,3.187,3.187,3.187,0,0
CNOCNY1Y,D,20201103,000000,3.192,3.192,3.192,3.192,0,0
CNOCNY1Y,D,20201104,000000,3.194,3.194,3.194,3.194,0,0
CNOCNY1Y,D,20201105,000000,3.196,3.196,3.196,3.196,0,0
CNOCNY1Y,D,20201106,000000,3.199,3.199,3.199,3.199,0,0
CNOCNY1Y,D,20201109,000000,3.2,3.2,3.2,3.2,0,0
CNOCNY1Y,D,20201110,000000,3.201,3.201,3.201,3.201,0,0
CNOCNY1Y,D,20201111,000000,3.201,3.201,3.201,3.201,0,0
CNOCNY1Y,D,20201112,000000,3.204,3.204,3.204,3.204,0,0
CNOCNY1Y,D,20201113,000000,3.205,3.205,3.205,3.205,0,0
CNOCNY1Y,D,20201116,000000,3.207,3.207,3.207,3.207,0,0
CNOCNY1Y,D,20201117,000000,3.21,3.21,3.21,3.21,0,0
CNOCNY1Y,D,20201118,000000,3.22,3.22,3.22,3.22,0,0
CNOCNY1Y,D,20201119,000000,3.23,3.23,3.23,3.23,0,0
CNOCNY1Y,D,20201120,000000,3.242,3.242,3.242,3.242,0,0
CNOCNY1Y,D,20201123,000000,3.253,3.253,3.253,3.253,0,0
CNOCNY1Y,D,20201124,000000,3.255,3.255,3.255,3.255,0,0
CNOCNY1Y,D,20201125,000000,3.266,3.266,3.266,3.266,0,0
CNOCNY1Y,D,20201126,000000,3.278,3.278,3.278,3.278,0,0
CNOCNY1Y,D,20201127,000000,3.289,3.289,3.289,3.289,0,0
CNOCNY1Y,D,20201130,000000,3.291,3.291,3.291,3.291,0,0
CNOCNY1Y,D,20201201,000000,3.274,3.274,3.274,3.274,0,0
CNOCNY1Y,D,20201202,000000,3.265,3.265,3.265,3.265,0,0
CNOCNY1Y,D,20201203,000000,3.261,3.261,3.261,3.261,0,0
CNOCNY1Y,D,20201204,000000,3.2578,3.2578,3.2578,3.2578,0,0
CNOCNY1Y,D,20201207,000000,3.257,3.257,3.257,3.257,0,0
CNOCNY1Y,D,20201208,000000,3.259,3.259,3.259,3.259,0,0
CNOCNY1Y,D,20201209,000000,3.256,3.256,3.256,3.256,0,0
CNOCNY1Y,D,20201210,000000,3.247,3.247,3.247,3.247,0,0
CNOCNY1Y,D,20201211,000000,3.239,3.239,3.239,3.239,0,0
CNOCNY1Y,D,20201214,000000,3.231,3.231,3.231,3.231,0,0
CNOCNY1Y,D,20201215,000000,3.2,3.2,3.2,3.2,0,0
CNOCNY1Y,D,20201216,000000,3.149,3.149,3.149,3.149,0,0
CNOCNY1Y,D,20201217,000000,3.099,3.099,3.099,3.099,0,0
CNOCNY1Y,D,20201218,000000,3.066,3.066,3.066,3.066,0,0
CNOCNY1Y,D,20201221,000000,3.047,3.047,3.047,3.047,0,0
CNOCNY1Y,D,20201222,000000,3.04,3.04,3.04,3.04,0,0
CNOCNY1Y,D,20201223,000000,3.033,3.033,3.033,3.033,0,0
CNOCNY1Y,D,20201224,000000,3.029,3.029,3.029,3.029,0,0
CNOCNY1Y,D,20201225,000000,3.015,3.015,3.015,3.015,0,0
CNOCNY1Y,D,20201228,000000,3.009,3.009,3.009,3.009,0,0
CNOCNY1Y,D,20201229,000000,3.001,3.001,3.001,3.001,0,0
CNOCNY1Y,D,20201230,000000,3,3,3,3,0,0
CNOCNY1Y,D,20201231,000000,3,3,3,3,0,0
CNOCNY1Y,D,20210104,000000,2.993,2.993,2.993,2.993,0,0
CNOCNY1Y,D,20210105,000000,2.985,2.985,2.985,2.985,0,0
CNOCNY1Y,D,20210106,000000,2.962,2.962,2.962,2.962,0,0
CNOCNY1Y,D,20210107,000000,2.936,2.936,2.936,2.936,0,0
CNOCNY1Y,D,20210108,000000,2.91,2.91,2.91,2.91,0,0
CNOCNY1Y,D,20210111,000000,2.889,2.889,2.889,2.889,0,0
CNOCNY1Y,D,20210112,000000,2.88,2.88,2.88,2.88,0,0
CNOCNY1Y,D,20210113,000000,2.871,2.871,2.871,2.871,0,0
CNOCNY1Y,D,20210114,000000,2.864,2.864,2.864,2.864,0,0
CNOCNY1Y,D,20210115,000000,2.859,2.859,2.859,2.859,0,0
CNOCNY1Y,D,20210118,000000,2.857,2.857,2.857,2.857,0,0
CNOCNY1Y,D,20210119,000000,2.858,2.858,2.858,2.858,0,0
CNOCNY1Y,D,20210120,000000,2.866,2.866,2.866,2.866,0,0
CNOCNY1Y,D,20210121,000000,2.875,2.875,2.875,2.875,0,0
CNOCNY1Y,D,20210122,000000,2.883,2.883,2.883,2.883,0,0
CNOCNY1Y,D,20210125,000000,2.892,2.892,2.892,2.892,0,0
CNOCNY1Y,D,20210126,000000,2.906,2.906,2.906,2.906,0,0
CNOCNY1Y,D,20210127,000000,2.936,2.936,2.936,2.936,0,0
CNOCNY1Y,D,20210128,000000,2.962,2.962,2.962,2.962,0,0
CNOCNY1Y,D,20210129,000000,2.989,2.989,2.989,2.989,0,0
CNOCNY1Y,D,20210201,000000,2.998,2.998,2.998,2.998,0,0
CNOCNY1Y,D,20210202,000000,3.003,3.003,3.003,3.003,0,0
CNOCNY1Y,D,20210203,000000,3.002,3.002,3.002,3.002,0,0
CNOCNY1Y,D,20210204,000000,3.002,3.002,3.002,3.002,0,0
CNOCNY1Y,D,20210205,000000,3.007,3.007,3.007,3.007,0,0
CNOCNY1Y,D,20210208,000000,3.024,3.024,3.024,3.024,0,0
CNOCNY1Y,D,20210209,000000,3.034,3.034,3.034,3.034,0,0
CNOCNY1Y,D,20210210,000000,3.038,3.038,3.038,3.038,0,0
CNOCNY1Y,D,20210218,000000,3.038,3.038,3.038,3.038,0,0
CNOCNY1Y,D,20210219,000000,3.052,3.052,3.052,3.052,0,0
CNOCNY1Y,D,20210222,000000,3.076,3.076,3.076,3.076,0,0
CNOCNY1Y,D,20210223,000000,3.085,3.085,3.085,3.085,0,0
CNOCNY1Y,D,20210224,000000,3.094,3.094,3.094,3.094,0,0
CNOCNY1Y,D,20210225,000000,3.101,3.101,3.101,3.101,0,0
CNOCNY1Y,D,20210226,000000,3.104,3.104,3.104,3.104,0,0
CNOCNY1Y,D,20210301,000000,3.105,3.105,3.105,3.105,0,0
CNOCNY1Y,D,20210302,000000,3.106,3.106,3.106,3.106,0,0
CNOCNY1Y,D,20210303,000000,3.103,3.103,3.103,3.103,0,0
CNOCNY1Y,D,20210304,000000,3.104,3.104,3.104,3.104,0,0
CNOCNY1Y,D,20210305,000000,3.102,3.102,3.102,3.102,0,0
CNOCNY1Y,D,20210308,000000,3.102,3.102,3.102,3.102,0,0
CNOCNY1Y,D,20210309,000000,3.102,3.102,3.102,3.102,0,0
CNOCNY1Y,D,20210310,000000,3.102,3.102,3.102,3.102,0,0
CNOCNY1Y,D,20210311,000000,3.102,3.102,3.102,3.102,0,0
CNOCNY1Y,D,20210312,000000,3.101,3.101,3.101,3.101,0,0
CNOCNY1Y,D,20210315,000000,3.102,3.102,3.102,3.102,0,0
CNOCNY1Y,D,20210316,000000,3.102,3.102,3.102,3.102,0,0
CNOCNY1Y,D,20210317,000000,3.1,3.1,3.1,3.1,0,0
CNOCNY1Y,D,20210318,000000,3.1,3.1,3.1,3.1,0,0
CNOCNY1Y,D,20210319,000000,3.1,3.1,3.1,3.1,0,0
CNOCNY1Y,D,20210322,000000,3.097,3.097,3.097,3.097,0,0
CNOCNY1Y,D,20210323,000000,3.094,3.094,3.094,3.094,0,0
CNOCNY1Y,D,20210324,000000,3.09,3.09,3.09,3.09,0,0
CNOCNY1Y,D,20210325,000000,3.089,3.089,3.089,3.089,0,0
CNOCNY1Y,D,20210326,000000,3.086,3.086,3.086,3.086,0,0
CNOCNY1Y,D,20210329,000000,3.083,3.083,3.083,3.083,0,0
CNOCNY1Y,D,20210330,000000,3.081,3.081,3.081,3.081,0,0
CNOCNY1Y,D,20210331,000000,3.08,3.08,3.08,3.08,0,0
CNOCNY1Y,D,20210401,000000,3.08,3.08,3.08,3.08,0,0
CNOCNY1Y,D,20210402,000000,3.079,3.079,3.079,3.079,0,0
CNOCNY1Y,D,20210406,000000,3.072,3.072,3.072,3.072,0,0
CNOCNY1Y,D,20210407,000000,3.068,3.068,3.068,3.068,0,0
CNOCNY1Y,D,20210408,000000,3.062,3.062,3.062,3.062,0,0
CNOCNY1Y,D,20210409,000000,3.059,3.059,3.059,3.059,0,0
CNOCNY1Y,D,20210412,000000,3.055,3.055,3.055,3.055,0,0
CNOCNY1Y,D,20210413,000000,3.051,3.051,3.051,3.051,0,0
CNOCNY1Y,D,20210414,000000,3.042,3.042,3.042,3.042,0,0
CNOCNY1Y,D,20210415,000000,3.037,3.037,3.037,3.037,0,0
CNOCNY1Y,D,20210416,000000,3.032,3.032,3.032,3.032,0,0
CNOCNY1Y,D,20210419,000000,3.026,3.026,3.026,3.026,0,0
CNOCNY1Y,D,20210420,000000,3.02,3.02,3.02,3.02,0,0
CNOCNY1Y,D,20210421,000000,3.009,3.009,3.009,3.009,0,0
CNOCNY1Y,D,20210422,000000,3.001,3.001,3.001,3.001,0,0
CNOCNY1Y,D,20210423,000000,3,3,3,3,0,0
CNOCNY1Y,D,20210426,000000,2.987,2.987,2.987,2.987,0,0
CNOCNY1Y,D,20210427,000000,2.981,2.981,2.981,2.981,0,0
CNOCNY1Y,D,20210428,000000,2.98,2.98,2.98,2.98,0,0
CNOCNY1Y,D,20210429,000000,2.978,2.978,2.978,2.978,0,0
CNOCNY1Y,D,20210430,000000,2.972,2.972,2.972,2.972,0,0
CNOCNY1Y,D,20210506,000000,2.966,2.966,2.966,2.966,0,0
CNOCNY1Y,D,20210507,000000,2.959,2.959,2.959,2.959,0,0
CNOCNY1Y,D,20210510,000000,2.947,2.947,2.947,2.947,0,0
CNOCNY1Y,D,20210511,000000,2.943,2.943,2.943,2.943,0,0
CNOCNY1Y,D,20210512,000000,2.938,2.938,2.938,2.938,0,0
CNOCNY1Y,D,20210513,000000,2.932,2.932,2.932,2.932,0,0
CNOCNY1Y,D,20210514,000000,2.931,2.931,2.931,2.931,0,0
CNOCNY1Y,D,20210517,000000,2.932,2.932,2.932,2.932,0,0
CNOCNY1Y,D,20210518,000000,2.93,2.93,2.93,2.93,0,0
CNOCNY1Y,D,20210519,000000,2.932,2.932,2.932,2.932,0,0
CNOCNY1Y,D,20210520,000000,2.931,2.931,2.931,2.931,0,0
CNOCNY1Y,D,20210521,000000,2.929,2.929,2.929,2.929,0,0
CNOCNY1Y,D,20210524,000000,2.925,2.925,2.925,2.925,0,0
CNOCNY1Y,D,20210525,000000,2.924,2.924,2.924,2.924,0,0
CNOCNY1Y,D,20210526,000000,2.921,2.921,2.921,2.921,0,0
CNOCNY1Y,D,20210527,000000,2.915,2.915,2.915,2.915,0,0
CNOCNY1Y,D,20210528,000000,2.912,2.912,2.912,2.912,0,0
CNOCNY1Y,D,20210531,000000,2.911,2.911,2.911,2.911,0,0
CNOCNY1Y,D,20210601,000000,2.91,2.91,2.91,2.91,0,0
CNOCNY1Y,D,20210602,000000,2.907,2.907,2.907,2.907,0,0
CNOCNY1Y,D,20210603,000000,2.899,2.899,2.899,2.899,0,0
CNOCNY1Y,D,20210604,000000,2.887,2.887,2.887,2.887,0,0
CNOCNY1Y,D,20210607,000000,2.887,2.887,2.887,2.887,0,0
CNOCNY1Y,D,20210608,000000,2.884,2.884,2.884,2.884,0,0
CNOCNY1Y,D,20210609,000000,2.884,2.884,2.884,2.884,0,0
CNOCNY1Y,D,20210610,000000,2.881,2.881,2.881,2.881,0,0
CNOCNY1Y,D,20210611,000000,2.883,2.883,2.883,2.883,0,0
CNOCNY1Y,D,20210615,000000,2.884,2.884,2.884,2.884,0,0
CNOCNY1Y,D,20210616,000000,2.886,2.886,2.886,2.886,0,0
CNOCNY1Y,D,20210617,000000,2.891,2.891,2.891,2.891,0,0
CNOCNY1Y,D,20210618,000000,2.895,2.895,2.895,2.895,0,0
CNOCNY1Y,D,20210621,000000,2.902,2.902,2.902,2.902,0,0
CNOCNY1Y,D,20210622,000000,2.905,2.905,2.905,2.905,0,0
CNOCNY1Y,D,20210628,000000,2.904,2.904,2.904,2.904,0,0
CNOCNY1Y,D,20210629,000000,2.904,2.904,2.904,2.904,0,0
CNOCNY1Y,D,20210630,000000,2.904,2.904,2.904,2.904,0,0
CNOCNY1Y,D,20210701,000000,2.901,2.901,2.901,2.901,0,0
CNOCNY1Y,D,20210707,000000,2.896,2.896,2.896,2.896,0,0
CNOCNY1Y,D,20210708,000000,2.872,2.872,2.872,2.872,0,0
CNOCNY1Y,D,20210709,000000,2.868,2.868,2.868,2.868,0,0
CNOCNY1Y,D,20210712,000000,2.858,2.858,2.858,2.858,0,0
CNOCNY1Y,D,20210713,000000,2.843,2.843,2.843,2.843,0,0
CNOCNY1Y,D,20210714,000000,2.833,2.833,2.833,2.833,0,0
CNOCNY1Y,D,20210715,000000,2.822,2.822,2.822,2.822,0,0
CNOCNY1Y,D,20210716,000000,2.814,2.814,2.814,2.814,0,0
CNOCNY1Y,D,20210719,000000,2.808,2.808,2.808,2.808,0,0
CNOCNY1Y,D,20210720,000000,2.805,2.805,2.805,2.805,0,0
CNOCNY1Y,D,20210721,000000,2.801,2.801,2.801,2.801,0,0
CNOCNY1Y,D,20210722,000000,2.799,2.799,2.799,2.799,0,0
CNOCNY1Y,D,20210723,000000,2.797,2.797,2.797,2.797,0,0
CNOCNY1Y,D,20210726,000000,2.793,2.793,2.793,2.793,0,0
CNOCNY1Y,D,20210727,000000,2.796,2.796,2.796,2.796,0,0
CNOCNY1Y,D,20210728,000000,2.796,2.796,2.796,2.796,0,0
CNOCNY1Y,D,20210729,000000,2.788,2.788,2.788,2.788,0,0
CNOCNY1Y,D,20210730,000000,2.789,2.789,2.789,2.789,0,0
CNOCNY1Y,D,20210802,000000,2.78,2.78,2.78,2.78,0,0
CNOCNY1Y,D,20210803,000000,2.766,2.766,2.766,2.766,0,0
CNOCNY1Y,D,20210804,000000,2.75,2.75,2.75,2.75,0,0
CNOCNY1Y,D,20210805,000000,2.736,2.736,2.736,2.736,0,0
CNOCNY1Y,D,20210806,000000,2.728,2.728,2.728,2.728,0,0
CNOCNY1Y,D,20210809,000000,2.72,2.72,2.72,2.72,0,0
CNOCNY1Y,D,20210810,000000,2.716,2.716,2.716,2.716,0,0
CNOCNY1Y,D,20210811,000000,2.713,2.713,2.713,2.713,0,0
CNOCNY1Y,D,20210812,000000,2.71,2.71,2.71,2.71,0,0
CNOCNY1Y,D,20210813,000000,2.71,2.71,2.71,2.71,0,0
CNOCNY1Y,D,20210816,000000,2.708,2.708,2.708,2.708,0,0
CNOCNY1Y,D,20210817,000000,2.704,2.704,2.704,2.704,0,0
CNOCNY1Y,D,20210818,000000,2.7,2.7,2.7,2.7,0,0
CNOCNY1Y,D,20210819,000000,2.7,2.7,2.7,2.7,0,0
CNOCNY1Y,D,20210820,000000,2.7,2.7,2.7,2.7,0,0
CNOCNY1Y,D,20210823,000000,2.7,2.7,2.7,2.7,0,0
CNOCNY1Y,D,20210824,000000,2.7,2.7,2.7,2.7,0,0
CNOCNY1Y,D,20210825,000000,2.7,2.7,2.7,2.7,0,0
CNOCNY1Y,D,20210826,000000,2.7,2.7,2.7,2.7,0,0
CNOCNY1Y,D,20210827,000000,2.7,2.7,2.7,2.7,0,0
CNOCNY1Y,D,20210830,000000,2.7,2.7,2.7,2.7,0,0
CNOCNY1Y,D,20210831,000000,2.7,2.7,2.7,2.7,0,0
CNOCNY1Y,D,20210901,000000,2.7,2.7,2.7,2.7,0,0
CNOCNY1Y,D,20210902,000000,2.699,2.699,2.699,2.699,0,0
CNOCNY1Y,D,20210903,000000,2.699,2.699,2.699,2.699,0,0
CNOCNY1Y,D,20210906,000000,2.698,2.698,2.698,2.698,0,0
CNOCNY1Y,D,20210907,000000,2.698,2.698,2.698,2.698,0,0
CNOCNY1Y,D,20210908,000000,2.699,2.699,2.699,2.699,0,0
CNOCNY1Y,D,20210909,000000,2.698,2.698,2.698,2.698,0,0
CNOCNY1Y,D,20210910,000000,2.698,2.698,2.698,2.698,0,0
CNOCNY1Y,D,20210913,000000,2.699,2.699,2.699,2.699,0,0
CNOCNY1Y,D,20210914,000000,2.699,2.699,2.699,2.699,0,0
CNOCNY1Y,D,20210915,000000,2.7,2.7,2.7,2.7,0,0
CNOCNY1Y,D,20210916,000000,2.7,2.7,2.7,2.7,0,0
CNOCNY1Y,D,20210917,000000,2.7,2.7,2.7,2.7,0,0
CNOCNY1Y,D,20210922,000000,2.7,2.7,2.7,2.7,0,0
CNOCNY1Y,D,20210923,000000,2.7,2.7,2.7,2.7,0,0
CNOCNY1Y,D,20210924,000000,2.7,2.7,2.7,2.7,0,0
CNOCNY1Y,D,20210927,000000,2.708,2.708,2.708,2.708,0,0
CNOCNY1Y,D,20210928,000000,2.713,2.713,2.713,2.713,0,0
CNOCNY1Y,D,20210929,000000,2.718,2.718,2.718,2.718,0,0
CNOCNY1Y,D,20210930,000000,2.722,2.722,2.722,2.722,0,0
CNOCNY1Y,D,20211008,000000,2.722,2.722,2.722,2.722,0,0
CNOCNY1Y,D,20211011,000000,2.718,2.718,2.718,2.718,0,0
CNOCNY1Y,D,20211012,000000,2.716,2.716,2.716,2.716,0,0
CNOCNY1Y,D,20211013,000000,2.717,2.717,2.717,2.717,0,0
CNOCNY1Y,D,20211014,000000,2.725,2.725,2.725,2.725,0,0
CNOCNY1Y,D,20211015,000000,2.7265,2.7265,2.7265,2.7265,0,0
CNOCNY1Y,D,20211018,000000,2.734,2.734,2.734,2.734,0,0
CNOCNY1Y,D,20211019,000000,2.738,2.738,2.738,2.738,0,0
CNOCNY1Y,D,20211020,000000,2.746,2.746,2.746,2.746,0,0
CNOCNY1Y,D,20211021,000000,2.753,2.753,2.753,2.753,0,0
CNOCNY1Y,D,20211022,000000,2.758,2.758,2.758,2.758,0,0
CNOCNY1Y,D,20211025,000000,2.759,2.759,2.759,2.759,0,0
CNOCNY1Y,D,20211026,000000,2.766,2.766,2.766,2.766,0,0
CNOCNY1Y,D,20211027,000000,2.773,2.773,2.773,2.773,0,0
CNOCNY1Y,D,20211028,000000,2.778,2.778,2.778,2.778,0,0
CNOCNY1Y,D,20211029,000000,2.782,2.782,2.782,2.782,0,0
CNOCNY1Y,D,20211101,000000,2.783,2.783,2.783,2.783,0,0
CNOCNY1Y,D,20211102,000000,2.783,2.783,2.783,2.783,0,0
CNOCNY1Y,D,20211103,000000,2.784,2.784,2.784,2.784,0,0
CNOCNY1Y,D,20211104,000000,2.784,2.784,2.784,2.784,0,0
CNOCNY1Y,D,20211105,000000,2.78,2.78,2.78,2.78,0,0
CNOCNY1Y,D,20211108,000000,2.779,2.779,2.779,2.779,0,0
CNOCNY1Y,D,20211109,000000,2.774,2.774,2.774,2.774,0,0
CNOCNY1Y,D,20211110,000000,2.769,2.769,2.769,2.769,0,0
CNOCNY1Y,D,20211111,000000,2.768,2.768,2.768,2.768,0,0
CNOCNY1Y,D,20211112,000000,2.767,2.767,2.767,2.767,0,0
CNOCNY1Y,D,20211115,000000,2.763,2.763,2.763,2.763,0,0
CNOCNY1Y,D,20211116,000000,2.762,2.762,2.762,2.762,0,0
CNOCNY1Y,D,20211117,000000,2.759,2.759,2.759,2.759,0,0
CNOCNY1Y,D,20211118,000000,2.757,2.757,2.757,2.757,0,0
CNOCNY1Y,D,20211119,000000,2.756,2.756,2.756,2.756,0,0
CNOCNY1Y,D,20211122,000000,2.756,2.756,2.756,2.756,0,0
CNOCNY1Y,D,20211123,000000,2.757,2.757,2.757,2.757,0,0
CNOCNY1Y,D,20211124,000000,2.756,2.756,2.756,2.756,0,0
CNOCNY1Y,D,20211125,000000,2.756,2.756,2.756,2.756,0,0
CNOCNY1Y,D,20211126,000000,2.754,2.754,2.754,2.754,0,0
CNOCNY1Y,D,20211129,000000,2.752,2.752,2.752,2.752,0,0
CNOCNY1Y,D,20211130,000000,2.753,2.753,2.753,2.753,0,0
CNOCNY1Y,D,20211201,000000,2.752,2.752,2.752,2.752,0,0
CNOCNY1Y,D,20211202,000000,2.752,2.752,2.752,2.752,0,0
CNOCNY1Y,D,20211203,000000,2.751,2.751,2.751,2.751,0,0
CNOCNY1Y,D,20211206,000000,2.746,2.746,2.746,2.746,0,0
CNOCNY1Y,D,20211207,000000,2.743,2.743,2.743,2.743,0,0
CNOCNY1Y,D,20211208,000000,2.74,2.74,2.74,2.74,0,0
CNOCNY1Y,D,20211209,000000,2.738,2.738,2.738,2.738,0,0
CNOCNY1Y,D,20211210,000000,2.736,2.736,2.736,2.736,0,0
CNOCNY1Y,D,20211213,000000,2.737,2.737,2.737,2.737,0,0
CNOCNY1Y,D,20211214,000000,2.736,2.736,2.736,2.736,0,0
CNOCNY1Y,D,20211215,000000,2.736,2.736,2.736,2.736,0,0
CNOCNY1Y,D,20211216,000000,2.736,2.736,2.736,2.736,0,0
CNOCNY1Y,D,20211217,000000,2.735,2.735,2.735,2.735,0,0
CNOCNY1Y,D,20211220,000000,2.735,2.735,2.735,2.735,0,0
CNOCNY1Y,D,20211221,000000,2.738,2.738,2.738,2.738,0,0
CNOCNY1Y,D,20211222,000000,2.739,2.739,2.739,2.739,0,0
CNOCNY1Y,D,20211223,000000,2.738,2.738,2.738,2.738,0,0
CNOCNY1Y,D,20211224,000000,2.737,2.737,2.737,2.737,0,0
CNOCNY1Y,D,20211227,000000,2.737,2.737,2.737,2.737,0,0
CNOCNY1Y,D,20211228,000000,2.738,2.738,2.738,2.738,0,0
CNOCNY1Y,D,20211229,000000,2.737,2.737,2.737,2.737,0,0
CNOCNY1Y,D,20211230,000000,2.737,2.737,2.737,2.737,0,0
CNOCNY1Y,D,20211231,000000,2.736,2.736,2.736,2.736,0,0
CNOCNY1Y,D,20220104,000000,2.736,2.736,2.736,2.736,0,0
CNOCNY1Y,D,20220105,000000,2.737,2.737,2.737,2.737,0,0
CNOCNY1Y,D,20220106,000000,2.734,2.734,2.734,2.734,0,0
CNOCNY1Y,D,20220107,000000,2.729,2.729,2.729,2.729,0,0
CNOCNY1Y,D,20220110,000000,2.726,2.726,2.726,2.726,0,0
CNOCNY1Y,D,20220111,000000,2.726,2.726,2.726,2.726,0,0
CNOCNY1Y,D,20220112,000000,2.724,2.724,2.724,2.724,0,0
CNOCNY1Y,D,20220113,000000,2.721,2.721,2.721,2.721,0,0
CNOCNY1Y,D,20220114,000000,2.718,2.718,2.718,2.718,0,0
CNOCNY1Y,D,20220117,000000,2.711,2.711,2.711,2.711,0,0
CNOCNY1Y,D,20220118,000000,2.706,2.706,2.706,2.706,0,0
CNOCNY1Y,D,20220119,000000,2.696,2.696,2.696,2.696,0,0
CNOCNY1Y,D,20220120,000000,2.686,2.686,2.686,2.686,0,0
CNOCNY1Y,D,20220121,000000,2.682,2.682,2.682,2.682,0,0
CNOCNY1Y,D,20220124,000000,2.678,2.678,2.678,2.678,0,0
CNOCNY1Y,D,20220125,000000,2.674,2.674,2.674,2.674,0,0
CNOCNY1Y,D,20220126,000000,2.668,2.668,2.668,2.668,0,0
CNOCNY1Y,D,20220127,000000,2.664,2.664,2.664,2.664,0,0
CNOCNY1Y,D,20220128,000000,2.66,2.66,2.66,2.66,0,0
CNOCNY1Y,D,20220207,000000,2.657,2.657,2.657,2.657,0,0
CNOCNY1Y,D,20220208,000000,2.655,2.655,2.655,2.655,0,0
CNOCNY1Y,D,20220209,000000,2.654,2.654,2.654,2.654,0,0
CNOCNY1Y,D,20220210,000000,2.639,2.639,2.639,2.639,0,0
CNOCNY1Y,D,20220211,000000,2.629,2.629,2.629,2.629,0,0
CNOCNY1Y,D,20220214,000000,2.62,2.62,2.62,2.62,0,0
CNOCNY1Y,D,20220215,000000,2.613,2.613,2.613,2.613,0,0
CNOCNY1Y,D,20220216,000000,2.604,2.604,2.604,2.604,0,0
CNOCNY1Y,D,20220217,000000,2.596,2.596,2.596,2.596,0,0
CNOCNY1Y,D,20220218,000000,2.586,2.586,2.586,2.586,0,0
CNOCNY1Y,D,20220221,000000,2.579,2.579,2.579,2.579,0,0
CNOCNY1Y,D,20220222,000000,2.573,2.573,2.573,2.573,0,0
CNOCNY1Y,D,20220223,000000,2.569,2.569,2.569,2.569,0,0
CNOCNY1Y,D,20220224,000000,2.567,2.567,2.567,2.567,0,0
CNOCNY1Y,D,20220225,000000,2.57,2.57,2.57,2.57,0,0
CNOCNY1Y,D,20220228,000000,2.565,2.565,2.565,2.565,0,0
CNOCNY1Y,D,20220301,000000,2.566,2.566,2.566,2.566,0,0
CNOCNY1Y,D,20220302,000000,2.563,2.563,2.563,2.563,0,0
CNOCNY1Y,D,20220303,000000,2.566,2.566,2.566,2.566,0,0
CNOCNY1Y,D,20220304,000000,2.566,2.566,2.566,2.566,0,0
CNOCNY1Y,D,20220307,000000,2.566,2.566,2.566,2.566,0,0
CNOCNY1Y,D,20220308,000000,2.568,2.568,2.568,2.568,0,0
CNOCNY1Y,D,20220309,000000,2.571,2.571,2.571,2.571,0,0
CNOCNY1Y,D,20220310,000000,2.575,2.575,2.575,2.575,0,0
CNOCNY1Y,D,20220311,000000,2.578,2.578,2.578,2.578,0,0
CNOCNY1Y,D,20220314,000000,2.579,2.579,2.579,2.579,0,0
CNOCNY1Y,D,20220315,000000,2.581,2.581,2.581,2.581,0,0
CNOCNY1Y,D,20220316,000000,2.586,2.586,2.586,2.586,0,0
CNOCNY1Y,D,20220317,000000,2.593,2.593,2.593,2.593,0,0
CNOCNY1Y,D,20220318,000000,2.594,2.594,2.594,2.594,0,0
CNOCNY1Y,D,20220321,000000,2.595,2.595,2.595,2.595,0,0
CNOCNY1Y,D,20220322,000000,2.6,2.6,2.6,2.6,0,0
CNOCNY1Y,D,20220323,000000,2.601,2.601,2.601,2.601,0,0
CNOCNY1Y,D,20220324,000000,2.601,2.601,2.601,2.601,0,0
CNOCNY1Y,D,20220325,000000,2.603,2.603,2.603,2.603,0,0
CNOCNY1Y,D,20220328,000000,2.604,2.604,2.604,2.604,0,0
CNOCNY1Y,D,20220329,000000,2.605,2.605,2.605,2.605,0,0
CNOCNY1Y,D,20220330,000000,2.606,2.606,2.606,2.606,0,0
CNOCNY1Y,D,20220331,000000,2.606,2.606,2.606,2.606,0,0
CNOCNY1Y,D,20220401,000000,2.606,2.606,2.606,2.606,0,0
CNOCNY1Y,D,20220406,000000,2.605,2.605,2.605,2.605,0,0
CNOCNY1Y,D,20220407,000000,2.593,2.593,2.593,2.593,0,0
CNOCNY1Y,D,20220408,000000,2.586,2.586,2.586,2.586,0,0
CNOCNY1Y,D,20220411,000000,2.582,2.582,2.582,2.582,0,0
CNOCNY1Y,D,20220412,000000,2.577,2.577,2.577,2.577,0,0
CNOCNY1Y,D,20220413,000000,2.575,2.575,2.575,2.575,0,0
CNOCNY1Y,D,20220414,000000,2.572,2.572,2.572,2.572,0,0
CNOCNY1Y,D,20220415,000000,2.567,2.567,2.567,2.567,0,0
CNOCNY1Y,D,20220418,000000,2.562,2.562,2.562,2.562,0,0
CNOCNY1Y,D,20220419,000000,2.558,2.558,2.558,2.558,0,0
CNOCNY1Y,D,20220420,000000,2.555,2.555,2.555,2.555,0,0
CNOCNY1Y,D,20220421,000000,2.549,2.549,2.549,2.549,0,0
CNOCNY1Y,D,20220422,000000,2.54,2.54,2.54,2.54,0,0
CNOCNY1Y,D,20220425,000000,2.516,2.516,2.516,2.516,0,0
CNOCNY1Y,D,20220426,000000,2.507,2.507,2.507,2.507,0,0
CNOCNY1Y,D,20220427,000000,2.497,2.497,2.497,2.497,0,0
CNOCNY1Y,D,20220428,000000,2.484,2.484,2.484,2.484,0,0
CNOCNY1Y,D,20220429,000000,2.474,2.474,2.474,2.474,0,0
CNOCNY1Y,D,20220505,000000,2.474,2.474,2.474,2.474,0,0
CNOCNY1Y,D,20220506,000000,2.468,2.468,2.468,2.468,0,0
CNOCNY1Y,D,20220509,000000,2.45,2.45,2.45,2.45,0,0
CNOCNY1Y,D,20220510,000000,2.442,2.442,2.442,2.442,0,0
CNOCNY1Y,D,20220511,000000,2.431,2.431,2.431,2.431,0,0
CNOCNY1Y,D,20220512,000000,2.42,2.42,2.42,2.42,0,0
CNOCNY1Y,D,20220513,000000,2.408,2.408,2.408,2.408,0,0
CNOCNY1Y,D,20220516,000000,2.393,2.393,2.393,2.393,0,0
CNOCNY1Y,D,20220517,000000,2.377,2.377,2.377,2.377,0,0
CNOCNY1Y,D,20220518,000000,2.359,2.359,2.359,2.359,0,0
CNOCNY1Y,D,20220519,000000,2.343,2.343,2.343,2.343,0,0
CNOCNY1Y,D,20220520,000000,2.337,2.337,2.337,2.337,0,0
CNOCNY1Y,D,20220523,000000,2.331,2.331,2.331,2.331,0,0
CNOCNY1Y,D,20220524,000000,2.323,2.323,2.323,2.323,0,0
CNOCNY1Y,D,20220525,000000,2.326,2.326,2.326,2.326,0,0
CNOCNY1Y,D,20220526,000000,2.325,2.325,2.325,2.325,0,0
CNOCNY1Y,D,20220527,000000,2.323,2.323,2.323,2.323,0,0
CNOCNY1Y,D,20220530,000000,2.319,2.319,2.319,2.319,0,0
CNOCNY1Y,D,20220531,000000,2.318,2.318,2.318,2.318,0,0
CNOCNY1Y,D,20220601,000000,2.317,2.317,2.317,2.317,0,0
CNOCNY1Y,D,20220602,000000,2.323,2.323,2.323,2.323,0,0
CNOCNY1Y,D,20220606,000000,2.332,2.332,2.332,2.332,0,0
CNOCNY1Y,D,20220607,000000,2.349,2.349,2.349,2.349,0,0
CNOCNY1Y,D,20220608,000000,2.357,2.357,2.357,2.357,0,0
CNOCNY1Y,D,20220609,000000,2.365,2.365,2.365,2.365,0,0
CNOCNY1Y,D,20220610,000000,2.369,2.369,2.369,2.369,0,0
CNOCNY1Y,D,20220613,000000,2.373,2.373,2.373,2.373,0,0
CNOCNY1Y,D,20220614,000000,2.377,2.377,2.377,2.377,0,0
CNOCNY1Y,D,20220615,000000,2.381,2.381,2.381,2.381,0,0
CNOCNY1Y,D,20220616,000000,2.381,2.381,2.381,2.381,0,0
CNOCNY1Y,D,20220617,000000,2.378,2.378,2.378,2.378,0,0
CNOCNY1Y,D,20220620,000000,2.374,2.374,2.374,2.374,0,0
CNOCNY1Y,D,20220621,000000,2.372,2.372,2.372,2.372,0,0
CNOCNY1Y,D,20220622,000000,2.369,2.369,2.369,2.369,0,0
CNOCNY1Y,D,20220623,000000,2.367,2.367,2.367,2.367,0,0
CNOCNY1Y,D,20220624,000000,2.364,2.364,2.364,2.364,0,0
CNOCNY1Y,D,20220627,000000,2.36,2.36,2.36,2.36,0,0
CNOCNY1Y,D,20220628,000000,2.363,2.363,2.363,2.363,0,0
CNOCNY1Y,D,20220629,000000,2.362,2.362,2.362,2.362,0,0
CNOCNY1Y,D,20220630,000000,2.363,2.363,2.363,2.363,0,0
CNOCNY1Y,D,20220701,000000,2.363,2.363,2.363,2.363,0,0
CNOCNY1Y,D,20220704,000000,2.36,2.36,2.36,2.36,0,0
CNOCNY1Y,D,20220705,000000,2.359,2.359,2.359,2.359,0,0
CNOCNY1Y,D,20220706,000000,2.355,2.355,2.355,2.355,0,0
CNOCNY1Y,D,20220707,000000,2.354,2.354,2.354,2.354,0,0
CNOCNY1Y,D,20220708,000000,2.349,2.349,2.349,2.349,0,0
CNOCNY1Y,D,20220714,000000,2.333,2.333,2.333,2.333,0,0
CNOCNY1Y,D,20220715,000000,2.326,2.326,2.326,2.326,0,0
CNOCNY1Y,D,20220718,000000,2.322,2.322,2.322,2.322,0,0
CNOCNY1Y,D,20220719,000000,2.31,2.31,2.31,2.31,0,0
CNOCNY1Y,D,20220720,000000,2.298,2.298,2.298,2.298,0,0
CNOCNY1Y,D,20220721,000000,2.284,2.284,2.284,2.284,0,0
CNOCNY1Y,D,20220722,000000,2.266,2.266,2.266,2.266,0,0
CNOCNY1Y,D,20220725,000000,2.256,2.256,2.256,2.256,0,0
CNOCNY1Y,D,20220726,000000,2.246,2.246,2.246,2.246,0,0
CNOCNY1Y,D,20220727,000000,2.236,2.236,2.236,2.236,0,0
CNOCNY1Y,D,20220728,000000,2.226,2.226,2.226,2.226,0,0
CNOCNY1Y,D,20220729,000000,2.218,2.218,2.218,2.218,0,0
CNOCNY1Y,D,20220801,000000,2.193,2.193,2.193,2.193,0,0
CNOCNY1Y,D,20220802,000000,2.151,2.151,2.151,2.151,0,0
CNOCNY1Y,D,20220803,000000,2.119,2.119,2.119,2.119,0,0
CNOCNY1Y,D,20220804,000000,2.079,2.079,2.079,2.079,0,0
CNOCNY1Y,D,20220805,000000,2.043,2.043,2.043,2.043,0,0
CNOCNY1Y,D,20220808,000000,2.013,2.013,2.013,2.013,0,0
CNOCNY1Y,D,20220809,000000,1.997,1.997,1.997,1.997,0,0
CNOCNY1Y,D,20220810,000000,1.988,1.988,1.988,1.988,0,0
CNOCNY1Y,D,20220811,000000,1.99,1.99,1.99,1.99,0,0
CNOCNY1Y,D,20220812,000000,1.995,1.995,1.995,1.995,0,0
CNOCNY1Y,D,20220815,000000,1.978,1.978,1.978,1.978,0,0
CNOCNY1Y,D,20220816,000000,1.965,1.965,1.965,1.965,0,0
CNOCNY1Y,D,20220817,000000,1.964,1.964,1.964,1.964,0,0
CNOCNY1Y,D,20220818,000000,1.961,1.961,1.961,1.961,0,0
CNOCNY1Y,D,20220819,000000,1.961,1.961,1.961,1.961,0,0
CNOCNY1Y,D,20220822,000000,1.96,1.96,1.96,1.96,0,0
CNOCNY1Y,D,20220823,000000,1.959,1.959,1.959,1.959,0,0
CNOCNY1Y,D,20220824,000000,1.96,1.96,1.96,1.96,0,0
CNOCNY1Y,D,20220825,000000,1.963,1.963,1.963,1.963,0,0
CNOCNY1Y,D,20220826,000000,1.969,1.969,1.969,1.969,0,0
CNOCNY1Y,D,20220829,000000,1.973,1.973,1.973,1.973,0,0
CNOCNY1Y,D,20220830,000000,1.973,1.973,1.973,1.973,0,0
CNOCNY1Y,D,20220831,000000,1.974,1.974,1.974,1.974,0,0
CNOCNY1Y,D,20220901,000000,1.972,1.972,1.972,1.972,0,0
CNOCNY1Y,D,20220902,000000,1.97,1.97,1.97,1.97,0,0
CNOCNY1Y,D,20220905,000000,1.971,1.971,1.971,1.971,0,0
CNOCNY1Y,D,20220906,000000,1.971,1.971,1.971,1.971,0,0
CNOCNY1Y,D,20220907,000000,1.971,1.971,1.971,1.971,0,0
CNOCNY1Y,D,20220908,000000,1.971,1.971,1.971,1.971,0,0
CNOCNY1Y,D,20220909,000000,1.969,1.969,1.969,1.969,0,0
CNOCNY1Y,D,20220913,000000,1.972,1.972,1.972,1.972,0,0
CNOCNY1Y,D,20220914,000000,1.974,1.974,1.974,1.974,0,0
CNOCNY1Y,D,20220915,000000,1.974,1.974,1.974,1.974,0,0
CNOCNY1Y,D,20220916,000000,1.977,1.977,1.977,1.977,0,0
CNOCNY1Y,D,20220919,000000,1.984,1.984,1.984,1.984,0,0
CNOCNY1Y,D,20220920,000000,1.99,1.99,1.99,1.99,0,0
CNOCNY1Y,D,20220921,000000,1.996,1.996,1.996,1.996,0,0
CNOCNY1Y,D,20220922,000000,1.996,1.996,1.996,1.996,0,0
CNOCNY1Y,D,20220923,000000,1.995,1.995,1.995,1.995,0,0
CNOCNY1Y,D,20220926,000000,1.995,1.995,1.995,1.995,0,0
CNOCNY1Y,D,20220927,000000,2,2,2,2,0,0
CNOCNY1Y,D,20220928,000000,2.006,2.006,2.006,2.006,0,0
CNOCNY1Y,D,20220929,000000,2.011,2.011,2.011,2.011,0,0
CNOCNY1Y,D,20220930,000000,2.016,2.016,2.016,2.016,0,0
CNOCNY1Y,D,20221010,000000,2.004,2.004,2.004,2.004,0,0
CNOCNY1Y,D,20221011,000000,2.004,2.004,2.004,2.004,0,0
CNOCNY1Y,D,20221012,000000,2.002,2.002,2.002,2.002,0,0
CNOCNY1Y,D,20221013,000000,2.003,2.003,2.003,2.003,0,0
CNOCNY1Y,D,20221014,000000,2.003,2.003,2.003,2.003,0,0
CNOCNY1Y,D,20221017,000000,2.004,2.004,2.004,2.004,0,0
CNOCNY1Y,D,20221018,000000,2.004,2.004,2.004,2.004,0,0
CNOCNY1Y,D,20221019,000000,2.005,2.005,2.005,2.005,0,0
CNOCNY1Y,D,20221020,000000,2.008,2.008,2.008,2.008,0,0
CNOCNY1Y,D,20221021,000000,2.014,2.014,2.014,2.014,0,0
CNOCNY1Y,D,20221024,000000,2.02,2.02,2.02,2.02,0,0
CNOCNY1Y,D,20221025,000000,2.027,2.027,2.027,2.027,0,0
CNOCNY1Y,D,20221026,000000,2.034,2.034,2.034,2.034,0,0
CNOCNY1Y,D,20221027,000000,2.036,2.036,2.036,2.036,0,0
CNOCNY1Y,D,20221028,000000,2.036,2.036,2.036,2.036,0,0
CNOCNY1Y,D,20221031,000000,2.037,2.037,2.037,2.037,0,0
CNOCNY1Y,D,20221101,000000,2.038,2.038,2.038,2.038,0,0
CNOCNY1Y,D,20221102,000000,2.039,2.039,2.039,2.039,0,0
CNOCNY1Y,D,20221103,000000,2.04,2.04,2.04,2.04,0,0
CNOCNY1Y,D,20221104,000000,2.043,2.043,2.043,2.043,0,0
CNOCNY1Y,D,20221107,000000,2.049,2.049,2.049,2.049,0,0
CNOCNY1Y,D,20221108,000000,2.054,2.054,2.054,2.054,0,0
CNOCNY1Y,D,20221109,000000,2.062,2.062,2.062,2.062,0,0
CNOCNY1Y,D,20221110,000000,2.076,2.076,2.076,2.076,0,0
CNOCNY1Y,D,20221111,000000,2.092,2.092,2.092,2.092,0,0
CNOCNY1Y,D,20221114,000000,2.133,2.133,2.133,2.133,0,0
CNOCNY1Y,D,20221115,000000,2.224,2.224,2.224,2.224,0,0
CNOCNY1Y,D,20221116,000000,2.349,2.349,2.349,2.349,0,0
CNOCNY1Y,D,20221117,000000,2.436,2.436,2.436,2.436,0,0
CNOCNY1Y,D,20221118,000000,2.449,2.449,2.449,2.449,0,0
CNOCNY1Y,D,20221121,000000,2.463,2.463,2.463,2.463,0,0
CNOCNY1Y,D,20221122,000000,2.476,2.476,2.476,2.476,0,0
CNOCNY1Y,D,20221123,000000,2.482,2.482,2.482,2.482,0,0
CNOCNY1Y,D,20221124,000000,2.437,2.437,2.437,2.437,0,0
CNOCNY1Y,D,20221125,000000,2.419,2.419,2.419,2.419,0,0
CNOCNY1Y,D,20221128,000000,2.417,2.417,2.417,2.417,0,0
CNOCNY1Y,D,20221129,000000,2.423,2.423,2.423,2.423,0,0
CNOCNY1Y,D,20221130,000000,2.435,2.435,2.435,2.435,0,0
CNOCNY1Y,D,20221201,000000,2.445,2.445,2.445,2.445,0,0
CNOCNY1Y,D,20221202,000000,2.454,2.454,2.454,2.454,0,0
CNOCNY1Y,D,20221205,000000,2.46,2.46,2.46,2.46,0,0
CNOCNY1Y,D,20221206,000000,2.465,2.465,2.465,2.465,0,0
CNOCNY1Y,D,20221207,000000,2.476,2.476,2.476,2.476,0,0
CNOCNY1Y,D,20221208,000000,2.488,2.488,2.488,2.488,0,0
CNOCNY1Y,D,20221209,000000,2.5,2.5,2.5,2.5,0,0
CNOCNY1Y,D,20221212,000000,2.514,2.514,2.514,2.514,0,0
CNOCNY1Y,D,20221213,000000,2.532,2.532,2.532,2.532,0,0
CNOCNY1Y,D,20221214,000000,2.547,2.547,2.547,2.547,0,0
CNOCNY1Y,D,20221215,000000,2.569,2.569,2.569,2.569,0,0
CNOCNY1Y,D,20221216,000000,2.587,2.587,2.587,2.587,0,0
CNOCNY1Y,D,20221219,000000,2.596,2.596,2.596,2.596,0,0
CNOCNY1Y,D,20221220,000000,2.603,2.603,2.603,2.603,0,0
CNOCNY1Y,D,20221221,000000,2.613,2.613,2.613,2.613,0,0
CNOCNY1Y,D,20221222,000000,2.617,2.617,2.617,2.617,0,0
CNOCNY1Y,D,20221223,000000,2.626,2.626,2.626,2.626,0,0
CNOCNY1Y,D,20221226,000000,2.623,2.623,2.623,2.623,0,0
CNOCNY1Y,D,20221227,000000,2.62,2.62,2.62,2.62,0,0
CNOCNY1Y,D,20221228,000000,2.62,2.62,2.62,2.62,0,0
CNOCNY1Y,D,20221229,000000,2.619,2.619,2.619,2.619,0,0
CNOCNY1Y,D,20221230,000000,2.619,2.619,2.619,2.619,0,0
CNOCNY1Y,D,20230103,000000,2.611,2.611,2.611,2.611,0,0
CNOCNY1Y,D,20230104,000000,2.577,2.577,2.577,2.577,0,0
CNOCNY1Y,D,20230105,000000,2.542,2.542,2.542,2.542,0,0
CNOCNY1Y,D,20230106,000000,2.523,2.523,2.523,2.523,0,0
CNOCNY1Y,D,20230109,000000,2.518,2.518,2.518,2.518,0,0
CNOCNY1Y,D,20230110,000000,2.523,2.523,2.523,2.523,0,0
CNOCNY1Y,D,20230111,000000,2.54,2.54,2.54,2.54,0,0
CNOCNY1Y,D,20230112,000000,2.55,2.55,2.55,2.55,0,0
CNOCNY1Y,D,20230113,000000,2.553,2.553,2.553,2.553,0,0
CNOCNY1Y,D,20230116,000000,2.559,2.559,2.559,2.559,0,0
CNOCNY1Y,D,20230117,000000,2.571,2.571,2.571,2.571,0,0
CNOCNY1Y,D,20230118,000000,2.579,2.579,2.579,2.579,0,0
CNOCNY1Y,D,20230119,000000,2.584,2.584,2.584,2.584,0,0
CNOCNY1Y,D,20230120,000000,2.583,2.583,2.583,2.583,0,0
CNOCNY1Y,D,20230130,000000,2.578,2.578,2.578,2.578,0,0
CNOCNY1Y,D,20230131,000000,2.58,2.58,2.58,2.58,0,0
CNOCNY1Y,D,20230201,000000,2.581,2.581,2.581,2.581,0,0
CNOCNY1Y,D,20230202,000000,2.584,2.584,2.584,2.584,0,0
CNOCNY1Y,D,20230203,000000,2.59,2.59,2.59,2.59,0,0
CNOCNY1Y,D,20230206,000000,2.597,2.597,2.597,2.597,0,0
CNOCNY1Y,D,20230207,000000,2.605,2.605,2.605,2.605,0,0
CNOCNY1Y,D,20230208,000000,2.613,2.613,2.613,2.613,0,0
CNOCNY1Y,D,20230209,000000,2.618,2.618,2.618,2.618,0,0
CNOCNY1Y,D,20230210,000000,2.621,2.621,2.621,2.621,0,0
CNOCNY1Y,D,20230213,000000,2.621,2.621,2.621,2.621,0,0
CNOCNY1Y,D,20230214,000000,2.623,2.623,2.623,2.623,0,0
CNOCNY1Y,D,20230215,000000,2.624,2.624,2.624,2.624,0,0
CNOCNY1Y,D,20230216,000000,2.626,2.626,2.626,2.626,0,0
CNOCNY1Y,D,20230217,000000,2.635,2.635,2.635,2.635,0,0
CNOCNY1Y,D,20230220,000000,2.643,2.643,2.643,2.643,0,0
CNOCNY1Y,D,20230221,000000,2.648,2.648,2.648,2.648,0,0
CNOCNY1Y,D,20230222,000000,2.66,2.66,2.66,2.66,0,0
CNOCNY1Y,D,20230223,000000,2.668,2.668,2.668,2.668,0,0
CNOCNY1Y,D,20230224,000000,2.68,2.68,2.68,2.68,0,0
CNOCNY1Y,D,20230227,000000,2.692,2.692,2.692,2.692,0,0
CNOCNY1Y,D,20230228,000000,2.704,2.704,2.704,2.704,0,0
CNOCNY1Y,D,20230301,000000,2.711,2.711,2.711,2.711,0,0
CNOCNY1Y,D,20230302,000000,2.718,2.718,2.718,2.718,0,0
CNOCNY1Y,D,20230303,000000,2.725,2.725,2.725,2.725,0,0
CNOCNY1Y,D,20230306,000000,2.732,2.732,2.732,2.732,0,0
CNOCNY1Y,D,20230307,000000,2.738,2.738,2.738,2.738,0,0
CNOCNY1Y,D,20230308,000000,2.745,2.745,2.745,2.745,0,0
CNOCNY1Y,D,20230309,000000,2.75,2.75,2.75,2.75,0,0
CNOCNY1Y,D,20230310,000000,2.75,2.75,2.75,2.75,0,0
CNOCNY1Y,D,20230313,000000,2.749,2.749,2.749,2.749,0,0
CNOCNY1Y,D,20230314,000000,2.746,2.746,2.746,2.746,0,0
CNOCNY1Y,D,20230315,000000,2.745,2.745,2.745,2.745,0,0
CNOCNY1Y,D,20230316,000000,2.744,2.744,2.744,2.744,0,0
CNOCNY1Y,D,20230317,000000,2.74,2.74,2.74,2.74,0,0
CNOCNY1Y,D,20230320,000000,2.723,2.723,2.723,2.723,0,0
CNOCNY1Y,D,20230321,000000,2.699,2.699,2.699,2.699,0,0
CNOCNY1Y,D,20230322,000000,2.687,2.687,2.687,2.687,0,0
CNOCNY1Y,D,20230323,000000,2.683,2.683,2.683,2.683,0,0
CNOCNY1Y,D,20230324,000000,2.678,2.678,2.678,2.678,0,0
CNOCNY1Y,D,20230327,000000,2.676,2.676,2.676,2.676,0,0
CNOCNY1Y,D,20230328,000000,2.674,2.674,2.674,2.674,0,0
CNOCNY1Y,D,20230329,000000,2.671,2.671,2.671,2.671,0,0
CNOCNY1Y,D,20230330,000000,2.667,2.667,2.667,2.667,0,0
CNOCNY1Y,D,20230331,000000,2.666,2.666,2.666,2.666,0,0
CNOCNY1Y,D,20230403,000000,2.66,2.66,2.66,2.66,0,0
CNOCNY1Y,D,20230404,000000,2.654,2.654,2.654,2.654,0,0
CNOCNY1Y,D,20230406,000000,2.648,2.648,2.648,2.648,0,0
CNOCNY1Y,D,20230407,000000,2.649,2.649,2.649,2.649,0,0
CNOCNY1Y,D,20230410,000000,2.65,2.65,2.65,2.65,0,0
CNOCNY1Y,D,20230411,000000,2.65,2.65,2.65,2.65,0,0
CNOCNY1Y,D,20230412,000000,2.65,2.65,2.65,2.65,0,0
CNOCNY1Y,D,20230413,000000,2.65,2.65,2.65,2.65,0,0
CNOCNY1Y,D,20230414,000000,2.65,2.65,2.65,2.65,0,0
CNOCNY1Y,D,20230417,000000,2.649,2.649,2.649,2.649,0,0
CNOCNY1Y,D,20230418,000000,2.65,2.65,2.65,2.65,0,0
CNOCNY1Y,D,20230419,000000,2.65,2.65,2.65,2.65,0,0
CNOCNY1Y,D,20230420,000000,2.649,2.649,2.649,2.649,0,0
CNOCNY1Y,D,20230421,000000,2.649,2.649,2.649,2.649,0,0
CNOCNY1Y,D,20230424,000000,2.649,2.649,2.649,2.649,0,0
CNOCNY1Y,D,20230425,000000,2.649,2.649,2.649,2.649,0,0
CNOCNY1Y,D,20230426,000000,2.649,2.649,2.649,2.649,0,0
CNOCNY1Y,D,20230427,000000,2.648,2.648,2.648,2.648,0,0
CNOCNY1Y,D,20230428,000000,2.645,2.645,2.645,2.645,0,0
CNOCNY1Y,D,20230504,000000,2.636,2.636,2.636,2.636,0,0
CNOCNY1Y,D,20230505,000000,2.618,2.618,2.618,2.618,0,0
CNOCNY1Y,D,20230508,000000,2.596,2.596,2.596,2.596,0,0
CNOCNY1Y,D,20230509,000000,2.583,2.583,2.583,2.583,0,0
CNOCNY1Y,D,20230510,000000,2.569,2.569,2.569,2.569,0,0
CNOCNY1Y,D,20230511,000000,2.548,2.548,2.548,2.548,0,0
CNOCNY1Y,D,20230512,000000,2.524,2.524,2.524,2.524,0,0
CNOCNY1Y,D,20230515,000000,2.508,2.508,2.508,2.508,0,0
CNOCNY1Y,D,20230516,000000,2.496,2.496,2.496,2.496,0,0
CNOCNY1Y,D,20230517,000000,2.49,2.49,2.49,2.49,0,0
CNOCNY1Y,D,20230518,000000,2.49,2.49,2.49,2.49,0,0
CNOCNY1Y,D,20230519,000000,2.489,2.489,2.489,2.489,0,0
CNOCNY1Y,D,20230522,000000,2.489,2.489,2.489,2.489,0,0
CNOCNY1Y,D,20230523,000000,2.484,2.484,2.484,2.484,0,0
CNOCNY1Y,D,20230524,000000,2.481,2.481,2.481,2.481,0,0
CNOCNY1Y,D,20230525,000000,2.478,2.478,2.478,2.478,0,0
CNOCNY1Y,D,20230526,000000,2.478,2.478,2.478,2.478,0,0
CNOCNY1Y,D,20230529,000000,2.474,2.474,2.474,2.474,0,0
CNOCNY1Y,D,20230530,000000,2.468,2.468,2.468,2.468,0,0
CNOCNY1Y,D,20230531,000000,2.464,2.464,2.464,2.464,0,0
CNOCNY1Y,D,20230601,000000,2.453,2.453,2.453,2.453,0,0
CNOCNY1Y,D,20230602,000000,2.435,2.435,2.435,2.435,0,0
CNOCNY1Y,D,20230605,000000,2.427,2.427,2.427,2.427,0,0
CNOCNY1Y,D,20230606,000000,2.422,2.422,2.422,2.422,0,0
CNOCNY1Y,D,20230607,000000,2.414,2.414,2.414,2.414,0,0
CNOCNY1Y,D,20230608,000000,2.409,2.409,2.409,2.409,0,0
CNOCNY1Y,D,20230609,000000,2.404,2.404,2.404,2.404,0,0
CNOCNY1Y,D,20230612,000000,2.397,2.397,2.397,2.397,0,0
CNOCNY1Y,D,20230613,000000,2.381,2.381,2.381,2.381,0,0
CNOCNY1Y,D,20230614,000000,2.363,2.363,2.363,2.363,0,0
CNOCNY1Y,D,20230615,000000,2.346,2.346,2.346,2.346,0,0
CNOCNY1Y,D,20230616,000000,2.348,2.348,2.348,2.348,0,0
CNOCNY1Y,D,20230619,000000,2.354,2.354,2.354,2.354,0,0
CNOCNY1Y,D,20230620,000000,2.357,2.357,2.357,2.357,0,0
CNOCNY1Y,D,20230621,000000,2.36,2.36,2.36,2.36,0,0
CNOCNY1Y,D,20230626,000000,2.366,2.366,2.366,2.366,0,0
CNOCNY1Y,D,20230627,000000,2.374,2.374,2.374,2.374,0,0
CNOCNY1Y,D,20230628,000000,2.376,2.376,2.376,2.376,0,0
CNOCNY1Y,D,20230629,000000,2.38,2.38,2.38,2.38,0,0
CNOCNY1Y,D,20230630,000000,2.379,2.379,2.379,2.379,0,0
CNOCNY1Y,D,20230703,000000,2.377,2.377,2.377,2.377,0,0
CNOCNY1Y,D,20230704,000000,2.377,2.377,2.377,2.377,0,0
CNOCNY1Y,D,20230705,000000,2.375,2.375,2.375,2.375,0,0
CNOCNY1Y,D,20230706,000000,2.368,2.368,2.368,2.368,0,0
CNOCNY1Y,D,20230707,000000,2.36,2.36,2.36,2.36,0,0
CNOCNY1Y,D,20230710,000000,2.352,2.352,2.352,2.352,0,0
CNOCNY1Y,D,20230711,000000,2.349,2.349,2.349,2.349,0,0
CNOCNY1Y,D,20230712,000000,2.345,2.345,2.345,2.345,0,0
CNOCNY1Y,D,20230713,000000,2.341,2.341,2.341,2.341,0,0
CNOCNY1Y,D,20230714,000000,2.342,2.342,2.342,2.342,0,0
CNOCNY1Y,D,20230717,000000,2.341,2.341,2.341,2.341,0,0
CNOCNY1Y,D,20230718,000000,2.34,2.34,2.34,2.34,0,0
CNOCNY1Y,D,20230719,000000,2.34,2.34,2.34,2.34,0,0
CNOCNY1Y,D,20230720,000000,2.34,2.34,2.34,2.34,0,0
CNOCNY1Y,D,20230721,000000,2.339,2.339,2.339,2.339,0,0
CNOCNY1Y,D,20230724,000000,2.338,2.338,2.338,2.338,0,0
CNOCNY1Y,D,20230725,000000,2.338,2.338,2.338,2.338,0,0
CNOCNY1Y,D,20230726,000000,2.338,2.338,2.338,2.338,0,0
CNOCNY1Y,D,20230727,000000,2.338,2.338,2.338,2.338,0,0
CNOCNY1Y,D,20230728,000000,2.337,2.337,2.337,2.337,0,0
CNOCNY1Y,D,20230731,000000,2.337,2.337,2.337,2.337,0,0
CNOCNY1Y,D,20230801,000000,2.337,2.337,2.337,2.337,0,0
CNOCNY1Y,D,20230802,000000,2.335,2.335,2.335,2.335,0,0
CNOCNY1Y,D,20230803,000000,2.331,2.331,2.331,2.331,0,0
CNOCNY1Y,D,20230804,000000,2.325,2.325,2.325,2.325,0,0
CNOCNY1Y,D,20230807,000000,2.322,2.322,2.322,2.322,0,0
CNOCNY1Y,D,20230808,000000,2.316,2.316,2.316,2.316,0,0
CNOCNY1Y,D,20230809,000000,2.314,2.314,2.314,2.314,0,0
CNOCNY1Y,D,20230810,000000,2.308,2.308,2.308,2.308,0,0
CNOCNY1Y,D,20230811,000000,2.306,2.306,2.306,2.306,0,0
CNOCNY1Y,D,20230814,000000,2.304,2.304,2.304,2.304,0,0
CNOCNY1Y,D,20230815,000000,2.29,2.29,2.29,2.29,0,0
CNOCNY1Y,D,20230816,000000,2.285,2.285,2.285,2.285,0,0
CNOCNY1Y,D,20230817,000000,2.28,2.28,2.28,2.28,0,0
CNOCNY1Y,D,20230818,000000,2.273,2.273,2.273,2.273,0,0
CNOCNY1Y,D,20230821,000000,2.268,2.268,2.268,2.268,0,0
CNOCNY1Y,D,20230822,000000,2.263,2.263,2.263,2.263,0,0
CNOCNY1Y,D,20230823,000000,2.258,2.258,2.258,2.258,0,0
CNOCNY1Y,D,20230824,000000,2.256,2.256,2.256,2.256,0,0
CNOCNY1Y,D,20230825,000000,2.257,2.257,2.257,2.257,0,0
CNOCNY1Y,D,20230828,000000,2.262,2.262,2.262,2.262,0,0
CNOCNY1Y,D,20230829,000000,2.27,2.27,2.27,2.27,0,0
CNOCNY1Y,D,20230830,000000,2.276,2.276,2.276,2.276,0,0
CNOCNY1Y,D,20230831,000000,2.28,2.28,2.28,2.28,0,0
CNOCNY1Y,D,20230901,000000,2.283,2.283,2.283,2.283,0,0
CNOCNY1Y,D,20230904,000000,2.285,2.285,2.285,2.285,0,0
CNOCNY1Y,D,20230905,000000,2.287,2.287,2.287,2.287,0,0
CNOCNY1Y,D,20230906,000000,2.295,2.295,2.295,2.295,0,0
CNOCNY1Y,D,20230907,000000,2.304,2.304,2.304,2.304,0,0
CNOCNY1Y,D,20230908,000000,2.309,2.309,2.309,2.309,0,0
CNOCNY1Y,D,20230911,000000,2.321,2.321,2.321,2.321,0,0
CNOCNY1Y,D,20230912,000000,2.331,2.331,2.331,2.331,0,0
CNOCNY1Y,D,20230913,000000,2.339,2.339,2.339,2.339,0,0
CNOCNY1Y,D,20230914,000000,2.347,2.347,2.347,2.347,0,0
CNOCNY1Y,D,20230915,000000,2.361,2.361,2.361,2.361,0,0
CNOCNY1Y,D,20230918,000000,2.374,2.374,2.374,2.374,0,0
CNOCNY1Y,D,20230919,000000,2.388,2.388,2.388,2.388,0,0
CNOCNY1Y,D,20230920,000000,2.402,2.402,2.402,2.402,0,0
CNOCNY1Y,D,20230921,000000,2.409,2.409,2.409,2.409,0,0
CNOCNY1Y,D,20230922,000000,2.412,2.412,2.412,2.412,0,0
CNOCNY1Y,D,20230925,000000,2.416,2.416,2.416,2.416,0,0
CNOCNY1Y,D,20230926,000000,2.432,2.432,2.432,2.432,0,0
CNOCNY1Y,D,20230927,000000,2.44,2.44,2.44,2.44,0,0
CNOCNY1Y,D,20230928,000000,2.446,2.446,2.446,2.446,0,0
CNOCNY1Y,D,20231009,000000,2.447,2.447,2.447,2.447,0,0
CNOCNY1Y,D,20231010,000000,2.452,2.452,2.452,2.452,0,0
CNOCNY1Y,D,20231011,000000,2.457,2.457,2.457,2.457,0,0
CNOCNY1Y,D,20231012,000000,2.463,2.463,2.463,2.463,0,0
CNOCNY1Y,D,20231013,000000,2.466,2.466,2.466,2.466,0,0
CNOCNY1Y,D,20231016,000000,2.474,2.474,2.474,2.474,0,0
CNOCNY1Y,D,20231017,000000,2.482,2.482,2.482,2.482,0,0
CNOCNY1Y,D,20231018,000000,2.49,2.49,2.49,2.49,0,0
CNOCNY1Y,D,20231019,000000,2.497,2.497,2.497,2.497,0,0
CNOCNY1Y,D,20231020,000000,2.502,2.502,2.502,2.502,0,0
CNOCNY1Y,D,20231023,000000,2.504,2.504,2.504,2.504,0,0
CNOCNY1Y,D,20231024,000000,2.507,2.507,2.507,2.507,0,0
CNOCNY1Y,D,20231025,000000,2.512,2.512,2.512,2.512,0,0
CNOCNY1Y,D,20231026,000000,2.512,2.512,2.512,2.512,0,0
CNOCNY1Y,D,20231027,000000,2.515,2.515,2.515,2.515,0,0
CNOCNY1Y,D,20231030,000000,2.523,2.523,2.523,2.523,0,0
CNOCNY1Y,D,20231031,000000,2.53,2.53,2.53,2.53,0,0
CNOCNY1Y,D,20231101,000000,2.536,2.536,2.536,2.536,0,0
CNOCNY1Y,D,20231102,000000,2.541,2.541,2.541,2.541,0,0
CNOCNY1Y,D,20231103,000000,2.543,2.543,2.543,2.543,0,0
CNOCNY1Y,D,20231106,000000,2.544,2.544,2.544,2.544,0,0
CNOCNY1Y,D,20231107,000000,2.546,2.546,2.546,2.546,0,0
CNOCNY1Y,D,20231108,000000,2.552,2.552,2.552,2.552,0,0
CNOCNY1Y,D,20231109,000000,2.553,2.553,2.553,2.553,0,0
CNOCNY1Y,D,20231110,000000,2.56,2.56,2.56,2.56,0,0
CNOCNY1Y,D,20231113,000000,2.561,2.561,2.561,2.561,0,0
CNOCNY1Y,D,20231114,000000,2.562,2.562,2.562,2.562,0,0
CNOCNY1Y,D,20231115,000000,2.562,2.562,2.562,2.562,0,0
CNOCNY1Y,D,20231116,000000,2.562,2.562,2.562,2.562,0,0
CNOCNY1Y,D,20231117,000000,2.5622,2.5622,2.5622,2.5622,0,0
CNOCNY1Y,D,20231120,000000,2.561,2.561,2.561,2.561,0,0
CNOCNY1Y,D,20231121,000000,2.561,2.561,2.561,2.561,0,0
CNOCNY1Y,D,20231122,000000,2.562,2.562,2.562,2.562,0,0
CNOCNY1Y,D,20231123,000000,2.561,2.561,2.561,2.561,0,0
CNOCNY1Y,D,20231124,000000,2.561,2.561,2.561,2.561,0,0
CNOCNY1Y,D,20231127,000000,2.563,2.563,2.563,2.563,0,0
CNOCNY1Y,D,20231128,000000,2.564,2.564,2.564,2.564,0,0
CNOCNY1Y,D,20231129,000000,2.564,2.564,2.564,2.564,0,0
CNOCNY1Y,D,20231130,000000,2.564,2.564,2.564,2.564,0,0
CNOCNY1Y,D,20231201,000000,2.565,2.565,2.565,2.565,0,0
CNOCNY1Y,D,20231204,000000,2.567,2.567,2.567,2.567,0,0
CNOCNY1Y,D,20231205,000000,2.571,2.571,2.571,2.571,0,0
CNOCNY1Y,D,20231206,000000,2.577,2.577,2.577,2.577,0,0
CNOCNY1Y,D,20231207,000000,2.6,2.6,2.6,2.6,0,0
CNOCNY1Y,D,20231208,000000,2.621,2.621,2.621,2.621,0,0
CNOCNY1Y,D,20231211,000000,2.635,2.635,2.635,2.635,0,0
CNOCNY1Y,D,20231212,000000,2.644,2.644,2.644,2.644,0,0
CNOCNY1Y,D,20231213,000000,2.647,2.647,2.647,2.647,0,0
CNOCNY1Y,D,20231214,000000,2.649,2.649,2.649,2.649,0,0
CNOCNY1Y,D,20231215,000000,2.649,2.649,2.649,2.649,0,0
CNOCNY1Y,D,20231218,000000,2.649,2.649,2.649,2.649,0,0
CNOCNY1Y,D,20231219,000000,2.65,2.65,2.65,2.65,0,0
CNOCNY1Y,D,20231220,000000,2.65,2.65,2.65,2.65,0,0
CNOCNY1Y,D,20231221,000000,2.651,2.651,2.651,2.651,0,0
CNOCNY1Y,D,20231222,000000,2.652,2.652,2.652,2.652,0,0
CNOCNY1Y,D,20231225,000000,2.65,2.65,2.65,2.65,0,0
CNOCNY1Y,D,20231226,000000,2.649,2.649,2.649,2.649,0,0
CNOCNY1Y,D,20231227,000000,2.641,2.641,2.641,2.641,0,0
CNOCNY1Y,D,20231228,000000,2.611,2.611,2.611,2.611,0,0
CNOCNY1Y,D,20231229,000000,2.581,2.581,2.581,2.581,0,0
CNOCNY1Y,D,20240102,000000,2.532,2.532,2.532,2.532,0,0
CNOCNY1Y,D,20240103,000000,2.509,2.509,2.509,2.509,0,0
CNOCNY1Y,D,20240104,000000,2.496,2.496,2.496,2.496,0,0
CNOCNY1Y,D,20240105,000000,2.491,2.491,2.491,2.491,0,0
CNOCNY1Y,D,20240108,000000,2.485,2.485,2.485,2.485,0,0
CNOCNY1Y,D,20240109,000000,2.48,2.48,2.48,2.48,0,0
CNOCNY1Y,D,20240110,000000,2.477,2.477,2.477,2.477,0,0
CNOCNY1Y,D,20240111,000000,2.476,2.476,2.476,2.476,0,0
CNOCNY1Y,D,20240112,000000,2.475,2.475,2.475,2.475,0,0
CNOCNY1Y,D,20240115,000000,2.472,2.472,2.472,2.472,0,0
CNOCNY1Y,D,20240116,000000,2.469,2.469,2.469,2.469,0,0
CNOCNY1Y,D,20240117,000000,2.47,2.47,2.47,2.47,0,0
CNOCNY1Y,D,20240118,000000,2.469,2.469,2.469,2.469,0,0
CNOCNY1Y,D,20240119,000000,2.469,2.469,2.469,2.469,0,0
CNOCNY1Y,D,20240122,000000,2.468,2.468,2.468,2.468,0,0
CNOCNY1Y,D,20240123,000000,2.468,2.468,2.468,2.468,0,0
CNOCNY1Y,D,20240124,000000,2.468,2.468,2.468,2.468,0,0
CNOCNY1Y,D,20240125,000000,2.468,2.468,2.468,2.468,0,0
CNOCNY1Y,D,20240126,000000,2.466,2.466,2.466,2.466,0,0
CNOCNY1Y,D,20240129,000000,2.466,2.466,2.466,2.466,0,0
CNOCNY1Y,D,20240130,000000,2.459,2.459,2.459,2.459,0,0
CNOCNY1Y,D,20240131,000000,2.449,2.449,2.449,2.449,0,0
CNOCNY1Y,D,20240201,000000,2.443,2.443,2.443,2.443,0,0
CNOCNY1Y,D,20240202,000000,2.431,2.431,2.431,2.431,0,0
CNOCNY1Y,D,20240205,000000,2.416,2.416,2.416,2.416,0,0
CNOCNY1Y,D,20240206,000000,2.409,2.409,2.409,2.409,0,0
CNOCNY1Y,D,20240207,000000,2.403,2.403,2.403,2.403,0,0
CNOCNY1Y,D,20240208,000000,2.397,2.397,2.397,2.397,0,0
CNOCNY1Y,D,20240209,000000,2.396,2.396,2.396,2.396,0,0
CNOCNY1Y,D,20240219,000000,2.383,2.383,2.383,2.383,0,0
CNOCNY1Y,D,20240220,000000,2.366,2.366,2.366,2.366,0,0
CNOCNY1Y,D,20240221,000000,2.348,2.348,2.348,2.348,0,0
CNOCNY1Y,D,20240222,000000,2.332,2.332,2.332,2.332,0,0
CNOCNY1Y,D,20240223,000000,2.322,2.322,2.322,2.322,0,0
CNOCNY1Y,D,20240226,000000,2.314,2.314,2.314,2.314,0,0
CNOCNY1Y,D,20240227,000000,2.308,2.308,2.308,2.308,0,0
CNOCNY1Y,D,20240228,000000,2.3044,2.3044,2.3044,2.3044,0,0
CNOCNY1Y,D,20240229,000000,2.3,2.3,2.3,2.3,0,0
CNOCNY1Y,D,20240301,000000,2.29,2.29,2.29,2.29,0,0
CNOCNY1Y,D,20240304,000000,2.278,2.278,2.278,2.278,0,0
CNOCNY1Y,D,20240305,000000,2.275,2.275,2.275,2.275,0,0
CNOCNY1Y,D,20240306,000000,2.273,2.273,2.273,2.273,0,0
CNOCNY1Y,D,20240307,000000,2.266,2.266,2.266,2.266,0,0
CNOCNY1Y,D,20240308,000000,2.26,2.26,2.26,2.26,0,0
CNOCNY1Y,D,20240311,000000,2.257,2.257,2.257,2.257,0,0
CNOCNY1Y,D,20240312,000000,2.261,2.261,2.261,2.261,0,0
CNOCNY1Y,D,20240313,000000,2.268,2.268,2.268,2.268,0,0
CNOCNY1Y,D,20240314,000000,2.273,2.273,2.273,2.273,0,0
CNOCNY1Y,D,20240315,000000,2.274,2.274,2.274,2.274,0,0
CNOCNY1Y,D,20240318,000000,2.274,2.274,2.274,2.274,0,0
CNOCNY1Y,D,20240319,000000,2.273,2.273,2.273,2.273,0,0
CNOCNY1Y,D,20240320,000000,2.27,2.27,2.27,2.27,0,0
CNOCNY1Y,D,20240321,000000,2.267,2.267,2.267,2.267,0,0
CNOCNY1Y,D,20240322,000000,2.2655,2.2655,2.2655,2.2655,0,0
CNOCNY1Y,D,20240325,000000,2.266,2.266,2.266,2.266,0,0
CNOCNY1Y,D,20240326,000000,2.266,2.266,2.266,2.266,0,0
CNOCNY1Y,D,20240327,000000,2.266,2.266,2.266,2.266,0,0
CNOCNY1Y,D,20240328,000000,2.267,2.267,2.267,2.267,0,0
CNOCNY1Y,D,20240329,000000,2.268,2.268,2.268,2.268,0,0
CNOCNY1Y,D,20240401,000000,2.265,2.265,2.265,2.265,0,0
CNOCNY1Y,D,20240402,000000,2.262,2.262,2.262,2.262,0,0
CNOCNY1Y,D,20240403,000000,2.256,2.256,2.256,2.256,0,0
CNOCNY1Y,D,20240408,000000,2.247,2.247,2.247,2.247,0,0
CNOCNY1Y,D,20240409,000000,2.236,2.236,2.236,2.236,0,0
CNOCNY1Y,D,20240410,000000,2.23,2.23,2.23,2.23,0,0
CNOCNY1Y,D,20240411,000000,2.222,2.222,2.222,2.222,0,0
CNOCNY1Y,D,20240412,000000,2.204,2.204,2.204,2.204,0,0
CNOCNY1Y,D,20240415,000000,2.175,2.175,2.175,2.175,0,0
CNOCNY1Y,D,20240416,000000,2.16,2.16,2.16,2.16,0,0
CNOCNY1Y,D,20240417,000000,2.151,2.151,2.151,2.151,0,0
CNOCNY1Y,D,20240418,000000,2.143,2.143,2.143,2.143,0,0
CNOCNY1Y,D,20240419,000000,2.129,2.129,2.129,2.129,0,0
CNOCNY1Y,D,20240422,000000,2.108,2.108,2.108,2.108,0,0
CNOCNY1Y,D,20240423,000000,2.091,2.091,2.091,2.091,0,0
CNOCNY1Y,D,20240424,000000,2.084,2.084,2.084,2.084,0,0
CNOCNY1Y,D,20240425,000000,2.074,2.074,2.074,2.074,0,0
CNOCNY1Y,D,20240426,000000,2.082,2.082,2.082,2.082,0,0
CNOCNY1Y,D,20240429,000000,2.112,2.112,2.112,2.112,0,0
CNOCNY1Y,D,20240430,000000,2.109,2.109,2.109,2.109,0,0
CNOCNY1Y,D,20240506,000000,2.111,2.111,2.111,2.111,0,0
CNOCNY1Y,D,20240507,000000,2.108,2.108,2.108,2.108,0,0
CNOCNY1Y,D,20240508,000000,2.1035,2.1035,2.1035,2.1035,0,0
CNOCNY1Y,D,20240509,000000,2.102,2.102,2.102,2.102,0,0
CNOCNY1Y,D,20240510,000000,2.1,2.1,2.1,2.1,0,0
CNOCNY1Y,D,20240513,000000,2.1,2.1,2.1,2.1,0,0
CNOCNY1Y,D,20240514,000000,2.099,2.099,2.099,2.099,0,0
CNOCNY1Y,D,20240515,000000,2.099,2.099,2.099,2.099,0,0
CNOCNY1Y,D,20240516,000000,2.095,2.095,2.095,2.095,0,0
CNOCNY1Y,D,20240517,000000,2.096,2.096,2.096,2.096,0,0
CNOCNY1Y,D,20240520,000000,2.099,2.099,2.099,2.099,0,0
CNOCNY1Y,D,20240521,000000,2.1,2.1,2.1,2.1,0,0
CNOCNY1Y,D,20240522,000000,2.1,2.1,2.1,2.1,0,0
CNOCNY1Y,D,20240523,000000,2.1,2.1,2.1,2.1,0,0
CNOCNY1Y,D,20240524,000000,2.1,2.1,2.1,2.1,0,0
CNOCNY1Y,D,20240527,000000,2.102,2.102,2.102,2.102,0,0
CNOCNY1Y,D,20240528,000000,2.101,2.101,2.101,2.101,0,0
CNOCNY1Y,D,20240529,000000,2.1,2.1,2.1,2.1,0,0
CNOCNY1Y,D,20240530,000000,2.1,2.1,2.1,2.1,0,0
CNOCNY1Y,D,20240531,000000,2.099,2.099,2.099,2.099,0,0
CNOCNY1Y,D,20240603,000000,2.099,2.099,2.099,2.099,0,0
CNOCNY1Y,D,20240604,000000,2.097,2.097,2.097,2.097,0,0
CNOCNY1Y,D,20240605,000000,2.095,2.095,2.095,2.095,0,0
CNOCNY1Y,D,20240606,000000,2.089,2.089,2.089,2.089,0,0
CNOCNY1Y,D,20240607,000000,2.085,2.085,2.085,2.085,0,0
CNOCNY1Y,D,20240611,000000,2.081,2.081,2.081,2.081,0,0
CNOCNY1Y,D,20240612,000000,2.075,2.075,2.075,2.075,0,0
CNOCNY1Y,D,20240613,000000,2.073,2.073,2.073,2.073,0,0
CNOCNY1Y,D,20240614,000000,2.069,2.069,2.069,2.069,0,0
CNOCNY1Y,D,20240617,000000,2.068,2.068,2.068,2.068,0,0
CNOCNY1Y,D,20240618,000000,2.067,2.067,2.067,2.067,0,0
CNOCNY1Y,D,20240619,000000,2.067,2.067,2.067,2.067,0,0
CNOCNY1Y,D,20240620,000000,2.063,2.063,2.063,2.063,0,0
CNOCNY1Y,D,20240621,000000,2.059,2.059,2.059,2.059,0,0
CNOCNY1Y,D,20240624,000000,2.059,2.059,2.059,2.059,0,0
CNOCNY1Y,D,20240625,000000,2.058,2.058,2.058,2.058,0,0
CNOCNY1Y,D,20240626,000000,2.055,2.055,2.055,2.055,0,0
CNOCNY1Y,D,20240627,000000,2.051,2.051,2.051,2.051,0,0
CNOCNY1Y,D,20240628,000000,2.049,2.049,2.049,2.049,0,0
CNOCNY1Y,D,20240701,000000,2.046,2.046,2.046,2.046,0,0
CNOCNY1Y,D,20240702,000000,2.042,2.042,2.042,2.042,0,0
CNOCNY1Y,D,20240703,000000,2.034,2.034,2.034,2.034,0,0
CNOCNY1Y,D,20240704,000000,2.029,2.029,2.029,2.029,0,0
CNOCNY1Y,D,20240705,000000,2.015,2.015,2.015,2.015,0,0
CNOCNY1Y,D,20240708,000000,2.02,2.02,2.02,2.02,0,0
CNOCNY1Y,D,20240709,000000,2.019,2.019,2.019,2.019,0,0
CNOCNY1Y,D,20240710,000000,2.018,2.018,2.018,2.018,0,0
CNOCNY1Y,D,20240711,000000,2.014,2.014,2.014,2.014,0,0
CNOCNY1Y,D,20240712,000000,2.009,2.009,2.009,2.009,0,0
CNOCNY1Y,D,20240715,000000,2.007,2.007,2.007,2.007,0,0
CNOCNY1Y,D,20240716,000000,2.007,2.007,2.007,2.007,0,0
CNOCNY1Y,D,20240717,000000,2.005,2.005,2.005,2.005,0,0
CNOCNY1Y,D,20240718,000000,2.002,2.002,2.002,2.002,0,0
CNOCNY1Y,D,20240719,000000,2,2,2,2,0,0
CNOCNY1Y,D,20240722,000000,1.997,1.997,1.997,1.997,0,0
CNOCNY1Y,D,20240723,000000,1.997,1.997,1.997,1.997,0,0
CNOCNY1Y,D,20240724,000000,1.993,1.993,1.993,1.993,0,0
CNOCNY1Y,D,20240725,000000,1.985,1.985,1.985,1.985,0,0
CNOCNY1Y,D,20240726,000000,1.979,1.979,1.979,1.979,0,0
CNOCNY1Y,D,20240729,000000,1.9729,1.9729,1.9729,1.9729,0,0
CNOCNY1Y,D,20240730,000000,1.966,1.966,1.966,1.966,0,0
CNOCNY1Y,D,20240731,000000,1.96,1.96,1.96,1.96,0,0
CNOCNY1Y,D,20240801,000000,1.956,1.956,1.956,1.956,0,0
CNOCNY1Y,D,20240802,000000,1.946,1.946,1.946,1.946,0,0
CNOCNY1Y,D,20240805,000000,1.937,1.937,1.937,1.937,0,0
CNOCNY1Y,D,20240806,000000,1.928,1.928,1.928,1.928,0,0
CNOCNY1Y,D,20240807,000000,1.923,1.923,1.923,1.923,0,0
CNOCNY1Y,D,20240808,000000,1.917,1.917,1.917,1.917,0,0
CNOCNY1Y,D,20240809,000000,1.916,1.916,1.916,1.916,0,0
CNOCNY1Y,D,20240812,000000,1.922,1.922,1.922,1.922,0,0
CNOCNY1Y,D,20240813,000000,1.923,1.923,1.923,1.923,0,0
CNOCNY1Y,D,20240814,000000,1.923,1.923,1.923,1.923,0,0
CNOCNY1Y,D,20240815,000000,1.922,1.922,1.922,1.922,0,0
CNOCNY1Y,D,20240816,000000,1.922,1.922,1.922,1.922,0,0
CNOCNY1Y,D,20240819,000000,1.922,1.922,1.922,1.922,0,0
CNOCNY1Y,D,20240820,000000,1.926,1.926,1.926,1.926,0,0
CNOCNY1Y,D,20240821,000000,1.932,1.932,1.932,1.932,0,0
CNOCNY1Y,D,20240822,000000,1.936,1.936,1.936,1.936,0,0
CNOCNY1Y,D,20240823,000000,1.942,1.942,1.942,1.942,0,0
CNOCNY1Y,D,20240826,000000,1.945,1.945,1.945,1.945,0,0
CNOCNY1Y,D,20240827,000000,1.95,1.95,1.95,1.95,0,0
CNOCNY1Y,D,20240828,000000,1.956,1.956,1.956,1.956,0,0
CNOCNY1Y,D,20240829,000000,1.958,1.958,1.958,1.958,0,0
CNOCNY1Y,D,20240830,000000,1.961,1.961,1.961,1.961,0,0
CNOCNY1Y,D,20240902,000000,1.959,1.959,1.959,1.959,0,0
CNOCNY1Y,D,20240903,000000,1.96,1.96,1.96,1.96,0,0
CNOCNY1Y,D,20240904,000000,1.96,1.96,1.96,1.96,0,0
CNOCNY1Y,D,20240905,000000,1.96,1.96,1.96,1.96,0,0
CNOCNY1Y,D,20240906,000000,1.96,1.96,1.96,1.96,0,0
CNOCNY1Y,D,20240909,000000,1.962,1.962,1.962,1.962,0,0
CNOCNY1Y,D,20240910,000000,1.962,1.962,1.962,1.962,0,0
CNOCNY1Y,D,20240911,000000,1.962,1.962,1.962,1.962,0,0
CNOCNY1Y,D,20240912,000000,1.96,1.96,1.96,1.96,0,0
CNOCNY1Y,D,20240913,000000,1.96,1.96,1.96,1.96,0,0
CNOCNY1Y,D,20240918,000000,1.958,1.958,1.958,1.958,0,0
CNOCNY1Y,D,20240919,000000,1.957,1.957,1.957,1.957,0,0
CNOCNY1Y,D,20240920,000000,1.958,1.958,1.958,1.958,0,0
CNOCNY1Y,D,20240923,000000,1.957,1.957,1.957,1.957,0,0
CNOCNY1Y,D,20240924,000000,1.943,1.943,1.943,1.943,0,0
CNOCNY1Y,D,20240925,000000,1.932,1.932,1.932,1.932,0,0
CNOCNY1Y,D,20240926,000000,1.926,1.926,1.926,1.926,0,0
CNOCNY1Y,D,20240927,000000,1.923,1.923,1.923,1.923,0,0
CNOCNY1Y,D,20240930,000000,1.923,1.923,1.923,1.923,0,0
CNOCNY1Y,D,20241008,000000,1.927,1.927,1.927,1.927,0,0
CNOCNY1Y,D,20241009,000000,1.932,1.932,1.932,1.932,0,0
CNOCNY1Y,D,20241010,000000,1.934,1.934,1.934,1.934,0,0
CNOCNY1Y,D,20241011,000000,1.93,1.93,1.93,1.93,0,0
CNOCNY1Y,D,20241014,000000,1.93,1.93,1.93,1.93,0,0
CNOCNY1Y,D,20241015,000000,1.93,1.93,1.93,1.93,0,0
CNOCNY1Y,D,20241016,000000,1.932,1.932,1.932,1.932,0,0
CNOCNY1Y,D,20241017,000000,1.934,1.934,1.934,1.934,0,0
CNOCNY1Y,D,20241018,000000,1.932,1.932,1.932,1.932,0,0
CNOCNY1Y,D,20241021,000000,1.934,1.934,1.934,1.934,0,0
CNOCNY1Y,D,20241022,000000,1.938,1.938,1.938,1.938,0,0
CNOCNY1Y,D,20241023,000000,1.942,1.942,1.942,1.942,0,0
CNOCNY1Y,D,20241024,000000,1.944,1.944,1.944,1.944,0,0
CNOCNY1Y,D,20241025,000000,1.947,1.947,1.947,1.947,0,0
CNOCNY1Y,D,20241028,000000,1.948,1.948,1.948,1.948,0,0
CNOCNY1Y,D,20241029,000000,1.949,1.949,1.949,1.949,0,0
CNOCNY1Y,D,20241030,000000,1.949,1.949,1.949,1.949,0,0
CNOCNY1Y,D,20241031,000000,1.948,1.948,1.948,1.948,0,0
CNOCNY1Y,D,20241101,000000,1.943,1.943,1.943,1.943,0,0
CNOCNY1Y,D,20241104,000000,1.937,1.937,1.937,1.937,0,0
CNOCNY1Y,D,20241105,000000,1.935,1.935,1.935,1.935,0,0
CNOCNY1Y,D,20241106,000000,1.93,1.93,1.93,1.93,0,0
CNOCNY1Y,D,20241107,000000,1.925,1.925,1.925,1.925,0,0
CNOCNY1Y,D,20241108,000000,1.92,1.92,1.92,1.92,0,0
CNOCNY1Y,D,20241111,000000,1.916,1.916,1.916,1.916,0,0
CNOCNY1Y,D,20241112,000000,1.913,1.913,1.913,1.913,0,0
CNOCNY1Y,D,20241113,000000,1.907,1.907,1.907,1.907,0,0
CNOCNY1Y,D,20241114,000000,1.904,1.904,1.904,1.904,0,0
CNOCNY1Y,D,20241115,000000,1.899,1.899,1.899,1.899,0,0
CNOCNY1Y,D,20241118,000000,1.899,1.899,1.899,1.899,0,0
CNOCNY1Y,D,20241119,000000,1.898,1.898,1.898,1.898,0,0
CNOCNY1Y,D,20241120,000000,1.897,1.897,1.897,1.897,0,0
CNOCNY1Y,D,20241121,000000,1.898,1.898,1.898,1.898,0,0
CNOCNY1Y,D,20241122,000000,1.898,1.898,1.898,1.898,0,0
CNOCNY1Y,D,20241125,000000,1.899,1.899,1.899,1.899,0,0
CNOCNY1Y,D,20241126,000000,1.899,1.899,1.899,1.899,0,0
CNOCNY1Y,D,20241127,000000,1.899,1.899,1.899,1.899,0,0
CNOCNY1Y,D,20241128,000000,1.899,1.899,1.899,1.899,0,0
CNOCNY1Y,D,20241129,000000,1.893,1.893,1.893,1.893,0,0
CNOCNY1Y,D,20241202,000000,1.868,1.868,1.868,1.868,0,0
CNOCNY1Y,D,20241203,000000,1.835,1.835,1.835,1.835,0,0
CNOCNY1Y,D,20241204,000000,1.815,1.815,1.815,1.815,0,0
CNOCNY1Y,D,20241205,000000,1.807,1.807,1.807,1.807,0,0
CNOCNY1Y,D,20241206,000000,1.803,1.803,1.803,1.803,0,0
CNOCNY1Y,D,20241209,000000,1.8,1.8,1.8,1.8,0,0
CNOCNY1Y,D,20241210,000000,1.793,1.793,1.793,1.793,0,0
CNOCNY1Y,D,20241211,000000,1.785,1.785,1.785,1.785,0,0
CNOCNY1Y,D,20241212,000000,1.78,1.78,1.78,1.78,0,0
CNOCNY1Y,D,20241213,000000,1.774,1.774,1.774,1.774,0,0
CNOCNY1Y,D,20241216,000000,1.76,1.76,1.76,1.76,0,0
CNOCNY1Y,D,20241217,000000,1.754,1.754,1.754,1.754,0,0
CNOCNY1Y,D,20241218,000000,1.748,1.748,1.748,1.748,0,0
CNOCNY1Y,D,20241219,000000,1.745,1.745,1.745,1.745,0,0
CNOCNY1Y,D,20241220,000000,1.74,1.74,1.74,1.74,0,0
CNOCNY1Y,D,20241223,000000,1.732,1.732,1.732,1.732,0,0
CNOCNY1Y,D,20241224,000000,1.725,1.725,1.725,1.725,0,0
CNOCNY1Y,D,20241225,000000,1.7185,1.7185,1.7185,1.7185,0,0
CNOCNY1Y,D,20241226,000000,1.7145,1.7145,1.7145,1.7145,0,0
CNOCNY1Y,D,20241227,000000,1.7125,1.7125,1.7125,1.7125,0,0
CNOCNY1Y,D,20241230,000000,1.7112,1.7112,1.7112,1.7112,0,0
CNOCNY1Y,D,20241231,000000,1.708,1.708,1.708,1.708,0,0
CNOCNY1Y,D,20250102,000000,1.7045,1.7045,1.7045,1.7045,0,0
CNOCNY1Y,D,20250103,000000,1.7002,1.7002,1.7002,1.7002,0,0
CNOCNY1Y,D,20250106,000000,1.691,1.691,1.691,1.691,0,0
CNOCNY1Y,D,20250107,000000,1.685,1.685,1.685,1.685,0,0
CNOCNY1Y,D,20250108,000000,1.6795,1.6795,1.6795,1.6795,0,0
CNOCNY1Y,D,20250109,000000,1.674,1.674,1.674,1.674,0,0
CNOCNY1Y,D,20250110,000000,1.672,1.672,1.672,1.672,0,0
CNOCNY1Y,D,20250113,000000,1.675,1.675,1.675,1.675,0,0
CNOCNY1Y,D,20250114,000000,1.686,1.686,1.686,1.686,0,0
CNOCNY1Y,D,20250115,000000,1.6905,1.6905,1.6905,1.6905,0,0
CNOCNY1Y,D,20250116,000000,1.694,1.694,1.694,1.694,0,0
CNOCNY1Y,D,20250117,000000,1.6974,1.6974,1.6974,1.6974,0,0
CNOCNY1Y,D,20250120,000000,1.703,1.703,1.703,1.703,0,0
CNOCNY1Y,D,20250121,000000,1.7122,1.7122,1.7122,1.7122,0,0
CNOCNY1Y,D,20250122,000000,1.714,1.714,1.714,1.714,0,0
CNOCNY1Y,D,20250123,000000,1.721,1.721,1.721,1.721,0,0
CNOCNY1Y,D,20250124,000000,1.725,1.725,1.725,1.725,0,0
CNOCNY1Y,D,20250127,000000,1.7305,1.7305,1.7305,1.7305,0,0
CNOCNY1Y,D,20250205,000000,1.735,1.735,1.735,1.735,0,0
CNOCNY1Y,D,20250206,000000,1.739,1.739,1.739,1.739,0,0
CNOCNY1Y,D,20250207,000000,1.735,1.735,1.735,1.735,0,0
CNOCNY1Y,D,20250210,000000,1.733,1.733,1.733,1.733,0,0
CNOCNY1Y,D,20250211,000000,1.741,1.741,1.741,1.741,0,0
CNOCNY1Y,D,20250212,000000,1.746,1.746,1.746,1.746,0,0
CNOCNY1Y,D,20250213,000000,1.753,1.753,1.753,1.753,0,0
CNOCNY1Y,D,20250214,000000,1.764,1.764,1.764,1.764,0,0
